make,model,fuel,kms,power,shift,price,location,codigopostalid,provincia,poblacion
Opel,Crossland,Gasolina,5.0,110.0,manual,22900,Pineda de Mar,8397,Barcelona,Pineda de Mar
Opel,Crossland,Gasolina,24847.0,110.0,manual,19990,Coslada,28823,Madrid,Coslada
Opel,Crossland,Diésel,41356.0,120.0,automatic,18590,Madrid,28021,Madrid,Madrid
Opel,Crossland,Gasolina,11.0,110.0,manual,22700,Sabadell,8201,Barcelona,Sabadell
Opel,Crossland,Gasolina,11.0,110.0,manual,22700,Mollet del Vallès,8100,Barcelona,Mollet del Vallès
Opel,Crossland,Gasolina,51390.0,110.0,manual,18200,Málaga,29006,Málaga,Málaga
Opel,Crossland,Gasolina,30536.0,110.0,manual,17100,Málaga,29006,Málaga,Málaga
Opel,Crossland,Gasolina,10.0,130.0,manual,23800,Badalona,8912,Barcelona,Badalona
Opel,Crossland,Gasolina,16.0,130.0,manual,22975,Sant Boi de Llobregat,8830,Barcelona,Sant Boi de Llobregat
Opel,Crossland,Gasolina,40816.0,83.0,manual,13490,Almería,4006,Almería,Almería
Opel,Crossland,Gasolina,40816.0,83.0,manual,13490,Málaga,29005,Málaga,Málaga
Opel,Crossland,Gasolina,34500.0,83.0,manual,14490,Vigo,36211,Pontevedra,Vigo
Opel,Combo,Diésel,44084.0,100.0,manual,16990,Salamanca,37008,Salamanca,Salamanca
Opel,Combo,Diésel,44084.0,100.0,manual,16990,Salamanca,37008,Salamanca,Salamanca
Opel,Combo,Diésel,44084.0,100.0,manual,16990,Valencia,46001,Valencia,Valencia
Opel,Combo,Diésel,44084.0,100.0,manual,16990,Cáceres,10001,Cáceres,Cáceres
Opel,Combo,Diésel,51872.0,102.0,manual,25990,Barcelona,8007,Barcelona,Barcelona
Opel,Combo,Diésel,37100.0,100.0,manual,10490,Camarma de Esteruelas,28816,Madrid,Camarma de Esteruelas
Opel,Combo,Diésel,37100.0,100.0,manual,10490,Camarma de Esteruelas,28816,Madrid,Camarma de Esteruelas
Opel,Combo,Diésel,37100.0,100.0,manual,10490,Colonia Pablo Iglesias,28520,Madrid,Colonia Pablo Iglesias
Opel,Combo,Diésel,37100.0,100.0,manual,10490,Villaviciosa de Odón,28670,Madrid,Villaviciosa de Odón
Opel,Combo,Diésel,134752.0,95.0,manual,11990,Girona,17005,Girona,Girona
Opel,Combo,Diésel,105772.0,100.0,manual,16490,Vigo,36211,Pontevedra,Vigo
Opel,Combo,Diésel,105772.0,100.0,manual,16490,Bilbao,48004,Bizkaia,Bilbao
Opel,Combo,Diésel,51087.0,102.0,manual,21900,Sevilla,41006,Sevilla,Sevilla
Opel,Movano,Diésel,2000.0,140.0,manual,29900,Sevilla,41006,Sevilla,Sevilla
Opel,Movano,Diésel,188000.0,170.0,automatic,19900,Orbazai,27297,Lugo,Orbazai
Opel,Movano,Diésel,99995.0,170.0,manual,18700,A Coruña,15001,A Coruña,A Coruña
Opel,Movano,Diésel,85000.0,130.0,manual,26980,Coslada,28823,Madrid,Coslada
Opel,Movano,Diésel,149500.0,110.0,manual,17900,Torrefarrera,25123,Lleida,Torrefarrera
Opel,Movano,Diésel,128000.0,130.0,manual,24450,Coslada,28823,Madrid,Coslada
Opel,Movano,Diésel,130075.0,130.0,manual,17355,Valencia,46002,Valencia,Valencia
Opel,Cabrio,Gasolina,98017.0,140.0,manual,16618,Olèrdola,8734,Barcelona,Olèrdola
Opel,Cabrio,Gasolina,98017.0,140.0,manual,16618,Olèrdola,8734,Barcelona,Olèrdola
Opel,Cabrio,Gasolina,51441.0,140.0,manual,16963,Olèrdola,8734,Barcelona,Olèrdola
Opel,Cabrio,Gasolina,51441.0,140.0,manual,16963,Olèrdola,8734,Barcelona,Olèrdola
Opel,Cabrio,Gasolina,58444.0,140.0,manual,15180,Santa Maria del Aguila,4710,Almería,Santa Maria del Aguila
Opel,Cabrio,Gasolina,62703.0,140.0,manual,15730,Santa Maria del Aguila,4710,Almería,Santa Maria del Aguila
Opel,Cabrio,Gasolina,98017.0,140.0,manual,16618,Santa Maria del Aguila,4710,Almería,Santa Maria del Aguila
Opel,Cabrio,Gasolina,51441.0,140.0,manual,16963,Santa Maria del Aguila,4710,Almería,Santa Maria del Aguila
Opel,Cabrio,Gasolina,62703.0,140.0,manual,15730,Sant Vicenç de Montalt,8394,Barcelona,Sant Vicenç de Montalt
Opel,Cabrio,Gasolina,62703.0,140.0,manual,15730,Santiago de Compostela,15703,A Coruña,Santiago de Compostela
Opel,Cabrio,Gasolina,51441.0,140.0,manual,16963,Santiago de Compostela,15703,A Coruña,Santiago de Compostela
Opel,Cabrio,Gasolina,62703.0,140.0,manual,15730,Mercado Parque Corredor del Henares,28851,Madrid,Mercado Parque Corredor del Henares
Opel,Cabrio,Gasolina,62703.0,140.0,manual,15730,Badajoz,6008,Badajoz,Badajoz
Opel,Cabrio,Gasolina,98017.0,140.0,manual,16618,Mercado Parque Corredor del Henares,28851,Madrid,Mercado Parque Corredor del Henares
Opel,Cabrio,Gasolina,51441.0,140.0,manual,16963,Badajoz,6008,Badajoz,Badajoz
Opel,Cabrio,Gasolina,62703.0,140.0,manual,15730,Ciudad Real,13003,Ciudad Real,Ciudad Real
Opel,Cabrio,Gasolina,62703.0,140.0,manual,15730,Saladar,3700,Alicante,Saladar
Opel,Cabrio,Gasolina,62703.0,140.0,manual,15730,Castello/Castellon de La Plana,12100,Castellón,Castello/Castellon de La Plana
Opel,Cabrio,Gasolina,62703.0,140.0,manual,15730,Hidraulica Santillana,28770,Madrid,Hidraulica Santillana
Opel,Cabrio,Gasolina,62703.0,140.0,manual,15730,Alicante,3007,Alicante,Alicante
Opel,Cabrio,Gasolina,62703.0,140.0,manual,15730,Colonia Pablo Iglesias,28520,Madrid,Colonia Pablo Iglesias
Opel,Cabrio,Gasolina,62703.0,140.0,manual,15730,Mercabilbao,48970,Bizkaia,Mercabilbao
Opel,Cabrio,Gasolina,62703.0,140.0,manual,15730,Alameda del Obispo,14005,Córdoba,Alameda del Obispo
Opel,Cabrio,Gasolina,62703.0,140.0,manual,15730,Alcobendas,28100,Madrid,Alcobendas
Opel,Cabrio,Gasolina,62703.0,140.0,manual,15730,Zaragoza,50013,Zaragoza,Zaragoza
Opel,Cabrio,Gasolina,62703.0,140.0,manual,15730,Granollers,8403,Barcelona,Granollers
Opel,Cabrio,Gasolina,98017.0,140.0,manual,16618,Estepona,29680,Málaga,Estepona
Opel,Cabrio,Gasolina,51441.0,140.0,manual,16963,Zaragoza,50013,Zaragoza,Zaragoza
Opel,Cabrio,Gasolina,58444.0,140.0,manual,15180,Valdepeñas,13300,Ciudad Real,Valdepeñas
Opel,Cabrio,Gasolina,58444.0,140.0,manual,15180,Valdepeñas,13300,Ciudad Real,Valdepeñas
Opel,Cabrio,Gasolina,58444.0,140.0,manual,15180,Alzira,46600,Valencia,Alzira
Opel,Cabrio,Gasolina,58444.0,140.0,manual,15180,Alzira,46600,Valencia,Alzira
Opel,Cabrio,Gasolina,58444.0,140.0,manual,15180,Las Rozas de Madrid,28230,Madrid,Las Rozas de Madrid
Opel,Cabrio,Gasolina,98017.0,140.0,manual,16618,Granollers,8403,Barcelona,Granollers
Opel,Cabrio,Gasolina,51441.0,140.0,manual,16963,Granollers,8403,Barcelona,Granollers
Opel,Cabrio,Gasolina,98017.0,140.0,manual,16618,Ciudad Real,13003,Ciudad Real,Ciudad Real
Opel,Vivaro,Diésel,83477.0,145.0,manual,20990,Murcia,30005,Murcia,Murcia
Opel,Vivaro,Diésel,50.0,102.0,manual,25900,Santander,39002,Cantabria,Santander
Opel,Vivaro,Diésel,50.0,102.0,manual,25900,Alcalá de Henares,28801,Madrid,Alcalá de Henares
Opel,Vivaro,Diésel,50.0,102.0,manual,25900,Urbanitzacio El Medol,43150,Tarragona,Urbanitzacio El Medol
Opel,Vivaro,Diésel,50.0,102.0,manual,25900,Granada,18002,Granada,Granada
Opel,Vivaro,Diésel,50.0,102.0,manual,25900,Donostia-San Sebastián,20005,Gipuzkoa,Donostia-San Sebastián
Opel,Vivaro,Diésel,50.0,102.0,manual,25900,Toledo,45002,Toledo,Toledo
Opel,Vivaro,Diésel,50.0,102.0,manual,25900,Alcobendas,28100,Madrid,Alcobendas
Opel,Vivaro,Diésel,50.0,102.0,manual,25900,Barcelona,8013,Barcelona,Barcelona
Opel,Vivaro,Diésel,50.0,102.0,manual,25900,Sant Cugat del Vallès,8172,Barcelona,Sant Cugat del Vallès
Opel,Vivaro,Diésel,50.0,102.0,manual,25900,Valencia,46003,Valencia,Valencia
Opel,Vivaro,Diésel,50.0,102.0,manual,25900,Valladolid,47004,Valladolid,Valladolid
Opel,Vivaro,Diésel,50.0,102.0,manual,25900,Móstoles,28930,Madrid,Móstoles
Opel,Vivaro,Diésel,74100.0,115.0,manual,20790,Móstoles,28933,Madrid,Móstoles
Opel,Vivaro,Diésel,13909.0,145.0,manual,35500,Sevilla,41006,Sevilla,Sevilla
Opel,Crossland X,Gasolina,25500.0,81.0,manual,12490,Sevilla,41005,Sevilla,Sevilla
Opel,Crossland X,Gasolina,25500.0,81.0,manual,12490,Alicante,3010,Alicante,Alicante
Opel,Crossland X,Gasolina,25500.0,81.0,manual,12490,Alicante,3010,Murcia,Alicante
Opel,Crossland X,Gasolina,25500.0,81.0,manual,12490,Málaga,29005,Málaga,Málaga
Opel,Crossland X,Gasolina,25500.0,81.0,manual,12490,Palau-Solita I Plegamans,8184,Barcelona,Palau-Solita I Plegamans
Opel,Crossland X,Gasolina,25500.0,81.0,manual,12490,Palau-Solita I Plegamans,8184,Barcelona,Palau-Solita I Plegamans
Opel,Crossland X,Gasolina,17000.0,110.0,manual,15500,Valencia,46002,Valencia,Valencia
Opel,Crossland X,Gasolina,60000.0,130.0,manual,14995,Málaga,29004,Málaga,Málaga
Opel,Crossland X,Gasolina,65000.0,130.0,manual,14995,Málaga,29004,Málaga,Málaga
Opel,Crossland X,Gasolina,75995.0,130.0,automatic,14990,Alicante,3010,Alicante,Alicante
Opel,Crossland X,Gasolina,75995.0,130.0,automatic,14990,Alicante,3010,Murcia,Alicante
Opel,Crossland X,Gasolina,52671.0,130.0,manual,14490,Valencia,46070,Madrid,Valencia
Opel,Crossland X,Gasolina,13300.0,110.0,manual,14990,Valencia,46070,Madrid,Valencia
Opel,Crossland X,Gasolina,52671.0,130.0,manual,14490,Vigo,36211,Pontevedra,Vigo
Opel,Crossland X,Gasolina,13300.0,110.0,manual,14990,Granada,18005,Granada,Granada
Opel,Crossland X,Gasolina,71267.0,110.0,manual,14490,Murcia,30005,Murcia,Murcia
Opel,Crossland X,Gasolina,75995.0,130.0,automatic,14990,Vigo,36211,Pontevedra,Vigo
Opel,Crossland X,Gasolina,28790.0,130.0,manual,14890,Granada,18005,Granada,Granada
Opel,Crossland X,Gasolina,34500.0,110.0,manual,16490,Granada,18005,Granada,Granada
Opel,Crossland X,Gasolina,13300.0,110.0,manual,14990,Bilbao,48004,Bizkaia,Bilbao
Opel,Crossland X,Gasolina,73656.0,110.0,manual,14990,Bilbao,48004,Bizkaia,Bilbao
Opel,Antara,Diésel,280000.0,150.0,manual,4200,Alcañiz,44600,Teruel,Alcañiz
Opel,Antara,Diésel,80400.0,163.0,manual,10500,Alcorcón,28923,Madrid,Alcorcón
Opel,Antara,Diésel,110000.0,150.0,automatic,9500,Albal,46470,Valencia,Albal
Opel,Antara,Diésel,110000.0,150.0,automatic,9500,Albal,46470,Valencia,Albal
Opel,Antara,Diésel,110000.0,150.0,automatic,9500,Albal,46470,Valencia,Albal
Opel,Antara,Diésel,110000.0,150.0,automatic,9500,Albal,46470,Valencia,Albal
Opel,Antara,Diésel,134515.0,184.0,manual,10900,Granollers,8401,Barcelona,Granollers
Opel,Antara,Diésel,110000.0,163.0,manual,12500,Alcorcón,28921,Madrid,Alcorcón
Opel,Antara,Diésel,207885.0,150.0,manual,7499,Albal,46470,Valencia,Albal
Opel,Antara,Diésel,207885.0,150.0,manual,7499,Albal,46470,Valencia,Albal
Opel,Antara,Diésel,207885.0,150.0,manual,7499,Albal,46470,Valencia,Albal
Opel,Antara,Diésel,207885.0,150.0,manual,7499,Albal,46470,Valencia,Albal
Opel,Antara,Diésel,92853.0,163.0,manual,12474,Valencia,46002,Valencia,Valencia
Opel,Corsa-e,Eléctrico,33949.0,136.0,automatic,23990,Madrid,28021,Madrid,Madrid
Opel,Corsa-e,Eléctrico,2170.0,136.0,automatic,27900,Hidraulica Santillana,28770,Madrid,Hidraulica Santillana
Opel,Corsa-e,Eléctrico,2170.0,136.0,automatic,27900,Badajoz,6008,Badajoz,Badajoz
Opel,Corsa-e,Eléctrico,2170.0,136.0,automatic,27900,Santafe,18320,Granada,Santafe
Opel,Corsa-e,Eléctrico,2170.0,136.0,automatic,27900,Alcobendas,28100,Madrid,Alcobendas
Opel,Corsa-e,Eléctrico,2170.0,136.0,automatic,27900,Murcia,30003,Murcia,Murcia
Opel,Corsa-e,Eléctrico,2170.0,136.0,automatic,27900,Estepona,29680,Málaga,Estepona
Opel,Corsa-e,Eléctrico,2170.0,136.0,automatic,27900,Castello/Castellon de La Plana,12100,Castellón,Castello/Castellon de La Plana
Opel,Corsa-e,Eléctrico,2170.0,136.0,automatic,27900,Barcelona,8007,Barcelona,Barcelona
Opel,Corsa-e,Eléctrico,2170.0,136.0,automatic,27900,Mercabilbao,48970,Bizkaia,Mercabilbao
Opel,Corsa-e,Eléctrico,2170.0,136.0,automatic,27900,Zaragoza,50013,Zaragoza,Zaragoza
Opel,Corsa-e,Eléctrico,2170.0,136.0,automatic,27900,Collado Villalba,28400,Madrid,Collado Villalba
Opel,Corsa-e,Eléctrico,2170.0,136.0,automatic,27900,Collado Villalba,28400,Madrid,Collado Villalba
Opel,Corsa-e,Eléctrico,2170.0,136.0,automatic,27900,Getafe,28906,Madrid,Getafe
Opel,Corsa-e,Gasolina,71135.0,90.0,manual,9990,Sevilla,41006,Sevilla,Sevilla
Tesla,Model 3,Eléctrico,58229.0,306.0,automatic,37490,Granada,18005,Granada,Granada
Tesla,Model 3,Eléctrico,58229.0,306.0,automatic,37490,Málaga,29005,Málaga,Málaga
Tesla,Model 3,Eléctrico,58229.0,306.0,automatic,37490,Almería,4006,Almería,Almería
Opel,KARL,Gasolina,67033.0,75.0,manual,8990,Almería,4006,Almería,Almería
Opel,KARL,Gasolina,67033.0,75.0,manual,8990,Pamplona/Iruña,31001,Navarra,Pamplona/Iruña
Opel,KARL,Gasolina,67033.0,75.0,manual,8990,Valencia,46070,Madrid,Valencia
Opel,Zafira Tourer,Diésel,229123.0,165.0,automatic,11500,Alcalá de Henares,28806,Madrid,Alcalá de Henares
Opel,Zafira Tourer,Diésel,73481.0,130.0,manual,11199,Madrid,28014,Madrid,Madrid
Opel,Zafira Tourer,Diésel,73481.0,130.0,manual,11199,Barcelona,8007,Barcelona,Barcelona
Opel,Zafira Tourer,Gasolina,84756.0,140.0,manual,14990,Murcia,30005,Murcia,Murcia
Opel,Zafira Tourer,Gasolina,84756.0,140.0,manual,14990,Sevilla,41005,Sevilla,Sevilla
Opel,Zafira Tourer,Diésel,135779.0,135.0,manual,12199,Barcelona,8007,Barcelona,Barcelona
Opel,Zafira Tourer,Diésel,112456.0,136.0,manual,15238,Mercado Parque Corredor del Henares,28851,Madrid,Mercado Parque Corredor del Henares
Opel,Zafira Tourer,Diésel,112456.0,136.0,manual,15238,Sant Vicenç de Montalt,8394,Barcelona,Sant Vicenç de Montalt
Opel,Zafira Tourer,Diésel,112456.0,136.0,manual,15238,Santa Maria del Aguila,4710,Almería,Santa Maria del Aguila
Opel,Zafira Tourer,Diésel,112456.0,136.0,manual,15238,Zaragoza,50013,Zaragoza,Zaragoza
Opel,Zafira Tourer,Diésel,112456.0,136.0,manual,15238,Alcobendas,28100,Madrid,Alcobendas
Opel,Zafira Tourer,Diésel,112456.0,136.0,manual,15238,Castello/Castellon de La Plana,12100,Castellón,Castello/Castellon de La Plana
Opel,Zafira Tourer,Diésel,112456.0,136.0,manual,15238,Alcalá de Guadaíra,41500,Sevilla,Alcalá de Guadaíra
Opel,Zafira Tourer,Diésel,112456.0,136.0,manual,15238,Alameda del Obispo,14005,Córdoba,Alameda del Obispo
Opel,Zafira Tourer,Diésel,104139.0,134.0,manual,16990,Murcia,30004,Murcia,Murcia
Opel,Zafira Tourer,Diésel,104139.0,134.0,manual,16990,Fuenlabrada,28943,Madrid,Fuenlabrada
Opel,Mokka,Gasolina,38144.0,140.0,manual,15295,Valdepeñas,13300,Ciudad Real,Valdepeñas
Opel,Mokka,Gasolina,38144.0,140.0,manual,15295,Valdepeñas,13300,Ciudad Real,Valdepeñas
Opel,Mokka,Gasolina,38144.0,140.0,manual,15295,Colonia Pablo Iglesias,28520,Madrid,Colonia Pablo Iglesias
Opel,Mokka,Gasolina,38144.0,140.0,manual,15295,Saladar,3700,Alicante,Saladar
Opel,Mokka,Gasolina,7950.0,130.0,manual,20990,Almería,4006,Almería,Almería
Opel,Mokka,Gasolina,38144.0,140.0,manual,15295,Alcalá de Guadaíra,41500,Sevilla,Alcalá de Guadaíra
Opel,Mokka,Gasolina,98000.0,140.0,manual,12990,Sant Antoni de Vilamajor,8459,Barcelona,Sant Antoni de Vilamajor
Opel,Mokka,Gasolina,98000.0,140.0,manual,12990,Sant Antoni de Vilamajor,8459,Barcelona,Sant Antoni de Vilamajor
Opel,Mokka,Gasolina,100000.0,140.0,manual,11300,Madrid,28029,Madrid,Madrid
Opel,Mokka,Gasolina,7950.0,130.0,manual,20990,Murcia,30005,Murcia,Murcia
Opel,Mokka,Gasolina,7950.0,130.0,manual,20990,Granada,18005,Granada,Granada
Opel,Mokka,Gasolina,41332.0,140.0,manual,15180,Mercado Parque Corredor del Henares,28851,Madrid,Mercado Parque Corredor del Henares
Opel,Mokka,Gasolina,41332.0,140.0,manual,15180,Santiago de Compostela,15703,A Coruña,Santiago de Compostela
Opel,Mokka,Gasolina,41332.0,140.0,manual,15180,Ciudad Real,13003,Ciudad Real,Ciudad Real
Opel,Corsa,Gasolina,27570.0,75.0,manual,14490,Collado Villalba,28400,Madrid,Collado Villalba
Opel,Corsa,Gasolina,27570.0,75.0,manual,14490,Collado Villalba,28400,Madrid,Collado Villalba
Opel,Corsa,Gasolina,21437.0,75.0,manual,14605,Murcia,30003,Murcia,Murcia
Opel,Corsa,Gasolina,27570.0,75.0,manual,14490,Olèrdola,8734,Barcelona,Olèrdola
Opel,Corsa,Gasolina,27570.0,75.0,manual,14490,Olèrdola,8734,Barcelona,Olèrdola
Opel,Corsa,Gasolina,30157.0,75.0,manual,14375,Alcobendas,28100,Madrid,Alcobendas
Opel,Corsa,Gasolina,27112.0,75.0,manual,14547,Alzira,46600,Valencia,Alzira
Opel,Corsa,Gasolina,27112.0,75.0,manual,14547,Alzira,46600,Valencia,Alzira
Opel,Corsa,Gasolina,21437.0,75.0,manual,14605,Alcobendas,28100,Madrid,Alcobendas
Opel,Corsa,Gasolina,86000.0,90.0,manual,9390,Móstoles,28933,Madrid,Móstoles
Opel,Corsa,Gasolina,35173.0,90.0,manual,9299,Madrid,28014,Madrid,Madrid
Opel,Corsa,Gasolina,32000.0,102.0,manual,17400,Tarrega,25300,Lleida,Tarrega
Opel,Combo Life,Diésel,67400.0,131.0,manual,24400,Antequera,29200,Málaga,Antequera
Opel,Combo Life,Diésel,40000.0,130.0,manual,23990,Madrid,28019,Madrid,Madrid
Opel,Combo Life,Diésel,67403.0,131.0,manual,23400,Algete,28110,Madrid,Algete
Opel,Combo Life,Diésel,48279.0,131.0,manual,22190,Sant Boi de Llobregat,8830,Barcelona,Sant Boi de Llobregat
Opel,Combo Life,Diésel,48279.0,131.0,manual,22190,Torrejón de Ardoz,28850,Madrid,Torrejón de Ardoz
Opel,Combo Life,Diésel,48279.0,131.0,manual,22190,Sevilla,41006,Sevilla,Sevilla
Opel,Combo Life,Diésel,77000.0,75.0,manual,17995,San Fernando de Henares,28830,Madrid,San Fernando de Henares
Opel,Combo Life,Diésel,14508.0,131.0,manual,27600,Colonia Pablo Iglesias,28520,Madrid,Colonia Pablo Iglesias
Opel,Combo Life,Diésel,14508.0,131.0,manual,27600,Mercado Parque Corredor del Henares,28851,Madrid,Mercado Parque Corredor del Henares
Opel,Combo Life,Diésel,14508.0,131.0,manual,27600,Olèrdola,8734,Barcelona,Olèrdola
Opel,Combo Life,Diésel,14508.0,131.0,manual,27600,Olèrdola,8734,Barcelona,Olèrdola
Opel,Combo Life,Diésel,14508.0,131.0,manual,27600,Barcelona,8007,Barcelona,Barcelona
Opel,Combo Life,Diésel,14508.0,131.0,manual,27600,Collado Villalba,28400,Madrid,Collado Villalba
Opel,Combo Life,Diésel,14508.0,131.0,manual,27600,Collado Villalba,28400,Madrid,Collado Villalba
Opel,Combo Life,Diésel,14508.0,131.0,manual,27600,Badajoz,6008,Badajoz,Badajoz
Opel,Combo Life,Diésel,14508.0,131.0,manual,27600,Santiago de Compostela,15703,A Coruña,Santiago de Compostela
Opel,Combo Life,Diésel,14508.0,131.0,manual,27600,Estepona,29680,Málaga,Estepona
Opel,Combo Life,Diésel,14508.0,131.0,manual,27600,Paterna,46980,Valencia,Paterna
Opel,Combo Life,Diésel,14508.0,131.0,manual,27600,Torremolinos,29620,Málaga,Torremolinos
Opel,Combo Life,Diésel,14508.0,131.0,manual,27600,Torremolinos,29620,Málaga,Torremolinos
Opel,Combo Life,Diésel,14508.0,131.0,manual,27600,Torremolinos,29620,Málaga,Torremolinos
Opel,Combo Life,Diésel,14508.0,131.0,manual,27600,Alameda del Obispo,14005,Córdoba,Alameda del Obispo
Opel,Combo Life,Diésel,14508.0,131.0,manual,27600,Castello/Castellon de La Plana,12100,Castellón,Castello/Castellon de La Plana
Opel,Combo Life,Diésel,14508.0,131.0,manual,27600,Puerto de Sagunto,46520,Valencia,Puerto de Sagunto
Opel,Combo Life,Diésel,14508.0,131.0,manual,27600,Mercabilbao,48970,Bizkaia,Mercabilbao
Opel,Combo Life,Diésel,31000.0,100.0,manual,18995,San Fernando de Henares,28830,Madrid,San Fernando de Henares
Opel,Combo Life,Diésel,124962.0,102.0,manual,17900,Alcover,43460,Tarragona,Alcover
Opel,Combo Life,Diésel,28231.0,100.0,manual,22900,Fortiñon,15168,A Coruña,Fortiñon
Opel,Combo Life,Diésel,71137.0,131.0,automatic,25700,Santa Maria del Aguila,4710,Almería,Santa Maria del Aguila
Opel,Combo Life,Diésel,76128.0,100.0,manual,24000,Pontevedra,36161,Pontevedra,Pontevedra
Opel,Combo Life,Diésel,78587.0,100.0,manual,24000,Pontevedra,36161,Pontevedra,Pontevedra
Opel,Combo Life,Diésel,81313.0,100.0,manual,23700,Pontevedra,36161,Pontevedra,Pontevedra
Opel,Combo Life,Diésel,71359.0,100.0,manual,24200,Pontevedra,36161,Pontevedra,Pontevedra
Opel,Combo Life,Diésel,71340.0,100.0,manual,24200,Molino de La Hoz,28290,Madrid,Molino de La Hoz
Opel,Ampera,Eléctrico,50000.0,150.0,automatic,25990,Torredonjimeno,23650,Jaén,Torredonjimeno
Opel,Ampera,Gasolina,19431.0,130.0,manual,17990,Barrio Peral,30300,Murcia,Barrio Peral
Opel,Ampera,Gasolina,19431.0,130.0,manual,17990,Bilbao,48004,Bizkaia,Bilbao
Rover,45,Gasolina,113500.0,109.0,manual,1590,Novelda,3660,Alicante,Novelda
Rover,45,Gasolina,36000.0,109.0,manual,1990,Vitoria-Gasteiz,1005,Álava,Vitoria-Gasteiz
SsangYong,Kyron,Diésel,110000.0,141.0,automatic,6990,Catarroja,46470,Valencia,Catarroja
SsangYong,Kyron,Diésel,110000.0,141.0,automatic,6990,Catarroja,46470,Valencia,Catarroja
SsangYong,Kyron,Diésel,110000.0,141.0,automatic,6990,Catarroja,46470,Valencia,Catarroja
SsangYong,Kyron,Diésel,110000.0,141.0,automatic,6990,Catarroja,46470,Valencia,Catarroja
SsangYong,Kyron,Diésel,153566.0,140.0,manual,6950,Alicante,3009,Alicante,Alicante
SsangYong,Kyron,Diésel,112000.0,163.0,manual,8520,Valencia,46002,Valencia,Valencia
SsangYong,Kyron,Diésel,112000.0,163.0,manual,8520,Pamplona/Iruña,31003,Navarra,Pamplona/Iruña
Opel,Zafira,Diésel,194900.0,120.0,manual,4590,Club Encinas,28660,Madrid,Club Encinas
Opel,Zafira,Diésel,213700.0,150.0,manual,3900,Palamós,17230,Girona,Palamós
Opel,Zafira,Diésel,139000.0,136.0,manual,13500,Molino de La Hoz,28290,Madrid,Molino de La Hoz
Opel,Zafira,Diésel,139000.0,136.0,manual,13500,Santiago de Compostela,15890,A Coruña,Santiago de Compostela
Opel,Zafira,Diésel,139000.0,136.0,manual,13500,Fortiñon,15168,A Coruña,Fortiñon
Opel,Zafira,Diésel,139000.0,136.0,manual,13500,San Fernando de Henares,28830,Madrid,San Fernando de Henares
SsangYong,XLV,Diésel,91888.0,115.0,manual,15353,Ciudad Real,13003,Ciudad Real,Ciudad Real
SsangYong,XLV,Diésel,91888.0,115.0,manual,15353,Mercado Parque Corredor del Henares,28851,Madrid,Mercado Parque Corredor del Henares
SsangYong,XLV,Diésel,91888.0,115.0,manual,15353,Murcia,30003,Murcia,Murcia
SsangYong,XLV,Diésel,91888.0,115.0,manual,15353,Valdepeñas,13300,Ciudad Real,Valdepeñas
SsangYong,XLV,Diésel,91888.0,115.0,manual,15353,Valdepeñas,13300,Ciudad Real,Valdepeñas
SsangYong,XLV,Diésel,91888.0,115.0,manual,15353,Collado Villalba,28400,Madrid,Collado Villalba
SsangYong,XLV,Diésel,91888.0,115.0,manual,15353,Collado Villalba,28400,Madrid,Collado Villalba
SsangYong,XLV,Diésel,91888.0,115.0,manual,15353,Badajoz,6008,Badajoz,Badajoz
SsangYong,XLV,Diésel,91888.0,115.0,manual,15353,Granollers,8403,Barcelona,Granollers
SsangYong,XLV,Diésel,91888.0,115.0,manual,15353,Alicante,3007,Alicante,Alicante
SsangYong,XLV,Diésel,91888.0,115.0,manual,15353,Saladar,3700,Alicante,Saladar
SsangYong,XLV,Diésel,91888.0,115.0,manual,15353,Albacete,2001,Albacete,Albacete
SsangYong,XLV,Diésel,91888.0,115.0,manual,15353,Santafe,18320,Granada,Santafe
SsangYong,XLV,Diésel,91888.0,115.0,manual,15353,Barcelona,8007,Barcelona,Barcelona
SsangYong,XLV,Diésel,91888.0,115.0,manual,15353,Getafe,28906,Madrid,Getafe
SsangYong,XLV,Diésel,91888.0,115.0,manual,15353,Zaragoza,50013,Zaragoza,Zaragoza
SsangYong,XLV,Diésel,91888.0,115.0,manual,15353,Hidraulica Santillana,28770,Madrid,Hidraulica Santillana
SsangYong,XLV,Gasolina,83900.0,128.0,manual,11990,Granada,18005,Granada,Granada
Opel,Insignia,Diésel,138000.0,110.0,manual,15900,Cádiz,11006,Cádiz,Cádiz
Opel,Insignia,Diésel,183000.0,170.0,automatic,10999,Alcobendas,28100,Madrid,Alcobendas
Opel,Insignia,Diésel,118273.0,136.0,manual,13690,Leganés,28915,Madrid,Leganés
Opel,Insignia,Diésel,118273.0,136.0,manual,13690,Fuenlabrada,28943,Madrid,Fuenlabrada
Opel,Insignia,Diésel,138000.0,136.0,manual,14490,Alcorcón,28924,Madrid,Alcorcón
Opel,Insignia,Diésel,230000.0,130.0,automatic,5990,Club Encinas,28660,Madrid,Club Encinas
Opel,Insignia,Diésel,112000.0,136.0,manual,14450,Barcelona,8013,Barcelona,Barcelona
Opel,Insignia,Diésel,113630.0,136.0,manual,11390,Pamplona/Iruña,31001,Navarra,Pamplona/Iruña
Opel,Insignia,Diésel,113630.0,136.0,manual,11390,Santander,39010,Cantabria,Santander
Opel,Insignia,Diésel,138000.0,136.0,manual,11990,Leganés,28910,Madrid,Leganés
Opel,Insignia,Diésel,122661.0,136.0,manual,15995,Mairena del Aljarafe,41927,Sevilla,Mairena del Aljarafe
Opel,Insignia,Diésel,146260.0,120.0,manual,8999,Montilla,14550,Córdoba,Montilla
Opel,Insignia,Diésel,146260.0,120.0,manual,8999,Montilla,14550,Córdoba,Montilla
Opel,Insignia,Diésel,118000.0,140.0,manual,10990,Sevilla,41001,Sevilla,Sevilla
Opel,Omega,Gasolina,242.0,177.0,manual,6000,Kukullaga,48450,Bizkaia,Kukullaga
SsangYong,Tivoli,Diésel,37160.0,136.0,manual,14990,Huelva,21004,Huelva,Huelva
SsangYong,Tivoli,Diésel,37160.0,136.0,manual,14990,Badajoz,6003,Badajoz,Badajoz
SsangYong,Tivoli,Gasolina,3000.0,128.0,manual,19990,Zaragoza,50009,Zaragoza,Zaragoza
SsangYong,Tivoli,Gasolina,24870.0,128.0,manual,15499,Barcelona,8007,Barcelona,Barcelona
SsangYong,Tivoli,Diésel,49100.0,115.0,manual,16699,Madrid,28014,Madrid,Madrid
SsangYong,Tivoli,Gasolina,6660.0,128.0,manual,19299,Madrid,28014,Madrid,Madrid
SsangYong,Tivoli,Diésel,49100.0,115.0,manual,16699,Barcelona,8007,Barcelona,Barcelona
SsangYong,Tivoli,Gasolina,6660.0,128.0,manual,19299,Barcelona,8007,Barcelona,Barcelona
SsangYong,Tivoli,Diésel,25000.0,115.0,manual,17995,Parets del Vallès,8150,Barcelona,Parets del Vallès
SsangYong,Tivoli,Gasolina,7198.0,128.0,manual,14990,Castellón,12001,Castellón,Castellón
SsangYong,Tivoli,Gasolina,30512.0,128.0,manual,18000,Getafe,28906,Madrid,Getafe
SsangYong,Tivoli,Gasolina,30512.0,128.0,manual,18000,Mercado Parque Corredor del Henares,28851,Madrid,Mercado Parque Corredor del Henares
SsangYong,Tivoli,Gasolina,30512.0,128.0,manual,18000,Granollers,8403,Barcelona,Granollers
SsangYong,Tivoli,Gasolina,30512.0,128.0,manual,18000,Saladar,3700,Alicante,Saladar
SsangYong,Tivoli,Gasolina,30512.0,128.0,manual,18000,Valdepeñas,13300,Ciudad Real,Valdepeñas
SsangYong,Tivoli,Gasolina,30512.0,128.0,manual,18000,Valdepeñas,13300,Ciudad Real,Valdepeñas
SsangYong,Tivoli,Gasolina,30512.0,128.0,manual,18000,Badajoz,6008,Badajoz,Badajoz
SsangYong,Tivoli,Gasolina,30512.0,128.0,manual,18000,Alicante,3007,Alicante,Alicante
SsangYong,Tivoli,Gasolina,30512.0,128.0,manual,18000,Colonia Pablo Iglesias,28520,Madrid,Colonia Pablo Iglesias
SsangYong,Tivoli,Gasolina,30512.0,128.0,manual,18000,Atarrabia,31610,Navarra,Atarrabia
SsangYong,Tivoli,Gasolina,30512.0,128.0,manual,18000,Alameda del Obispo,14005,Córdoba,Alameda del Obispo
SsangYong,Tivoli,Diésel,86383.0,115.0,automatic,14499,Madrid,28014,Madrid,Madrid
SsangYong,Tivoli,Gasolina,30512.0,128.0,manual,18000,Olèrdola,8734,Barcelona,Olèrdola
SsangYong,Tivoli,Gasolina,30512.0,128.0,manual,18000,Olèrdola,8734,Barcelona,Olèrdola
SsangYong,Tivoli,Gasolina,30512.0,128.0,manual,18000,Albacete,2001,Albacete,Albacete
SsangYong,Tivoli,Gasolina,30512.0,128.0,manual,18000,Alzira,46600,Valencia,Alzira
SsangYong,Tivoli,Gasolina,30512.0,128.0,manual,18000,Alzira,46600,Valencia,Alzira
SsangYong,Tivoli,Gasolina,30512.0,128.0,manual,18000,Alcobendas,28100,Madrid,Alcobendas
SsangYong,Tivoli,Diésel,37656.0,136.0,manual,15990,Camarma de Esteruelas,28816,Madrid,Camarma de Esteruelas
SsangYong,Tivoli,Diésel,37656.0,136.0,manual,15990,Camarma de Esteruelas,28816,Madrid,Camarma de Esteruelas
SsangYong,Tivoli,Gasolina,37900.0,128.0,manual,18490,Elx/Elche,3204,Alicante,Elx/Elche
SsangYong,Tivoli,Diésel,84122.0,115.0,automatic,17020,Murcia,30003,Murcia,Murcia
SsangYong,Tivoli,Diésel,84122.0,115.0,automatic,17020,Barcelona,8007,Barcelona,Barcelona
SsangYong,Tivoli,Diésel,84122.0,115.0,automatic,17020,Albacete,2001,Albacete,Albacete
SsangYong,Korando,Diésel,114000.0,175.0,automatic,10990,Almería,4006,Almería,Almería
SsangYong,Korando,Diésel,114000.0,175.0,automatic,10990,Castellón,12001,Castellón,Castellón
SsangYong,Korando,Diésel,114000.0,175.0,automatic,10990,Valencia,46070,Madrid,Valencia
SsangYong,Korando,Diésel,112539.0,178.0,manual,13299,Madrid,28014,Madrid,Madrid
SsangYong,Korando,Diésel,143978.0,150.0,manual,11099,Barcelona,8007,Barcelona,Barcelona
SsangYong,Korando,Gasolina,84431.0,150.0,manual,10799,Madrid,28014,Madrid,Madrid
SsangYong,Korando,Gasolina,84431.0,150.0,manual,10799,Barcelona,8007,Barcelona,Barcelona
SsangYong,Korando,Gasolina,35986.0,163.0,manual,19499,Madrid,28014,Madrid,Madrid
SsangYong,Korando,Diésel,62134.0,149.0,manual,11990,Granada,18005,Granada,Granada
SsangYong,Korando,Diésel,62134.0,149.0,manual,11990,Vigo,36211,Pontevedra,Vigo
SsangYong,Korando,Diésel,70734.0,175.0,automatic,10990,Bilbao,48004,Bizkaia,Bilbao
SsangYong,Korando,Diésel,62134.0,149.0,manual,11990,Bilbao,48004,Bizkaia,Bilbao
SsangYong,Korando,Diésel,62134.0,149.0,manual,11990,Almería,4006,Almería,Almería
SsangYong,Korando,Diésel,62134.0,149.0,manual,11990,Palma de Mallorca,7003,Baleares,Palma de Mallorca
SsangYong,Korando,Diésel,62134.0,149.0,manual,11990,Sevilla,41005,Sevilla,Sevilla
SsangYong,Korando,Diésel,62134.0,149.0,manual,11990,Palau-Solita I Plegamans,8184,Barcelona,Palau-Solita I Plegamans
SsangYong,Korando,Diésel,62134.0,149.0,manual,11990,Palau-Solita I Plegamans,8184,Barcelona,Palau-Solita I Plegamans
SsangYong,Korando,Diésel,62134.0,149.0,manual,11990,Tarragona,43006,Tarragona,Tarragona
SsangYong,Korando,Diésel,109.0,149.0,manual,12800,Aspe,3680,Alicante,Aspe
SsangYong,Korando,Diésel,81440.0,175.0,automatic,13530,Olèrdola,8734,Barcelona,Olèrdola
SsangYong,Korando,Diésel,81440.0,175.0,automatic,13530,Olèrdola,8734,Barcelona,Olèrdola
SsangYong,Korando,Diésel,81440.0,175.0,automatic,13530,Santa Maria del Aguila,4710,Almería,Santa Maria del Aguila
MINI,Paceman,Diésel,131081.0,112.0,manual,13490,Sant Boi de Llobregat,8830,Barcelona,Sant Boi de Llobregat
MINI,Paceman,Diésel,131081.0,112.0,manual,13490,Bacarot,3114,Alicante,Bacarot
MINI,Paceman,Diésel,131081.0,112.0,manual,13490,Torrejón de Ardoz,28850,Madrid,Torrejón de Ardoz
MINI,Paceman,Diésel,164000.0,143.0,manual,12990,Santimami,48940,Bizkaia,Santimami
Nissan,Primastar,Diésel,340000.0,100.0,manual,6990,Olot,17800,Girona,Olot
Nissan,Primastar,Diésel,200000.0,82.0,manual,6999,Sant Vicent del Raspeig,3690,Alicante,Sant Vicent del Raspeig
Nissan,Primastar,Diésel,290000.0,145.0,manual,6997,Santa Perpètua de Mogoda,8130,Barcelona,Santa Perpètua de Mogoda
Nissan,Primastar,Diésel,433.0,100.0,manual,7500,Kukullaga,48450,Bizkaia,Kukullaga
KIA,Soul,Diésel,187000.0,128.0,manual,5290,Móstoles,28934,Madrid,Móstoles
KIA,Ceed,Diésel,150000.0,126.0,manual,4999,San Martin,28939,Madrid,San Martin
KIA,Ceed,Diésel,150000.0,126.0,manual,4999,San Martin,28939,Madrid,San Martin
KIA,Ceed,Gasolina,45303.0,100.0,manual,10900,El Aeroport del Prat,8820,Barcelona,El Aeroport del Prat
KIA,Ceed,Diésel,212000.0,128.0,manual,4900,La Borbolla,33820,Asturias,La Borbolla
KIA,Ceed,Gasolina,19000.0,100.0,manual,8000,Villena,3400,Alicante,Villena
KIA,Ceed,Diésel,67122.0,136.0,manual,21950,Puerto de Sagunto,46520,Valencia,Puerto de Sagunto
KIA,Ceed,Diésel,67122.0,136.0,manual,21950,Barcelona,8007,Barcelona,Barcelona
KIA,Ceed,Diésel,67122.0,136.0,manual,21950,Mercabilbao,48970,Bizkaia,Mercabilbao
KIA,Ceed,Diésel,67122.0,136.0,manual,21950,Castello/Castellon de La Plana,12100,Castellón,Castello/Castellon de La Plana
KIA,Ceed,Diésel,67122.0,136.0,manual,21950,Alicante,3007,Alicante,Alicante
KIA,Ceed,Diésel,60802.0,115.0,manual,17500,Antequera,29200,Málaga,Antequera
KIA,Ceed,Diésel,86000.0,136.0,manual,215,Gandía,46701,Valencia,Gandía
KIA,Ceed,Gasolina,93000.0,119.0,manual,318,Sevilla,41018,Sevilla,Sevilla
KIA,Ceed,Gasolina,93000.0,119.0,manual,314,Madrid,28009,Madrid,Madrid
KIA,Ceed,Gasolina,26221.0,140.0,manual,21735,Granollers,8403,Barcelona,Granollers
KIA,Ceed,Gasolina,26221.0,140.0,manual,21735,Mercado Parque Corredor del Henares,28851,Madrid,Mercado Parque Corredor del Henares
KIA,Ceed,Gasolina,26221.0,140.0,manual,21735,Santa Maria del Aguila,4710,Almería,Santa Maria del Aguila
KIA,Ceed,Gasolina,26221.0,140.0,manual,21735,Murcia,30003,Murcia,Murcia
KIA,Ceed,Gasolina,26221.0,140.0,manual,21735,Sant Vicenç de Montalt,8394,Barcelona,Sant Vicenç de Montalt
KIA,Ceed,Gasolina,26221.0,140.0,manual,21735,Valdepeñas,13300,Ciudad Real,Valdepeñas
KIA,Ceed,Gasolina,26221.0,140.0,manual,21735,Valdepeñas,13300,Ciudad Real,Valdepeñas
KIA,Ceed,Gasolina,26221.0,140.0,manual,21735,Vigo,36214,Pontevedra,Vigo
KIA,Ceed,Gasolina,26221.0,140.0,manual,21735,Saladar,3700,Alicante,Saladar
KIA,Ceed,Gasolina,26221.0,140.0,manual,21735,Estepona,29680,Málaga,Estepona
KIA,Ceed,Gasolina,26221.0,140.0,manual,21735,Puerto de Sagunto,46520,Valencia,Puerto de Sagunto
KIA,Ceed,Gasolina,26221.0,140.0,manual,21735,Olèrdola,8734,Barcelona,Olèrdola
KIA,Ceed,Gasolina,26221.0,140.0,manual,21735,Olèrdola,8734,Barcelona,Olèrdola
KIA,Ceed,Gasolina,26221.0,140.0,manual,21735,Ciudad Real,13003,Ciudad Real,Ciudad Real
KIA,Ceed,Gasolina,26221.0,140.0,manual,21735,Colonia Pablo Iglesias,28520,Madrid,Colonia Pablo Iglesias
KIA,Ceed,Gasolina,26221.0,140.0,manual,21735,Santiago de Compostela,15703,A Coruña,Santiago de Compostela
KIA,Carens,Diésel,240000.0,140.0,manual,3490,Móstoles,28934,Madrid,Móstoles
KIA,Carens,Diésel,108901.0,115.0,manual,11990,Almería,4006,Almería,Almería
KIA,Carens,Diésel,60892.0,141.0,automatic,20125,Saladar,3700,Alicante,Saladar
KIA,Carens,Diésel,60892.0,141.0,automatic,20125,Granollers,8403,Barcelona,Granollers
KIA,Carens,Diésel,60892.0,141.0,automatic,20125,Puerto de Sagunto,46520,Valencia,Puerto de Sagunto
KIA,Carens,Diésel,60892.0,141.0,automatic,20125,Badajoz,6008,Badajoz,Badajoz
KIA,Carens,Diésel,60892.0,141.0,automatic,20125,Santa Maria del Aguila,4710,Almería,Santa Maria del Aguila
KIA,Carens,Diésel,108901.0,115.0,manual,11990,Vigo,36211,Pontevedra,Vigo
KIA,Carens,Diésel,108901.0,115.0,manual,11990,Sevilla,41005,Sevilla,Sevilla
KIA,Carens,Diésel,108901.0,115.0,manual,11990,Bilbao,48004,Bizkaia,Bilbao
KIA,Carens,Diésel,108901.0,115.0,manual,11990,Òrrius,8317,Barcelona,Òrrius
KIA,Carens,Diésel,108901.0,115.0,manual,11990,Ullastrell,8231,Barcelona,Ullastrell
KIA,Carens,Diésel,85000.0,141.0,manual,11990,Málaga,29005,Málaga,Málaga
KIA,Carens,Diésel,103310.0,115.0,manual,14390,Málaga,29005,Málaga,Málaga
KIA,Carens,Diésel,108901.0,115.0,manual,11990,Granada,18005,Granada,Granada
KIA,Carens,Diésel,60892.0,141.0,automatic,20125,Ciudad Real,13003,Ciudad Real,Ciudad Real
KIA,Carens,Diésel,108901.0,115.0,manual,11990,Valencia,46070,Madrid,Valencia
KIA,Carens,Diésel,108901.0,115.0,manual,11990,Málaga,29005,Málaga,Málaga
KIA,Carens,Diésel,85000.0,141.0,manual,11990,Urbanizacion La Granjilla,28700,Madrid,Urbanizacion La Granjilla
KIA,Carens,Diésel,60892.0,141.0,automatic,20125,Barcelona,8007,Barcelona,Barcelona
KIA,Carens,Diésel,60892.0,141.0,automatic,20125,Olèrdola,8734,Barcelona,Olèrdola
KIA,Carens,Diésel,60892.0,141.0,automatic,20125,Olèrdola,8734,Barcelona,Olèrdola
KIA,Sorento,Diésel,175000.0,170.0,automatic,6990,Granollers,8403,Barcelona,Granollers
KIA,Sorento,Diésel,62972.0,200.0,manual,24400,Saladar,3700,Alicante,Saladar
KIA,Sorento,Diésel,62972.0,200.0,manual,24400,Granollers,8403,Barcelona,Granollers
KIA,Sorento,Diésel,62972.0,200.0,manual,24400,Puerto de Sagunto,46520,Valencia,Puerto de Sagunto
KIA,Sorento,Diésel,62972.0,200.0,manual,24400,Badajoz,6008,Badajoz,Badajoz
KIA,Sorento,Diésel,62972.0,200.0,manual,24400,Santa Maria del Aguila,4710,Almería,Santa Maria del Aguila
KIA,Sorento,Diésel,62972.0,200.0,manual,24400,Sant Vicenç de Montalt,8394,Barcelona,Sant Vicenç de Montalt
KIA,Sorento,Diésel,62972.0,200.0,manual,24400,Ciudad Real,13003,Ciudad Real,Ciudad Real
KIA,Sorento,Diésel,62972.0,200.0,manual,24400,Olèrdola,8734,Barcelona,Olèrdola
KIA,Sorento,Diésel,62972.0,200.0,manual,24400,Olèrdola,8734,Barcelona,Olèrdola
KIA,Sorento,Diésel,62972.0,200.0,manual,24400,Alicante,3007,Alicante,Alicante
KIA,Sorento,Diésel,62972.0,200.0,manual,24400,Castello/Castellon de La Plana,12100,Castellón,Castello/Castellon de La Plana
KIA,Sorento,Diésel,62972.0,200.0,manual,24400,Alzira,46600,Valencia,Alzira
KIA,Sorento,Diésel,62972.0,200.0,manual,24400,Alzira,46600,Valencia,Alzira
KIA,Sorento,Diésel,62972.0,200.0,manual,24400,Hidraulica Santillana,28770,Madrid,Hidraulica Santillana
KIA,Sorento,Diésel,62972.0,200.0,manual,24400,Torremolinos,29620,Málaga,Torremolinos
KIA,Sorento,Diésel,62972.0,200.0,manual,24400,Torremolinos,29620,Málaga,Torremolinos
KIA,Sorento,Diésel,62972.0,200.0,manual,24400,Torremolinos,29620,Málaga,Torremolinos
KIA,Sorento,Diésel,62972.0,200.0,manual,24400,Paterna,46980,Valencia,Paterna
KIA,Sorento,Diésel,62972.0,200.0,manual,24400,Mercabilbao,48970,Bizkaia,Mercabilbao
KIA,Sorento,Diésel,62972.0,200.0,manual,24400,Alcalá de Guadaíra,41500,Sevilla,Alcalá de Guadaíra
KIA,Sorento,Diésel,62972.0,200.0,manual,24400,Collado Villalba,28400,Madrid,Collado Villalba
KIA,Sorento,Diésel,62972.0,200.0,manual,24400,Collado Villalba,28400,Madrid,Collado Villalba
KIA,Sorento,Diésel,62972.0,200.0,manual,24400,Alameda del Obispo,14005,Córdoba,Alameda del Obispo
KIA,Stonic,Gasolina,6000.0,100.0,manual,17900,Arroyo de La Miel,29631,Málaga,Arroyo de La Miel
KIA,Stonic,Gasolina,65000.0,120.0,manual,17500,Gavarres,43120,Tarragona,Gavarres
KIA,Stonic,Gasolina,49650.0,120.0,manual,13990,Òrrius,8317,Barcelona,Òrrius
KIA,Stonic,Gasolina,49650.0,120.0,manual,13990,Ullastrell,8231,Barcelona,Ullastrell
KIA,Stonic,Gasolina,49650.0,120.0,manual,13990,Castellón,12001,Castellón,Castellón
KIA,Stonic,Gasolina,49650.0,120.0,manual,13990,Murcia,30005,Murcia,Murcia
KIA,Stonic,Gasolina,49650.0,120.0,manual,13990,Bilbao,48004,Bizkaia,Bilbao
KIA,Stonic,Gasolina,49650.0,120.0,manual,13990,Granada,18005,Granada,Granada
KIA,Stonic,Gasolina,49650.0,120.0,manual,13990,Valencia,46070,Madrid,Valencia
KIA,Stonic,Gasolina,49650.0,120.0,manual,13990,Palma de Mallorca,7003,Baleares,Palma de Mallorca
KIA,Stonic,Gasolina,49650.0,120.0,manual,13990,Tarragona,43006,Tarragona,Tarragona
KIA,Stonic,Gasolina,62361.0,84.0,manual,13990,Madrid,28021,Madrid,Madrid
KIA,Stonic,Gasolina,50085.0,84.0,manual,15900,A Coruña,15003,A Coruña,A Coruña
KIA,Stonic,Gasolina,34573.0,100.0,manual,15990,Rafelbuñol/Rafelbunyol,46138,Valencia,Rafelbuñol/Rafelbunyol
KIA,Stonic,Gasolina,10892.0,100.0,manual,19450,El Aeroport del Prat,8820,Barcelona,El Aeroport del Prat
KIA,Stonic,Gasolina,59327.0,84.0,manual,16900,Sant Feliu de Llobregat,8980,Barcelona,Sant Feliu de Llobregat
KIA,Stonic,Diésel,100111.0,110.0,manual,13990,Donostia-San Sebastián,20006,Gipuzkoa,Donostia-San Sebastián
KIA,Stonic,Gasolina,27447.0,120.0,automatic,20990,Vilafranca del Penedès,8720,Barcelona,Vilafranca del Penedès
KIA,Stonic,Gasolina,48355.0,100.0,manual,16990,Donostia-San Sebastián,20006,Gipuzkoa,Donostia-San Sebastián
KIA,Stonic,Gasolina,37892.0,100.0,manual,19200,Málaga,29006,Málaga,Málaga
KIA,Stonic,Gasolina,39642.0,100.0,manual,22000,Arriaga,48950,Bizkaia,Arriaga
KIA,Stonic,Gasolina,11522.0,120.0,manual,20450,Madrid,28014,Madrid,Madrid
KIA,Stonic,Gasolina,42197.0,100.0,manual,18800,Sant Fruitós de Bages,8272,Barcelona,Sant Fruitós de Bages
KIA,Stonic,Gasolina,10.0,84.0,manual,19990,Arriaga,48950,Bizkaia,Arriaga
KIA,Sportage,Gasolina,8600.0,132.0,manual,21990,Sedaví,46910,Valencia,Sedaví
KIA,Sportage,Gasolina,8600.0,132.0,manual,21990,Sedaví,46910,Valencia,Sedaví
KIA,Sportage,Gasolina,8600.0,132.0,manual,21990,Sedaví,46910,Valencia,Sedaví
KIA,Sportage,Gasolina,8600.0,132.0,manual,21990,Sedaví,46910,Valencia,Sedaví
KIA,Sportage,Diésel,46000.0,115.0,manual,17900,Arroyo de La Miel,29631,Málaga,Arroyo de La Miel
KIA,Sportage,Diésel,72000.0,141.0,automatic,19900,Arroyo de La Miel,29631,Málaga,Arroyo de La Miel
KIA,Sportage,Diésel,94000.0,115.0,manual,441,Valencia,46005,Valencia,Valencia
KIA,Sportage,Diésel,99950.0,115.0,manual,240,Gandía,46701,Valencia,Gandía
KIA,Sportage,Diésel,51000.0,115.0,manual,481,Sevilla,41018,Sevilla,Sevilla
KIA,Sportage,Diésel,70099.0,115.0,manual,372,Madrid,28014,Madrid,Madrid
KIA,Sportage,Gasolina,38970.0,132.0,manual,366,Madrid,28014,Madrid,Madrid
KIA,Sportage,Diésel,51000.0,115.0,manual,253,Barcelona,8007,Barcelona,Barcelona
KIA,Sportage,Gasolina,128000.0,135.0,manual,13990,El Villar,48980,Bizkaia,El Villar
KIA,Sportage,Gasolina,100831.0,135.0,manual,14850,Mercado Parque Corredor del Henares,28851,Madrid,Mercado Parque Corredor del Henares
KIA,Sportage,Gasolina,100831.0,135.0,manual,14850,Vigo,36214,Pontevedra,Vigo
KIA,Sportage,Diésel,72621.0,115.0,manual,18750,Vigo,36214,Pontevedra,Vigo
KIA,Sportage,Gasolina,100831.0,135.0,manual,14850,Murcia,30003,Murcia,Murcia
KIA,Sportage,Gasolina,100831.0,135.0,manual,14850,Saladar,3700,Alicante,Saladar
KIA,Sportage,Diésel,72621.0,115.0,manual,18750,Murcia,30003,Murcia,Murcia
KIA,Sportage,Diésel,72621.0,115.0,manual,18750,Saladar,3700,Alicante,Saladar
KIA,Sportage,Diésel,72621.0,115.0,manual,18750,Granollers,8403,Barcelona,Granollers
Lexus,NX,Eléctrico,32000.0,197.0,automatic,32400,Arroyo de La Miel,29631,Málaga,Arroyo de La Miel
Lexus,NX,Gasolina,65005.0,197.0,automatic,28750,Palafrugell,17200,Girona,Palafrugell
Lexus,NX,Eléctrico,62000.0,197.0,automatic,33100,Parla,28980,Madrid,Parla
Lexus,NX,Eléctrico,54466.0,197.0,automatic,33450,Madrid,28045,Madrid,Madrid
Lexus,RX,Eléctrico,187500.0,299.0,automatic,16900,Málaga,29006,Málaga,Málaga
Lexus,RX,Eléctrico,200000.0,272.0,automatic,17990,Madrid,28037,Madrid,Madrid
Lexus,GS,Eléctrico,34678.0,223.0,automatic,31400,Parla,28980,Madrid,Parla
Lexus,IS,Diésel,150000.0,177.0,manual,5950,Torrefarrera,25123,Lleida,Torrefarrera
Lexus,IS,Gasolina,187000.0,155.0,automatic,4900,Arroyomolinos,28939,Madrid,Arroyomolinos
Lexus,IS,Gasolina,187000.0,155.0,automatic,4900,Arroyomolinos,28939,Madrid,Arroyomolinos
Lexus,IS,Diésel,74000.0,177.0,manual,8990,Fornells de la Selva,17458,Girona,Fornells de la Selva
Mitsubishi,Eclipse Cross,Gasolina,37850.0,163.0,automatic,23990,Sevilla,41005,Sevilla,Sevilla
Mitsubishi,Eclipse Cross,Gasolina,37850.0,163.0,automatic,23990,Vigo,36211,Pontevedra,Vigo
Mitsubishi,Eclipse Cross,Gasolina,37850.0,163.0,automatic,23990,Alicante,3010,Alicante,Alicante
Mitsubishi,Eclipse Cross,Gasolina,37850.0,163.0,automatic,23990,Alicante,3010,Murcia,Alicante
Mitsubishi,Eclipse Cross,Gasolina,37850.0,163.0,automatic,23990,Granada,18005,Granada,Granada
Mitsubishi,Eclipse Cross,Gasolina,37850.0,163.0,automatic,23990,Valencia,46070,Madrid,Valencia
Mitsubishi,Eclipse Cross,Gasolina,37850.0,163.0,automatic,23990,Málaga,29005,Málaga,Málaga
Mitsubishi,Eclipse Cross,Gasolina,37850.0,163.0,automatic,23990,Murcia,30005,Murcia,Murcia
Mitsubishi,Eclipse Cross,Gasolina,37850.0,163.0,automatic,23990,Toledo,45002,Toledo,Toledo
Mitsubishi,Eclipse Cross,Gasolina,37850.0,163.0,automatic,23990,Cáceres,10001,Cáceres,Cáceres
Mitsubishi,Outlander,Diésel,130518.0,150.0,automatic,19990,Madrid,28021,Madrid,Madrid
Mitsubishi,Outlander,Diésel,137350.0,140.0,manual,7900,Cornella de Llobregat,8940,Barcelona,Cornella de Llobregat
Mitsubishi,Outlander,Gasolina,72324.0,150.0,automatic,18799,Barcelona,8007,Barcelona,Barcelona
Mitsubishi,Outlander,Gasolina,81000.0,150.0,automatic,17490,Fuenlabrada,28947,Madrid,Fuenlabrada
Mitsubishi,Outlander,Diésel,114341.0,150.0,manual,16290,Gijón,33206,Asturias,Gijón
Mitsubishi,Lancer,Diésel,115000.0,140.0,manual,7490,Valencia,46009,Valencia,Valencia
Mitsubishi,Space Star,Gasolina,21053.0,71.0,manual,12799,Madrid,28014,Madrid,Madrid
Mitsubishi,Space Star,Gasolina,13500.0,80.0,manual,11490,Barcelona,8007,Barcelona,Barcelona
Mitsubishi,Space Star,Gasolina,95520.0,80.0,manual,9900,Molino de La Hoz,28290,Madrid,Molino de La Hoz
Mitsubishi,Space Star,Gasolina,95520.0,80.0,manual,9900,San Fernando de Henares,28830,Madrid,San Fernando de Henares
Mitsubishi,Space Star,Gasolina,95520.0,80.0,manual,9900,Pontevedra,36161,Pontevedra,Pontevedra
Mitsubishi,Space Star,Gasolina,95520.0,80.0,manual,9900,Poligono Industrial San Fernando,28830,Madrid,Poligono Industrial San Fernando
Mitsubishi,Space Star,Gasolina,97698.0,80.0,manual,10750,Tortosa,43500,Tarragona,Tortosa
Mitsubishi,L 200,Diésel,256000.0,115.0,manual,8499,Las Navas del Marqués,5230,Ávila,Las Navas del Marqués
Mitsubishi,L 200,Diésel,215000.0,154.0,manual,18900,Reus,43200,Madrid,Reus
Mitsubishi,L 200,Diésel,70000.0,154.0,manual,25500,Úbeda,23400,Jaén,Úbeda
Mitsubishi,L 200,Diésel,249000.0,136.0,manual,11499,Las Navas del Marqués,5230,Ávila,Las Navas del Marqués
Nissan,Primera,Gasolina,161000.0,109.0,manual,2790,Fuenlabrada,28946,Madrid,Fuenlabrada
Nissan,Primera,Diésel,170000.0,120.0,manual,2800,Terrassa,8221,Barcelona,Terrassa
Nissan,NV300,Diésel,117852.0,110.0,manual,17990,Vigo,36211,Pontevedra,Vigo
Nissan,NV300,Diésel,117852.0,110.0,manual,17990,Palma de Mallorca,7003,Baleares,Palma de Mallorca
Nissan,NV300,Diésel,117852.0,110.0,manual,17990,Sevilla,41005,Sevilla,Sevilla
Nissan,NV300,Diésel,117852.0,110.0,manual,17990,Òrrius,8317,Barcelona,Òrrius
Nissan,NV300,Diésel,117852.0,110.0,manual,17990,Palau-Solita I Plegamans,8184,Barcelona,Palau-Solita I Plegamans
Nissan,NV300,Diésel,117852.0,110.0,manual,17990,Palau-Solita I Plegamans,8184,Barcelona,Palau-Solita I Plegamans
Nissan,NV300,Diésel,117852.0,110.0,manual,17990,Girona,17007,Girona,Girona
Nissan,NV300,Diésel,117852.0,110.0,manual,17990,Tarragona,43006,Tarragona,Tarragona
Nissan,NV300,Diésel,74000.0,125.0,manual,23900,Torrejón de Ardoz,28850,Madrid,Torrejón de Ardoz
Nissan,NV300,Diésel,7600.0,125.0,manual,22500,Ourense,32001,Ourense,Ourense
Nissan,NV300,Diésel,50000.0,120.0,manual,22990,Parets del Vallès,8150,Barcelona,Parets del Vallès
Nissan,NV300,Diésel,236000.0,145.0,manual,16799,Igualada,8700,Barcelona,Igualada
Nissan,NV400,Diésel,66967.0,131.0,manual,27490,Algete,28110,Madrid,Algete
Nissan,NV400,Diésel,235178.0,125.0,manual,13500,Murcia,30151,Murcia,Murcia
Nissan,NV400,Diésel,229265.0,130.0,manual,33900,Lliça de Vall,8185,Barcelona,Lliça de Vall
Nissan,NV400,Diésel,150000.0,130.0,manual,17400,Pamplona/Iruña,31006,Navarra,Pamplona/Iruña
Nissan,NV400,Diésel,38609.0,135.0,manual,25490,Collado Villalba,28400,Madrid,Collado Villalba
Nissan,NV400,Diésel,38609.0,135.0,manual,25490,Collado Villalba,28400,Madrid,Collado Villalba
Nissan,NV400,Diésel,174500.0,130.0,manual,18995,Sabadell,8201,Barcelona,Sabadell
Nissan,NV400,Diésel,159000.0,165.0,manual,21990,Parets del Vallès,8150,Barcelona,Parets del Vallès
Nissan,NV400,Diésel,38609.0,135.0,manual,25490,Murcia,30005,Murcia,Murcia
Nissan,NV400,Diésel,38609.0,135.0,manual,25490,Urbanizacion La Granjilla,28700,Madrid,Urbanizacion La Granjilla
Nissan,NV400,Diésel,38609.0,135.0,manual,25490,Camarma de Esteruelas,28816,Madrid,Camarma de Esteruelas
Nissan,NV400,Diésel,38609.0,135.0,manual,25490,Camarma de Esteruelas,28816,Madrid,Camarma de Esteruelas
Nissan,NV400,Diésel,38609.0,135.0,manual,25490,Sevilla,41005,Sevilla,Sevilla
Nissan,NV400,Diésel,38609.0,135.0,manual,25490,Bilbao,48004,Bizkaia,Bilbao
Nissan,NV400,Diésel,38609.0,135.0,manual,25490,Vigo,36211,Pontevedra,Vigo
Nissan,NV400,Diésel,38609.0,135.0,manual,25490,Málaga,29005,Málaga,Málaga
Nissan,NV400,Diésel,38609.0,135.0,manual,25490,Valencia,46070,Madrid,Valencia
Nissan,NV400,Diésel,38609.0,135.0,manual,25490,Alicante,3010,Alicante,Alicante
Nissan,NV400,Diésel,38609.0,135.0,manual,25490,Alicante,3010,Murcia,Alicante
Nissan,NV400,Diésel,38609.0,135.0,manual,25490,Fuenlabrada,28947,Madrid,Fuenlabrada
Nissan,NV400,Diésel,38609.0,135.0,manual,25490,Toledo,45002,Toledo,Toledo
Nissan,NV400,Diésel,38609.0,135.0,manual,25490,Almería,4006,Almería,Almería
Nissan,NV400,Diésel,38609.0,135.0,manual,25490,Colonia Pablo Iglesias,28520,Madrid,Colonia Pablo Iglesias
Nissan,NV400,Diésel,38609.0,135.0,manual,25490,Las Rozas de Madrid,28230,Madrid,Las Rozas de Madrid
Nissan,NV400,Diésel,169000.0,130.0,manual,19990,Sant Quirze del Vallès,8192,Barcelona,Sant Quirze del Vallès
Nissan,NV400,Diésel,219900.0,145.0,manual,15800,Coiros de Arriba,15316,A Coruña,Coiros de Arriba
Nissan,NV400,Diésel,167000.0,130.0,manual,15990,Parets del Vallès,8150,Barcelona,Parets del Vallès
Nissan,Pulsar,Gasolina,79494.0,190.0,manual,13570,Murcia,30003,Murcia,Murcia
Nissan,Pulsar,Gasolina,86147.0,115.0,manual,11400,Málaga,29006,Málaga,Málaga
Nissan,Pulsar,Diésel,114896.0,110.0,manual,11490,Bilbao,48004,Bizkaia,Bilbao
Nissan,Pulsar,Diésel,99876.0,110.0,manual,11990,Sevilla,41005,Sevilla,Sevilla
Nissan,Pulsar,Diésel,147077.0,110.0,manual,11299,Madrid,28014,Madrid,Madrid
Nissan,Pulsar,Diésel,114896.0,110.0,manual,11490,Almería,4006,Almería,Almería
Nissan,Pulsar,Diésel,99876.0,110.0,manual,11990,Almería,4006,Almería,Almería
Nissan,Pulsar,Diésel,153195.0,110.0,manual,8990,Almería,4006,Almería,Almería
Nissan,Pulsar,Diésel,114896.0,110.0,manual,11490,Palma de Mallorca,7003,Baleares,Palma de Mallorca
Nissan,Pulsar,Diésel,114896.0,110.0,manual,11490,Málaga,29005,Málaga,Málaga
Nissan,Pulsar,Diésel,99876.0,110.0,manual,11990,Málaga,29005,Málaga,Málaga
Nissan,Pulsar,Diésel,153195.0,110.0,manual,8990,Sevilla,41005,Sevilla,Sevilla
Nissan,Pulsar,Diésel,153195.0,110.0,manual,8990,Toledo,45002,Toledo,Toledo
Nissan,Pulsar,Gasolina,53164.0,115.0,automatic,16990,Vilafranca del Penedès,8720,Barcelona,Vilafranca del Penedès
Nissan,Pulsar,Gasolina,79494.0,190.0,manual,13570,Zaragoza,50013,Zaragoza,Zaragoza
Nissan,Pulsar,Gasolina,79494.0,190.0,manual,13570,Saladar,3700,Alicante,Saladar
Nissan,Pulsar,Gasolina,79494.0,190.0,manual,13570,Valdepeñas,13300,Ciudad Real,Valdepeñas
Nissan,Pulsar,Gasolina,79494.0,190.0,manual,13570,Valdepeñas,13300,Ciudad Real,Valdepeñas
Nissan,Pulsar,Gasolina,79494.0,190.0,manual,13570,Colonia Pablo Iglesias,28520,Madrid,Colonia Pablo Iglesias
Nissan,Pulsar,Gasolina,79494.0,190.0,manual,13570,Olèrdola,8734,Barcelona,Olèrdola
Nissan,Pulsar,Gasolina,79494.0,190.0,manual,13570,Olèrdola,8734,Barcelona,Olèrdola
Nissan,Pulsar,Gasolina,79494.0,190.0,manual,13570,Barcelona,8007,Barcelona,Barcelona
Nissan,Pulsar,Gasolina,79494.0,190.0,manual,13570,Collado Villalba,28400,Madrid,Collado Villalba
Nissan,Pulsar,Gasolina,79494.0,190.0,manual,13570,Collado Villalba,28400,Madrid,Collado Villalba
Nissan,Pulsar,Gasolina,79494.0,190.0,manual,13570,Atarrabia,31610,Navarra,Atarrabia
Nissan,Pulsar,Gasolina,79494.0,190.0,manual,13570,Sant Vicenç de Montalt,8394,Barcelona,Sant Vicenç de Montalt
Nissan,Pulsar,Gasolina,79494.0,190.0,manual,13570,Badajoz,6008,Badajoz,Badajoz
Nissan,Pulsar,Gasolina,79494.0,190.0,manual,13570,Santa Maria del Aguila,4710,Almería,Santa Maria del Aguila
Nissan,Pulsar,Gasolina,79494.0,190.0,manual,13570,Santiago de Compostela,15703,A Coruña,Santiago de Compostela
Nissan,Pulsar,Gasolina,79494.0,190.0,manual,13570,Vigo,36214,Pontevedra,Vigo
Nissan,Pulsar,Gasolina,79494.0,190.0,manual,13570,Estepona,29680,Málaga,Estepona
Nissan,Pulsar,Gasolina,79494.0,190.0,manual,13570,Alcobendas,28100,Madrid,Alcobendas
Nissan,Pulsar,Gasolina,79494.0,190.0,manual,13570,Getafe,28906,Madrid,Getafe
Nissan,Pulsar,Gasolina,79494.0,190.0,manual,13570,Torremolinos,29620,Málaga,Torremolinos
Nissan,Pulsar,Gasolina,79494.0,190.0,manual,13570,Torremolinos,29620,Málaga,Torremolinos
Nissan,Pulsar,Gasolina,79494.0,190.0,manual,13570,Torremolinos,29620,Málaga,Torremolinos
Nissan,Pulsar,Gasolina,79494.0,190.0,manual,13570,Las Rozas de Madrid,28230,Madrid,Las Rozas de Madrid
Nissan,X-Trail,Diésel,109000.0,150.0,manual,26490,Cornella de Llobregat,8940,Barcelona,Cornella de Llobregat
Nissan,X-Trail,Diésel,109000.0,130.0,manual,510,Valencia,46005,Valencia,Valencia
Nissan,X-Trail,Diésel,97000.0,130.0,manual,274,Gandía,46701,Valencia,Gandía
Nissan,X-Trail,Diésel,97000.0,130.0,manual,523,Sevilla,41018,Sevilla,Sevilla
Nissan,X-Trail,Diésel,79000.0,130.0,manual,532,Barcelona,8009,Barcelona,Barcelona
Nissan,X-Trail,Gasolina,95842.0,160.0,automatic,21990,Madrid,28021,Madrid,Madrid
Nissan,X-Trail,Diésel,246000.0,130.0,manual,12990,Madrid,28019,Madrid,Madrid
Nissan,Navara,Diésel,70877.0,163.0,manual,23990,Murcia,30005,Murcia,Murcia
Nissan,X-Trail,Diésel,236932.0,150.0,manual,7500,Murcia,30151,Murcia,Murcia
Nissan,X-Trail,Gasolina,110000.0,163.0,manual,18990,Vigo,36211,Pontevedra,Vigo
Nissan,X-Trail,Gasolina,110000.0,163.0,manual,18990,Sevilla,41005,Sevilla,Sevilla
Nissan,X-Trail,Gasolina,110000.0,163.0,manual,18990,Bilbao,48004,Bizkaia,Bilbao
Nissan,X-Trail,Diésel,87494.0,150.0,automatic,22990,Sevilla,41005,Sevilla,Sevilla
Nissan,X-Trail,Gasolina,110000.0,163.0,manual,18990,Alicante,3010,Alicante,Alicante
Nissan,X-Trail,Gasolina,110000.0,163.0,manual,18990,Alicante,3010,Murcia,Alicante
Nissan,X-Trail,Diésel,87494.0,150.0,automatic,22990,Bilbao,48004,Bizkaia,Bilbao
Nissan,Navara,Diésel,70877.0,163.0,manual,23990,Valencia,46001,Valencia,Valencia
Nissan,Navara,Diésel,70877.0,163.0,manual,23990,Collado Villalba,28400,Madrid,Collado Villalba
Nissan,Navara,Diésel,70877.0,163.0,manual,23990,Collado Villalba,28400,Madrid,Collado Villalba
Nissan,Navara,Diésel,70877.0,163.0,manual,23990,Colonia Pablo Iglesias,28520,Madrid,Colonia Pablo Iglesias
Nissan,Navara,Diésel,70877.0,163.0,manual,23990,Las Rozas de Madrid,28232,Madrid,Las Rozas de Madrid
Nissan,Navara,Diésel,70877.0,163.0,manual,23990,Camarma de Esteruelas,28816,Madrid,Camarma de Esteruelas
Nissan,Navara,Diésel,70877.0,163.0,manual,23990,Camarma de Esteruelas,28816,Madrid,Camarma de Esteruelas
Nissan,X-Trail,Diésel,87494.0,150.0,automatic,22990,Salamanca,37008,Salamanca,Salamanca
Nissan,X-Trail,Diésel,87494.0,150.0,automatic,22990,Salamanca,37008,Salamanca,Salamanca
Nissan,X-Trail,Diésel,87494.0,150.0,automatic,22990,Granada,18005,Granada,Granada
Nissan,X-Trail,Gasolina,110000.0,163.0,manual,18990,Colonia Pablo Iglesias,28520,Madrid,Colonia Pablo Iglesias
Nissan,Navara,Diésel,147292.0,190.0,manual,16990,Sant Boi de Llobregat,8830,Barcelona,Sant Boi de Llobregat
Nissan,Navara,Diésel,78678.0,160.0,manual,22990,Murcia,30005,Murcia,Murcia
Nissan,Navara,Diésel,78678.0,160.0,manual,22990,Granada,18005,Granada,Granada
Nissan,X-Trail,Diésel,87494.0,150.0,automatic,22990,Málaga,29005,Málaga,Málaga
Nissan,X-Trail,Gasolina,110000.0,163.0,manual,18990,Urbanizacion La Granjilla,28700,Madrid,Urbanizacion La Granjilla
Nissan,X-Trail,Gasolina,110000.0,163.0,manual,18990,Murcia,30005,Murcia,Murcia
Nissan,X-Trail,Diésel,87494.0,150.0,automatic,22990,Murcia,30005,Murcia,Murcia
Nissan,Navara,Diésel,78678.0,160.0,manual,22990,Vigo,36211,Pontevedra,Vigo
Nissan,Navara,Diésel,78678.0,160.0,manual,22990,Almería,4006,Almería,Almería
Nissan,X-Trail,Gasolina,110000.0,163.0,manual,18990,Villaviciosa de Odón,28670,Madrid,Villaviciosa de Odón
Nissan,Navara,Diésel,78678.0,160.0,manual,22990,Málaga,29005,Málaga,Málaga
Nissan,Navara,Diésel,140554.0,160.0,manual,25990,Leganés,28916,Madrid,Leganés
Nissan,Navara,Diésel,140554.0,160.0,manual,25990,Madrid,28046,Madrid,Madrid
Nissan,Navara,Diésel,140554.0,160.0,manual,25990,Las Rozas de Madrid,28232,Madrid,Las Rozas de Madrid
Nissan,NV250,Diésel,98965.0,95.0,manual,14990,Òrrius,8317,Barcelona,Òrrius
Nissan,NV250,Diésel,98965.0,95.0,manual,14990,Ullastrell,8231,Barcelona,Ullastrell
Nissan,NV250,Diésel,98965.0,95.0,manual,14990,Almería,4006,Almería,Almería
Nissan,NV250,Diésel,98965.0,95.0,manual,14990,Bilbao,48004,Bizkaia,Bilbao
Nissan,NV250,Diésel,98965.0,95.0,manual,14990,Alicante,3010,Alicante,Alicante
Nissan,NV250,Diésel,98965.0,95.0,manual,14990,Alicante,3010,Murcia,Alicante
Nissan,NV250,Diésel,98965.0,95.0,manual,14990,Murcia,30005,Murcia,Murcia
Nissan,NV250,Diésel,98965.0,95.0,manual,14990,Valencia,46001,Valencia,Valencia
Nissan,NV250,Diésel,98965.0,95.0,manual,14990,Málaga,29005,Málaga,Málaga
Nissan,NV250,Diésel,98965.0,95.0,manual,14990,Palma de Mallorca,7003,Baleares,Palma de Mallorca
Nissan,NV250,Diésel,98965.0,95.0,manual,14990,Palau-Solita I Plegamans,8184,Barcelona,Palau-Solita I Plegamans
Nissan,NV250,Diésel,98965.0,95.0,manual,14990,Palau-Solita I Plegamans,8184,Barcelona,Palau-Solita I Plegamans
Nissan,NV250,Diésel,98965.0,95.0,manual,14990,Tarragona,43006,Tarragona,Tarragona
Nissan,Terrano,Diésel,360000.0,125.0,manual,5900,Linares,23700,Jaén,Linares
Nissan,NV200,Diésel,90000.0,90.0,manual,13700,Calonge,17251,Girona,Calonge
Nissan,NV200,Diésel,95000.0,90.0,manual,10999,Daganzo de Arriba,28814,Madrid,Daganzo de Arriba
Nissan,NV200,Diésel,200000.0,90.0,manual,10900,Burgos,9007,Burgos,Burgos
Nissan,NV200,Diésel,254243.0,90.0,manual,12600,Sant Vicenç dels Horts,8620,Barcelona,Sant Vicenç dels Horts
Nissan,NV200,Diésel,115000.0,90.0,manual,14636,Montcada i Reixac,8110,Barcelona,Montcada i Reixac
Nissan,Cabstar,Diésel,190000.0,95.0,manual,5300,Torrefarrera,25123,Lleida,Torrefarrera
Nissan,Navara,Diésel,70877.0,163.0,manual,23990,Sevilla,41005,Sevilla,Sevilla
Nissan,Navara,Diésel,70877.0,163.0,manual,23990,Almería,4006,Almería,Almería
Nissan,Terrano II,Gasolina,172605.0,125.0,manual,5999,Móstoles,28936,Madrid,Móstoles
Nissan,Juke,Gasolina,101505.0,115.0,manual,11800,Beade,36312,Pontevedra,Beade
Nissan,Juke,Diésel,63600.0,110.0,manual,16490,Campamento,11314,Cádiz,Campamento
Nissan,Juke,Diésel,81095.0,110.0,manual,16700,Antequera,29200,Málaga,Antequera
Nissan,Juke,Gasolina,8794.0,114.0,manual,22890,Madrid,28021,Madrid,Madrid
Nissan,Juke,Gasolina,13089.0,114.0,manual,22890,Madrid,28021,Madrid,Madrid
Nissan,Juke,Gasolina,5267.0,114.0,manual,22890,Madrid,28021,Madrid,Madrid
Nissan,Juke,Gasolina,9021.0,114.0,manual,22890,Madrid,28021,Madrid,Madrid
Nissan,Juke,Gasolina,18345.0,114.0,manual,22890,Madrid,28021,Madrid,Madrid
Nissan,Juke,Diésel,69622.0,110.0,manual,12990,Castellón,12001,Castellón,Castellón
Nissan,Juke,Diésel,69622.0,110.0,manual,12990,Almería,4006,Almería,Almería
Nissan,Juke,Diésel,69622.0,110.0,manual,12990,Bilbao,48004,Bizkaia,Bilbao
Nissan,Juke,Diésel,69622.0,110.0,manual,12990,Sevilla,41005,Sevilla,Sevilla
Nissan,Juke,Diésel,69622.0,110.0,manual,12990,Alicante,3010,Alicante,Alicante
Nissan,Juke,Diésel,69622.0,110.0,manual,12990,Alicante,3010,Murcia,Alicante
Nissan,Juke,Diésel,69622.0,110.0,manual,12990,Murcia,30005,Murcia,Murcia
Nissan,Juke,Diésel,69622.0,110.0,manual,12990,Granada,18005,Granada,Granada
Nissan,Juke,Diésel,69622.0,110.0,manual,12990,Málaga,29005,Málaga,Málaga
Nissan,Juke,Gasolina,50098.0,95.0,manual,13899,Madrid,28014,Madrid,Madrid
Nissan,Juke,Gasolina,50098.0,95.0,manual,13899,Barcelona,8007,Barcelona,Barcelona
Nissan,Juke,Diésel,69622.0,110.0,manual,12990,Palma de Mallorca,7003,Baleares,Palma de Mallorca
Nissan,Juke,Diésel,64285.0,110.0,manual,16962,Mercado Parque Corredor del Henares,28850,Madrid,Mercado Parque Corredor del Henares
Nissan,Juke,Gasolina,7529.0,114.0,manual,22890,Madrid,28021,Madrid,Madrid
Nissan,Juke,Diésel,64285.0,110.0,manual,16962,Murcia,30003,Murcia,Murcia
Nissan,Juke,Diésel,64285.0,110.0,manual,16962,Granollers,8403,Barcelona,Granollers
Nissan,Juke,Diésel,64285.0,110.0,manual,16962,Puerto de Sagunto,46520,Valencia,Puerto de Sagunto
Nissan,Juke,Diésel,64285.0,110.0,manual,16962,Valdepeñas,13300,Ciudad Real,Valdepeñas
Nissan,Juke,Diésel,64285.0,110.0,manual,16962,Valdepeñas,13300,Ciudad Real,Valdepeñas
Nissan,Note,Diésel,280000.0,103.0,manual,3300,Terrassa,8221,Barcelona,Terrassa
Nissan,Note,Diésel,67036.0,90.0,manual,179,Girona,17007,Girona,Girona
Nissan,Note,Diésel,148675.0,90.0,manual,8990,Barrio Peral,30300,Murcia,Barrio Peral
Nissan,Note,Gasolina,81000.0,88.0,manual,7990,San Bizenti-Barakaldo,48902,Bizkaia,San Bizenti-Barakaldo
Nissan,Townstar,Gasolina,758.0,130.0,manual,27300,Sant Boi de Llobregat,8830,Barcelona,Sant Boi de Llobregat
Nissan,Atleon,Diésel,220000.0,140.0,manual,12900,Baza,18800,Granada,Baza
Nissan,Atleon,Diésel,649000.0,150.0,manual,6950,Viladecans,8840,Barcelona,Viladecans
Nissan,Micra,Gasolina,123375.0,82.0,automatic,1990,Madrid,28026,Madrid,Madrid
Nissan,Micra,Gasolina,55560.0,100.0,manual,13490,Vigo,36211,Pontevedra,Vigo
Nissan,Micra,Gasolina,55560.0,100.0,manual,13490,Bilbao,48004,Bizkaia,Bilbao
Nissan,Micra,Gasolina,55560.0,100.0,manual,13490,Sevilla,41005,Sevilla,Sevilla
Nissan,Micra,Gasolina,55560.0,100.0,manual,13490,Murcia,30005,Murcia,Murcia
Nissan,Micra,Gasolina,55560.0,100.0,manual,13490,Granada,18005,Granada,Granada
Nissan,Micra,Gasolina,55560.0,100.0,manual,13490,Urbanizacion La Granjilla,28700,Madrid,Urbanizacion La Granjilla
Nissan,Micra,Gasolina,55560.0,100.0,manual,13490,Toledo,45002,Toledo,Toledo
Nissan,Micra,Gasolina,55560.0,100.0,manual,13490,Collado Villalba,28400,Madrid,Collado Villalba
Nissan,Micra,Gasolina,55560.0,100.0,manual,13490,Collado Villalba,28400,Madrid,Collado Villalba
Nissan,Micra,Gasolina,55560.0,100.0,manual,13490,Las Rozas de Madrid,28232,Madrid,Las Rozas de Madrid
Nissan,Micra,Gasolina,55560.0,100.0,manual,13490,Fuenlabrada,28947,Madrid,Fuenlabrada
Nissan,Micra,Gasolina,55560.0,100.0,manual,13490,Camarma de Esteruelas,28816,Madrid,Camarma de Esteruelas
Nissan,Micra,Gasolina,55560.0,100.0,manual,13490,Camarma de Esteruelas,28816,Madrid,Camarma de Esteruelas
Nissan,Micra,Gasolina,126000.0,80.0,manual,7500,Madrid,28019,Madrid,Madrid
Nissan,Leaf,Eléctrico,44000.0,150.0,automatic,18900,Cornella de Llobregat,8940,Barcelona,Cornella de Llobregat
Nissan,Leaf,Eléctrico,73060.0,150.0,automatic,21620,Mercado Parque Corredor del Henares,28850,Madrid,Mercado Parque Corredor del Henares
Nissan,Leaf,Eléctrico,73060.0,150.0,automatic,21620,Vigo,36214,Pontevedra,Vigo
Nissan,Leaf,Eléctrico,73060.0,150.0,automatic,21620,Saladar,3700,Alicante,Saladar
Nissan,Leaf,Eléctrico,73060.0,150.0,automatic,21620,Granollers,8403,Barcelona,Granollers
Nissan,Leaf,Eléctrico,73060.0,150.0,automatic,21620,Estepona,29680,Málaga,Estepona
Nissan,Leaf,Eléctrico,73060.0,150.0,automatic,21620,Puerto de Sagunto,46520,Valencia,Puerto de Sagunto
Nissan,Leaf,Eléctrico,73060.0,150.0,automatic,21620,Valdepeñas,13300,Ciudad Real,Valdepeñas
Nissan,Leaf,Eléctrico,73060.0,150.0,automatic,21620,Valdepeñas,13300,Ciudad Real,Valdepeñas
Nissan,Leaf,Eléctrico,73060.0,150.0,automatic,21620,Santa Maria del Aguila,4710,Almería,Santa Maria del Aguila
Nissan,Leaf,Eléctrico,73060.0,150.0,automatic,21620,Sant Vicenç de Montalt,8394,Barcelona,Sant Vicenç de Montalt
Nissan,Leaf,Eléctrico,73060.0,150.0,automatic,21620,Ciudad Real,13003,Ciudad Real,Ciudad Real
Nissan,Leaf,Eléctrico,73060.0,150.0,automatic,21620,Barcelona,8007,Barcelona,Barcelona
Nissan,Leaf,Eléctrico,73060.0,150.0,automatic,21620,Santiago de Compostela,15703,A Coruña,Santiago de Compostela
Nissan,Leaf,Eléctrico,73060.0,150.0,automatic,21620,Alicante,3007,Alicante,Alicante
Nissan,Leaf,Eléctrico,73060.0,150.0,automatic,21620,Alcobendas,28100,Madrid,Alcobendas
Nissan,Leaf,Eléctrico,73060.0,150.0,automatic,21620,Castello/Castellon de La Plana,12100,Castellón,Castello/Castellon de La Plana
Nissan,Leaf,Eléctrico,73060.0,150.0,automatic,21620,Las Rozas de Madrid,28232,Madrid,Las Rozas de Madrid
Nissan,Leaf,Eléctrico,73060.0,150.0,automatic,21620,Alzira,46600,Valencia,Alzira
Nissan,Leaf,Eléctrico,73060.0,150.0,automatic,21620,Alzira,46600,Valencia,Alzira
Nissan,Leaf,Eléctrico,73060.0,150.0,automatic,21620,Torremolinos,29620,Málaga,Torremolinos
Nissan,Leaf,Eléctrico,73060.0,150.0,automatic,21620,Torremolinos,29620,Málaga,Torremolinos
Nissan,Leaf,Eléctrico,73060.0,150.0,automatic,21620,Torremolinos,29620,Málaga,Torremolinos
Nissan,Leaf,Eléctrico,73060.0,150.0,automatic,21620,Santafe,18320,Granada,Santafe
Nissan,Leaf,Eléctrico,73060.0,150.0,automatic,21620,Alcalá de Guadaíra,41500,Sevilla,Alcalá de Guadaíra
Nissan,Leaf,Eléctrico,73060.0,150.0,automatic,21620,Zaragoza,50013,Zaragoza,Zaragoza
Nissan,Leaf,Eléctrico,73060.0,150.0,automatic,21620,Mercabilbao,48970,Bizkaia,Mercabilbao
Nissan,Leaf,Eléctrico,73060.0,150.0,automatic,21620,Getafe,28906,Madrid,Getafe
Nissan,Leaf,Eléctrico,73060.0,150.0,automatic,21620,Colonia Pablo Iglesias,28520,Madrid,Colonia Pablo Iglesias
Nissan,Leaf,Eléctrico,73060.0,150.0,automatic,21620,Collado Villalba,28400,Madrid,Collado Villalba
Nissan,Leaf,Eléctrico,73060.0,150.0,automatic,21620,Collado Villalba,28400,Madrid,Collado Villalba
Nissan,Leaf,Eléctrico,73060.0,150.0,automatic,21620,Alameda del Obispo,14005,Córdoba,Alameda del Obispo
Nissan,Leaf,Eléctrico,67000.0,150.0,manual,21890,Leganés,28911,Madrid,Leganés
Nissan,Leaf,Eléctrico,67000.0,150.0,manual,21890,Alcorcón,28924,Madrid,Alcorcón
Nissan,Leaf,Eléctrico,123001.0,150.0,automatic,18790,Agirre-Aperribai,48960,Bizkaia,Agirre-Aperribai
Renault,Scenic,Diésel,250.0,105.0,manual,1190,Pontevedra,36164,Pontevedra,Pontevedra
Renault,Scenic,Gasolina,151000.0,110.0,manual,4995,Bonavista,43100,Tarragona,Bonavista
Renault,Scenic,Gasolina,151000.0,110.0,manual,4995,Bonavista,43100,Tarragona,Bonavista
Renault,Scenic,Diésel,181000.0,105.0,manual,6999,El Cigarral,29120,Málaga,El Cigarral
Renault,Scenic,Diésel,235000.0,105.0,manual,2690,Camping Costa Blanca,43850,Tarragona,Camping Costa Blanca
Renault,Scenic,Gasolina,106000.0,140.0,manual,18500,Alcalá de Henares,28801,Madrid,Alcalá de Henares
Renault,Scenic,Diésel,229000.0,95.0,manual,12900,Puerto Lumbreras,30890,Murcia,Puerto Lumbreras
Renault,Scenic,Diésel,229000.0,95.0,manual,12900,Puerto Lumbreras,30890,Murcia,Puerto Lumbreras
Renault,Scenic,Diésel,128592.0,110.0,manual,8900,Cieza,30530,Murcia,Cieza
Renault,Scenic,Diésel,222405.0,105.0,manual,1450,Madrid,28026,Madrid,Madrid
Renault,Koleos,Diésel,116065.0,175.0,automatic,21650,Los Negrales,28430,Madrid,Los Negrales
Renault,Koleos,Diésel,116065.0,175.0,automatic,21650,Los Negrales,28430,Madrid,Los Negrales
Renault,Koleos,Diésel,162000.0,150.0,manual,8500,Cardedeu,8440,Barcelona,Cardedeu
Renault,Koleos,Diésel,162000.0,150.0,manual,8500,Cardedeu,8440,Barcelona,Cardedeu
Renault,Captur,Diésel,65005.0,90.0,manual,12900,Cieza,30530,Murcia,Cieza
Renault,Captur,Diésel,199468.0,90.0,manual,10875,Valencia,46003,Valencia,Valencia
Renault,Captur,Gasolina,79000.0,89.0,manual,223,Gandía,46701,Valencia,Gandía
Renault,Kangoo,Diésel,173804.0,75.0,manual,8750,Canals,46650,Valencia,Canals
Renault,Captur,Gasolina,77000.0,89.0,manual,223,Gandía,46701,Valencia,Gandía
Renault,Captur,Gasolina,82000.0,89.0,manual,217,Gandía,46701,Valencia,Gandía
Renault,Captur,Diésel,76000.0,89.0,manual,209,Gandía,46701,Valencia,Gandía
Renault,Captur,Gasolina,89000.0,89.0,manual,330,Valencia,46005,Valencia,Valencia
Renault,Captur,Gasolina,85000.0,89.0,manual,330,Valencia,46005,Valencia,Valencia
Renault,Captur,Gasolina,81000.0,130.0,manual,441,Sevilla,41018,Sevilla,Sevilla
Renault,Captur,Gasolina,84000.0,89.0,manual,330,Sevilla,41018,Sevilla,Sevilla
Renault,Captur,Gasolina,82000.0,89.0,manual,330,Sevilla,41018,Sevilla,Sevilla
Renault,Captur,Gasolina,93000.0,89.0,manual,320,Sevilla,41018,Sevilla,Sevilla
Renault,Captur,Gasolina,84000.0,89.0,manual,217,Madrid,28009,Madrid,Madrid
Renault,Captur,Gasolina,87000.0,89.0,manual,326,Madrid,28009,Madrid,Madrid
Renault,Captur,Gasolina,76000.0,89.0,manual,387,Barcelona,8009,Barcelona,Barcelona
Renault,Captur,Gasolina,72000.0,89.0,manual,387,Barcelona,8009,Barcelona,Barcelona
Renault,Captur,Gasolina,89000.0,89.0,manual,330,Barcelona,8009,Barcelona,Barcelona
Renault,Captur,Gasolina,82000.0,89.0,manual,330,Barcelona,8009,Barcelona,Barcelona
Renault,Captur,Gasolina,90000.0,89.0,manual,320,Barcelona,8009,Barcelona,Barcelona
Renault,Captur,Gasolina,77000.0,89.0,manual,387,Madrid,28006,Madrid,Madrid
Renault,Captur,Gasolina,58427.0,90.0,manual,295,Madrid,28014,Madrid,Madrid
Renault,Captur,Gasolina,95000.0,89.0,manual,320,Madrid,28006,Madrid,Madrid
Renault,Captur,Diésel,50212.0,90.0,manual,12990,Vigo,36211,Pontevedra,Vigo
Renault,Captur,Diésel,50212.0,90.0,manual,12990,Castellón,12001,Castellón,Castellón
Renault,Captur,Diésel,50212.0,90.0,manual,12990,Almería,4006,Almería,Almería
Renault,Captur,Diésel,50212.0,90.0,manual,12990,Bilbao,48004,Bizkaia,Bilbao
Renault,Captur,Diésel,50212.0,90.0,manual,12990,Alicante,3010,Alicante,Alicante
Renault,Captur,Diésel,50212.0,90.0,manual,12990,Alicante,3010,Murcia,Alicante
Renault,Captur,Diésel,50212.0,90.0,manual,12990,Murcia,30005,Murcia,Murcia
Renault,Captur,Diésel,50212.0,90.0,manual,12990,Valencia,46001,Valencia,Valencia
Renault,Captur,Diésel,50212.0,90.0,manual,12990,Málaga,29005,Málaga,Málaga
Renault,Arkana,Eléctrico,5500.0,145.0,automatic,32490,Burgos,9007,Burgos,Burgos
Renault,Arkana,Gasolina,30440.0,140.0,automatic,30992,Puerto de Sagunto,46520,Valencia,Puerto de Sagunto
Renault,Arkana,Eléctrico,5421.0,145.0,automatic,31990,Sant Boi de Llobregat,8830,Barcelona,Sant Boi de Llobregat
Renault,Arkana,Gasolina,18317.0,140.0,automatic,30440,Esplugues de Llobregat,8950,Barcelona,Esplugues de Llobregat
Renault,Arkana,Gasolina,12966.0,140.0,automatic,29440,Esplugues de Llobregat,8950,Barcelona,Esplugues de Llobregat
Renault,Arkana,Gasolina,13900.0,140.0,automatic,30969,Esplugues de Llobregat,8950,Barcelona,Esplugues de Llobregat
Renault,Master,Diésel,274000.0,100.0,manual,2900,Poligono Industrial Aimayr,28330,Madrid,Poligono Industrial Aimayr
Renault,Master,Diésel,90603.0,110.0,manual,24290,Antequera,29200,Málaga,Antequera
Renault,Master,Diésel,105000.0,145.0,manual,36290,Antequera,29200,Málaga,Antequera
Renault,Master,Diésel,148000.0,110.0,manual,18942,Montcada i Reixac,8110,Barcelona,Montcada i Reixac
Renault,Grand Scenic,Gasolina,96000.0,140.0,manual,473,Sevilla,41018,Sevilla,Sevilla
Renault,Grand Scenic,Diésel,114000.0,110.0,manual,468,Barcelona,8009,Barcelona,Barcelona
Renault,Grand Scenic,Diésel,148947.0,130.0,manual,16990,Almería,4006,Almería,Almería
Renault,Grand Scenic,Diésel,148947.0,130.0,manual,16990,Vigo,36211,Pontevedra,Vigo
Renault,Grand Scenic,Diésel,148947.0,130.0,manual,16990,Sevilla,41005,Sevilla,Sevilla
Renault,Grand Scenic,Diésel,148947.0,130.0,manual,16990,Alicante,3010,Alicante,Alicante
Renault,Grand Scenic,Diésel,148947.0,130.0,manual,16990,Alicante,3010,Murcia,Alicante
Renault,Grand Scenic,Diésel,148947.0,130.0,manual,16990,Pamplona/Iruña,31001,Navarra,Pamplona/Iruña
Renault,Grand Scenic,Diésel,148947.0,130.0,manual,16990,Valencia,46001,Valencia,Valencia
Renault,Grand Scenic,Diésel,148947.0,130.0,manual,16990,Málaga,29005,Málaga,Málaga
Renault,Grand Scenic,Diésel,148947.0,130.0,manual,16990,Murcia,30005,Murcia,Murcia
Renault,Grand Scenic,Diésel,148947.0,130.0,manual,16990,Santander,39010,Cantabria,Santander
Renault,Kadjar,Gasolina,24672.0,132.0,manual,21500,Marbella,29601,Málaga,Marbella
Renault,Kadjar,Gasolina,65000.0,140.0,manual,18999,Alcalá de Guadaíra,41500,Sevilla,Alcalá de Guadaíra
Renault,Kadjar,Diésel,158000.0,110.0,manual,13800,Úbeda,23400,Jaén,Úbeda
Renault,Kadjar,Diésel,39000.0,110.0,manual,481,Barcelona,8009,Barcelona,Barcelona
Renault,Kadjar,Gasolina,45221.0,163.0,manual,375,Madrid,28014,Madrid,Madrid
Renault,Kadjar,Diésel,115000.0,110.0,manual,468,Madrid,28006,Madrid,Madrid
Renault,Kadjar,Diésel,99950.0,110.0,manual,410,Madrid,28006,Madrid,Madrid
Renault,Kadjar,Diésel,114000.0,110.0,manual,450,Madrid,28006,Madrid,Madrid
Renault,Kadjar,Gasolina,25000.0,130.0,manual,15990,Almería,4006,Almería,Almería
Renault,Kadjar,Gasolina,25000.0,130.0,manual,15990,Bilbao,48004,Bizkaia,Bilbao
Renault,Kadjar,Gasolina,25000.0,130.0,manual,15990,Sevilla,41005,Sevilla,Sevilla
Renault,Kadjar,Gasolina,25000.0,130.0,manual,15990,Murcia,30005,Murcia,Murcia
Renault,Kadjar,Gasolina,25000.0,130.0,manual,15990,Granada,18005,Granada,Granada
Renault,Kadjar,Gasolina,25000.0,130.0,manual,15990,Málaga,29005,Málaga,Málaga
Renault,Kadjar,Gasolina,25000.0,130.0,manual,15990,Oviedo,33003,Asturias,Oviedo
Renault,Kadjar,Gasolina,25000.0,130.0,manual,15990,Santander,39010,Cantabria,Santander
Renault,Kadjar,Gasolina,77000.0,132.0,manual,17900,Alcorisa,44550,Teruel,Alcorisa
Renault,Kadjar,Gasolina,89110.0,140.0,manual,18600,Rivas Vaciamadrid,28521,Madrid,Rivas Vaciamadrid
Renault,Kadjar,Gasolina,79713.0,160.0,manual,20490,Madrid,28021,Madrid,Madrid
Renault,Kadjar,Gasolina,87159.0,130.0,manual,14890,Málaga,29005,Málaga,Málaga
Renault,Kadjar,Gasolina,99829.0,140.0,automatic,17990,Alcalá de Guadaíra,41500,Sevilla,Alcalá de Guadaíra
Renault,Kadjar,Gasolina,99829.0,140.0,automatic,17990,Málaga,29004,Málaga,Málaga
Renault,Kadjar,Diésel,66332.0,130.0,manual,17450,Móstoles,28938,Madrid,Móstoles
Renault,Kadjar,Gasolina,27000.0,140.0,manual,20400,Arroyo de La Miel,29631,Málaga,Arroyo de La Miel
Renault,Kadjar,Gasolina,21112.0,140.0,manual,23981,Esplugues de Llobregat,8950,Barcelona,Esplugues de Llobregat
Renault,Kangoo,Diésel,231000.0,75.0,manual,8500,Albatera,3340,Alicante,Albatera
Renault,Kangoo,Diésel,230000.0,75.0,manual,8500,Puerto Lumbreras,30890,Murcia,Puerto Lumbreras
Renault,Kangoo,Diésel,230000.0,75.0,manual,8500,Puerto Lumbreras,30890,Murcia,Puerto Lumbreras
Renault,Kangoo,Diésel,196800.0,75.0,manual,6990,Castello/Castellon de La Plana,12100,Castellón,Castello/Castellon de La Plana
Renault,Kangoo,Diésel,210000.0,85.0,manual,1999,San Martin,28939,Madrid,San Martin
Renault,Kangoo,Diésel,210000.0,85.0,manual,1999,San Martin,28939,Madrid,San Martin
Renault,Kangoo,Diésel,115934.0,90.0,manual,14900,Cieza,30530,Murcia,Cieza
Renault,Kangoo,Diésel,118272.0,90.0,manual,7699,Madrid,28014,Madrid,Madrid
Renault,Kangoo,Diésel,118272.0,90.0,manual,7699,Barcelona,8007,Barcelona,Barcelona
SsangYong,Tivoli,Diésel,100000.0,136.0,manual,12800,Gelves,41120,Sevilla,Gelves
SsangYong,XLV,Diésel,91888.0,115.0,manual,15353,Las Rozas de Madrid,28232,Madrid,Las Rozas de Madrid
SsangYong,XLV,Diésel,91888.0,115.0,manual,15353,Vigo,36214,Pontevedra,Vigo
SsangYong,XLV,Diésel,91888.0,115.0,manual,15353,Torremolinos,29620,Málaga,Torremolinos
SsangYong,XLV,Diésel,91888.0,115.0,manual,15353,Torremolinos,29620,Málaga,Torremolinos
SsangYong,XLV,Diésel,91888.0,115.0,manual,15353,Torremolinos,29620,Málaga,Torremolinos
SsangYong,XLV,Diésel,91888.0,115.0,manual,15353,Puerto de Sagunto,46520,Valencia,Puerto de Sagunto
SsangYong,XLV,Diésel,91888.0,115.0,manual,15353,Estepona,29680,Málaga,Estepona
SsangYong,XLV,Diésel,91888.0,115.0,manual,15353,Santiago de Compostela,15703,A Coruña,Santiago de Compostela
SsangYong,XLV,Diésel,91888.0,115.0,manual,15353,Paterna,46980,Valencia,Paterna
SsangYong,XLV,Diésel,91888.0,115.0,manual,15353,Castello/Castellon de La Plana,12100,Castellón,Castello/Castellon de La Plana
SsangYong,XLV,Diésel,91888.0,115.0,manual,15353,Mercabilbao,48970,Bizkaia,Mercabilbao
SsangYong,XLV,Diésel,91888.0,115.0,manual,15353,Alcalá de Guadaíra,41500,Sevilla,Alcalá de Guadaíra
SsangYong,XLV,Diésel,91888.0,115.0,manual,15353,Alzira,46600,Valencia,Alzira
SsangYong,XLV,Diésel,91888.0,115.0,manual,15353,Alzira,46600,Valencia,Alzira
SsangYong,XLV,Diésel,91888.0,115.0,manual,15353,Atarrabia,31610,Navarra,Atarrabia
SsangYong,XLV,Diésel,91888.0,115.0,manual,15353,Colonia Pablo Iglesias,28520,Madrid,Colonia Pablo Iglesias
SsangYong,XLV,Diésel,91888.0,115.0,manual,15353,Alcobendas,28100,Madrid,Alcobendas
SsangYong,XLV,Diésel,91888.0,115.0,manual,15353,Alameda del Obispo,14005,Córdoba,Alameda del Obispo
SsangYong,XLV,Gasolina,83900.0,128.0,manual,11990,Málaga,29005,Málaga,Málaga
SsangYong,XLV,Gasolina,83900.0,128.0,manual,11990,Almería,4006,Almería,Almería
SsangYong,XLV,Gasolina,83900.0,128.0,manual,11990,Valencia,46001,Valencia,Valencia
SsangYong,XLV,Gasolina,83900.0,128.0,manual,11990,Alicante,3010,Alicante,Alicante
SsangYong,XLV,Gasolina,83900.0,128.0,manual,11990,Alicante,3010,Murcia,Alicante
SsangYong,XLV,Gasolina,83900.0,128.0,manual,11990,Bilbao,48004,Bizkaia,Bilbao
SsangYong,XLV,Gasolina,83900.0,128.0,manual,11990,Palma de Mallorca,7003,Baleares,Palma de Mallorca
SsangYong,XLV,Gasolina,83900.0,128.0,manual,11990,Òrrius,8317,Barcelona,Òrrius
SsangYong,XLV,Gasolina,83900.0,128.0,manual,11990,Vigo,36211,Pontevedra,Vigo
SsangYong,XLV,Gasolina,83900.0,128.0,manual,11990,Palau-Solita I Plegamans,8184,Barcelona,Palau-Solita I Plegamans
SsangYong,XLV,Gasolina,83900.0,128.0,manual,11990,Palau-Solita I Plegamans,8184,Barcelona,Palau-Solita I Plegamans
SsangYong,XLV,Gasolina,83900.0,128.0,manual,11990,Sevilla,41005,Sevilla,Sevilla
SsangYong,XLV,Gasolina,83900.0,128.0,manual,11990,Murcia,30005,Murcia,Murcia
SsangYong,Korando,Diésel,114000.0,175.0,automatic,10990,Sevilla,41005,Sevilla,Sevilla
SsangYong,Korando,Diésel,114000.0,175.0,automatic,10990,Vigo,36211,Pontevedra,Vigo
SsangYong,Korando,Diésel,114000.0,175.0,automatic,10990,Bilbao,48004,Bizkaia,Bilbao
SsangYong,Korando,Diésel,114000.0,175.0,automatic,10990,Alicante,3010,Alicante,Alicante
SsangYong,Korando,Diésel,114000.0,175.0,automatic,10990,Alicante,3010,Murcia,Alicante
SsangYong,Korando,Diésel,114000.0,175.0,automatic,10990,Granada,18005,Granada,Granada
SsangYong,Korando,Diésel,114000.0,175.0,automatic,10990,Málaga,29005,Málaga,Málaga
SsangYong,Korando,Diésel,114000.0,175.0,automatic,10990,Murcia,30005,Murcia,Murcia
SsangYong,Korando,Diésel,114000.0,175.0,automatic,10990,Palma de Mallorca,7003,Baleares,Palma de Mallorca
SsangYong,Korando,Diésel,151037.0,175.0,automatic,9799,Madrid,28014,Madrid,Madrid
SsangYong,Korando,Diésel,151037.0,175.0,automatic,9799,Barcelona,8007,Barcelona,Barcelona
SsangYong,Korando,Diésel,112539.0,178.0,manual,13299,Barcelona,8007,Barcelona,Barcelona
SsangYong,Korando,Diésel,143978.0,150.0,manual,11099,Madrid,28014,Madrid,Madrid
SsangYong,Korando,Gasolina,35986.0,163.0,manual,19499,Barcelona,8007,Barcelona,Barcelona
SsangYong,Korando,Diésel,62134.0,149.0,manual,11990,Murcia,30005,Murcia,Murcia
SsangYong,Korando,Diésel,70734.0,175.0,automatic,10990,Sevilla,41005,Sevilla,Sevilla
SsangYong,Korando,Gasolina,39371.0,146.0,manual,19199,Madrid,28014,Madrid,Madrid
SsangYong,Tivoli,Gasolina,7198.0,128.0,manual,14990,Tarragona,43006,Tarragona,Tarragona
SsangYong,Tivoli,Gasolina,7198.0,128.0,manual,14990,Silla,46460,Valencia,Silla
SsangYong,Tivoli,Gasolina,15000.0,128.0,manual,18450,Majadahonda,28222,Madrid,Majadahonda
SsangYong,Tivoli,Gasolina,30512.0,128.0,manual,18000,Las Rozas de Madrid,28232,Madrid,Las Rozas de Madrid
SsangYong,Korando,Diésel,70734.0,175.0,automatic,10990,Almería,4006,Almería,Almería
SsangYong,Korando,Diésel,70734.0,175.0,automatic,10990,Málaga,29005,Málaga,Málaga
SsangYong,Korando,Diésel,62134.0,149.0,manual,11990,Málaga,29005,Málaga,Málaga
SsangYong,Tivoli,Gasolina,30512.0,128.0,manual,18000,Ciudad Real,13003,Ciudad Real,Ciudad Real
SsangYong,Korando,Gasolina,36595.0,163.0,automatic,26990,Leganés,28916,Madrid,Leganés
SsangYong,Korando,Gasolina,36595.0,163.0,automatic,26990,Madrid,28046,Madrid,Madrid
SsangYong,Korando,Gasolina,36595.0,163.0,automatic,26990,Las Rozas de Madrid,28232,Madrid,Las Rozas de Madrid
SsangYong,Tivoli,Gasolina,30512.0,128.0,manual,18000,Barcelona,8007,Barcelona,Barcelona
SsangYong,Tivoli,Gasolina,30512.0,128.0,manual,18000,Murcia,30003,Murcia,Murcia
SsangYong,Tivoli,Gasolina,30512.0,128.0,manual,18000,Estepona,29680,Málaga,Estepona
SsangYong,Tivoli,Gasolina,30512.0,128.0,manual,18000,Sant Vicenç de Montalt,8394,Barcelona,Sant Vicenç de Montalt
SsangYong,Tivoli,Gasolina,30512.0,128.0,manual,18000,Santa Maria del Aguila,4710,Almería,Santa Maria del Aguila
SsangYong,Tivoli,Gasolina,30512.0,128.0,manual,18000,Santafe,18320,Granada,Santafe
SsangYong,Tivoli,Gasolina,30512.0,128.0,manual,18000,Paterna,46980,Valencia,Paterna
SsangYong,Tivoli,Gasolina,30512.0,128.0,manual,18000,Santiago de Compostela,15703,A Coruña,Santiago de Compostela
SsangYong,Tivoli,Gasolina,30512.0,128.0,manual,18000,Vigo,36214,Pontevedra,Vigo
SsangYong,Tivoli,Gasolina,30512.0,128.0,manual,18000,Zaragoza,50013,Zaragoza,Zaragoza
SsangYong,Tivoli,Gasolina,30512.0,128.0,manual,18000,Puerto de Sagunto,46520,Valencia,Puerto de Sagunto
Renault,Trafic,Diésel,150000.0,145.0,manual,19500,Villanueva del Arzobispo,23330,Jaén,Villanueva del Arzobispo
Renault,Talisman,Diésel,82039.0,130.0,automatic,18900,Cieza,30530,Murcia,Cieza
Renault,Talisman,Diésel,169544.0,131.0,automatic,13800,La Poveda,28500,Madrid,La Poveda
Renault,Talisman,Diésel,163792.0,160.0,automatic,15975,Valencia,46003,Valencia,Valencia
Renault,Talisman,Diésel,163792.0,160.0,automatic,15975,Parla,28980,Madrid,Parla
Renault,Talisman,Diésel,49000.0,149.0,manual,446,Valencia,46005,Valencia,Valencia
Renault,Talisman,Diésel,75000.0,149.0,manual,438,Valencia,46005,Valencia,Valencia
Renault,Talisman,Diésel,72000.0,149.0,manual,438,Sevilla,41018,Sevilla,Sevilla
Renault,Talisman,Diésel,75000.0,149.0,manual,235,Madrid,28009,Madrid,Madrid
Renault,Talisman,Diésel,88923.0,120.0,manual,17290,Madrid,28021,Madrid,Madrid
Renault,Talisman,Diésel,86260.0,110.0,manual,14190,Òrrius,8317,Barcelona,Òrrius
Renault,Talisman,Diésel,86260.0,110.0,manual,14190,Vigo,36211,Pontevedra,Vigo
Renault,Talisman,Diésel,86260.0,110.0,manual,14190,Ullastrell,8231,Barcelona,Ullastrell
Renault,Talisman,Diésel,86260.0,110.0,manual,14190,Castellón,12001,Castellón,Castellón
Renault,Talisman,Diésel,86260.0,110.0,manual,14190,Almería,4006,Almería,Almería
Renault,Talisman,Diésel,86260.0,110.0,manual,14190,Bilbao,48004,Bizkaia,Bilbao
Renault,Talisman,Diésel,86260.0,110.0,manual,14190,Sevilla,41005,Sevilla,Sevilla
Renault,Talisman,Diésel,86260.0,110.0,manual,14190,Murcia,30005,Murcia,Murcia
Renault,Talisman,Diésel,86260.0,110.0,manual,14190,Granada,18005,Granada,Granada
Renault,Talisman,Diésel,89019.0,110.0,manual,14900,Alcalá de Henares,28801,Madrid,Alcalá de Henares
Renault,Talisman,Diésel,89019.0,110.0,manual,14900,Granada,18002,Granada,Granada
Renault,Talisman,Diésel,89019.0,110.0,manual,14900,Urbanitzacio El Medol,43150,Tarragona,Urbanitzacio El Medol
Renault,Talisman,Diésel,86260.0,110.0,manual,14190,Palma de Mallorca,7003,Baleares,Palma de Mallorca
Renault,Talisman,Diésel,86260.0,110.0,manual,14190,Tarragona,43006,Tarragona,Tarragona
Renault,Talisman,Diésel,86260.0,110.0,manual,14190,Palau-Solita I Plegamans,8184,Barcelona,Palau-Solita I Plegamans
Renault,Talisman,Diésel,86260.0,110.0,manual,14190,Palau-Solita I Plegamans,8184,Barcelona,Palau-Solita I Plegamans
Renault,Talisman,Diésel,89019.0,110.0,manual,14900,Zaragoza,50003,Zaragoza,Zaragoza
Renault,Talisman,Diésel,89019.0,110.0,manual,14900,Murcia,30001,Murcia,Murcia
Opel,Vivaro,Diésel,68400.0,120.0,manual,27200,Antequera,29200,Málaga,Antequera
Opel,Vivaro,Diésel,83477.0,145.0,manual,20990,Vigo,36211,Pontevedra,Vigo
Opel,Vivaro,Diésel,83477.0,145.0,manual,20990,Almería,4006,Almería,Almería
Opel,Vivaro,Diésel,83477.0,145.0,manual,20990,Bilbao,48004,Bizkaia,Bilbao
Opel,Vivaro,Diésel,83477.0,145.0,manual,20990,Sevilla,41005,Sevilla,Sevilla
Opel,Vivaro,Diésel,83477.0,145.0,manual,20990,Alicante,3010,Alicante,Alicante
Opel,Vivaro,Diésel,83477.0,145.0,manual,20990,Alicante,3010,Murcia,Alicante
Opel,Vivaro,Diésel,83477.0,145.0,manual,20990,Algeciras,11202,Cádiz,Algeciras
Opel,Vivaro,Diésel,83477.0,145.0,manual,20990,Granada,18005,Granada,Granada
Opel,Vivaro,Diésel,83477.0,145.0,manual,20990,Marbella,29601,Málaga,Marbella
Opel,Vivaro,Diésel,83477.0,145.0,manual,20990,Valencia,46001,Valencia,Valencia
Opel,Vivaro,Diésel,83477.0,145.0,manual,20990,Málaga,29005,Málaga,Málaga
Opel,Vivaro,Diésel,140000.0,100.0,manual,7500,Begíjar,23520,Jaén,Begíjar
Opel,Vivaro,Diésel,50.0,102.0,manual,25900,Sevilla,41004,Sevilla,Sevilla
Opel,Vivaro,Diésel,50.0,102.0,manual,25900,Barcelona,8008,Barcelona,Barcelona
Opel,Vivaro,Diésel,135000.0,145.0,manual,18990,Sevilla,41017,Sevilla,Sevilla
Opel,Omega,Gasolina,190000.0,122.0,manual,1250,Poligono Da Louzaneta,27297,Lugo,Poligono Da Louzaneta
SsangYong,Tivoli,Diésel,37160.0,136.0,manual,14990,Cáceres,10001,Cáceres,Cáceres
SsangYong,Tivoli,Gasolina,24870.0,128.0,manual,15499,Madrid,28014,Madrid,Madrid
SsangYong,Tivoli,Diésel,138261.0,115.0,manual,11990,Santander,39010,Cantabria,Santander
SsangYong,Tivoli,Diésel,25000.0,115.0,manual,17995,San Fernando de Henares,28830,Madrid,San Fernando de Henares
SsangYong,Tivoli,Gasolina,7198.0,128.0,manual,14990,Sevilla,41005,Sevilla,Sevilla
SsangYong,Tivoli,Gasolina,7198.0,128.0,manual,14990,Palma de Mallorca,7003,Baleares,Palma de Mallorca
Opel,Corsa-e,Eléctrico,2170.0,136.0,automatic,27900,Valdepeñas,13300,Ciudad Real,Valdepeñas
Opel,Corsa-e,Eléctrico,2170.0,136.0,automatic,27900,Valdepeñas,13300,Ciudad Real,Valdepeñas
Opel,Corsa-e,Eléctrico,2170.0,136.0,automatic,27900,Alcalá de Guadaíra,41500,Sevilla,Alcalá de Guadaíra
Opel,Corsa-e,Eléctrico,2170.0,136.0,automatic,27900,Paterna,46980,Valencia,Paterna
Opel,Corsa-e,Eléctrico,2170.0,136.0,automatic,27900,Las Rozas de Madrid,28232,Madrid,Las Rozas de Madrid
Opel,Corsa-e,Eléctrico,2170.0,136.0,automatic,27900,Colonia Pablo Iglesias,28520,Madrid,Colonia Pablo Iglesias
Opel,Corsa-e,Eléctrico,11000.0,136.0,automatic,25580,Elgoibar,20870,Gipuzkoa,Elgoibar
Opel,Corsa-e,Gasolina,71135.0,90.0,manual,9990,Valencia,46002,Valencia,Valencia
Opel,Corsa-e,Gasolina,71135.0,90.0,manual,9990,Sant Boi de Llobregat,8830,Barcelona,Sant Boi de Llobregat
Opel,Corsa-e,Gasolina,71135.0,90.0,manual,9990,Pamplona/Iruña,31003,Navarra,Pamplona/Iruña
Opel,Corsa-e,Gasolina,71135.0,90.0,manual,9990,Agirre-Aperribai,48960,Bizkaia,Agirre-Aperribai
Opel,Corsa-e,Gasolina,71135.0,90.0,manual,9990,Bacarot,3114,Alicante,Bacarot
Opel,Corsa-e,Gasolina,71135.0,90.0,manual,9990,Torrejón de Ardoz,28850,Madrid,Torrejón de Ardoz
Opel,Zafira Tourer,Diésel,111080.0,135.0,manual,14599,Madrid,28014,Madrid,Madrid
Opel,Zafira Tourer,Diésel,111080.0,135.0,manual,14599,Barcelona,8007,Barcelona,Barcelona
Opel,Zafira Tourer,Diésel,71582.0,136.0,manual,12990,Silla,46460,Valencia,Silla
Opel,Zafira Tourer,Diésel,141740.0,130.0,manual,10499,Barcelona,8007,Barcelona,Barcelona
Opel,Zafira Tourer,Diésel,125423.0,120.0,manual,10990,Murcia,30005,Murcia,Murcia
Opel,Zafira Tourer,Gasolina,84756.0,140.0,manual,14990,Granada,18005,Granada,Granada
Opel,Zafira Tourer,Diésel,125423.0,120.0,manual,10990,Granada,18005,Granada,Granada
Opel,Zafira Tourer,Diésel,110400.0,170.0,manual,13800,Trapaga-Causo,48510,Bizkaia,Trapaga-Causo
Opel,Zafira Tourer,Gasolina,84756.0,140.0,manual,14990,Bilbao,48004,Bizkaia,Bilbao
Opel,Zafira Tourer,Diésel,125423.0,120.0,manual,10990,Bilbao,48004,Bizkaia,Bilbao
Opel,Zafira Tourer,Diésel,141740.0,130.0,manual,10499,Madrid,28014,Madrid,Madrid
Opel,Zafira Tourer,Gasolina,84756.0,140.0,manual,14990,Almería,4006,Almería,Almería
Opel,Zafira Tourer,Diésel,125423.0,120.0,manual,10990,Sevilla,41005,Sevilla,Sevilla
Opel,Zafira Tourer,Diésel,125423.0,120.0,manual,10990,Almería,4006,Almería,Almería
Opel,Zafira Tourer,Gasolina,84756.0,140.0,manual,14990,Málaga,29005,Málaga,Málaga
Opel,Zafira Tourer,Diésel,125423.0,120.0,manual,10990,Málaga,29005,Málaga,Málaga
Opel,Zafira Tourer,Diésel,230000.0,130.0,manual,7990,Arriaga,1013,Álava,Arriaga
Opel,Zafira Tourer,Diésel,149079.0,130.0,manual,11490,Dos Hermanas,41703,Sevilla,Dos Hermanas
Opel,Antara,Diésel,178790.0,150.0,automatic,7800,Lucena,14900,Córdoba,Lucena
Opel,Antara,Diésel,182500.0,150.0,manual,8490,San Bizenti-Barakaldo,48902,Bizkaia,San Bizenti-Barakaldo
Opel,Antara,Diésel,132475.0,163.0,manual,10900,Mollet del Vallès,8100,Barcelona,Mollet del Vallès
Opel,Antara,Diésel,132000.0,150.0,manual,11900,Vilanova i la Geltrú,8800,Barcelona,Vilanova i la Geltrú
Opel,Antara,Diésel,206000.0,150.0,manual,7400,Torrejón de Ardoz,28850,Madrid,Torrejón de Ardoz
Opel,Antara,Diésel,140000.0,150.0,automatic,7500,L'Hospitalet de Llobregat,8901,Barcelona,L'Hospitalet de Llobregat
Opel,Antara,Diésel,133000.0,163.0,automatic,12900,El Campello,3560,Alicante,El Campello
Renault,Grand Espace,Diésel,258000.0,150.0,manual,5900,Balmaseda,48800,Bizkaia,Balmaseda
Renault,Grand Espace,Diésel,220000.0,120.0,manual,2900,Gavà,8850,Barcelona,Gavà
Renault,Grand Espace,Gasolina,256000.0,245.0,automatic,3990,Málaga,29004,Málaga,Málaga
Renault,Grand Espace,Diésel,196000.0,175.0,automatic,6700,El Prat de Llobregat,8820,Barcelona,El Prat de Llobregat
Renault,Megane,Diésel,214000.0,110.0,manual,6000,Yecla,30510,Murcia,Yecla
Renault,Megane,Diésel,70000.0,105.0,manual,5990,Valencia,46009,Valencia,Valencia
Renault,Megane,Diésel,198000.0,110.0,manual,5900,Alcañiz,44600,Teruel,Alcañiz
Renault,Twingo,Gasolina,70000.0,110.0,manual,9790,Santander,39010,Cantabria,Santander
Renault,Twingo,Gasolina,40300.0,110.0,manual,12350,Madrid,28046,Madrid,Madrid
Renault,Twingo,Gasolina,38700.0,90.0,manual,10490,Molins de Rei,8750,Barcelona,Molins de Rei
Renault,Twingo,Gasolina,71052.0,70.0,manual,8900,Terrassa,8226,Barcelona,Terrassa
Renault,Twingo,Gasolina,62000.0,90.0,manual,9950,Gijón,33205,Asturias,Gijón
Renault,Twingo,Gasolina,196000.0,75.0,manual,2999,Terrassa,8221,Barcelona,Terrassa
Renault,Twingo,Gasolina,75100.0,70.0,manual,7480,Almería,4006,Almería,Almería
Renault,Twingo,Gasolina,75100.0,70.0,manual,7480,Granada,18005,Granada,Granada
Renault,Twingo,Gasolina,75100.0,70.0,manual,7480,Vigo,36211,Pontevedra,Vigo
Renault,Twingo,Gasolina,48031.0,71.0,manual,9490,Valencia,46002,Valencia,Valencia
Renault,Twingo,Gasolina,75100.0,70.0,manual,7480,Alicante,3010,Alicante,Alicante
Renault,Twingo,Gasolina,75100.0,70.0,manual,7480,Alicante,3010,Murcia,Alicante
Renault,Twingo,Gasolina,75100.0,70.0,manual,7480,Sevilla,41005,Sevilla,Sevilla
Renault,Twingo,Gasolina,75100.0,70.0,manual,7480,Collado Villalba,28400,Madrid,Collado Villalba
Renault,Twingo,Gasolina,75100.0,70.0,manual,7480,Collado Villalba,28400,Madrid,Collado Villalba
Renault,Twingo,Gasolina,75100.0,70.0,manual,7480,Murcia,30005,Murcia,Murcia
Renault,Twingo,Gasolina,75100.0,70.0,manual,7480,Toledo,45002,Toledo,Toledo
Renault,Twingo,Gasolina,75100.0,70.0,manual,7480,Camarma de Esteruelas,28816,Madrid,Camarma de Esteruelas
Renault,Twingo,Gasolina,75100.0,70.0,manual,7480,Camarma de Esteruelas,28816,Madrid,Camarma de Esteruelas
Renault,Twingo,Gasolina,75100.0,70.0,manual,7480,Las Rozas de Madrid,28232,Madrid,Las Rozas de Madrid
Renault,Twingo,Gasolina,75100.0,70.0,manual,7480,Fuenlabrada,28947,Madrid,Fuenlabrada
Renault,Twingo,Gasolina,48031.0,71.0,manual,10690,Gijón,33206,Asturias,Gijón
Renault,Fluence,Diésel,170000.0,110.0,manual,7900,Torrejón de Velasco,28990,Madrid,Torrejón de Velasco
Renault,Modus,Diésel,160000.0,82.0,manual,3500,Tarragona,43005,Tarragona,Tarragona
Renault,Modus,Diésel,0.0,85.0,manual,3299,Fuengirola,29640,Málaga,Fuengirola
Renault,Modus,Diésel,208256.0,80.0,manual,3990,Utebo,50180,Zaragoza,Utebo
Renault,Modus,Diésel,172039.0,82.0,manual,3499,Benimamet,46035,Valencia,Benimamet
Renault,Modus,Diésel,218000.0,85.0,manual,3990,Tordera,8490,Barcelona,Tordera
Renault,Modus,Diésel,257000.0,85.0,manual,3700,Esplugues de Llobregat,8950,Barcelona,Esplugues de Llobregat
Renault,Modus,Diésel,187000.0,90.0,manual,3000,Badalona,8913,Barcelona,Badalona
Renault,Modus,Diésel,286582.0,85.0,manual,3900,Orbazai,27297,Lugo,Orbazai
Renault,Modus,Diésel,88000.0,82.0,manual,4499,San Jose de La Rinconada,41300,Sevilla,San Jose de La Rinconada
Renault,Modus,Diésel,103940.0,85.0,manual,4490,Leioa,48940,Bizkaia,Leioa
Renault,Laguna,Diésel,410000.0,100.0,manual,1500,Artajona,31140,Navarra,Artajona
Renault,Laguna,Diésel,279450.0,150.0,manual,3500,Fuenlabrada,28945,Madrid,Fuenlabrada
Renault,Laguna,Diésel,180639.0,115.0,manual,1390,Madrid,28026,Madrid,Madrid
Renault,Laguna,Diésel,267279.0,130.0,manual,3200,Getafe,28901,Madrid,Getafe
Renault,Laguna,Diésel,267279.0,130.0,manual,3200,Colonia Pablo Iglesias,28520,Madrid,Colonia Pablo Iglesias
Renault,Laguna,Diésel,267279.0,130.0,manual,3200,Hidraulica Santillana,28770,Madrid,Hidraulica Santillana
Renault,Laguna,Diésel,267279.0,130.0,manual,3200,Las Matas,28290,Madrid,Las Matas
Renault,Laguna,Diésel,267279.0,130.0,manual,3200,Collado Villalba,28400,Madrid,Collado Villalba
Renault,Laguna,Diésel,267279.0,130.0,manual,3200,Collado Villalba,28400,Madrid,Collado Villalba
Renault,Clio,Diésel,85000.0,75.0,manual,8990,Murcia,30005,Murcia,Murcia
Renault,Clio,Diésel,85000.0,75.0,manual,8990,Bilbao,48004,Bizkaia,Bilbao
Renault,Clio,Diésel,85000.0,75.0,manual,8990,Granada,18005,Granada,Granada
Renault,Clio,Diésel,85000.0,75.0,manual,8990,Salamanca,37008,Salamanca,Salamanca
Renault,Clio,Diésel,85000.0,75.0,manual,8990,Salamanca,37008,Salamanca,Salamanca
Renault,Clio,Diésel,85000.0,75.0,manual,8990,Sevilla,41005,Sevilla,Sevilla
Renault,Clio,Diésel,85000.0,75.0,manual,8990,Cáceres,10001,Cáceres,Cáceres
Renault,Clio,Gasolina,49666.0,90.0,manual,14460,Málaga,29005,Málaga,Málaga
Renault,Clio,Diésel,85000.0,75.0,manual,8990,Badajoz,6003,Badajoz,Badajoz
Renault,Clio,Diésel,85000.0,75.0,manual,8990,Alicante,3010,Alicante,Alicante
Renault,Clio,Diésel,85000.0,75.0,manual,8990,Alicante,3010,Murcia,Alicante
Renault,Clio,Diésel,27349.0,75.0,manual,11800,A Coruña,15003,A Coruña,A Coruña
Renault,Clio,Diésel,115423.0,75.0,manual,9990,Madrid,28042,Madrid,Madrid
Renault,Clio,Diésel,73250.0,75.0,manual,10490,Madrid,28042,Madrid,Madrid
Renault,Clio,Diésel,27349.0,75.0,manual,11800,Alicante,3001,Alicante,Alicante
Renault,Clio,Diésel,27349.0,75.0,manual,11800,Málaga,29015,Málaga,Málaga
Renault,Clio,Diésel,27349.0,75.0,manual,11800,Sant Cugat del Vallès,8172,Barcelona,Sant Cugat del Vallès
Renault,Clio,Diésel,27349.0,75.0,manual,11800,Valencia,46003,Valencia,Valencia
Renault,Clio,Diésel,97000.0,75.0,manual,10990,Elx/Elche,3201,Alicante,Elx/Elche
Renault,Clio,Diésel,65000.0,75.0,manual,10200,Valencia,46002,Valencia,Valencia
Renault,Clio,Diésel,65000.0,90.0,manual,10200,Bormujos,41930,Sevilla,Bormujos
SEAT,Tarraco,Diésel,83140.0,190.0,automatic,30490,Bilbao,48004,Bizkaia,Bilbao
SEAT,Tarraco,Diésel,106958.0,150.0,manual,25990,Bilbao,48004,Bizkaia,Bilbao
SEAT,Tarraco,Gasolina,44170.0,150.0,manual,23990,Alicante,3010,Alicante,Alicante
SEAT,Tarraco,Gasolina,44170.0,150.0,manual,23990,Alicante,3010,Murcia,Alicante
SEAT,Tarraco,Diésel,105102.0,150.0,manual,25990,Alicante,3010,Alicante,Alicante
SEAT,Tarraco,Diésel,105102.0,150.0,manual,25990,Alicante,3010,Murcia,Alicante
SEAT,Tarraco,Diésel,91000.0,149.0,manual,343,Gandía,46701,Valencia,Gandía
SEAT,Tarraco,Diésel,78000.0,149.0,manual,585,Sevilla,41018,Sevilla,Sevilla
SEAT,Tarraco,Diésel,91000.0,149.0,manual,591,Madrid,28006,Madrid,Madrid
SEAT,Tarraco,Gasolina,98000.0,149.0,manual,558,Madrid,28006,Madrid,Madrid
SEAT,Tarraco,Diésel,69000.0,149.0,manual,333,Madrid,28009,Madrid,Madrid
SEAT,Tarraco,Diésel,78000.0,149.0,manual,581,Barcelona,8007,Barcelona,Barcelona
SEAT,Tarraco,Diésel,80334.0,150.0,manual,22290,Valencia,46002,Valencia,Valencia
SEAT,Tarraco,Diésel,80334.0,150.0,manual,22290,Sant Boi de Llobregat,8830,Barcelona,Sant Boi de Llobregat
SEAT,Tarraco,Diésel,49400.0,150.0,manual,26499,Barcelona,8007,Barcelona,Barcelona
SEAT,Tarraco,Diésel,49400.0,150.0,manual,26499,Madrid,28014,Madrid,Madrid
SEAT,Tarraco,Diésel,53300.0,150.0,manual,27990,Oviedo,33003,Asturias,Oviedo
SEAT,Tarraco,Diésel,34290.0,150.0,manual,29727,Puerto de Sagunto,46520,Valencia,Puerto de Sagunto
SEAT,Tarraco,Diésel,34290.0,150.0,manual,29727,Paterna,46980,Valencia,Paterna
SEAT,Tarraco,Gasolina,105600.0,150.0,manual,26900,Trapaga-Causo,48510,Bizkaia,Trapaga-Causo
SEAT,Tarraco,Diésel,34290.0,150.0,manual,29727,Badajoz,6008,Badajoz,Badajoz
SEAT,Tarraco,Diésel,34290.0,150.0,manual,29727,Las Rozas de Madrid,28232,Madrid,Las Rozas de Madrid
Jeep,Cherokee,Diésel,200000.0,163.0,automatic,7900,Alcaudete,23660,Jaén,Alcaudete
SEAT,Tarraco,Diésel,34290.0,150.0,manual,29727,Ciudad Real,13003,Ciudad Real,Ciudad Real
SEAT,Tarraco,Diésel,30434.0,150.0,manual,30500,Santafe,18320,Granada,Santafe
SEAT,Tarraco,Diésel,30434.0,150.0,manual,30500,Zaragoza,50013,Zaragoza,Zaragoza
Jeep,Cherokee,Diésel,166123.0,170.0,automatic,17500,Alcalá de Henares,28806,Madrid,Alcalá de Henares
SEAT,Toledo,Gasolina,100000.0,110.0,manual,12990,Madrid,28019,Madrid,Madrid
SEAT,Leon,Diésel,169000.0,115.0,manual,11599,Barcelona,8030,Barcelona,Barcelona
SEAT,Leon,Gasolina,100000.0,125.0,manual,8999,Málaga,29010,Málaga,Málaga
SEAT,Leon,Gasolina,100000.0,125.0,manual,8999,Málaga,29010,Málaga,Málaga
SEAT,Leon,Gasolina,65000.0,131.0,manual,17499,Alcalá de Guadaíra,41500,Sevilla,Alcalá de Guadaíra
SEAT,Leon,Diésel,140913.0,105.0,manual,9800,Beade,36312,Pontevedra,Beade
SEAT,Leon,Diésel,160000.0,90.0,manual,11500,Villanueva del Arzobispo,23330,Jaén,Villanueva del Arzobispo
SEAT,Leon,Diésel,293706.0,105.0,manual,7300,Roquetas de Mar,4740,Almería,Roquetas de Mar
SEAT,Ibiza,Gasolina,160.0,75.0,manual,990,Pontevedra,36164,Pontevedra,Pontevedra
SEAT,Ibiza,Diésel,147000.0,105.0,manual,5500,La Borbolla,33820,Asturias,La Borbolla
SEAT,Ibiza,Gasolina,74000.0,95.0,manual,11900,Málaga,29006,Málaga,Málaga
SEAT,Exeo,Diésel,144000.0,120.0,manual,8900,La Roca del Vallès,8430,Barcelona,La Roca del Vallès
SEAT,Exeo,Gasolina,133000.0,210.0,manual,14990,San Juan Mozarrifar,50820,Zaragoza,San Juan Mozarrifar
SEAT,Exeo,Diésel,146282.0,143.0,manual,9999,Madrid,28014,Madrid,Madrid
SEAT,Exeo,Diésel,217000.0,143.0,manual,8990,Guarnizo,39611,Cantabria,Guarnizo
SEAT,Exeo,Diésel,147500.0,170.0,manual,8950,Alcorcón,28923,Madrid,Alcorcón
SEAT,Exeo,Diésel,197000.0,143.0,manual,6499,Llerona,8520,Barcelona,Llerona
SEAT,Exeo,Diésel,132053.0,143.0,manual,9499,Madrid,28014,Madrid,Madrid
SEAT,Exeo,Diésel,149000.0,143.0,manual,10500,Constantí,43120,Tarragona,Constantí
SEAT,Exeo,Diésel,123025.0,120.0,manual,8900,Mataró,8303,Barcelona,Mataró
Skoda,Yeti,Diésel,161994.0,110.0,manual,11290,Santander,39010,Cantabria,Santander
Skoda,Yeti,Diésel,169437.0,110.0,manual,14900,Las Parcelas,30566,Murcia,Las Parcelas
Skoda,Yeti,Gasolina,93000.0,110.0,manual,14900,Poligono Fuente del Jarro,46988,Valencia,Poligono Fuente del Jarro
Skoda,Yeti,Gasolina,122500.0,105.0,manual,10999,Castello/Castellon de La Plana,12100,Castellón,Castello/Castellon de La Plana
Skoda,Yeti,Diésel,64611.0,140.0,manual,16900,Manacor,7500,Baleares,Manacor
Skoda,Octavia,Diésel,179029.0,110.0,manual,2190,Madrid,28026,Madrid,Madrid
Skoda,Octavia,Diésel,150632.0,150.0,automatic,16975,Parla,28980,Madrid,Parla
Skoda,Octavia,Diésel,81999.0,115.0,manual,343,Madrid,28014,Madrid,Madrid
Skoda,Octavia,Diésel,111000.0,115.0,manual,390,Madrid,28006,Madrid,Madrid
Skoda,Octavia,Diésel,170000.0,170.0,manual,7990,Madrid,28019,Madrid,Madrid
Skoda,Octavia,Diésel,111000.0,115.0,manual,386,Barcelona,8007,Barcelona,Barcelona
Skoda,Octavia,Diésel,103648.0,115.0,manual,17490,Leganés,28915,Madrid,Leganés
Skoda,Octavia,Diésel,103648.0,115.0,manual,17490,Barcelona,8041,Barcelona,Barcelona
Skoda,Octavia,Diésel,103648.0,115.0,manual,17490,Getafe,28903,Madrid,Getafe
Skoda,Octavia,Diésel,103648.0,115.0,manual,17490,Alcorcón,28924,Madrid,Alcorcón
Skoda,Octavia,Diésel,103648.0,115.0,manual,17490,Fuenlabrada,28943,Madrid,Fuenlabrada
Skoda,Octavia,Diésel,103648.0,115.0,manual,17490,Murcia,30004,Murcia,Murcia
Skoda,Octavia,Diésel,94989.0,150.0,automatic,18389,Vigo,36214,Pontevedra,Vigo
Skoda,Octavia,Diésel,94989.0,150.0,automatic,18389,Murcia,30003,Murcia,Murcia
Skoda,Octavia,Diésel,94989.0,150.0,automatic,18389,Saladar,3700,Alicante,Saladar
Jeep,Cherokee,Diésel,405000.0,185.0,automatic,11499,Vigo,36209,Pontevedra,Vigo
Jeep,Cherokee,Diésel,153102.0,140.0,manual,14950,Sevilla,41006,Sevilla,Sevilla
Jeep,Cherokee,Diésel,100129.0,140.0,manual,14600,Murcia,30005,Murcia,Murcia
Jeep,Cherokee,Diésel,100129.0,140.0,manual,14600,Granada,18005,Granada,Granada
Jeep,Cherokee,Diésel,100129.0,140.0,manual,14600,Vigo,36211,Pontevedra,Vigo
Jeep,Cherokee,Diésel,63001.0,195.0,automatic,25990,Bilbao,48004,Bizkaia,Bilbao
Jeep,Cherokee,Diésel,100129.0,140.0,manual,14600,Bilbao,48004,Bizkaia,Bilbao
Jeep,Cherokee,Diésel,63001.0,195.0,automatic,25990,Sevilla,41005,Sevilla,Sevilla
Jeep,Cherokee,Diésel,63001.0,195.0,automatic,25990,Almería,4006,Almería,Almería
Jeep,Cherokee,Diésel,100129.0,140.0,manual,14600,Almería,4006,Almería,Almería
Jeep,Cherokee,Diésel,100129.0,140.0,manual,14600,Palma de Mallorca,7003,Baleares,Palma de Mallorca
Jeep,Cherokee,Diésel,100129.0,140.0,manual,14600,Málaga,29005,Málaga,Málaga
Jeep,Cherokee,Diésel,100129.0,140.0,manual,14600,Sevilla,41005,Sevilla,Sevilla
Jeep,Compass,Diésel,147030.0,140.0,manual,9990,Alcalá de Henares,28807,Madrid,Alcalá de Henares
Jeep,Compass,Diésel,147030.0,140.0,manual,9990,Alcalá de Henares,28807,Madrid,Alcalá de Henares
Jeep,Compass,Gasolina,34092.0,140.0,manual,20689,Vigo,36214,Pontevedra,Vigo
Jeep,Compass,Gasolina,34092.0,140.0,manual,20689,Saladar,3700,Alicante,Saladar
Jeep,Compass,Gasolina,34092.0,140.0,manual,20689,Estepona,29680,Málaga,Estepona
Jeep,Compass,Gasolina,34092.0,140.0,manual,20689,Valdepeñas,13300,Ciudad Real,Valdepeñas
Jeep,Compass,Gasolina,34092.0,140.0,manual,20689,Valdepeñas,13300,Ciudad Real,Valdepeñas
Jeep,Compass,Gasolina,34092.0,140.0,manual,20689,Santa Maria del Aguila,4710,Almería,Santa Maria del Aguila
Jeep,Compass,Gasolina,34092.0,140.0,manual,20689,Sant Vicenç de Montalt,8394,Barcelona,Sant Vicenç de Montalt
Jeep,Compass,Diésel,92269.0,120.0,manual,20490,Almería,4006,Almería,Almería
Jeep,Compass,Diésel,92269.0,120.0,manual,20490,Sevilla,41005,Sevilla,Sevilla
Jeep,Compass,Diésel,92269.0,120.0,manual,20490,Bilbao,48004,Bizkaia,Bilbao
Jeep,Compass,Diésel,92269.0,120.0,manual,20490,Alicante,3010,Alicante,Alicante
Jeep,Compass,Diésel,92269.0,120.0,manual,20490,Alicante,3010,Murcia,Alicante
Jeep,Compass,Diésel,92269.0,120.0,manual,20490,Castellón,12001,Castellón,Castellón
Jeep,Compass,Diésel,92269.0,120.0,manual,20490,Granada,18005,Granada,Granada
Jeep,Compass,Diésel,92269.0,120.0,manual,20490,Valencia,46001,Valencia,Valencia
Jeep,Compass,Diésel,92269.0,120.0,manual,20490,Málaga,29005,Málaga,Málaga
Jeep,Compass,Diésel,92269.0,120.0,manual,20490,Murcia,30005,Murcia,Murcia
Jeep,Compass,Diésel,92269.0,120.0,manual,20490,Palma de Mallorca,7003,Baleares,Palma de Mallorca
Jeep,Compass,Gasolina,34092.0,140.0,manual,20689,Castello/Castellon de La Plana,12100,Castellón,Castello/Castellon de La Plana
Jeep,Compass,Gasolina,34092.0,140.0,manual,20689,Hidraulica Santillana,28770,Madrid,Hidraulica Santillana
Jeep,Compass,Gasolina,34092.0,140.0,manual,20689,Albacete,2001,Albacete,Albacete
Jeep,Compass,Gasolina,34092.0,140.0,manual,20689,Zaragoza,50013,Zaragoza,Zaragoza
Jeep,Compass,Gasolina,34092.0,140.0,manual,20689,Paterna,46980,Valencia,Paterna
Jeep,Compass,Gasolina,34092.0,140.0,manual,20689,Santafe,18320,Granada,Santafe
Jeep,Renegade,Gasolina,39224.0,120.0,manual,18290,Santa Coloma de Gramenet,8921,Barcelona,Santa Coloma de Gramenet
Jeep,Renegade,Gasolina,52665.0,150.0,automatic,22875,Valencia,46003,Valencia,Valencia
Opel,Combo,Diésel,113000.0,105.0,manual,9500,Elx/Elche,3204,Alicante,Elx/Elche
Jeep,Renegade,Gasolina,52665.0,150.0,automatic,22875,Parla,28980,Madrid,Parla
Jeep,Renegade,Gasolina,11105.0,120.0,automatic,26490,Madrid,28021,Madrid,Madrid
Jeep,Renegade,Gasolina,75800.0,140.0,automatic,16990,Òrrius,8317,Barcelona,Òrrius
Jeep,Renegade,Gasolina,75800.0,140.0,automatic,16990,Vigo,36211,Pontevedra,Vigo
Jeep,Renegade,Gasolina,75800.0,140.0,automatic,16990,Ullastrell,8231,Barcelona,Ullastrell
Jeep,Renegade,Gasolina,75800.0,140.0,automatic,16990,Castellón,12001,Castellón,Castellón
Jeep,Renegade,Gasolina,17500.0,120.0,manual,18490,Castellón,12001,Castellón,Castellón
Jeep,Renegade,Gasolina,17500.0,120.0,manual,18490,Bilbao,48004,Bizkaia,Bilbao
Jeep,Renegade,Gasolina,17500.0,120.0,manual,18490,Sevilla,41005,Sevilla,Sevilla
Jeep,Renegade,Gasolina,17500.0,120.0,manual,18490,Alicante,3010,Alicante,Alicante
Jeep,Renegade,Gasolina,17500.0,120.0,manual,18490,Alicante,3010,Murcia,Alicante
Jeep,Renegade,Gasolina,75800.0,140.0,automatic,16990,Bilbao,48004,Bizkaia,Bilbao
Opel,Combo,Diésel,100000.0,102.0,manual,15290,Antequera,29200,Málaga,Antequera
Jeep,Renegade,Gasolina,75800.0,140.0,automatic,16990,Sevilla,41005,Sevilla,Sevilla
Jeep,Renegade,Gasolina,17500.0,120.0,manual,18490,Granada,18005,Granada,Granada
Jeep,Renegade,Gasolina,75800.0,140.0,automatic,16990,Murcia,30005,Murcia,Murcia
Jeep,Renegade,Gasolina,75800.0,140.0,automatic,16990,Granada,18005,Granada,Granada
Jeep,Renegade,Gasolina,17500.0,120.0,manual,18490,Valencia,46001,Valencia,Valencia
Jeep,Renegade,Gasolina,17500.0,120.0,manual,18490,Málaga,29005,Málaga,Málaga
Opel,Combo,Diésel,44084.0,100.0,manual,16990,Almería,4006,Almería,Almería
Jeep,Renegade,Gasolina,17500.0,120.0,manual,18490,Palma de Mallorca,7003,Baleares,Palma de Mallorca
Jeep,Renegade,Gasolina,75800.0,140.0,automatic,16990,Palma de Mallorca,7003,Baleares,Palma de Mallorca
Opel,Combo,Diésel,44084.0,100.0,manual,16990,Sevilla,41005,Sevilla,Sevilla
Jeep,Renegade,Gasolina,75800.0,140.0,automatic,16990,Palau-Solita I Plegamans,8184,Barcelona,Palau-Solita I Plegamans
Jeep,Renegade,Gasolina,75800.0,140.0,automatic,16990,Palau-Solita I Plegamans,8184,Barcelona,Palau-Solita I Plegamans
Jeep,Renegade,Diésel,37999.0,130.0,manual,22590,Almería,4006,Almería,Almería
Jeep,Renegade,Diésel,144699.0,120.0,manual,12990,Almería,4006,Almería,Almería
Jeep,Renegade,Diésel,96651.0,120.0,manual,16990,Almería,4006,Almería,Almería
Opel,Combo,Diésel,44084.0,100.0,manual,16990,Vigo,36211,Pontevedra,Vigo
Jeep,Renegade,Diésel,37999.0,130.0,manual,22590,Sevilla,41005,Sevilla,Sevilla
Jeep,Renegade,Diésel,37999.0,130.0,manual,22590,Bilbao,48004,Bizkaia,Bilbao
Opel,Combo,Diésel,44084.0,100.0,manual,16990,Bilbao,48004,Bizkaia,Bilbao
Opel,Combo,Diésel,44084.0,100.0,manual,16990,Alicante,3010,Alicante,Alicante
Opel,Combo,Diésel,44084.0,100.0,manual,16990,Alicante,3010,Murcia,Alicante
Opel,Astra,Gasolina,47439.0,125.0,manual,270,Girona,17007,Girona,Girona
Opel,Combo,Diésel,44084.0,100.0,manual,16990,Granada,18005,Granada,Granada
Opel,Combo,Diésel,44084.0,100.0,manual,16990,Málaga,29005,Málaga,Málaga
Opel,Combo,Diésel,44084.0,100.0,manual,16990,Murcia,30005,Murcia,Murcia
Opel,Movano,Diésel,85500.0,130.0,manual,26600,Trapaga-Causo,48510,Bizkaia,Trapaga-Causo
Opel,Movano,Diésel,220900.0,130.0,manual,22450,Doña Manuela,14014,Córdoba,Doña Manuela
Opel,Combo,Diésel,44084.0,100.0,manual,16990,Oviedo,33003,Asturias,Oviedo
Opel,Combo,Diésel,44084.0,100.0,manual,16990,Burgos,9004,Burgos,Burgos
Opel,Combo,Diésel,44084.0,100.0,manual,16990,Burgos,9004,Burgos,Burgos
Opel,Combo,Diésel,44084.0,100.0,manual,16990,Valladolid,47006,Valladolid,Valladolid
Opel,Combo,Diésel,44084.0,100.0,manual,16990,León,24003,León,León
Opel,Combo,Diésel,44084.0,100.0,manual,16990,León,24003,León,León
Opel,Movano,Diésel,109995.0,170.0,manual,18700,Vigo,36204,Pontevedra,Vigo
Opel,Movano,Diésel,99995.0,170.0,manual,18700,Vigo,36204,Pontevedra,Vigo
Opel,Movano,Diésel,10.0,120.0,manual,31200,Badalona,8912,Barcelona,Badalona
Opel,Movano,Diésel,109995.0,170.0,manual,18700,A Coruña,15001,A Coruña,A Coruña
Opel,Movano,Diésel,88000.0,130.0,manual,26980,Coslada,28823,Madrid,Coslada
Opel,Movano,Diésel,104765.0,150.0,manual,23490,Lebrija,41740,Sevilla,Lebrija
Opel,Movano,Diésel,230000.0,130.0,manual,33900,Lliça de Vall,8185,Barcelona,Lliça de Vall
Opel,Movano,Diésel,225000.0,110.0,manual,15900,Málaga,29015,Málaga,Málaga
Opel,Movano,Diésel,88000.0,136.0,manual,16700,Pamplona/Iruña,31006,Navarra,Pamplona/Iruña
Opel,Cabrio,Gasolina,106263.0,140.0,manual,13959,Alzira,46600,Valencia,Alzira
Opel,Cabrio,Gasolina,106263.0,140.0,manual,13959,Alzira,46600,Valencia,Alzira
Opel,Cabrio,Gasolina,58444.0,140.0,manual,15180,Olèrdola,8734,Barcelona,Olèrdola
Opel,Cabrio,Gasolina,58444.0,140.0,manual,15180,Olèrdola,8734,Barcelona,Olèrdola
Opel,Cabrio,Gasolina,62703.0,140.0,manual,15730,Olèrdola,8734,Barcelona,Olèrdola
Opel,Cabrio,Gasolina,62703.0,140.0,manual,15730,Olèrdola,8734,Barcelona,Olèrdola
Opel,Cabrio,Gasolina,58444.0,140.0,manual,15180,Sant Vicenç de Montalt,8394,Barcelona,Sant Vicenç de Montalt
Opel,Cabrio,Gasolina,98017.0,140.0,manual,16618,Sant Vicenç de Montalt,8394,Barcelona,Sant Vicenç de Montalt
Opel,Cabrio,Gasolina,51441.0,140.0,manual,16963,Sant Vicenç de Montalt,8394,Barcelona,Sant Vicenç de Montalt
Opel,Cabrio,Gasolina,66700.0,140.0,manual,12990,Gandia,46701,Valencia,Gandia
Opel,Cabrio,Gasolina,68167.0,140.0,manual,14990,Alcalá de Henares,28802,Madrid,Alcalá de Henares
Opel,Cabrio,Gasolina,58444.0,140.0,manual,15180,Santiago de Compostela,15703,A Coruña,Santiago de Compostela
Opel,Cabrio,Gasolina,98017.0,140.0,manual,16618,Santiago de Compostela,15703,A Coruña,Santiago de Compostela
Opel,Cabrio,Gasolina,66700.0,140.0,manual,12990,Barrio Peral,30300,Murcia,Barrio Peral
Opel,Cabrio,Gasolina,58444.0,140.0,manual,15180,Mercado Parque Corredor del Henares,28850,Madrid,Mercado Parque Corredor del Henares
Opel,Cabrio,Gasolina,58444.0,140.0,manual,15180,Badajoz,6008,Badajoz,Badajoz
Opel,Cabrio,Gasolina,51441.0,140.0,manual,16963,Mercado Parque Corredor del Henares,28850,Madrid,Mercado Parque Corredor del Henares
Opel,Cabrio,Gasolina,98017.0,140.0,manual,16618,Badajoz,6008,Badajoz,Badajoz
Opel,Cabrio,Gasolina,62703.0,140.0,manual,15730,Murcia,30003,Murcia,Murcia
Opel,Cabrio,Gasolina,62703.0,140.0,manual,15730,Alcalá de Guadaíra,41500,Sevilla,Alcalá de Guadaíra
Opel,Cabrio,Gasolina,62703.0,140.0,manual,15730,Santafe,18320,Granada,Santafe
Opel,Cabrio,Gasolina,62703.0,140.0,manual,15730,Puerto de Sagunto,46520,Valencia,Puerto de Sagunto
Opel,Cabrio,Gasolina,62703.0,140.0,manual,15730,Albacete,2001,Albacete,Albacete
Opel,Cabrio,Gasolina,62703.0,140.0,manual,15730,Valdepeñas,13300,Ciudad Real,Valdepeñas
Opel,Cabrio,Gasolina,62703.0,140.0,manual,15730,Valdepeñas,13300,Ciudad Real,Valdepeñas
Opel,Cabrio,Gasolina,62703.0,140.0,manual,15730,Vigo,36214,Pontevedra,Vigo
Opel,Cabrio,Gasolina,62703.0,140.0,manual,15730,Estepona,29680,Málaga,Estepona
Opel,Cabrio,Gasolina,62703.0,140.0,manual,15730,Barcelona,8007,Barcelona,Barcelona
Opel,Cabrio,Gasolina,62703.0,140.0,manual,15730,Paterna,46980,Valencia,Paterna
Opel,Tigra,Diésel,158000.0,70.0,manual,3990,Jaén,23008,Jaén,Jaén
Opel,Tigra,Diésel,164210.0,70.0,manual,5500,Cocentaina,3820,Alicante,Cocentaina
Opel,Crossland,Gasolina,6388.0,130.0,manual,19140,Málaga,29006,Málaga,Málaga
Opel,Crossland,Gasolina,26893.0,110.0,manual,17600,Málaga,29006,Málaga,Málaga
Opel,Crossland,Gasolina,25473.0,110.0,manual,18300,Málaga,29006,Málaga,Málaga
Opel,Crossland,Gasolina,43668.0,110.0,manual,17100,Málaga,29006,Málaga,Málaga
Opel,Crossland,Gasolina,44568.0,110.0,manual,16800,Málaga,29006,Málaga,Málaga
Opel,Crossland,Gasolina,14.0,130.0,manual,22950,Sevilla,41007,Sevilla,Sevilla
Opel,Crossland,Gasolina,24781.0,131.0,manual,18,Alcorcón,28921,Madrid,Alcorcón
Opel,Crossland,Gasolina,60302.0,110.0,manual,17500,Sevilla,41006,Sevilla,Sevilla
Opel,Crossland,Gasolina,60302.0,110.0,manual,17500,Sevilla,41012,Sevilla,Sevilla
Opel,Crossland,Gasolina,7.0,110.0,manual,21990,San Bizenti-Barakaldo,48902,Bizkaia,San Bizenti-Barakaldo
Opel,Crossland,Diésel,8.0,110.0,manual,20490,San Bizenti-Barakaldo,48902,Bizkaia,San Bizenti-Barakaldo
Opel,Crossland,Gasolina,5.0,110.0,manual,22950,Sant Boi de Llobregat,8830,Barcelona,Sant Boi de Llobregat
Opel,Crossland,Gasolina,40816.0,83.0,manual,13490,Gandia,46701,Valencia,Gandia
Opel,Crossland,Gasolina,40816.0,83.0,manual,13490,Barrio Peral,30300,Murcia,Barrio Peral
Opel,Crossland,Gasolina,40816.0,83.0,manual,13490,Vigo,36211,Pontevedra,Vigo
Opel,Crossland,Gasolina,40816.0,83.0,manual,13490,Alicante,3010,Alicante,Alicante
Opel,Crossland,Gasolina,40816.0,83.0,manual,13490,Alicante,3010,Murcia,Alicante
Opel,Crossland,Gasolina,40816.0,83.0,manual,13490,Sevilla,41005,Sevilla,Sevilla
Opel,Crossland,Gasolina,40816.0,83.0,manual,13490,Valencia,46001,Valencia,Valencia
Opel,Crossland,Gasolina,40816.0,83.0,manual,13490,Granada,18005,Granada,Granada
Opel,Crossland,Gasolina,40816.0,83.0,manual,13490,Palma de Mallorca,7003,Baleares,Palma de Mallorca
Opel,Crossland,Gasolina,40816.0,83.0,manual,13490,Elx/Elche,3201,Alicante,Elx/Elche
Opel,Crossland,Gasolina,40816.0,83.0,manual,13490,Bilbao,48004,Bizkaia,Bilbao
Opel,Crossland,Gasolina,40816.0,83.0,manual,13490,Murcia,30005,Murcia,Murcia
Opel,Crossland,Gasolina,5061.0,130.0,manual,21900,Sabadell,8201,Barcelona,Sabadell
Opel,Crossland,Gasolina,18500.0,83.0,manual,16600,Gandia,46701,Valencia,Gandia
Opel,Crossland,Gasolina,7000.0,110.0,manual,22600,Sant Boi de Llobregat,8830,Barcelona,Sant Boi de Llobregat
Opel,Crossland,Gasolina,21000.0,83.0,manual,16800,Gandia,46701,Valencia,Gandia
Opel,Frontera,Diésel,137000.0,115.0,manual,5490,Aldaia,46960,Valencia,Aldaia
Opel,Crossland X,Gasolina,25500.0,81.0,manual,12490,Òrrius,8317,Barcelona,Òrrius
Opel,Crossland X,Gasolina,25500.0,81.0,manual,12490,Ullastrell,8231,Barcelona,Ullastrell
Opel,Crossland X,Gasolina,25500.0,81.0,manual,12490,Vigo,36211,Pontevedra,Vigo
Opel,Crossland X,Gasolina,25500.0,81.0,manual,12490,Castellón,12001,Castellón,Castellón
Opel,Crossland X,Gasolina,25500.0,81.0,manual,12490,Almería,4006,Almería,Almería
Opel,Crossland X,Gasolina,25500.0,81.0,manual,12490,Murcia,30005,Murcia,Murcia
Opel,Crossland X,Gasolina,25500.0,81.0,manual,12490,Bilbao,48004,Bizkaia,Bilbao
Opel,Crossland X,Gasolina,25500.0,81.0,manual,12490,Granada,18005,Granada,Granada
Opel,Crossland X,Gasolina,25500.0,81.0,manual,12490,Valencia,46001,Valencia,Valencia
Opel,Crossland X,Gasolina,25500.0,81.0,manual,12490,Palma de Mallorca,7003,Baleares,Palma de Mallorca
Opel,Crossland X,Gasolina,25500.0,81.0,manual,12490,Tarragona,43006,Tarragona,Tarragona
Opel,Crossland X,Diésel,41000.0,120.0,manual,16890,Barbera del Valles,8210,Barcelona,Barbera del Valles
Opel,Crossland X,Gasolina,17782.0,110.0,manual,345,Madrid,28014,Madrid,Madrid
Opel,Crossland X,Diésel,87512.0,99.0,manual,13790,Madrid,28021,Madrid,Madrid
Opel,Crossland X,Gasolina,24751.0,110.0,automatic,15490,Pamplona/Iruña,31001,Navarra,Pamplona/Iruña
Opel,Crossland X,Gasolina,24751.0,110.0,automatic,15490,Santander,39010,Cantabria,Santander
Opel,Crossland X,Diésel,121000.0,116.0,manual,14490,Leganés,28911,Madrid,Leganés
Opel,Crossland X,Gasolina,41000.0,110.0,manual,15500,Gandia,46701,Valencia,Gandia
Opel,Crossland X,Gasolina,13300.0,110.0,manual,14990,Alicante,3010,Alicante,Alicante
Opel,Crossland X,Gasolina,13300.0,110.0,manual,14990,Alicante,3010,Murcia,Alicante
Opel,Crossland X,Gasolina,71267.0,110.0,manual,14490,Alicante,3010,Alicante,Alicante
Opel,Crossland X,Gasolina,71267.0,110.0,manual,14490,Alicante,3010,Murcia,Alicante
Opel,Crossland X,Gasolina,73656.0,110.0,manual,14990,Alicante,3010,Alicante,Alicante
Opel,Crossland X,Gasolina,73656.0,110.0,manual,14990,Alicante,3010,Murcia,Alicante
Opel,Crossland X,Gasolina,28790.0,130.0,manual,14890,Alicante,3010,Alicante,Alicante
Opel,Crossland X,Gasolina,28790.0,130.0,manual,14890,Alicante,3010,Murcia,Alicante
Opel,Crossland X,Gasolina,34500.0,110.0,manual,16490,Alicante,3010,Alicante,Alicante
Opel,Crossland X,Gasolina,34500.0,110.0,manual,16490,Alicante,3010,Murcia,Alicante
Opel,Crossland X,Gasolina,75995.0,130.0,automatic,14990,Valencia,46001,Valencia,Valencia
Opel,Crossland X,Gasolina,71267.0,110.0,manual,14490,Valencia,46001,Valencia,Valencia
Opel,Crossland X,Gasolina,73656.0,110.0,manual,14990,Valencia,46001,Valencia,Valencia
Opel,Crossland X,Gasolina,28790.0,130.0,manual,14890,Valencia,46001,Valencia,Valencia
KIA,ProCeed,Gasolina,157535.0,90.0,manual,5490,Alcobendas,28100,Madrid,Alcobendas
KIA,ProCeed,Diésel,119545.0,110.0,manual,9950,Alcobendas,28100,Madrid,Alcobendas
KIA,ProCeed,Gasolina,39557.0,140.0,manual,23290,Madrid,28021,Madrid,Madrid
KIA,ProCeed,Gasolina,80953.0,100.0,manual,12900,Paterna,46980,Valencia,Paterna
KIA,ProCeed,Gasolina,80953.0,100.0,manual,12900,Saladar,3700,Alicante,Saladar
KIA,ProCeed,Gasolina,80953.0,100.0,manual,12900,Getafe,28906,Madrid,Getafe
KIA,ProCeed,Gasolina,80953.0,100.0,manual,12900,Hidraulica Santillana,28770,Madrid,Hidraulica Santillana
KIA,ProCeed,Gasolina,80953.0,100.0,manual,12900,Barcelona,8007,Barcelona,Barcelona
KIA,ProCeed,Gasolina,80953.0,100.0,manual,12900,Mercado Parque Corredor del Henares,28850,Madrid,Mercado Parque Corredor del Henares
KIA,ProCeed,Gasolina,80953.0,100.0,manual,12900,Albacete,2001,Albacete,Albacete
KIA,ProCeed,Gasolina,80953.0,100.0,manual,12900,Olèrdola,8734,Barcelona,Olèrdola
KIA,ProCeed,Gasolina,80953.0,100.0,manual,12900,Olèrdola,8734,Barcelona,Olèrdola
KIA,ProCeed,Gasolina,80953.0,100.0,manual,12900,Sant Vicenç de Montalt,8394,Barcelona,Sant Vicenç de Montalt
KIA,ProCeed,Gasolina,80953.0,100.0,manual,12900,Collado Villalba,28400,Madrid,Collado Villalba
KIA,ProCeed,Gasolina,80953.0,100.0,manual,12900,Collado Villalba,28400,Madrid,Collado Villalba
KIA,ProCeed,Gasolina,80953.0,100.0,manual,12900,Valdepeñas,13300,Ciudad Real,Valdepeñas
KIA,ProCeed,Gasolina,80953.0,100.0,manual,12900,Valdepeñas,13300,Ciudad Real,Valdepeñas
KIA,ProCeed,Gasolina,80953.0,100.0,manual,12900,Ciudad Real,13003,Ciudad Real,Ciudad Real
KIA,ProCeed,Gasolina,80953.0,100.0,manual,12900,Granollers,8403,Barcelona,Granollers
KIA,ProCeed,Gasolina,80953.0,100.0,manual,12900,Santa Maria del Aguila,4710,Almería,Santa Maria del Aguila
KIA,ProCeed,Gasolina,80953.0,100.0,manual,12900,Mercabilbao,48970,Bizkaia,Mercabilbao
KIA,ProCeed,Gasolina,80953.0,100.0,manual,12900,Colonia Pablo Iglesias,28520,Madrid,Colonia Pablo Iglesias
KIA,ProCeed,Gasolina,80953.0,100.0,manual,12900,Badajoz,6008,Badajoz,Badajoz
KIA,ProCeed,Gasolina,80953.0,100.0,manual,12900,Torremolinos,29620,Málaga,Torremolinos
KIA,ProCeed,Gasolina,80953.0,100.0,manual,12900,Torremolinos,29620,Málaga,Torremolinos
KIA,ProCeed,Gasolina,80953.0,100.0,manual,12900,Torremolinos,29620,Málaga,Torremolinos
KIA,ProCeed,Gasolina,80953.0,100.0,manual,12900,Alcobendas,28100,Madrid,Alcobendas
KIA,ProCeed,Gasolina,80953.0,100.0,manual,12900,Alzira,46600,Valencia,Alzira
KIA,ProCeed,Gasolina,80953.0,100.0,manual,12900,Alzira,46600,Valencia,Alzira
KIA,ProCeed,Gasolina,19334.0,120.0,manual,23990,Madrid,28021,Madrid,Madrid
KIA,ProCeed,Gasolina,30585.0,100.0,manual,13973,Olèrdola,8734,Barcelona,Olèrdola
KIA,ProCeed,Gasolina,30585.0,100.0,manual,13973,Olèrdola,8734,Barcelona,Olèrdola
Opel,Combo Life,Gasolina,26000.0,110.0,manual,25800,Sant Boi de Llobregat,8830,Barcelona,Sant Boi de Llobregat
Opel,Combo Life,Diésel,111000.0,102.0,manual,17500,Caravaca de la Cruz,30400,Murcia,Caravaca de la Cruz
Opel,Combo Life,Diésel,111000.0,102.0,manual,17500,Caravaca de la Cruz,30400,Murcia,Caravaca de la Cruz
Opel,Combo Life,Diésel,85499.0,76.0,manual,14995,Valencia,46020,Valencia,Valencia
Opel,Combo Life,Diésel,1740.0,131.0,manual,28890,Rubí,8191,Barcelona,Rubí
Opel,Combo Life,Diésel,48279.0,131.0,manual,22190,Valencia,46002,Valencia,Valencia
Opel,Combo Life,Diésel,14508.0,131.0,manual,27600,Valdepeñas,13300,Ciudad Real,Valdepeñas
Opel,Combo Life,Diésel,14508.0,131.0,manual,27600,Valdepeñas,13300,Ciudad Real,Valdepeñas
Opel,Combo Life,Diésel,14508.0,131.0,manual,27600,Ciudad Real,13003,Ciudad Real,Ciudad Real
Opel,Combo Life,Diésel,14508.0,131.0,manual,27600,Atarrabia,31610,Navarra,Atarrabia
Opel,Combo Life,Diésel,14508.0,131.0,manual,27600,Sant Vicenç de Montalt,8394,Barcelona,Sant Vicenç de Montalt
Opel,Combo Life,Diésel,14508.0,131.0,manual,27600,Santa Maria del Aguila,4710,Almería,Santa Maria del Aguila
Opel,Combo Life,Diésel,14508.0,131.0,manual,27600,Granollers,8403,Barcelona,Granollers
Opel,Combo Life,Diésel,14508.0,131.0,manual,27600,Santafe,18320,Granada,Santafe
Opel,Combo Life,Diésel,14508.0,131.0,manual,27600,Las Rozas de Madrid,28232,Madrid,Las Rozas de Madrid
Opel,Combo Life,Diésel,14508.0,131.0,manual,27600,Alcobendas,28100,Madrid,Alcobendas
Opel,Combo Life,Diésel,14508.0,131.0,manual,27600,Vigo,36214,Pontevedra,Vigo
Opel,Combo Life,Diésel,14508.0,131.0,manual,27600,Getafe,28906,Madrid,Getafe
Opel,Combo Life,Diésel,14508.0,131.0,manual,27600,Alzira,46600,Valencia,Alzira
Opel,Combo Life,Diésel,14508.0,131.0,manual,27600,Alzira,46600,Valencia,Alzira
Opel,Combo Life,Diésel,14508.0,131.0,manual,27600,Alicante,3007,Alicante,Alicante
Opel,Combo Life,Diésel,14508.0,131.0,manual,27600,Hidraulica Santillana,28770,Madrid,Hidraulica Santillana
Opel,Combo Life,Diésel,14508.0,131.0,manual,27600,Alcalá de Guadaíra,41500,Sevilla,Alcalá de Guadaíra
Opel,Combo Life,Diésel,14508.0,131.0,manual,27600,Albacete,2001,Albacete,Albacete
Opel,Combo Life,Diésel,31000.0,100.0,manual,18995,Parets del Vallès,8150,Barcelona,Parets del Vallès
Opel,Combo Life,Diésel,125159.0,100.0,manual,15390,Madrid,28021,Madrid,Madrid
Opel,Combo Life,Diésel,40704.0,100.0,manual,18990,Òrrius,8317,Barcelona,Òrrius
Opel,Combo Life,Diésel,40704.0,100.0,manual,18990,Palau-Solita I Plegamans,8184,Barcelona,Palau-Solita I Plegamans
Opel,Combo Life,Diésel,40704.0,100.0,manual,18990,Palau-Solita I Plegamans,8184,Barcelona,Palau-Solita I Plegamans
Opel,Ampera,Gasolina,19431.0,130.0,manual,17990,Estepona,29680,Málaga,Estepona
Opel,Ampera,Gasolina,19431.0,130.0,manual,17990,Sevilla,41005,Sevilla,Sevilla
Opel,Ampera,Gasolina,19431.0,130.0,manual,17990,Granada,18005,Granada,Granada
Opel,Ampera,Gasolina,19431.0,130.0,manual,17990,Murcia,30005,Murcia,Murcia
Opel,Ampera,Gasolina,19431.0,130.0,manual,17990,Vigo,36211,Pontevedra,Vigo
Opel,Ampera,Gasolina,19431.0,130.0,manual,17990,Valencia,46001,Valencia,Valencia
Opel,Ampera,Gasolina,19431.0,130.0,manual,17990,Almería,4006,Almería,Almería
Opel,Ampera,Gasolina,19431.0,130.0,manual,17990,Alicante,3010,Alicante,Alicante
Opel,Ampera,Gasolina,19431.0,130.0,manual,17990,Alicante,3010,Murcia,Alicante
Opel,Ampera,Gasolina,19431.0,130.0,manual,17990,Málaga,29005,Málaga,Málaga
Opel,Mokka,Gasolina,38144.0,140.0,manual,15295,Granollers,8403,Barcelona,Granollers
Opel,Mokka,Gasolina,38144.0,140.0,manual,15295,Mercado Parque Corredor del Henares,28850,Madrid,Mercado Parque Corredor del Henares
Opel,Mokka,Gasolina,38144.0,140.0,manual,15295,Torremolinos,29620,Málaga,Torremolinos
Opel,Mokka,Gasolina,38144.0,140.0,manual,15295,Torremolinos,29620,Málaga,Torremolinos
Opel,Mokka,Gasolina,38144.0,140.0,manual,15295,Torremolinos,29620,Málaga,Torremolinos
Opel,Mokka,Gasolina,38144.0,140.0,manual,15295,Santa Maria del Aguila,4710,Almería,Santa Maria del Aguila
Opel,Mokka,Gasolina,38144.0,140.0,manual,15295,Badajoz,6008,Badajoz,Badajoz
Opel,Mokka,Gasolina,38144.0,140.0,manual,15295,Getafe,28906,Madrid,Getafe
Opel,Mokka,Gasolina,38144.0,140.0,manual,15295,Collado Villalba,28400,Madrid,Collado Villalba
Opel,Mokka,Gasolina,38144.0,140.0,manual,15295,Collado Villalba,28400,Madrid,Collado Villalba
Opel,Mokka,Gasolina,38144.0,140.0,manual,15295,Murcia,30003,Murcia,Murcia
Opel,Mokka,Gasolina,38144.0,140.0,manual,15295,Sant Vicenç de Montalt,8394,Barcelona,Sant Vicenç de Montalt
Opel,Mokka,Gasolina,38144.0,140.0,manual,15295,Olèrdola,8734,Barcelona,Olèrdola
Opel,Mokka,Gasolina,38144.0,140.0,manual,15295,Olèrdola,8734,Barcelona,Olèrdola
Opel,Mokka,Gasolina,38144.0,140.0,manual,15295,Alameda del Obispo,14005,Córdoba,Alameda del Obispo
Opel,Mokka,Gasolina,38144.0,140.0,manual,15295,Las Rozas de Madrid,28232,Madrid,Las Rozas de Madrid
Opel,Mokka,Gasolina,38144.0,140.0,manual,15295,Vigo,36214,Pontevedra,Vigo
Opel,Mokka,Gasolina,38144.0,140.0,manual,15295,Puerto de Sagunto,46520,Valencia,Puerto de Sagunto
Opel,Mokka,Gasolina,38144.0,140.0,manual,15295,Estepona,29680,Málaga,Estepona
Opel,Mokka,Gasolina,38144.0,140.0,manual,15295,Barcelona,8007,Barcelona,Barcelona
Opel,Mokka,Gasolina,38144.0,140.0,manual,15295,Ciudad Real,13003,Ciudad Real,Ciudad Real
Opel,Mokka,Gasolina,38144.0,140.0,manual,15295,Santiago de Compostela,15703,A Coruña,Santiago de Compostela
Opel,Mokka,Gasolina,38144.0,140.0,manual,15295,Hidraulica Santillana,28770,Madrid,Hidraulica Santillana
Opel,Mokka,Gasolina,38144.0,140.0,manual,15295,Alcobendas,28100,Madrid,Alcobendas
Opel,Mokka,Gasolina,38144.0,140.0,manual,15295,Alicante,3007,Alicante,Alicante
Opel,Mokka,Gasolina,38144.0,140.0,manual,15295,Albacete,2001,Albacete,Albacete
Opel,Mokka,Gasolina,38144.0,140.0,manual,15295,Alzira,46600,Valencia,Alzira
Opel,Mokka,Gasolina,38144.0,140.0,manual,15295,Alzira,46600,Valencia,Alzira
Opel,Mokka,Gasolina,38144.0,140.0,manual,15295,Castello/Castellon de La Plana,12100,Castellón,Castello/Castellon de La Plana
Opel,Mokka,Gasolina,38144.0,140.0,manual,15295,Atarrabia,31610,Navarra,Atarrabia
Opel,Mokka,Gasolina,38144.0,140.0,manual,15295,Mercabilbao,48970,Bizkaia,Mercabilbao
Opel,Mokka,Gasolina,38144.0,140.0,manual,15295,Santafe,18320,Granada,Santafe
Opel,Mokka,Gasolina,38144.0,140.0,manual,15295,Paterna,46980,Valencia,Paterna
Opel,Mokka,Gasolina,38144.0,140.0,manual,15295,Zaragoza,50013,Zaragoza,Zaragoza
Opel,Mokka,Gasolina,7950.0,130.0,manual,20990,Vigo,36211,Pontevedra,Vigo
Opel,Mokka,Gasolina,7950.0,130.0,manual,20990,Bilbao,48004,Bizkaia,Bilbao
Abarth,595,Gasolina,77000.0,160.0,manual,16900,Valencia,46002,Valencia,Valencia
Abarth,500,Gasolina,72000.0,135.0,manual,15990,Sabadell,8203,Barcelona,Sabadell
Abarth,500,Gasolina,132037.0,160.0,automatic,15990,Madrid,28021,Madrid,Madrid
Abarth,500,Gasolina,132037.0,160.0,automatic,15290,Madrid,28021,Madrid,Madrid
Abarth,500,Gasolina,28500.0,165.0,manual,19990,Girona,17007,Girona,Girona
Abarth,500,Gasolina,28500.0,165.0,manual,19490,Girona,17007,Girona,Girona
Abarth,500,Gasolina,28500.0,165.0,manual,19990,Alicante,3010,Alicante,Alicante
Abarth,500,Gasolina,28500.0,165.0,manual,19990,Alicante,3010,Murcia,Alicante
Abarth,500,Gasolina,28500.0,165.0,manual,19490,Alicante,3010,Alicante,Alicante
Abarth,500,Gasolina,28500.0,165.0,manual,19490,Alicante,3010,Murcia,Alicante
Abarth,500,Gasolina,28500.0,165.0,manual,19990,Sevilla,41005,Sevilla,Sevilla
Abarth,500,Gasolina,28500.0,165.0,manual,19490,Sevilla,41005,Sevilla,Sevilla
Abarth,500,Gasolina,69854.0,165.0,automatic,21490,Murcia,30005,Murcia,Murcia
Abarth,500,Gasolina,22700.0,145.0,manual,17990,Murcia,30005,Murcia,Murcia
Abarth,500,Gasolina,28500.0,165.0,manual,19990,Murcia,30005,Murcia,Murcia
Abarth,500,Gasolina,28500.0,165.0,manual,19490,Murcia,30005,Murcia,Murcia
Abarth,500,Gasolina,28500.0,165.0,manual,19490,Ullastrell,8231,Barcelona,Ullastrell
Abarth,500,Gasolina,28500.0,165.0,manual,19490,Òrrius,8317,Barcelona,Òrrius
Saab,09-may,Gasolina,64000.0,220.0,manual,28900,Valencia,46002,Valencia,Valencia
Saab,09-may,Gasolina,64000.0,220.0,manual,26900,Valencia,46002,Valencia,Valencia
Saab,09-may,Diésel,236500.0,160.0,manual,9999,Fuenlabrada,28941,Madrid,Fuenlabrada
Saab,09-may,Diésel,174000.0,150.0,manual,5999,Albal,46470,Valencia,Albal
Saab,09-may,Diésel,174000.0,150.0,manual,5999,Albal,46470,Valencia,Albal
Saab,09-may,Diésel,174000.0,150.0,manual,5999,Albal,46470,Valencia,Albal
Saab,09-may,Diésel,174000.0,150.0,manual,5999,Albal,46470,Valencia,Albal
Saab,09-may,Diésel,174000.0,150.0,manual,5500,Albal,46470,Valencia,Albal
Saab,09-may,Diésel,174000.0,150.0,manual,5500,Albal,46470,Valencia,Albal
Saab,09-may,Diésel,174000.0,150.0,manual,5500,Albal,46470,Valencia,Albal
Saab,09-may,Diésel,174000.0,150.0,manual,5500,Albal,46470,Valencia,Albal
Saab,09-mar,Diésel,200000.0,150.0,manual,4400,Esplugues de Llobregat,8950,Barcelona,Esplugues de Llobregat
Volvo,XC40,Diésel,114175.0,190.0,automatic,29990,Bilbao,48004,Bizkaia,Bilbao
Volvo,V90,Diésel,114538.0,150.0,manual,22900,Granada,18002,Granada,Granada
Volvo,V90,Diésel,114538.0,150.0,manual,22900,Santander,39002,Cantabria,Santander
Volvo,V90,Diésel,114538.0,150.0,manual,22900,Alcalá de Henares,28801,Madrid,Alcalá de Henares
Volvo,XC70,Diésel,102800.0,181.0,manual,24000,Añorga,20018,Gipuzkoa,Añorga
Volvo,XC70,Diésel,250000.0,181.0,automatic,15900,Gamonal,45613,Toledo,Gamonal
Volvo,XC90,Diésel,225000.0,200.0,automatic,15600,Barcelona,8950,Barcelona,Barcelona
Volvo,XC90,Diésel,159000.0,235.0,automatic,30990,Mérida,6800,Badajoz,Mérida
Volvo,XC60,Diésel,82895.0,150.0,automatic,22900,Granollers,8403,Barcelona,Granollers
Volvo,XC60,Diésel,82895.0,150.0,automatic,22900,Alcobendas,28100,Madrid,Alcobendas
Volvo,XC60,Diésel,82895.0,150.0,automatic,22900,Sant Vicenç de Montalt,8394,Barcelona,Sant Vicenç de Montalt
Volvo,XC60,Diésel,82895.0,150.0,automatic,22900,Valdepeñas,13300,Ciudad Real,Valdepeñas
Volvo,XC60,Diésel,82895.0,150.0,automatic,22900,Valdepeñas,13300,Ciudad Real,Valdepeñas
Volvo,S80,Diésel,89000.0,180.0,automatic,15900,Valencia,46002,Valencia,Valencia
Volvo,V60,Diésel,115914.0,150.0,automatic,18400,Sevilla,41004,Sevilla,Sevilla
Volvo,V60,Diésel,106400.0,120.0,manual,16490,Collado Villalba,28400,Madrid,Collado Villalba
Volvo,V60,Diésel,106400.0,120.0,manual,16490,Collado Villalba,28400,Madrid,Collado Villalba
Volvo,V60,Diésel,115914.0,150.0,automatic,18400,Barcelona,8008,Barcelona,Barcelona
Volvo,V60,Diésel,115914.0,150.0,automatic,18400,San Sebastián de Los Reyes,28700,Madrid,San Sebastián de Los Reyes
Volvo,V60,Diésel,115914.0,150.0,automatic,18400,Valladolid,47004,Valladolid,Valladolid
Volvo,V60,Diésel,115914.0,150.0,automatic,18400,A Coruña,15003,A Coruña,A Coruña
Volvo,V60,Diésel,115914.0,150.0,automatic,18400,Urbanitzacio El Medol,43150,Tarragona,Urbanitzacio El Medol
Volvo,V60,Diésel,115914.0,150.0,automatic,18400,Huelva,21004,Huelva,Huelva
Volvo,V60,Diésel,115914.0,150.0,automatic,18400,Donostia-San Sebastián,20005,Gipuzkoa,Donostia-San Sebastián
Volvo,V60,Diésel,115914.0,150.0,automatic,18400,Sabadell,8203,Barcelona,Sabadell
Volvo,V60,Diésel,115914.0,150.0,automatic,18400,Alcalá de Henares,28801,Madrid,Alcalá de Henares
Volvo,C30,Diésel,175000.0,109.0,manual,5990,Gijón,33201,Asturias,Gijón
Volvo,C30,Diésel,220000.0,109.0,manual,4500,Madrid,28029,Madrid,Madrid
Volvo,C30,Diésel,165000.0,110.0,manual,6490,Ontinyent,46870,Valencia,Ontinyent
Volvo,C30,Diésel,185000.0,109.0,manual,6900,Playa Lisa,3130,Alicante,Playa Lisa
Volvo,C70,Diésel,290000.0,180.0,manual,6990,Málaga,29004,Málaga,Málaga
Tesla,Model S,Eléctrico,204700.0,367.0,automatic,38490,Cornella de Llobregat,8940,Barcelona,Cornella de Llobregat
Rover,75,Diésel,279000.0,116.0,manual,990,Coslada,28823,Madrid,Coslada
Rover,75,Diésel,279000.0,116.0,manual,800,Coslada,28823,Madrid,Coslada
Renault Trucks,Maxity,Diésel,292000.0,130.0,manual,9500,Caldes de Montbui,8140,Barcelona,Caldes de Montbui
MINI,Roadster,Gasolina,75738.0,122.0,manual,13950,Bacarot,3114,Alicante,Bacarot
MINI,Roadster,Gasolina,75738.0,122.0,manual,13950,Valencia,46002,Valencia,Valencia
MINI,Roadster,Gasolina,75738.0,122.0,manual,13950,Torrejón de Ardoz,28850,Madrid,Torrejón de Ardoz
MINI,Paceman,Diésel,111943.0,143.0,manual,14990,Poligono Industrial a Gandara,15570,A Coruña,Poligono Industrial a Gandara
Hummer,H2,Gasolina,83500.0,322.0,automatic,29900,Carretera de San Martin de La Vega,28320,Madrid,Carretera de San Martin de La Vega
Tata,Grand Safari,Diésel,69060.0,115.0,manual,4200,Alcobendas,28100,Madrid,Alcobendas
Tata,Grand Safari,Diésel,69060.0,115.0,manual,4200,Las Matas,28290,Madrid,Las Matas
SsangYong,XLV,Diésel,76400.0,115.0,manual,15650,Alcorcón,28923,Madrid,Alcorcón
SsangYong,XLV,Diésel,91888.0,115.0,manual,15353,Olèrdola,8734,Barcelona,Olèrdola
SsangYong,XLV,Diésel,91888.0,115.0,manual,15353,Olèrdola,8734,Barcelona,Olèrdola
SsangYong,XLV,Diésel,91888.0,115.0,manual,15353,Santa Maria del Aguila,4710,Almería,Santa Maria del Aguila
SsangYong,XLV,Diésel,91888.0,115.0,manual,15353,Sant Vicenç de Montalt,8394,Barcelona,Sant Vicenç de Montalt
SsangYong,XLV,Gasolina,83900.0,128.0,manual,11990,Castellón,12001,Castellón,Castellón
SsangYong,Korando,Diésel,62134.0,149.0,manual,11990,Valencia,46001,Valencia,Valencia
SsangYong,Korando,Diésel,70734.0,175.0,automatic,10990,Vigo,36211,Pontevedra,Vigo
SsangYong,Korando,Gasolina,39371.0,146.0,manual,19199,Barcelona,8007,Barcelona,Barcelona
SsangYong,Korando,Diésel,70734.0,175.0,automatic,10990,Murcia,30005,Murcia,Murcia
SsangYong,Korando,Diésel,70734.0,175.0,automatic,10990,Granada,18005,Granada,Granada
SsangYong,Tivoli,Gasolina,37000.0,128.0,manual,13990,Murcia,30005,Murcia,Murcia
Opel,Crossland,Gasolina,48126.0,110.0,manual,18490,Alhaurín el Grande,29120,Málaga,Alhaurín el Grande
Opel,Crossland,Gasolina,4382.0,110.0,manual,16400,Ullastrell,8231,Barcelona,Ullastrell
Opel,Cabrio,Gasolina,106263.0,140.0,manual,13959,Collado Villalba,28400,Madrid,Collado Villalba
Opel,Cabrio,Gasolina,106263.0,140.0,manual,13959,Collado Villalba,28400,Madrid,Collado Villalba
Opel,Cabrio,Gasolina,106263.0,140.0,manual,13959,Barcelona,8007,Barcelona,Barcelona
Opel,Cabrio,Gasolina,106263.0,140.0,manual,13959,Atarrabia,31610,Navarra,Atarrabia
Opel,Cabrio,Gasolina,106263.0,140.0,manual,13959,Alcobendas,28100,Madrid,Alcobendas
Opel,Cabrio,Gasolina,106263.0,140.0,manual,13959,Alameda del Obispo,14005,Córdoba,Alameda del Obispo
Opel,Corsa,Otros,63088.0,89.0,manual,10990,Valencia,46002,Valencia,Valencia
Opel,ADAM,Gasolina,34945.0,100.0,manual,12990,Alicante,3010,Alicante,Alicante
Opel,ADAM,Gasolina,34945.0,100.0,manual,12990,Alicante,3010,Murcia,Alicante
Opel,ADAM,Gasolina,27230.0,100.0,manual,10990,Valencia,46001,Valencia,Valencia
Opel,KARL,Gasolina,143000.0,75.0,manual,6999,Marbella,29670,Málaga,Marbella
Opel,KARL,Gasolina,84580.0,75.0,manual,10900,Sabadell,8201,Barcelona,Sabadell
Opel,KARL,Gasolina,93234.0,75.0,manual,9750,Madrid,28045,Madrid,Madrid
Opel,KARL,Gasolina,38000.0,75.0,manual,12400,Gandia,46701,Valencia,Gandia
Opel,Antara,Diésel,170000.0,163.0,manual,9990,Camarma de Esteruelas,28816,Madrid,Camarma de Esteruelas
Opel,Antara,Diésel,170000.0,163.0,manual,9990,Camarma de Esteruelas,28816,Madrid,Camarma de Esteruelas
Opel,Antara,Diésel,170000.0,163.0,manual,9990,Las Rozas de Madrid,28232,Madrid,Las Rozas de Madrid
Opel,Antara,Diésel,170000.0,163.0,manual,9990,Almería,4006,Almería,Almería
Opel,Antara,Diésel,170000.0,163.0,manual,9990,Collado Villalba,28400,Madrid,Collado Villalba
Opel,Antara,Diésel,170000.0,163.0,manual,9990,Collado Villalba,28400,Madrid,Collado Villalba
Opel,Meriva,Diésel,150000.0,110.0,manual,8390,Palma de Mallorca,7003,Baleares,Palma de Mallorca
Opel,Meriva,Diésel,34352.0,110.0,manual,10980,Almería,4006,Almería,Almería
Opel,Meriva,Diésel,34352.0,110.0,manual,10980,Bilbao,48004,Bizkaia,Bilbao
Jaguar,Daimler,Gasolina,30000.0,150.0,automatic,26900,Barcelona,8007,Barcelona,Barcelona
Jaguar,Daimler,Gasolina,168011.0,235.0,automatic,9600,Robledo de Chavela,28294,Madrid,Robledo de Chavela
Opel,Crossland X,Diésel,48000.0,102.0,manual,15990,Murcia,30005,Murcia,Murcia
Opel,Crossland X,Diésel,48000.0,102.0,manual,15990,Granada,18005,Granada,Granada
Opel,Crossland X,Diésel,48000.0,102.0,manual,15990,Vigo,36211,Pontevedra,Vigo
Opel,Mokka X,Gasolina,148820.0,140.0,manual,15490,Humanes de Madrid,28970,Madrid,Humanes de Madrid
Opel,Mokka X,Gasolina,69000.0,140.0,manual,14390,Móstoles,28933,Madrid,Móstoles
Opel,Mokka X,Diésel,80500.0,136.0,automatic,16990,Móstoles,28933,Madrid,Móstoles
Opel,Mokka X,Diésel,117899.0,136.0,manual,13990,Alicante,3010,Alicante,Alicante
Opel,Mokka X,Diésel,117899.0,136.0,manual,13990,Alicante,3010,Murcia,Alicante
Opel,Mokka X,Diésel,117899.0,136.0,manual,12990,Alicante,3010,Alicante,Alicante
Opel,Mokka X,Diésel,117899.0,136.0,manual,12990,Alicante,3010,Murcia,Alicante
Opel,Mokka X,Gasolina,72701.0,140.0,manual,13490,Alicante,3010,Alicante,Alicante
Opel,Mokka X,Gasolina,72701.0,140.0,manual,13490,Alicante,3010,Murcia,Alicante
Opel,Mokka X,Gasolina,73800.0,140.0,manual,12490,Alicante,3010,Alicante,Alicante
Opel,Mokka X,Gasolina,73800.0,140.0,manual,12490,Alicante,3010,Murcia,Alicante
Opel,Mokka X,Diésel,143115.0,136.0,manual,12990,Alicante,3010,Alicante,Alicante
Opel,Mokka X,Diésel,143115.0,136.0,manual,12990,Alicante,3010,Murcia,Alicante
Opel,Mokka X,Diésel,143115.0,136.0,manual,12490,Alicante,3010,Alicante,Alicante
Opel,Mokka X,Diésel,143115.0,136.0,manual,12490,Alicante,3010,Murcia,Alicante
Opel,Mokka X,Gasolina,82938.0,140.0,manual,13990,Alicante,3010,Alicante,Alicante
Opel,Mokka X,Gasolina,82938.0,140.0,manual,13990,Alicante,3010,Murcia,Alicante
Opel,Mokka X,Diésel,74290.0,136.0,manual,13040,Alicante,3010,Alicante,Alicante
Opel,Mokka X,Diésel,74290.0,136.0,manual,13040,Alicante,3010,Murcia,Alicante
Opel,Combo,Diésel,105772.0,100.0,manual,16490,Málaga,29005,Málaga,Málaga
Opel,Combo,Diésel,37100.0,100.0,manual,10490,Alicante,3010,Alicante,Alicante
Opel,Combo,Diésel,37100.0,100.0,manual,10490,Alicante,3010,Murcia,Alicante
Opel,Combo,Diésel,37100.0,100.0,manual,10490,Urbanizacion La Granjilla,28700,Madrid,Urbanizacion La Granjilla
Opel,Combo,Diésel,37100.0,100.0,manual,10490,Málaga,29005,Málaga,Málaga
Opel,Zafira Tourer,Gasolina,84756.0,140.0,manual,14990,Vigo,36211,Pontevedra,Vigo
Opel,Zafira Tourer,Diésel,125423.0,120.0,manual,10990,Vigo,36211,Pontevedra,Vigo
Maserati,Coupe,Gasolina,67969.0,368.0,manual,34900,Valladolid,47011,Valladolid,Valladolid
Maserati,Coupe,Gasolina,71480.0,390.0,automatic,23500,Olèrdola,8734,Barcelona,Olèrdola
Maserati,Coupe,Gasolina,71480.0,390.0,automatic,23500,Olèrdola,8734,Barcelona,Olèrdola
Maserati,Coupe,Gasolina,99494.0,439.0,automatic,38900,Albacete,2001,Albacete,Albacete
Maserati,Coupe,Gasolina,99494.0,439.0,automatic,38900,Alzira,46600,Valencia,Alzira
Maserati,Coupe,Gasolina,99494.0,439.0,automatic,38900,Alzira,46600,Valencia,Alzira
Maserati,GranTurismo,Gasolina,155000.0,405.0,automatic,38000,Acea de Ama,15670,A Coruña,Acea de Ama
Maserati,Ghibli,Diésel,110638.0,275.0,automatic,28990,Huelva,21004,Huelva,Huelva
Maserati,Ghibli,Diésel,130050.0,275.0,automatic,35000,Sant Joanet,46669,Valencia,Sant Joanet
Maserati,Ghibli,Diésel,130050.0,275.0,automatic,35000,Sant Joanet,46669,Valencia,Sant Joanet
Maserati,Ghibli,Gasolina,82000.0,330.0,automatic,37990,El Verger,3770,Alicante,El Verger
Maserati,Ghibli,Gasolina,82000.0,330.0,automatic,37990,El Verger,3770,Alicante,El Verger
Maserati,Ghibli,Diésel,182000.0,275.0,automatic,34900,Mairena del Aljarafe,41927,Sevilla,Mairena del Aljarafe
Dacia,Dokker,Otros,90112.0,109.0,manual,13590,Madrid,28021,Madrid,Madrid
Dacia,Dokker,Otros,90112.0,109.0,manual,13790,Madrid,28021,Madrid,Madrid
Dacia,Dokker,Diésel,115841.0,90.0,manual,12990,Málaga,29005,Málaga,Málaga
Dacia,Dokker,Gasolina,37000.0,100.0,manual,15490,Torredembarra,43830,Tarragona,Torredembarra
Jeep,Patriot,Diésel,139085.0,163.0,manual,12450,Sant Boi de Llobregat,8830,Barcelona,Sant Boi de Llobregat
Jeep,Patriot,Diésel,196000.0,140.0,manual,8799,El Cigarral,29120,Málaga,El Cigarral
Jeep,Patriot,Diésel,97493.0,140.0,manual,12490,Albacete,2005,Albacete,Albacete
Jeep,Cherokee,Diésel,63001.0,195.0,automatic,25990,Vigo,36211,Pontevedra,Vigo
Jeep,Compass,Gasolina,30000.0,131.0,manual,373,Valencia,46004,Valencia,Valencia
Jeep,Renegade,Gasolina,102740.0,120.0,manual,17825,Getafe,28906,Madrid,Getafe
Jeep,Renegade,Diésel,75662.0,120.0,automatic,20470,Getafe,28906,Madrid,Getafe
Jeep,Renegade,Gasolina,49322.0,110.0,manual,17238,Mercabilbao,48970,Bizkaia,Mercabilbao
Jeep,Renegade,Gasolina,102740.0,120.0,manual,17825,Mercabilbao,48970,Bizkaia,Mercabilbao
Jeep,Renegade,Diésel,75662.0,120.0,automatic,20470,Mercabilbao,48970,Bizkaia,Mercabilbao
Jeep,Renegade,Diésel,75662.0,120.0,automatic,20470,Atarrabia,31610,Navarra,Atarrabia
Skoda,Kamiq,Gasolina,100.0,150.0,manual,26300,Valencia,46023,Valencia,Valencia
Skoda,Kamiq,Gasolina,13203.0,110.0,manual,21290,Leganés,28914,Madrid,Leganés
Skoda,Kamiq,Gasolina,11990.0,110.0,automatic,22990,Leganés,28914,Madrid,Leganés
Skoda,Yeti,Gasolina,124000.0,105.0,manual,11990,Barbastro,22300,Huesca,Barbastro
SEAT,Ibiza,Gasolina,139000.0,95.0,manual,11900,Sant Fruitós de Bages,8272,Barcelona,Sant Fruitós de Bages
SEAT,Tarraco,Diésel,34290.0,150.0,manual,29727,Atarrabia,31610,Navarra,Atarrabia
SEAT,Tarraco,Diésel,30434.0,150.0,manual,30500,Atarrabia,31610,Navarra,Atarrabia
SEAT,Tarraco,Diésel,34290.0,150.0,manual,29727,Alcalá de Guadaíra,41500,Sevilla,Alcalá de Guadaíra
SEAT,Tarraco,Diésel,30434.0,150.0,manual,30500,Alcalá de Guadaíra,41500,Sevilla,Alcalá de Guadaíra
SEAT,Leon,Otros,42160.0,110.0,manual,14938,Las Rozas de Madrid,28232,Madrid,Las Rozas de Madrid
SEAT,Leon,Gasolina,52125.0,290.0,automatic,25990,Sevilla,41005,Sevilla,Sevilla
SEAT,Leon,Otros,42160.0,110.0,manual,14938,Badajoz,6008,Badajoz,Badajoz
SEAT,Leon,Otros,42160.0,110.0,manual,14938,Paterna,46980,Valencia,Paterna
SEAT,Leon,Otros,42160.0,110.0,manual,14938,Zaragoza,50013,Zaragoza,Zaragoza
Renault,Twingo,Diésel,96000.0,65.0,manual,5990,Málaga,29010,Málaga,Málaga
Renault,Twingo,Diésel,96000.0,65.0,manual,5990,Málaga,29010,Málaga,Málaga
Renault,Twingo,Gasolina,84552.0,75.0,manual,7399,Madrid,28014,Madrid,Madrid
Renault,Twingo,Gasolina,84552.0,75.0,manual,7099,Madrid,28014,Madrid,Madrid
Renault,Twingo,Gasolina,84552.0,75.0,manual,7399,Barcelona,8007,Barcelona,Barcelona
Renault,Twingo,Gasolina,84552.0,75.0,manual,7099,Barcelona,8007,Barcelona,Barcelona
Renault,ZOE,Eléctrico,52263.0,135.0,automatic,28635,Valdepeñas,13300,Ciudad Real,Valdepeñas
Renault,ZOE,Eléctrico,52263.0,135.0,automatic,28635,Valdepeñas,13300,Ciudad Real,Valdepeñas
Renault,ZOE,Eléctrico,52263.0,135.0,automatic,28135,Valdepeñas,13300,Ciudad Real,Valdepeñas
Renault,ZOE,Eléctrico,52263.0,135.0,automatic,28135,Valdepeñas,13300,Ciudad Real,Valdepeñas
Renault,ZOE,Eléctrico,52263.0,135.0,automatic,28635,Barcelona,8007,Barcelona,Barcelona
Renault,ZOE,Eléctrico,52263.0,135.0,automatic,28135,Barcelona,8007,Barcelona,Barcelona
Renault,ZOE,Eléctrico,52263.0,135.0,automatic,28635,Zaragoza,50013,Zaragoza,Zaragoza
Renault,ZOE,Eléctrico,52263.0,135.0,automatic,28135,Zaragoza,50013,Zaragoza,Zaragoza
Renault,ZOE,Eléctrico,52263.0,135.0,automatic,28635,Santa Maria del Aguila,4710,Almería,Santa Maria del Aguila
Renault,ZOE,Eléctrico,52263.0,135.0,automatic,28135,Santa Maria del Aguila,4710,Almería,Santa Maria del Aguila
Renault,ZOE,Eléctrico,52263.0,135.0,automatic,28635,Collado Villalba,28400,Madrid,Collado Villalba
Renault,ZOE,Eléctrico,52263.0,135.0,automatic,28635,Collado Villalba,28400,Madrid,Collado Villalba
Renault,ZOE,Eléctrico,52263.0,135.0,automatic,28135,Collado Villalba,28400,Madrid,Collado Villalba
Renault,ZOE,Eléctrico,52263.0,135.0,automatic,28135,Collado Villalba,28400,Madrid,Collado Villalba
Renault,ZOE,Eléctrico,52263.0,135.0,automatic,28635,Getafe,28906,Madrid,Getafe
Renault,ZOE,Eléctrico,52263.0,135.0,automatic,28135,Getafe,28906,Madrid,Getafe
Renault,ZOE,Eléctrico,52263.0,135.0,automatic,28635,Alcobendas,28100,Madrid,Alcobendas
Renault,ZOE,Eléctrico,52263.0,135.0,automatic,28135,Alcobendas,28100,Madrid,Alcobendas
Renault,Arkana,Gasolina,30440.0,140.0,automatic,30992,Barcelona,8007,Barcelona,Barcelona
Renault,Arkana,Gasolina,30440.0,140.0,automatic,30992,Alicante,3007,Alicante,Alicante
Renault,Arkana,Gasolina,30440.0,140.0,automatic,30992,Alcalá de Guadaíra,41500,Sevilla,Alcalá de Guadaíra
Renault,Arkana,Gasolina,30440.0,140.0,automatic,30992,Paterna,46980,Valencia,Paterna
Renault,Express Van,Diésel,10.0,95.0,manual,21490,Granollers,8401,Barcelona,Granollers
Renault,Express Van,Diésel,86850.0,75.0,manual,16300,Rota,11520,Cádiz,Rota
Renault,Laguna,Diésel,253969.0,120.0,manual,1490,Madrid,28026,Madrid,Madrid
Renault,Laguna,Diésel,356000.0,150.0,manual,2900,Rutis,15174,A Coruña,Rutis
Renault,Kangoo,Diésel,155000.0,75.0,manual,6999,Lorca,30815,Murcia,Lorca
Renault,Grand Kangoo,Diésel,181500.0,110.0,manual,12500,Marbella,29670,Málaga,Marbella
Renault,Espace,Diésel,64300.0,200.0,automatic,37999,Bilbao,48004,Bizkaia,Bilbao
Renault,Modus,Gasolina,72150.0,75.0,manual,4490,Leioa,48940,Bizkaia,Leioa
Renault,Fluence,Gasolina,169550.0,110.0,manual,6850,Alcorcón,28923,Madrid,Alcorcón
Renault,Fluence,Gasolina,169550.0,110.0,manual,6350,Alcorcón,28923,Madrid,Alcorcón
Renault,Grand Espace,Diésel,137000.0,150.0,automatic,11500,Las Rozas de Madrid,28232,Madrid,Las Rozas de Madrid
Renault,Master,Diésel,160000.0,120.0,manual,9500,Cocentaina,3820,Alicante,Cocentaina
Renault,Master,Diésel,79000.0,150.0,manual,25959,Montcada i Reixac,8110,Barcelona,Montcada i Reixac
Renault,Master,Diésel,77000.0,130.0,manual,35876,Montcada i Reixac,8110,Barcelona,Montcada i Reixac
Renault,Master,Diésel,60000.0,130.0,manual,23479,Montcada i Reixac,8110,Barcelona,Montcada i Reixac
Renault,Master,Diésel,10277.0,135.0,manual,37835,Mercabilbao,48970,Bizkaia,Mercabilbao
Renault,Captur,Diésel,84416.0,90.0,manual,15390,Madrid,28021,Madrid,Madrid
Renault,Captur,Gasolina,93810.0,90.0,manual,14990,Granollers,8403,Barcelona,Granollers
Renault,Koleos,Diésel,173885.0,175.0,automatic,20450,Móstoles,28938,Madrid,Móstoles
Renault,Talisman,Gasolina,60110.0,200.0,automatic,22770,Colonia Pablo Iglesias,28520,Madrid,Colonia Pablo Iglesias
Renault,Talisman,Gasolina,60110.0,200.0,automatic,22770,Santafe,18320,Granada,Santafe
Nissan,Pixo,Gasolina,110000.0,68.0,manual,4900,Monteagudo,30160,Murcia,Monteagudo
Nissan,Pixo,Gasolina,74000.0,68.0,manual,5990,La Serna,28500,Madrid,La Serna
Nissan,Almera,Diésel,302000.0,112.0,manual,1990,Sevilla,41003,Sevilla,Sevilla
Nissan,Trade,Diésel,316500.0,108.0,manual,2900,Daimiel,13250,Ciudad Real,Daimiel
Nissan,Murano,Diésel,142098.0,190.0,automatic,13250,Sant Vicenç de Montalt,8394,Barcelona,Sant Vicenç de Montalt
Nissan,Murano,Diésel,152201.0,190.0,automatic,14839,Sant Vicenç de Montalt,8394,Barcelona,Sant Vicenç de Montalt
Nissan,Murano,Diésel,152201.0,190.0,automatic,14839,Ciudad Real,13003,Ciudad Real,Ciudad Real
Nissan,Murano,Diésel,152201.0,190.0,automatic,14839,Granollers,8403,Barcelona,Granollers
Nissan,NV300,Diésel,35107.0,120.0,manual,23200,Barcelona,8007,Barcelona,Barcelona
Nissan,NV300,Diésel,35107.0,120.0,manual,23200,Estepona,29680,Málaga,Estepona
Nissan,NV300,Diésel,35107.0,120.0,manual,23200,Alicante,3007,Alicante,Alicante
Nissan,NV300,Diésel,35107.0,120.0,manual,23200,Olèrdola,8734,Barcelona,Olèrdola
Nissan,NV300,Diésel,35107.0,120.0,manual,23200,Olèrdola,8734,Barcelona,Olèrdola
Nissan,NV300,Diésel,35107.0,120.0,manual,23200,Saladar,3700,Alicante,Saladar
Nissan,NV300,Diésel,35107.0,120.0,manual,23200,Santa Maria del Aguila,4710,Almería,Santa Maria del Aguila
Nissan,NT400 Cabstar,Diésel,335000.0,150.0,manual,15900,Elx/Elche,3204,Alicante,Elx/Elche
Nissan,NT400 Cabstar,Diésel,146900.0,122.0,manual,24450,Doña Manuela,14014,Córdoba,Doña Manuela
Nissan,NT400 Cabstar,Diésel,233000.0,130.0,manual,14900,Santa Perpètua de Mogoda,8130,Barcelona,Santa Perpètua de Mogoda
Volkswagen,Passat Alltrack,Diésel,110315.0,190.0,automatic,26875,Hidraulica Santillana,28770,Madrid,Hidraulica Santillana
Nissan,Terrano,Diésel,133000.0,125.0,manual,12900,Valdemoro,28340,Madrid,Valdemoro
Nissan,Eco T,Diésel,136000.0,108.0,manual,2500,Santa Perpètua de Mogoda,8130,Barcelona,Santa Perpètua de Mogoda
Nissan,Cabstar,Diésel,270000.0,110.0,manual,6000,Vinaros,12500,Castellón,Vinaros
Nissan,X-Trail,Diésel,83785.0,130.0,manual,21990,Málaga,29005,Málaga,Málaga
Nissan,X-Trail,Diésel,83785.0,130.0,manual,21990,Alicante,3010,Alicante,Alicante
Nissan,X-Trail,Diésel,83785.0,130.0,manual,21990,Alicante,3010,Murcia,Alicante
Nissan,X-Trail,Diésel,83785.0,130.0,manual,21990,Valencia,46001,Valencia,Valencia
Nissan,X-Trail,Diésel,83785.0,130.0,manual,21990,Granada,18005,Granada,Granada
Nissan,Note,Gasolina,325000.0,88.0,manual,4490,Móstoles,28936,Madrid,Móstoles
Nissan,Note,Diésel,86084.0,90.0,manual,8990,Alicante,3010,Alicante,Alicante
Nissan,Note,Diésel,86084.0,90.0,manual,8990,Alicante,3010,Murcia,Alicante
Nissan,Note,Gasolina,52000.0,88.0,manual,8490,San Bizenti-Barakaldo,48902,Bizkaia,San Bizenti-Barakaldo
Nissan,Leaf,Eléctrico,104918.0,150.0,automatic,21838,Las Rozas de Madrid,28232,Madrid,Las Rozas de Madrid
Nissan,Leaf,Eléctrico,47808.0,109.0,automatic,14900,Zaragoza,50013,Zaragoza,Zaragoza
Nissan,Leaf,Eléctrico,47808.0,109.0,automatic,14900,Ciudad Real,13003,Ciudad Real,Ciudad Real
Nissan,Leaf,Eléctrico,104918.0,150.0,automatic,21838,Ciudad Real,13003,Ciudad Real,Ciudad Real
Nissan,Leaf,Eléctrico,104918.0,150.0,automatic,21838,Zaragoza,50013,Zaragoza,Zaragoza
Nissan,Leaf,Eléctrico,104918.0,150.0,automatic,21838,Granollers,8403,Barcelona,Granollers
Nissan,Evalia,Diésel,120000.0,110.0,manual,14490,Salamanca,37008,Salamanca,Salamanca
Nissan,Evalia,Diésel,120000.0,110.0,manual,14490,Salamanca,37008,Salamanca,Salamanca
Nissan,Evalia,Diésel,120000.0,110.0,manual,14490,Valladolid,47006,Valladolid,Valladolid
Nissan,Navara,Diésel,108804.0,231.0,automatic,26990,Murcia,30005,Murcia,Murcia
Nissan,NP300 Navara,Diésel,31000.0,160.0,manual,29900,Castellciutat,25710,Lleida,Castellciutat
Nissan,NP300 Navara,Diésel,61045.0,160.0,manual,27500,Málaga,29006,Málaga,Málaga
Nissan,NV400,Diésel,91000.0,130.0,manual,25980,Coslada,28823,Madrid,Coslada
Nissan,370Z,Gasolina,13380.0,328.0,manual,32490,Murcia,30005,Murcia,Murcia
Nissan,370Z,Gasolina,13380.0,328.0,manual,31990,Murcia,30005,Murcia,Murcia
Nissan,370Z,Gasolina,13380.0,328.0,manual,32490,Valencia,46001,Valencia,Valencia
Nissan,370Z,Gasolina,13380.0,328.0,manual,31990,Valencia,46001,Valencia,Valencia
Nissan,370Z,Gasolina,13380.0,328.0,manual,32490,Bilbao,48004,Bizkaia,Bilbao
Nissan,370Z,Gasolina,13380.0,328.0,manual,31990,Bilbao,48004,Bizkaia,Bilbao
Nissan,370Z,Gasolina,13380.0,328.0,manual,32490,Málaga,29005,Málaga,Málaga
Nissan,370Z,Gasolina,13380.0,328.0,manual,31990,Málaga,29005,Málaga,Málaga
Nissan,Atleon,Diésel,163000.0,150.0,manual,20800,Alicante,3001,Alicante,Alicante
Nissan,Atleon,Diésel,43000.0,130.0,manual,36800,Alicante,3001,Alicante,Alicante
Nissan,Pathfinder,Diésel,210374.0,174.0,manual,10900,Alcover,43460,Tarragona,Alcover
Nissan,Qashqai,Diésel,79000.0,115.0,manual,17999,Bormujos,41930,Sevilla,Bormujos
Mitsubishi,Outlander,Diésel,142078.0,150.0,automatic,22655,Getafe,28906,Madrid,Getafe
Mitsubishi,Outlander,Gasolina,94132.0,150.0,automatic,22885,Getafe,28906,Madrid,Getafe
Mitsubishi,Outlander,Diésel,142078.0,150.0,automatic,22655,Mercabilbao,48970,Bizkaia,Mercabilbao
Mitsubishi,Outlander,Gasolina,94132.0,150.0,automatic,22885,Mercabilbao,48970,Bizkaia,Mercabilbao
Mitsubishi,Outlander,Diésel,142078.0,150.0,automatic,22655,Atarrabia,31610,Navarra,Atarrabia
Mitsubishi,Outlander,Gasolina,94132.0,150.0,automatic,22885,Atarrabia,31610,Navarra,Atarrabia
Mitsubishi,Outlander,Diésel,142078.0,150.0,automatic,22655,Alcalá de Guadaíra,41500,Sevilla,Alcalá de Guadaíra
Mitsubishi,Outlander,Gasolina,94132.0,150.0,automatic,22885,Alcalá de Guadaíra,41500,Sevilla,Alcalá de Guadaíra
Mitsubishi,Space Gear,Gasolina,157000.0,100.0,manual,2900,L'Hospitalet de Llobregat,8901,Barcelona,L'Hospitalet de Llobregat
Mitsubishi,Space Star,Gasolina,39000.0,80.0,manual,10990,Granada,18005,Granada,Granada
Mitsubishi,Space Star,Gasolina,106985.0,80.0,manual,9490,Murcia,30005,Murcia,Murcia
Mitsubishi,Space Star,Gasolina,106985.0,80.0,manual,9490,Granada,18005,Granada,Granada
Mitsubishi,Space Star,Gasolina,114568.0,80.0,manual,8990,Ullastrell,8231,Barcelona,Ullastrell
Mitsubishi,Eclipse Cross,Gasolina,36040.0,163.0,automatic,24990,Murcia,30005,Murcia,Murcia
Mitsubishi,Eclipse Cross,Gasolina,36040.0,163.0,automatic,24990,Granada,18005,Granada,Granada
Mitsubishi,Eclipse Cross,Gasolina,11039.0,163.0,manual,22990,Vigo,36211,Pontevedra,Vigo
Mitsubishi,L 200,Diésel,112000.0,100.0,manual,7499,Agirre-Aperribai,48960,Bizkaia,Agirre-Aperribai
Mitsubishi,L 200,Diésel,163000.0,154.0,manual,20900,Vilamalla,17469,Girona,Vilamalla
Mitsubishi,L 200,Diésel,163000.0,154.0,manual,20900,Vilamalla,17469,Girona,Vilamalla
Mitsubishi,L 200,Diésel,163000.0,154.0,manual,20900,Vilamalla,17469,Girona,Vilamalla
Mitsubishi,L 200,Diésel,163000.0,154.0,manual,20900,Vilamalla,17469,Girona,Vilamalla
Mitsubishi,L 200,Diésel,163000.0,154.0,manual,20900,Vilamalla,17469,Girona,Vilamalla
Lexus,IS,Eléctrico,55913.0,223.0,automatic,23650,Sant Vicenç de Montalt,8394,Barcelona,Sant Vicenç de Montalt
Lexus,IS,Eléctrico,55913.0,223.0,automatic,23650,Alzira,46600,Valencia,Alzira
Lexus,IS,Eléctrico,55913.0,223.0,automatic,23650,Alzira,46600,Valencia,Alzira
Lexus,IS,Eléctrico,55913.0,223.0,automatic,23650,Hidraulica Santillana,28770,Madrid,Hidraulica Santillana
Lexus,UX,Otros,19071.0,184.0,automatic,31900,Barcelona,8017,Barcelona,Barcelona
Lexus,CT,Eléctrico,102698.0,136.0,automatic,19895,Olèrdola,8734,Barcelona,Olèrdola
Lexus,CT,Eléctrico,102698.0,136.0,automatic,19895,Olèrdola,8734,Barcelona,Olèrdola
Lexus,CT,Eléctrico,102698.0,136.0,automatic,19895,Santa Maria del Aguila,4710,Almería,Santa Maria del Aguila
Lexus,CT,Eléctrico,102698.0,136.0,automatic,19895,Valdepeñas,13300,Ciudad Real,Valdepeñas
Lexus,CT,Eléctrico,102698.0,136.0,automatic,19895,Valdepeñas,13300,Ciudad Real,Valdepeñas
Lexus,CT,Eléctrico,102698.0,136.0,automatic,19895,Barcelona,8007,Barcelona,Barcelona
Lexus,CT,Eléctrico,102698.0,136.0,automatic,19895,Collado Villalba,28400,Madrid,Collado Villalba
Lexus,CT,Eléctrico,102698.0,136.0,automatic,19895,Collado Villalba,28400,Madrid,Collado Villalba
Lexus,CT,Eléctrico,102698.0,136.0,automatic,19895,Alcobendas,28100,Madrid,Alcobendas
Lexus,CT,Eléctrico,102698.0,136.0,automatic,19895,Alameda del Obispo,14005,Córdoba,Alameda del Obispo
Lexus,CT,Eléctrico,102698.0,136.0,automatic,19895,Hidraulica Santillana,28770,Madrid,Hidraulica Santillana
Lexus,RX,Eléctrico,160000.0,299.0,automatic,21400,Madrid,28029,Madrid,Madrid
Lexus,RX,Eléctrico,160000.0,299.0,automatic,21300,Madrid,28029,Madrid,Madrid
Lexus,RX,Eléctrico,160000.0,299.0,automatic,21200,Madrid,28029,Madrid,Madrid
Lexus,RX,Eléctrico,15300.0,313.0,automatic,33990,Las Rozas de Madrid,28232,Madrid,Las Rozas de Madrid
Lexus,RX,Eléctrico,199500.0,299.0,automatic,19299,Torrellano,3320,Alicante,Torrellano
Lexus,NX,Eléctrico,49148.0,197.0,automatic,36788,Alzira,46600,Valencia,Alzira
Lexus,NX,Eléctrico,49148.0,197.0,automatic,36788,Alzira,46600,Valencia,Alzira
Lexus,NX,Eléctrico,49148.0,197.0,automatic,36788,Hidraulica Santillana,28770,Madrid,Hidraulica Santillana
Lexus,NX,Eléctrico,49148.0,197.0,automatic,36788,Alameda del Obispo,14005,Córdoba,Alameda del Obispo
Lexus,NX,Eléctrico,45000.0,197.0,automatic,25500,Mataró,8302,Barcelona,Mataró
Lexus,ES,Otros,37400.0,218.0,automatic,39900,Barcelona,8017,Barcelona,Barcelona
Lexus,GS,Eléctrico,57000.0,223.0,automatic,30400,Bormujos,41930,Sevilla,Bormujos
Lexus,GS,Eléctrico,57000.0,223.0,automatic,30400,Valencia,46002,Valencia,Valencia
Lexus,LS,Eléctrico,152000.0,445.0,automatic,29990,Valdefuentes,28939,Madrid,Valdefuentes
Lexus,LS,Eléctrico,152000.0,445.0,automatic,29990,Valdefuentes,28939,Madrid,Valdefuentes
Lexus,LS,Eléctrico,336000.0,445.0,automatic,19900,Las Rozas de Madrid,28232,Madrid,Las Rozas de Madrid
Lexus,LS,Gasolina,126000.0,380.0,automatic,16990,Valdefuentes,28939,Madrid,Valdefuentes
Lexus,LS,Gasolina,126000.0,380.0,automatic,16990,Valdefuentes,28939,Madrid,Valdefuentes
Lexus,LS,Gasolina,112000.0,380.0,automatic,16499,Humanes de Madrid,28970,Madrid,Humanes de Madrid
KIA,Stinger,Gasolina,121377.0,370.0,automatic,28990,Bilbao,48004,Bizkaia,Bilbao
KIA,Stinger,Gasolina,121377.0,370.0,automatic,28990,Almería,4006,Almería,Almería
KIA,Stonic,Gasolina,50880.0,100.0,manual,16190,Madrid,28021,Madrid,Madrid
KIA,Stonic,Gasolina,50880.0,100.0,manual,15790,Madrid,28021,Madrid,Madrid
KIA,Stonic,Gasolina,50880.0,100.0,manual,15390,Madrid,28021,Madrid,Madrid
KIA,Stonic,Gasolina,22240.0,100.0,manual,19900,Sabadell,8201,Barcelona,Sabadell
KIA,Stonic,Gasolina,50051.0,84.0,manual,15200,A Coruña,15003,A Coruña,A Coruña
KIA,Rio,Gasolina,3295.0,84.0,manual,17020,Barcelona,8007,Barcelona,Barcelona
KIA,Rio,Diésel,52323.0,77.0,manual,12995,Getafe,28906,Madrid,Getafe
KIA,Rio,Diésel,52323.0,77.0,manual,12995,Mercabilbao,48970,Bizkaia,Mercabilbao
KIA,Rio,Gasolina,3295.0,84.0,manual,17020,Getafe,28906,Madrid,Getafe
KIA,Rio,Gasolina,3295.0,84.0,manual,17020,Mercabilbao,48970,Bizkaia,Mercabilbao
KIA,Rio,Diésel,52323.0,77.0,manual,12995,Paterna,46980,Valencia,Paterna
KIA,Venga,Gasolina,5977.0,90.0,manual,13915,Ciudad Real,13003,Ciudad Real,Ciudad Real
KIA,Venga,Gasolina,5977.0,90.0,manual,13915,Granollers,8403,Barcelona,Granollers
KIA,Venga,Gasolina,5977.0,90.0,manual,13915,Mercado Parque Corredor del Henares,28850,Madrid,Mercado Parque Corredor del Henares
KIA,Niro,Eléctrico,88350.0,141.0,automatic,19490,Cornella de Llobregat,8940,Barcelona,Cornella de Llobregat
KIA,Niro,Eléctrico,78600.0,104.0,automatic,19690,Móstoles,28933,Madrid,Móstoles
KIA,Niro,Eléctrico,62555.0,141.0,automatic,20900,Sabadell,8201,Barcelona,Sabadell
KIA,Opirus,Gasolina,50000.0,203.0,automatic,5500,Valladolid,47014,Valladolid,Valladolid
KIA,Sorento,Diésel,138900.0,197.0,automatic,13990,Churriana,29591,Málaga,Churriana
KIA,Sorento,Diésel,52692.0,200.0,manual,21999,Madrid,28014,Madrid,Madrid
KIA,Sorento,Diésel,52692.0,200.0,manual,21199,Madrid,28014,Madrid,Madrid
KIA,Sorento,Diésel,52692.0,200.0,manual,21999,Barcelona,8007,Barcelona,Barcelona
KIA,Sorento,Diésel,52692.0,200.0,manual,21199,Barcelona,8007,Barcelona,Barcelona
KIA,ProCeed,Gasolina,41790.0,120.0,manual,23563,Alzira,46600,Valencia,Alzira
KIA,ProCeed,Gasolina,41790.0,120.0,manual,23563,Alzira,46600,Valencia,Alzira
KIA,ProCeed,Gasolina,41790.0,120.0,manual,23563,Castello/Castellon de La Plana,12100,Castellón,Castello/Castellon de La Plana
KIA,ProCeed,Gasolina,1150.0,120.0,manual,26990,Alcalá de Henares,28807,Madrid,Alcalá de Henares
KIA,ProCeed,Gasolina,1150.0,120.0,manual,26990,Alcalá de Henares,28807,Madrid,Alcalá de Henares
KIA,ProCeed,Gasolina,157535.0,90.0,manual,5490,Leganés,28916,Madrid,Leganés
KIA,ProCeed,Gasolina,157535.0,90.0,manual,5490,Madrid,28046,Madrid,Madrid
KIA,ProCeed,Gasolina,157535.0,90.0,manual,5490,Las Rozas de Madrid,28232,Madrid,Las Rozas de Madrid
KIA,Soul,Eléctrico,11871.0,204.0,automatic,35890,Arriaga,48950,Bizkaia,Arriaga
KIA,Soul,Eléctrico,24031.0,204.0,automatic,32900,Arriaga,48950,Bizkaia,Arriaga
KIA,Soul,Eléctrico,24031.0,204.0,automatic,27900,Madrid,28014,Madrid,Madrid
KIA,Soul,Eléctrico,79072.0,110.0,automatic,17050,Olèrdola,8734,Barcelona,Olèrdola
KIA,Soul,Eléctrico,79072.0,110.0,automatic,17050,Olèrdola,8734,Barcelona,Olèrdola
KIA,Soul,Diésel,260000.0,128.0,manual,5000,Barcelona,8036,Barcelona,Barcelona
KIA,Soul,Eléctrico,79072.0,110.0,automatic,17050,Santa Maria del Aguila,4710,Almería,Santa Maria del Aguila
KIA,Soul,Eléctrico,79072.0,110.0,automatic,17050,Sant Vicenç de Montalt,8394,Barcelona,Sant Vicenç de Montalt
KIA,Soul,Diésel,24780.0,136.0,automatic,20190,Vilafranca del Penedès,8720,Barcelona,Vilafranca del Penedès
KIA,Soul,Diésel,48037.0,136.0,manual,15990,Alcalá de Henares,28802,Madrid,Alcalá de Henares
KIA,Soul,Diésel,48037.0,136.0,manual,14490,Alcalá de Henares,28802,Madrid,Alcalá de Henares
KIA,Soul,Diésel,115000.0,128.0,manual,11999,Ugarte,48510,Bizkaia,Ugarte
KIA,Ceed,Gasolina,39881.0,120.0,manual,16990,Colonia Pablo Iglesias,28520,Madrid,Colonia Pablo Iglesias
KIA,XCeed,Gasolina,19792.0,160.0,manual,25185,Atarrabia,31610,Navarra,Atarrabia
KIA,XCeed,Gasolina,19792.0,160.0,manual,25185,Barcelona,8007,Barcelona,Barcelona
KIA,XCeed,Gasolina,19792.0,160.0,manual,25185,Ciudad Real,13003,Ciudad Real,Ciudad Real
KIA,XCeed,Gasolina,19792.0,160.0,manual,25185,Alzira,46600,Valencia,Alzira
KIA,XCeed,Gasolina,19792.0,160.0,manual,25185,Alzira,46600,Valencia,Alzira
KIA,XCeed,Gasolina,19792.0,160.0,manual,25185,Mercabilbao,48970,Bizkaia,Mercabilbao
KIA,XCeed,Gasolina,19792.0,160.0,manual,25185,Torremolinos,29620,Málaga,Torremolinos
KIA,XCeed,Gasolina,19792.0,160.0,manual,25185,Torremolinos,29620,Málaga,Torremolinos
KIA,XCeed,Gasolina,19792.0,160.0,manual,25185,Torremolinos,29620,Málaga,Torremolinos
KIA,Optima,Diésel,110491.0,141.0,manual,15990,Bilbao,48004,Bizkaia,Bilbao
KIA,Optima,Diésel,110491.0,141.0,manual,15990,Almería,4006,Almería,Almería
KIA,Optima,Diésel,152350.0,141.0,automatic,18890,Málaga,29005,Málaga,Málaga
KIA,Optima,Diésel,152350.0,141.0,automatic,18890,Sevilla,41005,Sevilla,Sevilla
KIA,Optima,Diésel,152350.0,141.0,automatic,18890,Toledo,45002,Toledo,Toledo
KIA,Optima,Diésel,110491.0,141.0,manual,15990,Málaga,29005,Málaga,Málaga
KIA,Optima,Diésel,110491.0,141.0,manual,15990,Sevilla,41005,Sevilla,Sevilla
KIA,Optima,Diésel,110491.0,141.0,manual,15990,Palma de Mallorca,7003,Baleares,Palma de Mallorca
KIA,Optima,Diésel,219181.0,136.0,manual,10000,Murcia,30151,Murcia,Murcia
Infiniti,QX50,Diésel,93500.0,238.0,automatic,19890,Agirre-Aperribai,48960,Bizkaia,Agirre-Aperribai
Infiniti,QX50,Diésel,93500.0,238.0,automatic,19890,Pamplona/Iruña,31003,Navarra,Pamplona/Iruña
Infiniti,QX50,Diésel,93500.0,238.0,automatic,19890,Bacarot,3114,Alicante,Bacarot
Infiniti,Q70,Diésel,119998.0,170.0,automatic,16990,Granada,18005,Granada,Granada
Infiniti,Q70,Diésel,119998.0,170.0,automatic,15990,Granada,18005,Granada,Granada
Infiniti,Q70,Diésel,119998.0,170.0,automatic,16990,Jaén,23008,Jaén,Jaén
Infiniti,Q70,Diésel,119998.0,170.0,automatic,15990,Jaén,23008,Jaén,Jaén
Infiniti,Q70,Diésel,119998.0,170.0,automatic,16990,Córdoba,14003,Córdoba,Córdoba
Infiniti,Q70,Diésel,119998.0,170.0,automatic,15990,Córdoba,14003,Córdoba,Córdoba
Infiniti,M30,Diésel,191000.0,238.0,automatic,12000,Rutis,15174,A Coruña,Rutis
Infiniti,M30,Diésel,220000.0,238.0,automatic,13800,Sant Adrià de Besòs,8930,Barcelona,Sant Adrià de Besòs
Infiniti,Q30,Diésel,47603.0,170.0,automatic,19990,Murcia,30005,Murcia,Murcia
Infiniti,Q30,Diésel,37530.0,170.0,automatic,19990,Murcia,30005,Murcia,Murcia
Infiniti,Q30,Diésel,37530.0,170.0,automatic,19990,Vigo,36211,Pontevedra,Vigo
Infiniti,Q30,Diésel,47603.0,170.0,automatic,19990,Bilbao,48004,Bizkaia,Bilbao
Infiniti,Q30,Diésel,47603.0,170.0,automatic,19990,Granada,18005,Granada,Granada
Infiniti,Q30,Diésel,37530.0,170.0,automatic,19990,Granada,18005,Granada,Granada
Infiniti,Q30,Diésel,37530.0,170.0,automatic,19990,Bilbao,48004,Bizkaia,Bilbao
Infiniti,G37,Gasolina,159000.0,320.0,automatic,14990,Vilches,23220,Jaén,Vilches
Infiniti,QX70,Diésel,55882.0,238.0,automatic,33450,Madrid,28045,Madrid,Madrid
Infiniti,FX30,Diésel,189000.0,238.0,automatic,21900,Monteagudo,30160,Murcia,Monteagudo
Infiniti,Q50,Diésel,165284.0,170.0,automatic,12990,Vigo,36211,Pontevedra,Vigo
Infiniti,Q50,Diésel,165284.0,170.0,automatic,12890,Vigo,36211,Pontevedra,Vigo
Infiniti,Q50,Diésel,104987.0,170.0,automatic,17590,Vigo,36211,Pontevedra,Vigo
Infiniti,QX30,Diésel,109199.0,170.0,automatic,20900,Santander,39002,Cantabria,Santander
Infiniti,QX30,Diésel,109199.0,170.0,automatic,20900,Toledo,45002,Toledo,Toledo
Infiniti,QX30,Diésel,109199.0,170.0,automatic,20900,Sabadell,8203,Barcelona,Sabadell
Infiniti,QX30,Diésel,109199.0,170.0,automatic,20900,Huelva,21004,Huelva,Huelva
Infiniti,QX30,Diésel,109199.0,170.0,automatic,20900,Murcia,30001,Murcia,Murcia
Infiniti,QX30,Diésel,109199.0,170.0,automatic,20900,Urbanitzacio El Medol,43150,Tarragona,Urbanitzacio El Medol
Infiniti,QX30,Diésel,109199.0,170.0,automatic,20900,Barcelona,8008,Barcelona,Barcelona
Galloper,Super Exceed,Diésel,210000.0,115.0,manual,7900,Nava,33520,Asturias,Nava
Galloper,Super Exceed,Diésel,210000.0,115.0,manual,7900,Nava,33520,Asturias,Nava
Toyota,MR2,Gasolina,97876.0,140.0,manual,11990,Mercado Parque Corredor del Henares,28850,Madrid,Mercado Parque Corredor del Henares
Toyota,MR2,Gasolina,97876.0,140.0,manual,11990,Vigo,36214,Pontevedra,Vigo
Toyota,MR2,Gasolina,97876.0,140.0,manual,11990,Paterna,46980,Valencia,Paterna
Toyota,MR2,Gasolina,97876.0,140.0,manual,11990,Getafe,28906,Madrid,Getafe
Toyota,C-HR,Eléctrico,97179.0,122.0,automatic,20240,Granollers,8403,Barcelona,Granollers
Toyota,C-HR,Eléctrico,97179.0,122.0,automatic,20240,Colonia Pablo Iglesias,28520,Madrid,Colonia Pablo Iglesias
Toyota,C-HR,Eléctrico,97179.0,122.0,automatic,20240,Santafe,18320,Granada,Santafe
Toyota,Yaris,Gasolina,91000.0,69.0,manual,10500,Barcelona,8013,Barcelona,Barcelona
Toyota,Yaris,Eléctrico,79000.0,100.0,automatic,15400,Arroyo de La Miel,29631,Málaga,Arroyo de La Miel
Toyota,Yaris,Eléctrico,79000.0,100.0,automatic,14900,Arroyo de La Miel,29631,Málaga,Arroyo de La Miel
Toyota,Yaris,Gasolina,32400.0,111.0,manual,13490,Granada,18006,Granada,Granada
Toyota,iQ,Gasolina,100500.0,68.0,manual,7850,Madrid,28046,Madrid,Madrid
Toyota,iQ,Gasolina,100500.0,68.0,manual,7250,Madrid,28046,Madrid,Madrid
Toyota,iQ,Gasolina,113128.0,99.0,automatic,10999,Sabadell,8204,Barcelona,Sabadell
Toyota,iQ,Gasolina,100500.0,68.0,manual,7850,Alcorcón,28923,Madrid,Alcorcón
Toyota,iQ,Gasolina,100500.0,68.0,manual,7250,Alcorcón,28923,Madrid,Alcorcón
Toyota,Avensis,Diésel,123704.0,143.0,manual,16990,Madrid,28021,Madrid,Madrid
Toyota,Avensis,Diésel,123704.0,143.0,manual,16490,Madrid,28021,Madrid,Madrid
Toyota,Avensis,Gasolina,103614.0,140.0,automatic,12199,Madrid,28014,Madrid,Madrid
Toyota,Avensis,Gasolina,103614.0,140.0,automatic,11999,Madrid,28014,Madrid,Madrid
Toyota,Avensis,Gasolina,103614.0,140.0,automatic,12199,Barcelona,8007,Barcelona,Barcelona
Toyota,Avensis,Gasolina,103614.0,140.0,automatic,11999,Barcelona,8007,Barcelona,Barcelona
Toyota,Avensis,Diésel,310000.0,126.0,manual,2999,Villaviciosa de Odón,28670,Madrid,Villaviciosa de Odón
Toyota,Prius,Eléctrico,138402.0,136.0,automatic,11990,San Sebastián de Los Reyes,28700,Madrid,San Sebastián de Los Reyes
Toyota,Aygo X,Gasolina,8500.0,72.0,manual,18990,Igualada,8700,Barcelona,Igualada
Toyota,Aygo,Gasolina,32889.0,69.0,automatic,11990,Badajoz,6008,Badajoz,Badajoz
Toyota,Aygo,Gasolina,33120.0,69.0,manual,12900,Badajoz,6008,Badajoz,Badajoz
Toyota,Verso,Gasolina,76000.0,132.0,manual,15990,Barcelona,8013,Barcelona,Barcelona
Toyota,Verso,Diésel,81873.0,150.0,automatic,16750,Collado Villalba,28400,Madrid,Collado Villalba
Toyota,Verso,Diésel,81873.0,150.0,automatic,16750,Collado Villalba,28400,Madrid,Collado Villalba
Toyota,Verso,Diésel,81873.0,150.0,automatic,16750,Santa Maria del Aguila,4710,Almería,Santa Maria del Aguila
Toyota,Verso,Diésel,81873.0,150.0,automatic,16750,Murcia,30003,Murcia,Murcia
Toyota,Verso,Diésel,116100.0,112.0,manual,12390,Móstoles,28933,Madrid,Móstoles
Toyota,Verso,Diésel,81873.0,150.0,automatic,16750,Albacete,2001,Albacete,Albacete
Toyota,Verso,Diésel,81873.0,150.0,automatic,16750,Getafe,28906,Madrid,Getafe
Toyota,Verso,Diésel,81873.0,150.0,automatic,16750,Valdepeñas,13300,Ciudad Real,Valdepeñas
Toyota,Verso,Diésel,81873.0,150.0,automatic,16750,Valdepeñas,13300,Ciudad Real,Valdepeñas
Toyota,Verso,Diésel,81873.0,150.0,automatic,16750,Vigo,36214,Pontevedra,Vigo
Toyota,Hilux,Diésel,47920.0,144.0,manual,24990,Bilbao,48004,Bizkaia,Bilbao
Toyota,Hilux,Diésel,47920.0,144.0,manual,24990,Sevilla,41005,Sevilla,Sevilla
Toyota,Hilux,Diésel,47920.0,144.0,manual,24990,Almería,4006,Almería,Almería
Toyota,Hilux,Diésel,119592.0,150.0,manual,24445,Alcalá de Guadaíra,41500,Sevilla,Alcalá de Guadaíra
Toyota,Hilux,Diésel,119592.0,150.0,manual,24445,Málaga,29004,Málaga,Málaga
Land Rover,Range Rover,Diésel,129078.0,272.0,automatic,16250,Valdepeñas,13300,Ciudad Real,Valdepeñas
Land Rover,Range Rover,Diésel,129078.0,272.0,automatic,16250,Valdepeñas,13300,Ciudad Real,Valdepeñas
Land Rover,Range Rover,Diésel,129078.0,272.0,automatic,16250,Vigo,36214,Pontevedra,Vigo
Land Rover,Range Rover,Diésel,129078.0,272.0,automatic,16250,Saladar,3700,Alicante,Saladar
Land Rover,Range Rover,Diésel,129078.0,272.0,automatic,16250,Olèrdola,8734,Barcelona,Olèrdola
Land Rover,Range Rover,Diésel,129078.0,272.0,automatic,16250,Olèrdola,8734,Barcelona,Olèrdola
Land Rover,Range Rover,Diésel,129078.0,272.0,automatic,16250,Santiago de Compostela,15703,A Coruña,Santiago de Compostela
Land Rover,Range Rover,Diésel,129078.0,272.0,automatic,16250,Colonia Pablo Iglesias,28520,Madrid,Colonia Pablo Iglesias
Land Rover,Range Rover,Diésel,129078.0,272.0,automatic,16250,Castello/Castellon de La Plana,12100,Castellón,Castello/Castellon de La Plana
Land Rover,Range Rover,Diésel,129078.0,272.0,automatic,16250,Atarrabia,31610,Navarra,Atarrabia
Land Rover,Range Rover,Diésel,129078.0,272.0,automatic,16250,Barcelona,8007,Barcelona,Barcelona
Land Rover,Range Rover,Diésel,129078.0,272.0,automatic,16250,Ciudad Real,13003,Ciudad Real,Ciudad Real
Land Rover,Range Rover Sport,Diésel,98000.0,292.0,automatic,39900,Crevillent,3330,Alicante,Crevillent
Land Rover,Freelander,Diésel,182721.0,160.0,automatic,11900,Hidraulica Santillana,28770,Madrid,Hidraulica Santillana
Land Rover,Freelander,Diésel,182721.0,160.0,automatic,11900,Alameda del Obispo,14005,Córdoba,Alameda del Obispo
Land Rover,Freelander,Diésel,182721.0,160.0,automatic,11900,Alzira,46600,Valencia,Alzira
Land Rover,Freelander,Diésel,182721.0,160.0,automatic,11900,Alzira,46600,Valencia,Alzira
Land Rover,Freelander,Diésel,182721.0,160.0,automatic,11900,Las Rozas de Madrid,28232,Madrid,Las Rozas de Madrid
Land Rover,Discovery Sport,Diésel,182410.0,150.0,automatic,18480,Valdepeñas,13300,Ciudad Real,Valdepeñas
Land Rover,Discovery Sport,Diésel,182410.0,150.0,automatic,18480,Valdepeñas,13300,Ciudad Real,Valdepeñas
Land Rover,Discovery Sport,Diésel,182410.0,150.0,automatic,18480,Barcelona,8007,Barcelona,Barcelona
Land Rover,Discovery Sport,Diésel,182410.0,150.0,automatic,18480,Collado Villalba,28400,Madrid,Collado Villalba
Land Rover,Discovery Sport,Diésel,182410.0,150.0,automatic,18480,Collado Villalba,28400,Madrid,Collado Villalba
Land Rover,Discovery Sport,Diésel,182410.0,150.0,automatic,18480,Alcobendas,28100,Madrid,Alcobendas
Land Rover,Discovery Sport,Diésel,182410.0,150.0,automatic,18480,Hidraulica Santillana,28770,Madrid,Hidraulica Santillana
Land Rover,Discovery Sport,Diésel,182410.0,150.0,automatic,18480,Alameda del Obispo,14005,Córdoba,Alameda del Obispo
Land Rover,Discovery Sport,Diésel,182410.0,150.0,automatic,18480,Albacete,2001,Albacete,Albacete
Lancia,Voyager,Diésel,178707.0,163.0,automatic,16280,Valdepeñas,13300,Ciudad Real,Valdepeñas
Lancia,Voyager,Diésel,178707.0,163.0,automatic,16280,Valdepeñas,13300,Ciudad Real,Valdepeñas
Lancia,Voyager,Diésel,178707.0,163.0,automatic,16280,Santa Maria del Aguila,4710,Almería,Santa Maria del Aguila
Lancia,Voyager,Diésel,178707.0,163.0,automatic,16280,Paterna,46980,Valencia,Paterna
Lancia,Voyager,Diésel,178707.0,163.0,automatic,16280,Badajoz,6008,Badajoz,Badajoz
Lancia,Voyager,Diésel,178707.0,163.0,automatic,16280,Colonia Pablo Iglesias,28520,Madrid,Colonia Pablo Iglesias
Lancia,Voyager,Diésel,178707.0,163.0,automatic,16280,Torremolinos,29620,Málaga,Torremolinos
Lancia,Voyager,Diésel,178707.0,163.0,automatic,16280,Torremolinos,29620,Málaga,Torremolinos
Lancia,Voyager,Diésel,178707.0,163.0,automatic,16280,Torremolinos,29620,Málaga,Torremolinos
Lancia,Voyager,Diésel,178707.0,163.0,automatic,16280,Atarrabia,31610,Navarra,Atarrabia
Lancia,Voyager,Diésel,178707.0,163.0,automatic,16280,Alcalá de Guadaíra,41500,Sevilla,Alcalá de Guadaíra
Lancia,Voyager,Diésel,178707.0,163.0,automatic,16280,Barcelona,8007,Barcelona,Barcelona
Lancia,Voyager,Diésel,178707.0,163.0,automatic,16280,Zaragoza,50013,Zaragoza,Zaragoza
Lancia,Thema,Diésel,106292.0,239.0,automatic,15200,Las Rozas de Madrid,28232,Madrid,Las Rozas de Madrid
Lancia,Thema,Diésel,106292.0,239.0,automatic,15200,Getafe,28906,Madrid,Getafe
Lancia,Thema,Diésel,106292.0,239.0,automatic,15200,Alameda del Obispo,14005,Córdoba,Alameda del Obispo
Lancia,Thema,Diésel,106292.0,239.0,automatic,15200,Torremolinos,29620,Málaga,Torremolinos
Lancia,Thema,Diésel,106292.0,239.0,automatic,15200,Torremolinos,29620,Málaga,Torremolinos
Lancia,Thema,Diésel,106292.0,239.0,automatic,15200,Torremolinos,29620,Málaga,Torremolinos
Jaguar,E-Pace,Diésel,105301.0,150.0,automatic,25990,Murcia,30005,Murcia,Murcia
Jaguar,XE,Diésel,94873.0,180.0,manual,13990,Córdoba,14003,Córdoba,Córdoba
Jaguar,XE,Diésel,94873.0,180.0,manual,12990,Córdoba,14003,Córdoba,Córdoba
Jaguar,XE,Diésel,79799.0,180.0,automatic,21900,Santafe,18320,Granada,Santafe
Jaguar,XE,Diésel,79799.0,180.0,automatic,21900,Getafe,28906,Madrid,Getafe
Jaguar,XE,Diésel,79799.0,180.0,automatic,21900,Mercabilbao,48970,Bizkaia,Mercabilbao
Jaguar,XE,Diésel,79799.0,180.0,automatic,21900,Atarrabia,31610,Navarra,Atarrabia
Jaguar,XE,Diésel,79799.0,180.0,automatic,21900,Alcalá de Guadaíra,41500,Sevilla,Alcalá de Guadaíra
Jaguar,XE,Diésel,79799.0,180.0,automatic,21900,Puerto de Sagunto,46520,Valencia,Puerto de Sagunto
Jaguar,XE,Diésel,79799.0,180.0,automatic,21900,Mercado Parque Corredor del Henares,28850,Madrid,Mercado Parque Corredor del Henares
Jaguar,XE,Diésel,79799.0,180.0,automatic,21900,Paterna,46980,Valencia,Paterna
Jaguar,F-Pace,Diésel,98762.0,180.0,automatic,28738,Vigo,36214,Pontevedra,Vigo
Jaguar,F-Pace,Diésel,98762.0,180.0,automatic,28738,Saladar,3700,Alicante,Saladar
Jaguar,F-Pace,Diésel,98762.0,180.0,automatic,28738,Olèrdola,8734,Barcelona,Olèrdola
Jaguar,F-Pace,Diésel,98762.0,180.0,automatic,28738,Olèrdola,8734,Barcelona,Olèrdola
Jaguar,F-Pace,Diésel,98762.0,180.0,automatic,28738,Santiago de Compostela,15703,A Coruña,Santiago de Compostela
Jaguar,F-Pace,Diésel,98762.0,180.0,automatic,28738,Ciudad Real,13003,Ciudad Real,Ciudad Real
Jaguar,F-Pace,Diésel,98762.0,180.0,automatic,28738,Torremolinos,29620,Málaga,Torremolinos
Jaguar,F-Pace,Diésel,98762.0,180.0,automatic,28738,Torremolinos,29620,Málaga,Torremolinos
Jaguar,F-Pace,Diésel,98762.0,180.0,automatic,28738,Torremolinos,29620,Málaga,Torremolinos
Jaguar,F-Pace,Diésel,98762.0,180.0,automatic,28738,Colonia Pablo Iglesias,28520,Madrid,Colonia Pablo Iglesias
Jaguar,F-Pace,Diésel,98762.0,180.0,automatic,28738,Castello/Castellon de La Plana,12100,Castellón,Castello/Castellon de La Plana
Jaguar,XF,Diésel,116082.0,200.0,automatic,13990,Ciudad Real,13005,Ciudad Real,Ciudad Real
Jaguar,XF,Diésel,41000.0,190.0,automatic,18999,Marbella,29601,Málaga,Marbella
Jaguar,XF,Diésel,110700.0,200.0,automatic,15990,Alcorcón,28924,Madrid,Alcorcón
Jaguar,XF,Diésel,110700.0,200.0,automatic,15990,Ponferrada,28903,Madrid,Ponferrada
Jaguar,XF,Diésel,110700.0,200.0,automatic,15990,Barcelona,8041,Barcelona,Barcelona
Jaguar,S-Type,Gasolina,185000.0,238.0,manual,5990,Lleida,25001,Lleida,Lleida
Jaguar,S-Type,Gasolina,111980.0,395.0,manual,14990,Barcelona,8006,Barcelona,Barcelona
Jaguar,S-Type,Gasolina,111980.0,395.0,manual,13990,Barcelona,8006,Barcelona,Barcelona
Jaguar,S-Type,Gasolina,111980.0,395.0,manual,14990,Madrid,28015,Madrid,Madrid
Jaguar,S-Type,Gasolina,111980.0,395.0,manual,13990,Madrid,28015,Madrid,Madrid
Iveco,Daily,Diésel,78000.0,136.0,manual,21826,Montcada i Reixac,8110,Barcelona,Montcada i Reixac
Daihatsu,Terios,Gasolina,170000.0,86.0,manual,4699,El Cigarral,29120,Málaga,El Cigarral
Daewoo,Tacuma,Gasolina,99700.0,105.0,manual,2999,Bolaños de Calatrava,13260,Ciudad Real,Bolaños de Calatrava
Daewoo,Tacuma,Gasolina,99700.0,105.0,manual,2999,Bolaños de Calatrava,13260,Ciudad Real,Bolaños de Calatrava
Daewoo,Tacuma,Gasolina,283751.0,105.0,manual,1700,Granda,33199,Asturias,Granda
Daewoo,Tacuma,Gasolina,283751.0,105.0,manual,1700,Granda,33199,Asturias,Granda
Daewoo,Tacuma,Gasolina,283751.0,105.0,manual,2000,Granda,33199,Asturias,Granda
Daewoo,Tacuma,Gasolina,283751.0,105.0,manual,2000,Granda,33199,Asturias,Granda
Daewoo,Nubira,Gasolina,115540.0,109.0,manual,2990,Barrio de Porta,46930,Valencia,Barrio de Porta
Daewoo,Lacetti,Gasolina,18400.0,109.0,manual,5995,Xativa,46800,Valencia,Xativa
Daewoo,Lacetti,Gasolina,149000.0,94.0,manual,2500,Toledo,45002,Toledo,Toledo
Dacia,Logan,Diésel,29000.0,90.0,manual,12500,Madrid,28019,Madrid,Madrid
Dacia,Logan,Diésel,181000.0,90.0,manual,4990,Tordera,8490,Barcelona,Tordera
Dacia,Sandero,Diésel,68415.0,66.0,automatic,10990,La Calavera,30720,Murcia,La Calavera
Dacia,Jogger,Otros,14500.0,101.0,manual,269,Alzira,46600,Valencia,Alzira
Dacia,Jogger,Otros,14500.0,101.0,manual,269,Alzira,46600,Valencia,Alzira
Dacia,Duster,Diésel,143560.0,109.0,manual,13200,Castello/Castellon de La Plana,12100,Castellón,Castello/Castellon de La Plana
Dacia,Duster,Diésel,72606.0,107.0,manual,10900,Alcalá de Guadaíra,41500,Sevilla,Alcalá de Guadaíra
Dacia,Duster,Diésel,143560.0,109.0,manual,13200,Alcalá de Guadaíra,41500,Sevilla,Alcalá de Guadaíra
Dacia,Lodgy,Otros,1603.0,107.0,manual,17900,Mercabilbao,48970,Bizkaia,Mercabilbao
Dacia,Lodgy,Otros,1603.0,107.0,manual,17900,Atarrabia,31610,Navarra,Atarrabia
Dacia,Lodgy,Otros,1603.0,107.0,manual,17900,Alcalá de Guadaíra,41500,Sevilla,Alcalá de Guadaíra
Dacia,Lodgy,Otros,1603.0,107.0,manual,17900,Puerto de Sagunto,46520,Valencia,Puerto de Sagunto
Dacia,Lodgy,Otros,1603.0,107.0,manual,17900,Mercado Parque Corredor del Henares,28850,Madrid,Mercado Parque Corredor del Henares
Dacia,Lodgy,Otros,1603.0,107.0,manual,17900,Paterna,46980,Valencia,Paterna
Dacia,Lodgy,Otros,1603.0,107.0,manual,17900,Santiago de Compostela,15703,A Coruña,Santiago de Compostela
Dacia,Lodgy,Otros,1603.0,107.0,manual,17900,Badajoz,6008,Badajoz,Badajoz
Dacia,Lodgy,Otros,1603.0,107.0,manual,17900,Saladar,3700,Alicante,Saladar
Dacia,Lodgy,Otros,1603.0,107.0,manual,17900,Las Rozas de Madrid,28232,Madrid,Las Rozas de Madrid
Citroen,C4 Cactus,Diésel,142881.0,100.0,manual,13788,Granollers,8403,Barcelona,Granollers
Citroen,Berlingo,Diésel,138933.0,75.0,manual,9990,Madrid,28021,Madrid,Madrid
Citroen,Berlingo,Diésel,138933.0,75.0,manual,9890,Madrid,28021,Madrid,Madrid
Citroen,Berlingo,Diésel,58980.0,102.0,manual,17990,Girona,17007,Girona,Girona
Citroen,Berlingo,Diésel,127979.0,75.0,manual,11198,Badajoz,6008,Badajoz,Badajoz
Citroen,Berlingo,Diésel,24274.0,100.0,manual,15331,Badajoz,6008,Badajoz,Badajoz
Citroen,Berlingo,Diésel,129094.0,75.0,manual,8900,A Coruña,15001,A Coruña,A Coruña
Citroen,Berlingo,Diésel,139970.0,75.0,manual,12500,A Coruña,15001,A Coruña,A Coruña
Citroen,Berlingo,Diésel,127979.0,75.0,manual,11198,Almería,4001,Almería,Almería
Citroen,Berlingo,Diésel,24274.0,100.0,manual,15331,Almería,4001,Almería,Almería
Citroen,Grand C4 SpaceTourer,Diésel,35432.0,130.0,manual,22990,Las Rozas de Madrid,28232,Madrid,Las Rozas de Madrid
Citroen,Grand C4 SpaceTourer,Diésel,35432.0,130.0,manual,22990,Alcobendas,28100,Madrid,Alcobendas
Citroen,Grand C4 SpaceTourer,Diésel,87000.0,120.0,manual,18990,Móstoles,28933,Madrid,Móstoles
Citroen,Grand C4 SpaceTourer,Diésel,98116.0,120.0,manual,17900,Las Rozas de Madrid,28232,Madrid,Las Rozas de Madrid
Citroen,Grand C4 SpaceTourer,Diésel,98116.0,120.0,manual,17900,Sant Vicenç de Montalt,8394,Barcelona,Sant Vicenç de Montalt
Citroen,Grand C4 SpaceTourer,Diésel,98116.0,120.0,manual,17900,Estepona,29680,Málaga,Estepona
Citroen,Grand C4 SpaceTourer,Diésel,98116.0,120.0,manual,17900,Saladar,3700,Alicante,Saladar
Citroen,Grand C4 SpaceTourer,Diésel,98116.0,120.0,manual,17900,Santa Maria del Aguila,4710,Almería,Santa Maria del Aguila
Citroen,Grand C4 SpaceTourer,Gasolina,99950.0,130.0,manual,418,Barcelona,8007,Barcelona,Barcelona
Citroen,C4 SpaceTourer,Diésel,59960.0,120.0,manual,19953,Alicante,3007,Alicante,Alicante
Citroen,C4 SpaceTourer,Diésel,59960.0,120.0,manual,19953,Zaragoza,50013,Zaragoza,Zaragoza
Citroen,C4 SpaceTourer,Diésel,59960.0,120.0,manual,19953,Ciudad Real,13003,Ciudad Real,Ciudad Real
Citroen,C4 SpaceTourer,Diésel,59960.0,120.0,manual,19953,Valdepeñas,13300,Ciudad Real,Valdepeñas
Citroen,C4 SpaceTourer,Diésel,59960.0,120.0,manual,19953,Valdepeñas,13300,Ciudad Real,Valdepeñas
Citroen,C4 SpaceTourer,Diésel,59960.0,120.0,manual,19953,Barcelona,8007,Barcelona,Barcelona
Citroen,C4 SpaceTourer,Diésel,59960.0,120.0,manual,19953,Collado Villalba,28400,Madrid,Collado Villalba
Citroen,C4 SpaceTourer,Diésel,59960.0,120.0,manual,19953,Collado Villalba,28400,Madrid,Collado Villalba
Citroen,C4 SpaceTourer,Diésel,103316.0,130.0,automatic,19500,Sevilla,41006,Sevilla,Sevilla
Citroen,C4 SpaceTourer,Diésel,59960.0,120.0,manual,19953,Alcobendas,28100,Madrid,Alcobendas
Citroen,C4 SpaceTourer,Diésel,59960.0,120.0,manual,19953,Olèrdola,8734,Barcelona,Olèrdola
Citroen,C4 SpaceTourer,Diésel,59960.0,120.0,manual,19953,Olèrdola,8734,Barcelona,Olèrdola
Citroen,C4 SpaceTourer,Diésel,59960.0,120.0,manual,19953,Santa Maria del Aguila,4710,Almería,Santa Maria del Aguila
Citroen,C2,Diésel,230.0,68.0,manual,1990,Santiago de Compostela,36164,Pontevedra,Santiago de Compostela
Citroen,C2,Diésel,180.0,68.0,manual,3990,Santiago de Compostela,36164,Pontevedra,Santiago de Compostela
Citroen,C3 Picasso,Gasolina,132283.0,95.0,manual,6990,Alicante,3010,Alicante,Alicante
Citroen,C3 Picasso,Gasolina,132283.0,95.0,manual,6990,Alicante,3010,Murcia,Alicante
Citroen,C3 Picasso,Gasolina,132283.0,95.0,manual,5990,Alicante,3010,Alicante,Alicante
Citroen,C3 Picasso,Gasolina,132283.0,95.0,manual,5990,Alicante,3010,Murcia,Alicante
Citroen,C3 Picasso,Gasolina,132283.0,95.0,manual,6990,Granada,18005,Granada,Granada
Citroen,C3 Picasso,Gasolina,132283.0,95.0,manual,5990,Granada,18005,Granada,Granada
Citroen,C3 Picasso,Gasolina,132283.0,95.0,manual,6990,Bilbao,48004,Bizkaia,Bilbao
Citroen,C3 Picasso,Gasolina,132283.0,95.0,manual,5990,Bilbao,48004,Bizkaia,Bilbao
Citroen,C3 Picasso,Gasolina,132283.0,95.0,manual,6990,Almería,4006,Almería,Almería
Citroen,C3 Picasso,Gasolina,132283.0,95.0,manual,5990,Almería,4006,Almería,Almería
Citroen,C3 Picasso,Gasolina,132283.0,95.0,manual,6990,Málaga,29005,Málaga,Málaga
Citroen,C3 Picasso,Gasolina,132283.0,95.0,manual,5990,Málaga,29005,Málaga,Málaga
Citroen,C3 Picasso,Gasolina,132283.0,95.0,manual,6990,Badajoz,6003,Badajoz,Badajoz
Citroen,C3 Picasso,Gasolina,132283.0,95.0,manual,5990,Badajoz,6003,Badajoz,Badajoz
Citroen,C3 Picasso,Gasolina,132283.0,95.0,manual,6990,Córdoba,14003,Córdoba,Córdoba
Citroen,C3 Picasso,Gasolina,132283.0,95.0,manual,5990,Córdoba,14003,Córdoba,Córdoba
Citroen,C3 Picasso,Gasolina,132283.0,95.0,manual,6990,Sevilla,41017,Sevilla,Sevilla
Citroen,C3 Picasso,Gasolina,132283.0,95.0,manual,5990,Sevilla,41017,Sevilla,Sevilla
Citroen,C3 Picasso,Gasolina,132283.0,95.0,manual,6990,Ciudad Real,13005,Ciudad Real,Ciudad Real
Citroen,C3 Picasso,Gasolina,132283.0,95.0,manual,5990,Ciudad Real,13005,Ciudad Real,Ciudad Real
Citroen,C3 Picasso,Gasolina,132283.0,95.0,manual,6990,Jaén,23008,Jaén,Jaén
Citroen,C3 Picasso,Gasolina,132283.0,95.0,manual,5990,Jaén,23008,Jaén,Jaén
Chevrolet,Orlando,Diésel,167400.0,163.0,manual,9500,Barcelona,8012,Barcelona,Barcelona
Chevrolet,Epica,Diésel,168000.0,150.0,manual,4999,Alcobendas,28100,Madrid,Alcobendas
Chevrolet,Epica,Diésel,110000.0,150.0,manual,3300,Pozuelo de Alarcón,28223,Madrid,Pozuelo de Alarcón
Chevrolet,Lacetti,Gasolina,193000.0,109.0,manual,3000,Vilanova i la Geltrú,8800,Barcelona,Vilanova i la Geltrú
Chevrolet,Lacetti,Diésel,245000.0,121.0,manual,1990,Coslada,28823,Madrid,Coslada
Chevrolet,Lacetti,Diésel,85190.0,121.0,manual,5800,Illescas,45200,Toledo,Illescas
Chevrolet,Lacetti,Gasolina,13000.0,95.0,manual,6490,San Bizenti-Barakaldo,48902,Bizkaia,San Bizenti-Barakaldo
Cadillac,Seville,Gasolina,90800.0,305.0,automatic,8000,Vila-Real/Villarreal,12540,Castellón,Vila-Real/Villarreal
Cadillac,Seville,Gasolina,10000.0,305.0,automatic,9900,Caldes de Montbui,8140,Barcelona,Caldes de Montbui
Audi,A1,Diésel,145471.0,90.0,manual,14087,Granollers,8403,Barcelona,Granollers
Audi,A1,Diésel,66257.0,90.0,automatic,15400,Granollers,8403,Barcelona,Granollers
Audi,A1,Diésel,145471.0,90.0,manual,14087,Albacete,2001,Albacete,Albacete
Audi,A1,Diésel,145471.0,90.0,manual,14087,Badajoz,6008,Badajoz,Badajoz
Audi,A7,Diésel,236803.0,245.0,automatic,17490,Camarma de Esteruelas,28816,Madrid,Camarma de Esteruelas
Audi,A7,Diésel,236803.0,245.0,automatic,17490,Camarma de Esteruelas,28816,Madrid,Camarma de Esteruelas
Audi,A6 Allroad,Diésel,246682.0,218.0,automatic,23408,Ciudad Real,13003,Ciudad Real,Ciudad Real
Audi,A6 Allroad,Diésel,246682.0,218.0,automatic,23408,Zaragoza,50013,Zaragoza,Zaragoza
Audi,A6 Allroad,Diésel,246682.0,218.0,automatic,23408,Alicante,3007,Alicante,Alicante
Audi,A6 Allroad,Diésel,246682.0,218.0,automatic,23408,Olèrdola,8734,Barcelona,Olèrdola
Audi,A6 Allroad,Diésel,246682.0,218.0,automatic,23408,Olèrdola,8734,Barcelona,Olèrdola
Audi,A6 Allroad,Diésel,246682.0,218.0,automatic,23408,Saladar,3700,Alicante,Saladar
Audi,A6 Allroad,Diésel,246682.0,218.0,automatic,23408,Albacete,2001,Albacete,Albacete
Audi,A6 Allroad,Diésel,246682.0,218.0,automatic,23408,Murcia,30003,Murcia,Murcia
Audi,A6 Allroad,Diésel,246682.0,218.0,automatic,23408,Torremolinos,29620,Málaga,Torremolinos
Audi,A6 Allroad,Diésel,246682.0,218.0,automatic,23408,Torremolinos,29620,Málaga,Torremolinos
Audi,A6 Allroad,Diésel,246682.0,218.0,automatic,23408,Torremolinos,29620,Málaga,Torremolinos
Audi,A6 Allroad,Diésel,246682.0,218.0,automatic,23408,Alzira,46600,Valencia,Alzira
Audi,A6 Allroad,Diésel,246682.0,218.0,automatic,23408,Alzira,46600,Valencia,Alzira
Audi,A6 Allroad,Diésel,246682.0,218.0,automatic,23408,Santa Maria del Aguila,4710,Almería,Santa Maria del Aguila
Audi,A6,Gasolina,255000.0,289.0,automatic,14890,Barcelona,8007,Barcelona,Barcelona
Audi,A6,Diésel,231500.0,177.0,manual,15990,L'Hospitalet de Llobregat,8901,Barcelona,L'Hospitalet de Llobregat
Audi,A6,Diésel,160000.0,313.0,automatic,24300,Bigastro,3380,Alicante,Bigastro
Audi,RS Q3,Gasolina,148000.0,340.0,automatic,35800,Carretera de San Martin de La Vega,28320,Madrid,Carretera de San Martin de La Vega
Audi,A3,Diésel,163616.0,110.0,manual,11990,Granada,18005,Granada,Granada
Audi,A3,Diésel,148000.0,110.0,automatic,15560,Alicante,3010,Alicante,Alicante
Audi,A3,Diésel,148000.0,110.0,automatic,15560,Alicante,3010,Murcia,Alicante
Audi,A3,Diésel,163616.0,110.0,manual,11990,Alicante,3010,Alicante,Alicante
Audi,A3,Diésel,163616.0,110.0,manual,11990,Alicante,3010,Murcia,Alicante
Audi,A3,Diésel,148000.0,110.0,automatic,15560,Murcia,30005,Murcia,Murcia
Alfa Romeo,Giulietta,Diésel,88661.0,140.0,manual,10490,Madrid,28021,Madrid,Madrid
Alfa Romeo,Giulietta,Diésel,71858.0,120.0,manual,15000,Toledo,45002,Toledo,Toledo
Alfa Romeo,Giulietta,Diésel,71858.0,120.0,manual,15000,Alcobendas,28100,Madrid,Alcobendas
Alfa Romeo,Giulietta,Diésel,71858.0,120.0,manual,15000,Almería,4001,Almería,Almería
Alfa Romeo,Stelvio,Diésel,40103.0,190.0,automatic,38525,Alzira,46600,Valencia,Alzira
Alfa Romeo,Stelvio,Diésel,40103.0,190.0,automatic,38525,Alzira,46600,Valencia,Alzira
Alfa Romeo,Stelvio,Diésel,40103.0,190.0,automatic,38525,Las Rozas de Madrid,28232,Madrid,Las Rozas de Madrid
Alfa Romeo,Stelvio,Diésel,40103.0,190.0,automatic,38525,Badajoz,6008,Badajoz,Badajoz
Alfa Romeo,Stelvio,Diésel,42000.0,210.0,automatic,26290,Urbanizacion La Granjilla,28700,Madrid,Urbanizacion La Granjilla
Alfa Romeo,Stelvio,Diésel,42000.0,210.0,automatic,26290,Villaviciosa de Odón,28670,Madrid,Villaviciosa de Odón
Alfa Romeo,Stelvio,Gasolina,108737.0,280.0,automatic,27990,Alcalá de Henares,28802,Madrid,Alcalá de Henares
Alfa Romeo,Stelvio,Diésel,82000.0,180.0,automatic,24900,Elda,3600,Alicante,Elda
Alfa Romeo,Stelvio,Diésel,109558.0,210.0,automatic,27490,Alicante,3010,Alicante,Alicante
Alfa Romeo,Stelvio,Diésel,109558.0,210.0,automatic,27490,Alicante,3010,Murcia,Alicante
Alfa Romeo,Stelvio,Diésel,109558.0,210.0,automatic,27490,Valencia,46001,Valencia,Valencia
Abarth,695,Gasolina,17000.0,180.0,automatic,31900,Estepona,29680,Málaga,Estepona
DS,3 CROSSBACK,Gasolina,30474.0,131.0,automatic,24995,Móstoles,28934,Madrid,Móstoles
DS,3 CROSSBACK,Gasolina,40000.0,102.0,manual,22500,Casas Novas,36164,Pontevedra,Casas Novas
DS,3 CROSSBACK,Eléctrico,6400.0,136.0,automatic,33495,Móstoles,28934,Madrid,Móstoles
DS,7 CROSSBACK,Diésel,31820.0,130.0,automatic,30900,Mairena del Aljarafe,41927,Sevilla,Mairena del Aljarafe
DS,7 CROSSBACK,Diésel,95108.0,180.0,automatic,32495,Móstoles,28934,Madrid,Móstoles
Volvo,S40,Diésel,257000.0,136.0,manual,5490,Sevilla,41001,Sevilla,Sevilla
Volvo,S40,Diésel,293000.0,115.0,manual,3800,Ciudad Real,13003,Ciudad Real,Ciudad Real
Toyota,Land Cruiser,Diésel,53577.0,177.0,manual,34990,Alicante,3010,Alicante,Alicante
Toyota,Land Cruiser,Diésel,53577.0,177.0,manual,34990,Alicante,3010,Murcia,Alicante
Volvo,S90,Diésel,97000.0,150.0,automatic,30990,Málaga,29005,Málaga,Málaga
Audi,SQ5,Diésel,124383.0,313.0,automatic,26990,Santander,39010,Cantabria,Santander
Audi,SQ5,Diésel,124383.0,313.0,automatic,24490,Santander,39010,Cantabria,Santander
Tesla,Model 3,Eléctrico,83489.0,345.0,automatic,39990,Ullastrell,8231,Barcelona,Ullastrell
Tesla,Model 3,Eléctrico,83489.0,345.0,automatic,37990,Ullastrell,8231,Barcelona,Ullastrell
Tesla,Model 3,Eléctrico,83489.0,345.0,automatic,39990,Òrrius,8317,Barcelona,Òrrius
Tesla,Model 3,Eléctrico,83489.0,345.0,automatic,37990,Òrrius,8317,Barcelona,Òrrius
Tesla,Model 3,Eléctrico,83489.0,345.0,automatic,39990,Tarragona,43006,Tarragona,Tarragona
Tesla,Model 3,Eléctrico,83489.0,345.0,automatic,37990,Tarragona,43006,Tarragona,Tarragona
Citroen,DS5,Diésel,99948.0,181.0,automatic,17490,Castello/Castellon de La Plana,12100,Castellón,Castello/Castellon de La Plana
Citroen,DS5,Diésel,99948.0,181.0,automatic,17490,Sant Vicenç de Montalt,8394,Barcelona,Sant Vicenç de Montalt
Citroen,DS5,Diésel,99948.0,181.0,automatic,17490,Collado Villalba,28400,Madrid,Collado Villalba
Citroen,DS5,Diésel,99948.0,181.0,automatic,17490,Collado Villalba,28400,Madrid,Collado Villalba
Citroen,DS5,Diésel,99948.0,181.0,automatic,17490,Estepona,29680,Málaga,Estepona
Honda,CR-V,Diésel,173000.0,150.0,manual,11900,Sevilla,41018,Sevilla,Sevilla
Honda,CR-V,Diésel,173000.0,150.0,manual,11900,Cúllar Vega,18195,Granada,Cúllar Vega
Honda,CR-V,Diésel,229503.0,150.0,manual,9990,Alcorcón,28924,Madrid,Alcorcón
BMW,X6 M,Gasolina,179000.0,555.0,automatic,34999,Arroyomolinos,28939,Madrid,Arroyomolinos
BMW,X6 M,Gasolina,179000.0,555.0,automatic,34999,Arroyomolinos,28939,Madrid,Arroyomolinos
Mazda,Premacy,Gasolina,223400.0,114.0,manual,1999,Fuenlabrada,28941,Madrid,Fuenlabrada
Jaguar,XJ,Gasolina,224458.0,258.0,automatic,9500,La Pobla de Vallbona,46185,Valencia,La Pobla de Vallbona
Jaguar,XJ,Gasolina,224458.0,258.0,automatic,9500,La Pobla de Vallbona,46185,Valencia,La Pobla de Vallbona
Jaguar,XJ,Diésel,116205.0,300.0,automatic,39500,Barcelona,8006,Barcelona,Barcelona
Jaguar,XJ,Diésel,116205.0,300.0,automatic,39500,Madrid,28015,Madrid,Madrid
Chrysler,300 C,Gasolina,207500.0,253.0,automatic,7490,Barcelona,8006,Barcelona,Barcelona
Chrysler,300 C,Gasolina,207500.0,253.0,automatic,7490,Madrid,28015,Madrid,Madrid
Lancia,Musa,Diésel,120328.0,95.0,manual,5900,Vilafranca del Penedès,8720,Barcelona,Vilafranca del Penedès
Audi,A4,Diésel,81780.0,150.0,automatic,18990,Granada,18005,Granada,Granada
Audi,A4,Gasolina,148390.0,180.0,manual,10990,Alicante,3007,Alicante,Alicante
Audi,A4,Gasolina,148390.0,180.0,manual,10990,Alzira,46600,Valencia,Alzira
Audi,A4,Gasolina,148390.0,180.0,manual,10990,Alzira,46600,Valencia,Alzira
Audi,A4,Diésel,81780.0,150.0,automatic,18990,Alicante,3010,Alicante,Alicante
Audi,A4,Diésel,81780.0,150.0,automatic,18990,Alicante,3010,Murcia,Alicante
Audi,A4,Diésel,81780.0,150.0,automatic,18990,Murcia,30005,Murcia,Murcia
Audi,A4,Gasolina,148390.0,180.0,manual,10990,Getafe,28906,Madrid,Getafe
Audi,A4,Gasolina,148390.0,180.0,manual,10990,Torremolinos,29620,Málaga,Torremolinos
Audi,A4,Gasolina,148390.0,180.0,manual,10990,Torremolinos,29620,Málaga,Torremolinos
Audi,A4,Gasolina,148390.0,180.0,manual,10990,Torremolinos,29620,Málaga,Torremolinos
Audi,A4,Diésel,81780.0,150.0,automatic,18990,Bilbao,48004,Bizkaia,Bilbao
Audi,A4,Gasolina,148390.0,180.0,manual,10990,Granollers,8403,Barcelona,Granollers
Audi,A4,Gasolina,148390.0,180.0,manual,10990,Puerto de Sagunto,46520,Valencia,Puerto de Sagunto
Audi,A4,Gasolina,148390.0,180.0,manual,10990,Alcobendas,28100,Madrid,Alcobendas
Audi,A4,Gasolina,148390.0,180.0,manual,10990,Hidraulica Santillana,28770,Madrid,Hidraulica Santillana
Audi,A4,Gasolina,148390.0,180.0,manual,10990,Castello/Castellon de La Plana,12100,Castellón,Castello/Castellon de La Plana
Audi,A4,Gasolina,148390.0,180.0,manual,10990,Alcalá de Guadaíra,41500,Sevilla,Alcalá de Guadaíra
KIA,Sportage,Gasolina,54403.0,132.0,manual,19835,Estepona,29680,Málaga,Estepona
KIA,Sportage,Diésel,47007.0,115.0,manual,24138,Saladar,3700,Alicante,Saladar
Peugeot,Traveller,Diésel,67289.0,150.0,manual,30935,Estepona,29680,Málaga,Estepona
Peugeot,Traveller,Diésel,67289.0,150.0,manual,30935,Badajoz,6008,Badajoz,Badajoz
Peugeot,Traveller,Diésel,67289.0,150.0,manual,30935,Atarrabia,31610,Navarra,Atarrabia
Tata,Indica,Gasolina,115000.0,85.0,manual,1990,Revilla de Camargo,39600,Cantabria,Revilla de Camargo
Nissan,Townstar,Gasolina,5000.0,130.0,manual,26950,Ávila,5001,Ávila,Ávila
Nissan,Townstar,Gasolina,1300.0,130.0,manual,26900,Sant Boi de Llobregat,8830,Barcelona,Sant Boi de Llobregat
Nissan,Townstar,Gasolina,2425.0,130.0,manual,26900,Sant Boi de Llobregat,8830,Barcelona,Sant Boi de Llobregat
Nissan,Townstar,Gasolina,80.0,130.0,manual,26900,Sant Boi de Llobregat,8830,Barcelona,Sant Boi de Llobregat
Nissan,Townstar,Gasolina,1.0,130.0,manual,20399,Sant Boi de Llobregat,8830,Barcelona,Sant Boi de Llobregat
Fiat,Punto,Gasolina,82500.0,60.0,manual,3800,Sedaví,46910,Valencia,Sedaví
Fiat,Punto,Gasolina,82500.0,60.0,manual,3800,Sedaví,46910,Valencia,Sedaví
Fiat,Punto,Gasolina,82500.0,60.0,manual,3800,Sedaví,46910,Valencia,Sedaví
Fiat,Punto,Gasolina,82500.0,60.0,manual,3800,Sedaví,46910,Valencia,Sedaví
Fiat,Punto,Gasolina,95495.0,69.0,manual,6990,Madrid,28021,Madrid,Madrid
Fiat,Punto,Gasolina,87000.0,69.0,manual,6990,Lliça d'Amunt,8186,Barcelona,Lliça d'Amunt
Peugeot,Partner,Gasolina,106115.0,110.0,manual,14490,Armentia,1007,Álava,Armentia
Peugeot,Partner,Diésel,85000.0,102.0,manual,14850,Bormujos,41930,Sevilla,Bormujos
Peugeot,Partner,Diésel,85000.0,102.0,manual,14850,Terrassa,8223,Barcelona,Terrassa
Peugeot,Partner,Diésel,138592.0,75.0,manual,8500,Vigo,36204,Pontevedra,Vigo
Peugeot,Partner,Diésel,85000.0,102.0,manual,14850,Valdefuentes,28939,Madrid,Valdefuentes
Peugeot,Partner,Diésel,85000.0,102.0,manual,14850,Valdefuentes,28939,Madrid,Valdefuentes
Peugeot,Partner,Diésel,85000.0,102.0,manual,14850,Burjassot,46100,Valencia,Burjassot
Suzuki,Ignis,Gasolina,66256.0,90.0,manual,15450,Madrid,28045,Madrid,Madrid
Suzuki,Ignis,Diésel,151567.0,94.0,manual,3999,Albal,46470,Valencia,Albal
Suzuki,Ignis,Diésel,151567.0,94.0,manual,3999,Albal,46470,Valencia,Albal
Suzuki,Ignis,Diésel,151567.0,94.0,manual,3999,Albal,46470,Valencia,Albal
Suzuki,Ignis,Diésel,151567.0,94.0,manual,3999,Albal,46470,Valencia,Albal
SEAT,Exeo,Diésel,135000.0,143.0,manual,10499,El Cigarral,29120,Málaga,El Cigarral
SEAT,Exeo,Gasolina,141000.0,103.0,manual,8500,Málaga,29006,Málaga,Málaga
Opel,Corsa-e,Gasolina,133010.0,75.0,manual,6990,Sevilla,41017,Sevilla,Sevilla
Opel,Corsa-e,Gasolina,133010.0,75.0,manual,6990,Vigo,36211,Pontevedra,Vigo
Opel,Corsa-e,Gasolina,133010.0,75.0,manual,6990,Granada,18005,Granada,Granada
Opel,Corsa-e,Gasolina,133010.0,75.0,manual,6990,Alicante,3010,Alicante,Alicante
Opel,Corsa-e,Gasolina,133010.0,75.0,manual,6990,Alicante,3010,Murcia,Alicante
Skoda,Kodiaq,Diésel,28037.0,150.0,automatic,34385,Sant Vicenç de Montalt,8394,Barcelona,Sant Vicenç de Montalt
Skoda,Kodiaq,Diésel,28037.0,150.0,automatic,34385,Alzira,46600,Valencia,Alzira
Skoda,Kodiaq,Diésel,28037.0,150.0,automatic,34385,Alzira,46600,Valencia,Alzira
Skoda,Karoq,Gasolina,38047.0,150.0,manual,21890,Murcia,30005,Murcia,Murcia
Skoda,Karoq,Gasolina,38047.0,150.0,manual,19990,Murcia,30005,Murcia,Murcia
Alfa Romeo,GT,Diésel,82000.0,150.0,manual,10995,Madrid,28043,Madrid,Madrid
Alfa Romeo,GT,Gasolina,128000.0,140.0,manual,1000,Constantí,43120,Tarragona,Constantí
Alfa Romeo,MiTO,Diésel,195500.0,120.0,manual,6990,Colonia Pablo Iglesias,28520,Madrid,Colonia Pablo Iglesias
Alfa Romeo,Spider,Diésel,116506.0,200.0,manual,12800,Sant Vicenç de Montalt,8394,Barcelona,Sant Vicenç de Montalt
Alfa Romeo,Spider,Gasolina,149000.0,165.0,manual,8500,Sabadell,8203,Barcelona,Sabadell
Alfa Romeo,Spider,Gasolina,148000.0,165.0,manual,8500,Tarragona,43006,Tarragona,Tarragona
Alfa Romeo,159,Diésel,289500.0,200.0,manual,5200,Palamós,17230,Girona,Palamós
Alfa Romeo,166,Diésel,195000.0,150.0,manual,3000,Girona,17007,Girona,Girona
Alfa Romeo,Giulia,Diésel,118600.0,180.0,automatic,23490,Alicante,3010,Alicante,Alicante
Alfa Romeo,Giulia,Diésel,118600.0,180.0,automatic,23490,Alicante,3010,Murcia,Alicante
Alfa Romeo,Giulia,Diésel,71764.0,180.0,automatic,23990,Alicante,3010,Alicante,Alicante
Alfa Romeo,Giulia,Diésel,71764.0,180.0,automatic,23990,Alicante,3010,Murcia,Alicante
Alfa Romeo,Tonale,Eléctrico,4100.0,130.0,automatic,39690,Vilafranca del Penedès,8720,Barcelona,Vilafranca del Penedès
Audi,Q2,Diésel,30000.0,150.0,automatic,28900,Artatza,48940,Bizkaia,Artatza
Audi,Q2,Gasolina,48000.0,116.0,manual,23300,Sant Fruitós de Bages,8272,Barcelona,Sant Fruitós de Bages
Audi,Q2,Gasolina,81990.0,150.0,automatic,24700,Barcelona,8026,Barcelona,Barcelona
Audi,Q2,Diésel,91050.0,116.0,manual,18990,Almería,4006,Almería,Almería
Audi,Q2,Diésel,91050.0,116.0,manual,18990,Bilbao,48004,Bizkaia,Bilbao
Audi,Q2,Diésel,91050.0,116.0,manual,18990,Vigo,36211,Pontevedra,Vigo
Audi,Q2,Diésel,91050.0,116.0,manual,18990,Murcia,30005,Murcia,Murcia
Audi,Q2,Diésel,91050.0,116.0,manual,18990,Palma de Mallorca,7003,Baleares,Palma de Mallorca
Audi,Q2,Diésel,91050.0,116.0,manual,18990,Tarragona,43006,Tarragona,Tarragona
Audi,Q2,Diésel,91050.0,116.0,manual,18990,Palau-Solita I Plegamans,8184,Barcelona,Palau-Solita I Plegamans
Audi,Q2,Diésel,91050.0,116.0,manual,18990,Palau-Solita I Plegamans,8184,Barcelona,Palau-Solita I Plegamans
Audi,Q2,Diésel,91050.0,116.0,manual,18990,Girona,17007,Girona,Girona
Audi,Q2,Gasolina,22000.0,149.0,manual,592,Madrid,28009,Madrid,Madrid
Audi,S8,Gasolina,140000.0,450.0,automatic,21990,Parla,28980,Madrid,Parla
Audi,A5,Diésel,149000.0,190.0,automatic,19340,Granada,18005,Granada,Granada
Audi,A5,Diésel,149000.0,190.0,automatic,19340,Toledo,45002,Toledo,Toledo
Audi,A5,Diésel,149000.0,190.0,automatic,19340,Camarma de Esteruelas,28816,Madrid,Camarma de Esteruelas
Audi,A5,Diésel,149000.0,190.0,automatic,19340,Camarma de Esteruelas,28816,Madrid,Camarma de Esteruelas
Audi,A5,Diésel,149000.0,190.0,automatic,19340,Fuenlabrada,28947,Madrid,Fuenlabrada
Audi,A5,Diésel,149000.0,190.0,automatic,19340,Las Rozas de Madrid,28232,Madrid,Las Rozas de Madrid
Audi,A5,Gasolina,207000.0,211.0,automatic,13900,O Rio Da Ucha,36634,Pontevedra,O Rio Da Ucha
Audi,A5,Gasolina,200000.0,211.0,automatic,16990,Cambrils,43850,Tarragona,Cambrils
Audi,A5,Diésel,178000.0,190.0,manual,13900,Tarragona,43005,Tarragona,Tarragona
Audi,A5,Diésel,178000.0,190.0,manual,12490,Tarragona,43005,Tarragona,Tarragona
Audi,A5,Diésel,98000.0,218.0,automatic,33900,Artajona,31140,Navarra,Artajona
Audi,A5,Diésel,89000.0,150.0,manual,26400,El Parador,4721,Almería,El Parador
Audi,S6,Gasolina,135719.0,420.0,automatic,30990,Almería,4006,Almería,Almería
Audi,S6,Gasolina,135719.0,420.0,automatic,30990,Alicante,3010,Alicante,Alicante
Audi,S6,Gasolina,135719.0,420.0,automatic,30990,Alicante,3010,Murcia,Alicante
Audi,A1 citycarver,Gasolina,41600.0,95.0,manual,290,Algete,28110,Madrid,Algete
Audi,A1 citycarver,Gasolina,41600.0,95.0,manual,20700,Algete,28110,Madrid,Algete
Audi,S3,Gasolina,145995.0,300.0,automatic,19990,Sevilla,41005,Sevilla,Sevilla
Audi,S3,Gasolina,145995.0,300.0,automatic,19990,Vigo,36211,Pontevedra,Vigo
Audi,S3,Gasolina,145995.0,300.0,automatic,19990,Valencia,46001,Valencia,Valencia
Audi,S3,Gasolina,145995.0,300.0,automatic,19990,Alicante,3010,Alicante,Alicante
Audi,S3,Gasolina,145995.0,300.0,automatic,19990,Alicante,3010,Murcia,Alicante
Audi,S3,Gasolina,145995.0,300.0,automatic,19990,Bilbao,48004,Bizkaia,Bilbao
Audi,Q3,Diésel,111000.0,150.0,automatic,19990,Sevilla,41005,Sevilla,Sevilla
Audi,Q5,Diésel,120000.0,163.0,automatic,32490,Collado Villalba,28400,Madrid,Collado Villalba
Audi,Q5,Diésel,120000.0,163.0,automatic,32490,Collado Villalba,28400,Madrid,Collado Villalba
Audi,S1,Gasolina,103050.0,231.0,manual,19990,Almería,4006,Almería,Almería
Audi,S1,Gasolina,103050.0,231.0,manual,19990,Palma de Mallorca,7003,Baleares,Palma de Mallorca
Audi,S1,Gasolina,103050.0,231.0,manual,19990,Málaga,29005,Málaga,Málaga
Audi,A2,Gasolina,140000.0,75.0,manual,4499,Sant Cugat del Vallès,8172,Barcelona,Sant Cugat del Vallès
Audi,S4,Gasolina,117000.0,333.0,automatic,28790,Granada,18005,Granada,Granada
Audi,S4,Gasolina,117000.0,333.0,automatic,28790,Sevilla,41005,Sevilla,Sevilla
Audi,S4,Gasolina,117000.0,333.0,automatic,28790,Bilbao,48004,Bizkaia,Bilbao
Audi,S4,Gasolina,117000.0,333.0,automatic,28790,Murcia,30005,Murcia,Murcia
Audi,TT,Gasolina,55120.0,180.0,automatic,25990,Granada,18005,Granada,Granada
Audi,TT,Gasolina,55120.0,180.0,automatic,25990,Bilbao,48004,Bizkaia,Bilbao
Bentley,Arnage,Gasolina,87700.0,405.0,manual,33500,Los Negrales,28430,Madrid,Los Negrales
Bentley,Arnage,Gasolina,87700.0,405.0,manual,33500,Los Negrales,28430,Madrid,Los Negrales
Bentley,Mulsanne,Gasolina,143600.0,513.0,automatic,15999,Fuenlabrada,28941,Madrid,Fuenlabrada
Chevrolet,Camaro,Gasolina,60112.0,405.0,automatic,33550,Alcalá de Guadaíra,41500,Sevilla,Alcalá de Guadaíra
Chevrolet,Camaro,Gasolina,60112.0,405.0,automatic,33550,Atarrabia,31610,Navarra,Atarrabia
Chevrolet,Camaro,Gasolina,60112.0,405.0,automatic,33550,Paterna,46980,Valencia,Paterna
Chevrolet,Trax,Gasolina,55195.0,115.0,manual,13144,Santafe,18320,Granada,Santafe
Chevrolet,Trax,Gasolina,144598.0,115.0,manual,9699,Madrid,28014,Madrid,Madrid
Citroen,Nemo,Diésel,150000.0,68.0,manual,6500,Monteagudo,30160,Murcia,Monteagudo
Citroen,Nemo,Diésel,73000.0,80.0,manual,9800,Málaga,29006,Málaga,Málaga
Citroen,C6,Diésel,173700.0,204.0,automatic,6750,Figueres,17600,Girona,Figueres
Citroen,C6,Diésel,185000.0,208.0,manual,6450,Los Negrales,28430,Madrid,Los Negrales
Citroen,C6,Diésel,185000.0,208.0,manual,6450,Los Negrales,28430,Madrid,Los Negrales
Citroen,C6,Diésel,185000.0,208.0,manual,6450,Madrid,28046,Madrid,Madrid
Citroen,C4 Aircross,Diésel,140381.0,114.0,manual,11990,Toledo,45002,Toledo,Toledo
Citroen,C4 Aircross,Diésel,126667.0,114.0,manual,12350,Estepona,29680,Málaga,Estepona
Citroen,C4 Aircross,Diésel,126667.0,114.0,manual,12350,Mercado Parque Corredor del Henares,28850,Madrid,Mercado Parque Corredor del Henares
Citroen,C4 Aircross,Diésel,126667.0,114.0,manual,12350,Sant Vicenç de Montalt,8394,Barcelona,Sant Vicenç de Montalt
Citroen,C5 X,Gasolina,1.0,180.0,automatic,37650,Sant Boi de Llobregat,8830,Barcelona,Sant Boi de Llobregat
Citroen,C5 X,Gasolina,1.0,180.0,automatic,36690,Sant Boi de Llobregat,8830,Barcelona,Sant Boi de Llobregat
Citroen,Jumpy,Diésel,267000.0,120.0,manual,6900,Valls,43800,Tarragona,Valls
Citroen,Grand C4 Picasso,Diésel,147499.0,150.0,manual,15290,Granollers,8403,Barcelona,Granollers
Citroen,Grand C4 Picasso,Diésel,118782.0,120.0,automatic,13990,Almería,4006,Almería,Almería
Citroen,C3,Gasolina,31528.0,82.0,manual,12990,Hidraulica Santillana,28770,Madrid,Hidraulica Santillana
Citroen,C3,Gasolina,31528.0,82.0,manual,12990,Castello/Castellon de La Plana,12100,Castellón,Castello/Castellon de La Plana
Citroen,C3,Gasolina,31528.0,82.0,manual,12990,Alcalá de Guadaíra,41500,Sevilla,Alcalá de Guadaíra
Citroen,C3,Diésel,51527.0,99.0,manual,10490,Castellón,12001,Castellón,Castellón
Citroen,C3,Diésel,74193.0,99.0,manual,11400,Badajoz,6008,Badajoz,Badajoz
Citroen,C3,Diésel,74193.0,99.0,manual,11400,Almería,4001,Almería,Almería
Citroen,C3 Aircross,Gasolina,23408.0,110.0,manual,15985,Santafe,18320,Granada,Santafe
Citroen,C3 Aircross,Gasolina,28110.0,110.0,manual,17020,Santafe,18320,Granada,Santafe
Citroen,C3 Aircross,Diésel,12479.0,102.0,manual,17990,Santafe,18320,Granada,Santafe
Citroen,C3 Aircross,Gasolina,28110.0,110.0,manual,17020,Barcelona,8007,Barcelona,Barcelona
Citroen,C3 Aircross,Gasolina,48000.0,130.0,manual,213,Madrid,28009,Madrid,Madrid
Citroen,C3 Aircross,Gasolina,23408.0,110.0,manual,15985,Getafe,28906,Madrid,Getafe
Citroen,C3 Aircross,Gasolina,28110.0,110.0,manual,17020,Getafe,28906,Madrid,Getafe
Citroen,C3 Aircross,Diésel,12479.0,102.0,manual,17990,Getafe,28906,Madrid,Getafe
Citroen,DS3,Diésel,155268.0,68.0,manual,6499,Barcelona,8007,Barcelona,Barcelona
Citroen,DS3,Diésel,155268.0,68.0,manual,6399,Barcelona,8007,Barcelona,Barcelona
Citroen,DS3,Diésel,131000.0,90.0,manual,7995,Málaga,29006,Málaga,Málaga
Citroen,DS4,Diésel,194123.0,112.0,automatic,8950,Leganés,28916,Madrid,Leganés
Citroen,DS4,Diésel,218852.0,112.0,automatic,8990,Leganés,28916,Madrid,Leganés
Citroen,C-Élysée,Diésel,55080.0,102.0,manual,13800,Alzira,46600,Valencia,Alzira
Citroen,C-Élysée,Diésel,55080.0,102.0,manual,13800,Alzira,46600,Valencia,Alzira
Citroen,C-Élysée,Diésel,55080.0,102.0,manual,13800,Alicante,3007,Alicante,Alicante
Citroen,C-Élysée,Diésel,55080.0,102.0,manual,13800,Las Rozas de Madrid,28232,Madrid,Las Rozas de Madrid
Citroen,C-Élysée,Diésel,55080.0,102.0,manual,13800,Puerto de Sagunto,46520,Valencia,Puerto de Sagunto
Citroen,C-Élysée,Diésel,55080.0,102.0,manual,13800,Santafe,18320,Granada,Santafe
Citroen,C-Élysée,Diésel,55080.0,102.0,manual,13800,Mercabilbao,48970,Bizkaia,Mercabilbao
Citroen,C-Élysée,Diésel,55080.0,102.0,manual,13800,Zaragoza,50013,Zaragoza,Zaragoza
Citroen,C5 Aircross,Gasolina,39787.0,131.0,manual,22425,Alcalá de Guadaíra,41500,Sevilla,Alcalá de Guadaíra
Citroen,C5 Aircross,Diésel,20868.0,177.0,automatic,27490,Madrid,28021,Madrid,Madrid
Citroen,ë-C4,Eléctrico,5.0,136.0,automatic,32990,Sant Boi de Llobregat,8830,Barcelona,Sant Boi de Llobregat
Citroen,ë-C4,Eléctrico,2.0,136.0,automatic,32850,Sant Boi de Llobregat,8830,Barcelona,Sant Boi de Llobregat
Citroen,ë-C4,Eléctrico,4715.0,136.0,automatic,32500,Sant Boi de Llobregat,8830,Barcelona,Sant Boi de Llobregat
Citroen,Jumper,Diésel,253054.0,160.0,manual,17490,Urbanizacion La Granjilla,28700,Madrid,Urbanizacion La Granjilla
Citroen,Jumper,Diésel,253054.0,160.0,manual,17490,Las Rozas de Madrid,28232,Madrid,Las Rozas de Madrid
Citroen,Jumper,Diésel,253054.0,160.0,manual,17490,Villaviciosa de Odón,28670,Madrid,Villaviciosa de Odón
Citroen,C1,Gasolina,77845.0,72.0,manual,12100,Zaragoza,50003,Zaragoza,Zaragoza
Citroen,C1,Gasolina,77845.0,72.0,manual,11300,Zaragoza,50003,Zaragoza,Zaragoza
Citroen,C1,Gasolina,5106.0,72.0,manual,14375,Alameda del Obispo,14005,Córdoba,Alameda del Obispo
Citroen,C1,Gasolina,77845.0,72.0,manual,12100,A Coruña,15003,A Coruña,A Coruña
Citroen,C1,Gasolina,77845.0,72.0,manual,11300,A Coruña,15003,A Coruña,A Coruña
Citroen,C1,Gasolina,77845.0,72.0,manual,12100,Granada,18002,Granada,Granada
Citroen,C1,Gasolina,77845.0,72.0,manual,11300,Granada,18002,Granada,Granada
Citroen,C1,Gasolina,77845.0,72.0,manual,12100,Donostia-San Sebastián,20005,Gipuzkoa,Donostia-San Sebastián
Citroen,C1,Gasolina,77845.0,72.0,manual,11300,Donostia-San Sebastián,20005,Gipuzkoa,Donostia-San Sebastián
Citroen,C1,Gasolina,900.0,72.0,manual,10990,Murcia,30005,Murcia,Murcia
CUPRA,Formentor,Gasolina,16000.0,150.0,automatic,29990,Castellón,12001,Castellón,Castellón
CUPRA,Formentor,Gasolina,3000.0,150.0,manual,30900,Tarrega,25300,Lleida,Tarrega
CUPRA,Formentor,Gasolina,89671.0,150.0,manual,24955,Barcelona,8030,Barcelona,Barcelona
CUPRA,Formentor,Gasolina,27718.0,150.0,automatic,27990,Alicante,3010,Alicante,Alicante
CUPRA,Formentor,Gasolina,27718.0,150.0,automatic,27990,Alicante,3010,Murcia,Alicante
CUPRA,Formentor,Gasolina,27718.0,150.0,automatic,27990,Valencia,46001,Valencia,Valencia
CUPRA,Formentor,Gasolina,27718.0,150.0,automatic,27990,Murcia,30005,Murcia,Murcia
CUPRA,Formentor,Gasolina,27718.0,150.0,automatic,27990,Granada,18005,Granada,Granada
CUPRA,Formentor,Gasolina,27718.0,150.0,automatic,27990,Vigo,36211,Pontevedra,Vigo
CUPRA,Born,Eléctrico,7750.0,204.0,automatic,39990,Sevilla,41005,Sevilla,Sevilla
CUPRA,Born,Eléctrico,7750.0,204.0,automatic,38990,Sevilla,41005,Sevilla,Sevilla
CUPRA,Born,Eléctrico,7750.0,204.0,automatic,39990,Valencia,46001,Valencia,Valencia
CUPRA,Born,Eléctrico,7750.0,204.0,automatic,38990,Valencia,46001,Valencia,Valencia
CUPRA,Ateca,Gasolina,33292.0,300.0,manual,32900,Mesas de Santa Rosa,11400,Cádiz,Mesas de Santa Rosa
CUPRA,Ateca,Gasolina,19900.0,300.0,automatic,35900,Valencia,46002,Valencia,Valencia
Dodge,Nitro,Diésel,119153.0,177.0,manual,11900,Colonia Pablo Iglesias,28520,Madrid,Colonia Pablo Iglesias
Dodge,Nitro,Diésel,119153.0,177.0,manual,11900,Barcelona,8007,Barcelona,Barcelona
Dodge,Nitro,Diésel,119153.0,177.0,manual,11900,Zaragoza,50013,Zaragoza,Zaragoza
Dodge,Nitro,Diésel,119153.0,177.0,manual,11900,Puerto de Sagunto,46520,Valencia,Puerto de Sagunto
Dodge,Avenger,Diésel,156400.0,140.0,manual,4500,Málaga,29004,Málaga,Málaga
Honda,CR-Z,Eléctrico,179000.0,124.0,manual,8900,Fuente el Saz de Jarama,28140,Madrid,Fuente el Saz de Jarama
Honda,FR-V,Gasolina,201000.0,140.0,automatic,7900,Madrid,28002,Madrid,Madrid
Honda,FR-V,Gasolina,201000.0,140.0,automatic,6900,Madrid,28002,Madrid,Madrid
Honda,Insight,Gasolina,194697.0,98.0,automatic,9390,Leganés,28916,Madrid,Leganés
Honda,Jazz,Gasolina,12580.0,102.0,automatic,18400,Vigo,36214,Pontevedra,Vigo
Honda,Jazz,Gasolina,12580.0,102.0,automatic,18400,Alameda del Obispo,14005,Córdoba,Alameda del Obispo
Honda,Jazz,Gasolina,12580.0,102.0,automatic,18400,Saladar,3700,Alicante,Saladar
Honda,Jazz,Gasolina,12580.0,102.0,automatic,18400,Paterna,46980,Valencia,Paterna
Honda,Jazz,Gasolina,12580.0,102.0,automatic,18400,Puerto de Sagunto,46520,Valencia,Puerto de Sagunto
Honda,Civic,Diésel,117618.0,120.0,manual,12650,Alcalá de Guadaíra,41500,Sevilla,Alcalá de Guadaíra
Honda,HR-V,Gasolina,46800.0,130.0,manual,19990,Palma de Mallorca,7003,Baleares,Palma de Mallorca
Honda,HR-V,Gasolina,22226.0,130.0,manual,21990,Las Rozas de Madrid,28232,Madrid,Las Rozas de Madrid
Honda,HR-V,Gasolina,46800.0,130.0,manual,19990,Òrrius,8317,Barcelona,Òrrius
Honda,HR-V,Gasolina,46800.0,130.0,manual,19990,Ullastrell,8231,Barcelona,Ullastrell
Honda,HR-V,Gasolina,46800.0,130.0,manual,19990,Tarragona,43006,Tarragona,Tarragona
Hyundai,Atos Prime,Gasolina,112000.0,59.0,manual,2450,Úbeda,23400,Jaén,Úbeda
Hyundai,ix20,Diésel,96783.0,128.0,manual,13990,Olèrdola,8734,Barcelona,Olèrdola
Hyundai,ix20,Diésel,96783.0,128.0,manual,13990,Olèrdola,8734,Barcelona,Olèrdola
Hyundai,ix20,Diésel,96783.0,128.0,manual,13990,Saladar,3700,Alicante,Saladar
Hyundai,ix20,Diésel,96783.0,128.0,manual,13990,Murcia,30003,Murcia,Murcia
Hyundai,IONIQ,Eléctrico,59000.0,141.0,automatic,20900,Arroyo de La Miel,29631,Málaga,Arroyo de La Miel
Hyundai,Elantra,Diésel,133814.0,136.0,manual,14950,Badajoz,6008,Badajoz,Badajoz
Hyundai,Elantra,Diésel,133814.0,136.0,manual,14950,Santafe,18320,Granada,Santafe
Hyundai,Elantra,Diésel,133814.0,136.0,manual,14950,Paterna,46980,Valencia,Paterna
Hyundai,Elantra,Diésel,133814.0,136.0,manual,14950,Olèrdola,8734,Barcelona,Olèrdola
Hyundai,Elantra,Diésel,133814.0,136.0,manual,14950,Olèrdola,8734,Barcelona,Olèrdola
Hyundai,Elantra,Diésel,133814.0,136.0,manual,14950,Zaragoza,50013,Zaragoza,Zaragoza
Hyundai,Elantra,Diésel,133814.0,136.0,manual,14950,Santiago de Compostela,15703,A Coruña,Santiago de Compostela
Hyundai,Elantra,Diésel,133814.0,136.0,manual,14950,Vigo,36214,Pontevedra,Vigo
Hyundai,Elantra,Diésel,133814.0,136.0,manual,14950,Albacete,2001,Albacete,Albacete
Hyundai,Elantra,Diésel,133814.0,136.0,manual,14950,Puerto de Sagunto,46520,Valencia,Puerto de Sagunto
Hyundai,ix35,Diésel,103946.0,115.0,manual,13530,Estepona,29680,Málaga,Estepona
Hyundai,ix35,Diésel,103946.0,115.0,manual,13530,Alicante,3007,Alicante,Alicante
Hyundai,Getz,Gasolina,70625.0,63.0,manual,66,Madrid,28042,Madrid,Madrid
Hyundai,i30,Gasolina,20137.0,120.0,manual,18500,Sant Vicenç de Montalt,8394,Barcelona,Sant Vicenç de Montalt
Hyundai,i30,Diésel,166000.0,115.0,manual,6500,Málaga,29004,Málaga,Málaga
Hyundai,i30,Diésel,200000.0,90.0,manual,7000,Tarragona,43005,Tarragona,Tarragona
Hyundai,i30,Diésel,200000.0,90.0,manual,6500,Tarragona,43005,Tarragona,Tarragona
Hyundai,i30,Diésel,110000.0,115.0,manual,337,Valencia,46005,Valencia,Valencia
Hyundai,i30,Gasolina,60000.0,119.0,manual,398,Madrid,28006,Madrid,Madrid
Hyundai,i20,Diésel,83000.0,90.0,manual,10850,Vilatenim,17484,Girona,Vilatenim
Hyundai,i20,Gasolina,96645.0,85.0,manual,8900,Vilafranca del Penedès,8720,Barcelona,Vilafranca del Penedès
Hyundai,Atos,Gasolina,95000.0,60.0,automatic,3999,Madrid,28015,Madrid,Madrid
Hyundai,Atos,Gasolina,133000.0,58.0,automatic,3699,Partida Altabix,3207,Alicante,Partida Altabix
Hyundai,BAYON,Gasolina,3163.0,85.0,manual,17490,Poligono Industrial San Fernando,28830,Madrid,Poligono Industrial San Fernando
Hyundai,BAYON,Gasolina,4381.0,85.0,manual,17490,Poligono Industrial San Fernando,28830,Madrid,Poligono Industrial San Fernando
Hyundai,BAYON,Gasolina,3540.0,85.0,manual,17490,Poligono Industrial San Fernando,28830,Madrid,Poligono Industrial San Fernando
Hyundai,BAYON,Gasolina,3068.0,85.0,manual,17490,Santiago de Compostela,15890,A Coruña,Santiago de Compostela
Hyundai,Kona,Gasolina,85790.0,120.0,manual,17767,Castello/Castellon de La Plana,12100,Castellón,Castello/Castellon de La Plana
Hyundai,Kona,Diésel,119000.0,115.0,manual,16200,Navalcarnero,28600,Madrid,Navalcarnero
Hyundai,i10,Gasolina,23539.0,84.0,manual,12490,Alicante,3010,Alicante,Alicante
Hyundai,i10,Gasolina,23539.0,84.0,manual,12490,Alicante,3010,Murcia,Alicante
Hyundai,i10,Gasolina,56200.0,87.0,manual,10690,Alicante,3010,Alicante,Alicante
Hyundai,i10,Gasolina,56200.0,87.0,manual,10690,Alicante,3010,Murcia,Alicante
Hyundai,i10,Gasolina,23539.0,84.0,manual,12490,Valencia,46001,Valencia,Valencia
Hyundai,i10,Gasolina,56200.0,87.0,manual,10690,Valencia,46001,Valencia,Valencia
Hyundai,i10,Gasolina,23539.0,84.0,manual,12490,Vigo,36211,Pontevedra,Vigo
Hyundai,Coupe,Gasolina,194776.0,105.0,manual,3900,Mataró,8303,Barcelona,Mataró
Hyundai,ix55,Diésel,84000.0,240.0,automatic,13990,Utrera,41710,Sevilla,Utrera
Hyundai,ix55,Diésel,187200.0,239.0,manual,12350,Los Negrales,28430,Madrid,Los Negrales
Hyundai,ix55,Diésel,187200.0,239.0,manual,12350,Los Negrales,28430,Madrid,Los Negrales
Hyundai,Grand Santa Fe,Diésel,146370.0,197.0,automatic,20900,Atarrabia,31610,Navarra,Atarrabia
Hyundai,Grand Santa Fe,Diésel,146370.0,197.0,automatic,20900,Alzira,46600,Valencia,Alzira
Hyundai,Grand Santa Fe,Diésel,146370.0,197.0,automatic,20900,Alzira,46600,Valencia,Alzira
Hyundai,Grand Santa Fe,Diésel,146370.0,197.0,automatic,20900,Torremolinos,29620,Málaga,Torremolinos
Hyundai,Grand Santa Fe,Diésel,146370.0,197.0,automatic,20900,Torremolinos,29620,Málaga,Torremolinos
Hyundai,Grand Santa Fe,Diésel,146370.0,197.0,automatic,20900,Torremolinos,29620,Málaga,Torremolinos
Hyundai,Grand Santa Fe,Diésel,146370.0,197.0,automatic,20900,Barcelona,8007,Barcelona,Barcelona
Hyundai,Grand Santa Fe,Diésel,146370.0,197.0,automatic,20900,Collado Villalba,28400,Madrid,Collado Villalba
Hyundai,Grand Santa Fe,Diésel,146370.0,197.0,automatic,20900,Collado Villalba,28400,Madrid,Collado Villalba
Hyundai,Grand Santa Fe,Diésel,146370.0,197.0,automatic,20900,Saladar,3700,Alicante,Saladar
Hyundai,Grand Santa Fe,Diésel,146370.0,197.0,automatic,20900,Estepona,29680,Málaga,Estepona
Hyundai,i40,Diésel,128000.0,115.0,manual,12590,Murcia,30005,Murcia,Murcia
Hyundai,i40,Diésel,113298.0,136.0,manual,12089,Paterna,46980,Valencia,Paterna
Hyundai,i40,Diésel,113298.0,136.0,manual,12089,Puerto de Sagunto,46520,Valencia,Puerto de Sagunto
Hyundai,H350,Diésel,69385.0,150.0,manual,16990,Valencia,46001,Valencia,Valencia
Hyundai,H350,Diésel,69385.0,150.0,manual,16890,Valencia,46001,Valencia,Valencia
Mercedes-Benz,Clase A,Diésel,33000.0,150.0,automatic,33990,Montmeló,8160,Barcelona,Montmeló
Mercedes-Benz,Classe X,Diésel,145880.0,163.0,manual,29990,Xirivella,46950,Valencia,Xirivella
Mercedes-Benz,Classe X,Diésel,63000.0,190.0,manual,39800,El Cuervo,41749,Sevilla,El Cuervo
Mercedes-Benz,Clase B,Diésel,103861.0,136.0,automatic,20010,Saladar,3700,Alicante,Saladar
Mercedes-Benz,Clase B,Diésel,103861.0,136.0,automatic,20010,Estepona,29680,Málaga,Estepona
Mercedes-Benz,Clase B,Diésel,59480.0,136.0,automatic,23800,Saladar,3700,Alicante,Saladar
Mercedes-Benz,Clase CLC,Diésel,195000.0,150.0,manual,7850,Sabadell,8206,Barcelona,Sabadell
Mercedes-Benz,Clase CLC,Gasolina,95000.0,143.0,manual,11990,Martiartu,48480,Bizkaia,Martiartu
Mercedes-Benz,Clase CLC,Gasolina,95000.0,143.0,manual,11990,Martiartu,48480,Bizkaia,Martiartu
Mercedes-Benz,GLC Coupé,Diésel,150000.0,170.0,automatic,34990,El Tosalet,3580,Alicante,El Tosalet
Mercedes-Benz,Citan,Diésel,12490.0,90.0,manual,12490,Parets del Vallès,8150,Barcelona,Parets del Vallès
Mercedes-Benz,Citan,Diésel,165000.0,90.0,manual,11500,Barcelona,8006,Barcelona,Barcelona
Mercedes-Benz,GLE,Diésel,192581.0,204.0,automatic,29900,Utrera,41710,Sevilla,Utrera
Mercedes-Benz,Sprinter,Diésel,148160.0,129.0,manual,18700,Aldaia,46960,Valencia,Aldaia
Mercedes-Benz,Vito,Diésel,216000.0,163.0,manual,19990,Torrefarrera,25123,Lleida,Torrefarrera
Mercedes-Benz,Clase CLA,Diésel,46322.0,136.0,automatic,30475,Alcobendas,28100,Madrid,Alcobendas
Mercedes-Benz,Clase CLA,Diésel,46322.0,136.0,automatic,30475,Hidraulica Santillana,28770,Madrid,Hidraulica Santillana
Mercedes-Benz,Clase CLA,Diésel,46322.0,136.0,automatic,30475,Castello/Castellon de La Plana,12100,Castellón,Castello/Castellon de La Plana
Mercedes-Benz,Clase CLA,Diésel,46322.0,136.0,automatic,30475,Alcalá de Guadaíra,41500,Sevilla,Alcalá de Guadaíra
Mercedes-Benz,GLA,Diésel,100000.0,136.0,manual,21999,Granada,18005,Granada,Granada
Mercedes-Benz,GLA,Diésel,178500.0,170.0,automatic,19890,Fuenlabrada,28943,Madrid,Fuenlabrada
BMW,X3,Diésel,144183.0,150.0,manual,10900,Hidraulica Santillana,28770,Madrid,Hidraulica Santillana
BMW,X3,Diésel,144183.0,150.0,manual,10900,Castello/Castellon de La Plana,12100,Castellón,Castello/Castellon de La Plana
BMW,i3,Eléctrico,37373.0,170.0,automatic,23490,Madrid,28021,Madrid,Madrid
BMW,i3,Eléctrico,37373.0,170.0,automatic,22990,Madrid,28021,Madrid,Madrid
BMW,i3,Eléctrico,37373.0,170.0,automatic,22490,Madrid,28021,Madrid,Madrid
BMW,Serie 8,Gasolina,61434.0,300.0,automatic,37500,Madrid,28043,Madrid,Madrid
BMW,X2,Diésel,38225.0,150.0,manual,26335,Santa Maria del Aguila,4710,Almería,Santa Maria del Aguila
BMW,X2,Diésel,38225.0,150.0,manual,26335,Granollers,8403,Barcelona,Granollers
BMW,X2,Diésel,38225.0,150.0,manual,26335,Murcia,30003,Murcia,Murcia
BMW,X2,Diésel,38225.0,150.0,manual,26335,Vigo,36214,Pontevedra,Vigo
BMW,X2,Diésel,38225.0,150.0,manual,26335,Valdepeñas,13300,Ciudad Real,Valdepeñas
BMW,X2,Diésel,38225.0,150.0,manual,26335,Valdepeñas,13300,Ciudad Real,Valdepeñas
BMW,X2,Diésel,38225.0,150.0,manual,26335,Mercado Parque Corredor del Henares,28850,Madrid,Mercado Parque Corredor del Henares
BMW,X2,Diésel,38225.0,150.0,manual,26335,Badajoz,6008,Badajoz,Badajoz
BMW,X2,Diésel,38225.0,150.0,manual,26335,Las Rozas de Madrid,28232,Madrid,Las Rozas de Madrid
BMW,X2,Diésel,38225.0,150.0,manual,26335,Santiago de Compostela,15703,A Coruña,Santiago de Compostela
BMW,X2,Diésel,38225.0,150.0,manual,26335,Ciudad Real,13003,Ciudad Real,Ciudad Real
BMW,Serie 4,Diésel,136544.0,258.0,automatic,28900,Fuenlabrada,28946,Madrid,Fuenlabrada
BMW,Serie 4,Gasolina,122000.0,326.0,automatic,36990,Málaga,29015,Málaga,Málaga
BMW,Serie 4,Gasolina,149000.0,245.0,automatic,24900,Madrid,28015,Madrid,Madrid
BMW,Serie 4,Diésel,249000.0,190.0,automatic,19999,Villares de la Reina,37184,Salamanca,Villares de la Reina
BMW,Serie 4,Diésel,89418.0,184.0,automatic,29500,Sant Vicenç de Montalt,8394,Barcelona,Sant Vicenç de Montalt
BMW,X5 M,Diésel,165000.0,306.0,automatic,25900,Urduliz,48610,Bizkaia,Urduliz
BMW,X6,Diésel,91005.0,245.0,automatic,25990,Murcia,30005,Murcia,Murcia
BMW,X6,Diésel,184000.0,313.0,automatic,35990,Collado Villalba,28400,Madrid,Collado Villalba
BMW,X6,Diésel,184000.0,313.0,automatic,35990,Collado Villalba,28400,Madrid,Collado Villalba
BMW,Serie 6,Diésel,139000.0,313.0,automatic,27900,Marbella,29660,Málaga,Marbella
BMW,Serie 7,Diésel,99000.0,258.0,automatic,25900,Sabadell,8203,Barcelona,Sabadell
BMW,Serie 7,Diésel,293000.0,231.0,automatic,10500,Poligono Fuente del Jarro,46988,Valencia,Poligono Fuente del Jarro
BMW,Serie 2,Diésel,227429.0,116.0,manual,12089,Paterna,46980,Valencia,Paterna
BMW,Serie 2,Diésel,227429.0,116.0,manual,12089,Zaragoza,50013,Zaragoza,Zaragoza
BMW,Serie 2,Diésel,227429.0,116.0,manual,12089,Puerto de Sagunto,46520,Valencia,Puerto de Sagunto
BMW,Serie 2,Diésel,227429.0,116.0,manual,12089,Alcobendas,28100,Madrid,Alcobendas
BMW,Serie 2,Diésel,227429.0,116.0,manual,12089,Hidraulica Santillana,28770,Madrid,Hidraulica Santillana
BMW,Serie 2,Diésel,227429.0,116.0,manual,12089,Castello/Castellon de La Plana,12100,Castellón,Castello/Castellon de La Plana
BMW,X4,Diésel,146064.0,190.0,automatic,30935,Santa Maria del Aguila,4710,Almería,Santa Maria del Aguila
BMW,X4,Diésel,146064.0,190.0,automatic,30935,Murcia,30003,Murcia,Murcia
BMW,X4,Diésel,146064.0,190.0,automatic,30935,Getafe,28906,Madrid,Getafe
BMW,X4,Diésel,146064.0,190.0,automatic,30935,Valdepeñas,13300,Ciudad Real,Valdepeñas
BMW,X4,Diésel,146064.0,190.0,automatic,30935,Valdepeñas,13300,Ciudad Real,Valdepeñas
BMW,X4,Diésel,146064.0,190.0,automatic,30935,Vigo,36214,Pontevedra,Vigo
BMW,X4,Diésel,146064.0,190.0,automatic,30935,Saladar,3700,Alicante,Saladar
BMW,X4,Diésel,146064.0,190.0,automatic,30935,Olèrdola,8734,Barcelona,Olèrdola
BMW,X4,Diésel,146064.0,190.0,automatic,30935,Olèrdola,8734,Barcelona,Olèrdola
BMW,X4,Diésel,146064.0,190.0,automatic,30935,Santiago de Compostela,15703,A Coruña,Santiago de Compostela
BMW,X4,Diésel,146064.0,190.0,automatic,30935,Ciudad Real,13003,Ciudad Real,Ciudad Real
BMW,X4,Diésel,146064.0,190.0,automatic,30935,Torremolinos,29620,Málaga,Torremolinos
BMW,X4,Diésel,146064.0,190.0,automatic,30935,Torremolinos,29620,Málaga,Torremolinos
BMW,X4,Diésel,146064.0,190.0,automatic,30935,Torremolinos,29620,Málaga,Torremolinos
BMW,X4,Diésel,146064.0,190.0,automatic,30935,Colonia Pablo Iglesias,28520,Madrid,Colonia Pablo Iglesias
BMW,X4,Diésel,146064.0,190.0,automatic,30935,Castello/Castellon de La Plana,12100,Castellón,Castello/Castellon de La Plana
BMW,Serie 1,Diésel,66894.0,150.0,automatic,21677,Getafe,28906,Madrid,Getafe
BMW,Serie 1,Diésel,165468.0,143.0,manual,14520,Torremolinos,29620,Málaga,Torremolinos
BMW,Serie 1,Diésel,165468.0,143.0,manual,14520,Torremolinos,29620,Málaga,Torremolinos
BMW,Serie 1,Diésel,165468.0,143.0,manual,14520,Torremolinos,29620,Málaga,Torremolinos
BMW,Serie 1,Diésel,36000.0,116.0,manual,21900,Algeciras,11205,Cádiz,Algeciras
Fiat,Fiorino,Diésel,155900.0,80.0,manual,7590,Castello/Castellon de La Plana,12100,Castellón,Castello/Castellon de La Plana
Fiat,Fiorino,Diésel,98077.0,80.0,manual,8490,Madrid,28021,Madrid,Madrid
Fiat,Fiorino,Diésel,48457.0,80.0,manual,10490,Madrid,28021,Madrid,Madrid
Fiat,Fiorino,Diésel,118000.0,80.0,manual,8500,Sant Pau de Segúries,17864,Girona,Sant Pau de Segúries
Fiat,Panda,Gasolina,59610.0,69.0,manual,9950,Almería,4006,Almería,Almería
Fiat,Panda,Gasolina,59610.0,69.0,manual,9950,Bilbao,48004,Bizkaia,Bilbao
Fiat,Panda,Gasolina,59610.0,69.0,manual,9950,Vigo,36211,Pontevedra,Vigo
Fiat,Panda,Gasolina,59610.0,69.0,manual,9950,Sevilla,41005,Sevilla,Sevilla
Fiat,Doblò,Diésel,73132.0,95.0,manual,12290,Madrid,28021,Madrid,Madrid
Fiat,Doblò,Diésel,135000.0,75.0,manual,5490,Gavarres,43120,Tarragona,Gavarres
Fiat,Freemont,Diésel,146277.0,170.0,manual,14245,Santa Maria del Aguila,4710,Almería,Santa Maria del Aguila
Fiat,Freemont,Diésel,110508.0,140.0,manual,11200,Sant Vicenç de Montalt,8394,Barcelona,Sant Vicenç de Montalt
Fiat,Freemont,Diésel,128244.0,170.0,automatic,14795,Sant Vicenç de Montalt,8394,Barcelona,Sant Vicenç de Montalt
Fiat,Freemont,Diésel,110508.0,140.0,manual,11200,Santa Maria del Aguila,4710,Almería,Santa Maria del Aguila
Fiat,Freemont,Diésel,128244.0,170.0,automatic,14795,Santa Maria del Aguila,4710,Almería,Santa Maria del Aguila
Fiat,Croma,Diésel,141700.0,150.0,manual,6450,Madrid,28046,Madrid,Madrid
Fiat,Croma,Diésel,141700.0,150.0,manual,5950,Madrid,28046,Madrid,Madrid
Fiat,Scudo,Diésel,200000.0,69.0,manual,1800,Barrio de Porta,46930,Valencia,Barrio de Porta
Fiat,Scudo,Diésel,182518.0,120.0,manual,8990,Collado Villalba,28400,Madrid,Collado Villalba
Fiat,Scudo,Diésel,182518.0,120.0,manual,8990,Collado Villalba,28400,Madrid,Collado Villalba
Fiat,500L,Diésel,69000.0,95.0,manual,11600,Ugarte,48510,Bizkaia,Ugarte
Fiat,Idea,Gasolina,205000.0,95.0,manual,2490,Tordera,8490,Barcelona,Tordera
Fiat,Talento,Diésel,167466.0,145.0,manual,20470,Collado Villalba,28400,Madrid,Collado Villalba
Fiat,Talento,Diésel,167466.0,145.0,manual,20470,Collado Villalba,28400,Madrid,Collado Villalba
Fiat,Talento,Diésel,167466.0,145.0,manual,20470,Alcobendas,28100,Madrid,Alcobendas
Fiat,Talento,Diésel,167466.0,145.0,manual,20470,Alameda del Obispo,14005,Córdoba,Alameda del Obispo
Fiat,Talento,Diésel,167466.0,145.0,manual,20470,Hidraulica Santillana,28770,Madrid,Hidraulica Santillana
Fiat,Talento,Diésel,167466.0,145.0,manual,20470,Albacete,2001,Albacete,Albacete
Fiat,Talento,Diésel,167466.0,145.0,manual,20470,Alzira,46600,Valencia,Alzira
Fiat,Talento,Diésel,167466.0,145.0,manual,20470,Alzira,46600,Valencia,Alzira
Fiat,Talento,Diésel,167466.0,145.0,manual,20470,Castello/Castellon de La Plana,12100,Castellón,Castello/Castellon de La Plana
Fiat,Talento,Diésel,167466.0,145.0,manual,20470,Torremolinos,29620,Málaga,Torremolinos
Fiat,Talento,Diésel,167466.0,145.0,manual,20470,Torremolinos,29620,Málaga,Torremolinos
Fiat,Talento,Diésel,167466.0,145.0,manual,20470,Torremolinos,29620,Málaga,Torremolinos
Fiat,Talento,Diésel,148101.0,120.0,manual,19990,Murcia,30005,Murcia,Murcia
Fiat,Linea,Gasolina,140000.0,77.0,manual,4500,Caldes de Montbui,8140,Barcelona,Caldes de Montbui
Fiat,Linea,Gasolina,140000.0,77.0,manual,3990,Caldes de Montbui,8140,Barcelona,Caldes de Montbui
Fiat,Linea,Diésel,129990.0,90.0,manual,6900,Los Montesinos,3187,Alicante,Los Montesinos
Fiat,Linea,Gasolina,147332.0,120.0,manual,4900,Mataró,8303,Barcelona,Mataró
Fiat,Linea,Gasolina,147332.0,120.0,manual,4700,Mataró,8303,Barcelona,Mataró
Fiat,Sedici,Diésel,62000.0,120.0,manual,8300,Vilalba,27800,Lugo,Vilalba
Fiat,Sedici,Diésel,111000.0,120.0,manual,7950,Ripollet,8291,Barcelona,Ripollet
Fiat,Sedici,Diésel,111000.0,120.0,manual,6950,Ripollet,8291,Barcelona,Ripollet
Fiat,Sedici,Diésel,111000.0,120.0,manual,7950,Esplugues de Llobregat,8950,Barcelona,Esplugues de Llobregat
Fiat,Sedici,Diésel,111000.0,120.0,manual,6950,Esplugues de Llobregat,8950,Barcelona,Esplugues de Llobregat
Fiat,Sedici,Gasolina,127000.0,107.0,manual,4750,Donostia-San Sebastián,20016,Gipuzkoa,Donostia-San Sebastián
Fiat,124 Spider,Gasolina,47890.0,140.0,manual,23990,Vilafranca del Penedès,8720,Barcelona,Vilafranca del Penedès
Fiat,Punto Evo,Gasolina,180000.0,77.0,manual,5850,Mataró,8302,Barcelona,Mataró
Fiat,Punto Evo,Diésel,137000.0,75.0,manual,5000,Montequinto,41089,Sevilla,Montequinto
Fiat,Qubo,Diésel,36670.0,80.0,manual,12636,Barcelona,8030,Barcelona,Barcelona
Fiat,Qubo,Diésel,150000.0,80.0,manual,11500,Málaga,29004,Málaga,Málaga
Ford,Mustang,Gasolina,46612.0,450.0,manual,36990,Jaén,23008,Jaén,Jaén
Ford,Mustang,Gasolina,46612.0,450.0,manual,36990,Córdoba,14003,Córdoba,Córdoba
Ford,Mustang,Gasolina,68266.0,310.0,manual,34650,Granollers,8403,Barcelona,Granollers
Ford,Ka,Gasolina,60000.0,69.0,manual,6750,L'Hospitalet de Llobregat,8901,Barcelona,L'Hospitalet de Llobregat
Ford,Ka,Gasolina,20000.0,69.0,manual,7500,L'Hospitalet de Llobregat,8901,Barcelona,L'Hospitalet de Llobregat
Ford,Tourneo Courier,Diésel,47957.0,100.0,manual,13990,Valencia,46001,Valencia,Valencia
Ford,Tourneo Courier,Diésel,47957.0,100.0,manual,13990,Murcia,30005,Murcia,Murcia
Ford,Tourneo Courier,Diésel,47957.0,100.0,manual,13990,Vigo,36211,Pontevedra,Vigo
Ford,Tourneo Courier,Diésel,47957.0,100.0,manual,13990,Bilbao,48004,Bizkaia,Bilbao
Ford,Tourneo Courier,Diésel,47957.0,100.0,manual,13990,Granada,18005,Granada,Granada
Ford,Tourneo Courier,Diésel,47957.0,100.0,manual,13990,Salamanca,37008,Salamanca,Salamanca
Ford,Tourneo Courier,Diésel,47957.0,100.0,manual,13990,Salamanca,37008,Salamanca,Salamanca
Ford,Tourneo Courier,Diésel,47957.0,100.0,manual,13990,Cáceres,10001,Cáceres,Cáceres
Ford,C-MAX,Diésel,33134.0,115.0,manual,11900,Doña Manuela,14014,Córdoba,Doña Manuela
Ford,C-MAX,Diésel,67000.0,105.0,manual,12400,Arroyo de La Miel,29631,Málaga,Arroyo de La Miel
Ford,S-MAX,Diésel,84183.0,163.0,automatic,17900,Paterna,46980,Valencia,Paterna
Ford,S-MAX,Diésel,84183.0,163.0,automatic,17900,Santiago de Compostela,15703,A Coruña,Santiago de Compostela
Ford,Ranger,Diésel,47000.0,170.0,manual,33990,Vigo,36211,Pontevedra,Vigo
Ford,Ranger,Diésel,29859.0,213.0,automatic,32990,Vigo,36211,Pontevedra,Vigo
Ford,Ranger,Diésel,123237.0,120.0,automatic,31990,Murcia,30005,Murcia,Murcia
Ford,Ranger,Diésel,123237.0,120.0,automatic,30990,Murcia,30005,Murcia,Murcia
Ford,Ranger,Diésel,123237.0,120.0,automatic,31990,Granada,18005,Granada,Granada
Ford,Ranger,Diésel,123237.0,120.0,automatic,30990,Granada,18005,Granada,Granada
Ford,Transit Connect,Diésel,111225.0,95.0,manual,12870,Estepona,29680,Málaga,Estepona
Ford,Transit Connect,Diésel,111225.0,95.0,manual,12870,Murcia,30003,Murcia,Murcia
Ford,Transit Connect,Diésel,111225.0,95.0,manual,12870,Alicante,3007,Alicante,Alicante
Ford,Transit Connect,Diésel,111225.0,95.0,manual,12870,Zaragoza,50013,Zaragoza,Zaragoza
Ford,Fusion,Gasolina,85000.0,80.0,manual,6500,L'Hospitalet de Llobregat,8901,Barcelona,L'Hospitalet de Llobregat
Ford,B-MAX,Gasolina,23011.0,100.0,manual,13950,Torrevieja,3204,Alicante,Torrevieja
Ford,B-MAX,Diésel,68047.0,95.0,manual,12485,Santafe,18320,Granada,Santafe
Ford,B-MAX,Diésel,68047.0,95.0,manual,12485,Mercabilbao,48970,Bizkaia,Mercabilbao
Ford,Focus,Gasolina,70000.0,125.0,manual,16990,Òrrius,8317,Barcelona,Òrrius
Ford,Focus,Gasolina,70000.0,125.0,manual,16990,Girona,17007,Girona,Girona
Ford,Focus,Diésel,93800.0,120.0,automatic,13800,Trapaga-Causo,48510,Bizkaia,Trapaga-Causo
Ford,Mondeo,Eléctrico,58000.0,187.0,automatic,20900,Arroyo de La Miel,29631,Málaga,Arroyo de La Miel
Ford,Edge,Diésel,89000.0,240.0,automatic,27490,Almería,4006,Almería,Almería
Ford,Edge,Diésel,89000.0,240.0,automatic,27490,Málaga,29005,Málaga,Málaga
Ford,Puma,Gasolina,29476.0,125.0,manual,23575,Getafe,28906,Madrid,Getafe
Ford,Transit Courier,Diésel,130352.0,75.0,manual,8990,Valencia,46001,Valencia,Valencia
Ford,Transit Courier,Diésel,120234.0,75.0,manual,9490,Valencia,46001,Valencia,Valencia
Ford,Transit Courier,Diésel,115037.0,75.0,manual,9990,Valencia,46001,Valencia,Valencia
Ford,Transit Courier,Diésel,137803.0,75.0,manual,11990,Valencia,46001,Valencia,Valencia
Ford,Transit Courier,Diésel,137000.0,75.0,manual,9890,Murcia,30005,Murcia,Murcia
Ford,Transit Courier,Diésel,130352.0,75.0,manual,8990,Murcia,30005,Murcia,Murcia
Ford,Transit Courier,Diésel,137000.0,75.0,manual,9890,Granada,18005,Granada,Granada
Ford,Grand C-MAX,Diésel,135000.0,120.0,automatic,13990,Alicante,3010,Alicante,Alicante
Ford,Grand C-MAX,Diésel,135000.0,120.0,automatic,13990,Alicante,3010,Murcia,Alicante
Ford,Grand C-MAX,Diésel,135000.0,120.0,automatic,13990,Valencia,46001,Valencia,Valencia
Ford,Grand C-MAX,Diésel,121627.0,140.0,manual,10799,Barcelona,8007,Barcelona,Barcelona
Ford,Grand C-MAX,Diésel,121627.0,140.0,manual,10299,Barcelona,8007,Barcelona,Barcelona
Ford,Grand C-MAX,Diésel,155408.0,115.0,manual,7999,Barcelona,8007,Barcelona,Barcelona
Ford,Grand C-MAX,Diésel,155408.0,115.0,manual,7799,Barcelona,8007,Barcelona,Barcelona
Ford,Grand C-MAX,Diésel,135000.0,120.0,automatic,13990,Murcia,30005,Murcia,Murcia
Ford,Grand C-MAX,Diésel,135000.0,120.0,automatic,13990,Granada,18005,Granada,Granada
Ford,Grand C-MAX,Diésel,135000.0,120.0,automatic,13990,Vigo,36211,Pontevedra,Vigo
Ford,Kuga Vignale,Gasolina,70011.0,176.0,automatic,24900,Badalona,8915,Barcelona,Badalona
Ford,Kuga Vignale,Gasolina,70025.0,176.0,automatic,24900,Martorell,8760,Barcelona,Martorell
Ford,Kuga Vignale,Gasolina,70000.0,176.0,automatic,24900,Blanes,17300,Girona,Blanes
Ford,Transit Custom,Diésel,106000.0,105.0,manual,16990,La Hornera,30509,Murcia,La Hornera
Ford,Transit Custom,Diésel,106000.0,105.0,manual,16490,La Hornera,30509,Murcia,La Hornera
Ford,Transit Custom,Diésel,86000.0,105.0,manual,22995,Lleida,25197,Lleida,Lleida
Ford,Fiesta,Diésel,185000.0,75.0,manual,6900,Málaga,29006,Málaga,Málaga
Peugeot,Expert,Diésel,18036.0,120.0,manual,29785,Saladar,3700,Alicante,Saladar
Ford,EcoSport,Gasolina,66277.0,125.0,manual,12990,Murcia,30005,Murcia,Murcia
Ford,EcoSport,Gasolina,66277.0,125.0,manual,12990,Bilbao,48004,Bizkaia,Bilbao
Ford,EcoSport,Gasolina,66277.0,125.0,manual,12990,Granada,18005,Granada,Granada
Ford,EcoSport,Gasolina,66277.0,125.0,manual,12990,Palma de Mallorca,7003,Baleares,Palma de Mallorca
Ford,EcoSport,Gasolina,66277.0,125.0,manual,12990,Sevilla,41005,Sevilla,Sevilla
Ford,EcoSport,Gasolina,66277.0,125.0,manual,12990,Almería,4006,Almería,Almería
Ford,EcoSport,Gasolina,66277.0,125.0,manual,12990,Girona,17007,Girona,Girona
Ford,Kuga,Gasolina,50340.0,120.0,manual,19400,Sevilla,41004,Sevilla,Sevilla
Ford,Kuga,Gasolina,50340.0,120.0,manual,19400,Granada,18002,Granada,Granada
Ford,Kuga,Gasolina,50340.0,120.0,manual,19400,Barcelona,8008,Barcelona,Barcelona
Ford,Kuga,Gasolina,50340.0,120.0,manual,19400,Valladolid,47004,Valladolid,Valladolid
Ford,Kuga,Gasolina,35100.0,150.0,manual,23900,Trapaga-Causo,48510,Bizkaia,Trapaga-Causo
Ford,Kuga,Diésel,162562.0,150.0,manual,13950,Las Rozas de Madrid,28232,Madrid,Las Rozas de Madrid
Peugeot,Boxer,Diésel,86638.0,130.0,manual,22988,Mercabilbao,48970,Bizkaia,Mercabilbao
Peugeot,Boxer,Diésel,86638.0,130.0,manual,22988,Atarrabia,31610,Navarra,Atarrabia
Volkswagen,ID.3,Eléctrico,29999.0,204.0,automatic,31990,Vigo,36211,Pontevedra,Vigo
Volkswagen,ID.3,Eléctrico,29999.0,204.0,automatic,30990,Vigo,36211,Pontevedra,Vigo
Volkswagen,ID.3,Eléctrico,29999.0,204.0,automatic,31990,Bilbao,48004,Bizkaia,Bilbao
Volkswagen,ID.3,Eléctrico,29999.0,204.0,automatic,30990,Bilbao,48004,Bizkaia,Bilbao
Volkswagen,ID.3,Eléctrico,29999.0,204.0,automatic,31990,Sevilla,41005,Sevilla,Sevilla
Volkswagen,ID.3,Eléctrico,29999.0,204.0,automatic,30990,Sevilla,41005,Sevilla,Sevilla
Peugeot,Rifter,Diésel,38942.0,130.0,automatic,30245,Mercabilbao,48970,Bizkaia,Mercabilbao
Peugeot,Rifter,Diésel,73165.0,130.0,manual,22310,Atarrabia,31610,Navarra,Atarrabia
Peugeot,Rifter,Diésel,38942.0,130.0,automatic,30245,Atarrabia,31610,Navarra,Atarrabia
Peugeot,Rifter,Diésel,73165.0,130.0,manual,22310,Alcalá de Guadaíra,41500,Sevilla,Alcalá de Guadaíra
Peugeot,Rifter,Diésel,73165.0,130.0,manual,22310,Puerto de Sagunto,46520,Valencia,Puerto de Sagunto
Peugeot,Rifter,Diésel,38942.0,130.0,automatic,30245,Alcalá de Guadaíra,41500,Sevilla,Alcalá de Guadaíra
Peugeot,Rifter,Diésel,73165.0,130.0,manual,22310,Mercado Parque Corredor del Henares,28850,Madrid,Mercado Parque Corredor del Henares
Peugeot,Rifter,Diésel,73165.0,130.0,manual,22310,Paterna,46980,Valencia,Paterna
Peugeot,Rifter,Diésel,38942.0,130.0,automatic,30245,Puerto de Sagunto,46520,Valencia,Puerto de Sagunto
Peugeot,Rifter,Diésel,38942.0,130.0,automatic,30245,Paterna,46980,Valencia,Paterna
Peugeot,308,Gasolina,17905.0,130.0,manual,24490,Palma de Mallorca,7003,Baleares,Palma de Mallorca
Peugeot,308,Diésel,97148.0,100.0,manual,10990,Sevilla,41005,Sevilla,Sevilla
Peugeot,308,Diésel,127739.0,100.0,manual,8990,Sevilla,41005,Sevilla,Sevilla
Peugeot,308,Gasolina,17905.0,130.0,manual,24490,Sevilla,41005,Sevilla,Sevilla
Peugeot,308,Gasolina,17905.0,130.0,manual,24490,Castellón,12001,Castellón,Castellón
Peugeot,308,Diésel,127739.0,100.0,manual,8990,Algeciras,11202,Cádiz,Algeciras
Peugeot,308,Diésel,97148.0,100.0,manual,10990,Cáceres,10001,Cáceres,Cáceres
Peugeot,308,Diésel,97148.0,100.0,manual,10990,Badajoz,6003,Badajoz,Badajoz
Mazda,CX-9,Gasolina,74500.0,277.0,automatic,20850,Palafrugell,17200,Girona,Palafrugell
Mazda,2,Diésel,206000.0,68.0,manual,3300,La Puebla de Alfindén,50171,Zaragoza,La Puebla de Alfindén
Mazda,2,Gasolina,98000.0,75.0,manual,5800,Sabadell,8201,Barcelona,Sabadell
Peugeot,5008,Diésel,121376.0,130.0,manual,17490,Bilbao,48004,Bizkaia,Bilbao
Peugeot,5008,Diésel,47328.0,120.0,manual,13490,Bilbao,48004,Bizkaia,Bilbao
Peugeot,5008,Diésel,121376.0,130.0,manual,17490,Vigo,36211,Pontevedra,Vigo
Peugeot,5008,Diésel,121376.0,130.0,manual,17490,Sevilla,41005,Sevilla,Sevilla
Mazda,5,Diésel,108000.0,115.0,manual,10990,Murcia,30005,Murcia,Murcia
Mazda,5,Diésel,108000.0,115.0,manual,10990,Granada,18005,Granada,Granada
Mazda,5,Diésel,108000.0,115.0,manual,10990,Vigo,36211,Pontevedra,Vigo
Mazda,5,Diésel,108000.0,115.0,manual,10990,Bilbao,48004,Bizkaia,Bilbao
Mazda,5,Gasolina,200000.0,115.0,manual,4999,Reus,43202,Tarragona,Reus
Mazda,6,Diésel,115000.0,149.0,manual,266,Barcelona,8007,Barcelona,Barcelona
Mazda,MX-5,Gasolina,13885.0,184.0,automatic,26299,Barcelona,8007,Barcelona,Barcelona
Mazda,MX-5,Gasolina,108255.0,160.0,manual,21990,Madrid,28021,Madrid,Madrid
Mazda,MX-5,Gasolina,108255.0,160.0,manual,22290,Madrid,28021,Madrid,Madrid
Mazda,MX-5,Gasolina,108255.0,160.0,manual,20890,Madrid,28021,Madrid,Madrid
Mazda,MX-5,Gasolina,13885.0,184.0,automatic,26299,Madrid,28014,Madrid,Madrid
Mazda,MX-5,Gasolina,150981.0,140.0,manual,9890,Leganés,28916,Madrid,Leganés
Mazda,MX-5,Gasolina,150981.0,140.0,manual,9890,Madrid,28046,Madrid,Madrid
Mazda,MX-5,Gasolina,150981.0,140.0,manual,9890,Las Rozas de Madrid,28232,Madrid,Las Rozas de Madrid
Mazda,MX-5,Gasolina,150981.0,140.0,manual,9890,Alcobendas,28100,Madrid,Alcobendas
Mazda,CX-5,Diésel,174628.0,150.0,automatic,13990,Madrid,28046,Madrid,Madrid
Mazda,CX-5,Diésel,120836.0,150.0,manual,18975,Sant Vicenç de Montalt,8394,Barcelona,Sant Vicenç de Montalt
Mazda,CX-5,Diésel,18484.0,150.0,manual,27025,Sant Vicenç de Montalt,8394,Barcelona,Sant Vicenç de Montalt
Mazda,CX-5,Gasolina,32000.0,165.0,automatic,26990,Móstoles,28933,Madrid,Móstoles
Peugeot,e-208,Eléctrico,19855.0,136.0,automatic,29995,Valencia,46020,Valencia,Valencia
Peugeot,e-208,Eléctrico,19855.0,136.0,automatic,28995,Valencia,46020,Valencia,Valencia
Peugeot,e-208,Eléctrico,19855.0,136.0,automatic,29995,Alicante,3010,Alicante,Alicante
Peugeot,e-208,Eléctrico,19855.0,136.0,automatic,29995,Alicante,3010,Murcia,Alicante
Peugeot,e-208,Eléctrico,19855.0,136.0,automatic,28995,Alicante,3010,Alicante,Alicante
Peugeot,e-208,Eléctrico,19855.0,136.0,automatic,28995,Alicante,3010,Murcia,Alicante
Peugeot,e-2008,Eléctrico,30481.0,136.0,automatic,29900,Puerto de Sagunto,46520,Valencia,Puerto de Sagunto
Peugeot,e-2008,Eléctrico,30481.0,136.0,automatic,29900,Valdepeñas,13300,Ciudad Real,Valdepeñas
Peugeot,e-2008,Eléctrico,30481.0,136.0,automatic,29900,Valdepeñas,13300,Ciudad Real,Valdepeñas
Peugeot,e-2008,Eléctrico,30481.0,136.0,automatic,29900,Murcia,30003,Murcia,Murcia
Peugeot,e-2008,Eléctrico,30481.0,136.0,automatic,29900,Santiago de Compostela,15703,A Coruña,Santiago de Compostela
Peugeot,e-2008,Eléctrico,30481.0,136.0,automatic,29900,Alameda del Obispo,14005,Córdoba,Alameda del Obispo
Peugeot,e-2008,Eléctrico,30481.0,136.0,automatic,29900,Hidraulica Santillana,28770,Madrid,Hidraulica Santillana
Peugeot,e-2008,Eléctrico,30481.0,136.0,automatic,29900,Alzira,46600,Valencia,Alzira
Peugeot,e-2008,Eléctrico,30481.0,136.0,automatic,29900,Alzira,46600,Valencia,Alzira
Peugeot,508,Diésel,139000.0,130.0,manual,16990,Granada,18005,Granada,Granada
Peugeot,508,Diésel,139000.0,130.0,manual,16490,Granada,18005,Granada,Granada
Peugeot,508,Diésel,139000.0,130.0,manual,16990,Palma de Mallorca,7003,Baleares,Palma de Mallorca
Peugeot,508,Diésel,139000.0,130.0,manual,16490,Palma de Mallorca,7003,Baleares,Palma de Mallorca
Peugeot,508,Diésel,139000.0,130.0,manual,16990,Sevilla,41005,Sevilla,Sevilla
Peugeot,508,Diésel,139000.0,130.0,manual,16490,Sevilla,41005,Sevilla,Sevilla
Peugeot,508,Diésel,139000.0,130.0,manual,16990,Almería,4006,Almería,Almería
Peugeot,508,Diésel,139000.0,130.0,manual,16490,Almería,4006,Almería,Almería
Peugeot,508,Diésel,139000.0,130.0,manual,16990,Girona,17007,Girona,Girona
Peugeot,508,Diésel,139000.0,130.0,manual,16490,Girona,17007,Girona,Girona
Volkswagen,Golf Cabrio,Diésel,159000.0,105.0,manual,11900,Ulldecona,43550,Tarragona,Ulldecona
Mazda,CX-7,Diésel,280525.0,173.0,manual,6890,Elx/Elche,3201,Alicante,Elx/Elche
Mazda,CX-7,Diésel,240000.0,173.0,manual,8900,Málaga,29006,Málaga,Málaga
Peugeot,406,Diésel,290000.0,110.0,manual,1200,Alcañiz,44600,Teruel,Alcañiz
Peugeot,406,Gasolina,138825.0,137.0,manual,1780,Madrid,28026,Madrid,Madrid
Peugeot,406,Gasolina,138825.0,137.0,manual,1880,Madrid,28026,Madrid,Madrid
Peugeot,3008,Diésel,146483.0,131.0,manual,13700,Xirivella,46950,Valencia,Xirivella
Peugeot,3008,Diésel,198000.0,120.0,manual,14990,Vitoria-Gasteiz,1005,Álava,Vitoria-Gasteiz
Subaru,XV,Diésel,100000.0,147.0,manual,16590,Villaviciosa de Odón,28670,Madrid,Villaviciosa de Odón
Subaru,XV,Diésel,100000.0,147.0,manual,16590,Urbanizacion La Granjilla,28700,Madrid,Urbanizacion La Granjilla
Subaru,XV,Gasolina,14950.0,150.0,automatic,28700,Barcelona,8007,Barcelona,Barcelona
Subaru,XV,Gasolina,14950.0,150.0,automatic,25900,Barcelona,8007,Barcelona,Barcelona
Subaru,XV,Diésel,126000.0,146.0,manual,17900,Málaga,29004,Málaga,Málaga
Porsche,Panamera,Gasolina,134106.0,400.0,automatic,30990,Murcia,30005,Murcia,Murcia
Porsche,Panamera,Gasolina,134106.0,400.0,automatic,30990,Granada,18005,Granada,Granada
Porsche,Panamera,Gasolina,134106.0,400.0,automatic,30990,Vigo,36211,Pontevedra,Vigo
Porsche,Panamera,Gasolina,134106.0,400.0,automatic,30990,Bilbao,48004,Bizkaia,Bilbao
Peugeot,208,Gasolina,31380.0,110.0,manual,14835,Collado Villalba,28400,Madrid,Collado Villalba
Peugeot,208,Gasolina,31380.0,110.0,manual,14835,Collado Villalba,28400,Madrid,Collado Villalba
Peugeot,208,Gasolina,31380.0,110.0,manual,14835,Las Rozas de Madrid,28232,Madrid,Las Rozas de Madrid
Peugeot,208,Diésel,62162.0,100.0,manual,12535,Badajoz,6008,Badajoz,Badajoz
Peugeot,208,Gasolina,31380.0,110.0,manual,14835,Badajoz,6008,Badajoz,Badajoz
Peugeot,208,Gasolina,31380.0,110.0,manual,14835,Paterna,46980,Valencia,Paterna
Peugeot,208,Gasolina,31380.0,110.0,manual,14835,Zaragoza,50013,Zaragoza,Zaragoza
Peugeot,208,Diésel,62162.0,100.0,manual,12535,Alcobendas,28100,Madrid,Alcobendas
Peugeot,RCZ,Diésel,145689.0,163.0,manual,12990,Ciudad Real,13003,Ciudad Real,Ciudad Real
Volkswagen,Arteon,Gasolina,49986.0,150.0,manual,24990,Granada,18005,Granada,Granada
Volkswagen,Arteon,Gasolina,49986.0,150.0,manual,23990,Granada,18005,Granada,Granada
Volkswagen,Arteon,Diésel,94752.0,150.0,automatic,25990,Granada,18005,Granada,Granada
Volkswagen,Arteon,Diésel,94752.0,150.0,automatic,25990,Òrrius,8317,Barcelona,Òrrius
Volkswagen,Arteon,Diésel,94752.0,150.0,automatic,25990,Ullastrell,8231,Barcelona,Ullastrell
Volkswagen,Arteon,Gasolina,49986.0,150.0,manual,24990,Murcia,30005,Murcia,Murcia
Volkswagen,Arteon,Gasolina,49986.0,150.0,manual,23990,Murcia,30005,Murcia,Murcia
Volkswagen,Arteon,Diésel,94752.0,150.0,automatic,25990,Murcia,30005,Murcia,Murcia
Volkswagen,Arteon,Diésel,94752.0,150.0,automatic,25990,Palma de Mallorca,7003,Baleares,Palma de Mallorca
Subaru,Levorg,Gasolina,48000.0,170.0,automatic,20990,Granada,18005,Granada,Granada
Subaru,Levorg,Gasolina,48000.0,170.0,automatic,20990,Bilbao,48004,Bizkaia,Bilbao
Subaru,Levorg,Gasolina,48000.0,170.0,automatic,20990,Sevilla,41005,Sevilla,Sevilla
Chrysler,Sebring,Gasolina,185000.0,156.0,manual,3990,Catarroja,46470,Valencia,Catarroja
Chrysler,Sebring,Gasolina,185000.0,156.0,manual,3990,Catarroja,46470,Valencia,Catarroja
Chrysler,Sebring,Gasolina,185000.0,156.0,manual,3990,Catarroja,46470,Valencia,Catarroja
Chrysler,Sebring,Gasolina,185000.0,156.0,manual,3990,Catarroja,46470,Valencia,Catarroja
Volkswagen,Crafter,Diésel,158900.0,109.0,manual,18890,Murcia,30005,Murcia,Murcia
Volkswagen,Crafter,Diésel,158900.0,109.0,manual,18890,Ourense,32001,Ourense,Ourense
Volkswagen,Crafter,Diésel,37000.0,177.0,manual,30829,Montcada i Reixac,8110,Barcelona,Montcada i Reixac
Volkswagen,Crafter,Diésel,72205.0,102.0,manual,25450,Madrid,28860,Madrid,Madrid
Volkswagen,Crafter,Diésel,72205.0,102.0,manual,25750,Madrid,28860,Madrid,Madrid
Volkswagen,Jetta,Diésel,108981.0,110.0,manual,8990,Almería,4006,Almería,Almería
Volkswagen,Jetta,Diésel,108981.0,110.0,manual,8990,Alicante,3010,Alicante,Alicante
Volkswagen,Jetta,Diésel,108981.0,110.0,manual,8990,Alicante,3010,Murcia,Alicante
Volkswagen,Jetta,Diésel,108981.0,110.0,manual,8990,Málaga,29005,Málaga,Málaga
Volkswagen,Taigo,Gasolina,5950.0,150.0,automatic,30990,Valladolid,47010,Valladolid,Valladolid
Volkswagen,Taigo,Gasolina,13162.0,110.0,automatic,25299,Madrid,28014,Madrid,Madrid
Volkswagen,Taigo,Gasolina,13162.0,110.0,automatic,24999,Madrid,28014,Madrid,Madrid
Porsche,Cayenne,Eléctrico,206900.0,380.0,automatic,27900,Carretera de San Martin de La Vega,28320,Madrid,Carretera de San Martin de La Vega
Volkswagen,Golf Plus,Diésel,269000.0,104.0,manual,3750,Valdefuentes,28939,Madrid,Valdefuentes
Volkswagen,Golf Plus,Diésel,269000.0,104.0,manual,3750,Valdefuentes,28939,Madrid,Valdefuentes
Volkswagen,Golf Plus,Gasolina,130000.0,140.0,manual,6900,Cornella de Llobregat,8940,Barcelona,Cornella de Llobregat
Subaru,Legacy,Gasolina,249122.0,165.0,manual,3999,Viladecans,8840,Barcelona,Viladecans
Volkswagen,Lupo,Gasolina,95057.0,75.0,manual,1800,Olesa de Montserrat,8640,Barcelona,Olesa de Montserrat
Volkswagen,Golf Sportsvan,Diésel,85305.0,110.0,manual,15990,Vigo,36211,Pontevedra,Vigo
Volkswagen,Golf Sportsvan,Diésel,85305.0,110.0,manual,14990,Vigo,36211,Pontevedra,Vigo
Volkswagen,Golf Sportsvan,Diésel,75850.0,115.0,manual,17099,Barcelona,8007,Barcelona,Barcelona
Volkswagen,Golf Sportsvan,Diésel,75850.0,115.0,manual,16699,Barcelona,8007,Barcelona,Barcelona
Volkswagen,Golf Sportsvan,Diésel,75850.0,115.0,manual,16299,Barcelona,8007,Barcelona,Barcelona
Volkswagen,Golf Sportsvan,Diésel,85305.0,110.0,manual,15990,Murcia,30005,Murcia,Murcia
Volkswagen,Golf Sportsvan,Diésel,85305.0,110.0,manual,14990,Murcia,30005,Murcia,Murcia
Volkswagen,Golf Sportsvan,Diésel,85305.0,110.0,manual,15990,Granada,18005,Granada,Granada
Volkswagen,Golf Sportsvan,Diésel,85305.0,110.0,manual,14990,Granada,18005,Granada,Granada
Volkswagen,Golf Sportsvan,Diésel,85305.0,110.0,manual,15990,Bilbao,48004,Bizkaia,Bilbao
Volkswagen,Golf Sportsvan,Diésel,85305.0,110.0,manual,14990,Bilbao,48004,Bizkaia,Bilbao
Volkswagen,Golf Sportsvan,Diésel,75850.0,115.0,manual,17099,Madrid,28014,Madrid,Madrid
Volkswagen,Golf Sportsvan,Diésel,75850.0,115.0,manual,16699,Madrid,28014,Madrid,Madrid
Volkswagen,Golf Sportsvan,Diésel,75850.0,115.0,manual,16299,Madrid,28014,Madrid,Madrid
Volkswagen,Golf Sportsvan,Diésel,85305.0,110.0,manual,15990,Sevilla,41005,Sevilla,Sevilla
Volkswagen,Golf Sportsvan,Diésel,85305.0,110.0,manual,14990,Sevilla,41005,Sevilla,Sevilla
Volkswagen,Golf Sportsvan,Diésel,85305.0,110.0,manual,15990,Almería,4006,Almería,Almería
Volkswagen,Golf Sportsvan,Diésel,85305.0,110.0,manual,14990,Almería,4006,Almería,Almería
Volkswagen,T-Cross,Gasolina,60000.0,115.0,automatic,19990,Sevilla,41005,Sevilla,Sevilla
Volkswagen,T-Cross,Gasolina,60000.0,115.0,automatic,19990,Marbella,29601,Málaga,Marbella
Porsche,Macan,Diésel,138000.0,258.0,automatic,39900,O Birloque,15008,A Coruña,O Birloque
Porsche,Macan,Diésel,138000.0,258.0,automatic,39900,O Birloque,15008,A Coruña,O Birloque
Porsche,Boxster,Gasolina,120000.0,245.0,manual,23990,Vic,8500,Barcelona,Vic
Porsche,Boxster,Gasolina,117000.0,240.0,manual,23900,Alzira,46600,Valencia,Alzira
Porsche,Boxster,Gasolina,117000.0,240.0,manual,23900,Alzira,46600,Valencia,Alzira
Subaru,Impreza,Gasolina,100100.0,114.0,automatic,14680,Alicante,3010,Alicante,Alicante
Subaru,Impreza,Gasolina,100100.0,114.0,automatic,14680,Alicante,3010,Murcia,Alicante
Subaru,Impreza,Gasolina,100100.0,114.0,automatic,14490,Alicante,3010,Alicante,Alicante
Subaru,Impreza,Gasolina,100100.0,114.0,automatic,14490,Alicante,3010,Murcia,Alicante
Subaru,Impreza,Gasolina,169000.0,125.0,manual,4900,Sant Adrià de Besòs,8930,Barcelona,Sant Adrià de Besòs
Chrysler,Stratus,Gasolina,120000.0,133.0,manual,4900,Sant Fruitós de Bages,8272,Barcelona,Sant Fruitós de Bages
Volkswagen,Amarok,Diésel,107097.0,204.0,automatic,36900,Zaragoza,50013,Zaragoza,Zaragoza
Volkswagen,Amarok,Diésel,107097.0,204.0,automatic,36900,Albacete,2001,Albacete,Albacete
Volkswagen,Amarok,Diésel,107097.0,204.0,automatic,36900,Puerto de Sagunto,46520,Valencia,Puerto de Sagunto
Volkswagen,CC,Diésel,89995.0,140.0,automatic,16490,Málaga,29005,Málaga,Málaga
Volkswagen,CC,Diésel,89995.0,140.0,automatic,15990,Málaga,29005,Málaga,Málaga
Volkswagen,CC,Diésel,150808.0,140.0,manual,13890,Bilbao,48004,Bizkaia,Bilbao
Volkswagen,CC,Diésel,89995.0,140.0,automatic,16490,Almería,4006,Almería,Almería
Volkswagen,CC,Diésel,89995.0,140.0,automatic,15990,Almería,4006,Almería,Almería
Volkswagen,CC,Diésel,174400.0,140.0,automatic,11790,Almería,4006,Almería,Almería
Suzuki,Baleno,Gasolina,151337.0,111.0,manual,9490,Sant Boi de Llobregat,8830,Barcelona,Sant Boi de Llobregat
Suzuki,Baleno,Gasolina,151337.0,111.0,manual,9490,Agirre-Aperribai,48960,Bizkaia,Agirre-Aperribai
Suzuki,Baleno,Gasolina,151337.0,111.0,manual,10290,Gijón,33206,Asturias,Gijón
Suzuki,Jimny,Gasolina,127252.0,85.0,manual,11490,Leganés,28916,Madrid,Leganés
Suzuki,Jimny,Gasolina,99176.0,85.0,manual,11950,Madrid,28046,Madrid,Madrid
Suzuki,Jimny,Gasolina,127252.0,85.0,manual,11490,Las Rozas de Madrid,28232,Madrid,Las Rozas de Madrid
Suzuki,Jimny,Gasolina,99176.0,85.0,manual,11950,Las Rozas de Madrid,28232,Madrid,Las Rozas de Madrid
Suzuki,Jimny,Gasolina,92000.0,85.0,manual,16500,Vigo,36207,Pontevedra,Vigo
Volkswagen,Touran,Diésel,190000.0,140.0,automatic,7500,Paterna,46980,Valencia,Paterna
Volkswagen,Touran,Diésel,190000.0,140.0,automatic,6900,Paterna,46980,Valencia,Paterna
Chrysler,Voyager,Diésel,264000.0,150.0,automatic,3600,Puerto Lumbreras,30890,Murcia,Puerto Lumbreras
Chrysler,Voyager,Diésel,264000.0,150.0,automatic,3600,Puerto Lumbreras,30890,Murcia,Puerto Lumbreras
Volkswagen,Tiguan,Gasolina,145548.0,150.0,manual,10900,Las Rozas de Madrid,28232,Madrid,Las Rozas de Madrid
Volkswagen,Tiguan,Diésel,96992.0,110.0,manual,19435,Barcelona,8007,Barcelona,Barcelona
Volkswagen,Tiguan,Diésel,96992.0,110.0,manual,19435,Collado Villalba,28400,Madrid,Collado Villalba
Volkswagen,Tiguan,Diésel,96992.0,110.0,manual,19435,Collado Villalba,28400,Madrid,Collado Villalba
Volkswagen,Tiguan,Diésel,42387.0,150.0,automatic,34500,Barcelona,8007,Barcelona,Barcelona
Volkswagen,Tiguan,Diésel,42387.0,150.0,automatic,34500,Collado Villalba,28400,Madrid,Collado Villalba
Volkswagen,Tiguan,Diésel,42387.0,150.0,automatic,34500,Collado Villalba,28400,Madrid,Collado Villalba
Volkswagen,Tiguan,Diésel,96992.0,110.0,manual,19435,Las Rozas de Madrid,28232,Madrid,Las Rozas de Madrid
Volkswagen,Tiguan,Diésel,42387.0,150.0,automatic,34500,Las Rozas de Madrid,28232,Madrid,Las Rozas de Madrid
Volkswagen,Tiguan,Gasolina,145548.0,150.0,manual,10900,Badajoz,6008,Badajoz,Badajoz
Volkswagen,Tiguan,Diésel,96992.0,110.0,manual,19435,Badajoz,6008,Badajoz,Badajoz
Volkswagen,Tiguan,Diésel,42387.0,150.0,automatic,34500,Badajoz,6008,Badajoz,Badajoz
Volkswagen,Tiguan,Diésel,96992.0,110.0,manual,19435,Paterna,46980,Valencia,Paterna
Volkswagen,T-Roc,Gasolina,34912.0,115.0,manual,24150,Estepona,29680,Málaga,Estepona
Volkswagen,T-Roc,Gasolina,52029.0,110.0,manual,24790,Madrid,28021,Madrid,Madrid
Volkswagen,T-Roc,Gasolina,52029.0,110.0,manual,24390,Madrid,28021,Madrid,Madrid
Volkswagen,T-Roc,Gasolina,34912.0,115.0,manual,24150,Barcelona,8007,Barcelona,Barcelona
Volkswagen,T-Roc,Gasolina,34912.0,115.0,manual,24150,Santa Maria del Aguila,4710,Almería,Santa Maria del Aguila
Volkswagen,T-Roc,Gasolina,34912.0,115.0,manual,24150,Granollers,8403,Barcelona,Granollers
Volkswagen,T-Roc,Gasolina,40930.0,150.0,manual,26990,Granollers,8403,Barcelona,Granollers
Volkswagen,T-Roc,Gasolina,34912.0,115.0,manual,24150,Murcia,30003,Murcia,Murcia
Volkswagen,T-Roc,Gasolina,34912.0,115.0,manual,24150,Vigo,36214,Pontevedra,Vigo
Volkswagen,T-Roc,Gasolina,34912.0,115.0,manual,24150,Valdepeñas,13300,Ciudad Real,Valdepeñas
Volkswagen,T-Roc,Gasolina,34912.0,115.0,manual,24150,Valdepeñas,13300,Ciudad Real,Valdepeñas
Volkswagen,T-Roc,Gasolina,34912.0,115.0,manual,24150,Mercado Parque Corredor del Henares,28850,Madrid,Mercado Parque Corredor del Henares
Volkswagen,T-Roc,Gasolina,34912.0,115.0,manual,24150,Badajoz,6008,Badajoz,Badajoz
Volkswagen,Caravelle,Diésel,137711.0,114.0,manual,32490,Sevilla,41007,Sevilla,Sevilla
Volkswagen,Caravelle,Diésel,139743.0,114.0,manual,29762,Las Rozas de Madrid,28232,Madrid,Las Rozas de Madrid
Volkswagen,Caravelle,Diésel,124606.0,150.0,automatic,32775,Las Rozas de Madrid,28232,Madrid,Las Rozas de Madrid
Volkswagen,Passat CC,Diésel,194100.0,140.0,manual,9900,Llano de Brujas,30161,Murcia,Llano de Brujas
Volkswagen,Passat CC,Gasolina,169000.0,160.0,automatic,11490,Vilanova i la Geltrú,8800,Barcelona,Vilanova i la Geltrú
Volkswagen,Passat CC,Diésel,194100.0,140.0,manual,9900,Alicante,3004,Alicante,Alicante
Volkswagen,Caddy,Gasolina,20056.0,114.0,manual,28175,Colonia Pablo Iglesias,28520,Madrid,Colonia Pablo Iglesias
Volkswagen,Caddy,Gasolina,20056.0,114.0,manual,28175,Santafe,18320,Granada,Santafe
Volkswagen,Caddy,Diésel,153000.0,75.0,manual,13999,El Prat de Llobregat,8820,Barcelona,El Prat de Llobregat
Volkswagen,Golf,Diésel,164000.0,184.0,manual,19990,Sevilla,41005,Sevilla,Sevilla
Volkswagen,Golf,Diésel,110396.0,115.0,manual,12990,Sevilla,41005,Sevilla,Sevilla
Volkswagen,Golf,Diésel,164000.0,184.0,manual,19990,Ciudad Real,13005,Ciudad Real,Ciudad Real
Volkswagen,Golf,Diésel,128000.0,116.0,manual,14900,Conil de la Frontera,11140,Cádiz,Conil de la Frontera
Volkswagen,Transporter T6,Diésel,60451.0,102.0,manual,26990,Tarragona,43005,Tarragona,Tarragona
Chevrolet,Matiz,Gasolina,77000.0,51.0,manual,2450,Sant Quirze del Vallès,8192,Barcelona,Sant Quirze del Vallès
Chevrolet,Matiz,Gasolina,71900.0,51.0,manual,3700,Mataró,8302,Barcelona,Mataró
Audi,S6,Gasolina,135719.0,420.0,automatic,30990,Granada,18005,Granada,Granada
Audi,S6,Gasolina,135719.0,420.0,automatic,30990,Ciudad Real,13005,Ciudad Real,Ciudad Real
Audi,S6,Gasolina,135719.0,420.0,automatic,30990,Murcia,30005,Murcia,Murcia
Abarth,500,Gasolina,28500.0,165.0,manual,19990,Almería,4006,Almería,Almería
Abarth,500,Gasolina,28500.0,165.0,manual,19490,Almería,4006,Almería,Almería
Audi,A2,Diésel,190000.0,75.0,manual,3290,Málaga,29004,Málaga,Málaga
Audi,A6 Allroad,Diésel,246682.0,218.0,automatic,23408,Atarrabia,31610,Navarra,Atarrabia
Audi,A6 Allroad,Diésel,246682.0,218.0,automatic,23408,Puerto de Sagunto,46520,Valencia,Puerto de Sagunto
Audi,A6 Allroad,Diésel,246682.0,218.0,automatic,23408,Mercado Parque Corredor del Henares,28850,Madrid,Mercado Parque Corredor del Henares
Audi,A6 Allroad,Diésel,246682.0,218.0,automatic,23408,Santiago de Compostela,15703,A Coruña,Santiago de Compostela
Alfa Romeo,Stelvio,Diésel,40103.0,190.0,automatic,38525,Barcelona,8007,Barcelona,Barcelona
Audi,S8,Gasolina,219000.0,360.0,automatic,5299,Arroyomolinos,28939,Madrid,Arroyomolinos
Audi,S8,Gasolina,219000.0,360.0,automatic,5299,Arroyomolinos,28939,Madrid,Arroyomolinos
Audi,A1,Diésel,145471.0,90.0,manual,14087,Alzira,46600,Valencia,Alzira
Audi,A1,Diésel,145471.0,90.0,manual,14087,Alzira,46600,Valencia,Alzira
Audi,A7,Diésel,236803.0,245.0,automatic,17490,Murcia,30005,Murcia,Murcia
Audi,A7,Diésel,236803.0,245.0,automatic,17490,Las Rozas de Madrid,28232,Madrid,Las Rozas de Madrid
Audi,A7,Diésel,236803.0,245.0,automatic,17490,Villaviciosa de Odón,28670,Madrid,Villaviciosa de Odón
Audi,A7,Diésel,236803.0,245.0,automatic,17490,Colonia Pablo Iglesias,28520,Madrid,Colonia Pablo Iglesias
Audi,A6,Gasolina,255000.0,289.0,automatic,14890,Zaragoza,50018,Zaragoza,Zaragoza
Audi,A3,Diésel,163616.0,110.0,manual,11990,Sevilla,41017,Sevilla,Sevilla
Audi,Q5,Diésel,120000.0,163.0,automatic,32490,Fuenlabrada,28947,Madrid,Fuenlabrada
Audi,A8,Diésel,250000.0,233.0,automatic,5990,Barcelona,8006,Barcelona,Barcelona
Audi,S1,Gasolina,103050.0,231.0,manual,19990,Bilbao,48004,Bizkaia,Bilbao
Audi,A4,Gasolina,148390.0,180.0,manual,10990,Badajoz,6008,Badajoz,Badajoz
Audi,S7,Gasolina,164000.0,420.0,manual,33000,Alcalá de Henares,28803,Madrid,Alcalá de Henares
Abarth,595,Gasolina,87000.0,160.0,manual,18500,El Prat de Llobregat,8820,Barcelona,El Prat de Llobregat
Abarth,595,Gasolina,3000.0,165.0,automatic,23500,Madrid,28031,Madrid,Madrid
Abarth,595,Gasolina,69000.0,145.0,manual,15500,L'Hospitalet de Llobregat,8901,Barcelona,L'Hospitalet de Llobregat
Abarth,595,Gasolina,99542.0,160.0,automatic,14200,La Papiola,43178,Tarragona,La Papiola
Abarth,595,Gasolina,42600.0,160.0,automatic,16990,La / Nucia-Hill Nucia Hills,3530,Alicante,La / Nucia-Hill Nucia Hills
Abarth,500,Gasolina,28500.0,165.0,manual,19990,Bilbao,48004,Bizkaia,Bilbao
Abarth,500,Gasolina,28500.0,165.0,manual,19490,Bilbao,48004,Bizkaia,Bilbao
Abarth,500,Gasolina,82338.0,135.0,manual,13399,Barcelona,8007,Barcelona,Barcelona
Volvo,XC40,Diésel,128000.0,190.0,automatic,24990,Valencia,46001,Valencia,Valencia
Volvo,XC40,Diésel,128000.0,190.0,automatic,25990,Valencia,46001,Valencia,Valencia
Volvo,XC40,Diésel,25162.0,150.0,manual,29990,Valencia,46001,Valencia,Valencia
Volvo,S70,Gasolina,140000.0,140.0,manual,2200,La Puebla del Río,41130,Sevilla,La Puebla del Río
Rover,45,Gasolina,134500.0,109.0,manual,2150,Málaga,29004,Málaga,Málaga
MINI,Roadster,Gasolina,75738.0,122.0,manual,13950,Sevilla,41006,Sevilla,Sevilla
MINI,Paceman,Diésel,152000.0,112.0,manual,12490,Palma de Mallorca,7003,Baleares,Palma de Mallorca
MINI,Paceman,Diésel,131081.0,112.0,manual,13490,Sevilla,41006,Sevilla,Sevilla
MINI,Paceman,Diésel,131081.0,112.0,manual,13490,Valencia,46002,Valencia,Valencia
MINI,Paceman,Diésel,152000.0,112.0,manual,12490,Málaga,29005,Málaga,Málaga
MINI,Paceman,Gasolina,90900.0,190.0,manual,16500,Avilés,33401,Asturias,Avilés
MINI,Paceman,Diésel,152000.0,112.0,manual,12490,Gandia,46701,Valencia,Gandia
Abarth,124 Spider,Gasolina,41432.0,170.0,automatic,27199,Barcelona,8007,Barcelona,Barcelona
Abarth,124 Spider,Gasolina,41432.0,170.0,automatic,26499,Barcelona,8007,Barcelona,Barcelona
SsangYong,XLV,Diésel,161550.0,115.0,manual,13800,Mercado Parque Corredor del Henares,28850,Madrid,Mercado Parque Corredor del Henares
SsangYong,XLV,Diésel,161550.0,115.0,manual,13800,Granollers,8403,Barcelona,Granollers
SsangYong,XLV,Diésel,161550.0,115.0,manual,13800,Sant Vicenç de Montalt,8394,Barcelona,Sant Vicenç de Montalt
SsangYong,XLV,Diésel,161550.0,115.0,manual,13800,Hidraulica Santillana,28770,Madrid,Hidraulica Santillana
SsangYong,Kyron,Diésel,160000.0,141.0,manual,6850,Algeciras,11201,Cádiz,Algeciras
Opel,Crossland,Diésel,5.0,110.0,manual,21900,Valencia,46026,Valencia,Valencia
Opel,Crossland,Gasolina,42836.0,110.0,manual,15690,Madrid,28021,Madrid,Madrid
Opel,Signum,Diésel,280181.0,125.0,manual,3490,Sant Boi de Llobregat,8830,Barcelona,Sant Boi de Llobregat
Opel,Antara,Diésel,178000.0,150.0,manual,6900,Sant Fruitós de Bages,8272,Barcelona,Sant Fruitós de Bages
Opel,Meriva,Diésel,34352.0,110.0,manual,10980,Collado Villalba,28400,Madrid,Collado Villalba
Opel,Meriva,Diésel,34352.0,110.0,manual,10980,Collado Villalba,28400,Madrid,Collado Villalba
Opel,Meriva,Diésel,34352.0,110.0,manual,10980,Villaviciosa de Odón,28670,Madrid,Villaviciosa de Odón
Opel,Crossland X,Diésel,46670.0,102.0,manual,18990,Alzira,46600,Valencia,Alzira
Opel,Crossland X,Diésel,46670.0,102.0,manual,18990,Alzira,46600,Valencia,Alzira
Opel,Crossland X,Diésel,68260.0,102.0,manual,17890,Santa Coloma de Gramenet,8921,Barcelona,Santa Coloma de Gramenet
Opel,Mokka-e,Eléctrico,36073.0,136.0,automatic,27990,San Fernando de Henares,28830,Madrid,San Fernando de Henares
Opel,Grandland X,Gasolina,23871.0,130.0,manual,20990,Cáceres,10001,Cáceres,Cáceres
Opel,Agila,Diésel,122000.0,75.0,manual,4999,Fuenlabrada,28941,Madrid,Fuenlabrada
Opel,Zafira Tourer,Gasolina,84756.0,140.0,manual,14990,Alicante,3010,Alicante,Alicante
Opel,Zafira Tourer,Gasolina,84756.0,140.0,manual,14990,Alicante,3010,Murcia,Alicante
Opel,Zafira Tourer,Diésel,125423.0,120.0,manual,10990,Alicante,3010,Alicante,Alicante
Opel,Zafira Tourer,Diésel,125423.0,120.0,manual,10990,Alicante,3010,Murcia,Alicante
Maserati,Coupe,Gasolina,99494.0,439.0,automatic,38900,Vigo,36214,Pontevedra,Vigo
Maserati,Coupe,Gasolina,99494.0,439.0,automatic,38900,Las Rozas de Madrid,28232,Madrid,Las Rozas de Madrid
Maserati,Coupe,Gasolina,99494.0,439.0,automatic,38900,Estepona,29680,Málaga,Estepona
Maserati,Coupe,Gasolina,99494.0,439.0,automatic,38900,Murcia,30003,Murcia,Murcia
Maserati,Coupe,Gasolina,99494.0,439.0,automatic,38900,Alicante,3007,Alicante,Alicante
Maserati,Coupe,Gasolina,99494.0,439.0,automatic,38900,Ciudad Real,13003,Ciudad Real,Ciudad Real
Maserati,Ghibli,Diésel,98021.0,275.0,automatic,33990,Alicante,3010,Alicante,Alicante
Maserati,Ghibli,Diésel,98021.0,275.0,automatic,33990,Alicante,3010,Murcia,Alicante
Maserati,Ghibli,Diésel,98021.0,275.0,automatic,33990,Valencia,46001,Valencia,Valencia
Jeep,Grand Cherokee,Diésel,104505.0,250.0,automatic,21990,Xirivella,46950,Valencia,Xirivella
Jeep,Renegade,Diésel,75662.0,120.0,automatic,20470,Colonia Pablo Iglesias,28520,Madrid,Colonia Pablo Iglesias
Skoda,Yeti,Gasolina,81315.0,110.0,manual,11490,Palma de Mallorca,7003,Baleares,Palma de Mallorca
Renault,Arkana,Gasolina,30440.0,140.0,automatic,30992,Granollers,8403,Barcelona,Granollers
Renault,Arkana,Gasolina,30440.0,140.0,automatic,30992,Sant Vicenç de Montalt,8394,Barcelona,Sant Vicenç de Montalt
Renault,Arkana,Gasolina,30440.0,140.0,automatic,30992,Alameda del Obispo,14005,Córdoba,Alameda del Obispo
Renault,Arkana,Gasolina,30440.0,140.0,automatic,30992,Murcia,30003,Murcia,Murcia
Renault,Arkana,Eléctrico,23026.0,145.0,automatic,30500,Collado Villalba,28400,Madrid,Collado Villalba
Renault,Arkana,Eléctrico,23026.0,145.0,automatic,30500,Collado Villalba,28400,Madrid,Collado Villalba
Renault,Grand Kangoo,Diésel,139548.0,110.0,manual,14500,Cieza,30530,Murcia,Cieza
Renault,Latitude,Diésel,230000.0,150.0,manual,6800,Sant Adrià de Besòs,8930,Barcelona,Sant Adrià de Besòs
Renault,Fluence,Diésel,182000.0,110.0,manual,8999,Alcalá de Henares,28801,Madrid,Alcalá de Henares
Renault,Fluence,Gasolina,198000.0,110.0,manual,5995,Málaga,29006,Málaga,Málaga
Renault,Fluence,Diésel,148963.0,110.0,manual,10990,Málaga,29004,Málaga,Málaga
Renault,Captur,Diésel,97542.0,90.0,manual,13628,Hidraulica Santillana,28770,Madrid,Hidraulica Santillana
Renault,Captur,Diésel,97542.0,90.0,manual,13628,Castello/Castellon de La Plana,12100,Castellón,Castello/Castellon de La Plana
Renault,Talisman,Gasolina,60110.0,200.0,automatic,22770,Santiago de Compostela,15703,A Coruña,Santiago de Compostela
Renault,Talisman,Gasolina,60110.0,200.0,automatic,22770,Badajoz,6008,Badajoz,Badajoz
Renault,Talisman,Gasolina,60110.0,200.0,automatic,22770,Saladar,3700,Alicante,Saladar
Renault,Talisman,Gasolina,60110.0,200.0,automatic,22770,Las Rozas de Madrid,28232,Madrid,Las Rozas de Madrid
Nissan,Pixo,Gasolina,68000.0,68.0,manual,5950,Ripollet,8291,Barcelona,Ripollet
Nissan,Vanette,Diésel,145000.0,75.0,manual,2200,Tortosa,43500,Tarragona,Tortosa
Nissan,NV300,Diésel,35107.0,120.0,manual,23200,Albacete,2001,Albacete,Albacete
Nissan,NV300,Diésel,35107.0,120.0,manual,23200,Murcia,30003,Murcia,Murcia
Nissan,NV300,Diésel,35107.0,120.0,manual,23200,Torremolinos,29620,Málaga,Torremolinos
Nissan,NV300,Diésel,35107.0,120.0,manual,23200,Torremolinos,29620,Málaga,Torremolinos
Nissan,NV300,Diésel,35107.0,120.0,manual,23200,Torremolinos,29620,Málaga,Torremolinos
Nissan,NV300,Diésel,35107.0,120.0,manual,23200,Alzira,46600,Valencia,Alzira
Nissan,NV300,Diésel,35107.0,120.0,manual,23200,Alzira,46600,Valencia,Alzira
Volkswagen,Passat Alltrack,Diésel,110315.0,190.0,automatic,26875,Saladar,3700,Alicante,Saladar
Volkswagen,Passat Alltrack,Diésel,110315.0,190.0,automatic,26875,Colonia Pablo Iglesias,28520,Madrid,Colonia Pablo Iglesias
Volkswagen,Passat Alltrack,Diésel,110315.0,190.0,automatic,26875,Estepona,29680,Málaga,Estepona
Volkswagen,Passat Alltrack,Diésel,110315.0,190.0,automatic,26875,Murcia,30003,Murcia,Murcia
Volkswagen,Passat Alltrack,Diésel,110315.0,190.0,automatic,26875,Olèrdola,8734,Barcelona,Olèrdola
Volkswagen,Passat Alltrack,Diésel,110315.0,190.0,automatic,26875,Olèrdola,8734,Barcelona,Olèrdola
Volkswagen,Passat Alltrack,Diésel,110315.0,190.0,automatic,26875,Santiago de Compostela,15703,A Coruña,Santiago de Compostela
Volkswagen,Passat Alltrack,Diésel,110315.0,190.0,automatic,26875,Sant Vicenç de Montalt,8394,Barcelona,Sant Vicenç de Montalt
Volkswagen,Passat Alltrack,Diésel,110315.0,190.0,automatic,26875,Santafe,18320,Granada,Santafe
Volkswagen,Passat Alltrack,Diésel,110315.0,190.0,automatic,26875,Alcobendas,28100,Madrid,Alcobendas
Volkswagen,Passat Alltrack,Diésel,110315.0,190.0,automatic,26875,Albacete,2001,Albacete,Albacete
Volkswagen,Passat Alltrack,Diésel,110315.0,190.0,automatic,26875,Puerto de Sagunto,46520,Valencia,Puerto de Sagunto
Volkswagen,Passat Alltrack,Diésel,110315.0,190.0,automatic,26875,Alicante,3007,Alicante,Alicante
Volkswagen,Passat Alltrack,Diésel,110315.0,190.0,automatic,26875,Getafe,28906,Madrid,Getafe
Nissan,Tiida,Diésel,136000.0,105.0,manual,4450,Sant Cugat del Vallès,8172,Barcelona,Sant Cugat del Vallès
Nissan,Cabstar,Diésel,250000.0,125.0,manual,6500,Urbanizacion Beltraneja,19192,Guadalajara,Urbanizacion Beltraneja
Nissan,Cabstar,Diésel,250000.0,125.0,manual,6500,Urbanizacion Beltraneja,19192,Guadalajara,Urbanizacion Beltraneja
Nissan,Cabstar,Diésel,250000.0,125.0,manual,6500,Urbanizacion Beltraneja,19192,Guadalajara,Urbanizacion Beltraneja
Nissan,Note,Diésel,138199.0,90.0,manual,7990,Sevilla,41005,Sevilla,Sevilla
Nissan,Note,Diésel,138199.0,90.0,manual,7990,Almería,4006,Almería,Almería
Nissan,Note,Diésel,138199.0,90.0,manual,7990,Alicante,3010,Alicante,Alicante
Nissan,Note,Diésel,138199.0,90.0,manual,7990,Alicante,3010,Murcia,Alicante
Nissan,Note,Diésel,138199.0,90.0,manual,7990,Jaén,23008,Jaén,Jaén
Nissan,Leaf,Eléctrico,60992.0,150.0,automatic,22990,Madrid,28021,Madrid,Madrid
Nissan,Leaf,Eléctrico,60992.0,150.0,automatic,22490,Madrid,28021,Madrid,Madrid
Nissan,Leaf,Eléctrico,60992.0,150.0,automatic,21990,Madrid,28021,Madrid,Madrid
Nissan,Leaf,Eléctrico,104918.0,150.0,automatic,21838,Alcobendas,28100,Madrid,Alcobendas
Nissan,Leaf,Eléctrico,47808.0,109.0,automatic,14900,Sant Vicenç de Montalt,8394,Barcelona,Sant Vicenç de Montalt
Nissan,Leaf,Eléctrico,47808.0,109.0,automatic,14900,Valdepeñas,13300,Ciudad Real,Valdepeñas
Nissan,Leaf,Eléctrico,47808.0,109.0,automatic,14900,Valdepeñas,13300,Ciudad Real,Valdepeñas
Nissan,NV200,Diésel,134450.0,90.0,manual,11990,Bilbao,48004,Bizkaia,Bilbao
Nissan,NV200,Diésel,134450.0,90.0,manual,11990,Valencia,46001,Valencia,Valencia
Nissan,Evalia,Eléctrico,95000.0,110.0,automatic,15000,La Llagosta,8120,Barcelona,La Llagosta
Nissan,Evalia,Eléctrico,94000.0,110.0,automatic,18000,La Llagosta,8120,Barcelona,La Llagosta
Nissan,Evalia,Eléctrico,10520.0,109.0,automatic,29900,Dos Hermanas,41012,Sevilla,Dos Hermanas
Nissan,Evalia,Diésel,120000.0,110.0,manual,14490,Bilbao,48004,Bizkaia,Bilbao
Nissan,Evalia,Diésel,36000.0,110.0,manual,27450,Rubí,8191,Barcelona,Rubí
Nissan,Navara,Diésel,162588.0,174.0,manual,10990,Paterna,46980,Valencia,Paterna
Nissan,NP300 Navara,Diésel,99123.0,190.0,automatic,32500,Alcalá de Henares,28806,Madrid,Alcalá de Henares
Nissan,NP300 Navara,Diésel,170000.0,160.0,manual,18999,Málaga,29004,Málaga,Málaga
Nissan,NV400,Diésel,157600.0,110.0,manual,16490,Vigo,36211,Pontevedra,Vigo
Nissan,NV400,Diésel,157600.0,110.0,manual,16490,Bilbao,48004,Bizkaia,Bilbao
Nissan,NV400,Diésel,157600.0,110.0,manual,16490,Málaga,29005,Málaga,Málaga
Nissan,NV400,Diésel,157600.0,110.0,manual,16490,Palma de Mallorca,7003,Baleares,Palma de Mallorca
Nissan,NV400,Diésel,279000.0,125.0,manual,13147,Santa Perpètua de Mogoda,8130,Barcelona,Santa Perpètua de Mogoda
Nissan,Micra,Gasolina,39990.0,100.0,manual,13590,San Sebastián de Los Reyes,28700,Madrid,San Sebastián de Los Reyes
Nissan,370Z,Gasolina,13380.0,328.0,manual,32490,Almería,4006,Almería,Almería
Nissan,370Z,Gasolina,13380.0,328.0,manual,31990,Almería,4006,Almería,Almería
Nissan,370Z,Gasolina,13380.0,328.0,manual,32490,Vigo,36211,Pontevedra,Vigo
Nissan,370Z,Gasolina,13380.0,328.0,manual,31990,Vigo,36211,Pontevedra,Vigo
Nissan,370Z,Gasolina,15000.0,328.0,automatic,35900,Alzira,46600,Valencia,Alzira
Nissan,370Z,Gasolina,15000.0,328.0,automatic,35900,Alzira,46600,Valencia,Alzira
Nissan,370Z,Gasolina,35900.0,328.0,manual,31900,Montmeló,8160,Barcelona,Montmeló
Nissan,NV250,Diésel,47355.0,95.0,manual,20500,Sant Boi de Llobregat,8830,Barcelona,Sant Boi de Llobregat
Mitsubishi,3000 GT,Gasolina,182300.0,150.0,manual,5000,Málaga,29004,Málaga,Málaga
Mitsubishi,Space Star,Gasolina,96960.0,80.0,manual,11970,Foios,46134,Valencia,Foios
Mitsubishi,Space Star,Gasolina,92000.0,80.0,manual,11499,Cubas de la Sagra,28978,Madrid,Cubas de la Sagra
Mitsubishi,Space Star,Gasolina,50080.0,71.0,manual,7990,Alicante,3010,Alicante,Alicante
Mitsubishi,Space Star,Gasolina,50080.0,71.0,manual,7990,Alicante,3010,Murcia,Alicante
Mitsubishi,Space Star,Gasolina,50080.0,71.0,manual,7990,Almería,4006,Almería,Almería
Mitsubishi,Space Star,Gasolina,50080.0,71.0,manual,7990,Bilbao,48004,Bizkaia,Bilbao
MG,ZS,Gasolina,250.0,106.0,manual,18500,Daimiel,13250,Ciudad Real,Daimiel
MG,ZS,Gasolina,0.0,111.0,manual,21800,Armentia,1007,Álava,Armentia
MG,ZR,Gasolina,130000.0,160.0,manual,4700,Sant Antoni de Calonge,17252,Girona,Sant Antoni de Calonge
Lexus,CT,Eléctrico,102698.0,136.0,automatic,19895,Zaragoza,50013,Zaragoza,Zaragoza
Lexus,CT,Eléctrico,102698.0,136.0,automatic,19895,Ciudad Real,13003,Ciudad Real,Ciudad Real
Lexus,RC,Eléctrico,66000.0,223.0,automatic,28600,Bormujos,41930,Sevilla,Bormujos
Lexus,RC,Eléctrico,66000.0,223.0,automatic,28600,Valencia,46002,Valencia,Valencia
Lexus,LS,Gasolina,243481.0,380.0,automatic,9700,Sant Boi de Llobregat,8830,Barcelona,Sant Boi de Llobregat
KIA,Stinger,Gasolina,121377.0,370.0,automatic,28990,Granada,18005,Granada,Granada
KIA,Stinger,Gasolina,29823.0,245.0,automatic,34900,Madrid,28014,Madrid,Madrid
KIA,e-Niro,Eléctrico,29800.0,204.0,automatic,34900,Barcelona,8013,Barcelona,Barcelona
KIA,e-Niro,Eléctrico,23245.0,204.0,automatic,32900,San Fernando de Henares,28830,Madrid,San Fernando de Henares
KIA,e-Niro,Eléctrico,11286.0,204.0,automatic,39990,Barcelona,8030,Barcelona,Barcelona
KIA,Stonic,Gasolina,33391.0,100.0,manual,18500,Getafe,28906,Madrid,Getafe
KIA,Stonic,Gasolina,33391.0,100.0,manual,18500,Torremolinos,29620,Málaga,Torremolinos
KIA,Stonic,Gasolina,33391.0,100.0,manual,18500,Torremolinos,29620,Málaga,Torremolinos
KIA,Stonic,Gasolina,33391.0,100.0,manual,18500,Torremolinos,29620,Málaga,Torremolinos
KIA,Stonic,Gasolina,33391.0,100.0,manual,18500,Mercabilbao,48970,Bizkaia,Mercabilbao
KIA,Niro,Eléctrico,29000.0,141.0,automatic,19900,Arroyo de La Miel,29631,Málaga,Arroyo de La Miel
KIA,ProCeed,Gasolina,41790.0,120.0,manual,23563,Alameda del Obispo,14005,Córdoba,Alameda del Obispo
KIA,Soul,Diésel,27000.0,136.0,manual,12995,Xativa,46800,Valencia,Xativa
KIA,Soul,Diésel,150407.0,128.0,manual,8990,Alicante,3010,Alicante,Alicante
KIA,Soul,Diésel,150407.0,128.0,manual,8990,Alicante,3010,Murcia,Alicante
KIA,Soul,Diésel,150407.0,128.0,manual,8990,Valencia,46001,Valencia,Valencia
KIA,Optima,Diésel,152350.0,141.0,automatic,18890,Vigo,36211,Pontevedra,Vigo
KIA,Optima,Diésel,110491.0,141.0,manual,15990,Murcia,30005,Murcia,Murcia
Infiniti,QX50,Diésel,123293.0,238.0,automatic,18650,Sant Boi de Llobregat,8830,Barcelona,Sant Boi de Llobregat
Infiniti,Q70,Diésel,64000.0,170.0,automatic,23900,Poligono Los Villares Reina,37184,Salamanca,Poligono Los Villares Reina
Infiniti,Q70,Diésel,119998.0,170.0,automatic,16990,Murcia,30005,Murcia,Murcia
Infiniti,Q70,Diésel,119998.0,170.0,automatic,15990,Murcia,30005,Murcia,Murcia
Infiniti,Q30,Diésel,66989.0,170.0,automatic,21620,Sant Vicenç de Montalt,8394,Barcelona,Sant Vicenç de Montalt
Infiniti,Q30,Diésel,73981.0,109.0,automatic,17490,Alicante,3010,Alicante,Alicante
Infiniti,Q30,Diésel,73981.0,109.0,automatic,17490,Alicante,3010,Murcia,Alicante
Infiniti,Q30,Diésel,73981.0,109.0,automatic,16990,Alicante,3010,Alicante,Alicante
Infiniti,Q30,Diésel,73981.0,109.0,automatic,16990,Alicante,3010,Murcia,Alicante
Infiniti,Q30,Diésel,66989.0,170.0,automatic,21620,Granollers,8403,Barcelona,Granollers
Infiniti,Q30,Diésel,66989.0,170.0,automatic,21620,Santiago de Compostela,15703,A Coruña,Santiago de Compostela
Infiniti,QX70,Diésel,148747.0,238.0,automatic,26290,Colonia Pablo Iglesias,28520,Madrid,Colonia Pablo Iglesias
Infiniti,QX70,Diésel,148747.0,238.0,automatic,26290,Santafe,18320,Granada,Santafe
Infiniti,QX70,Diésel,148747.0,238.0,automatic,26290,Mercabilbao,48970,Bizkaia,Mercabilbao
Infiniti,QX70,Diésel,148747.0,238.0,automatic,26290,Atarrabia,31610,Navarra,Atarrabia
Infiniti,QX70,Diésel,148747.0,238.0,automatic,26290,Alcalá de Guadaíra,41500,Sevilla,Alcalá de Guadaíra
Infiniti,EX30,Diésel,134200.0,238.0,manual,14850,Los Negrales,28430,Madrid,Los Negrales
Infiniti,EX30,Diésel,134200.0,238.0,manual,14850,Los Negrales,28430,Madrid,Los Negrales
Infiniti,EX30,Diésel,134200.0,238.0,manual,13950,Los Negrales,28430,Madrid,Los Negrales
Infiniti,EX30,Diésel,134200.0,238.0,manual,13950,Los Negrales,28430,Madrid,Los Negrales
Infiniti,FX30,Diésel,210000.0,238.0,automatic,15990,Jaén,23008,Jaén,Jaén
Infiniti,QX70,Diésel,148747.0,238.0,automatic,26290,Alzira,46600,Valencia,Alzira
Infiniti,QX70,Diésel,148747.0,238.0,automatic,26290,Alzira,46600,Valencia,Alzira
Infiniti,QX70,Diésel,148747.0,238.0,automatic,26290,Hidraulica Santillana,28770,Madrid,Hidraulica Santillana
Infiniti,Q50,Diésel,165000.0,170.0,automatic,15890,Barcelona,8007,Barcelona,Barcelona
Infiniti,Q50,Diésel,165000.0,170.0,automatic,15890,Madrid,28014,Madrid,Madrid
Infiniti,QX30,Diésel,101150.0,170.0,automatic,20990,Madrid,28021,Madrid,Madrid
Toyota,Highlander,Otros,38651.0,248.0,automatic,700,Barcelona,8007,Barcelona,Barcelona
Toyota,Highlander,Otros,38651.0,248.0,automatic,653,Alcalá de Henares,28801,Madrid,Alcalá de Henares
Toyota,MR2,Gasolina,97876.0,140.0,manual,11990,Torremolinos,29620,Málaga,Torremolinos
Toyota,MR2,Gasolina,97876.0,140.0,manual,11990,Torremolinos,29620,Málaga,Torremolinos
Toyota,MR2,Gasolina,97876.0,140.0,manual,11990,Torremolinos,29620,Málaga,Torremolinos
Toyota,MR2,Gasolina,97876.0,140.0,manual,11990,Olèrdola,8734,Barcelona,Olèrdola
Toyota,MR2,Gasolina,97876.0,140.0,manual,11990,Olèrdola,8734,Barcelona,Olèrdola
Toyota,Previa,Diésel,180000.0,116.0,manual,5800,Mataró,8302,Barcelona,Mataró
Toyota,iQ,Gasolina,71200.0,68.0,manual,7700,Mataró,8302,Barcelona,Mataró
Toyota,iQ,Diésel,142000.0,99.0,manual,7000,Torrelodones,28250,Madrid,Torrelodones
Toyota,iQ,Diésel,142000.0,99.0,manual,7000,Torrelodones,28250,Madrid,Torrelodones
Toyota,iQ,Gasolina,196116.0,68.0,manual,6999,Móstoles,28936,Madrid,Móstoles
Toyota,Camry,Eléctrico,42000.0,218.0,automatic,30990,Igualada,8700,Barcelona,Igualada
Toyota,Aygo,Gasolina,32889.0,69.0,automatic,11990,Getafe,28906,Madrid,Getafe
Toyota,Aygo,Gasolina,33120.0,69.0,manual,12900,Getafe,28906,Madrid,Getafe
Toyota,Aygo,Gasolina,32889.0,69.0,automatic,11990,Torremolinos,29620,Málaga,Torremolinos
Toyota,Aygo,Gasolina,32889.0,69.0,automatic,11990,Torremolinos,29620,Málaga,Torremolinos
Toyota,Aygo,Gasolina,32889.0,69.0,automatic,11990,Torremolinos,29620,Málaga,Torremolinos
Land Rover,Range Rover,Diésel,139303.0,180.0,automatic,25300,Badajoz,6008,Badajoz,Badajoz
Land Rover,Range Rover,Diésel,139303.0,180.0,automatic,25300,Almería,4001,Almería,Almería
Lancia,Thema,Diésel,106292.0,239.0,automatic,15200,Olèrdola,8734,Barcelona,Olèrdola
Lancia,Thema,Diésel,106292.0,239.0,automatic,15200,Olèrdola,8734,Barcelona,Olèrdola
Lancia,Thema,Diésel,106292.0,239.0,automatic,15200,Santa Maria del Aguila,4710,Almería,Santa Maria del Aguila
Lancia,Thema,Diésel,195000.0,239.0,automatic,11990,Granollers,8403,Barcelona,Granollers
Lancia,Thema,Diésel,106292.0,239.0,automatic,15200,Saladar,3700,Alicante,Saladar
Lancia,Thema,Diésel,106292.0,239.0,automatic,15200,Estepona,29680,Málaga,Estepona
Lancia,Thema,Diésel,106292.0,239.0,automatic,15200,Mercado Parque Corredor del Henares,28850,Madrid,Mercado Parque Corredor del Henares
Lancia,Thema,Diésel,106292.0,239.0,automatic,15200,Alcobendas,28100,Madrid,Alcobendas
Lancia,Thema,Diésel,106292.0,239.0,automatic,15200,Albacete,2001,Albacete,Albacete
Lancia,Thema,Diésel,106292.0,239.0,automatic,15200,Alzira,46600,Valencia,Alzira
Lancia,Thema,Diésel,106292.0,239.0,automatic,15200,Alzira,46600,Valencia,Alzira
Lancia,Thema,Diésel,106292.0,239.0,automatic,15200,Castello/Castellon de La Plana,12100,Castellón,Castello/Castellon de La Plana
Lancia,Thema,Diésel,106292.0,239.0,automatic,15200,Collado Villalba,28400,Madrid,Collado Villalba
Lancia,Thema,Diésel,106292.0,239.0,automatic,15200,Collado Villalba,28400,Madrid,Collado Villalba
Lancia,Thema,Diésel,106292.0,239.0,automatic,15200,Atarrabia,31610,Navarra,Atarrabia
Lancia,Thema,Diésel,106292.0,239.0,automatic,15200,Puerto de Sagunto,46520,Valencia,Puerto de Sagunto
Lancia,Ypsilon,Diésel,130000.0,70.0,manual,3290,Alcobendas,28100,Madrid,Alcobendas
Jaguar,XKR,Gasolina,115000.0,416.0,automatic,21990,El Tosalet,3580,Alicante,El Tosalet
Jaguar,F-Pace,Diésel,98762.0,180.0,automatic,28738,Alcobendas,28100,Madrid,Alcobendas
Jaguar,F-Pace,Diésel,98762.0,180.0,automatic,28738,Estepona,29680,Málaga,Estepona
Jaguar,F-Pace,Diésel,98762.0,180.0,automatic,28738,Badajoz,6008,Badajoz,Badajoz
Jaguar,XK Series,Gasolina,133207.0,363.0,automatic,22990,Madrid,28015,Madrid,Madrid
Jaguar,XK Series,Gasolina,133207.0,363.0,automatic,22500,Madrid,28015,Madrid,Madrid
Daewoo,Nubira,Gasolina,159000.0,109.0,manual,2190,Marbella,29601,Málaga,Marbella
Dacia,Duster,Diésel,143560.0,109.0,manual,13200,Alzira,46600,Valencia,Alzira
Dacia,Duster,Diésel,143560.0,109.0,manual,13200,Alzira,46600,Valencia,Alzira
Dacia,Duster,Diésel,72606.0,107.0,manual,10900,Getafe,28906,Madrid,Getafe
Dacia,Duster,Diésel,72606.0,107.0,manual,10900,Torremolinos,29620,Málaga,Torremolinos
Dacia,Duster,Diésel,72606.0,107.0,manual,10900,Torremolinos,29620,Málaga,Torremolinos
Dacia,Duster,Diésel,72606.0,107.0,manual,10900,Torremolinos,29620,Málaga,Torremolinos
Dacia,Duster,Diésel,143560.0,109.0,manual,13200,Getafe,28906,Madrid,Getafe
Dacia,Duster,Diésel,143560.0,109.0,manual,13200,Torremolinos,29620,Málaga,Torremolinos
Dacia,Duster,Diésel,143560.0,109.0,manual,13200,Torremolinos,29620,Málaga,Torremolinos
Dacia,Duster,Diésel,143560.0,109.0,manual,13200,Torremolinos,29620,Málaga,Torremolinos
Dacia,Duster,Diésel,72606.0,107.0,manual,10900,Badajoz,6008,Badajoz,Badajoz
Dacia,Lodgy,Diésel,45416.0,95.0,manual,13990,Alicante,3010,Alicante,Alicante
Dacia,Lodgy,Diésel,45416.0,95.0,manual,13990,Alicante,3010,Murcia,Alicante
Dacia,Lodgy,Diésel,45416.0,95.0,manual,13990,Valencia,46001,Valencia,Valencia
Dacia,Lodgy,Diésel,45416.0,95.0,manual,13990,Granada,18005,Granada,Granada
Citroen,C4 Cactus,Diésel,110334.0,100.0,automatic,12089,Alzira,46600,Valencia,Alzira
Citroen,C4 Cactus,Diésel,110334.0,100.0,automatic,12089,Alzira,46600,Valencia,Alzira
Citroen,C4 Cactus,Diésel,110334.0,100.0,automatic,12485,Alzira,46600,Valencia,Alzira
Citroen,C4 Cactus,Diésel,110334.0,100.0,automatic,12485,Alzira,46600,Valencia,Alzira
Citroen,C4 Cactus,Diésel,142881.0,100.0,manual,13788,Albacete,2001,Albacete,Albacete
Citroen,SpaceTourer,Diésel,71524.0,150.0,manual,32090,Madrid,28046,Madrid,Madrid
Citroen,C4 SpaceTourer,Diésel,59960.0,120.0,manual,19953,Paterna,46980,Valencia,Paterna
Citroen,C4 SpaceTourer,Diésel,59960.0,120.0,manual,19953,Santiago de Compostela,15703,A Coruña,Santiago de Compostela
Citroen,C4 SpaceTourer,Diésel,59960.0,120.0,manual,19953,Badajoz,6008,Badajoz,Badajoz
Citroen,C4 SpaceTourer,Diésel,59960.0,120.0,manual,19953,Saladar,3700,Alicante,Saladar
Citroen,C-Crosser,Diésel,108131.0,156.0,manual,11500,Getafe,28906,Madrid,Getafe
Citroen,C-Crosser,Diésel,108131.0,156.0,manual,11500,Granollers,8403,Barcelona,Granollers
Citroen,C-Crosser,Diésel,108131.0,156.0,manual,11500,Saladar,3700,Alicante,Saladar
Citroen,C-Crosser,Diésel,108131.0,156.0,manual,11500,Alicante,3007,Alicante,Alicante
Citroen,C-Crosser,Diésel,108131.0,156.0,manual,11500,Valdepeñas,13300,Ciudad Real,Valdepeñas
Citroen,C-Crosser,Diésel,108131.0,156.0,manual,11500,Valdepeñas,13300,Ciudad Real,Valdepeñas
Citroen,C-Crosser,Diésel,108131.0,156.0,manual,11500,Castello/Castellon de La Plana,12100,Castellón,Castello/Castellon de La Plana
Citroen,C3 Picasso,Diésel,97245.0,92.0,manual,7990,Valencia,46001,Valencia,Valencia
Chevrolet,Orlando,Diésel,158000.0,130.0,manual,7999,Pinto,28320,Madrid,Pinto
Chevrolet,Captiva,Diésel,117000.0,127.0,manual,9300,Reus,43202,Tarragona,Reus
Chevrolet,Epica,Diésel,199000.0,150.0,manual,4500,Valencia,46017,Valencia,Valencia
Chevrolet,Epica,Gasolina,229000.0,156.0,automatic,3490,El Villar,48980,Bizkaia,El Villar
Chevrolet,Epica,Gasolina,229000.0,156.0,automatic,2990,El Villar,48980,Bizkaia,El Villar
Chevrolet,Epica,Diésel,406000.0,150.0,manual,2300,Miguelturra,13170,Ciudad Real,Miguelturra
Chevrolet,Epica,Diésel,406000.0,150.0,manual,2290,Miguelturra,13170,Ciudad Real,Miguelturra
Chevrolet,Nubira,Gasolina,130400.0,109.0,manual,3890,Sedaví,46910,Valencia,Sedaví
Chevrolet,Nubira,Gasolina,130400.0,109.0,manual,3890,Sedaví,46910,Valencia,Sedaví
Chevrolet,Nubira,Gasolina,130400.0,109.0,manual,3890,Sedaví,46910,Valencia,Sedaví
Chevrolet,Nubira,Gasolina,130400.0,109.0,manual,3890,Sedaví,46910,Valencia,Sedaví
Chevrolet,Aveo,Diésel,180000.0,86.0,manual,4800,Badalona,8911,Barcelona,Badalona
Chevrolet,Lacetti,Gasolina,137800.0,95.0,manual,2999,Málaga,29004,Málaga,Málaga
Chevrolet,Aveo,Gasolina,61668.0,101.0,manual,7995,L'Hospitalet de Llobregat,8901,Barcelona,L'Hospitalet de Llobregat
Audi,Q7,Diésel,207000.0,240.0,automatic,11700,Igualada,8700,Barcelona,Igualada
Audi,Q7,Diésel,195000.0,233.0,automatic,11499,Utrera,41710,Sevilla,Utrera
Audi,SQ2,Gasolina,58000.0,300.0,automatic,38000,Lugones,33420,Asturias,Lugones
Audi,A1,Diésel,66257.0,90.0,automatic,15400,Alicante,3007,Alicante,Alicante
Audi,A1,Diésel,66257.0,90.0,automatic,15400,Alzira,46600,Valencia,Alzira
Audi,A1,Diésel,66257.0,90.0,automatic,15400,Alzira,46600,Valencia,Alzira
Audi,A1,Diésel,66257.0,90.0,automatic,15400,Getafe,28906,Madrid,Getafe
Audi,A1,Diésel,66257.0,90.0,automatic,15400,Torremolinos,29620,Málaga,Torremolinos
Audi,A1,Diésel,66257.0,90.0,automatic,15400,Torremolinos,29620,Málaga,Torremolinos
Audi,A1,Diésel,66257.0,90.0,automatic,15400,Torremolinos,29620,Málaga,Torremolinos
Audi,A1,Diésel,66257.0,90.0,automatic,15400,Mercabilbao,48970,Bizkaia,Mercabilbao
Audi,A1,Diésel,66257.0,90.0,automatic,15400,Las Rozas de Madrid,28232,Madrid,Las Rozas de Madrid
Audi,A1,Diésel,66257.0,90.0,automatic,15400,Puerto de Sagunto,46520,Valencia,Puerto de Sagunto
Audi,A1,Diésel,145471.0,90.0,manual,14087,Alcobendas,28100,Madrid,Alcobendas
Audi,A1,Diésel,66257.0,90.0,automatic,15400,Alcobendas,28100,Madrid,Alcobendas
Audi,A1,Diésel,145471.0,90.0,manual,14087,Hidraulica Santillana,28770,Madrid,Hidraulica Santillana
Audi,A1,Diésel,66257.0,90.0,automatic,15400,Hidraulica Santillana,28770,Madrid,Hidraulica Santillana
Audi,A7,Diésel,236803.0,245.0,automatic,17490,Bilbao,48004,Bizkaia,Bilbao
Audi,A7,Diésel,236803.0,245.0,automatic,17490,Valencia,46001,Valencia,Valencia
Audi,A7,Diésel,236803.0,245.0,automatic,17490,Urbanizacion La Granjilla,28700,Madrid,Urbanizacion La Granjilla
Audi,A7,Diésel,236803.0,245.0,automatic,17490,Fuenlabrada,28947,Madrid,Fuenlabrada
Audi,A7,Diésel,236803.0,245.0,automatic,17490,Collado Villalba,28400,Madrid,Collado Villalba
Audi,A7,Diésel,236803.0,245.0,automatic,17490,Collado Villalba,28400,Madrid,Collado Villalba
Audi,A7,Diésel,236803.0,245.0,automatic,17490,Toledo,45002,Toledo,Toledo
Audi,A6 Allroad,Diésel,246682.0,218.0,automatic,23408,Alcalá de Guadaíra,41500,Sevilla,Alcalá de Guadaíra
Audi,A6 Allroad,Diésel,246682.0,218.0,automatic,23408,Paterna,46980,Valencia,Paterna
Audi,A6 Allroad,Diésel,246682.0,218.0,automatic,23408,Badajoz,6008,Badajoz,Badajoz
Audi,A6 Allroad,Diésel,246682.0,218.0,automatic,23408,Estepona,29680,Málaga,Estepona
Audi,A6,Gasolina,255000.0,289.0,automatic,14890,Madrid,28014,Madrid,Madrid
KIA,Picanto,Gasolina,20594.0,100.0,manual,15870,Badajoz,6008,Badajoz,Badajoz
KIA,Picanto,Gasolina,20594.0,100.0,manual,15870,Las Rozas de Madrid,28232,Madrid,Las Rozas de Madrid
Audi,A3,Diésel,148000.0,110.0,automatic,15560,Fuenlabrada,28947,Madrid,Fuenlabrada
Audi,A3,Diésel,148000.0,110.0,automatic,15560,Valencia,46001,Valencia,Valencia
Audi,A3,Diésel,148000.0,110.0,automatic,15560,Las Rozas de Madrid,28232,Madrid,Las Rozas de Madrid
Audi,A3,Diésel,99010.0,150.0,manual,23990,Málaga,29004,Málaga,Málaga
Audi,S5,Gasolina,165606.0,333.0,automatic,30990,Murcia,30005,Murcia,Murcia
Audi,S5,Gasolina,165606.0,333.0,automatic,31990,Murcia,30005,Murcia,Murcia
Audi,S5,Gasolina,180000.0,333.0,automatic,26900,Sabadell,8203,Barcelona,Sabadell
Audi,S5,Gasolina,165606.0,333.0,automatic,30990,Estepona,29680,Málaga,Estepona
Audi,S5,Gasolina,165606.0,333.0,automatic,31990,Estepona,29680,Málaga,Estepona
Alfa Romeo,Giulietta,Diésel,122930.0,120.0,manual,10890,Alicante,3010,Alicante,Alicante
Alfa Romeo,Giulietta,Diésel,122930.0,120.0,manual,10890,Alicante,3010,Murcia,Alicante
Alfa Romeo,Giulietta,Diésel,122930.0,120.0,manual,10890,Murcia,30005,Murcia,Murcia
Alfa Romeo,Stelvio,Diésel,40103.0,190.0,automatic,38525,Getafe,28906,Madrid,Getafe
Alfa Romeo,Stelvio,Diésel,40103.0,190.0,automatic,38525,Collado Villalba,28400,Madrid,Collado Villalba
Alfa Romeo,Stelvio,Diésel,40103.0,190.0,automatic,38525,Collado Villalba,28400,Madrid,Collado Villalba
Alfa Romeo,Stelvio,Diésel,42000.0,210.0,automatic,26290,Málaga,29005,Málaga,Málaga
Alfa Romeo,Stelvio,Diésel,109558.0,210.0,automatic,27490,Granada,18005,Granada,Granada
Alfa Romeo,Brera,Diésel,187000.0,200.0,manual,7950,Majadahonda,28222,Madrid,Majadahonda
Abarth,695,Gasolina,3500.0,180.0,manual,28995,Las Rozas de Madrid,28232,Madrid,Las Rozas de Madrid
DS,3,Gasolina,66100.0,110.0,manual,14990,Inca,7300,Baleares,Inca
DS,5,Diésel,133500.0,120.0,manual,16190,Pinto,28320,Madrid,Pinto
DS,7 CROSSBACK,Diésel,62000.0,130.0,automatic,30950,Terrassa,8226,Barcelona,Terrassa
DS,7 CROSSBACK,Diésel,100000.0,177.0,automatic,28490,Madrid,28019,Madrid,Madrid
DS,7 CROSSBACK,Gasolina,43000.0,181.0,automatic,32990,San Juan Mozarrifar,50820,Zaragoza,San Juan Mozarrifar
DS,7 CROSSBACK,Diésel,39000.0,177.0,automatic,34200,Bormujos,41930,Sevilla,Bormujos
DS,7 CROSSBACK,Diésel,39000.0,177.0,automatic,33200,Bormujos,41930,Sevilla,Bormujos
Audi,SQ5,Diésel,124383.0,313.0,automatic,26990,Vigo,36211,Pontevedra,Vigo
Audi,SQ5,Diésel,124383.0,313.0,automatic,24490,Vigo,36211,Pontevedra,Vigo
Volvo,S90,Diésel,82266.0,190.0,automatic,32690,Valladolid,47003,Valladolid,Valladolid
Volvo,S90,Diésel,82266.0,190.0,automatic,32690,Alcorcón,28924,Madrid,Alcorcón
Audi,SQ5,Diésel,124383.0,313.0,automatic,26990,Almería,4006,Almería,Almería
Audi,SQ5,Diésel,124383.0,313.0,automatic,24490,Almería,4006,Almería,Almería
Citroen,DS5,Diésel,99948.0,181.0,automatic,17490,Murcia,30003,Murcia,Murcia
Citroen,DS5,Diésel,99948.0,181.0,automatic,17490,Zaragoza,50013,Zaragoza,Zaragoza
Citroen,DS5,Diésel,99948.0,181.0,automatic,17490,Barcelona,8007,Barcelona,Barcelona
Citroen,DS5,Diésel,99948.0,181.0,automatic,17490,Las Rozas de Madrid,28232,Madrid,Las Rozas de Madrid
Citroen,DS5,Diésel,99948.0,181.0,automatic,17490,Alcalá de Guadaíra,41500,Sevilla,Alcalá de Guadaíra
Citroen,DS5,Diésel,99948.0,181.0,automatic,17490,Valdepeñas,13300,Ciudad Real,Valdepeñas
Citroen,DS5,Diésel,99948.0,181.0,automatic,17490,Valdepeñas,13300,Ciudad Real,Valdepeñas
Citroen,DS5,Diésel,99948.0,181.0,automatic,17490,Ciudad Real,13003,Ciudad Real,Ciudad Real
Citroen,DS5,Diésel,99948.0,181.0,automatic,17490,Santa Maria del Aguila,4710,Almería,Santa Maria del Aguila
Citroen,DS5,Diésel,99948.0,181.0,automatic,17490,Mercabilbao,48970,Bizkaia,Mercabilbao
Citroen,DS5,Diésel,99948.0,181.0,automatic,17490,Santiago de Compostela,15703,A Coruña,Santiago de Compostela
Citroen,DS5,Diésel,99948.0,181.0,automatic,17490,Torremolinos,29620,Málaga,Torremolinos
Citroen,DS5,Diésel,99948.0,181.0,automatic,17490,Torremolinos,29620,Málaga,Torremolinos
Citroen,DS5,Diésel,99948.0,181.0,automatic,17490,Torremolinos,29620,Málaga,Torremolinos
Honda,CR-V,Gasolina,26325.0,184.0,automatic,31990,Sabadell,8201,Barcelona,Sabadell
DS,4,Diésel,82000.0,180.0,automatic,17900,Casas Novas,36164,Pontevedra,Casas Novas
Lancia,Musa,Diésel,120328.0,95.0,manual,5900,Reus,43202,Tarragona,Reus
Audi,A4,Diésel,81780.0,150.0,automatic,18990,Palma de Mallorca,7003,Baleares,Palma de Mallorca
KIA,Sportage,Diésel,81367.0,115.0,manual,14960,Alicante,3007,Alicante,Alicante
KIA,Sportage,Diésel,81367.0,115.0,manual,14960,Alzira,46600,Valencia,Alzira
KIA,Sportage,Diésel,81367.0,115.0,manual,14960,Alzira,46600,Valencia,Alzira
KIA,Sportage,Diésel,81367.0,115.0,manual,14960,Getafe,28906,Madrid,Getafe
KIA,Sportage,Diésel,53352.0,136.0,automatic,29750,Sant Vicenç de Montalt,8394,Barcelona,Sant Vicenç de Montalt
KIA,Sportage,Gasolina,54403.0,132.0,manual,19835,Saladar,3700,Alicante,Saladar
McLaren,MP4-12C,Gasolina,100.0,600.0,manual,9999,La Font,3550,Alicante,La Font
BMW,Z3,Gasolina,14520.0,170.0,manual,23500,Barcelona,8029,Barcelona,Barcelona
Peugeot,Traveller,Diésel,38559.0,120.0,manual,32490,Madrid,28021,Madrid,Madrid
Peugeot,Traveller,Diésel,38559.0,120.0,manual,31990,Madrid,28021,Madrid,Madrid
Peugeot,Traveller,Diésel,94000.0,120.0,manual,28438,Montcada i Reixac,8110,Barcelona,Montcada i Reixac
Peugeot,Traveller,Diésel,67289.0,150.0,manual,30935,Hidraulica Santillana,28770,Madrid,Hidraulica Santillana
Peugeot,Traveller,Diésel,67289.0,150.0,manual,30935,Alameda del Obispo,14005,Córdoba,Alameda del Obispo
Peugeot,Traveller,Diésel,67289.0,150.0,manual,30935,Barcelona,8007,Barcelona,Barcelona
Nissan,Townstar,Gasolina,1816.0,130.0,manual,19500,Barcelona,8040,Barcelona,Barcelona
Nissan,Townstar,Gasolina,10.0,130.0,manual,27995,Barcelona,8040,Barcelona,Barcelona
Suzuki,Ignis,Gasolina,63954.0,90.0,manual,11990,Valencia,46001,Valencia,Valencia
Suzuki,Ignis,Gasolina,63954.0,90.0,manual,11990,Granada,18005,Granada,Granada
Suzuki,Ignis,Gasolina,63954.0,90.0,manual,11990,Bilbao,48004,Bizkaia,Bilbao
Suzuki,Ignis,Gasolina,63954.0,90.0,manual,11990,Almería,4006,Almería,Almería
Suzuki,Ignis,Gasolina,136367.0,99.0,manual,3990,Viladecans,8840,Barcelona,Viladecans
Suzuki,Ignis,Gasolina,63954.0,90.0,manual,11990,Estepona,29680,Málaga,Estepona
Volkswagen,Phaeton,Diésel,106111.0,245.0,automatic,23990,Villaviciosa de Odón,28670,Madrid,Villaviciosa de Odón
Volkswagen,Phaeton,Diésel,231000.0,313.0,automatic,6200,La Pobla de Vallbona,46185,Valencia,La Pobla de Vallbona
Volkswagen,Phaeton,Diésel,231000.0,313.0,automatic,6200,La Pobla de Vallbona,46185,Valencia,La Pobla de Vallbona
Volkswagen,Phaeton,Diésel,231000.0,313.0,automatic,5990,La Pobla de Vallbona,46185,Valencia,La Pobla de Vallbona
Volkswagen,Phaeton,Diésel,231000.0,313.0,automatic,5990,La Pobla de Vallbona,46185,Valencia,La Pobla de Vallbona
Volkswagen,Phaeton,Diésel,106111.0,245.0,automatic,23990,Collado Villalba,28400,Madrid,Collado Villalba
Volkswagen,Phaeton,Diésel,106111.0,245.0,automatic,23990,Collado Villalba,28400,Madrid,Collado Villalba
Volkswagen,Phaeton,Diésel,106111.0,245.0,automatic,23990,Toledo,45002,Toledo,Toledo
Volkswagen,Phaeton,Diésel,106111.0,245.0,automatic,23990,Sevilla,41005,Sevilla,Sevilla
Volkswagen,Phaeton,Diésel,106111.0,245.0,automatic,23990,Almería,4006,Almería,Almería
Volkswagen,Phaeton,Diésel,106111.0,245.0,automatic,23990,Bilbao,48004,Bizkaia,Bilbao
Volkswagen,Phaeton,Diésel,106111.0,245.0,automatic,23990,Murcia,30005,Murcia,Murcia
Volkswagen,Phaeton,Diésel,106111.0,245.0,automatic,23990,Colonia Pablo Iglesias,28520,Madrid,Colonia Pablo Iglesias
Opel,Corsa-e,Gasolina,133010.0,75.0,manual,6990,Almería,4006,Almería,Almería
Opel,Corsa-e,Eléctrico,2170.0,136.0,automatic,27900,Ciudad Real,13003,Ciudad Real,Ciudad Real
Skoda,Kodiaq,Diésel,119863.0,150.0,automatic,27990,Torrejón de Ardoz,28850,Madrid,Torrejón de Ardoz
Skoda,Kodiaq,Gasolina,36550.0,150.0,automatic,37950,Sant Vicenç de Montalt,8394,Barcelona,Sant Vicenç de Montalt
Skoda,Karoq,Gasolina,93500.0,150.0,automatic,19990,Murcia,30005,Murcia,Murcia
Skoda,Karoq,Gasolina,93500.0,150.0,automatic,19490,Murcia,30005,Murcia,Murcia
Skoda,Karoq,Gasolina,93500.0,150.0,automatic,19990,Granada,18005,Granada,Granada
Skoda,Karoq,Gasolina,93500.0,150.0,automatic,19490,Granada,18005,Granada,Granada
Alfa Romeo,MiTO,Gasolina,70761.0,78.0,manual,11399,Madrid,28014,Madrid,Madrid
Alfa Romeo,MiTO,Gasolina,70761.0,78.0,manual,11199,Madrid,28014,Madrid,Madrid
Alfa Romeo,MiTO,Gasolina,70761.0,78.0,manual,11099,Madrid,28014,Madrid,Madrid
Alfa Romeo,MiTO,Diésel,62199.0,95.0,manual,218,Alcalá de Guadaíra,41500,Sevilla,Alcalá de Guadaíra
Alfa Romeo,MiTO,Diésel,62199.0,95.0,manual,227,Alcalá de Guadaíra,41500,Sevilla,Alcalá de Guadaíra
Alfa Romeo,MiTO,Diésel,62199.0,95.0,manual,241,Alcalá de Guadaíra,41500,Sevilla,Alcalá de Guadaíra
Alfa Romeo,Spider,Diésel,116506.0,200.0,manual,12800,Olèrdola,8734,Barcelona,Olèrdola
Alfa Romeo,Spider,Diésel,116506.0,200.0,manual,12800,Olèrdola,8734,Barcelona,Olèrdola
Alfa Romeo,Spider,Diésel,116506.0,200.0,manual,12800,Hidraulica Santillana,28770,Madrid,Hidraulica Santillana
Alfa Romeo,Spider,Diésel,116506.0,200.0,manual,12800,Puerto de Sagunto,46520,Valencia,Puerto de Sagunto
Alfa Romeo,Spider,Diésel,116506.0,200.0,manual,12800,Barcelona,8007,Barcelona,Barcelona
Alfa Romeo,Spider,Diésel,116506.0,200.0,manual,12800,Alameda del Obispo,14005,Córdoba,Alameda del Obispo
Alfa Romeo,Spider,Diésel,116506.0,200.0,manual,12800,Santafe,18320,Granada,Santafe
Alfa Romeo,166,Gasolina,159000.0,190.0,manual,2990,Málaga,29010,Málaga,Málaga
Alfa Romeo,166,Gasolina,159000.0,190.0,manual,2990,Málaga,29010,Málaga,Málaga
Alfa Romeo,166,Diésel,290000.0,175.0,manual,3000,Manises,46940,Valencia,Manises
Alfa Romeo,GTV,Gasolina,99000.0,150.0,manual,5900,Santiago de Compostela,15707,A Coruña,Santiago de Compostela
Alfa Romeo,Giulia,Diésel,118600.0,180.0,automatic,23490,Granada,18005,Granada,Granada
Alfa Romeo,Giulia,Diésel,99950.0,136.0,manual,518,Madrid,28009,Madrid,Madrid
Alfa Romeo,Giulia,Diésel,99950.0,136.0,manual,18850,Valdefuentes,28939,Madrid,Valdefuentes
Alfa Romeo,Giulia,Diésel,99950.0,136.0,manual,18850,Valdefuentes,28939,Madrid,Valdefuentes
Alfa Romeo,Giulia,Diésel,71764.0,180.0,automatic,23990,Bilbao,48004,Bizkaia,Bilbao
Alfa Romeo,Giulia,Diésel,118600.0,180.0,automatic,23490,Sevilla,41005,Sevilla,Sevilla
Audi,Q2,Gasolina,30826.0,150.0,automatic,25950,Alcobendas,28100,Madrid,Alcobendas
Audi,A5,Diésel,149000.0,190.0,automatic,19340,Sevilla,41005,Sevilla,Sevilla
Audi,S6,Gasolina,135719.0,420.0,automatic,30990,Córdoba,14003,Córdoba,Córdoba
Audi,S6,Gasolina,135719.0,420.0,automatic,30990,Jaén,23008,Jaén,Jaén
Audi,S6,Gasolina,135719.0,420.0,automatic,30990,Vigo,36211,Pontevedra,Vigo
Audi,S6,Gasolina,135719.0,420.0,automatic,30990,Valencia,46001,Valencia,Valencia
Audi,S3,Gasolina,145995.0,300.0,automatic,19990,Murcia,30005,Murcia,Murcia
Audi,S3,Gasolina,119000.0,300.0,automatic,29999,L' Alcudia de Crespins,46690,Valencia,L' Alcudia de Crespins
Audi,Q3,Diésel,91000.0,149.0,manual,614,Sevilla,41018,Sevilla,Sevilla
Audi,Q3,Diésel,111000.0,150.0,automatic,19990,Bilbao,48004,Bizkaia,Bilbao
Audi,Q3,Diésel,111000.0,150.0,automatic,19990,Vigo,36211,Pontevedra,Vigo
Audi,Q5,Diésel,120000.0,163.0,automatic,32490,Málaga,29005,Málaga,Málaga
Audi,Q5,Diésel,120000.0,163.0,automatic,32490,Alicante,3010,Alicante,Alicante
Audi,Q5,Diésel,120000.0,163.0,automatic,32490,Alicante,3010,Murcia,Alicante
Audi,Q5,Diésel,120000.0,163.0,automatic,32490,Valencia,46001,Valencia,Valencia
Audi,Q5,Diésel,120000.0,163.0,automatic,32490,Granada,18005,Granada,Granada
Audi,Q5,Diésel,120000.0,163.0,automatic,32490,Urbanizacion La Granjilla,28700,Madrid,Urbanizacion La Granjilla
Audi,Q5,Diésel,120000.0,163.0,automatic,32490,Murcia,30005,Murcia,Murcia
Audi,Q5,Diésel,120000.0,163.0,automatic,32490,Las Rozas de Madrid,28232,Madrid,Las Rozas de Madrid
Audi,S1,Gasolina,103050.0,231.0,manual,19990,Alicante,3010,Alicante,Alicante
Audi,S1,Gasolina,103050.0,231.0,manual,19990,Alicante,3010,Murcia,Alicante
Audi,A8,Diésel,201000.0,233.0,automatic,12000,Ventas del Carrizal,23693,Jaén,Ventas del Carrizal
Audi,S1,Gasolina,103050.0,231.0,manual,19990,Valencia,46001,Valencia,Valencia
Audi,S1,Gasolina,103050.0,231.0,manual,19990,Murcia,30005,Murcia,Murcia
Audi,S1,Gasolina,103050.0,231.0,manual,19990,Palau-Solita I Plegamans,8184,Barcelona,Palau-Solita I Plegamans
Audi,S1,Gasolina,103050.0,231.0,manual,19990,Palau-Solita I Plegamans,8184,Barcelona,Palau-Solita I Plegamans
Audi,TT,Gasolina,247000.0,180.0,manual,7990,Portals Nous,7181,Baleares,Portals Nous
Audi,TT,Gasolina,55120.0,180.0,automatic,25990,Murcia,30005,Murcia,Murcia
Audi,S7,Gasolina,218300.0,420.0,manual,36990,Carretera de Cobeña,28864,Madrid,Carretera de Cobeña
Bentley,Arnage,Gasolina,87700.0,405.0,manual,33500,Madrid,28046,Madrid,Madrid
Bentley,Arnage,Gasolina,87700.0,405.0,manual,33500,Alcorcón,28923,Madrid,Alcorcón
Bentley,Flying Spur,Gasolina,139000.0,635.0,automatic,32000,Camporredondo,23269,Jaén,Camporredondo
Bentley,Continental,Gasolina,94500.0,560.0,automatic,37999,Bilbao,48004,Bizkaia,Bilbao
Bentley,Continental,Gasolina,94600.0,560.0,automatic,37999,Bilbao,48004,Bizkaia,Bilbao
Chevrolet,Cruze,Gasolina,187234.0,124.0,manual,5190,Alcobendas,28100,Madrid,Alcobendas
Chevrolet,Cruze,Diésel,155232.0,163.0,manual,7299,Barcelona,8007,Barcelona,Barcelona
Chevrolet,Camaro,Gasolina,60112.0,405.0,automatic,33550,Granollers,8403,Barcelona,Granollers
Chevrolet,Camaro,Gasolina,60112.0,405.0,automatic,33550,Hidraulica Santillana,28770,Madrid,Hidraulica Santillana
Chevrolet,Camaro,Gasolina,60112.0,405.0,automatic,33550,Zaragoza,50013,Zaragoza,Zaragoza
Chevrolet,Trax,Gasolina,55195.0,115.0,manual,13144,Las Rozas de Madrid,28232,Madrid,Las Rozas de Madrid
Chevrolet,Trax,Gasolina,55195.0,115.0,manual,13144,Getafe,28906,Madrid,Getafe
Chevrolet,Camaro,Gasolina,60112.0,405.0,automatic,33550,Ciudad Real,13003,Ciudad Real,Ciudad Real
Chevrolet,Trax,Gasolina,55195.0,115.0,manual,13144,Olèrdola,8734,Barcelona,Olèrdola
Chevrolet,Trax,Gasolina,55195.0,115.0,manual,13144,Olèrdola,8734,Barcelona,Olèrdola
Chevrolet,Trax,Gasolina,55195.0,115.0,manual,13144,Zaragoza,50013,Zaragoza,Zaragoza
Chevrolet,Trax,Gasolina,55195.0,115.0,manual,13144,Torremolinos,29620,Málaga,Torremolinos
Chevrolet,Trax,Gasolina,55195.0,115.0,manual,13144,Torremolinos,29620,Málaga,Torremolinos
Chevrolet,Trax,Gasolina,55195.0,115.0,manual,13144,Torremolinos,29620,Málaga,Torremolinos
Chevrolet,Trax,Gasolina,55195.0,115.0,manual,13144,Paterna,46980,Valencia,Paterna
Chevrolet,Kalos,Gasolina,129000.0,84.0,manual,1800,Barcelona,8005,Barcelona,Barcelona
Chevrolet,Alero,Gasolina,130472.0,141.0,automatic,3900,Robledo de Chavela,28294,Madrid,Robledo de Chavela
Citroen,Nemo,Diésel,81350.0,75.0,manual,6990,Alicante,3010,Alicante,Alicante
Citroen,Nemo,Diésel,81350.0,75.0,manual,6990,Alicante,3010,Murcia,Alicante
Citroen,Nemo,Diésel,81350.0,75.0,manual,6990,Valencia,46001,Valencia,Valencia
Citroen,Nemo,Diésel,81350.0,75.0,manual,6990,Murcia,30005,Murcia,Murcia
Citroen,Nemo,Diésel,81350.0,75.0,manual,6990,Badajoz,6003,Badajoz,Badajoz
Citroen,Nemo,Diésel,81350.0,75.0,manual,6990,Sevilla,41005,Sevilla,Sevilla
Citroen,Nemo,Diésel,81350.0,75.0,manual,6990,Córdoba,14003,Córdoba,Córdoba
Citroen,Nemo,Diésel,81350.0,75.0,manual,6990,Jaén,23008,Jaén,Jaén
Citroen,C6,Diésel,328300.0,240.0,automatic,7200,A Coruña,15005,A Coruña,A Coruña
Citroen,C4 Aircross,Diésel,126667.0,114.0,manual,12350,Alzira,46600,Valencia,Alzira
Citroen,C4 Aircross,Diésel,126667.0,114.0,manual,12350,Alzira,46600,Valencia,Alzira
Citroen,C4 Aircross,Diésel,140381.0,114.0,manual,11990,Almería,4006,Almería,Almería
Citroen,C4 Aircross,Diésel,140381.0,114.0,manual,11990,Málaga,29005,Málaga,Málaga
Citroen,C4 Aircross,Diésel,126667.0,114.0,manual,12350,Colonia Pablo Iglesias,28520,Madrid,Colonia Pablo Iglesias
Citroen,C4 Aircross,Diésel,140381.0,114.0,manual,11990,Vigo,36211,Pontevedra,Vigo
Citroen,C4 Aircross,Diésel,140381.0,114.0,manual,11990,Sevilla,41005,Sevilla,Sevilla
Citroen,C4 Aircross,Diésel,126667.0,114.0,manual,12350,Ciudad Real,13003,Ciudad Real,Ciudad Real
Citroen,C5 X,Gasolina,4201.0,130.0,automatic,33900,Barcelona,8007,Barcelona,Barcelona
Citroen,C5 X,Gasolina,1.0,130.0,automatic,30990,Sant Boi de Llobregat,8830,Barcelona,Sant Boi de Llobregat
Citroen,C5 X,Gasolina,1.0,130.0,automatic,30150,Sant Boi de Llobregat,8830,Barcelona,Sant Boi de Llobregat
Citroen,Jumpy,Diésel,106101.0,120.0,manual,18990,Madrid,28021,Madrid,Madrid
Citroen,Jumpy,Diésel,106101.0,120.0,manual,19490,Madrid,28021,Madrid,Madrid
Citroen,Jumpy,Diésel,61728.0,95.0,manual,14669,Badajoz,6008,Badajoz,Badajoz
Citroen,C3,Gasolina,31528.0,82.0,manual,12990,Alicante,3007,Alicante,Alicante
Citroen,C3,Diésel,51527.0,99.0,manual,10490,Valencia,46001,Valencia,Valencia
Citroen,DS3,Diésel,250000.0,114.0,manual,4995,Barcelona,8014,Barcelona,Barcelona
Citroen,DS3,Diésel,171301.0,68.0,manual,7590,Madrid,28046,Madrid,Madrid
Citroen,DS3,Diésel,171301.0,68.0,manual,7590,Alcobendas,28100,Madrid,Alcobendas
Citroen,DS3,Diésel,99031.0,92.0,manual,9250,Torrevieja,3204,Alicante,Torrevieja
Citroen,DS3,Diésel,99031.0,92.0,manual,7900,Torrevieja,3204,Alicante,Torrevieja
Citroen,DS3,Diésel,99031.0,92.0,manual,143,Torrevieja,3204,Alicante,Torrevieja
Citroen,DS3,Gasolina,98286.0,110.0,manual,10300,Vic,8500,Barcelona,Vic
Citroen,DS4,Diésel,81309.0,92.0,manual,12500,Camas,41900,Sevilla,Camas
Citroen,DS4,Diésel,81309.0,92.0,manual,11900,Camas,41900,Sevilla,Camas
Citroen,DS4,Diésel,107400.0,163.0,manual,9490,Alicante,3010,Alicante,Alicante
Citroen,DS4,Diésel,107400.0,163.0,manual,9490,Alicante,3010,Murcia,Alicante
Citroen,DS4,Diésel,107400.0,163.0,manual,8990,Alicante,3010,Alicante,Alicante
Citroen,DS4,Diésel,107400.0,163.0,manual,8990,Alicante,3010,Murcia,Alicante
Citroen,DS4,Diésel,107400.0,163.0,manual,9490,Murcia,30005,Murcia,Murcia
Citroen,DS4,Diésel,107400.0,163.0,manual,8990,Murcia,30005,Murcia,Murcia
Citroen,DS4,Diésel,107400.0,163.0,manual,9490,Granada,18005,Granada,Granada
Citroen,DS4,Diésel,107400.0,163.0,manual,8990,Granada,18005,Granada,Granada
Citroen,C-Élysée,Diésel,59900.0,99.0,manual,12900,Valencia,46023,Valencia,Valencia
Citroen,DS4,Diésel,100264.0,114.0,manual,13090,Las Rozas de Madrid,28232,Madrid,Las Rozas de Madrid
Citroen,C5 Aircross,Diésel,107000.0,130.0,manual,480,Sevilla,41018,Sevilla,Sevilla
Citroen,C5 Aircross,Diésel,53445.0,131.0,manual,25190,Madrid,28021,Madrid,Madrid
Citroen,C5 Aircross,Diésel,53445.0,131.0,manual,22990,Madrid,28021,Madrid,Madrid
Citroen,ë-C4,Eléctrico,39756.0,136.0,automatic,27990,Madrid,28021,Madrid,Madrid
Citroen,C-Zero,Eléctrico,14416.0,67.0,automatic,14950,Coria del Río,41100,Sevilla,Coria del Río
Citroen,C-Zero,Eléctrico,15919.0,67.0,automatic,14490,Murcia,30004,Murcia,Murcia
CUPRA,Formentor,Gasolina,16000.0,150.0,automatic,29990,Granada,18005,Granada,Granada
CUPRA,Formentor,Gasolina,16000.0,150.0,automatic,29990,Bilbao,48004,Bizkaia,Bilbao
CUPRA,Formentor,Gasolina,16000.0,150.0,automatic,29990,Almería,4006,Almería,Almería
CUPRA,Born,Eléctrico,300.0,204.0,automatic,39900,Vinaros,12500,Castellón,Vinaros
CUPRA,Born,Eléctrico,7750.0,204.0,automatic,39990,Murcia,30005,Murcia,Murcia
CUPRA,Born,Eléctrico,7750.0,204.0,automatic,38990,Murcia,30005,Murcia,Murcia
CUPRA,Born,Eléctrico,24089.0,204.0,automatic,39990,San Sebastián de Los Reyes,28700,Madrid,San Sebastián de Los Reyes
CUPRA,Born,Eléctrico,1900.0,204.0,automatic,611,Madrid,28014,Madrid,Madrid
CUPRA,Born,Eléctrico,7750.0,204.0,automatic,39990,Vigo,36211,Pontevedra,Vigo
CUPRA,Born,Eléctrico,7750.0,204.0,automatic,38990,Vigo,36211,Pontevedra,Vigo
CUPRA,Ateca,Gasolina,33801.0,300.0,automatic,35990,Barcelona,8029,Barcelona,Barcelona
Dodge,Caliber,Diésel,126000.0,140.0,manual,8999,Partida Altabix,3207,Alicante,Partida Altabix
Dodge,Caliber,Diésel,218502.0,140.0,manual,6800,La Pobla de Vallbona,46185,Valencia,La Pobla de Vallbona
Dodge,Caliber,Diésel,218502.0,140.0,manual,6800,La Pobla de Vallbona,46185,Valencia,La Pobla de Vallbona
Dodge,Nitro,Diésel,119153.0,177.0,manual,11900,Murcia,30003,Murcia,Murcia
Dodge,Nitro,Diésel,119153.0,177.0,manual,11900,Santafe,18320,Granada,Santafe
Dodge,Nitro,Diésel,119153.0,177.0,manual,11900,Alcalá de Guadaíra,41500,Sevilla,Alcalá de Guadaíra
Honda,FR-V,Gasolina,150000.0,150.0,manual,7500,L'Hospitalet de Llobregat,8901,Barcelona,L'Hospitalet de Llobregat
Honda,FR-V,Gasolina,209000.0,150.0,manual,4900,Velilla de San Antonio,28891,Madrid,Velilla de San Antonio
Honda,FR-V,Diésel,200000.0,140.0,manual,4900,Móstoles,28938,Madrid,Móstoles
Honda,FR-V,Diésel,99000.0,140.0,manual,8600,Humanes de Madrid,28970,Madrid,Humanes de Madrid
Honda,FR-V,Diésel,99000.0,140.0,manual,8500,Humanes de Madrid,28970,Madrid,Humanes de Madrid
Honda,Insight,Eléctrico,67000.0,98.0,automatic,11500,Móstoles,28933,Madrid,Móstoles
Honda,Insight,Eléctrico,130000.0,98.0,automatic,8990,Madrid,28045,Madrid,Madrid
Honda,Insight,Eléctrico,125000.0,98.0,automatic,200,Sabadell,8204,Barcelona,Sabadell
Honda,Jazz,Gasolina,157869.0,102.0,manual,8990,Alicante,3010,Alicante,Alicante
Honda,Jazz,Gasolina,157869.0,102.0,manual,8990,Alicante,3010,Murcia,Alicante
Honda,Jazz,Gasolina,157869.0,102.0,manual,8990,Vigo,36211,Pontevedra,Vigo
Honda,Jazz,Gasolina,157869.0,102.0,manual,8990,Palma de Mallorca,7003,Baleares,Palma de Mallorca
Honda,Jazz,Gasolina,34430.0,102.0,manual,13299,Barcelona,8007,Barcelona,Barcelona
Honda,Jazz,Gasolina,34430.0,102.0,manual,12899,Barcelona,8007,Barcelona,Barcelona
Honda,Jazz,Gasolina,157869.0,102.0,manual,8990,Òrrius,8317,Barcelona,Òrrius
Honda,Civic,Diésel,117618.0,120.0,manual,12650,Alicante,3007,Alicante,Alicante
Honda,HR-V,Gasolina,46800.0,130.0,manual,19990,Bilbao,48004,Bizkaia,Bilbao
Honda,HR-V,Gasolina,46800.0,130.0,manual,19990,Almería,4006,Almería,Almería
Hyundai,Atos Prime,Gasolina,69000.0,59.0,manual,2900,Badalona,8913,Barcelona,Badalona
Hyundai,ix20,Diésel,96783.0,128.0,manual,13990,Mercado Parque Corredor del Henares,28850,Madrid,Mercado Parque Corredor del Henares
Hyundai,ix20,Diésel,96783.0,128.0,manual,13990,Las Rozas de Madrid,28232,Madrid,Las Rozas de Madrid
Hyundai,ix20,Diésel,96783.0,128.0,manual,13990,Sant Vicenç de Montalt,8394,Barcelona,Sant Vicenç de Montalt
Hyundai,ix20,Diésel,96783.0,128.0,manual,13990,Valdepeñas,13300,Ciudad Real,Valdepeñas
Hyundai,ix20,Diésel,96783.0,128.0,manual,13990,Valdepeñas,13300,Ciudad Real,Valdepeñas
Hyundai,ix20,Diésel,96783.0,128.0,manual,13990,Estepona,29680,Málaga,Estepona
Hyundai,ix20,Gasolina,7320.0,126.0,automatic,14400,Murcia,30005,Murcia,Murcia
Hyundai,ix20,Gasolina,7320.0,126.0,automatic,14400,Palma de Mallorca,7003,Baleares,Palma de Mallorca
Hyundai,ix20,Gasolina,7320.0,126.0,automatic,14400,Girona,17007,Girona,Girona
Hyundai,IONIQ,Eléctrico,40000.0,141.0,automatic,19900,Arroyo de La Miel,29631,Málaga,Arroyo de La Miel
Hyundai,Elantra,Gasolina,99791.0,132.0,manual,9099,Madrid,28014,Madrid,Madrid
Hyundai,Elantra,Gasolina,99791.0,132.0,manual,8899,Madrid,28014,Madrid,Madrid
Hyundai,Elantra,Gasolina,99791.0,132.0,manual,8599,Madrid,28014,Madrid,Madrid
Hyundai,Elantra,Diésel,133814.0,136.0,manual,14950,Barcelona,8007,Barcelona,Barcelona
Hyundai,Elantra,Diésel,133814.0,136.0,manual,14950,Valdepeñas,13300,Ciudad Real,Valdepeñas
Hyundai,Elantra,Diésel,133814.0,136.0,manual,14950,Valdepeñas,13300,Ciudad Real,Valdepeñas
Hyundai,Elantra,Diésel,133814.0,136.0,manual,14950,Alcobendas,28100,Madrid,Alcobendas
Hyundai,Elantra,Diésel,133814.0,136.0,manual,14950,Mercabilbao,48970,Bizkaia,Mercabilbao
Hyundai,Elantra,Diésel,133814.0,136.0,manual,14950,Alicante,3007,Alicante,Alicante
Hyundai,ix35,Diésel,103946.0,115.0,manual,13530,Badajoz,6008,Badajoz,Badajoz
Hyundai,ix35,Diésel,103946.0,115.0,manual,13530,Las Rozas de Madrid,28232,Madrid,Las Rozas de Madrid
Hyundai,i30,Diésel,93839.0,110.0,manual,15513,Alicante,3007,Alicante,Alicante
Hyundai,i30,Diésel,93839.0,110.0,manual,15513,Alzira,46600,Valencia,Alzira
Hyundai,i30,Diésel,93839.0,110.0,manual,15513,Alzira,46600,Valencia,Alzira
Hyundai,i30,Diésel,93839.0,110.0,manual,15513,Getafe,28906,Madrid,Getafe
Hyundai,i30,Diésel,93839.0,110.0,manual,15513,Torremolinos,29620,Málaga,Torremolinos
Hyundai,i30,Diésel,93839.0,110.0,manual,15513,Torremolinos,29620,Málaga,Torremolinos
Hyundai,i30,Diésel,93839.0,110.0,manual,15513,Torremolinos,29620,Málaga,Torremolinos
Hyundai,i20,Diésel,78578.0,90.0,manual,12950,Hidraulica Santillana,28770,Madrid,Hidraulica Santillana
Hyundai,i20,Diésel,78578.0,90.0,manual,12950,Castello/Castellon de La Plana,12100,Castellón,Castello/Castellon de La Plana
Hyundai,i20,Diésel,78578.0,90.0,manual,12950,Alcalá de Guadaíra,41500,Sevilla,Alcalá de Guadaíra
Hyundai,BAYON,Gasolina,35589.0,100.0,manual,14485,Sabadell,8201,Barcelona,Sabadell
Hyundai,BAYON,Gasolina,35589.0,100.0,manual,14485,Sant Boi de Llobregat,8830,Barcelona,Sant Boi de Llobregat
Hyundai,Atos,Gasolina,115000.0,59.0,manual,2200,Albacete,2004,Albacete,Albacete
Hyundai,BAYON,Gasolina,3068.0,85.0,manual,17490,San Fernando de Henares,28830,Madrid,San Fernando de Henares
Hyundai,BAYON,Gasolina,4920.0,85.0,manual,17490,Pontevedra,36161,Pontevedra,Pontevedra
Hyundai,BAYON,Gasolina,4920.0,85.0,manual,17490,Molino de La Hoz,28290,Madrid,Molino de La Hoz
Hyundai,i10,Gasolina,130000.0,85.0,manual,5500,Massanassa,46002,Valencia,Massanassa
Hyundai,Sonata,Diésel,199995.0,140.0,manual,4200,Madrid,28022,Madrid,Madrid
Hyundai,Tucson,Gasolina,63000.0,177.0,automatic,20990,Almería,4006,Almería,Almería
Hyundai,Tucson,Diésel,29009.0,116.0,manual,26000,Benicarló,12580,Castellón,Benicarló
Hyundai,ix55,Diésel,220695.0,240.0,automatic,7290,Leganés,28916,Madrid,Leganés
Hyundai,Santa Fe,Gasolina,33000.0,185.0,automatic,32490,Vigo,36211,Pontevedra,Vigo
Hyundai,Santa Fe,Gasolina,33000.0,185.0,automatic,32490,Camarma de Esteruelas,28816,Madrid,Camarma de Esteruelas
Hyundai,Santa Fe,Gasolina,33000.0,185.0,automatic,32490,Camarma de Esteruelas,28816,Madrid,Camarma de Esteruelas
Hyundai,Grand Santa Fe,Diésel,146370.0,197.0,automatic,20900,Olèrdola,8734,Barcelona,Olèrdola
Hyundai,Grand Santa Fe,Diésel,146370.0,197.0,automatic,20900,Olèrdola,8734,Barcelona,Olèrdola
Hyundai,Grand Santa Fe,Diésel,146370.0,197.0,automatic,20900,Santa Maria del Aguila,4710,Almería,Santa Maria del Aguila
Hyundai,Grand Santa Fe,Diésel,146370.0,197.0,automatic,20900,Granollers,8403,Barcelona,Granollers
Hyundai,Grand Santa Fe,Diésel,146370.0,197.0,automatic,20900,Santafe,18320,Granada,Santafe
Hyundai,Grand Santa Fe,Diésel,146370.0,197.0,automatic,20900,Alcobendas,28100,Madrid,Alcobendas
Hyundai,Grand Santa Fe,Diésel,146370.0,197.0,automatic,20900,Albacete,2001,Albacete,Albacete
Hyundai,Grand Santa Fe,Diésel,146370.0,197.0,automatic,20900,Colonia Pablo Iglesias,28520,Madrid,Colonia Pablo Iglesias
Hyundai,Grand Santa Fe,Diésel,146370.0,197.0,automatic,20900,Santiago de Compostela,15703,A Coruña,Santiago de Compostela
Hyundai,Grand Santa Fe,Diésel,146370.0,197.0,automatic,20900,Alameda del Obispo,14005,Córdoba,Alameda del Obispo
Hyundai,Grand Santa Fe,Diésel,146370.0,197.0,automatic,20900,Murcia,30003,Murcia,Murcia
Hyundai,i40,Diésel,130000.0,136.0,manual,10995,Los Combos,28938,Madrid,Los Combos
Hyundai,i40,Diésel,113298.0,136.0,manual,12089,Mercado Parque Corredor del Henares,28850,Madrid,Mercado Parque Corredor del Henares
Hyundai,i40,Diésel,113298.0,136.0,manual,12089,Ciudad Real,13003,Ciudad Real,Ciudad Real
Hyundai,i40,Diésel,113298.0,136.0,manual,12089,Castello/Castellon de La Plana,12100,Castellón,Castello/Castellon de La Plana
Hyundai,i40,Diésel,113298.0,136.0,manual,12089,Albacete,2001,Albacete,Albacete
Hyundai,i40,Diésel,113298.0,136.0,manual,12089,Alameda del Obispo,14005,Córdoba,Alameda del Obispo
Hyundai,i40,Diésel,113298.0,136.0,manual,12089,Atarrabia,31610,Navarra,Atarrabia
Hyundai,i40,Diésel,113298.0,136.0,manual,12089,Zaragoza,50013,Zaragoza,Zaragoza
Hyundai,H350,Diésel,69385.0,150.0,manual,16990,Sevilla,41005,Sevilla,Sevilla
Hyundai,H350,Diésel,69385.0,150.0,manual,16890,Sevilla,41005,Sevilla,Sevilla
Hyundai,H350,Diésel,199000.0,150.0,manual,16350,Málaga,29015,Málaga,Málaga
Hyundai,Accent,Diésel,163257.0,110.0,manual,3700,Canals,46650,Valencia,Canals
Mercedes-Benz,SL,Gasolina,340000.0,306.0,automatic,13500,Cornella de Llobregat,8940,Barcelona,Cornella de Llobregat
Mercedes-Benz,SL,Gasolina,85000.0,306.0,automatic,20000,Valencia,46009,Valencia,Valencia
Mercedes-Benz,SL,Gasolina,127500.0,320.0,automatic,25000,Alzira,46600,Valencia,Alzira
Mercedes-Benz,SL,Gasolina,127500.0,320.0,automatic,25000,Alzira,46600,Valencia,Alzira
Mercedes-Benz,Classe GLK,Diésel,108000.0,143.0,manual,21990,Sant Just Desvern,8960,Barcelona,Sant Just Desvern
Mercedes-Benz,Classe GLK,Diésel,115081.0,204.0,automatic,21900,Málaga,29004,Málaga,Málaga
Mercedes-Benz,Classe GLK,Diésel,390000.0,170.0,automatic,11990,Sevilla,41001,Sevilla,Sevilla
Mercedes-Benz,Classe GLK,Diésel,145000.0,231.0,automatic,18990,Alcorcón,28924,Madrid,Alcorcón
Mercedes-Benz,Clase CLC,Diésel,112242.0,150.0,automatic,10990,Alzira,46600,Valencia,Alzira
Mercedes-Benz,Clase CLC,Diésel,112242.0,150.0,automatic,10990,Alzira,46600,Valencia,Alzira
Mercedes-Benz,Clase CLC,Gasolina,224087.0,129.0,manual,8500,La Pobla de Vallbona,46185,Valencia,La Pobla de Vallbona
Mercedes-Benz,Clase CLC,Gasolina,224087.0,129.0,manual,8500,La Pobla de Vallbona,46185,Valencia,La Pobla de Vallbona
Mercedes-Benz,GLC Coupé,Diésel,67000.0,170.0,automatic,36600,Valencia,46002,Valencia,Valencia
Mercedes-Benz,GLC Coupé,Diésel,67000.0,170.0,automatic,36600,Bormujos,41930,Sevilla,Bormujos
Mercedes-Benz,Citan,Diésel,135000.0,75.0,manual,12995,Calonge,17251,Girona,Calonge
Mercedes-Benz,Citan,Diésel,169000.0,90.0,manual,10750,Palencia,34002,Palencia,Palencia
Mercedes-Benz,Citan,Diésel,157321.0,95.0,manual,15100,Vic,8500,Barcelona,Vic
Mercedes-Benz,Citan,Diésel,218000.0,90.0,manual,10800,Collado Mediano,28450,Madrid,Collado Mediano
Mercedes-Benz,Clase R,Diésel,205932.0,190.0,automatic,15800,Beade,36312,Pontevedra,Beade
Mercedes-Benz,Clase R,Diésel,178000.0,224.0,automatic,12800,Almassera,46132,Valencia,Almassera
Mercedes-Benz,Clase R,Diésel,178000.0,224.0,automatic,12790,Almassera,46132,Valencia,Almassera
Mercedes-Benz,Clase S,Diésel,154400.0,235.0,automatic,21999,Bilbao,48004,Bizkaia,Bilbao
Mercedes-Benz,GL,Gasolina,222680.0,388.0,automatic,17990,Fuenlabrada,28946,Madrid,Fuenlabrada
Mercedes-Benz,GL,Diésel,150000.0,258.0,automatic,33980,Madrid,28036,Madrid,Madrid
Mercedes-Benz,Clase CLA,Diésel,46322.0,136.0,automatic,30475,Estepona,29680,Málaga,Estepona
Mercedes-Benz,Clase CLA,Diésel,46322.0,136.0,automatic,30475,Santafe,18320,Granada,Santafe
Mercedes-Benz,GL,Diésel,174000.0,224.0,automatic,24900,Sabadell,8203,Barcelona,Sabadell
Mercedes-Benz,GL,Diésel,174000.0,224.0,automatic,24500,Sabadell,8203,Barcelona,Sabadell
Mercedes-Benz,SLK,Gasolina,139000.0,163.0,manual,12800,Tarragona,43006,Tarragona,Tarragona
Mercedes-Benz,SLK,Gasolina,135000.0,272.0,manual,14900,Nava,33520,Asturias,Nava
Mercedes-Benz,SLK,Gasolina,135000.0,272.0,manual,14900,Nava,33520,Asturias,Nava
Mercedes-Benz,GLA,Diésel,215000.0,136.0,manual,15495,Los Combos,28938,Madrid,Los Combos
Mercedes-Benz,GLA,Gasolina,52438.0,156.0,manual,35800,Sevilla,41011,Sevilla,Sevilla
Mercedes-Benz,eVito,Eléctrico,10000.0,116.0,automatic,33500,Barcelona,8029,Barcelona,Barcelona
BMW,X3,Diésel,144183.0,150.0,manual,10900,Santafe,18320,Granada,Santafe
BMW,X3,Diésel,144183.0,150.0,manual,10900,Estepona,29680,Málaga,Estepona
BMW,X3,Diésel,144183.0,150.0,manual,10900,Alicante,3007,Alicante,Alicante
BMW,X3,Diésel,144183.0,150.0,manual,10900,Alzira,46600,Valencia,Alzira
BMW,X3,Diésel,144183.0,150.0,manual,10900,Alzira,46600,Valencia,Alzira
BMW,Z4,Gasolina,100000.0,150.0,manual,12000,El Esparragal,30163,Murcia,El Esparragal
BMW,Z4,Gasolina,69999.0,265.0,automatic,22890,Sevilla,41005,Sevilla,Sevilla
BMW,Z4,Gasolina,68633.0,156.0,automatic,28990,Madrid,28046,Madrid,Madrid
BMW,Z4,Gasolina,48000.0,177.0,automatic,16400,Jerez de la Frontera,11401,Cádiz,Jerez de la Frontera
BMW,i3,Eléctrico,16900.0,170.0,automatic,36450,Barcelona,8007,Barcelona,Barcelona
BMW,Z4,Gasolina,46000.0,192.0,manual,17500,Sabadell,8203,Barcelona,Sabadell
BMW,Z4,Gasolina,50000.0,204.0,automatic,24990,Madrid,28015,Madrid,Madrid
BMW,Z4,Gasolina,50000.0,204.0,automatic,24990,Barcelona,8006,Barcelona,Barcelona
BMW,i3,Eléctrico,59651.0,170.0,automatic,23345,Murcia,30003,Murcia,Murcia
BMW,i3,Eléctrico,59651.0,170.0,automatic,23345,Estepona,29680,Málaga,Estepona
BMW,X1,Diésel,110578.0,150.0,manual,21475,Parla,28980,Madrid,Parla
BMW,X1,Diésel,110578.0,150.0,manual,20975,Parla,28980,Madrid,Parla
BMW,X1,Diésel,110578.0,150.0,manual,21475,Valencia,46003,Valencia,Valencia
BMW,X1,Diésel,110578.0,150.0,manual,20975,Valencia,46003,Valencia,Valencia
BMW,X5,Diésel,190000.0,184.0,automatic,6495,Los Combos,28938,Madrid,Los Combos
BMW,X2,Diésel,77760.0,190.0,automatic,25490,Almería,4006,Almería,Almería
BMW,X2,Diésel,77760.0,190.0,automatic,25490,Granada,18005,Granada,Granada
BMW,Serie 4,Diésel,74024.0,190.0,automatic,23490,Collado Villalba,28400,Madrid,Collado Villalba
BMW,Serie 4,Diésel,74024.0,190.0,automatic,23490,Collado Villalba,28400,Madrid,Collado Villalba
BMW,Serie 4,Gasolina,104000.0,252.0,automatic,29990,Fuenlabrada,28947,Madrid,Fuenlabrada
BMW,Serie 4,Gasolina,104000.0,252.0,automatic,28990,Fuenlabrada,28947,Madrid,Fuenlabrada
BMW,X6,Diésel,188000.0,258.0,automatic,39999,Bilbao,48004,Bizkaia,Bilbao
BMW,Serie 6,Diésel,137000.0,313.0,automatic,34990,Alicante,3010,Alicante,Alicante
BMW,Serie 6,Diésel,137000.0,313.0,automatic,34990,Alicante,3010,Murcia,Alicante
BMW,Serie 6,Diésel,137000.0,313.0,automatic,34990,Valencia,46001,Valencia,Valencia
BMW,Serie 6,Diésel,137000.0,313.0,automatic,34990,Murcia,30005,Murcia,Murcia
BMW,Serie 6,Diésel,137000.0,313.0,automatic,34990,Granada,18005,Granada,Granada
BMW,Serie 6,Diésel,137000.0,313.0,automatic,34990,Vigo,36211,Pontevedra,Vigo
BMW,Serie 6,Diésel,137000.0,313.0,automatic,34990,Bilbao,48004,Bizkaia,Bilbao
BMW,Serie 2,Diésel,227429.0,116.0,manual,12089,Barcelona,8007,Barcelona,Barcelona
BMW,Serie 2,Diésel,227429.0,116.0,manual,12089,Collado Villalba,28400,Madrid,Collado Villalba
BMW,Serie 2,Diésel,227429.0,116.0,manual,12089,Collado Villalba,28400,Madrid,Collado Villalba
BMW,Serie 2,Diésel,227429.0,116.0,manual,12089,Las Rozas de Madrid,28232,Madrid,Las Rozas de Madrid
BMW,Serie 3,Gasolina,45121.0,184.0,automatic,26335,Estepona,29680,Málaga,Estepona
BMW,Serie 3,Gasolina,45121.0,184.0,automatic,26335,Santafe,18320,Granada,Santafe
BMW,Serie 3,Gasolina,45121.0,184.0,automatic,26335,Puerto de Sagunto,46520,Valencia,Puerto de Sagunto
BMW,Serie 3,Gasolina,45121.0,184.0,automatic,26335,Alcobendas,28100,Madrid,Alcobendas
BMW,Serie 1,Diésel,165468.0,143.0,manual,14520,Barcelona,8007,Barcelona,Barcelona
BMW,Serie 1,Diésel,66894.0,150.0,automatic,21677,Barcelona,8007,Barcelona,Barcelona
BMW,Serie 1,Diésel,165468.0,143.0,manual,14520,Collado Villalba,28400,Madrid,Collado Villalba
BMW,Serie 1,Diésel,165468.0,143.0,manual,14520,Collado Villalba,28400,Madrid,Collado Villalba
Fiat,Fiorino,Diésel,150507.0,80.0,manual,6570,Badajoz,6008,Badajoz,Badajoz
Fiat,Fiorino,Diésel,150507.0,80.0,manual,6570,Almería,4001,Almería,Almería
Fiat,e-Doblò,Eléctrico,5.0,136.0,automatic,34690,Vilafranca del Penedès,8720,Barcelona,Vilafranca del Penedès
Fiat,Panda,Gasolina,59610.0,69.0,manual,9950,Fuenlabrada,28947,Madrid,Fuenlabrada
Fiat,Panda,Gasolina,59610.0,69.0,manual,9950,Las Rozas de Madrid,28232,Madrid,Las Rozas de Madrid
Fiat,Multipla,Diésel,199000.0,115.0,manual,3999,Málaga,29004,Málaga,Málaga
Fiat,Multipla,Diésel,199000.0,115.0,manual,3650,Málaga,29004,Málaga,Málaga
Fiat,Ducato,Diésel,41068.0,130.0,manual,22934,Badajoz,6008,Badajoz,Badajoz
Fiat,Ducato,Diésel,40371.0,130.0,manual,22934,Badajoz,6008,Badajoz,Badajoz
Fiat,Fullback,Diésel,108000.0,181.0,manual,22850,Bormujos,41930,Sevilla,Bormujos
Fiat,Freemont,Diésel,174898.0,170.0,manual,13990,Alcobendas,28100,Madrid,Alcobendas
Fiat,Freemont,Diésel,117934.0,140.0,manual,11799,Barcelona,8007,Barcelona,Barcelona
Fiat,Seicento,Gasolina,185000.0,54.0,manual,800,Madrid,28010,Madrid,Madrid
Fiat,500,Gasolina,21821.0,70.0,manual,16500,Mataró,8302,Barcelona,Mataró
Fiat,Talento,Diésel,167466.0,145.0,manual,20470,Sant Vicenç de Montalt,8394,Barcelona,Sant Vicenç de Montalt
Fiat,Talento,Diésel,167466.0,145.0,manual,20470,Granollers,8403,Barcelona,Granollers
Fiat,Talento,Diésel,167466.0,145.0,manual,20470,Mercado Parque Corredor del Henares,28850,Madrid,Mercado Parque Corredor del Henares
Fiat,Linea,Diésel,120000.0,90.0,manual,4500,Ciudad Deportiva del Jarama,28709,Madrid,Ciudad Deportiva del Jarama
Fiat,Linea,Diésel,126398.0,90.0,manual,5000,Arganda del Rey,28500,Madrid,Arganda del Rey
Fiat,Linea,Diésel,149000.0,90.0,manual,4500,Madrid,28014,Madrid,Madrid
Fiat,Linea,Diésel,149000.0,90.0,manual,4500,Santiago de Compostela,15707,A Coruña,Santiago de Compostela
Fiat,Sedici,Diésel,220000.0,120.0,manual,4500,Caldes de Montbui,8140,Barcelona,Caldes de Montbui
Fiat,Sedici,Diésel,220000.0,120.0,manual,4490,Caldes de Montbui,8140,Barcelona,Caldes de Montbui
Fiat,Bravo,Diésel,150230.0,105.0,manual,4699,Madrid,28014,Madrid,Madrid
Fiat,Bravo,Diésel,225000.0,120.0,manual,2990,Fuenlabrada,28946,Madrid,Fuenlabrada
Fiat,Punto Evo,Diésel,190000.0,75.0,manual,4990,Ávila,5001,Ávila,Ávila
Fiat,Qubo,Diésel,190000.0,75.0,manual,6999,Madrid,28017,Madrid,Madrid
Fiat,Qubo,Diésel,117000.0,75.0,manual,5900,Utebo,50180,Zaragoza,Utebo
Fiat,Qubo,Diésel,65793.0,95.0,manual,12900,Fuengirola,29640,Málaga,Fuengirola
Fiat,Qubo,Diésel,195000.0,95.0,manual,6900,Marbella,29660,Málaga,Marbella
Fiat,Qubo,Diésel,211389.0,75.0,manual,6990,Utebo,50180,Zaragoza,Utebo
Fiat,500X,Diésel,54769.0,120.0,manual,17825,Sant Vicenç de Montalt,8394,Barcelona,Sant Vicenç de Montalt
Fiat,500X,Gasolina,41878.0,120.0,manual,18170,Alcalá de Guadaíra,41500,Sevilla,Alcalá de Guadaíra
Mazda,MX-30,Otros,25012.0,145.0,automatic,27500,Algete,28110,Madrid,Algete
Mazda,MX-30,Eléctrico,7464.0,146.0,automatic,28500,Fornells de la Selva,17458,Girona,Fornells de la Selva
Mazda,CX-3,Diésel,72370.0,105.0,manual,18975,Estepona,29680,Málaga,Estepona
Mazda,CX-3,Diésel,72370.0,105.0,manual,18975,Santafe,18320,Granada,Santafe
Mazda,CX-3,Diésel,72370.0,105.0,manual,18975,Alicante,3007,Alicante,Alicante
Mazda,MX-30,Eléctrico,25012.0,143.0,automatic,25000,Antequera,29200,Málaga,Antequera
Mazda,MX-30,Eléctrico,25012.0,143.0,automatic,26500,Antequera,29200,Málaga,Antequera
Mazda,CX-3,Diésel,131354.0,105.0,manual,15180,Atarrabia,31610,Navarra,Atarrabia
Fiat,500X,Gasolina,41878.0,120.0,manual,18170,Valdepeñas,13300,Ciudad Real,Valdepeñas
Fiat,500X,Gasolina,41878.0,120.0,manual,18170,Valdepeñas,13300,Ciudad Real,Valdepeñas
Fiat,500X,Diésel,99615.0,95.0,manual,14500,Colonia Pablo Iglesias,28520,Madrid,Colonia Pablo Iglesias
Fiat,500X,Diésel,99615.0,95.0,manual,13200,Colonia Pablo Iglesias,28520,Madrid,Colonia Pablo Iglesias
Ford,Galaxy,Diésel,198200.0,163.0,automatic,10800,Beade,36312,Pontevedra,Beade
Mazda,626,Gasolina,200.0,115.0,manual,2400,Kukullaga,48450,Bizkaia,Kukullaga
Mazda,626,Gasolina,200.0,115.0,manual,1990,Kukullaga,48450,Bizkaia,Kukullaga
Mazda,626,Gasolina,203541.0,115.0,manual,1400,Badajoz,6003,Badajoz,Badajoz
Ford,Tourneo Custom,Diésel,106995.0,155.0,manual,23990,Granada,18005,Granada,Granada
Ford,Tourneo Custom,Diésel,106995.0,155.0,manual,23990,Almería,4006,Almería,Almería
Ford,Ranger,Diésel,110000.0,160.0,manual,19900,Villanueva del Arzobispo,23330,Jaén,Villanueva del Arzobispo
Ford,Transit Connect,Diésel,47601.0,120.0,manual,19890,Alicante,3010,Alicante,Alicante
Ford,Transit Connect,Diésel,47601.0,120.0,manual,19890,Alicante,3010,Murcia,Alicante
Ford,Transit Connect,Diésel,47601.0,120.0,manual,17990,Alicante,3010,Alicante,Alicante
Ford,Transit Connect,Diésel,47601.0,120.0,manual,17990,Alicante,3010,Murcia,Alicante
Ford,Transit Connect,Diésel,111225.0,95.0,manual,12870,Las Rozas de Madrid,28232,Madrid,Las Rozas de Madrid
Ford,Transit Connect,Diésel,111225.0,95.0,manual,12870,Vigo,36214,Pontevedra,Vigo
Ford,Fusion,Diésel,245156.0,68.0,manual,1290,Madrid,28026,Madrid,Madrid
Ford,Fusion,Diésel,212989.0,68.0,manual,2990,Alcobendas,28100,Madrid,Alcobendas
Ford,Fusion,Gasolina,90000.0,80.0,manual,5600,El Moli d'en Rovira,8720,Barcelona,El Moli d'en Rovira
Ford,Fusion,Diésel,158000.0,68.0,manual,3499,El Cigarral,29120,Málaga,El Cigarral
Ford,Fusion,Diésel,128000.0,68.0,manual,4290,Torremolinos,29620,Málaga,Torremolinos
Ford,Fusion,Diésel,128000.0,68.0,manual,4290,Torremolinos,29620,Málaga,Torremolinos
Ford,Fusion,Diésel,128000.0,68.0,manual,4290,Torremolinos,29620,Málaga,Torremolinos
Ford,B-MAX,Diésel,68047.0,95.0,manual,12485,Mercado Parque Corredor del Henares,28850,Madrid,Mercado Parque Corredor del Henares
Ford,B-MAX,Diésel,68047.0,95.0,manual,12485,Colonia Pablo Iglesias,28520,Madrid,Colonia Pablo Iglesias
Ford,B-MAX,Diésel,68047.0,95.0,manual,12485,Vigo,36214,Pontevedra,Vigo
Ford,B-MAX,Diésel,68047.0,95.0,manual,12485,Las Rozas de Madrid,28232,Madrid,Las Rozas de Madrid
Ford,B-MAX,Diésel,68047.0,95.0,manual,12485,Alicante,3007,Alicante,Alicante
Ford,Transit Courier,Diésel,137000.0,75.0,manual,9890,Alicante,3010,Alicante,Alicante
Ford,Transit Courier,Diésel,137000.0,75.0,manual,9890,Alicante,3010,Murcia,Alicante
Peugeot,4007,Diésel,145000.0,156.0,automatic,9990,El Villar,48980,Bizkaia,El Villar
Peugeot,4007,Diésel,218000.0,156.0,manual,8900,Alcaudete,23660,Jaén,Alcaudete
Ford,Transit Custom,Diésel,115932.0,105.0,manual,22500,Aizoain,31195,Navarra,Aizoain
Ford,Transit Custom,Diésel,115932.0,105.0,manual,22500,Aizoain,31195,Navarra,Aizoain
Ford,Cougar,Gasolina,68000.0,170.0,manual,4999,Alcobendas,28100,Madrid,Alcobendas
Ford,Grand Tourneo Connec,Diésel,170000.0,120.0,automatic,14875,Pinto,28320,Madrid,Pinto
Ford,Grand Tourneo Connec,Diésel,170000.0,120.0,automatic,14750,Pinto,28320,Madrid,Pinto
Peugeot,607,Diésel,200099.0,204.0,automatic,2390,Madrid,28026,Madrid,Madrid
Ford,Fiesta,Diésel,122409.0,75.0,manual,9200,A Coruña,15001,A Coruña,A Coruña
Ford,Fiesta,Gasolina,90000.0,200.0,manual,18900,Tarragona,43005,Tarragona,Tarragona
Ford,Fiesta,Diésel,122409.0,75.0,manual,9200,Vigo,36204,Pontevedra,Vigo
Peugeot,Expert,Diésel,123941.0,115.0,manual,18500,A Coruña,15001,A Coruña,A Coruña
Peugeot,Boxer,Diésel,41000.0,140.0,manual,23306,Montcada i Reixac,8110,Barcelona,Montcada i Reixac
Volkswagen,ID.3,Eléctrico,27620.0,204.0,automatic,32990,Alicante,3010,Alicante,Alicante
Volkswagen,ID.3,Eléctrico,27620.0,204.0,automatic,32990,Alicante,3010,Murcia,Alicante
Peugeot,308,Diésel,127739.0,100.0,manual,8990,Granada,18005,Granada,Granada
Mazda,CX-9,Gasolina,67468.0,273.0,automatic,20680,Granollers,8403,Barcelona,Granollers
Mazda,CX-9,Gasolina,67468.0,273.0,automatic,20680,Atarrabia,31610,Navarra,Atarrabia
Mazda,CX-9,Gasolina,67468.0,273.0,automatic,20680,Ciudad Real,13003,Ciudad Real,Ciudad Real
Mazda,CX-9,Gasolina,67468.0,273.0,automatic,20680,Estepona,29680,Málaga,Estepona
Mazda,CX-9,Gasolina,67468.0,273.0,automatic,20680,Alcobendas,28100,Madrid,Alcobendas
Mazda,CX-9,Gasolina,67468.0,273.0,automatic,20680,Las Rozas de Madrid,28232,Madrid,Las Rozas de Madrid
Mazda,CX-9,Gasolina,67468.0,273.0,automatic,20680,Santa Maria del Aguila,4710,Almería,Santa Maria del Aguila
Mazda,CX-9,Gasolina,67468.0,273.0,automatic,20680,Albacete,2001,Albacete,Albacete
Mazda,CX-9,Gasolina,67468.0,273.0,automatic,20680,Valdepeñas,13300,Ciudad Real,Valdepeñas
Mazda,CX-9,Gasolina,67468.0,273.0,automatic,20680,Valdepeñas,13300,Ciudad Real,Valdepeñas
Mazda,CX-9,Gasolina,67468.0,273.0,automatic,20680,Olèrdola,8734,Barcelona,Olèrdola
Mazda,CX-9,Gasolina,67468.0,273.0,automatic,20680,Olèrdola,8734,Barcelona,Olèrdola
Mazda,CX-9,Gasolina,67468.0,273.0,automatic,20680,Colonia Pablo Iglesias,28520,Madrid,Colonia Pablo Iglesias
Mazda,CX-9,Gasolina,67468.0,273.0,automatic,20680,Zaragoza,50013,Zaragoza,Zaragoza
Mazda,2,Gasolina,101486.0,90.0,manual,10990,Vigo,36211,Pontevedra,Vigo
Mazda,CX-9,Gasolina,67468.0,273.0,automatic,20680,Paterna,46980,Valencia,Paterna
Mazda,2,Gasolina,101486.0,90.0,manual,10990,Tarragona,43006,Tarragona,Tarragona
Mazda,MX-5,Gasolina,25500.0,184.0,manual,29790,Móstoles,28933,Madrid,Móstoles
Mazda,MX-5,Gasolina,28500.0,132.0,manual,22990,Móstoles,28933,Madrid,Móstoles
Peugeot,408,Gasolina,1.0,130.0,automatic,390,Leganés,28914,Madrid,Leganés
Volkswagen,Eos,Diésel,175000.0,140.0,manual,9990,Lleida,25008,Lleida,Lleida
Volkswagen,Sharan,Diésel,170960.0,170.0,automatic,16490,Alicante,3010,Alicante,Alicante
Volkswagen,Sharan,Diésel,170960.0,170.0,automatic,16490,Alicante,3010,Murcia,Alicante
Volkswagen,Sharan,Diésel,170960.0,170.0,automatic,16490,Valencia,46001,Valencia,Valencia
Volkswagen,Sharan,Diésel,170960.0,170.0,automatic,16490,Vigo,36211,Pontevedra,Vigo
Subaru,Tribeca,Gasolina,220399.0,245.0,automatic,9500,La Pobla de Vallbona,46185,Valencia,La Pobla de Vallbona
Subaru,Tribeca,Gasolina,220399.0,245.0,automatic,9500,La Pobla de Vallbona,46185,Valencia,La Pobla de Vallbona
Subaru,Tribeca,Gasolina,93000.0,245.0,automatic,9900,Alcalá de Henares,28803,Madrid,Alcalá de Henares
Peugeot,e-208,Eléctrico,9900.0,136.0,automatic,28900,Viladecans,8840,Barcelona,Viladecans
Peugeot,e-208,Eléctrico,9933.0,136.0,automatic,27700,Sant Fruitós de Bages,8272,Barcelona,Sant Fruitós de Bages
Peugeot,e-208,Eléctrico,35891.0,136.0,automatic,29250,Olèrdola,8734,Barcelona,Olèrdola
Peugeot,e-208,Eléctrico,35891.0,136.0,automatic,29250,Olèrdola,8734,Barcelona,Olèrdola
Peugeot,e-208,Eléctrico,35891.0,136.0,automatic,29250,Santa Maria del Aguila,4710,Almería,Santa Maria del Aguila
Peugeot,e-208,Eléctrico,25000.0,136.0,automatic,29890,San Sebastián de Los Reyes,28108,Madrid,San Sebastián de Los Reyes
Peugeot,e-208,Eléctrico,0.0,136.0,automatic,33190,Algeciras,11205,Cádiz,Algeciras
Peugeot,e-208,Eléctrico,0.0,136.0,automatic,25090,Algeciras,11205,Cádiz,Algeciras
Peugeot,e-208,Eléctrico,35891.0,136.0,automatic,29250,Ciudad Real,13003,Ciudad Real,Ciudad Real
Peugeot,e-208,Eléctrico,35891.0,136.0,automatic,29250,Santiago de Compostela,15703,A Coruña,Santiago de Compostela
Peugeot,e-208,Eléctrico,35891.0,136.0,automatic,29250,Vigo,36214,Pontevedra,Vigo
Peugeot,e-208,Eléctrico,35891.0,136.0,automatic,29250,Badajoz,6008,Badajoz,Badajoz
Peugeot,e-208,Eléctrico,35891.0,136.0,automatic,29250,Mercado Parque Corredor del Henares,28850,Madrid,Mercado Parque Corredor del Henares
Peugeot,e-208,Eléctrico,35891.0,136.0,automatic,29250,Valdepeñas,13300,Ciudad Real,Valdepeñas
Peugeot,e-208,Eléctrico,35891.0,136.0,automatic,29250,Valdepeñas,13300,Ciudad Real,Valdepeñas
Peugeot,e-208,Eléctrico,35891.0,136.0,automatic,29250,Alicante,3007,Alicante,Alicante
Peugeot,e-208,Eléctrico,35891.0,136.0,automatic,29250,Alcobendas,28100,Madrid,Alcobendas
Peugeot,e-208,Eléctrico,35891.0,136.0,automatic,29250,Estepona,29680,Málaga,Estepona
Peugeot,e-208,Eléctrico,35891.0,136.0,automatic,29250,Alameda del Obispo,14005,Córdoba,Alameda del Obispo
Peugeot,e-208,Eléctrico,35891.0,136.0,automatic,29250,Puerto de Sagunto,46520,Valencia,Puerto de Sagunto
Peugeot,e-208,Eléctrico,35891.0,136.0,automatic,29250,Albacete,2001,Albacete,Albacete
Peugeot,e-2008,Eléctrico,30481.0,136.0,automatic,29900,Badajoz,6008,Badajoz,Badajoz
Peugeot,e-2008,Eléctrico,30481.0,136.0,automatic,29900,Albacete,2001,Albacete,Albacete
Peugeot,e-2008,Eléctrico,30481.0,136.0,automatic,29900,Olèrdola,8734,Barcelona,Olèrdola
Peugeot,e-2008,Eléctrico,30481.0,136.0,automatic,29900,Olèrdola,8734,Barcelona,Olèrdola
Peugeot,e-2008,Eléctrico,30481.0,136.0,automatic,29900,Sant Vicenç de Montalt,8394,Barcelona,Sant Vicenç de Montalt
Peugeot,e-2008,Eléctrico,0.0,136.0,automatic,36690,Algeciras,11205,Cádiz,Algeciras
Peugeot,e-2008,Eléctrico,0.0,136.0,automatic,28490,Algeciras,11205,Cádiz,Algeciras
Peugeot,e-2008,Eléctrico,30481.0,136.0,automatic,29900,Ciudad Real,13003,Ciudad Real,Ciudad Real
Peugeot,e-2008,Eléctrico,30481.0,136.0,automatic,29900,Granollers,8403,Barcelona,Granollers
Peugeot,e-2008,Eléctrico,30481.0,136.0,automatic,29900,Vigo,36214,Pontevedra,Vigo
Peugeot,e-2008,Eléctrico,30481.0,136.0,automatic,29900,Estepona,29680,Málaga,Estepona
Peugeot,e-2008,Eléctrico,30481.0,136.0,automatic,29900,Castello/Castellon de La Plana,12100,Castellón,Castello/Castellon de La Plana
Peugeot,e-2008,Eléctrico,30481.0,136.0,automatic,29900,Santafe,18320,Granada,Santafe
Volkswagen,Tiguan Allspace,Diésel,57923.0,150.0,manual,30500,Lebrija,41740,Sevilla,Lebrija
Volkswagen,Tiguan Allspace,Diésel,93000.0,150.0,manual,24999,Bormujos,41930,Sevilla,Bormujos
Volkswagen,Tiguan Allspace,Diésel,93000.0,150.0,manual,24999,Valencia,46002,Valencia,Valencia
Volkswagen,Tiguan Allspace,Diésel,109086.0,149.0,automatic,29900,Valladolid,47011,Valladolid,Valladolid
Peugeot,508,Diésel,139000.0,130.0,manual,16990,Vigo,36211,Pontevedra,Vigo
Peugeot,508,Diésel,139000.0,130.0,manual,16490,Vigo,36211,Pontevedra,Vigo
Peugeot,508,Diésel,139000.0,130.0,manual,16990,Murcia,30005,Murcia,Murcia
Peugeot,508,Diésel,139000.0,130.0,manual,16490,Murcia,30005,Murcia,Murcia
Volkswagen,Tiguan Allspace,Gasolina,69409.0,180.0,automatic,35900,Olèrdola,8734,Barcelona,Olèrdola
Volkswagen,Tiguan Allspace,Gasolina,69409.0,180.0,automatic,35900,Olèrdola,8734,Barcelona,Olèrdola
Volkswagen,Tiguan Allspace,Gasolina,69409.0,180.0,automatic,35900,Santa Maria del Aguila,4710,Almería,Santa Maria del Aguila
Volkswagen,Tiguan Allspace,Gasolina,69409.0,180.0,automatic,35900,Sant Vicenç de Montalt,8394,Barcelona,Sant Vicenç de Montalt
Volkswagen,Tiguan Allspace,Diésel,113000.0,149.0,manual,27950,Bormujos,41930,Sevilla,Bormujos
Volkswagen,Tiguan Allspace,Diésel,79000.0,149.0,manual,28850,Valdefuentes,28939,Madrid,Valdefuentes
Volkswagen,Tiguan Allspace,Diésel,79000.0,149.0,manual,28850,Valdefuentes,28939,Madrid,Valdefuentes
Volkswagen,Tiguan Allspace,Diésel,168000.0,150.0,manual,26900,La Sénia,43560,Tarragona,La Sénia
Volkswagen,Tiguan Allspace,Diésel,168000.0,150.0,manual,25900,La Sénia,43560,Tarragona,La Sénia
Volkswagen,Golf Cabrio,Gasolina,156000.0,112.0,manual,10390,Leganés,28916,Madrid,Leganés
Volkswagen,Tiguan Allspace,Diésel,106408.0,150.0,automatic,35490,Lebrija,41740,Sevilla,Lebrija
Subaru,Outback,Diésel,170000.0,150.0,automatic,18990,Sevilla,41001,Sevilla,Sevilla
Subaru,Outback,Gasolina,160000.0,165.0,manual,6490,Barcelona,8016,Barcelona,Barcelona
Subaru,Outback,Gasolina,66726.0,175.0,automatic,28635,Olèrdola,8734,Barcelona,Olèrdola
Subaru,Outback,Gasolina,66726.0,175.0,automatic,28635,Olèrdola,8734,Barcelona,Olèrdola
Subaru,Outback,Gasolina,66726.0,175.0,automatic,28635,Santa Maria del Aguila,4710,Almería,Santa Maria del Aguila
Subaru,Outback,Gasolina,66726.0,175.0,automatic,28635,Sant Vicenç de Montalt,8394,Barcelona,Sant Vicenç de Montalt
Subaru,Outback,Gasolina,39731.0,175.0,automatic,27490,Almería,4006,Almería,Almería
Peugeot,1007,Diésel,111000.0,70.0,manual,4999,Albal,46470,Valencia,Albal
Peugeot,1007,Diésel,111000.0,70.0,manual,4999,Albal,46470,Valencia,Albal
Peugeot,1007,Diésel,111000.0,70.0,manual,4999,Albal,46470,Valencia,Albal
Peugeot,1007,Diésel,111000.0,70.0,manual,4999,Albal,46470,Valencia,Albal
Peugeot,1007,Gasolina,177000.0,110.0,automatic,5500,Estepona,29680,Málaga,Estepona
Mazda,CX-7,Diésel,130000.0,173.0,manual,12500,El Prat de Llobregat,8820,Barcelona,El Prat de Llobregat
Subaru,XV,Diésel,100000.0,147.0,manual,16590,Valencia,46001,Valencia,Valencia
Volkswagen,Scirocco,Diésel,273450.0,140.0,manual,8450,Fuenlabrada,28945,Madrid,Fuenlabrada
Subaru,XV,Diésel,100000.0,147.0,manual,16590,Alicante,3010,Alicante,Alicante
Subaru,XV,Diésel,100000.0,147.0,manual,16590,Alicante,3010,Murcia,Alicante
Subaru,XV,Gasolina,10312.0,114.0,automatic,23490,Granada,18005,Granada,Granada
Subaru,XV,Diésel,100000.0,147.0,manual,16590,Málaga,29005,Málaga,Málaga
Subaru,XV,Diésel,100000.0,147.0,manual,16590,Camarma de Esteruelas,28816,Madrid,Camarma de Esteruelas
Subaru,XV,Diésel,100000.0,147.0,manual,16590,Camarma de Esteruelas,28816,Madrid,Camarma de Esteruelas
Subaru,XV,Diésel,100000.0,147.0,manual,16590,Collado Villalba,28400,Madrid,Collado Villalba
Subaru,XV,Diésel,100000.0,147.0,manual,16590,Collado Villalba,28400,Madrid,Collado Villalba
Subaru,XV,Diésel,100000.0,147.0,manual,16590,Fuenlabrada,28947,Madrid,Fuenlabrada
Subaru,XV,Diésel,100000.0,147.0,manual,16590,Las Rozas de Madrid,28232,Madrid,Las Rozas de Madrid
Peugeot,208,Gasolina,130000.0,82.0,manual,6600,Lorca,30815,Murcia,Lorca
Peugeot,RCZ,Diésel,145689.0,163.0,manual,12990,Atarrabia,31610,Navarra,Atarrabia
Peugeot,RCZ,Diésel,145689.0,163.0,manual,12990,Santiago de Compostela,15703,A Coruña,Santiago de Compostela
Peugeot,208,Diésel,62162.0,100.0,manual,12535,Las Rozas de Madrid,28232,Madrid,Las Rozas de Madrid
Peugeot,RCZ,Diésel,145689.0,163.0,manual,12990,Sant Vicenç de Montalt,8394,Barcelona,Sant Vicenç de Montalt
Peugeot,RCZ,Diésel,145689.0,163.0,manual,12990,Barcelona,8007,Barcelona,Barcelona
Peugeot,RCZ,Diésel,145689.0,163.0,manual,12990,Santa Maria del Aguila,4710,Almería,Santa Maria del Aguila
Peugeot,RCZ,Diésel,145689.0,163.0,manual,12990,Torremolinos,29620,Málaga,Torremolinos
Peugeot,RCZ,Diésel,145689.0,163.0,manual,12990,Torremolinos,29620,Málaga,Torremolinos
Peugeot,RCZ,Diésel,145689.0,163.0,manual,12990,Torremolinos,29620,Málaga,Torremolinos
Volkswagen,Arteon,Gasolina,45000.0,190.0,automatic,37999,San Sebastián de Los Reyes,28703,Madrid,San Sebastián de Los Reyes
Volkswagen,Arteon,Diésel,94752.0,150.0,automatic,25990,Almería,4006,Almería,Almería
Volkswagen,Arteon,Diésel,94752.0,150.0,automatic,25990,Bilbao,48004,Bizkaia,Bilbao
Volkswagen,Arteon,Diésel,94752.0,150.0,automatic,25990,Sevilla,41005,Sevilla,Sevilla
Volkswagen,Arteon,Diésel,94752.0,150.0,automatic,25990,Alicante,3010,Alicante,Alicante
Volkswagen,Arteon,Diésel,94752.0,150.0,automatic,25990,Alicante,3010,Murcia,Alicante
Volkswagen,Arteon,Diésel,94752.0,150.0,automatic,25990,Valencia,46001,Valencia,Valencia
Volkswagen,Arteon,Diésel,94752.0,150.0,automatic,25990,Tarragona,43006,Tarragona,Tarragona
Volkswagen,Arteon,Diésel,106000.0,150.0,manual,23500,Bormujos,41930,Sevilla,Bormujos
Subaru,Levorg,Gasolina,48000.0,170.0,automatic,20990,Vigo,36211,Pontevedra,Vigo
Subaru,Levorg,Gasolina,48000.0,170.0,automatic,20990,Palau-Solita I Plegamans,8184,Barcelona,Palau-Solita I Plegamans
Subaru,Levorg,Gasolina,48000.0,170.0,automatic,20990,Palau-Solita I Plegamans,8184,Barcelona,Palau-Solita I Plegamans
Subaru,Levorg,Gasolina,48000.0,170.0,automatic,20990,Alicante,3010,Alicante,Alicante
Subaru,Levorg,Gasolina,48000.0,170.0,automatic,20990,Alicante,3010,Murcia,Alicante
Subaru,Levorg,Gasolina,48000.0,170.0,automatic,20990,Tarragona,43006,Tarragona,Tarragona
Volkswagen,Crafter,Diésel,158900.0,109.0,manual,18890,Granada,18005,Granada,Granada
Volkswagen,Beetle,Diésel,29112.0,105.0,manual,14900,Santafe,18320,Granada,Santafe
Volkswagen,Jetta,Diésel,108981.0,110.0,manual,8990,Bilbao,48004,Bizkaia,Bilbao
Volkswagen,Taigo,Gasolina,10166.0,95.0,manual,20990,Sevilla,41017,Sevilla,Sevilla
Volkswagen,Taigo,Gasolina,10166.0,95.0,manual,20990,Murcia,30005,Murcia,Murcia
Volkswagen,Taigo,Gasolina,10166.0,95.0,manual,20990,Almería,4006,Almería,Almería
Volkswagen,Taigo,Gasolina,11730.0,110.0,automatic,26700,Artatza,48940,Bizkaia,Artatza
Porsche,Cayenne,Diésel,198000.0,245.0,automatic,24990,Daimiel,13250,Ciudad Real,Daimiel
Porsche,Cayenne,Gasolina,224000.0,450.0,automatic,13490,Tordera,8490,Barcelona,Tordera
Volkswagen,Golf Plus,Diésel,102043.0,105.0,manual,7490,Urbanizacion Las Colinas,19170,Guadalajara,Urbanizacion Las Colinas
Volkswagen,Golf Plus,Gasolina,168000.0,122.0,automatic,7999,Llerona,8520,Barcelona,Llerona
Peugeot,108,Gasolina,74924.0,69.0,automatic,12535,Santafe,18320,Granada,Santafe
Peugeot,108,Gasolina,74924.0,69.0,automatic,12535,Estepona,29680,Málaga,Estepona
Peugeot,108,Gasolina,39469.0,72.0,manual,12592,Santafe,18320,Granada,Santafe
Peugeot,108,Gasolina,39469.0,72.0,manual,12592,Estepona,29680,Málaga,Estepona
Subaru,Legacy,Gasolina,154375.0,245.0,automatic,10390,Alcobendas,28100,Madrid,Alcobendas
Peugeot,107,Gasolina,183000.0,70.0,automatic,4500,Badalona,8911,Barcelona,Badalona
Peugeot,107,Gasolina,97324.0,68.0,manual,5999,Barcelona,8007,Barcelona,Barcelona
Peugeot,107,Gasolina,97324.0,68.0,manual,5699,Barcelona,8007,Barcelona,Barcelona
Subaru,Legacy,Gasolina,235000.0,156.0,manual,3490,Fuenlabrada,28946,Madrid,Fuenlabrada
Subaru,Legacy,Gasolina,170000.0,165.0,automatic,4900,Barcelona,8006,Barcelona,Barcelona
Suzuki,Grand Vitara,Diésel,96842.0,129.0,manual,11900,Santiago de Compostela,15703,A Coruña,Santiago de Compostela
Volkswagen,Polo,Diésel,100000.0,75.0,manual,7990,Vigo,36211,Pontevedra,Vigo
Suzuki,Grand Vitara,Diésel,155000.0,110.0,manual,7950,Sant Joan les Fonts,17857,Girona,Sant Joan les Fonts
Suzuki,Grand Vitara,Diésel,96842.0,129.0,manual,11900,Atarrabia,31610,Navarra,Atarrabia
Suzuki,Grand Vitara,Diésel,96842.0,129.0,manual,11900,Mercado Parque Corredor del Henares,28850,Madrid,Mercado Parque Corredor del Henares
Volkswagen,Fox,Gasolina,123000.0,75.0,manual,3999,Bolaños de Calatrava,13260,Ciudad Real,Bolaños de Calatrava
Volkswagen,Fox,Gasolina,123000.0,75.0,manual,3999,Bolaños de Calatrava,13260,Ciudad Real,Bolaños de Calatrava
Peugeot,Bipper,Diésel,66900.0,75.0,manual,9950,Torrevieja,3204,Alicante,Torrevieja
Volkswagen,Golf Sportsvan,Diésel,178727.0,110.0,automatic,9990,Málaga,29005,Málaga,Málaga
Volkswagen,Golf Sportsvan,Diésel,178727.0,110.0,automatic,9990,Sevilla,41005,Sevilla,Sevilla
Volkswagen,T-Cross,Diésel,71962.0,95.0,manual,18890,Madrid,28021,Madrid,Madrid
Volkswagen,T-Cross,Diésel,71962.0,95.0,manual,18490,Madrid,28021,Madrid,Madrid
Volkswagen,T-Cross,Gasolina,24884.0,95.0,manual,20200,Málaga,29004,Málaga,Málaga
Volkswagen,T-Cross,Gasolina,24884.0,95.0,manual,19900,Málaga,29004,Málaga,Málaga
Volkswagen,T-Cross,Gasolina,20565.0,95.0,manual,21400,Málaga,29004,Málaga,Málaga
Volkswagen,T-Cross,Gasolina,20565.0,95.0,manual,21200,Málaga,29004,Málaga,Málaga
Porsche,Cayman,Gasolina,102680.0,295.0,automatic,28990,Las Rozas de Madrid,28232,Madrid,Las Rozas de Madrid
Porsche,Cayman,Gasolina,83056.0,265.0,automatic,38900,Madrid,28045,Madrid,Madrid
Porsche,Cayman,Gasolina,83056.0,265.0,automatic,36900,Madrid,28045,Madrid,Madrid
Subaru,Impreza,Gasolina,100100.0,114.0,automatic,14680,Valencia,46001,Valencia,Valencia
Subaru,Impreza,Gasolina,100100.0,114.0,automatic,14490,Valencia,46001,Valencia,Valencia
Subaru,Impreza,Gasolina,100100.0,114.0,automatic,14680,Palma de Mallorca,7003,Baleares,Palma de Mallorca
Subaru,Impreza,Gasolina,100100.0,114.0,automatic,14490,Palma de Mallorca,7003,Baleares,Palma de Mallorca
Subaru,Impreza,Gasolina,100100.0,114.0,automatic,14680,Vigo,36211,Pontevedra,Vigo
Subaru,Impreza,Gasolina,100100.0,114.0,automatic,14490,Vigo,36211,Pontevedra,Vigo
Subaru,Impreza,Gasolina,100100.0,114.0,automatic,14680,Bilbao,48004,Bizkaia,Bilbao
Subaru,Impreza,Gasolina,100100.0,114.0,automatic,14490,Bilbao,48004,Bizkaia,Bilbao
Volkswagen,Amarok,Diésel,110000.0,180.0,manual,22990,Irún,20305,Gipuzkoa,Irún
Volkswagen,Amarok,Diésel,15500.0,163.0,manual,36990,Cornella de Llobregat,8940,Barcelona,Cornella de Llobregat
Volkswagen,Amarok,Diésel,107097.0,204.0,automatic,36900,Sant Vicenç de Montalt,8394,Barcelona,Sant Vicenç de Montalt
Volkswagen,Amarok,Diésel,107097.0,204.0,automatic,36900,Torremolinos,29620,Málaga,Torremolinos
Volkswagen,Amarok,Diésel,107097.0,204.0,automatic,36900,Torremolinos,29620,Málaga,Torremolinos
Volkswagen,Amarok,Diésel,107097.0,204.0,automatic,36900,Torremolinos,29620,Málaga,Torremolinos
Volkswagen,Amarok,Diésel,107097.0,204.0,automatic,36900,Collado Villalba,28400,Madrid,Collado Villalba
Volkswagen,Amarok,Diésel,107097.0,204.0,automatic,36900,Collado Villalba,28400,Madrid,Collado Villalba
Volkswagen,Amarok,Diésel,107097.0,204.0,automatic,36900,Badajoz,6008,Badajoz,Badajoz
Volkswagen,CC,Diésel,174400.0,140.0,automatic,11790,Alicante,3010,Alicante,Alicante
Volkswagen,CC,Diésel,174400.0,140.0,automatic,11790,Alicante,3010,Murcia,Alicante
Volkswagen,CC,Diésel,89995.0,140.0,automatic,16490,Vigo,36211,Pontevedra,Vigo
Volkswagen,CC,Diésel,89995.0,140.0,automatic,15990,Vigo,36211,Pontevedra,Vigo
Volkswagen,CC,Diésel,174400.0,140.0,automatic,11790,Granada,18005,Granada,Granada
Volkswagen,CC,Diésel,150808.0,140.0,manual,13890,Murcia,30005,Murcia,Murcia
Volkswagen,CC,Diésel,150808.0,140.0,manual,13890,Granada,18005,Granada,Granada
Volkswagen,CC,Diésel,89995.0,140.0,automatic,16490,Sevilla,41005,Sevilla,Sevilla
Volkswagen,CC,Diésel,89995.0,140.0,automatic,15990,Sevilla,41005,Sevilla,Sevilla
Suzuki,Baleno,Gasolina,44000.0,112.0,automatic,13995,San Fernando de Henares,28830,Madrid,San Fernando de Henares
Suzuki,Baleno,Gasolina,44000.0,112.0,automatic,13995,Parets del Vallès,8150,Barcelona,Parets del Vallès
Volkswagen,Tiguan,Diésel,96992.0,110.0,manual,19435,Alzira,46600,Valencia,Alzira
Volkswagen,Tiguan,Diésel,96992.0,110.0,manual,19435,Alzira,46600,Valencia,Alzira
Volkswagen,Tiguan,Diésel,42387.0,150.0,automatic,34500,Alzira,46600,Valencia,Alzira
Volkswagen,Tiguan,Diésel,42387.0,150.0,automatic,34500,Alzira,46600,Valencia,Alzira
Volkswagen,Tiguan,Gasolina,145548.0,150.0,manual,10900,Getafe,28906,Madrid,Getafe
Volkswagen,Tiguan,Diésel,96992.0,110.0,manual,19435,Getafe,28906,Madrid,Getafe
Volkswagen,Transporter,Diésel,351000.0,78.0,manual,3800,Cornella del Terri,17844,Girona,Cornella del Terri
Volkswagen,Golf,Diésel,110396.0,115.0,manual,12990,Granada,18005,Granada,Granada
Volkswagen,Golf,Diésel,164000.0,184.0,manual,19990,Alicante,3010,Alicante,Alicante
Volkswagen,Golf,Diésel,164000.0,184.0,manual,19990,Alicante,3010,Murcia,Alicante
Volkswagen,Transporter T6,Diésel,187000.0,150.0,manual,35500,Sant Quirze de Besora,8580,Barcelona,Sant Quirze de Besora
Abarth,595,Gasolina,74000.0,160.0,manual,16900,Manresa,8240,Barcelona,Manresa
Volkswagen,Transporter T6,Diésel,50918.0,110.0,manual,27000,Torrejón de Ardoz,28850,Madrid,Torrejón de Ardoz
Chevrolet,Matiz,Gasolina,105184.0,65.0,manual,2070,Madrid,28026,Madrid,Madrid
Chevrolet,Matiz,Gasolina,65000.0,51.0,manual,3200,Perillo,15172,A Coruña,Perillo
Audi,S6,Gasolina,135719.0,420.0,automatic,30990,Sevilla,41005,Sevilla,Sevilla
Audi,S6,Gasolina,135719.0,420.0,automatic,30990,Bilbao,48004,Bizkaia,Bilbao
Audi,S5,Gasolina,165606.0,333.0,automatic,30990,Algeciras,11202,Cádiz,Algeciras
Audi,S5,Gasolina,165606.0,333.0,automatic,31990,Algeciras,11202,Cádiz,Algeciras
Audi,S5,Gasolina,165606.0,333.0,automatic,30990,Marbella,29601,Málaga,Marbella
Audi,S5,Gasolina,165606.0,333.0,automatic,31990,Marbella,29601,Málaga,Marbella
Bentley,Continental,Gasolina,215000.0,560.0,automatic,32000,El Esparragal,30163,Murcia,El Esparragal
Alfa Romeo,Giulia,Diésel,99950.0,136.0,manual,523,Valencia,46005,Valencia,Valencia
Alfa Romeo,Giulia,Diésel,99950.0,136.0,manual,18850,Bormujos,41930,Sevilla,Bormujos
Alfa Romeo,Giulia,Diésel,99950.0,136.0,manual,18850,Terrassa,8223,Barcelona,Terrassa
Alfa Romeo,Giulia,Diésel,99950.0,136.0,manual,18850,Burjassot,46100,Valencia,Burjassot
Abarth,500,Gasolina,28500.0,165.0,manual,19990,Málaga,29005,Málaga,Málaga
Abarth,500,Gasolina,28500.0,165.0,manual,19490,Málaga,29005,Málaga,Málaga
Abarth,500,Gasolina,38838.0,179.0,manual,24899,Madrid,28014,Madrid,Madrid
Abarth,500,Gasolina,38838.0,179.0,manual,24899,Barcelona,8007,Barcelona,Barcelona
Abarth,500,Gasolina,82338.0,135.0,manual,13399,Madrid,28014,Madrid,Madrid
Abarth,500,Gasolina,28500.0,165.0,manual,19490,Palau-Solita I Plegamans,8184,Barcelona,Palau-Solita I Plegamans
Abarth,500,Gasolina,28500.0,165.0,manual,19490,Palau-Solita I Plegamans,8184,Barcelona,Palau-Solita I Plegamans
Audi,A6 Allroad,Diésel,246682.0,218.0,automatic,23408,Mercabilbao,48970,Bizkaia,Mercabilbao
Audi,A6 Allroad,Diésel,246682.0,218.0,automatic,23408,Las Rozas de Madrid,28232,Madrid,Las Rozas de Madrid
Abarth,124 Spider,Gasolina,41432.0,170.0,automatic,27199,Madrid,28014,Madrid,Madrid
Abarth,124 Spider,Gasolina,41432.0,170.0,automatic,26499,Madrid,28014,Madrid,Madrid
Alfa Romeo,Giulietta,Diésel,122930.0,120.0,manual,10890,Granada,18005,Granada,Granada
Alfa Romeo,Giulietta,Diésel,122930.0,120.0,manual,10890,Bilbao,48004,Bizkaia,Bilbao
Alfa Romeo,Giulietta,Diésel,122930.0,120.0,manual,10890,Valencia,46001,Valencia,Valencia
Alfa Romeo,Giulietta,Diésel,122930.0,120.0,manual,10890,Sevilla,41005,Sevilla,Sevilla
Alfa Romeo,Giulietta,Diésel,122930.0,120.0,manual,10890,Armentia,1007,Álava,Armentia
Alfa Romeo,Stelvio,Diésel,40103.0,190.0,automatic,38525,Alicante,3007,Alicante,Alicante
Alfa Romeo,Stelvio,Diésel,40103.0,190.0,automatic,38525,Torremolinos,29620,Málaga,Torremolinos
Alfa Romeo,Stelvio,Diésel,40103.0,190.0,automatic,38525,Torremolinos,29620,Málaga,Torremolinos
Alfa Romeo,Stelvio,Diésel,40103.0,190.0,automatic,38525,Torremolinos,29620,Málaga,Torremolinos
Alfa Romeo,Stelvio,Diésel,40103.0,190.0,automatic,38525,Mercabilbao,48970,Bizkaia,Mercabilbao
Alfa Romeo,Stelvio,Diésel,40103.0,190.0,automatic,38525,Granollers,8403,Barcelona,Granollers
Alfa Romeo,Stelvio,Diésel,40103.0,190.0,automatic,38525,Albacete,2001,Albacete,Albacete
Alfa Romeo,147,Diésel,120.0,150.0,manual,4800,Sagunt/Sagunto,46500,Valencia,Sagunt/Sagunto
Alfa Romeo,147,Diésel,120.0,150.0,manual,4250,Sagunt/Sagunto,46500,Valencia,Sagunt/Sagunto
Alfa Romeo,GT,Diésel,209000.0,150.0,manual,2500,Manresa,8242,Barcelona,Manresa
Alfa Romeo,MiTO,Diésel,62199.0,95.0,manual,12800,Antequera,29200,Málaga,Antequera
Alfa Romeo,MiTO,Diésel,62199.0,95.0,manual,13300,Antequera,29200,Málaga,Antequera
Alfa Romeo,Spider,Diésel,116506.0,200.0,manual,12800,Mercado Parque Corredor del Henares,28850,Madrid,Mercado Parque Corredor del Henares
Alfa Romeo,Spider,Diésel,116506.0,200.0,manual,12800,Alicante,3007,Alicante,Alicante
Alfa Romeo,Spider,Diésel,116506.0,200.0,manual,12800,Mercabilbao,48970,Bizkaia,Mercabilbao
Alfa Romeo,Spider,Diésel,116506.0,200.0,manual,12800,Getafe,28906,Madrid,Getafe
Alfa Romeo,Spider,Diésel,116506.0,200.0,manual,12800,Albacete,2001,Albacete,Albacete
Alfa Romeo,146,Gasolina,156100.0,120.0,manual,1990,Málaga,29004,Málaga,Málaga
Alfa Romeo,145,Gasolina,128808.0,120.0,manual,990,Madrid,28026,Madrid,Madrid
Audi,Q2,Diésel,96000.0,150.0,automatic,25990,Móstoles,28932,Madrid,Móstoles
Audi,Q2,Gasolina,30826.0,150.0,automatic,25950,Las Rozas de Madrid,28232,Madrid,Las Rozas de Madrid
Audi,Q2,Gasolina,30826.0,150.0,automatic,25950,Leganés,28916,Madrid,Leganés
Audi,Q2,Gasolina,30826.0,150.0,automatic,25950,Madrid,28046,Madrid,Madrid
Audi,Q2,Gasolina,22000.0,149.0,manual,597,Madrid,28006,Madrid,Madrid
Audi,S8,Gasolina,255000.0,520.0,automatic,30900,Don Benito,6400,Badajoz,Don Benito
Audi,A5,Diésel,149000.0,190.0,automatic,19340,Alicante,3010,Alicante,Alicante
Audi,A5,Diésel,149000.0,190.0,automatic,19340,Alicante,3010,Murcia,Alicante
Audi,A5,Diésel,149000.0,190.0,automatic,19340,Murcia,30005,Murcia,Murcia
Audi,A5,Diésel,149000.0,190.0,automatic,19340,Bilbao,48004,Bizkaia,Bilbao
Audi,A5,Diésel,149000.0,190.0,automatic,19340,Valencia,46001,Valencia,Valencia
Audi,A5,Diésel,149000.0,190.0,automatic,19340,Colonia Pablo Iglesias,28520,Madrid,Colonia Pablo Iglesias
Audi,A5,Diésel,149000.0,190.0,automatic,19340,Villaviciosa de Odón,28670,Madrid,Villaviciosa de Odón
Audi,Q3,Diésel,67000.0,149.0,manual,673,Valencia,46005,Valencia,Valencia
Audi,Q3,Diésel,112000.0,149.0,manual,605,Valencia,46005,Valencia,Valencia
Audi,Q3,Diésel,109000.0,149.0,manual,552,Madrid,28006,Madrid,Madrid
Audi,Q3,Diésel,111000.0,150.0,automatic,19990,Almería,4006,Almería,Almería
Audi,Q3,Diésel,79990.0,150.0,manual,21990,Málaga,29005,Málaga,Málaga
Audi,A1,Diésel,145471.0,90.0,manual,14087,Alicante,3007,Alicante,Alicante
Audi,A1,Diésel,145471.0,90.0,manual,14087,Getafe,28906,Madrid,Getafe
Audi,A1,Diésel,145471.0,90.0,manual,14087,Torremolinos,29620,Málaga,Torremolinos
Audi,A1,Diésel,145471.0,90.0,manual,14087,Torremolinos,29620,Málaga,Torremolinos
Audi,A1,Diésel,145471.0,90.0,manual,14087,Torremolinos,29620,Málaga,Torremolinos
Audi,A7,Diésel,236803.0,245.0,automatic,17490,Granada,18005,Granada,Granada
Audi,RS Q3,Gasolina,129000.0,310.0,manual,29990,Palamós,17230,Girona,Palamós
Audi,A3,Diésel,148000.0,110.0,automatic,15560,Granada,18005,Granada,Granada
Audi,A3,Diésel,163616.0,110.0,manual,11990,Cáceres,10001,Cáceres,Cáceres
Audi,A3,Diésel,163616.0,110.0,manual,11990,Huelva,21004,Huelva,Huelva
Audi,A3,Diésel,163616.0,110.0,manual,11990,Badajoz,6003,Badajoz,Badajoz
Audi,A3,Diésel,163616.0,110.0,manual,11990,Córdoba,14003,Córdoba,Córdoba
Audi,Q7,Diésel,295000.0,240.0,automatic,14999,Sevilla,41003,Sevilla,Sevilla
Audi,Q7,Diésel,295000.0,240.0,automatic,13999,Sevilla,41003,Sevilla,Sevilla
Audi,Q5,Diésel,99723.0,163.0,automatic,33900,Valladolid,47011,Valladolid,Valladolid
Audi,A8,Gasolina,55511.0,420.0,automatic,28290,Madrid,28021,Madrid,Madrid
Audi,S1,Gasolina,103050.0,231.0,manual,19990,Granada,18005,Granada,Granada
Audi,S1,Gasolina,103050.0,231.0,manual,19990,Vigo,36211,Pontevedra,Vigo
Audi,TT,Gasolina,55120.0,180.0,automatic,25990,Vigo,36211,Pontevedra,Vigo
Audi,RS5,Gasolina,141000.0,450.0,automatic,31990,Marbella,29601,Málaga,Marbella
Audi,A4,Gasolina,148390.0,180.0,manual,10990,Barcelona,8007,Barcelona,Barcelona
Audi,A4,Gasolina,148390.0,180.0,manual,10990,Collado Villalba,28400,Madrid,Collado Villalba
Audi,A4,Gasolina,148390.0,180.0,manual,10990,Collado Villalba,28400,Madrid,Collado Villalba
Audi,A4,Gasolina,148390.0,180.0,manual,10990,Las Rozas de Madrid,28232,Madrid,Las Rozas de Madrid
Audi,A4,Diésel,81780.0,150.0,automatic,18990,Sevilla,41005,Sevilla,Sevilla
Audi,A4,Gasolina,148390.0,180.0,manual,10990,Paterna,46980,Valencia,Paterna
Audi,A4,Gasolina,148390.0,180.0,manual,10990,Zaragoza,50013,Zaragoza,Zaragoza
Chevrolet,Lacetti,Diésel,199000.0,125.0,manual,2850,Málaga,29004,Málaga,Málaga
Chevrolet,Lacetti,Diésel,141055.0,121.0,manual,3799,Benimamet,46035,Valencia,Benimamet
Opel,Mokka,Gasolina,7950.0,130.0,manual,20990,Sevilla,41005,Sevilla,Sevilla
Opel,Mokka,Gasolina,7950.0,130.0,manual,20990,Alicante,3010,Alicante,Alicante
Opel,Mokka,Gasolina,7950.0,130.0,manual,20990,Alicante,3010,Murcia,Alicante
Daewoo,Kalos,Gasolina,200000.0,83.0,manual,1599,El Caleyu,33934,Asturias,El Caleyu
Opel,Insignia,Gasolina,23481.0,200.0,automatic,29555,Mercado Parque Corredor del Henares,28850,Madrid,Mercado Parque Corredor del Henares
Opel,Insignia,Diésel,57000.0,136.0,manual,235,Gandía,46701,Valencia,Gandía
Opel,Insignia,Diésel,57000.0,136.0,manual,438,Sevilla,41018,Sevilla,Sevilla
Opel,Insignia,Diésel,79430.0,136.0,manual,379,Madrid,28014,Madrid,Madrid
Opel,Insignia,Diésel,170000.0,136.0,manual,9900,Benetússer,46910,Valencia,Benetússer
Opel,Insignia,Diésel,170000.0,136.0,manual,9900,Benetússer,46910,Valencia,Benetússer
Opel,Insignia,Diésel,170000.0,136.0,manual,9900,Benetússer,46910,Valencia,Benetússer
Opel,Insignia,Diésel,170000.0,136.0,manual,9900,Benetússer,46910,Valencia,Benetússer
Volkswagen,Golf,Diésel,139741.0,115.0,automatic,18500,Benicarló,12580,Castellón,Benicarló
Volkswagen,Golf,Gasolina,36426.0,150.0,manual,25070,Santiago de Compostela,15703,A Coruña,Santiago de Compostela
Volkswagen,Golf,Gasolina,36426.0,150.0,manual,25070,Mercado Parque Corredor del Henares,28850,Madrid,Mercado Parque Corredor del Henares
Volkswagen,Golf,Diésel,73000.0,115.0,manual,430,Barcelona,8007,Barcelona,Barcelona
Volkswagen,Golf,Diésel,88000.0,115.0,manual,431,Barcelona,8009,Barcelona,Barcelona
Volkswagen,Golf,Gasolina,57674.0,150.0,automatic,21490,Madrid,28021,Madrid,Madrid
Volkswagen,Golf,Gasolina,57674.0,150.0,automatic,21690,Madrid,28021,Madrid,Madrid
Volkswagen,Golf,Gasolina,36426.0,150.0,manual,25070,Ciudad Real,13003,Ciudad Real,Ciudad Real
Volkswagen,Golf,Gasolina,36426.0,150.0,manual,25070,Estepona,29680,Málaga,Estepona
Volkswagen,Golf,Gasolina,36426.0,150.0,manual,25070,Sant Vicenç de Montalt,8394,Barcelona,Sant Vicenç de Montalt
Volkswagen,Golf,Gasolina,36426.0,150.0,manual,25070,Santa Maria del Aguila,4710,Almería,Santa Maria del Aguila
Volkswagen,Golf,Gasolina,28246.0,230.0,manual,24990,Vigo,36211,Pontevedra,Vigo
Volkswagen,Golf,Gasolina,28246.0,230.0,manual,24990,Granada,18005,Granada,Granada
Opel,Insignia,Diésel,175208.0,160.0,manual,6300,Baza,18800,Granada,Baza
Opel,Insignia,Diésel,82501.0,170.0,automatic,21700,La Poveda,28500,Madrid,La Poveda
Opel,Insignia,Diésel,118273.0,136.0,manual,13690,Barcelona,8041,Barcelona,Barcelona
Opel,Insignia,Diésel,118273.0,136.0,manual,13690,Getafe,28903,Madrid,Getafe
Opel,Insignia,Diésel,118273.0,136.0,manual,13690,San Sebastián de Los Reyes,28700,Madrid,San Sebastián de Los Reyes
Opel,Insignia,Diésel,118273.0,136.0,manual,13690,Alcorcón,28924,Madrid,Alcorcón
Opel,Insignia,Diésel,129000.0,140.0,manual,10975,Palencia,34002,Palencia,Palencia
Opel,Insignia,Diésel,107911.0,110.0,manual,17500,Aldea Nova,15220,A Coruña,Aldea Nova
Opel,KARL,Gasolina,67033.0,75.0,manual,8990,Vigo,36211,Pontevedra,Vigo
Abarth,595,Gasolina,23775.0,165.0,manual,21399,Cerdanyola del Vallès,8290,Barcelona,Cerdanyola del Vallès
Abarth,595,Gasolina,23775.0,165.0,manual,21399,Tarragona,43006,Tarragona,Tarragona
Abarth,595,Gasolina,66123.0,140.0,manual,16990,Lloret de Mar,17310,Girona,Lloret de Mar
Opel,KARL,Gasolina,67033.0,75.0,manual,8990,Sevilla,41005,Sevilla,Sevilla
Opel,KARL,Gasolina,67033.0,75.0,manual,8990,Bilbao,48004,Bizkaia,Bilbao
Opel,KARL,Gasolina,67033.0,75.0,manual,8990,Alicante,3010,Alicante,Alicante
Opel,KARL,Gasolina,67033.0,75.0,manual,8990,Alicante,3010,Murcia,Alicante
Alfa Romeo,147,Gasolina,170000.0,105.0,manual,2999,Barcelona,8015,Barcelona,Barcelona
Opel,KARL,Gasolina,67033.0,75.0,manual,8990,Granada,18005,Granada,Granada
Opel,KARL,Gasolina,67033.0,75.0,manual,8990,Málaga,29005,Málaga,Málaga
Opel,KARL,Gasolina,67033.0,75.0,manual,8990,Murcia,30005,Murcia,Murcia
Opel,KARL,Gasolina,67033.0,75.0,manual,8990,Armentia,1007,Álava,Armentia
Opel,KARL,Gasolina,67033.0,75.0,manual,8990,Santander,39010,Cantabria,Santander
Opel,KARL,Gasolina,84580.0,75.0,manual,10900,Granollers,8401,Barcelona,Granollers
KIA,Sorento,Diésel,177280.0,200.0,manual,20185,Santafe,18320,Granada,Santafe
KIA,Sorento,Diésel,177280.0,200.0,manual,20185,Puerto de Sagunto,46520,Valencia,Puerto de Sagunto
KIA,Sorento,Diésel,177280.0,200.0,manual,20185,Valdepeñas,13300,Ciudad Real,Valdepeñas
KIA,Sorento,Diésel,177280.0,200.0,manual,20185,Valdepeñas,13300,Ciudad Real,Valdepeñas
KIA,Sorento,Diésel,177280.0,200.0,manual,20185,Saladar,3700,Alicante,Saladar
KIA,Sorento,Diésel,177280.0,200.0,manual,20185,Vigo,36214,Pontevedra,Vigo
KIA,Sorento,Diésel,177280.0,200.0,manual,20185,Granollers,8403,Barcelona,Granollers
KIA,Sorento,Diésel,177280.0,200.0,manual,20185,Olèrdola,8734,Barcelona,Olèrdola
KIA,Sorento,Diésel,177280.0,200.0,manual,20185,Olèrdola,8734,Barcelona,Olèrdola
KIA,Sorento,Diésel,177280.0,200.0,manual,20185,Colonia Pablo Iglesias,28520,Madrid,Colonia Pablo Iglesias
KIA,Sorento,Diésel,177280.0,200.0,manual,20185,Torremolinos,29620,Málaga,Torremolinos
KIA,Sorento,Diésel,177280.0,200.0,manual,20185,Torremolinos,29620,Málaga,Torremolinos
KIA,Sorento,Diésel,177280.0,200.0,manual,20185,Torremolinos,29620,Málaga,Torremolinos
KIA,Sorento,Diésel,177280.0,200.0,manual,20185,Atarrabia,31610,Navarra,Atarrabia
KIA,Sorento,Diésel,177280.0,200.0,manual,20185,Alcobendas,28100,Madrid,Alcobendas
KIA,Sorento,Diésel,177280.0,200.0,manual,20185,Albacete,2001,Albacete,Albacete
KIA,Sorento,Diésel,177280.0,200.0,manual,20185,Alzira,46600,Valencia,Alzira
KIA,Sorento,Diésel,177280.0,200.0,manual,20185,Alzira,46600,Valencia,Alzira
KIA,Sorento,Diésel,177280.0,200.0,manual,20185,Castello/Castellon de La Plana,12100,Castellón,Castello/Castellon de La Plana
KIA,Sorento,Diésel,177280.0,200.0,manual,20185,Badajoz,6008,Badajoz,Badajoz
KIA,Sorento,Diésel,177280.0,200.0,manual,20185,Hidraulica Santillana,28770,Madrid,Hidraulica Santillana
KIA,Sorento,Diésel,177280.0,200.0,manual,20185,Alicante,3007,Alicante,Alicante
KIA,Sorento,Diésel,177280.0,200.0,manual,20185,Collado Villalba,28400,Madrid,Collado Villalba
KIA,Sorento,Diésel,177280.0,200.0,manual,20185,Collado Villalba,28400,Madrid,Collado Villalba
Opel,Zafira,Gasolina,246000.0,125.0,manual,2490,Ávila,5001,Ávila,Ávila
Opel,Zafira,Diésel,175000.0,100.0,manual,4790,Barbastro,22300,Huesca,Barbastro
Opel,Corsa,Gasolina,30157.0,75.0,manual,14375,Alameda del Obispo,14005,Córdoba,Alameda del Obispo
Opel,Corsa,Gasolina,27570.0,75.0,manual,14490,Getafe,28906,Madrid,Getafe
Opel,Corsa,Gasolina,27112.0,75.0,manual,14547,Valdepeñas,13300,Ciudad Real,Valdepeñas
Opel,Corsa,Gasolina,27112.0,75.0,manual,14547,Valdepeñas,13300,Ciudad Real,Valdepeñas
Opel,Corsa,Gasolina,21437.0,75.0,manual,14605,Valdepeñas,13300,Ciudad Real,Valdepeñas
Opel,Corsa,Gasolina,21437.0,75.0,manual,14605,Valdepeñas,13300,Ciudad Real,Valdepeñas
Opel,Corsa,Gasolina,27112.0,75.0,manual,14547,Getafe,28906,Madrid,Getafe
Opel,Corsa,Gasolina,21437.0,75.0,manual,14605,Getafe,28906,Madrid,Getafe
Opel,Corsa,Gasolina,30157.0,75.0,manual,14375,Collado Villalba,28400,Madrid,Collado Villalba
Opel,Corsa,Gasolina,30157.0,75.0,manual,14375,Collado Villalba,28400,Madrid,Collado Villalba
Opel,Corsa,Gasolina,27112.0,75.0,manual,14547,Collado Villalba,28400,Madrid,Collado Villalba
Opel,Corsa,Gasolina,27112.0,75.0,manual,14547,Collado Villalba,28400,Madrid,Collado Villalba
Opel,Corsa,Gasolina,21437.0,75.0,manual,14605,Collado Villalba,28400,Madrid,Collado Villalba
Opel,Corsa,Gasolina,21437.0,75.0,manual,14605,Collado Villalba,28400,Madrid,Collado Villalba
Opel,Corsa,Gasolina,30157.0,75.0,manual,14375,Murcia,30003,Murcia,Murcia
Opel,Corsa,Gasolina,27570.0,75.0,manual,14490,Murcia,30003,Murcia,Murcia
Opel,Corsa,Gasolina,27112.0,75.0,manual,14547,Murcia,30003,Murcia,Murcia
Opel,Corsa,Gasolina,30157.0,75.0,manual,14375,Sant Vicenç de Montalt,8394,Barcelona,Sant Vicenç de Montalt
Opel,Corsa,Gasolina,27570.0,75.0,manual,14490,Sant Vicenç de Montalt,8394,Barcelona,Sant Vicenç de Montalt
Opel,Corsa,Gasolina,27112.0,75.0,manual,14547,Sant Vicenç de Montalt,8394,Barcelona,Sant Vicenç de Montalt
Opel,Corsa,Gasolina,21437.0,75.0,manual,14605,Sant Vicenç de Montalt,8394,Barcelona,Sant Vicenç de Montalt
Opel,Corsa,Gasolina,30157.0,75.0,manual,14375,Olèrdola,8734,Barcelona,Olèrdola
Opel,Corsa,Gasolina,30157.0,75.0,manual,14375,Olèrdola,8734,Barcelona,Olèrdola
Opel,Corsa,Gasolina,27112.0,75.0,manual,14547,Olèrdola,8734,Barcelona,Olèrdola
Opel,Corsa,Gasolina,27112.0,75.0,manual,14547,Olèrdola,8734,Barcelona,Olèrdola
Opel,Corsa,Gasolina,21437.0,75.0,manual,14605,Olèrdola,8734,Barcelona,Olèrdola
Opel,Corsa,Gasolina,21437.0,75.0,manual,14605,Olèrdola,8734,Barcelona,Olèrdola
Opel,Corsa,Gasolina,30157.0,75.0,manual,14375,Colonia Pablo Iglesias,28520,Madrid,Colonia Pablo Iglesias
Opel,Corsa,Gasolina,27570.0,75.0,manual,14490,Colonia Pablo Iglesias,28520,Madrid,Colonia Pablo Iglesias
Opel,Corsa,Gasolina,27112.0,75.0,manual,14547,Colonia Pablo Iglesias,28520,Madrid,Colonia Pablo Iglesias
Opel,Corsa,Gasolina,21437.0,75.0,manual,14605,Colonia Pablo Iglesias,28520,Madrid,Colonia Pablo Iglesias
Opel,Corsa,Gasolina,30157.0,75.0,manual,14375,Hidraulica Santillana,28770,Madrid,Hidraulica Santillana
Opel,Corsa,Gasolina,27570.0,75.0,manual,14490,Hidraulica Santillana,28770,Madrid,Hidraulica Santillana
Opel,Corsa,Gasolina,27112.0,75.0,manual,14547,Hidraulica Santillana,28770,Madrid,Hidraulica Santillana
KIA,Soul,Eléctrico,79072.0,110.0,automatic,17050,Estepona,29680,Málaga,Estepona
KIA,Soul,Eléctrico,79072.0,110.0,automatic,17050,Granollers,8403,Barcelona,Granollers
Opel,Corsa,Gasolina,30157.0,75.0,manual,14375,Castello/Castellon de La Plana,12100,Castellón,Castello/Castellon de La Plana
Opel,Corsa,Gasolina,30157.0,75.0,manual,14375,Alzira,46600,Valencia,Alzira
Opel,Corsa,Gasolina,30157.0,75.0,manual,14375,Alzira,46600,Valencia,Alzira
Opel,Corsa,Gasolina,30157.0,75.0,manual,14375,Alicante,3007,Alicante,Alicante
Opel,Corsa,Gasolina,30157.0,75.0,manual,14375,Albacete,2001,Albacete,Albacete
Peugeot,Partner,Diésel,150750.0,100.0,manual,8990,Sevilla,41017,Sevilla,Sevilla
Peugeot,Partner,Diésel,150750.0,100.0,manual,8990,Huelva,21004,Huelva,Huelva
Peugeot,Partner,Gasolina,106115.0,110.0,manual,14490,Málaga,29005,Málaga,Málaga
Peugeot,Partner,Diésel,147690.0,110.0,manual,8990,Palma de Mallorca,7003,Baleares,Palma de Mallorca
Peugeot,Partner,Diésel,147690.0,110.0,manual,9490,Palma de Mallorca,7003,Baleares,Palma de Mallorca
Peugeot,3008,Diésel,115000.0,130.0,manual,469,Madrid,28009,Madrid,Madrid
Peugeot,3008,Diésel,116000.0,130.0,manual,473,Barcelona,8009,Barcelona,Barcelona
Peugeot,3008,Gasolina,58000.0,130.0,manual,20890,Castello/Castellon de La Plana,12100,Castellón,Castello/Castellon de La Plana
KIA,XCeed,Gasolina,44000.0,204.0,automatic,25990,Alicante,3010,Alicante,Alicante
KIA,XCeed,Gasolina,44000.0,204.0,automatic,25990,Alicante,3010,Murcia,Alicante
KIA,XCeed,Gasolina,44000.0,204.0,automatic,25990,Bilbao,48004,Bizkaia,Bilbao
KIA,XCeed,Gasolina,44000.0,204.0,automatic,25990,Tarragona,43006,Tarragona,Tarragona
KIA,XCeed,Gasolina,44000.0,204.0,automatic,25990,Palau-Solita I Plegamans,8184,Barcelona,Palau-Solita I Plegamans
KIA,XCeed,Gasolina,44000.0,204.0,automatic,25990,Palau-Solita I Plegamans,8184,Barcelona,Palau-Solita I Plegamans
KIA,XCeed,Gasolina,44000.0,204.0,automatic,25990,Girona,17007,Girona,Girona
Peugeot,3008,Diésel,89990.0,130.0,automatic,19490,Toledo,45002,Toledo,Toledo
Peugeot,3008,Gasolina,86638.0,120.0,manual,9999,Madrid,28014,Madrid,Madrid
Peugeot,3008,Diésel,89990.0,130.0,automatic,19490,Vigo,36211,Pontevedra,Vigo
Peugeot,3008,Diésel,82220.0,130.0,automatic,21990,Alicante,3010,Alicante,Alicante
Peugeot,3008,Diésel,82220.0,130.0,automatic,21990,Alicante,3010,Murcia,Alicante
Peugeot,3008,Diésel,89990.0,130.0,automatic,19490,Fuenlabrada,28947,Madrid,Fuenlabrada
Peugeot,3008,Diésel,82220.0,130.0,automatic,21990,Vigo,36211,Pontevedra,Vigo
Peugeot,3008,Diésel,82220.0,130.0,automatic,21990,Granada,18005,Granada,Granada
Peugeot,3008,Diésel,89990.0,130.0,automatic,19490,Murcia,30005,Murcia,Murcia
Opel,Corsa,Gasolina,21437.0,75.0,manual,14605,Hidraulica Santillana,28770,Madrid,Hidraulica Santillana
Opel,Corsa,Gasolina,27570.0,75.0,manual,14490,Albacete,2001,Albacete,Albacete
Opel,Corsa,Gasolina,27570.0,75.0,manual,14490,Alzira,46600,Valencia,Alzira
Opel,Corsa,Gasolina,27570.0,75.0,manual,14490,Alzira,46600,Valencia,Alzira
Opel,Corsa,Gasolina,27570.0,75.0,manual,14490,Castello/Castellon de La Plana,12100,Castellón,Castello/Castellon de La Plana
Opel,Corsa,Gasolina,27570.0,75.0,manual,14490,Alicante,3007,Alicante,Alicante
Opel,Corsa,Gasolina,27570.0,75.0,manual,14490,Alcobendas,28100,Madrid,Alcobendas
Opel,Corsa,Gasolina,27112.0,75.0,manual,14547,Castello/Castellon de La Plana,12100,Castellón,Castello/Castellon de La Plana
Opel,Corsa,Gasolina,27112.0,75.0,manual,14547,Alcobendas,28100,Madrid,Alcobendas
Opel,Corsa,Gasolina,27112.0,75.0,manual,14547,Alicante,3007,Alicante,Alicante
Opel,Corsa,Gasolina,27112.0,75.0,manual,14547,Albacete,2001,Albacete,Albacete
Opel,Corsa,Gasolina,21437.0,75.0,manual,14605,Alzira,46600,Valencia,Alzira
Opel,Corsa,Gasolina,21437.0,75.0,manual,14605,Alzira,46600,Valencia,Alzira
Opel,Corsa,Gasolina,21437.0,75.0,manual,14605,Castello/Castellon de La Plana,12100,Castellón,Castello/Castellon de La Plana
Peugeot,Partner,Diésel,150750.0,100.0,manual,8990,Badajoz,6003,Badajoz,Badajoz
Opel,Corsa,Gasolina,21437.0,75.0,manual,14605,Alicante,3007,Alicante,Alicante
Opel,Corsa,Gasolina,21437.0,75.0,manual,14605,Albacete,2001,Albacete,Albacete
KIA,Ceed,Gasolina,129949.0,120.0,manual,12823,Valdepeñas,13300,Ciudad Real,Valdepeñas
KIA,Ceed,Gasolina,129949.0,120.0,manual,12823,Valdepeñas,13300,Ciudad Real,Valdepeñas
KIA,Ceed,Gasolina,37063.0,204.0,automatic,21735,Valdepeñas,13300,Ciudad Real,Valdepeñas
KIA,Ceed,Gasolina,37063.0,204.0,automatic,21735,Valdepeñas,13300,Ciudad Real,Valdepeñas
KIA,Ceed,Gasolina,129949.0,120.0,manual,12823,Mercado Parque Corredor del Henares,28850,Madrid,Mercado Parque Corredor del Henares
KIA,Ceed,Gasolina,37063.0,204.0,automatic,21735,Vigo,36214,Pontevedra,Vigo
KIA,Ceed,Gasolina,37063.0,204.0,automatic,21735,Sant Vicenç de Montalt,8394,Barcelona,Sant Vicenç de Montalt
KIA,Ceed,Gasolina,37063.0,204.0,automatic,21735,Murcia,30003,Murcia,Murcia
KIA,Ceed,Gasolina,37063.0,204.0,automatic,21735,Olèrdola,8734,Barcelona,Olèrdola
KIA,Ceed,Gasolina,37063.0,204.0,automatic,21735,Olèrdola,8734,Barcelona,Olèrdola
KIA,Ceed,Diésel,192225.0,115.0,manual,6990,Málaga,29005,Málaga,Málaga
KIA,Ceed,Gasolina,39881.0,120.0,manual,16990,Urbanizacion La Granjilla,28700,Madrid,Urbanizacion La Granjilla
SsangYong,Kyron,Diésel,120000.0,141.0,manual,5990,Barcelona,8028,Barcelona,Barcelona
SsangYong,Kyron,Diésel,200000.0,141.0,manual,4500,Móstoles,28938,Madrid,Móstoles
Peugeot,3008,Diésel,89990.0,130.0,automatic,19490,Valencia,46001,Valencia,Valencia
Peugeot,3008,Diésel,89990.0,130.0,automatic,19490,Málaga,29005,Málaga,Málaga
Peugeot,3008,Diésel,82220.0,130.0,automatic,21990,Murcia,30005,Murcia,Murcia
Peugeot,3008,Diésel,82220.0,130.0,automatic,21990,Bilbao,48004,Bizkaia,Bilbao
Peugeot,3008,Diésel,89990.0,130.0,automatic,19490,Las Rozas de Madrid,28232,Madrid,Las Rozas de Madrid
Peugeot,3008,Diésel,89990.0,130.0,automatic,19490,Camarma de Esteruelas,28816,Madrid,Camarma de Esteruelas
Peugeot,3008,Diésel,89990.0,130.0,automatic,19490,Camarma de Esteruelas,28816,Madrid,Camarma de Esteruelas
Peugeot,3008,Diésel,89990.0,130.0,automatic,19490,Villaviciosa de Odón,28670,Madrid,Villaviciosa de Odón
Peugeot,3008,Diésel,82220.0,130.0,automatic,21990,Valladolid,47006,Valladolid,Valladolid
KIA,Carens,Diésel,68358.0,141.0,manual,18900,Olèrdola,8734,Barcelona,Olèrdola
KIA,Carens,Diésel,68358.0,141.0,manual,18900,Olèrdola,8734,Barcelona,Olèrdola
KIA,Carens,Diésel,68358.0,141.0,manual,18900,Santa Maria del Aguila,4710,Almería,Santa Maria del Aguila
KIA,Carens,Diésel,68358.0,141.0,manual,18900,Santiago de Compostela,15703,A Coruña,Santiago de Compostela
KIA,Carens,Diésel,68358.0,141.0,manual,18900,Valdepeñas,13300,Ciudad Real,Valdepeñas
KIA,Carens,Diésel,68358.0,141.0,manual,18900,Valdepeñas,13300,Ciudad Real,Valdepeñas
KIA,Carens,Diésel,68358.0,141.0,manual,18900,Saladar,3700,Alicante,Saladar
KIA,Carens,Diésel,68358.0,141.0,manual,18900,Vigo,36214,Pontevedra,Vigo
KIA,Carens,Diésel,68358.0,141.0,manual,18900,Sant Vicenç de Montalt,8394,Barcelona,Sant Vicenç de Montalt
KIA,Carens,Diésel,68358.0,141.0,manual,18900,Granollers,8403,Barcelona,Granollers
KIA,Carens,Diésel,68358.0,141.0,manual,18900,Murcia,30003,Murcia,Murcia
KIA,Carens,Diésel,56529.0,141.0,automatic,17990,Vigo,36211,Pontevedra,Vigo
KIA,Carens,Diésel,68358.0,141.0,manual,18900,Barcelona,8007,Barcelona,Barcelona
KIA,Carens,Diésel,60531.0,115.0,manual,12099,Madrid,28014,Madrid,Madrid
KIA,Carens,Diésel,60531.0,115.0,manual,11999,Madrid,28014,Madrid,Madrid
KIA,Carens,Diésel,60531.0,115.0,manual,11699,Madrid,28014,Madrid,Madrid
SsangYong,Kyron,Diésel,183000.0,141.0,manual,5500,Cornella del Terri,17844,Girona,Cornella del Terri
SsangYong,Kyron,Diésel,287500.0,141.0,manual,4390,Málaga,29004,Málaga,Málaga
KIA,Optima,Diésel,163900.0,141.0,automatic,12990,Vigo,36211,Pontevedra,Vigo
KIA,Optima,Diésel,163900.0,141.0,automatic,12990,Alicante,3010,Alicante,Alicante
KIA,Optima,Diésel,163900.0,141.0,automatic,12990,Alicante,3010,Murcia,Alicante
SsangYong,Kyron,Diésel,248000.0,141.0,manual,6820,Paterna,46980,Valencia,Paterna
SsangYong,Kyron,Diésel,112000.0,163.0,manual,8520,Torrejón de Ardoz,28850,Madrid,Torrejón de Ardoz
Peugeot,406,Diésel,146000.0,110.0,manual,2690,Elx/Elche,3296,Alicante,Elx/Elche
SsangYong,Kyron,Diésel,225000.0,165.0,automatic,7990,Fuenlabrada,28945,Madrid,Fuenlabrada
Tesla,Model 3,Eléctrico,58229.0,306.0,automatic,37490,Valencia,46001,Valencia,Valencia
Tesla,Model 3,Eléctrico,58229.0,306.0,automatic,37490,Alicante,3010,Alicante,Alicante
Tesla,Model 3,Eléctrico,58229.0,306.0,automatic,37490,Alicante,3010,Murcia,Alicante
Tesla,Model 3,Eléctrico,58229.0,306.0,automatic,37490,Murcia,30005,Murcia,Murcia
Tesla,Model 3,Eléctrico,58229.0,306.0,automatic,37490,Vigo,36211,Pontevedra,Vigo
Tesla,Model 3,Eléctrico,58229.0,306.0,automatic,37490,Sevilla,41005,Sevilla,Sevilla
Tesla,Model 3,Eléctrico,58229.0,306.0,automatic,37490,Bilbao,48004,Bizkaia,Bilbao
Tesla,Model 3,Eléctrico,58229.0,306.0,automatic,37490,Palma de Mallorca,7003,Baleares,Palma de Mallorca
Tesla,Model 3,Eléctrico,109000.0,351.0,automatic,37990,L'Hospitalet de Llobregat,8901,Barcelona,L'Hospitalet de Llobregat
Tesla,Model 3,Eléctrico,29899.0,306.0,automatic,37990,Murcia,30005,Murcia,Murcia
Tesla,Model 3,Eléctrico,29899.0,306.0,automatic,37990,Granada,18005,Granada,Granada
Tesla,Model 3,Eléctrico,29899.0,306.0,automatic,37990,Vigo,36211,Pontevedra,Vigo
Tesla,Model 3,Eléctrico,29899.0,306.0,automatic,37990,Bilbao,48004,Bizkaia,Bilbao
Volvo,V50,Diésel,197000.0,136.0,automatic,7990,Fuenlabrada,28946,Madrid,Fuenlabrada
Volvo,V50,Diésel,216000.0,136.0,manual,5490,Club Encinas,28660,Madrid,Club Encinas
Volvo,V50,Diésel,480000.0,136.0,manual,2999,Arbuio,48810,Bizkaia,Arbuio
KIA,Picanto,Gasolina,62944.0,67.0,manual,8999,Madrid,28014,Madrid,Madrid
KIA,Picanto,Gasolina,62944.0,67.0,manual,8999,Barcelona,8007,Barcelona,Barcelona
KIA,Picanto,Gasolina,6557.0,84.0,automatic,14799,Barcelona,8007,Barcelona,Barcelona
Peugeot,807,Diésel,210000.0,130.0,manual,4500,Almería,4007,Almería,Almería
Peugeot,807,Diésel,210000.0,130.0,manual,4000,Almería,4007,Almería,Almería
BMW,Serie 3,Diésel,58000.0,150.0,automatic,19500,Lleida,25195,Lleida,Lleida
BMW,Serie 3,Diésel,101909.0,163.0,manual,13900,Torremolinos,29620,Málaga,Torremolinos
BMW,Serie 3,Diésel,101909.0,163.0,manual,13900,Torremolinos,29620,Málaga,Torremolinos
BMW,Serie 3,Diésel,101909.0,163.0,manual,13900,Torremolinos,29620,Málaga,Torremolinos
BMW,Serie 3,Diésel,101909.0,163.0,manual,13900,Getafe,28906,Madrid,Getafe
BMW,Serie 3,Diésel,101909.0,163.0,manual,13900,Mercabilbao,48970,Bizkaia,Mercabilbao
BMW,Serie 3,Diésel,101909.0,163.0,manual,13900,Santafe,18320,Granada,Santafe
BMW,Serie 3,Diésel,101909.0,163.0,manual,13900,Colonia Pablo Iglesias,28520,Madrid,Colonia Pablo Iglesias
BMW,Serie 3,Diésel,101909.0,163.0,manual,13900,Zaragoza,50013,Zaragoza,Zaragoza
BMW,Serie 3,Diésel,101909.0,163.0,manual,13900,Puerto de Sagunto,46520,Valencia,Puerto de Sagunto
BMW,Serie 3,Diésel,101909.0,163.0,manual,13900,Paterna,46980,Valencia,Paterna
BMW,Serie 3,Diésel,101909.0,163.0,manual,13900,Atarrabia,31610,Navarra,Atarrabia
BMW,Serie 3,Diésel,101909.0,163.0,manual,13900,Albacete,2001,Albacete,Albacete
BMW,Serie 3,Diésel,101909.0,163.0,manual,13900,Alicante,3007,Alicante,Alicante
Peugeot,3008,Diésel,89990.0,130.0,automatic,19490,Bilbao,48004,Bizkaia,Bilbao
Peugeot,3008,Diésel,89990.0,130.0,automatic,19490,Sevilla,41005,Sevilla,Sevilla
BMW,Serie 3,Diésel,101909.0,163.0,manual,13900,Hidraulica Santillana,28770,Madrid,Hidraulica Santillana
Ford,Fiesta,Gasolina,125000.0,125.0,manual,9490,Barcelona,8007,Barcelona,Barcelona
Ford,Fiesta,Gasolina,18689.0,75.0,manual,13800,Barcelona,8008,Barcelona,Barcelona
Ford,Fiesta,Diésel,144331.0,85.0,manual,10975,Valencia,46003,Valencia,Valencia
Ford,Fiesta,Diésel,138787.0,75.0,manual,9375,Valencia,46003,Valencia,Valencia
Ford,Fiesta,Gasolina,18689.0,75.0,manual,13800,Almería,4001,Almería,Almería
Ford,Fiesta,Diésel,138787.0,75.0,manual,9375,Parla,28980,Madrid,Parla
Ford,Fiesta,Gasolina,18689.0,75.0,manual,13800,Alcalá de Henares,28801,Madrid,Alcalá de Henares
Ford,Fiesta,Diésel,144331.0,85.0,manual,10975,Parla,28980,Madrid,Parla
Ford,Fiesta,Gasolina,18689.0,75.0,manual,13800,Granada,18002,Granada,Granada
Ford,Fiesta,Gasolina,18689.0,75.0,manual,13800,Huelva,21004,Huelva,Huelva
Ford,Fiesta,Gasolina,18689.0,75.0,manual,13800,Madrid,28013,Madrid,Madrid
Ford,Fiesta,Gasolina,18689.0,75.0,manual,13800,Leganés,28914,Madrid,Leganés
Ford,Fiesta,Gasolina,18689.0,75.0,manual,13800,Murcia,30001,Murcia,Murcia
Ford,Fiesta,Gasolina,18689.0,75.0,manual,13800,Alcobendas,28100,Madrid,Alcobendas
Ford,Fiesta,Gasolina,18689.0,75.0,manual,13800,Sabadell,8203,Barcelona,Sabadell
Ford,Fiesta,Gasolina,18689.0,75.0,manual,13800,Alicante,3001,Alicante,Alicante
Ford,Fiesta,Gasolina,18689.0,75.0,manual,13800,San Sebastián de Los Reyes,28700,Madrid,San Sebastián de Los Reyes
Ford,Fiesta,Gasolina,18689.0,75.0,manual,13800,Barcelona,8013,Barcelona,Barcelona
Peugeot,3008,Diésel,77974.0,130.0,manual,19990,Murcia,30005,Murcia,Murcia
Peugeot,3008,Diésel,82220.0,130.0,automatic,21990,Salamanca,37008,Salamanca,Salamanca
Peugeot,3008,Diésel,82220.0,130.0,automatic,21990,Salamanca,37008,Salamanca,Salamanca
Peugeot,3008,Diésel,77974.0,130.0,manual,19990,Bilbao,48004,Bizkaia,Bilbao
Mazda,3,Gasolina,109905.0,120.0,automatic,18199,Madrid,28014,Madrid,Madrid
Mazda,3,Gasolina,109905.0,120.0,automatic,18199,Barcelona,8007,Barcelona,Barcelona
Mazda,3,Diésel,254000.0,109.0,manual,3490,Fuenlabrada,28946,Madrid,Fuenlabrada
Mazda,3,Diésel,216433.0,109.0,manual,3900,Fuenlabrada,28946,Madrid,Fuenlabrada
Mazda,3,Gasolina,28108.0,122.0,manual,23850,Mairena del Aljarafe,41927,Sevilla,Mairena del Aljarafe
Porsche,Macan,Diésel,130000.0,258.0,automatic,38000,Gelves,41120,Sevilla,Gelves
Volkswagen,Golf,Gasolina,59900.0,265.0,automatic,34990,L'Hospitalet de Llobregat,8901,Barcelona,L'Hospitalet de Llobregat
Volkswagen,Golf,Gasolina,58950.0,230.0,automatic,28400,La Llagosta,8120,Barcelona,La Llagosta
KIA,Sportage,Gasolina,48396.0,132.0,manual,20190,Madrid,28021,Madrid,Madrid
KIA,Sportage,Diésel,62950.0,115.0,manual,17900,Barcelona,8008,Barcelona,Barcelona
KIA,Sportage,Diésel,62950.0,115.0,manual,17900,Viladecans,8840,Barcelona,Viladecans
KIA,Sportage,Diésel,62950.0,115.0,manual,17900,Sevilla,41004,Sevilla,Sevilla
KIA,Sportage,Gasolina,137000.0,132.0,manual,16990,Madrid,28044,Madrid,Madrid
KIA,Sportage,Diésel,62950.0,115.0,manual,17900,Almería,4001,Almería,Almería
KIA,Sportage,Diésel,62950.0,115.0,manual,17900,Alcalá de Henares,28801,Madrid,Alcalá de Henares
KIA,Sportage,Diésel,62950.0,115.0,manual,17900,Granada,18002,Granada,Granada
KIA,Sportage,Diésel,62950.0,115.0,manual,17900,Barcelona,8013,Barcelona,Barcelona
KIA,Sportage,Diésel,62950.0,115.0,manual,17900,Zaragoza,50003,Zaragoza,Zaragoza
KIA,Sportage,Diésel,62950.0,115.0,manual,17900,Donostia-San Sebastián,20005,Gipuzkoa,Donostia-San Sebastián
KIA,Sportage,Diésel,62950.0,115.0,manual,17900,San Sebastián de Los Reyes,28700,Madrid,San Sebastián de Los Reyes
KIA,Sportage,Diésel,62950.0,115.0,manual,17900,Murcia,30001,Murcia,Murcia
Peugeot,107,Gasolina,88000.0,68.0,manual,5995,Los Combos,28938,Madrid,Los Combos
Peugeot,107,Diésel,78000.0,54.0,manual,5900,Barcelona,8030,Barcelona,Barcelona
Volkswagen,Golf,Gasolina,66000.0,115.0,manual,15700,Arroyo de La Miel,29631,Málaga,Arroyo de La Miel
Volkswagen,Golf,Gasolina,184760.0,110.0,manual,11490,Mollet del Vallès,8100,Barcelona,Mollet del Vallès
Volkswagen,Passat CC,Gasolina,250000.0,160.0,manual,8990,Sevilla,41001,Sevilla,Sevilla
Volkswagen,Passat CC,Diésel,142440.0,140.0,automatic,13900,Alcorcón,28923,Madrid,Alcorcón
Volkswagen,Passat CC,Diésel,142440.0,140.0,automatic,13900,Los Negrales,28430,Madrid,Los Negrales
Volkswagen,Passat CC,Diésel,142440.0,140.0,automatic,13900,Los Negrales,28430,Madrid,Los Negrales
Volkswagen,Passat CC,Diésel,142440.0,140.0,automatic,13900,Madrid,28046,Madrid,Madrid
Volkswagen,Passat CC,Diésel,246000.0,143.0,manual,8899,Sant Joanet,46669,Valencia,Sant Joanet
Volkswagen,Passat CC,Diésel,246000.0,143.0,manual,8899,Sant Joanet,46669,Valencia,Sant Joanet
Peugeot,207,Diésel,190000.0,68.0,manual,5990,Sevilla,41001,Sevilla,Sevilla
KIA,Rio,Gasolina,40000.0,100.0,manual,14990,El Prat de Llobregat,8820,Barcelona,El Prat de Llobregat
KIA,Rio,Gasolina,135565.0,85.0,manual,9899,Barcelona,8007,Barcelona,Barcelona
KIA,Rio,Gasolina,141593.0,85.0,manual,7599,Madrid,28014,Madrid,Madrid
KIA,Rio,Gasolina,109262.0,85.0,manual,9399,Madrid,28014,Madrid,Madrid
KIA,Rio,Gasolina,25191.0,100.0,manual,12899,Madrid,28014,Madrid,Madrid
KIA,Rio,Gasolina,3295.0,84.0,manual,17020,Badajoz,6008,Badajoz,Badajoz
KIA,Rio,Gasolina,3295.0,84.0,manual,17020,Saladar,3700,Alicante,Saladar
KIA,Rio,Diésel,52323.0,77.0,manual,12995,Las Rozas de Madrid,28232,Madrid,Las Rozas de Madrid
KIA,Rio,Gasolina,3295.0,84.0,manual,17020,Las Rozas de Madrid,28232,Madrid,Las Rozas de Madrid
KIA,Rio,Gasolina,3295.0,84.0,manual,17020,Vigo,36214,Pontevedra,Vigo
KIA,Rio,Gasolina,3295.0,84.0,manual,17020,Estepona,29680,Málaga,Estepona
KIA,Rio,Gasolina,3295.0,84.0,manual,17020,Murcia,30003,Murcia,Murcia
KIA,Rio,Gasolina,3295.0,84.0,manual,17020,Alicante,3007,Alicante,Alicante
KIA,Rio,Gasolina,3295.0,84.0,manual,17020,Zaragoza,50013,Zaragoza,Zaragoza
KIA,Rio,Gasolina,3295.0,84.0,manual,17020,Ciudad Real,13003,Ciudad Real,Ciudad Real
KIA,Rio,Gasolina,3295.0,84.0,manual,17020,Olèrdola,8734,Barcelona,Olèrdola
KIA,Rio,Gasolina,3295.0,84.0,manual,17020,Olèrdola,8734,Barcelona,Olèrdola
KIA,Rio,Gasolina,3295.0,84.0,manual,17020,Santa Maria del Aguila,4710,Almería,Santa Maria del Aguila
KIA,Rio,Gasolina,3295.0,84.0,manual,17020,Valdepeñas,13300,Ciudad Real,Valdepeñas
KIA,Rio,Gasolina,3295.0,84.0,manual,17020,Valdepeñas,13300,Ciudad Real,Valdepeñas
KIA,Rio,Gasolina,112817.0,85.0,manual,8199,Madrid,28014,Madrid,Madrid
Renault,Espace,Diésel,149911.0,131.0,manual,17890,Valencia,46002,Valencia,Valencia
Renault,Espace,Diésel,149911.0,131.0,manual,17890,Sevilla,41006,Sevilla,Sevilla
Ford,Focus,Gasolina,50344.0,125.0,automatic,20528,Puerto de Sagunto,46520,Valencia,Puerto de Sagunto
Ford,Focus,Diésel,69934.0,120.0,manual,20350,Puerto de Sagunto,46520,Valencia,Puerto de Sagunto
Ford,Focus,Gasolina,41069.0,250.0,manual,24990,Puerto de Sagunto,46520,Valencia,Puerto de Sagunto
Ford,Focus,Diésel,69934.0,120.0,manual,20350,Alcobendas,28100,Madrid,Alcobendas
Ford,Focus,Gasolina,50344.0,125.0,automatic,20528,Torremolinos,29620,Málaga,Torremolinos
Ford,Focus,Gasolina,50344.0,125.0,automatic,20528,Torremolinos,29620,Málaga,Torremolinos
Ford,Focus,Gasolina,50344.0,125.0,automatic,20528,Torremolinos,29620,Málaga,Torremolinos
Ford,Focus,Diésel,69934.0,120.0,manual,20350,Ciudad Real,13003,Ciudad Real,Ciudad Real
Ford,Focus,Gasolina,41069.0,250.0,manual,24990,Torremolinos,29620,Málaga,Torremolinos
Ford,Focus,Gasolina,41069.0,250.0,manual,24990,Torremolinos,29620,Málaga,Torremolinos
Ford,Focus,Gasolina,41069.0,250.0,manual,24990,Torremolinos,29620,Málaga,Torremolinos
Ford,Focus,Gasolina,41069.0,250.0,manual,24990,Ciudad Real,13003,Ciudad Real,Ciudad Real
Ford,Focus,Gasolina,50344.0,125.0,automatic,20528,Getafe,28906,Madrid,Getafe
Ford,Focus,Gasolina,50344.0,125.0,automatic,20528,Santiago de Compostela,15703,A Coruña,Santiago de Compostela
Ford,Focus,Gasolina,50344.0,125.0,automatic,20528,Albacete,2001,Albacete,Albacete
Ford,Focus,Gasolina,41069.0,250.0,manual,24990,Santiago de Compostela,15703,A Coruña,Santiago de Compostela
Ford,Focus,Gasolina,50344.0,125.0,automatic,20528,Vigo,36214,Pontevedra,Vigo
Ford,Focus,Gasolina,41069.0,250.0,manual,24990,Vigo,36214,Pontevedra,Vigo
Skoda,Kamiq,Gasolina,35600.0,110.0,automatic,18990,Palma de Mallorca,7003,Baleares,Palma de Mallorca
Skoda,Kamiq,Gasolina,88233.0,150.0,manual,20490,Madrid,28021,Madrid,Madrid
Skoda,Kamiq,Gasolina,9841.0,95.0,manual,20090,Leganés,28914,Madrid,Leganés
Skoda,Kamiq,Gasolina,10969.0,110.0,automatic,22990,Leganés,28914,Madrid,Leganés
Skoda,Kamiq,Gasolina,67700.0,116.0,automatic,22400,Antequera,29200,Málaga,Antequera
Skoda,Kamiq,Gasolina,35600.0,110.0,automatic,18990,Palau-Solita I Plegamans,8184,Barcelona,Palau-Solita I Plegamans
Skoda,Kamiq,Gasolina,35600.0,110.0,automatic,18990,Palau-Solita I Plegamans,8184,Barcelona,Palau-Solita I Plegamans
Skoda,Kamiq,Gasolina,39400.0,115.0,manual,17290,Pamplona/Iruña,31001,Navarra,Pamplona/Iruña
Skoda,Kamiq,Gasolina,35600.0,110.0,automatic,18990,Girona,17007,Girona,Girona
Skoda,Kamiq,Gasolina,20000.0,110.0,manual,21290,Leganés,28914,Madrid,Leganés
Skoda,Kamiq,Gasolina,16900.0,110.0,automatic,26800,Inca,7300,Baleares,Inca
Skoda,Kamiq,Gasolina,24565.0,115.0,automatic,22195,Las Rozas de Madrid,28232,Madrid,Las Rozas de Madrid
Skoda,Kamiq,Gasolina,24565.0,115.0,automatic,22195,Granollers,8403,Barcelona,Granollers
Skoda,Kamiq,Gasolina,24565.0,115.0,automatic,22195,Alcobendas,28100,Madrid,Alcobendas
Skoda,Kamiq,Gasolina,24565.0,115.0,automatic,22195,Collado Villalba,28400,Madrid,Collado Villalba
Skoda,Kamiq,Gasolina,24565.0,115.0,automatic,22195,Collado Villalba,28400,Madrid,Collado Villalba
Skoda,Kamiq,Gasolina,24565.0,115.0,automatic,22195,Santa Maria del Aguila,4710,Almería,Santa Maria del Aguila
Skoda,Kamiq,Gasolina,24565.0,115.0,automatic,22195,Atarrabia,31610,Navarra,Atarrabia
Skoda,Kamiq,Gasolina,24565.0,115.0,automatic,22195,Torremolinos,29620,Málaga,Torremolinos
Skoda,Kamiq,Gasolina,24565.0,115.0,automatic,22195,Torremolinos,29620,Málaga,Torremolinos
Skoda,Kamiq,Gasolina,24565.0,115.0,automatic,22195,Torremolinos,29620,Málaga,Torremolinos
Skoda,Kamiq,Gasolina,26767.0,110.0,manual,20890,Leganés,28914,Madrid,Leganés
Skoda,Kamiq,Otros,18406.0,90.0,manual,18900,Sant Vicenç de Montalt,8394,Barcelona,Sant Vicenç de Montalt
Skoda,Kamiq,Gasolina,30000.0,150.0,automatic,24790,Vilafranca del Penedès,8720,Barcelona,Vilafranca del Penedès
Skoda,Kamiq,Gasolina,17773.0,110.0,automatic,21900,Logroño,26009,La Rioja,Logroño
Skoda,Kamiq,Gasolina,25557.0,110.0,manual,18990,Castellón,12001,Castellón,Castellón
Skoda,Kamiq,Gasolina,28300.0,110.0,manual,18700,Castello/Castellon de La Plana,12100,Castellón,Castello/Castellon de La Plana
Skoda,Kamiq,Gasolina,10800.0,110.0,automatic,21400,Castello/Castellon de La Plana,12100,Castellón,Castello/Castellon de La Plana
Skoda,Kamiq,Gasolina,60.0,110.0,automatic,21490,Santander,39010,Cantabria,Santander
Skoda,Kamiq,Gasolina,12133.0,150.0,automatic,27490,Gijón,33206,Asturias,Gijón
Skoda,Kamiq,Gasolina,7156.0,110.0,manual,21590,Gijón,33206,Asturias,Gijón
Skoda,Kamiq,Gasolina,35.0,110.0,automatic,21490,Armentia,1007,Álava,Armentia
Skoda,Karoq,Gasolina,38047.0,150.0,manual,19990,Granada,18005,Granada,Granada
Skoda,Karoq,Gasolina,38047.0,150.0,manual,19990,Vigo,36211,Pontevedra,Vigo
Skoda,Karoq,Gasolina,93500.0,150.0,automatic,19490,Bilbao,48004,Bizkaia,Bilbao
Skoda,Karoq,Gasolina,100762.0,116.0,manual,15990,Granada,18005,Granada,Granada
Skoda,Karoq,Diésel,46058.0,115.0,automatic,19490,Murcia,30005,Murcia,Murcia
Skoda,Karoq,Gasolina,100762.0,116.0,manual,15990,Vigo,36211,Pontevedra,Vigo
Skoda,Karoq,Gasolina,93500.0,150.0,automatic,19490,Sevilla,41005,Sevilla,Sevilla
Skoda,Karoq,Gasolina,38047.0,150.0,manual,19990,Bilbao,48004,Bizkaia,Bilbao
Skoda,Karoq,Diésel,46058.0,115.0,automatic,19490,Vigo,36211,Pontevedra,Vigo
Skoda,Karoq,Gasolina,100762.0,116.0,manual,15990,Bilbao,48004,Bizkaia,Bilbao
Skoda,Karoq,Diésel,46058.0,115.0,automatic,19490,Bilbao,48004,Bizkaia,Bilbao
Skoda,Karoq,Diésel,46058.0,115.0,automatic,19490,Almería,4006,Almería,Almería
Skoda,Karoq,Diésel,199000.0,150.0,manual,14800,Madrid,28007,Madrid,Madrid
Skoda,Karoq,Gasolina,70593.0,115.0,automatic,18699,Madrid,28014,Madrid,Madrid
Skoda,Karoq,Gasolina,70593.0,115.0,automatic,18699,Barcelona,8007,Barcelona,Barcelona
Skoda,Karoq,Gasolina,128383.0,116.0,automatic,19900,Santiago de Compostela,15890,A Coruña,Santiago de Compostela
Skoda,Karoq,Diésel,99950.0,115.0,automatic,20850,Valdefuentes,28939,Madrid,Valdefuentes
Skoda,Karoq,Diésel,99950.0,115.0,automatic,20850,Valdefuentes,28939,Madrid,Valdefuentes
Skoda,Karoq,Diésel,99950.0,115.0,automatic,20850,Burjassot,46100,Valencia,Burjassot
Skoda,Karoq,Diésel,99950.0,115.0,automatic,20850,Terrassa,8223,Barcelona,Terrassa
Skoda,Karoq,Gasolina,128383.0,116.0,automatic,19900,Fortiñon,15168,A Coruña,Fortiñon
Skoda,Karoq,Gasolina,128383.0,116.0,automatic,19900,A Coruña,15003,A Coruña,A Coruña
Skoda,Karoq,Gasolina,128383.0,116.0,automatic,19900,San Fernando de Henares,28830,Madrid,San Fernando de Henares
Skoda,Karoq,Gasolina,128383.0,116.0,automatic,19900,Poligono Industrial San Fernando,28830,Madrid,Poligono Industrial San Fernando
Skoda,Karoq,Gasolina,75100.0,116.0,manual,21900,Valencia,46002,Valencia,Valencia
Skoda,Karoq,Gasolina,18000.0,150.0,automatic,26190,Sant Boi de Llobregat,8830,Barcelona,Sant Boi de Llobregat
Skoda,Karoq,Gasolina,37500.0,150.0,manual,26490,L'Hospitalet de Llobregat,8901,Barcelona,L'Hospitalet de Llobregat
Skoda,Kodiaq,Diésel,61342.0,150.0,automatic,24990,Murcia,30005,Murcia,Murcia
Skoda,Kodiaq,Diésel,61342.0,150.0,automatic,24990,Granada,18005,Granada,Granada
Skoda,Kodiaq,Diésel,61342.0,150.0,automatic,24990,Bilbao,48004,Bizkaia,Bilbao
Skoda,Kodiaq,Diésel,61342.0,150.0,automatic,24990,Almería,4006,Almería,Almería
Ford,Focus,Gasolina,41069.0,250.0,manual,24990,Hidraulica Santillana,28770,Madrid,Hidraulica Santillana
Ford,Focus,Gasolina,50344.0,125.0,automatic,20528,Saladar,3700,Alicante,Saladar
Ford,Focus,Gasolina,50344.0,125.0,automatic,20528,Santafe,18320,Granada,Santafe
Ford,Focus,Gasolina,63488.0,150.0,automatic,19990,Almería,4006,Almería,Almería
Ford,Focus,Gasolina,41069.0,250.0,manual,24990,Santafe,18320,Granada,Santafe
Ford,Focus,Gasolina,50344.0,125.0,automatic,20528,Murcia,30003,Murcia,Murcia
Ford,Focus,Gasolina,41069.0,250.0,manual,24990,Murcia,30003,Murcia,Murcia
Ford,Focus,Gasolina,50344.0,125.0,automatic,20528,Castello/Castellon de La Plana,12100,Castellón,Castello/Castellon de La Plana
Ford,Focus,Gasolina,50344.0,125.0,automatic,20528,Olèrdola,8734,Barcelona,Olèrdola
Ford,Focus,Gasolina,50344.0,125.0,automatic,20528,Olèrdola,8734,Barcelona,Olèrdola
Ford,Focus,Gasolina,41069.0,250.0,manual,24990,Castello/Castellon de La Plana,12100,Castellón,Castello/Castellon de La Plana
Ford,Focus,Diésel,45810.0,150.0,automatic,25288,Olèrdola,8734,Barcelona,Olèrdola
Ford,Focus,Diésel,45810.0,150.0,automatic,25288,Olèrdola,8734,Barcelona,Olèrdola
Ford,Focus,Gasolina,50344.0,125.0,automatic,20528,Granollers,8403,Barcelona,Granollers
Ford,Focus,Diésel,45810.0,150.0,automatic,25288,Mercado Parque Corredor del Henares,28850,Madrid,Mercado Parque Corredor del Henares
Ford,Focus,Gasolina,50344.0,125.0,automatic,20528,Las Rozas de Madrid,28232,Madrid,Las Rozas de Madrid
Ford,Focus,Gasolina,50344.0,125.0,automatic,20528,Alzira,46600,Valencia,Alzira
Ford,Focus,Gasolina,50344.0,125.0,automatic,20528,Alzira,46600,Valencia,Alzira
Ford,Focus,Gasolina,50344.0,125.0,automatic,20528,Mercabilbao,48970,Bizkaia,Mercabilbao
Ford,Focus,Diésel,69934.0,120.0,manual,20350,Valdepeñas,13300,Ciudad Real,Valdepeñas
Ford,Focus,Diésel,69934.0,120.0,manual,20350,Valdepeñas,13300,Ciudad Real,Valdepeñas
Ford,Focus,Diésel,69934.0,120.0,manual,20350,Alicante,3007,Alicante,Alicante
Ford,Focus,Gasolina,41069.0,250.0,manual,24990,Granollers,8403,Barcelona,Granollers
Skoda,Kodiaq,Diésel,61342.0,150.0,automatic,24990,Málaga,29005,Málaga,Málaga
Skoda,Kodiaq,Diésel,28037.0,150.0,automatic,34385,Puerto de Sagunto,46520,Valencia,Puerto de Sagunto
Skoda,Kodiaq,Diésel,61342.0,150.0,automatic,24990,Castellón,12001,Castellón,Castellón
Skoda,Kodiaq,Diésel,28037.0,150.0,automatic,34385,Mercabilbao,48970,Bizkaia,Mercabilbao
Skoda,Kodiaq,Diésel,28037.0,150.0,automatic,34385,Zaragoza,50013,Zaragoza,Zaragoza
Skoda,Kodiaq,Diésel,28037.0,150.0,automatic,34385,Alcobendas,28100,Madrid,Alcobendas
Skoda,Kodiaq,Diésel,28037.0,150.0,automatic,34385,Albacete,2001,Albacete,Albacete
Skoda,Kodiaq,Gasolina,89408.0,180.0,automatic,26490,Alicante,3010,Alicante,Alicante
Skoda,Kodiaq,Gasolina,89408.0,180.0,automatic,26490,Alicante,3010,Murcia,Alicante
Skoda,Kodiaq,Gasolina,89408.0,180.0,automatic,26490,Valencia,46001,Valencia,Valencia
Skoda,Kodiaq,Gasolina,89408.0,180.0,automatic,26490,Granada,18005,Granada,Granada
Skoda,Kodiaq,Gasolina,89408.0,180.0,automatic,26490,Vigo,36211,Pontevedra,Vigo
Skoda,Kodiaq,Diésel,86003.0,190.0,automatic,28990,Camarma de Esteruelas,28816,Madrid,Camarma de Esteruelas
Skoda,Kodiaq,Diésel,86003.0,190.0,automatic,28990,Camarma de Esteruelas,28816,Madrid,Camarma de Esteruelas
Skoda,Kodiaq,Diésel,86003.0,190.0,automatic,28990,Fuenlabrada,28947,Madrid,Fuenlabrada
Skoda,Kodiaq,Diésel,86003.0,190.0,automatic,28990,Colonia Pablo Iglesias,28520,Madrid,Colonia Pablo Iglesias
Skoda,Kodiaq,Diésel,86003.0,190.0,automatic,28990,Málaga,29005,Málaga,Málaga
Skoda,Kodiaq,Diésel,86003.0,190.0,automatic,28990,Granada,18005,Granada,Granada
Skoda,Kodiaq,Diésel,86003.0,190.0,automatic,28990,Valencia,46001,Valencia,Valencia
Skoda,Kodiaq,Diésel,86003.0,190.0,automatic,28990,Sevilla,41005,Sevilla,Sevilla
Skoda,Kodiaq,Diésel,86003.0,190.0,automatic,28990,Villaviciosa de Odón,28670,Madrid,Villaviciosa de Odón
Skoda,Kodiaq,Diésel,158000.0,150.0,manual,22400,Mérida,6800,Badajoz,Mérida
Skoda,Kodiaq,Gasolina,49048.0,125.0,manual,23500,Santa Maria del Aguila,4710,Almería,Santa Maria del Aguila
Skoda,Kodiaq,Gasolina,49048.0,125.0,manual,23500,Sant Vicenç de Montalt,8394,Barcelona,Sant Vicenç de Montalt
Skoda,Kodiaq,Diésel,189100.0,150.0,manual,18950,Los Negrales,28430,Madrid,Los Negrales
Skoda,Kodiaq,Diésel,189100.0,150.0,manual,18950,Los Negrales,28430,Madrid,Los Negrales
Skoda,Kodiaq,Diésel,189100.0,150.0,manual,18950,Madrid,28046,Madrid,Madrid
Skoda,Kodiaq,Diésel,189100.0,150.0,manual,18950,Alcorcón,28923,Madrid,Alcorcón
Skoda,Kodiaq,Diésel,92000.0,150.0,automatic,23490,Silla,46460,Valencia,Silla
Skoda,Kodiaq,Diésel,47000.0,150.0,automatic,26990,Bilbao,48013,Bizkaia,Bilbao
Jeep,Patriot,Diésel,139085.0,163.0,manual,12450,Valencia,46002,Valencia,Valencia
Jeep,Patriot,Diésel,139085.0,163.0,manual,12450,Sevilla,41006,Sevilla,Sevilla
Jeep,Patriot,Diésel,139085.0,163.0,manual,12450,Torrejón de Ardoz,28850,Madrid,Torrejón de Ardoz
Jeep,Wrangler,Gasolina,100000.0,0.0,automatic,26500,Utrera,41710,Sevilla,Utrera
Jeep,Wrangler,Diésel,75000.0,177.0,manual,28999,Terrassa,8223,Barcelona,Terrassa
Jeep,Wrangler,Diésel,129000.0,200.0,manual,28500,Villanueva del Arzobispo,23330,Jaén,Villanueva del Arzobispo
Lada,Niva,Gasolina,200000.0,80.0,manual,999,Catarroja,46470,Valencia,Catarroja
Lada,Niva,Gasolina,200000.0,80.0,manual,999,Catarroja,46470,Valencia,Catarroja
Lada,Niva,Gasolina,200000.0,80.0,manual,999,Catarroja,46470,Valencia,Catarroja
Lada,Niva,Gasolina,200000.0,80.0,manual,999,Catarroja,46470,Valencia,Catarroja
Infiniti,Q50,Eléctrico,31285.0,364.0,automatic,31900,Estepona,29680,Málaga,Estepona
Infiniti,Q50,Eléctrico,31285.0,364.0,automatic,31900,Olèrdola,8734,Barcelona,Olèrdola
Infiniti,Q50,Eléctrico,31285.0,364.0,automatic,31900,Olèrdola,8734,Barcelona,Olèrdola
Infiniti,Q50,Eléctrico,31285.0,364.0,automatic,31900,Barcelona,8007,Barcelona,Barcelona
Infiniti,Q50,Eléctrico,31285.0,364.0,automatic,31900,Colonia Pablo Iglesias,28520,Madrid,Colonia Pablo Iglesias
Infiniti,Q50,Eléctrico,31285.0,364.0,automatic,31900,Las Rozas de Madrid,28232,Madrid,Las Rozas de Madrid
Infiniti,Q50,Eléctrico,31285.0,364.0,automatic,31900,Torremolinos,29620,Málaga,Torremolinos
Infiniti,Q50,Eléctrico,31285.0,364.0,automatic,31900,Torremolinos,29620,Málaga,Torremolinos
Infiniti,Q50,Eléctrico,31285.0,364.0,automatic,31900,Torremolinos,29620,Málaga,Torremolinos
Infiniti,Q50,Eléctrico,31285.0,364.0,automatic,31900,Puerto de Sagunto,46520,Valencia,Puerto de Sagunto
Infiniti,Q50,Eléctrico,31285.0,364.0,automatic,31900,Alameda del Obispo,14005,Córdoba,Alameda del Obispo
Infiniti,Q50,Eléctrico,31285.0,364.0,automatic,31900,Paterna,46980,Valencia,Paterna
Infiniti,Q50,Eléctrico,31285.0,364.0,automatic,31900,Atarrabia,31610,Navarra,Atarrabia
Infiniti,Q50,Diésel,70900.0,170.0,automatic,18460,Málaga,29015,Málaga,Málaga
Infiniti,Q50,Eléctrico,31285.0,364.0,automatic,31900,Castello/Castellon de La Plana,12100,Castellón,Castello/Castellon de La Plana
Infiniti,Q50,Eléctrico,31285.0,364.0,automatic,31900,Badajoz,6008,Badajoz,Badajoz
Infiniti,Q50,Eléctrico,31285.0,364.0,automatic,31900,Alcobendas,28100,Madrid,Alcobendas
Infiniti,Q50,Eléctrico,31285.0,364.0,automatic,31900,Alzira,46600,Valencia,Alzira
Infiniti,Q50,Eléctrico,31285.0,364.0,automatic,31900,Alzira,46600,Valencia,Alzira
Infiniti,Q50,Eléctrico,31285.0,364.0,automatic,31900,Alicante,3007,Alicante,Alicante
Infiniti,Q50,Eléctrico,31285.0,364.0,automatic,31900,Getafe,28906,Madrid,Getafe
MINI,Paceman,Diésel,158000.0,143.0,manual,14999,Catarroja,46470,Valencia,Catarroja
MINI,Paceman,Diésel,158000.0,143.0,manual,14999,Catarroja,46470,Valencia,Catarroja
MINI,Paceman,Diésel,158000.0,143.0,manual,14999,Catarroja,46470,Valencia,Catarroja
MINI,Paceman,Diésel,158000.0,143.0,manual,14999,Catarroja,46470,Valencia,Catarroja
MINI,Paceman,Gasolina,160000.0,184.0,manual,14700,Figueres,17600,Girona,Figueres
Skoda,Kodiaq,Diésel,26453.0,150.0,automatic,36800,Las Rozas de Madrid,28232,Madrid,Las Rozas de Madrid
Skoda,Kodiaq,Diésel,26453.0,150.0,automatic,36800,Paterna,46980,Valencia,Paterna
Skoda,Kodiaq,Diésel,26453.0,150.0,automatic,36800,Saladar,3700,Alicante,Saladar
Skoda,Kodiaq,Diésel,26453.0,150.0,automatic,36800,Puerto de Sagunto,46520,Valencia,Puerto de Sagunto
Mercedes-Benz,Clase C,Gasolina,46407.0,211.0,automatic,31050,Granollers,8403,Barcelona,Granollers
Mercedes-Benz,Clase C,Gasolina,46407.0,211.0,automatic,31050,Estepona,29680,Málaga,Estepona
Mercedes-Benz,Clase C,Diésel,139458.0,136.0,automatic,23403,Puerto de Sagunto,46520,Valencia,Puerto de Sagunto
Mercedes-Benz,Clase C,Diésel,139458.0,136.0,automatic,23403,Valdepeñas,13300,Ciudad Real,Valdepeñas
Mercedes-Benz,Clase C,Diésel,139458.0,136.0,automatic,23403,Valdepeñas,13300,Ciudad Real,Valdepeñas
Mercedes-Benz,Clase C,Gasolina,46407.0,211.0,automatic,31050,Puerto de Sagunto,46520,Valencia,Puerto de Sagunto
Mercedes-Benz,Clase C,Diésel,139458.0,136.0,automatic,23403,Badajoz,6008,Badajoz,Badajoz
Mercedes-Benz,Clase C,Gasolina,46407.0,211.0,automatic,31050,Badajoz,6008,Badajoz,Badajoz
Mercedes-Benz,Clase C,Diésel,139458.0,136.0,automatic,23403,Santa Maria del Aguila,4710,Almería,Santa Maria del Aguila
Mercedes-Benz,Clase C,Gasolina,46407.0,211.0,automatic,31050,Santa Maria del Aguila,4710,Almería,Santa Maria del Aguila
Mercedes-Benz,Clase C,Diésel,139458.0,136.0,automatic,23403,Sant Vicenç de Montalt,8394,Barcelona,Sant Vicenç de Montalt
Mercedes-Benz,Clase C,Gasolina,46407.0,211.0,automatic,31050,Sant Vicenç de Montalt,8394,Barcelona,Sant Vicenç de Montalt
Mercedes-Benz,Clase C,Gasolina,55963.0,211.0,automatic,24100,Almería,4001,Almería,Almería
Mercedes-Benz,Clase C,Diésel,139458.0,136.0,automatic,23403,Ciudad Real,13003,Ciudad Real,Ciudad Real
Mercedes-Benz,Clase C,Gasolina,46407.0,211.0,automatic,31050,Ciudad Real,13003,Ciudad Real,Ciudad Real
Mercedes-Benz,Clase C,Diésel,139458.0,136.0,automatic,23403,Barcelona,8007,Barcelona,Barcelona
Mercedes-Benz,Clase C,Diésel,139458.0,136.0,automatic,23403,Olèrdola,8734,Barcelona,Olèrdola
Mercedes-Benz,Clase C,Diésel,139458.0,136.0,automatic,23403,Olèrdola,8734,Barcelona,Olèrdola
Mercedes-Benz,Clase C,Gasolina,46407.0,211.0,automatic,31050,Olèrdola,8734,Barcelona,Olèrdola
Mercedes-Benz,Clase C,Gasolina,46407.0,211.0,automatic,31050,Olèrdola,8734,Barcelona,Olèrdola
Mercedes-Benz,Clase C,Diésel,139458.0,136.0,automatic,23403,Santiago de Compostela,15703,A Coruña,Santiago de Compostela
Mercedes-Benz,Clase C,Gasolina,46407.0,211.0,automatic,31050,Santiago de Compostela,15703,A Coruña,Santiago de Compostela
Mercedes-Benz,Clase C,Diésel,139458.0,136.0,automatic,23403,Alicante,3007,Alicante,Alicante
Mercedes-Benz,Clase C,Gasolina,46407.0,211.0,automatic,31050,Alicante,3007,Alicante,Alicante
Mercedes-Benz,Clase C,Diésel,139458.0,136.0,automatic,23403,Alcobendas,28100,Madrid,Alcobendas
Mercedes-Benz,Clase C,Diésel,139458.0,136.0,automatic,23403,Las Rozas de Madrid,28232,Madrid,Las Rozas de Madrid
Mercedes-Benz,Clase C,Gasolina,46407.0,211.0,automatic,31050,Alcobendas,28100,Madrid,Alcobendas
Mercedes-Benz,Clase C,Diésel,139458.0,136.0,automatic,23403,Alzira,46600,Valencia,Alzira
Mercedes-Benz,Clase C,Diésel,139458.0,136.0,automatic,23403,Alzira,46600,Valencia,Alzira
Mercedes-Benz,Clase C,Diésel,139458.0,136.0,automatic,23403,Hidraulica Santillana,28770,Madrid,Hidraulica Santillana
Mercedes-Benz,Clase C,Diésel,139458.0,136.0,automatic,23403,Albacete,2001,Albacete,Albacete
Mercedes-Benz,Clase C,Diésel,139458.0,136.0,automatic,23403,Zaragoza,50013,Zaragoza,Zaragoza
Mercedes-Benz,Clase C,Gasolina,46407.0,211.0,automatic,31050,Castello/Castellon de La Plana,12100,Castellón,Castello/Castellon de La Plana
Mercedes-Benz,Clase C,Diésel,139458.0,136.0,automatic,23403,Paterna,46980,Valencia,Paterna
Mercedes-Benz,Clase C,Diésel,139458.0,136.0,automatic,23403,Atarrabia,31610,Navarra,Atarrabia
Mercedes-Benz,Clase C,Diésel,139458.0,136.0,automatic,23403,Mercabilbao,48970,Bizkaia,Mercabilbao
Mercedes-Benz,Clase C,Diésel,139458.0,136.0,automatic,23403,Santafe,18320,Granada,Santafe
Mercedes-Benz,Clase C,Diésel,139458.0,136.0,automatic,23403,Alcalá de Guadaíra,41500,Sevilla,Alcalá de Guadaíra
Mercedes-Benz,Clase C,Gasolina,46407.0,211.0,automatic,31050,Las Rozas de Madrid,28232,Madrid,Las Rozas de Madrid
Mercedes-Benz,Clase C,Diésel,139458.0,136.0,automatic,23403,Getafe,28906,Madrid,Getafe
Jaguar,XF,Diésel,220000.0,207.0,automatic,10000,Linares,23700,Jaén,Linares
Jaguar,XF,Diésel,124416.0,240.0,automatic,14990,Almería,4006,Almería,Almería
Jaguar,XF,Diésel,124416.0,240.0,automatic,14990,Sevilla,41005,Sevilla,Sevilla
Jaguar,XF,Diésel,124416.0,240.0,automatic,14990,Bilbao,48004,Bizkaia,Bilbao
Jaguar,XF,Diésel,124416.0,240.0,automatic,14990,Alicante,3010,Alicante,Alicante
Jaguar,XF,Diésel,124416.0,240.0,automatic,14990,Alicante,3010,Murcia,Alicante
Jaguar,XF,Diésel,124416.0,240.0,automatic,14990,Granada,18005,Granada,Granada
Infiniti,QX30,Diésel,109199.0,170.0,automatic,20900,Leganés,28911,Madrid,Leganés
Infiniti,QX30,Diésel,109199.0,170.0,automatic,20900,Viladecans,8840,Barcelona,Viladecans
Infiniti,QX30,Diésel,109199.0,170.0,automatic,20900,Barcelona,8013,Barcelona,Barcelona
Infiniti,QX30,Diésel,109199.0,170.0,automatic,20900,Móstoles,28931,Madrid,Móstoles
Infiniti,QX30,Diésel,109199.0,170.0,automatic,20900,Almería,4001,Almería,Almería
Infiniti,QX30,Diésel,58715.0,170.0,automatic,23800,Olèrdola,8734,Barcelona,Olèrdola
Infiniti,QX30,Diésel,58715.0,170.0,automatic,23800,Olèrdola,8734,Barcelona,Olèrdola
Jaguar,XF,Diésel,124416.0,240.0,automatic,14990,Marbella,29601,Málaga,Marbella
Jaguar,XF,Diésel,124416.0,240.0,automatic,14990,Valencia,46001,Valencia,Valencia
Jaguar,XF,Diésel,124416.0,240.0,automatic,14990,Murcia,30005,Murcia,Murcia
BMW,Serie 5,Diésel,600000.0,231.0,automatic,3900,Velilla de San Antonio,28891,Madrid,Velilla de San Antonio
Skoda,Kodiaq,Diésel,26453.0,150.0,automatic,36800,Estepona,29680,Málaga,Estepona
Skoda,Kodiaq,Diésel,26453.0,150.0,automatic,36800,Badajoz,6008,Badajoz,Badajoz
Skoda,Kodiaq,Diésel,26453.0,150.0,automatic,36800,Santafe,18320,Granada,Santafe
BMW,Serie 5,Diésel,193640.0,313.0,automatic,21990,Fuenlabrada,28946,Madrid,Fuenlabrada
BMW,X2,Diésel,80701.0,150.0,automatic,25300,Santiago de Compostela,15703,A Coruña,Santiago de Compostela
BMW,X2,Diésel,80701.0,150.0,automatic,25300,Granollers,8403,Barcelona,Granollers
BMW,X2,Diésel,80701.0,150.0,automatic,25300,Colonia Pablo Iglesias,28520,Madrid,Colonia Pablo Iglesias
BMW,X2,Diésel,80701.0,150.0,automatic,25300,Olèrdola,8734,Barcelona,Olèrdola
BMW,X2,Diésel,80701.0,150.0,automatic,25300,Olèrdola,8734,Barcelona,Olèrdola
BMW,X2,Diésel,80701.0,150.0,automatic,25300,Sant Vicenç de Montalt,8394,Barcelona,Sant Vicenç de Montalt
BMW,X2,Diésel,80701.0,150.0,automatic,25300,Santa Maria del Aguila,4710,Almería,Santa Maria del Aguila
BMW,X2,Diésel,80701.0,150.0,automatic,25300,Estepona,29680,Málaga,Estepona
BMW,X2,Diésel,80701.0,150.0,automatic,25300,Puerto de Sagunto,46520,Valencia,Puerto de Sagunto
BMW,X2,Diésel,80701.0,150.0,automatic,25300,Saladar,3700,Alicante,Saladar
BMW,X2,Diésel,80701.0,150.0,automatic,25300,Murcia,30003,Murcia,Murcia
BMW,X2,Diésel,80701.0,150.0,automatic,25300,Santafe,18320,Granada,Santafe
BMW,X2,Diésel,80701.0,150.0,automatic,25300,Mercabilbao,48970,Bizkaia,Mercabilbao
BMW,X2,Diésel,80701.0,150.0,automatic,25300,Alameda del Obispo,14005,Córdoba,Alameda del Obispo
BMW,X2,Diésel,80701.0,150.0,automatic,25300,Torremolinos,29620,Málaga,Torremolinos
BMW,X2,Diésel,80701.0,150.0,automatic,25300,Torremolinos,29620,Málaga,Torremolinos
BMW,X2,Diésel,80701.0,150.0,automatic,25300,Torremolinos,29620,Málaga,Torremolinos
BMW,X2,Diésel,80701.0,150.0,automatic,25300,Alcobendas,28100,Madrid,Alcobendas
BMW,X2,Diésel,80701.0,150.0,automatic,25300,Hidraulica Santillana,28770,Madrid,Hidraulica Santillana
BMW,X2,Diésel,80701.0,150.0,automatic,25300,Castello/Castellon de La Plana,12100,Castellón,Castello/Castellon de La Plana
BMW,X2,Diésel,80701.0,150.0,automatic,25300,Alzira,46600,Valencia,Alzira
BMW,X2,Diésel,80701.0,150.0,automatic,25300,Alzira,46600,Valencia,Alzira
BMW,X2,Diésel,80701.0,150.0,automatic,25300,Alicante,3007,Alicante,Alicante
BMW,X2,Diésel,80701.0,150.0,automatic,25300,Alcalá de Guadaíra,41500,Sevilla,Alcalá de Guadaíra
BMW,X2,Diésel,80701.0,150.0,automatic,25300,Atarrabia,31610,Navarra,Atarrabia
BMW,X2,Diésel,80701.0,150.0,automatic,25300,Zaragoza,50013,Zaragoza,Zaragoza
BMW,X2,Gasolina,86263.0,192.0,automatic,28990,Pamplona/Iruña,31001,Navarra,Pamplona/Iruña
BMW,X2,Diésel,143300.0,150.0,automatic,25900,Valdefuentes,28939,Madrid,Valdefuentes
BMW,X2,Diésel,143300.0,150.0,automatic,25900,Valdefuentes,28939,Madrid,Valdefuentes
BMW,X2,Diésel,40557.0,150.0,automatic,27887,Hidraulica Santillana,28770,Madrid,Hidraulica Santillana
BMW,X2,Diésel,40557.0,150.0,automatic,27887,Albacete,2001,Albacete,Albacete
BMW,X2,Diésel,40557.0,150.0,automatic,27887,Badajoz,6008,Badajoz,Badajoz
BMW,X2,Diésel,20000.0,150.0,automatic,30400,Arroyo de La Miel,29631,Málaga,Arroyo de La Miel
BMW,X2,Diésel,41000.0,150.0,automatic,26400,Arroyo de La Miel,29631,Málaga,Arroyo de La Miel
BMW,i3,Eléctrico,59651.0,170.0,automatic,23345,Albacete,2001,Albacete,Albacete
BMW,i3,Eléctrico,59651.0,170.0,automatic,23345,Alicante,3007,Alicante,Alicante
BMW,i3,Eléctrico,59651.0,170.0,automatic,23345,Castello/Castellon de La Plana,12100,Castellón,Castello/Castellon de La Plana
BMW,i3,Eléctrico,59651.0,170.0,automatic,23345,Puerto de Sagunto,46520,Valencia,Puerto de Sagunto
BMW,i3,Eléctrico,59651.0,170.0,automatic,23345,Santa Maria del Aguila,4710,Almería,Santa Maria del Aguila
BMW,i3,Eléctrico,59651.0,170.0,automatic,23345,Olèrdola,8734,Barcelona,Olèrdola
BMW,i3,Eléctrico,59651.0,170.0,automatic,23345,Olèrdola,8734,Barcelona,Olèrdola
BMW,i3,Eléctrico,59651.0,170.0,automatic,23345,Sant Vicenç de Montalt,8394,Barcelona,Sant Vicenç de Montalt
BMW,i3,Eléctrico,59651.0,170.0,automatic,23345,Hidraulica Santillana,28770,Madrid,Hidraulica Santillana
BMW,i3,Eléctrico,59651.0,170.0,automatic,23345,Valdepeñas,13300,Ciudad Real,Valdepeñas
BMW,i3,Eléctrico,59651.0,170.0,automatic,23345,Valdepeñas,13300,Ciudad Real,Valdepeñas
BMW,i3,Eléctrico,59651.0,170.0,automatic,23345,Alcalá de Guadaíra,41500,Sevilla,Alcalá de Guadaíra
BMW,i3,Eléctrico,59651.0,170.0,automatic,23345,Badajoz,6008,Badajoz,Badajoz
BMW,i3,Eléctrico,59651.0,170.0,automatic,23345,Santiago de Compostela,15703,A Coruña,Santiago de Compostela
BMW,i3,Eléctrico,59651.0,170.0,automatic,23345,Getafe,28906,Madrid,Getafe
BMW,i3,Eléctrico,59651.0,170.0,automatic,23345,Collado Villalba,28400,Madrid,Collado Villalba
BMW,i3,Eléctrico,59651.0,170.0,automatic,23345,Collado Villalba,28400,Madrid,Collado Villalba
BMW,i3,Eléctrico,59651.0,170.0,automatic,23345,Atarrabia,31610,Navarra,Atarrabia
BMW,i3,Eléctrico,59651.0,170.0,automatic,23345,Zaragoza,50013,Zaragoza,Zaragoza
BMW,i3,Eléctrico,59651.0,170.0,automatic,23345,Colonia Pablo Iglesias,28520,Madrid,Colonia Pablo Iglesias
BMW,i3,Eléctrico,59651.0,170.0,automatic,23345,Las Rozas de Madrid,28232,Madrid,Las Rozas de Madrid
BMW,i3,Eléctrico,59651.0,170.0,automatic,23345,Alcobendas,28100,Madrid,Alcobendas
BMW,i3,Eléctrico,59651.0,170.0,automatic,23345,Alameda del Obispo,14005,Córdoba,Alameda del Obispo
Volvo,V40,Diésel,93400.0,120.0,manual,13990,Valencia,46001,Valencia,Valencia
Volvo,V40,Diésel,93400.0,120.0,manual,13990,Málaga,29005,Málaga,Málaga
Volvo,V40,Diésel,93400.0,120.0,manual,13990,Vigo,36211,Pontevedra,Vigo
BMW,i3,Eléctrico,59651.0,170.0,automatic,23345,Torremolinos,29620,Málaga,Torremolinos
BMW,i3,Eléctrico,59651.0,170.0,automatic,23345,Torremolinos,29620,Málaga,Torremolinos
BMW,i3,Eléctrico,59651.0,170.0,automatic,23345,Torremolinos,29620,Málaga,Torremolinos
BMW,i3,Eléctrico,48950.0,170.0,automatic,21490,Rafelbuñol/Rafelbunyol,46138,Valencia,Rafelbuñol/Rafelbunyol
BMW,i3,Eléctrico,50530.0,170.0,automatic,24850,Olèrdola,8734,Barcelona,Olèrdola
BMW,i3,Eléctrico,50530.0,170.0,automatic,24850,Olèrdola,8734,Barcelona,Olèrdola
BMW,i3,Eléctrico,30376.0,170.0,automatic,25100,Olèrdola,8734,Barcelona,Olèrdola
BMW,i3,Eléctrico,30376.0,170.0,automatic,25100,Olèrdola,8734,Barcelona,Olèrdola
BMW,i3,Eléctrico,50530.0,170.0,automatic,24850,Santa Maria del Aguila,4710,Almería,Santa Maria del Aguila
BMW,i3,Eléctrico,30376.0,170.0,automatic,25100,Santa Maria del Aguila,4710,Almería,Santa Maria del Aguila
BMW,i3,Eléctrico,50530.0,170.0,automatic,24850,Sant Vicenç de Montalt,8394,Barcelona,Sant Vicenç de Montalt
BMW,i3,Eléctrico,30376.0,170.0,automatic,25100,Sant Vicenç de Montalt,8394,Barcelona,Sant Vicenç de Montalt
BMW,i3,Eléctrico,35049.0,170.0,automatic,27290,Madrid,28021,Madrid,Madrid
BMW,i3,Eléctrico,114136.0,170.0,automatic,18942,Madrid,28009,Madrid,Madrid
BMW,i3,Eléctrico,114136.0,170.0,automatic,18942,Alcalá de Guadaíra,41500,Sevilla,Alcalá de Guadaíra
BMW,i3,Eléctrico,114136.0,170.0,automatic,18942,Málaga,29004,Málaga,Málaga
BMW,i3,Eléctrico,25132.0,170.0,automatic,25990,Almería,4006,Almería,Almería
BMW,i3,Eléctrico,25132.0,170.0,automatic,25990,Vigo,36211,Pontevedra,Vigo
BMW,i3,Eléctrico,25132.0,170.0,automatic,25990,Granada,18005,Granada,Granada
BMW,i3,Eléctrico,25132.0,170.0,automatic,25990,Alicante,3010,Alicante,Alicante
BMW,i3,Eléctrico,25132.0,170.0,automatic,25990,Alicante,3010,Murcia,Alicante
Volvo,V40,Diésel,93400.0,120.0,manual,13990,Granada,18005,Granada,Granada
BMW,X5,Diésel,160000.0,258.0,automatic,26990,Vigo,36211,Pontevedra,Vigo
BMW,X5,Diésel,160000.0,258.0,automatic,26990,Bilbao,48004,Bizkaia,Bilbao
BMW,X5,Diésel,160000.0,258.0,automatic,26990,Sevilla,41005,Sevilla,Sevilla
BMW,X5,Diésel,160000.0,258.0,automatic,26990,Alicante,3010,Alicante,Alicante
BMW,X5,Diésel,160000.0,258.0,automatic,26990,Alicante,3010,Murcia,Alicante
BMW,X5,Diésel,160000.0,258.0,automatic,26990,Granada,18005,Granada,Granada
BMW,X5,Diésel,160000.0,258.0,automatic,26990,Valencia,46001,Valencia,Valencia
BMW,X5,Diésel,160000.0,258.0,automatic,26990,Málaga,29005,Málaga,Málaga
KIA,Picanto,Gasolina,96307.0,65.0,manual,2790,Madrid,28026,Madrid,Madrid
KIA,Picanto,Gasolina,77000.0,65.0,manual,2500,El Papiolet,43713,Tarragona,El Papiolet
KIA,Picanto,Gasolina,71608.0,70.0,manual,7799,Barcelona,8007,Barcelona,Barcelona
KIA,Picanto,Gasolina,64250.0,69.0,manual,8790,Sevilla,41005,Sevilla,Sevilla
KIA,Picanto,Gasolina,64250.0,69.0,manual,8790,Toledo,45002,Toledo,Toledo
KIA,Picanto,Gasolina,64250.0,69.0,manual,8790,Valencia,46001,Valencia,Valencia
KIA,Picanto,Gasolina,64250.0,69.0,manual,8790,Alicante,3010,Alicante,Alicante
KIA,Picanto,Gasolina,64250.0,69.0,manual,8790,Alicante,3010,Murcia,Alicante
KIA,Picanto,Gasolina,64250.0,69.0,manual,8790,Las Rozas de Madrid,28232,Madrid,Las Rozas de Madrid
KIA,Picanto,Gasolina,64250.0,69.0,manual,8790,Camarma de Esteruelas,28816,Madrid,Camarma de Esteruelas
KIA,Picanto,Gasolina,64250.0,69.0,manual,8790,Camarma de Esteruelas,28816,Madrid,Camarma de Esteruelas
KIA,Picanto,Gasolina,64250.0,69.0,manual,8790,Colonia Pablo Iglesias,28520,Madrid,Colonia Pablo Iglesias
KIA,Picanto,Gasolina,64250.0,69.0,manual,8790,Collado Villalba,28400,Madrid,Collado Villalba
KIA,Picanto,Gasolina,64250.0,69.0,manual,8790,Collado Villalba,28400,Madrid,Collado Villalba
KIA,Picanto,Gasolina,109525.0,66.0,manual,6561,Alcalá de Guadaíra,41500,Sevilla,Alcalá de Guadaíra
KIA,Picanto,Gasolina,109525.0,66.0,manual,6561,Málaga,29004,Málaga,Málaga
KIA,Picanto,Diésel,85000.0,75.0,manual,4600,Santander,39002,Cantabria,Santander
KIA,Picanto,Gasolina,64000.0,67.0,manual,8900,Alaquas,46970,Valencia,Alaquas
KIA,Picanto,Gasolina,20594.0,100.0,manual,15870,Granollers,8403,Barcelona,Granollers
KIA,Picanto,Gasolina,20594.0,100.0,manual,15870,Sant Vicenç de Montalt,8394,Barcelona,Sant Vicenç de Montalt
KIA,Picanto,Gasolina,20594.0,100.0,manual,15870,Valdepeñas,13300,Ciudad Real,Valdepeñas
KIA,Picanto,Gasolina,20594.0,100.0,manual,15870,Valdepeñas,13300,Ciudad Real,Valdepeñas
KIA,Picanto,Gasolina,20594.0,100.0,manual,15870,Castello/Castellon de La Plana,12100,Castellón,Castello/Castellon de La Plana
KIA,Picanto,Gasolina,51000.0,67.0,manual,1000,Manresa,8240,Barcelona,Manresa
KIA,Picanto,Gasolina,20594.0,100.0,manual,15870,Vigo,36214,Pontevedra,Vigo
KIA,Picanto,Gasolina,20594.0,100.0,manual,15870,Barcelona,8007,Barcelona,Barcelona
Volvo,S70,Gasolina,173000.0,144.0,manual,1999,Catarroja,46470,Valencia,Catarroja
Volvo,S70,Gasolina,173000.0,144.0,manual,1999,Catarroja,46470,Valencia,Catarroja
Volvo,S70,Gasolina,173000.0,144.0,manual,1999,Catarroja,46470,Valencia,Catarroja
Volvo,S70,Gasolina,173000.0,144.0,manual,1999,Catarroja,46470,Valencia,Catarroja
Volvo,S70,Diésel,241764.0,126.0,manual,2300,Badajoz,6003,Badajoz,Badajoz
KIA,Picanto,Gasolina,20594.0,100.0,manual,15870,Estepona,29680,Málaga,Estepona
KIA,Picanto,Gasolina,20594.0,100.0,manual,15870,Olèrdola,8734,Barcelona,Olèrdola
KIA,Picanto,Gasolina,20594.0,100.0,manual,15870,Olèrdola,8734,Barcelona,Olèrdola
KIA,Picanto,Gasolina,20594.0,100.0,manual,15870,Saladar,3700,Alicante,Saladar
KIA,Picanto,Gasolina,20594.0,100.0,manual,15870,Santa Maria del Aguila,4710,Almería,Santa Maria del Aguila
BMW,X3,Diésel,136297.0,136.0,automatic,16990,Vigo,36211,Pontevedra,Vigo
BMW,X3,Diésel,136297.0,136.0,automatic,16990,Sevilla,41005,Sevilla,Sevilla
BMW,X3,Diésel,136297.0,136.0,automatic,16990,Alicante,3010,Alicante,Alicante
BMW,X3,Diésel,136297.0,136.0,automatic,16990,Alicante,3010,Murcia,Alicante
BMW,X3,Diésel,136297.0,136.0,automatic,16990,Bilbao,48004,Bizkaia,Bilbao
BMW,X3,Diésel,136297.0,136.0,automatic,16990,Granada,18005,Granada,Granada
BMW,X3,Diésel,136297.0,136.0,automatic,16990,Valencia,46001,Valencia,Valencia
BMW,X3,Diésel,136297.0,136.0,automatic,16990,Málaga,29005,Málaga,Málaga
BMW,X3,Diésel,136297.0,136.0,automatic,16990,Palma de Mallorca,7003,Baleares,Palma de Mallorca
BMW,X3,Diésel,341000.0,150.0,manual,5900,Torrejón de Velasco,28990,Madrid,Torrejón de Velasco
BMW,X3,Diésel,134000.0,258.0,automatic,22990,Málaga,29005,Málaga,Málaga
BMW,X3,Diésel,134000.0,258.0,automatic,22990,Palau-Solita I Plegamans,8184,Barcelona,Palau-Solita I Plegamans
BMW,X3,Diésel,134000.0,258.0,automatic,22990,Palau-Solita I Plegamans,8184,Barcelona,Palau-Solita I Plegamans
BMW,X3,Diésel,134677.0,190.0,automatic,28600,Alcalá de Guadaíra,41500,Sevilla,Alcalá de Guadaíra
BMW,X3,Diésel,134677.0,190.0,automatic,28600,Málaga,29004,Málaga,Málaga
BMW,X3,Diésel,172000.0,177.0,automatic,11299,Agirre-Aperribai,48960,Bizkaia,Agirre-Aperribai
BMW,X3,Diésel,99000.0,150.0,automatic,35880,Paterna,46980,Valencia,Paterna
BMW,X3,Diésel,224000.0,190.0,automatic,17900,Torremolinos,29620,Málaga,Torremolinos
BMW,X3,Diésel,224000.0,190.0,automatic,17900,Torremolinos,29620,Málaga,Torremolinos
BMW,X3,Diésel,224000.0,190.0,automatic,17900,Torremolinos,29620,Málaga,Torremolinos
BMW,X3,Diésel,94963.0,190.0,automatic,29490,Madrid,28021,Madrid,Madrid
BMW,X3,Diésel,134000.0,258.0,automatic,22990,Valencia,46001,Valencia,Valencia
BMW,X3,Diésel,122356.0,143.0,automatic,19470,Collado Villalba,28400,Madrid,Collado Villalba
BMW,X3,Diésel,122356.0,143.0,automatic,19470,Collado Villalba,28400,Madrid,Collado Villalba
BMW,X3,Diésel,142056.0,184.0,manual,19580,Collado Villalba,28400,Madrid,Collado Villalba
BMW,X3,Diésel,142056.0,184.0,manual,19580,Collado Villalba,28400,Madrid,Collado Villalba
SsangYong,Tivoli,Diésel,53934.0,115.0,manual,13899,Madrid,28014,Madrid,Madrid
Ford,Mondeo,Diésel,205500.0,120.0,manual,9990,Vigo,36211,Pontevedra,Vigo
Ford,Mondeo,Diésel,205500.0,120.0,manual,9990,Jaén,23008,Jaén,Jaén
Ford,Mondeo,Diésel,18.0,155.0,manual,8290,Pontevedra,36164,Pontevedra,Pontevedra
Ford,Mondeo,Diésel,202757.0,140.0,automatic,7990,Beade,36312,Pontevedra,Beade
SsangYong,Korando,Diésel,141119.0,175.0,automatic,11872,Castello/Castellon de La Plana,12100,Castellón,Castello/Castellon de La Plana
SsangYong,Korando,Diésel,141119.0,175.0,automatic,11872,Santa Maria del Aguila,4710,Almería,Santa Maria del Aguila
SsangYong,Korando,Diésel,141119.0,175.0,automatic,11872,Mercabilbao,48970,Bizkaia,Mercabilbao
SsangYong,Korando,Diésel,141119.0,175.0,automatic,11872,Atarrabia,31610,Navarra,Atarrabia
SsangYong,Korando,Diésel,141119.0,175.0,automatic,11872,Hidraulica Santillana,28770,Madrid,Hidraulica Santillana
SsangYong,Korando,Diésel,141119.0,175.0,automatic,11872,Albacete,2001,Albacete,Albacete
SsangYong,Korando,Diésel,141119.0,175.0,automatic,11872,Alicante,3007,Alicante,Alicante
BMW,Serie 7,Diésel,500000.0,245.0,automatic,10400,Muxa,27192,Lugo,Muxa
BMW,Serie 7,Gasolina,156000.0,231.0,automatic,8700,Villena,3400,Alicante,Villena
SsangYong,Kyron,Diésel,149000.0,141.0,manual,5750,Collado Villalba,28400,Madrid,Collado Villalba
SsangYong,Kyron,Diésel,149000.0,141.0,manual,5750,Collado Villalba,28400,Madrid,Collado Villalba
BMW,Serie 2,Diésel,60054.0,150.0,automatic,18990,Palau-Solita I Plegamans,8184,Barcelona,Palau-Solita I Plegamans
BMW,Serie 2,Diésel,60054.0,150.0,automatic,18990,Palau-Solita I Plegamans,8184,Barcelona,Palau-Solita I Plegamans
BMW,Serie 2,Diésel,82562.0,116.0,manual,18800,Alcalá de Henares,28801,Madrid,Alcalá de Henares
BMW,Serie 2,Diésel,82562.0,116.0,manual,18800,Urbanitzacio El Medol,43150,Tarragona,Urbanitzacio El Medol
BMW,Serie 2,Diésel,82562.0,116.0,manual,18800,Madrid,28013,Madrid,Madrid
BMW,Serie 2,Diésel,82562.0,116.0,manual,18800,Granada,18002,Granada,Granada
BMW,Serie 2,Diésel,82562.0,116.0,manual,18800,Donostia-San Sebastián,20005,Gipuzkoa,Donostia-San Sebastián
BMW,Serie 2,Diésel,60199.0,150.0,manual,24380,Alicante,3007,Alicante,Alicante
BMW,Serie 2,Diésel,60199.0,150.0,manual,24380,Las Rozas de Madrid,28232,Madrid,Las Rozas de Madrid
BMW,Serie 2,Diésel,60199.0,150.0,manual,24380,Hidraulica Santillana,28770,Madrid,Hidraulica Santillana
BMW,Serie 2,Diésel,60199.0,150.0,manual,24380,Albacete,2001,Albacete,Albacete
BMW,Serie 2,Diésel,60199.0,150.0,manual,24380,Zaragoza,50013,Zaragoza,Zaragoza
BMW,Serie 2,Diésel,60199.0,150.0,manual,24380,Atarrabia,31610,Navarra,Atarrabia
BMW,Serie 2,Diésel,60199.0,150.0,manual,24380,Santafe,18320,Granada,Santafe
BMW,Serie 2,Diésel,60199.0,150.0,manual,24380,Collado Villalba,28400,Madrid,Collado Villalba
BMW,Serie 2,Diésel,60199.0,150.0,manual,24380,Collado Villalba,28400,Madrid,Collado Villalba
BMW,Serie 2,Diésel,60199.0,150.0,manual,24380,Getafe,28906,Madrid,Getafe
BMW,Serie 2,Diésel,60199.0,150.0,manual,24380,Colonia Pablo Iglesias,28520,Madrid,Colonia Pablo Iglesias
BMW,Serie 2,Diésel,60199.0,150.0,manual,24380,Alameda del Obispo,14005,Córdoba,Alameda del Obispo
BMW,Serie 2,Diésel,82562.0,116.0,manual,18800,Toledo,45002,Toledo,Toledo
BMW,Serie 2,Diésel,82562.0,116.0,manual,18800,Málaga,29015,Málaga,Málaga
BMW,Serie 2,Diésel,82562.0,116.0,manual,18800,A Coruña,15003,A Coruña,A Coruña
BMW,Serie 2,Diésel,82562.0,116.0,manual,18800,Barcelona,8013,Barcelona,Barcelona
BMW,Serie 2,Diésel,82562.0,116.0,manual,18800,Valencia,46003,Valencia,Valencia
BMW,Serie 2,Diésel,82562.0,116.0,manual,18800,Sant Cugat del Vallès,8172,Barcelona,Sant Cugat del Vallès
BMW,Serie 2,Diésel,82562.0,116.0,manual,18800,Valladolid,47004,Valladolid,Valladolid
BMW,Serie 2,Diésel,82562.0,116.0,manual,18800,Móstoles,28931,Madrid,Móstoles
BMW,Serie 2,Diésel,82562.0,116.0,manual,18800,San Sebastián de Los Reyes,28700,Madrid,San Sebastián de Los Reyes
BMW,Serie 2,Diésel,191900.0,190.0,automatic,19500,Carretera de San Martin de La Vega,28320,Madrid,Carretera de San Martin de La Vega
BMW,Serie 2,Diésel,149850.0,116.0,manual,17600,Girona,17005,Girona,Girona
BMW,Z4,Gasolina,80000.0,184.0,automatic,24890,Barcelona,8016,Barcelona,Barcelona
BMW,Z4,Gasolina,165517.0,204.0,automatic,19200,Olèrdola,8734,Barcelona,Olèrdola
BMW,Z4,Gasolina,165517.0,204.0,automatic,19200,Olèrdola,8734,Barcelona,Olèrdola
BMW,Z4,Gasolina,146049.0,204.0,manual,19450,Olèrdola,8734,Barcelona,Olèrdola
BMW,Z4,Gasolina,146049.0,204.0,manual,19450,Olèrdola,8734,Barcelona,Olèrdola
BMW,Z4,Gasolina,82716.0,204.0,manual,20400,Olèrdola,8734,Barcelona,Olèrdola
BMW,Z4,Gasolina,82716.0,204.0,manual,20400,Olèrdola,8734,Barcelona,Olèrdola
BMW,Z4,Gasolina,112812.0,204.0,manual,20450,Olèrdola,8734,Barcelona,Olèrdola
BMW,Z4,Gasolina,112812.0,204.0,manual,20450,Olèrdola,8734,Barcelona,Olèrdola
BMW,Z4,Gasolina,96592.0,204.0,automatic,22900,Olèrdola,8734,Barcelona,Olèrdola
BMW,Z4,Gasolina,96592.0,204.0,automatic,22900,Olèrdola,8734,Barcelona,Olèrdola
BMW,Z4,Gasolina,148397.0,306.0,manual,23500,Olèrdola,8734,Barcelona,Olèrdola
BMW,Z4,Gasolina,148397.0,306.0,manual,23500,Olèrdola,8734,Barcelona,Olèrdola
BMW,Z4,Gasolina,165517.0,204.0,automatic,19200,Santa Maria del Aguila,4710,Almería,Santa Maria del Aguila
BMW,Z4,Gasolina,146049.0,204.0,manual,19450,Santa Maria del Aguila,4710,Almería,Santa Maria del Aguila
BMW,Z4,Gasolina,82716.0,204.0,manual,20400,Santa Maria del Aguila,4710,Almería,Santa Maria del Aguila
BMW,Z4,Gasolina,112812.0,204.0,manual,20450,Santa Maria del Aguila,4710,Almería,Santa Maria del Aguila
BMW,Z4,Gasolina,148397.0,306.0,manual,23500,Santa Maria del Aguila,4710,Almería,Santa Maria del Aguila
BMW,Z4,Gasolina,165517.0,204.0,automatic,19200,Sant Vicenç de Montalt,8394,Barcelona,Sant Vicenç de Montalt
BMW,Z4,Gasolina,146049.0,204.0,manual,19450,Sant Vicenç de Montalt,8394,Barcelona,Sant Vicenç de Montalt
BMW,Z4,Gasolina,82716.0,204.0,manual,20400,Sant Vicenç de Montalt,8394,Barcelona,Sant Vicenç de Montalt
BMW,Z4,Gasolina,112812.0,204.0,manual,20450,Sant Vicenç de Montalt,8394,Barcelona,Sant Vicenç de Montalt
BMW,Z4,Gasolina,148397.0,306.0,manual,23500,Sant Vicenç de Montalt,8394,Barcelona,Sant Vicenç de Montalt
BMW,X4,Diésel,146064.0,190.0,automatic,30935,Alicante,3007,Alicante,Alicante
BMW,X4,Diésel,111719.0,190.0,automatic,30990,Alicante,3010,Alicante,Alicante
BMW,X4,Diésel,111719.0,190.0,automatic,30990,Alicante,3010,Murcia,Alicante
BMW,X4,Diésel,111719.0,190.0,automatic,30990,Granada,18005,Granada,Granada
BMW,X4,Diésel,111719.0,190.0,automatic,30990,Vigo,36211,Pontevedra,Vigo
BMW,X4,Diésel,111719.0,190.0,automatic,30990,Bilbao,48004,Bizkaia,Bilbao
BMW,X4,Diésel,106000.0,190.0,automatic,27990,Las Rozas de Madrid,28232,Madrid,Las Rozas de Madrid
Volvo,S80,Diésel,170000.0,185.0,manual,7190,Barcelona,8028,Barcelona,Barcelona
BMW,X4,Diésel,111719.0,190.0,automatic,30990,Sevilla,41005,Sevilla,Sevilla
BMW,X4,Diésel,171000.0,190.0,automatic,33999,Villares de la Reina,37184,Salamanca,Villares de la Reina
BMW,X4,Gasolina,106600.0,306.0,automatic,34900,Valdefuentes,28939,Madrid,Valdefuentes
BMW,X4,Gasolina,106600.0,306.0,automatic,34900,Valdefuentes,28939,Madrid,Valdefuentes
BMW,X4,Diésel,111719.0,190.0,automatic,30990,Villaviciosa de Odón,28670,Madrid,Villaviciosa de Odón
BMW,X4,Diésel,177600.0,190.0,automatic,26900,Valdefuentes,28939,Madrid,Valdefuentes
BMW,X4,Diésel,177600.0,190.0,automatic,26900,Valdefuentes,28939,Madrid,Valdefuentes
BMW,X4,Diésel,139000.0,313.0,automatic,31900,Castello/Castellon de La Plana,12100,Castellón,Castello/Castellon de La Plana
BMW,X4,Diésel,155854.0,258.0,automatic,31800,Valdepeñas,13300,Ciudad Real,Valdepeñas
BMW,X4,Diésel,155854.0,258.0,automatic,31800,Valdepeñas,13300,Ciudad Real,Valdepeñas
BMW,X4,Diésel,155854.0,258.0,automatic,31800,Sant Vicenç de Montalt,8394,Barcelona,Sant Vicenç de Montalt
BMW,X4,Diésel,155854.0,258.0,automatic,31800,Vigo,36214,Pontevedra,Vigo
BMW,X4,Diésel,155854.0,258.0,automatic,31800,Granollers,8403,Barcelona,Granollers
Fiat,Ulysse,Diésel,180000.0,128.0,manual,5990,Olot,17800,Girona,Olot
Toyota,Auris,Eléctrico,49000.0,140.0,automatic,17200,Bormujos,41930,Sevilla,Bormujos
Toyota,Auris,Eléctrico,49000.0,140.0,automatic,17200,Valencia,46002,Valencia,Valencia
Fiat,Ducato,Diésel,41240.0,115.0,manual,24200,Madrid,28014,Madrid,Madrid
Fiat,Ducato,Diésel,53031.0,115.0,manual,23900,Madrid,28014,Madrid,Madrid
Volvo,S80,Diésel,330000.0,185.0,automatic,6999,Arbuio,48810,Bizkaia,Arbuio
Fiat,Ducato,Diésel,970000.0,177.0,manual,12900,Santa Perpètua de Mogoda,8130,Barcelona,Santa Perpètua de Mogoda
Fiat,Ducato,Diésel,750000.0,180.0,manual,9500,Santa Perpètua de Mogoda,8130,Barcelona,Santa Perpètua de Mogoda
Fiat,Fiorino,Diésel,66200.0,80.0,manual,10285,Trapaga-Causo,48510,Bizkaia,Trapaga-Causo
Fiat,Fiorino,Diésel,172928.0,75.0,manual,6999,Linares,23700,Jaén,Linares
Fiat,Fiorino,Diésel,111000.0,80.0,manual,154,Gandía,46701,Valencia,Gandía
Fiat,Fiorino,Diésel,55636.0,75.0,manual,7490,Málaga,29005,Málaga,Málaga
Fiat,Fiorino,Diésel,199000.0,75.0,manual,5900,Sant Adrià de Besòs,8930,Barcelona,Sant Adrià de Besòs
Fiat,Fiorino,Diésel,149800.0,80.0,manual,6603,Lepe,21440,Huelva,Lepe
Fiat,Fiorino,Diésel,149800.0,80.0,manual,6603,Lepe,21440,Huelva,Lepe
Fiat,Fiorino,Diésel,113035.0,80.0,manual,10190,Madrid,28021,Madrid,Madrid
Fiat,Fiorino,Diésel,154999.0,80.0,manual,8900,Vélez-Málaga,29700,Málaga,Vélez-Málaga
Fiat,Fiorino,Diésel,205000.0,75.0,manual,4950,Poligono Industrial San Fernando,28830,Madrid,Poligono Industrial San Fernando
Fiat,Fiorino,Diésel,283000.0,77.0,manual,4000,Badajoz,6001,Badajoz,Badajoz
Fiat,Fiorino,Diésel,140000.0,80.0,manual,7990,La Serna,28500,Madrid,La Serna
Fiat,Fiorino,Diésel,150507.0,80.0,manual,6570,Madrid,28014,Madrid,Madrid
Fiat,Tipo,Diésel,191713.0,120.0,manual,9575,Valencia,46003,Valencia,Valencia
Fiat,Tipo,Diésel,191713.0,120.0,manual,9575,Parla,28980,Madrid,Parla
Fiat,Tipo,Diésel,81000.0,119.0,manual,289,Valencia,46005,Valencia,Valencia
Fiat,Tipo,Diésel,47500.0,95.0,manual,11790,Málaga,29005,Málaga,Málaga
Fiat,Tipo,Gasolina,84382.0,95.0,manual,10490,Málaga,29005,Málaga,Málaga
Fiat,Tipo,Diésel,47500.0,95.0,manual,11790,Urbanizacion La Granjilla,28700,Madrid,Urbanizacion La Granjilla
Fiat,Tipo,Diésel,47500.0,95.0,manual,11790,Villaviciosa de Odón,28670,Madrid,Villaviciosa de Odón
Fiat,Tipo,Diésel,47500.0,95.0,manual,11790,Valencia,46001,Valencia,Valencia
Fiat,Tipo,Gasolina,84382.0,95.0,manual,10490,Valencia,46001,Valencia,Valencia
Fiat,Tipo,Diésel,47500.0,95.0,manual,11790,Alicante,3010,Alicante,Alicante
Fiat,Tipo,Diésel,47500.0,95.0,manual,11790,Alicante,3010,Murcia,Alicante
Fiat,Tipo,Gasolina,84382.0,95.0,manual,10490,Alicante,3010,Alicante,Alicante
Fiat,Tipo,Gasolina,84382.0,95.0,manual,10490,Alicante,3010,Murcia,Alicante
Fiat,Tipo,Diésel,47500.0,95.0,manual,11790,Granada,18005,Granada,Granada
Fiat,Tipo,Gasolina,84382.0,95.0,manual,10490,Granada,18005,Granada,Granada
Fiat,Tipo,Diésel,47500.0,95.0,manual,11790,Murcia,30005,Murcia,Murcia
Fiat,Tipo,Gasolina,84382.0,95.0,manual,10490,Murcia,30005,Murcia,Murcia
Fiat,Tipo,Gasolina,10252.0,95.0,manual,12899,Madrid,28014,Madrid,Madrid
Fiat,Tipo,Gasolina,84382.0,95.0,manual,10490,Vigo,36211,Pontevedra,Vigo
Fiat,Tipo,Diésel,47500.0,95.0,manual,11790,Sevilla,41005,Sevilla,Sevilla
Fiat,Tipo,Gasolina,10252.0,95.0,manual,12899,Barcelona,8007,Barcelona,Barcelona
Fiat,Tipo,Diésel,47500.0,95.0,manual,11790,Camarma de Esteruelas,28816,Madrid,Camarma de Esteruelas
Fiat,Tipo,Diésel,47500.0,95.0,manual,11790,Camarma de Esteruelas,28816,Madrid,Camarma de Esteruelas
Fiat,Tipo,Diésel,47500.0,95.0,manual,11790,Bilbao,48004,Bizkaia,Bilbao
Fiat,Tipo,Gasolina,84382.0,95.0,manual,10490,Bilbao,48004,Bizkaia,Bilbao
Fiat,Tipo,Diésel,47500.0,95.0,manual,11790,Colonia Pablo Iglesias,28520,Madrid,Colonia Pablo Iglesias
Fiat,Tipo,Gasolina,84382.0,95.0,manual,10490,Almería,4006,Almería,Almería
Fiat,Tipo,Diésel,47500.0,95.0,manual,11790,Las Rozas de Madrid,28232,Madrid,Las Rozas de Madrid
Fiat,Tipo,Diésel,47500.0,95.0,manual,11790,Fuenlabrada,28947,Madrid,Fuenlabrada
Fiat,Panda,Gasolina,78968.0,69.0,manual,5900,Massanassa,46470,Valencia,Massanassa
Fiat,Panda,Gasolina,78968.0,69.0,manual,5900,Massanassa,46470,Valencia,Massanassa
Fiat,Panda,Gasolina,78968.0,69.0,manual,5900,Massanassa,46470,Valencia,Massanassa
Fiat,Panda,Gasolina,78968.0,69.0,manual,5900,Massanassa,46470,Valencia,Massanassa
Fiat,Panda,Gasolina,52913.0,85.0,manual,14145,Mercado Parque Corredor del Henares,28850,Madrid,Mercado Parque Corredor del Henares
Fiat,Panda,Gasolina,52913.0,85.0,manual,14145,Vigo,36214,Pontevedra,Vigo
Fiat,Panda,Gasolina,52913.0,85.0,manual,14145,Murcia,30003,Murcia,Murcia
Fiat,Panda,Gasolina,52913.0,85.0,manual,14145,Saladar,3700,Alicante,Saladar
Fiat,Panda,Gasolina,52913.0,85.0,manual,14145,Granollers,8403,Barcelona,Granollers
Fiat,Panda,Gasolina,52913.0,85.0,manual,14145,Puerto de Sagunto,46520,Valencia,Puerto de Sagunto
Fiat,Panda,Gasolina,52913.0,85.0,manual,14145,Valdepeñas,13300,Ciudad Real,Valdepeñas
Fiat,Panda,Gasolina,52913.0,85.0,manual,14145,Valdepeñas,13300,Ciudad Real,Valdepeñas
Fiat,Panda,Gasolina,52913.0,85.0,manual,14145,Badajoz,6008,Badajoz,Badajoz
Fiat,Panda,Gasolina,52913.0,85.0,manual,14145,Santa Maria del Aguila,4710,Almería,Santa Maria del Aguila
Fiat,Panda,Gasolina,52913.0,85.0,manual,14145,Sant Vicenç de Montalt,8394,Barcelona,Sant Vicenç de Montalt
Fiat,Panda,Gasolina,52913.0,85.0,manual,14145,Ciudad Real,13003,Ciudad Real,Ciudad Real
Fiat,Panda,Gasolina,52913.0,85.0,manual,14145,Barcelona,8007,Barcelona,Barcelona
Fiat,Panda,Gasolina,52913.0,85.0,manual,14145,Olèrdola,8734,Barcelona,Olèrdola
Fiat,Panda,Gasolina,52913.0,85.0,manual,14145,Olèrdola,8734,Barcelona,Olèrdola
Fiat,Panda,Gasolina,52913.0,85.0,manual,14145,Santiago de Compostela,15703,A Coruña,Santiago de Compostela
Fiat,Panda,Gasolina,52913.0,85.0,manual,14145,Alcobendas,28100,Madrid,Alcobendas
Fiat,Panda,Gasolina,52913.0,85.0,manual,14145,Castello/Castellon de La Plana,12100,Castellón,Castello/Castellon de La Plana
Fiat,Panda,Gasolina,52913.0,85.0,manual,14145,Hidraulica Santillana,28770,Madrid,Hidraulica Santillana
Fiat,Panda,Gasolina,52913.0,85.0,manual,14145,Albacete,2001,Albacete,Albacete
Fiat,Panda,Gasolina,52913.0,85.0,manual,14145,Las Rozas de Madrid,28232,Madrid,Las Rozas de Madrid
Fiat,Panda,Gasolina,52913.0,85.0,manual,14145,Torremolinos,29620,Málaga,Torremolinos
Fiat,Panda,Gasolina,52913.0,85.0,manual,14145,Torremolinos,29620,Málaga,Torremolinos
Fiat,Panda,Gasolina,52913.0,85.0,manual,14145,Torremolinos,29620,Málaga,Torremolinos
Fiat,Panda,Gasolina,52913.0,85.0,manual,14145,Zaragoza,50013,Zaragoza,Zaragoza
Fiat,Panda,Gasolina,52913.0,85.0,manual,14145,Paterna,46980,Valencia,Paterna
Fiat,Panda,Gasolina,52913.0,85.0,manual,14145,Atarrabia,31610,Navarra,Atarrabia
Fiat,Panda,Gasolina,52913.0,85.0,manual,14145,Alcalá de Guadaíra,41500,Sevilla,Alcalá de Guadaíra
Fiat,Panda,Gasolina,52913.0,85.0,manual,14145,Mercabilbao,48970,Bizkaia,Mercabilbao
Fiat,Panda,Gasolina,52913.0,85.0,manual,14145,Getafe,28906,Madrid,Getafe
Fiat,Panda,Gasolina,52913.0,85.0,manual,14145,Collado Villalba,28400,Madrid,Collado Villalba
Fiat,Panda,Gasolina,52913.0,85.0,manual,14145,Collado Villalba,28400,Madrid,Collado Villalba
Fiat,Scudo,Diésel,58000.0,84.0,manual,15900,Valencia,46002,Valencia,Valencia
Fiat,500L,Diésel,74000.0,119.0,manual,401,Barcelona,8009,Barcelona,Barcelona
Fiat,500L,Gasolina,62000.0,95.0,manual,10990,Vigo,36211,Pontevedra,Vigo
Fiat,500L,Gasolina,62000.0,95.0,manual,10990,Bilbao,48004,Bizkaia,Bilbao
Fiat,500L,Gasolina,62000.0,95.0,manual,10990,Sevilla,41005,Sevilla,Sevilla
Fiat,500L,Gasolina,62000.0,95.0,manual,10990,Alicante,3010,Alicante,Alicante
Fiat,500L,Gasolina,62000.0,95.0,manual,10990,Alicante,3010,Murcia,Alicante
Fiat,500L,Gasolina,62000.0,95.0,manual,10990,Granada,18005,Granada,Granada
Fiat,500L,Gasolina,62000.0,95.0,manual,10990,Colonia Pablo Iglesias,28520,Madrid,Colonia Pablo Iglesias
Fiat,500L,Gasolina,62000.0,95.0,manual,10990,Urbanizacion La Granjilla,28700,Madrid,Urbanizacion La Granjilla
Fiat,500L,Gasolina,62000.0,95.0,manual,10990,Valencia,46001,Valencia,Valencia
Fiat,500L,Gasolina,62000.0,95.0,manual,10990,Toledo,45002,Toledo,Toledo
Fiat,500L,Gasolina,62000.0,95.0,manual,10990,Collado Villalba,28400,Madrid,Collado Villalba
Fiat,500L,Gasolina,62000.0,95.0,manual,10990,Collado Villalba,28400,Madrid,Collado Villalba
Fiat,500L,Gasolina,62000.0,95.0,manual,10990,Las Rozas de Madrid,28232,Madrid,Las Rozas de Madrid
Fiat,500L,Gasolina,62000.0,95.0,manual,10990,Villaviciosa de Odón,28670,Madrid,Villaviciosa de Odón
Fiat,500L,Gasolina,62000.0,95.0,manual,10990,Camarma de Esteruelas,28816,Madrid,Camarma de Esteruelas
Fiat,500L,Gasolina,62000.0,95.0,manual,10990,Camarma de Esteruelas,28816,Madrid,Camarma de Esteruelas
Fiat,500L,Gasolina,79000.0,105.0,manual,11990,Madrid,28019,Madrid,Madrid
Fiat,500L,Gasolina,27130.0,95.0,manual,16299,Madrid,28014,Madrid,Madrid
Fiat,500L,Diésel,128894.0,95.0,manual,12990,Madrid,28021,Madrid,Madrid
Fiat,500L,Diésel,54403.0,105.0,manual,10299,Madrid,28014,Madrid,Madrid
Fiat,500L,Diésel,54403.0,105.0,manual,10299,Barcelona,8007,Barcelona,Barcelona
Fiat,500L,Diésel,103284.0,105.0,manual,12208,Alameda del Obispo,14005,Córdoba,Alameda del Obispo
Fiat,500L,Diésel,103284.0,105.0,manual,12208,Sant Vicenç de Montalt,8394,Barcelona,Sant Vicenç de Montalt
Fiat,500L,Diésel,103284.0,105.0,manual,12208,Santa Maria del Aguila,4710,Almería,Santa Maria del Aguila
Fiat,500L,Gasolina,3801.0,95.0,manual,17990,Alicante,3010,Alicante,Alicante
Fiat,500L,Gasolina,3801.0,95.0,manual,17990,Alicante,3010,Murcia,Alicante
Fiat,500L,Diésel,103284.0,105.0,manual,12208,Santiago de Compostela,15703,A Coruña,Santiago de Compostela
Fiat,500L,Diésel,103284.0,105.0,manual,12208,Hidraulica Santillana,28770,Madrid,Hidraulica Santillana
Fiat,500L,Diésel,103284.0,105.0,manual,12208,Badajoz,6008,Badajoz,Badajoz
Fiat,500X,Gasolina,34000.0,120.0,manual,18500,Casas Novas,36164,Pontevedra,Casas Novas
Fiat,500X,Otros,38700.0,120.0,manual,18200,Antequera,29200,Málaga,Antequera
Fiat,500X,Gasolina,34733.0,120.0,manual,16900,Antequera,29200,Málaga,Antequera
Fiat,500X,Gasolina,17999.0,120.0,manual,16990,Almería,4006,Almería,Almería
Fiat,500X,Gasolina,26657.0,120.0,manual,15990,Almería,4006,Almería,Almería
Fiat,500X,Gasolina,17999.0,120.0,manual,16990,Vigo,36211,Pontevedra,Vigo
Fiat,500X,Gasolina,17999.0,120.0,manual,16990,Sevilla,41005,Sevilla,Sevilla
Fiat,500X,Gasolina,17999.0,120.0,manual,16990,Alicante,3010,Alicante,Alicante
Fiat,500X,Gasolina,17999.0,120.0,manual,16990,Alicante,3010,Murcia,Alicante
Fiat,500X,Gasolina,26657.0,120.0,manual,15990,Sevilla,41005,Sevilla,Sevilla
Fiat,500X,Gasolina,26657.0,120.0,manual,15990,Vigo,36211,Pontevedra,Vigo
Fiat,500X,Gasolina,26657.0,120.0,manual,15990,Bilbao,48004,Bizkaia,Bilbao
Fiat,500X,Gasolina,17999.0,120.0,manual,16990,Granada,18005,Granada,Granada
Fiat,500X,Gasolina,26657.0,120.0,manual,15990,Marbella,29601,Málaga,Marbella
Fiat,500X,Gasolina,17999.0,120.0,manual,16990,Colonia Pablo Iglesias,28520,Madrid,Colonia Pablo Iglesias
Fiat,500X,Gasolina,17999.0,120.0,manual,16990,Valencia,46001,Valencia,Valencia
Fiat,500X,Gasolina,17999.0,120.0,manual,16990,Málaga,29005,Málaga,Málaga
Fiat,500X,Gasolina,26657.0,120.0,manual,15990,Granada,18005,Granada,Granada
Fiat,500X,Gasolina,17999.0,120.0,manual,16990,Urbanizacion La Granjilla,28700,Madrid,Urbanizacion La Granjilla
Fiat,500X,Gasolina,44165.0,110.0,manual,14699,Madrid,28014,Madrid,Madrid
Fiat,500X,Gasolina,44165.0,110.0,manual,14699,Barcelona,8007,Barcelona,Barcelona
Fiat,500X,Gasolina,26657.0,120.0,manual,15990,Málaga,29005,Málaga,Málaga
Fiat,500X,Gasolina,17999.0,120.0,manual,16990,Murcia,30005,Murcia,Murcia
Toyota,C-HR,Eléctrico,80799.0,122.0,automatic,22500,Ciudad Real,13003,Ciudad Real,Ciudad Real
Toyota,C-HR,Eléctrico,80799.0,122.0,automatic,22500,Santiago de Compostela,15703,A Coruña,Santiago de Compostela
Toyota,C-HR,Eléctrico,80799.0,122.0,automatic,22500,Valdepeñas,13300,Ciudad Real,Valdepeñas
Toyota,C-HR,Eléctrico,80799.0,122.0,automatic,22500,Valdepeñas,13300,Ciudad Real,Valdepeñas
Toyota,C-HR,Eléctrico,80799.0,122.0,automatic,22500,Mercado Parque Corredor del Henares,28850,Madrid,Mercado Parque Corredor del Henares
Toyota,C-HR,Eléctrico,13199.0,184.0,automatic,31625,Mercado Parque Corredor del Henares,28850,Madrid,Mercado Parque Corredor del Henares
Toyota,C-HR,Eléctrico,13199.0,184.0,automatic,31625,Vigo,36214,Pontevedra,Vigo
Toyota,C-HR,Eléctrico,13199.0,184.0,automatic,31625,Granollers,8403,Barcelona,Granollers
Toyota,C-HR,Eléctrico,13199.0,184.0,automatic,31625,Murcia,30003,Murcia,Murcia
Fiat,500X,Gasolina,17999.0,120.0,manual,16990,Villaviciosa de Odón,28670,Madrid,Villaviciosa de Odón
Fiat,500X,Gasolina,17999.0,120.0,manual,16990,Toledo,45002,Toledo,Toledo
Fiat,500X,Gasolina,17999.0,120.0,manual,16990,Collado Villalba,28400,Madrid,Collado Villalba
Fiat,500X,Gasolina,17999.0,120.0,manual,16990,Collado Villalba,28400,Madrid,Collado Villalba
Fiat,500X,Gasolina,17999.0,120.0,manual,16990,Las Rozas de Madrid,28232,Madrid,Las Rozas de Madrid
Fiat,500X,Gasolina,17999.0,120.0,manual,16990,Camarma de Esteruelas,28816,Madrid,Camarma de Esteruelas
Fiat,500X,Gasolina,17999.0,120.0,manual,16990,Camarma de Esteruelas,28816,Madrid,Camarma de Esteruelas
Fiat,500X,Gasolina,74078.0,120.0,manual,16990,Madrid,28021,Madrid,Madrid
Fiat,500X,Gasolina,19537.0,120.0,manual,18450,Las Rozas de Madrid,28232,Madrid,Las Rozas de Madrid
Fiat,500X,Gasolina,19537.0,120.0,manual,18450,Mercado Parque Corredor del Henares,28850,Madrid,Mercado Parque Corredor del Henares
Fiat,500X,Gasolina,19537.0,120.0,manual,18450,Ciudad Real,13003,Ciudad Real,Ciudad Real
Fiat,Doblò,Diésel,43288.0,95.0,manual,14900,Madrid,28014,Madrid,Madrid
Fiat,Doblò,Diésel,214013.0,105.0,manual,3300,Barrio de Porta,46930,Valencia,Barrio de Porta
Fiat,Doblò,Diésel,87183.0,80.0,manual,12790,Antequera,29200,Málaga,Antequera
Fiat,Doblò,Diésel,71724.0,95.0,manual,16400,Antequera,29200,Málaga,Antequera
Fiat,Doblò,Diésel,109000.0,120.0,manual,16400,Antequera,29200,Málaga,Antequera
Fiat,Doblò,Diésel,240000.0,105.0,manual,5500,Tarrega,25300,Lleida,Tarrega
Fiat,Doblò,Diésel,1.0,101.0,manual,22950,Casas Novas,36164,Pontevedra,Casas Novas
Ford,Transit Courier,Diésel,28124.0,100.0,manual,17500,Mercado Parque Corredor del Henares,28850,Madrid,Mercado Parque Corredor del Henares
Ford,Transit Courier,Diésel,120234.0,75.0,manual,9490,Alicante,3010,Alicante,Alicante
Ford,Transit Courier,Diésel,120234.0,75.0,manual,9490,Alicante,3010,Murcia,Alicante
Ford,Transit Courier,Diésel,120234.0,75.0,manual,9490,Fuenlabrada,28947,Madrid,Fuenlabrada
Ford,Transit Courier,Diésel,120234.0,75.0,manual,9490,Bilbao,48004,Bizkaia,Bilbao
Ford,Transit Courier,Diésel,120234.0,75.0,manual,9490,Las Rozas de Madrid,28232,Madrid,Las Rozas de Madrid
Ford,Transit Courier,Diésel,120234.0,75.0,manual,9490,Urbanizacion La Granjilla,28700,Madrid,Urbanizacion La Granjilla
Ford,Transit Courier,Diésel,153000.0,75.0,manual,7580,Santa Coloma de Gramenet,8921,Barcelona,Santa Coloma de Gramenet
Ford,Transit Courier,Diésel,134000.0,75.0,manual,10980,Santa Coloma de Gramenet,8921,Barcelona,Santa Coloma de Gramenet
Ford,Transit Courier,Diésel,33069.0,75.0,manual,12636,Barcelona,8030,Barcelona,Barcelona
Ford,Transit Courier,Diésel,10300.0,75.0,manual,13999,Albolote,18220,Granada,Albolote
Fiat,Doblò,Diésel,141000.0,75.0,manual,4300,Sant Quirze del Vallès,8192,Barcelona,Sant Quirze del Vallès
Fiat,Doblò,Diésel,78000.0,80.0,manual,14999,Bollullos de la Mitación,41110,Sevilla,Bollullos de la Mitación
Fiat,Doblò,Diésel,167000.0,90.0,manual,5990,Sabadell,8201,Barcelona,Sabadell
Fiat,Doblò,Diésel,318000.0,105.0,manual,5800,La Escucha,30813,Murcia,La Escucha
Fiat,500,Gasolina,41000.0,69.0,manual,11490,Valdefuentes,28939,Madrid,Valdefuentes
Fiat,500,Gasolina,41000.0,69.0,manual,11490,Valdefuentes,28939,Madrid,Valdefuentes
Toyota,Yaris,Gasolina,17996.0,69.0,manual,11990,Alicante,3010,Alicante,Alicante
Toyota,Yaris,Gasolina,17996.0,69.0,manual,11990,Alicante,3010,Murcia,Alicante
Toyota,Yaris,Gasolina,17996.0,69.0,manual,11990,Vigo,36211,Pontevedra,Vigo
Toyota,Yaris,Eléctrico,52418.0,100.0,automatic,15525,Vigo,36214,Pontevedra,Vigo
Toyota,Yaris,Gasolina,92101.0,99.0,manual,9990,Sevilla,41005,Sevilla,Sevilla
Toyota,Yaris,Gasolina,92101.0,99.0,manual,9990,Bilbao,48004,Bizkaia,Bilbao
Toyota,Yaris,Gasolina,17996.0,69.0,manual,11990,Bilbao,48004,Bizkaia,Bilbao
Toyota,Yaris,Gasolina,17996.0,69.0,manual,11990,Ullastrell,8231,Barcelona,Ullastrell
Toyota,Yaris,Gasolina,17996.0,69.0,manual,11990,Òrrius,8317,Barcelona,Òrrius
Fiat,500,Gasolina,87322.0,69.0,manual,7300,La Papiola,43178,Tarragona,La Papiola
Fiat,500,Gasolina,68534.0,69.0,manual,11790,Málaga,29003,Málaga,Málaga
Fiat,500,Gasolina,70598.0,69.0,manual,10890,Molina de Segura,30509,Murcia,Molina de Segura
Fiat,500,Eléctrico,67900.0,70.0,manual,11900,Canals,46650,Valencia,Canals
Fiat,500,Gasolina,43139.0,69.0,manual,10900,Antequera,29200,Málaga,Antequera
Fiat,500,Gasolina,55000.0,69.0,manual,193,Gandía,46701,Valencia,Gandía
Fiat,500,Gasolina,55000.0,69.0,manual,296,Valencia,46005,Valencia,Valencia
Fiat,500,Gasolina,55000.0,69.0,manual,302,Valencia,46005,Valencia,Valencia
Fiat,500,Gasolina,54000.0,69.0,manual,296,Sevilla,41018,Sevilla,Sevilla
Fiat,500,Gasolina,53000.0,69.0,manual,193,Madrid,28009,Madrid,Madrid
Fiat,500,Gasolina,49000.0,69.0,manual,298,Barcelona,8009,Barcelona,Barcelona
Fiat,500,Gasolina,58000.0,69.0,manual,296,Barcelona,8009,Barcelona,Barcelona
Fiat,500,Gasolina,53000.0,69.0,manual,296,Madrid,28006,Madrid,Madrid
Fiat,500,Gasolina,83508.0,69.0,manual,8990,Vigo,36211,Pontevedra,Vigo
Fiat,500,Gasolina,83508.0,69.0,manual,8990,Bilbao,48004,Bizkaia,Bilbao
Fiat,500,Gasolina,83508.0,69.0,manual,8990,Sevilla,41005,Sevilla,Sevilla
Fiat,500,Gasolina,83508.0,69.0,manual,8990,Alicante,3010,Alicante,Alicante
Fiat,500,Gasolina,83508.0,69.0,manual,8990,Alicante,3010,Murcia,Alicante
Fiat,Freemont,Diésel,117934.0,140.0,manual,11499,Madrid,28014,Madrid,Madrid
Fiat,Freemont,Diésel,71248.0,170.0,automatic,15199,Madrid,28014,Madrid,Madrid
Fiat,Freemont,Diésel,117934.0,140.0,manual,11499,Barcelona,8007,Barcelona,Barcelona
Fiat,Freemont,Diésel,71248.0,170.0,automatic,15199,Barcelona,8007,Barcelona,Barcelona
Fiat,Freemont,Diésel,88000.0,140.0,manual,16500,Colonia Pablo Iglesias,28520,Madrid,Colonia Pablo Iglesias
Fiat,Freemont,Diésel,88000.0,140.0,manual,16500,Alcalá de Guadaíra,41500,Sevilla,Alcalá de Guadaíra
Fiat,Freemont,Diésel,88000.0,140.0,manual,16500,Mercabilbao,48970,Bizkaia,Mercabilbao
Fiat,Freemont,Diésel,110000.0,140.0,manual,11900,Sevilla,41006,Sevilla,Sevilla
Fiat,Freemont,Diésel,170000.0,170.0,automatic,15990,Sotillo de la Adrada,5420,Ávila,Sotillo de la Adrada
Fiat,Freemont,Diésel,110508.0,140.0,manual,11200,Ciudad Real,13003,Ciudad Real,Ciudad Real
Fiat,Freemont,Diésel,88000.0,140.0,manual,16500,Ciudad Real,13003,Ciudad Real,Ciudad Real
Fiat,Freemont,Diésel,180000.0,170.0,automatic,12990,Torrevieja,3183,Alicante,Torrevieja
Fiat,Freemont,Diésel,158000.0,140.0,manual,10490,Barcelona,8028,Barcelona,Barcelona
Fiat,Freemont,Diésel,110508.0,140.0,manual,11200,Granollers,8403,Barcelona,Granollers
Fiat,Freemont,Diésel,110508.0,140.0,manual,11200,Valdepeñas,13300,Ciudad Real,Valdepeñas
Fiat,Freemont,Diésel,110508.0,140.0,manual,11200,Valdepeñas,13300,Ciudad Real,Valdepeñas
Fiat,Freemont,Diésel,110508.0,140.0,manual,11200,Murcia,30003,Murcia,Murcia
Fiat,Freemont,Diésel,110508.0,140.0,manual,11200,Badajoz,6008,Badajoz,Badajoz
Fiat,Freemont,Diésel,110508.0,140.0,manual,11200,Vigo,36214,Pontevedra,Vigo
Fiat,Freemont,Diésel,110508.0,140.0,manual,11200,Estepona,29680,Málaga,Estepona
Fiat,Freemont,Diésel,110508.0,140.0,manual,11200,Alicante,3007,Alicante,Alicante
Fiat,Freemont,Diésel,110508.0,140.0,manual,11200,Alcalá de Guadaíra,41500,Sevilla,Alcalá de Guadaíra
Fiat,Freemont,Diésel,110508.0,140.0,manual,11200,Hidraulica Santillana,28770,Madrid,Hidraulica Santillana
Fiat,Freemont,Diésel,110508.0,140.0,manual,11200,Puerto de Sagunto,46520,Valencia,Puerto de Sagunto
Fiat,Freemont,Diésel,110508.0,140.0,manual,11200,Mercabilbao,48970,Bizkaia,Mercabilbao
Fiat,Freemont,Diésel,110508.0,140.0,manual,11200,Santafe,18320,Granada,Santafe
Fiat,Freemont,Diésel,110508.0,140.0,manual,11200,Castello/Castellon de La Plana,12100,Castellón,Castello/Castellon de La Plana
Fiat,Freemont,Diésel,110508.0,140.0,manual,11200,Colonia Pablo Iglesias,28520,Madrid,Colonia Pablo Iglesias
Fiat,Freemont,Diésel,110508.0,140.0,manual,11200,Getafe,28906,Madrid,Getafe
Fiat,Freemont,Diésel,110508.0,140.0,manual,11200,Paterna,46980,Valencia,Paterna
Fiat,Freemont,Diésel,110508.0,140.0,manual,11200,Collado Villalba,28400,Madrid,Collado Villalba
Fiat,Freemont,Diésel,110508.0,140.0,manual,11200,Collado Villalba,28400,Madrid,Collado Villalba
Fiat,Freemont,Diésel,110508.0,140.0,manual,11200,Atarrabia,31610,Navarra,Atarrabia
Fiat,Freemont,Diésel,110508.0,140.0,manual,11200,Zaragoza,50013,Zaragoza,Zaragoza
Fiat,Freemont,Diésel,110508.0,140.0,manual,11200,Barcelona,8007,Barcelona,Barcelona
Fiat,Freemont,Diésel,110508.0,140.0,manual,11200,Alcobendas,28100,Madrid,Alcobendas
Fiat,Qubo,Diésel,58000.0,80.0,manual,16900,Gamarra Mayor,1013,Álava,Gamarra Mayor
Fiat,Bravo,Diésel,133075.0,105.0,manual,5800,Alicante,3010,Alicante,Alicante
Fiat,Bravo,Diésel,133075.0,105.0,manual,5800,Alicante,3010,Murcia,Alicante
Alfa Romeo,MiTO,Gasolina,93000.0,78.0,manual,5490,Sant Quirze del Vallès,8192,Barcelona,Sant Quirze del Vallès
Fiat,Bravo,Gasolina,152350.0,120.0,manual,4990,Leioa,48940,Bizkaia,Leioa
Fiat,Bravo,Diésel,200000.0,120.0,manual,4600,Móstoles,28938,Madrid,Móstoles
Fiat,Bravo,Diésel,97000.0,105.0,manual,5700,Padul,18640,Granada,Padul
Fiat,Punto,Gasolina,42263.0,69.0,manual,9890,Leganés,28916,Madrid,Leganés
Fiat,Punto,Gasolina,42263.0,69.0,manual,9890,Alcobendas,28100,Madrid,Alcobendas
Fiat,Punto,Gasolina,42263.0,69.0,manual,9890,Madrid,28046,Madrid,Madrid
Fiat,Punto,Diésel,140000.0,130.0,manual,4900,Valencia,46013,Valencia,Valencia
Volvo,S90,Diésel,117311.0,190.0,automatic,37950,Albacete,2001,Albacete,Albacete
Volvo,S90,Diésel,117311.0,190.0,automatic,37950,Zaragoza,50013,Zaragoza,Zaragoza
Volvo,S90,Diésel,117311.0,190.0,automatic,37950,Valdepeñas,13300,Ciudad Real,Valdepeñas
Volvo,S90,Diésel,117311.0,190.0,automatic,37950,Valdepeñas,13300,Ciudad Real,Valdepeñas
Volvo,S90,Diésel,117311.0,190.0,automatic,37950,Estepona,29680,Málaga,Estepona
Volvo,S90,Diésel,86000.0,190.0,automatic,28890,Madrid,28044,Madrid,Madrid
Volvo,S90,Diésel,117311.0,190.0,automatic,37950,Alameda del Obispo,14005,Córdoba,Alameda del Obispo
Volvo,S90,Diésel,117311.0,190.0,automatic,37950,Alcalá de Guadaíra,41500,Sevilla,Alcalá de Guadaíra
Volvo,S90,Diésel,117311.0,190.0,automatic,37950,Las Rozas de Madrid,28232,Madrid,Las Rozas de Madrid
Volvo,S90,Diésel,117311.0,190.0,automatic,37950,Getafe,28906,Madrid,Getafe
Volvo,S90,Diésel,117311.0,190.0,automatic,37950,Colonia Pablo Iglesias,28520,Madrid,Colonia Pablo Iglesias
Volvo,S90,Diésel,117311.0,190.0,automatic,37950,Paterna,46980,Valencia,Paterna
Volvo,S90,Diésel,117311.0,190.0,automatic,37950,Puerto de Sagunto,46520,Valencia,Puerto de Sagunto
Volvo,S90,Diésel,117311.0,190.0,automatic,37950,Hidraulica Santillana,28770,Madrid,Hidraulica Santillana
Fiat,Punto,Gasolina,69966.0,70.0,manual,8799,Madrid,28014,Madrid,Madrid
Fiat,Punto,Gasolina,69966.0,70.0,manual,8799,Barcelona,8007,Barcelona,Barcelona
Toyota,Avensis,Gasolina,176000.0,147.0,manual,3880,Sevilla,41001,Sevilla,Sevilla
Toyota,Avensis,Diésel,107912.0,143.0,manual,16499,Barcelona,8007,Barcelona,Barcelona
Toyota,Avensis,Diésel,107912.0,143.0,manual,16499,Madrid,28014,Madrid,Madrid
Ford,Transit Custom,Diésel,26343.0,130.0,manual,29900,Getafe,28906,Madrid,Getafe
Ford,Transit Custom,Diésel,26343.0,130.0,manual,29900,Hidraulica Santillana,28770,Madrid,Hidraulica Santillana
Ford,Transit Custom,Diésel,26343.0,130.0,manual,29900,Murcia,30003,Murcia,Murcia
Ford,Transit Custom,Diésel,26343.0,130.0,manual,29900,Olèrdola,8734,Barcelona,Olèrdola
Ford,Transit Custom,Diésel,26343.0,130.0,manual,29900,Olèrdola,8734,Barcelona,Olèrdola
Ford,Transit Custom,Diésel,26343.0,130.0,manual,29900,Alicante,3007,Alicante,Alicante
Ford,Transit Custom,Diésel,26343.0,130.0,manual,29900,Las Rozas de Madrid,28232,Madrid,Las Rozas de Madrid
Ford,Transit Custom,Diésel,26343.0,130.0,manual,29900,Valdepeñas,13300,Ciudad Real,Valdepeñas
Ford,Transit Custom,Diésel,26343.0,130.0,manual,29900,Valdepeñas,13300,Ciudad Real,Valdepeñas
Ford,Transit Custom,Diésel,26343.0,130.0,manual,29900,Colonia Pablo Iglesias,28520,Madrid,Colonia Pablo Iglesias
Ford,Transit Custom,Diésel,26343.0,130.0,manual,29900,Zaragoza,50013,Zaragoza,Zaragoza
Ford,Transit Custom,Diésel,26343.0,130.0,manual,29900,Atarrabia,31610,Navarra,Atarrabia
Ford,Transit Custom,Diésel,26343.0,130.0,manual,29900,Alcalá de Guadaíra,41500,Sevilla,Alcalá de Guadaíra
Ford,Transit Custom,Diésel,26343.0,130.0,manual,29900,Alameda del Obispo,14005,Córdoba,Alameda del Obispo
Fiat,Stilo,Gasolina,90193.0,103.0,manual,1650,Madrid,28026,Madrid,Madrid
Fiat,Stilo,Diésel,168000.0,115.0,manual,2500,Lugo,27001,Lugo,Lugo
Fiat,Stilo,Gasolina,161900.0,95.0,manual,2950,Alicante,3004,Alicante,Alicante
Fiat,Stilo,Gasolina,161900.0,95.0,manual,2950,Llano de Brujas,30161,Murcia,Llano de Brujas
Fiat,Stilo,Gasolina,73000.0,105.0,manual,4900,Barbera del Valles,8210,Barcelona,Barbera del Valles
Volvo,V60,Diésel,96000.0,149.0,manual,450,Barcelona,8009,Barcelona,Barcelona
Volvo,V60,Diésel,99950.0,149.0,manual,488,Madrid,28006,Madrid,Madrid
Volvo,V60,Diésel,150232.0,163.0,manual,13585,Valdepeñas,13300,Ciudad Real,Valdepeñas
Volvo,V60,Diésel,150232.0,163.0,manual,13585,Valdepeñas,13300,Ciudad Real,Valdepeñas
Volvo,V60,Diésel,150232.0,163.0,manual,13585,Albacete,2001,Albacete,Albacete
Volvo,V60,Diésel,70000.0,150.0,manual,16950,Barcelona,8013,Barcelona,Barcelona
Fiat,Stilo,Diésel,220000.0,115.0,manual,2500,Trasona,33468,Asturias,Trasona
Fiat,Stilo,Diésel,220000.0,115.0,manual,2500,Trasona,33468,Asturias,Trasona
Fiat,Punto Evo,Gasolina,101268.0,105.0,manual,4950,Hidraulica Santillana,28770,Madrid,Hidraulica Santillana
Fiat,Punto Evo,Gasolina,101268.0,105.0,manual,4950,Getafe,28901,Madrid,Getafe
Fiat,Punto Evo,Gasolina,101268.0,105.0,manual,4950,Alcobendas,28100,Madrid,Alcobendas
Fiat,Punto Evo,Gasolina,101268.0,105.0,manual,4950,Colonia Pablo Iglesias,28520,Madrid,Colonia Pablo Iglesias
Fiat,Punto Evo,Diésel,227000.0,75.0,manual,2700,Padul,18640,Granada,Padul
Fiat,Punto Evo,Diésel,250000.0,95.0,manual,3600,Torrijos,45500,Toledo,Torrijos
Fiat,Punto Evo,Diésel,215000.0,75.0,manual,3490,Móstoles,28936,Madrid,Móstoles
Fiat,Punto Evo,Diésel,120000.0,75.0,manual,6900,Santander,39011,Cantabria,Santander
Fiat,Punto Evo,Diésel,182000.0,95.0,manual,6000,Roquetas de Mar,4740,Almería,Roquetas de Mar
Fiat,Punto Evo,Diésel,217696.0,75.0,manual,5000,Roquetas de Mar,4740,Almería,Roquetas de Mar
Fiat,Punto Evo,Diésel,230163.0,95.0,manual,7500,Orbazai,27297,Lugo,Orbazai
Fiat,Punto Evo,Diésel,149000.0,75.0,manual,5950,Manresa,8240,Barcelona,Manresa
Ford,Tourneo Custom,Diésel,110999.0,130.0,manual,22990,Almería,4006,Almería,Almería
Ford,Tourneo Custom,Diésel,110999.0,130.0,manual,22990,Oviedo,33003,Asturias,Oviedo
Ford,Tourneo Custom,Diésel,107188.0,170.0,manual,28990,Vigo,36211,Pontevedra,Vigo
Ford,Tourneo Custom,Diésel,107188.0,170.0,manual,28990,Almería,4006,Almería,Almería
Ford,Tourneo Custom,Diésel,107188.0,170.0,manual,28990,Bilbao,48004,Bizkaia,Bilbao
Ford,Tourneo Custom,Diésel,107188.0,170.0,manual,28990,Sevilla,41005,Sevilla,Sevilla
Ford,Tourneo Custom,Diésel,107188.0,170.0,manual,28990,Alicante,3010,Alicante,Alicante
Ford,Tourneo Custom,Diésel,107188.0,170.0,manual,28990,Alicante,3010,Murcia,Alicante
Ford,Tourneo Custom,Diésel,107188.0,170.0,manual,28990,Murcia,30005,Murcia,Murcia
Ford,Tourneo Custom,Diésel,107188.0,170.0,manual,28990,Granada,18005,Granada,Granada
Ford,Tourneo Custom,Diésel,107188.0,170.0,manual,28990,Málaga,29005,Málaga,Málaga
Ford,Tourneo Custom,Diésel,107188.0,170.0,manual,28990,Palma de Mallorca,7003,Baleares,Palma de Mallorca
Ford,B-MAX,Gasolina,90123.0,105.0,automatic,12925,Sant Vicenç de Montalt,8394,Barcelona,Sant Vicenç de Montalt
Ford,B-MAX,Gasolina,90123.0,105.0,automatic,12925,Puerto de Sagunto,46520,Valencia,Puerto de Sagunto
Ford,B-MAX,Gasolina,90123.0,105.0,automatic,12925,Barcelona,8007,Barcelona,Barcelona
Ford,B-MAX,Gasolina,90123.0,105.0,automatic,12925,Olèrdola,8734,Barcelona,Olèrdola
Ford,B-MAX,Gasolina,90123.0,105.0,automatic,12925,Olèrdola,8734,Barcelona,Olèrdola
Ford,B-MAX,Gasolina,90123.0,105.0,automatic,12925,Colonia Pablo Iglesias,28520,Madrid,Colonia Pablo Iglesias
Ford,B-MAX,Gasolina,90123.0,105.0,automatic,12925,Alzira,46600,Valencia,Alzira
Ford,B-MAX,Gasolina,90123.0,105.0,automatic,12925,Alzira,46600,Valencia,Alzira
Ford,B-MAX,Gasolina,90123.0,105.0,automatic,12925,Alicante,3007,Alicante,Alicante
Ford,B-MAX,Gasolina,18541.0,100.0,manual,16300,Las Rozas de Madrid,28232,Madrid,Las Rozas de Madrid
Ford,B-MAX,Gasolina,18541.0,100.0,manual,16300,Castello/Castellon de La Plana,12100,Castellón,Castello/Castellon de La Plana
Ford,B-MAX,Gasolina,18541.0,100.0,manual,16300,Barcelona,8007,Barcelona,Barcelona
Ford,B-MAX,Gasolina,18541.0,100.0,manual,16300,Zaragoza,50013,Zaragoza,Zaragoza
Ford,B-MAX,Gasolina,18541.0,100.0,manual,16300,Atarrabia,31610,Navarra,Atarrabia
Ford,B-MAX,Gasolina,77000.0,105.0,automatic,11999,Alicante,3010,Alicante,Alicante
Ford,B-MAX,Gasolina,77000.0,105.0,automatic,11999,Alicante,3010,Murcia,Alicante
Ford,B-MAX,Gasolina,23011.0,100.0,manual,13950,Elx/Elche,3204,Alicante,Elx/Elche
Ford,B-MAX,Gasolina,23011.0,100.0,manual,13450,Málaga,29006,Málaga,Málaga
Ford,B-MAX,Gasolina,23011.0,100.0,manual,13950,Antequera,29200,Málaga,Antequera
Ford,B-MAX,Diésel,98100.0,95.0,manual,10850,Los Negrales,28430,Madrid,Los Negrales
Ford,B-MAX,Diésel,98100.0,95.0,manual,10850,Los Negrales,28430,Madrid,Los Negrales
Ford,B-MAX,Diésel,98100.0,95.0,manual,10850,Alcorcón,28923,Madrid,Alcorcón
Ford,B-MAX,Gasolina,120000.0,100.0,manual,9500,Tortosa,43500,Tarragona,Tortosa
Ford,B-MAX,Diésel,179000.0,95.0,manual,6495,Arganda del Rey,28500,Madrid,Arganda del Rey
Ford,B-MAX,Gasolina,48400.0,125.0,manual,13450,Alcorcón,28923,Madrid,Alcorcón
Ford,B-MAX,Gasolina,48400.0,125.0,manual,13450,Los Negrales,28430,Madrid,Los Negrales
Ford,B-MAX,Gasolina,48400.0,125.0,manual,13450,Los Negrales,28430,Madrid,Los Negrales
Ford,B-MAX,Gasolina,58000.0,100.0,manual,8990,Collado Villalba,28400,Madrid,Collado Villalba
Ford,B-MAX,Gasolina,58000.0,100.0,manual,8990,Collado Villalba,28400,Madrid,Collado Villalba
Ford,B-MAX,Diésel,145137.0,95.0,manual,8990,Sant Boi de Llobregat,8830,Barcelona,Sant Boi de Llobregat
Ford,B-MAX,Diésel,145137.0,95.0,manual,8990,Pamplona/Iruña,31003,Navarra,Pamplona/Iruña
Ford,Tourneo Courier,Gasolina,68700.0,100.0,manual,12990,Granada,18005,Granada,Granada
Ford,Tourneo Courier,Diésel,16814.0,75.0,manual,14990,Málaga,29005,Málaga,Málaga
Ford,Tourneo Courier,Diésel,80000.0,95.0,manual,12990,Málaga,29005,Málaga,Málaga
Ford,Tourneo Courier,Diésel,59000.0,100.0,manual,16990,Granada,18005,Granada,Granada
Ford,Tourneo Courier,Gasolina,68700.0,100.0,manual,12990,Valencia,46001,Valencia,Valencia
Ford,Tourneo Courier,Gasolina,68700.0,100.0,manual,12990,Málaga,29005,Málaga,Málaga
Ford,Tourneo Courier,Diésel,59000.0,100.0,manual,16990,Valencia,46001,Valencia,Valencia
Ford,Tourneo Courier,Diésel,59000.0,100.0,manual,16990,Málaga,29005,Málaga,Málaga
Ford,Tourneo Courier,Diésel,59000.0,100.0,manual,16990,Murcia,30005,Murcia,Murcia
Ford,Tourneo Courier,Gasolina,68700.0,100.0,manual,12990,Palma de Mallorca,7003,Baleares,Palma de Mallorca
Ford,Tourneo Courier,Diésel,59000.0,100.0,manual,16990,Palma de Mallorca,7003,Baleares,Palma de Mallorca
Ford,Tourneo Courier,Diésel,59000.0,100.0,manual,16990,Girona,17007,Girona,Girona
Ford,Tourneo Courier,Gasolina,68700.0,100.0,manual,12990,Tarragona,43006,Tarragona,Tarragona
Ford,Tourneo Courier,Diésel,59000.0,100.0,manual,16990,Palau-Solita I Plegamans,8184,Barcelona,Palau-Solita I Plegamans
Ford,Tourneo Courier,Diésel,59000.0,100.0,manual,16990,Palau-Solita I Plegamans,8184,Barcelona,Palau-Solita I Plegamans
Ford,Tourneo Courier,Diésel,90000.0,75.0,manual,10990,Armentia,1007,Álava,Armentia
Ford,Tourneo Courier,Diésel,75000.0,95.0,manual,12990,Armentia,1007,Álava,Armentia
Peugeot,2008,Diésel,32665.0,92.0,manual,11699,Madrid,28014,Madrid,Madrid
Peugeot,2008,Gasolina,59981.0,100.0,manual,16990,Alicante,3010,Alicante,Alicante
Peugeot,2008,Gasolina,59981.0,100.0,manual,16990,Alicante,3010,Murcia,Alicante
Peugeot,2008,Diésel,155499.0,100.0,manual,8990,Vigo,36211,Pontevedra,Vigo
Ford,Tourneo Courier,Diésel,90000.0,75.0,manual,10990,Santander,39010,Cantabria,Santander
Ford,Tourneo Courier,Diésel,75000.0,95.0,manual,12990,Santander,39010,Cantabria,Santander
Ford,Tourneo Courier,Diésel,74000.0,100.0,manual,13490,Molins de Rei,8750,Barcelona,Molins de Rei
Ford,Tourneo Courier,Gasolina,38775.0,100.0,manual,12990,Alicante,3010,Alicante,Alicante
Ford,Tourneo Courier,Gasolina,38775.0,100.0,manual,12990,Alicante,3010,Murcia,Alicante
Ford,Tourneo Courier,Diésel,72399.0,95.0,manual,15999,Málaga,29004,Málaga,Málaga
Ford,Tourneo Courier,Gasolina,52045.0,100.0,manual,10990,Alicante,3010,Alicante,Alicante
Ford,Tourneo Courier,Gasolina,52045.0,100.0,manual,10990,Alicante,3010,Murcia,Alicante
Ford,Tourneo Courier,Diésel,77138.0,100.0,manual,14490,Alicante,3010,Alicante,Alicante
Ford,Tourneo Courier,Diésel,77138.0,100.0,manual,14490,Alicante,3010,Murcia,Alicante
Ford,Tourneo Courier,Gasolina,52045.0,100.0,manual,10990,Vigo,36211,Pontevedra,Vigo
Ford,Tourneo Courier,Diésel,77138.0,100.0,manual,14490,Granada,18005,Granada,Granada
Ford,Edge,Diésel,87291.0,209.0,automatic,27490,Valencia,46002,Valencia,Valencia
Ford,Edge,Diésel,87291.0,209.0,automatic,27490,Torrejón de Ardoz,28850,Madrid,Torrejón de Ardoz
Ford,Edge,Diésel,87291.0,209.0,automatic,27490,Sevilla,41006,Sevilla,Sevilla
Ford,Ranger,Diésel,64488.0,150.0,manual,18900,Mercado Parque Corredor del Henares,28850,Madrid,Mercado Parque Corredor del Henares
Ford,Ranger,Diésel,64488.0,150.0,manual,18900,Murcia,30003,Murcia,Murcia
Ford,Ranger,Diésel,64488.0,150.0,manual,18900,Saladar,3700,Alicante,Saladar
Ford,Ranger,Diésel,64488.0,150.0,manual,18900,Granollers,8403,Barcelona,Granollers
Ford,Ranger,Diésel,64488.0,150.0,manual,18900,Estepona,29680,Málaga,Estepona
Ford,Ranger,Diésel,64488.0,150.0,manual,18900,Valdepeñas,13300,Ciudad Real,Valdepeñas
Ford,Ranger,Diésel,64488.0,150.0,manual,18900,Valdepeñas,13300,Ciudad Real,Valdepeñas
Ford,Ranger,Diésel,64488.0,150.0,manual,18900,Badajoz,6008,Badajoz,Badajoz
Ford,Ranger,Diésel,64488.0,150.0,manual,18900,Santa Maria del Aguila,4710,Almería,Santa Maria del Aguila
Ford,Ranger,Diésel,64488.0,150.0,manual,18900,Sant Vicenç de Montalt,8394,Barcelona,Sant Vicenç de Montalt
Ford,Ranger,Diésel,64488.0,150.0,manual,18900,Barcelona,8007,Barcelona,Barcelona
Ford,Ranger,Diésel,64488.0,150.0,manual,18900,Olèrdola,8734,Barcelona,Olèrdola
Ford,Ranger,Diésel,64488.0,150.0,manual,18900,Olèrdola,8734,Barcelona,Olèrdola
Ford,Ranger,Diésel,64488.0,150.0,manual,18900,Santiago de Compostela,15703,A Coruña,Santiago de Compostela
Ford,Ranger,Diésel,64488.0,150.0,manual,18900,Alicante,3007,Alicante,Alicante
Ford,Ranger,Diésel,64488.0,150.0,manual,18900,Alcobendas,28100,Madrid,Alcobendas
Ford,Ranger,Diésel,64488.0,150.0,manual,18900,Castello/Castellon de La Plana,12100,Castellón,Castello/Castellon de La Plana
Ford,Ranger,Diésel,64488.0,150.0,manual,18900,Las Rozas de Madrid,28232,Madrid,Las Rozas de Madrid
Ford,Ranger,Diésel,64488.0,150.0,manual,18900,Hidraulica Santillana,28770,Madrid,Hidraulica Santillana
Ford,Ranger,Diésel,64488.0,150.0,manual,18900,Albacete,2001,Albacete,Albacete
Ford,Ranger,Diésel,64488.0,150.0,manual,18900,Torremolinos,29620,Málaga,Torremolinos
Ford,Ranger,Diésel,64488.0,150.0,manual,18900,Torremolinos,29620,Málaga,Torremolinos
Ford,Ranger,Diésel,64488.0,150.0,manual,18900,Torremolinos,29620,Málaga,Torremolinos
Ford,Ranger,Diésel,64488.0,150.0,manual,18900,Paterna,46980,Valencia,Paterna
Ford,Ranger,Diésel,64488.0,150.0,manual,18900,Santafe,18320,Granada,Santafe
Ford,Ranger,Diésel,64488.0,150.0,manual,18900,Zaragoza,50013,Zaragoza,Zaragoza
Ford,Ranger,Diésel,64488.0,150.0,manual,18900,Atarrabia,31610,Navarra,Atarrabia
Ford,Ranger,Diésel,64488.0,150.0,manual,18900,Mercabilbao,48970,Bizkaia,Mercabilbao
Ford,Ranger,Diésel,64488.0,150.0,manual,18900,Colonia Pablo Iglesias,28520,Madrid,Colonia Pablo Iglesias
Ford,Ranger,Diésel,64488.0,150.0,manual,18900,Getafe,28906,Madrid,Getafe
Ford,Ranger,Diésel,64488.0,150.0,manual,18900,Alameda del Obispo,14005,Córdoba,Alameda del Obispo
Ford,Ranger,Diésel,45619.0,213.0,manual,36990,Valencia,46001,Valencia,Valencia
Ford,Ranger,Diésel,45619.0,213.0,manual,36990,Alicante,3010,Alicante,Alicante
Ford,Ranger,Diésel,45619.0,213.0,manual,36990,Alicante,3010,Murcia,Alicante
Ford,Ranger,Diésel,45619.0,213.0,manual,36990,Vigo,36211,Pontevedra,Vigo
Ford,Focus,Gasolina,4000.0,125.0,manual,27890,Barcelona,8007,Barcelona,Barcelona
Toyota,Aygo,Gasolina,76160.0,69.0,manual,8990,Bilbao,48004,Bizkaia,Bilbao
Toyota,Aygo,Gasolina,48600.0,69.0,manual,9990,Castellón,12001,Castellón,Castellón
Toyota,Aygo,Gasolina,48600.0,69.0,manual,9990,Palma de Mallorca,7003,Baleares,Palma de Mallorca
Toyota,Aygo,Gasolina,48600.0,69.0,manual,9990,Granada,18005,Granada,Granada
Toyota,Aygo,Gasolina,48600.0,69.0,manual,9990,Tarragona,43006,Tarragona,Tarragona
Toyota,Aygo,Gasolina,48600.0,69.0,manual,9990,Valencia,46001,Valencia,Valencia
Toyota,Aygo,Gasolina,48600.0,69.0,manual,9990,Málaga,29005,Málaga,Málaga
Toyota,Aygo,Gasolina,109000.0,69.0,manual,7990,Sant Quirze del Vallès,8192,Barcelona,Sant Quirze del Vallès
Toyota,Aygo,Gasolina,76160.0,69.0,manual,8990,Algeciras,11202,Cádiz,Algeciras
Dacia,Sandero,Gasolina,44115.0,73.0,manual,12247,Olèrdola,8734,Barcelona,Olèrdola
Dacia,Sandero,Gasolina,44115.0,73.0,manual,12247,Olèrdola,8734,Barcelona,Olèrdola
Dacia,Sandero,Gasolina,44115.0,73.0,manual,12247,Mercado Parque Corredor del Henares,28850,Madrid,Mercado Parque Corredor del Henares
Dacia,Sandero,Gasolina,115081.0,90.0,manual,9099,Madrid,28014,Madrid,Madrid
Dacia,Sandero,Gasolina,43000.0,91.0,manual,13990,Òrrius,8317,Barcelona,Òrrius
Ford,C-MAX,Diésel,61005.0,140.0,automatic,13900,Antequera,29200,Málaga,Antequera
Ford,C-MAX,Gasolina,111282.0,125.0,manual,9990,Madrid,28021,Madrid,Madrid
Ford,C-MAX,Diésel,159022.0,150.0,automatic,14720,Mercado Parque Corredor del Henares,28850,Madrid,Mercado Parque Corredor del Henares
Ford,C-MAX,Diésel,159022.0,150.0,automatic,14720,Ciudad Real,13003,Ciudad Real,Ciudad Real
Ford,C-MAX,Diésel,159022.0,150.0,automatic,14720,Badajoz,6008,Badajoz,Badajoz
Ford,C-MAX,Diésel,159022.0,150.0,automatic,14720,Las Rozas de Madrid,28232,Madrid,Las Rozas de Madrid
Ford,Grand C-MAX,Diésel,82000.0,119.0,manual,402,Sevilla,41018,Sevilla,Sevilla
Ford,Grand C-MAX,Diésel,99950.0,149.0,manual,455,Barcelona,8009,Barcelona,Barcelona
Ford,Grand C-MAX,Diésel,99950.0,119.0,manual,430,Madrid,28006,Madrid,Madrid
Ford,Grand C-MAX,Diésel,145325.0,120.0,manual,14290,Almería,4006,Almería,Almería
Ford,Grand C-MAX,Diésel,145325.0,120.0,manual,14290,Sevilla,41005,Sevilla,Sevilla
Ford,Grand C-MAX,Diésel,145325.0,120.0,manual,14290,Bilbao,48004,Bizkaia,Bilbao
Ford,Grand C-MAX,Diésel,145325.0,120.0,manual,14290,Alicante,3010,Alicante,Alicante
Ford,Grand C-MAX,Diésel,145325.0,120.0,manual,14290,Alicante,3010,Murcia,Alicante
Ford,Grand C-MAX,Diésel,145325.0,120.0,manual,14290,Pamplona/Iruña,31001,Navarra,Pamplona/Iruña
Ford,Grand C-MAX,Diésel,145325.0,120.0,manual,14290,Granada,18005,Granada,Granada
Ford,Grand C-MAX,Diésel,145325.0,120.0,manual,14290,Valencia,46001,Valencia,Valencia
Ford,Grand C-MAX,Diésel,145325.0,120.0,manual,14290,Málaga,29005,Málaga,Málaga
Ford,Grand C-MAX,Diésel,145325.0,120.0,manual,14290,Armentia,1007,Álava,Armentia
Ford,Grand C-MAX,Diésel,65381.0,120.0,manual,15990,La Canonja,43110,Tarragona,La Canonja
Ford,Grand C-MAX,Diésel,65381.0,120.0,manual,15990,Barcelona,8007,Barcelona,Barcelona
Ford,Grand C-MAX,Diésel,102226.0,120.0,manual,15990,Valladolid,47003,Valladolid,Valladolid
Ford,Grand C-MAX,Diésel,102226.0,120.0,manual,15990,Getafe,28903,Madrid,Getafe
Ford,Grand C-MAX,Diésel,102226.0,120.0,manual,15990,Leganés,28915,Madrid,Leganés
Ford,Grand C-MAX,Diésel,102226.0,120.0,manual,15990,San Sebastián de Los Reyes,28700,Madrid,San Sebastián de Los Reyes
Ford,Grand C-MAX,Diésel,102226.0,120.0,manual,15990,Fuenlabrada,28943,Madrid,Fuenlabrada
Ford,Grand C-MAX,Diésel,102226.0,120.0,manual,15990,Alcorcón,28924,Madrid,Alcorcón
Ford,Grand C-MAX,Diésel,102226.0,120.0,manual,15990,Barcelona,8041,Barcelona,Barcelona
Ford,Grand C-MAX,Diésel,99950.0,149.0,manual,15850,Terrassa,8223,Barcelona,Terrassa
Ford,Mustang,Gasolina,32990.0,421.0,automatic,34490,Bilbao,48004,Bizkaia,Bilbao
Ford,Mustang,Gasolina,107619.0,314.0,manual,28490,Bilbao,48004,Bizkaia,Bilbao
Ford,Mustang,Gasolina,33800.0,314.0,manual,32490,Bilbao,48004,Bizkaia,Bilbao
Ford,Mustang,Gasolina,32990.0,421.0,automatic,34490,Almería,4006,Almería,Almería
Honda,Civic,Diésel,117618.0,120.0,manual,12650,Mercado Parque Corredor del Henares,28850,Madrid,Mercado Parque Corredor del Henares
Honda,Civic,Diésel,117618.0,120.0,manual,12650,Ciudad Real,13003,Ciudad Real,Ciudad Real
Honda,Civic,Diésel,117618.0,120.0,manual,12650,Santa Maria del Aguila,4710,Almería,Santa Maria del Aguila
Honda,Civic,Gasolina,86000.0,129.0,manual,16990,Alicante,3010,Alicante,Alicante
Honda,Civic,Gasolina,86000.0,129.0,manual,16990,Alicante,3010,Murcia,Alicante
Honda,Civic,Gasolina,86000.0,129.0,manual,16990,Almería,4006,Almería,Almería
Honda,Civic,Gasolina,86000.0,129.0,manual,16990,Vigo,36211,Pontevedra,Vigo
Honda,Civic,Gasolina,86000.0,129.0,manual,16990,Ullastrell,8231,Barcelona,Ullastrell
Honda,Civic,Gasolina,86000.0,129.0,manual,16990,Bilbao,48004,Bizkaia,Bilbao
Honda,Civic,Gasolina,86000.0,129.0,manual,16990,Málaga,29005,Málaga,Málaga
Honda,Civic,Diésel,117618.0,120.0,manual,12650,Mercabilbao,48970,Bizkaia,Mercabilbao
Honda,Civic,Diésel,117618.0,120.0,manual,12650,Las Rozas de Madrid,28232,Madrid,Las Rozas de Madrid
Honda,Civic,Diésel,117618.0,120.0,manual,12650,Collado Villalba,28400,Madrid,Collado Villalba
Honda,Civic,Diésel,117618.0,120.0,manual,12650,Collado Villalba,28400,Madrid,Collado Villalba
Honda,Civic,Diésel,117618.0,120.0,manual,12650,Colonia Pablo Iglesias,28520,Madrid,Colonia Pablo Iglesias
Honda,Civic,Gasolina,86000.0,129.0,manual,16990,Tarragona,43006,Tarragona,Tarragona
Honda,Civic,Gasolina,86000.0,129.0,manual,16990,Girona,17007,Girona,Girona
Honda,Civic,Gasolina,86000.0,129.0,manual,16990,Palau-Solita I Plegamans,8184,Barcelona,Palau-Solita I Plegamans
Honda,Civic,Gasolina,86000.0,129.0,manual,16990,Palau-Solita I Plegamans,8184,Barcelona,Palau-Solita I Plegamans
Honda,Civic,Diésel,117618.0,120.0,manual,12650,Alameda del Obispo,14005,Córdoba,Alameda del Obispo
Honda,Civic,Diésel,117618.0,120.0,manual,12650,Alcobendas,28100,Madrid,Alcobendas
Ford,Mustang,Gasolina,107619.0,314.0,manual,28490,Almería,4006,Almería,Almería
Ford,Mustang,Gasolina,33800.0,314.0,manual,32490,Almería,4006,Almería,Almería
Ford,Mustang,Gasolina,32990.0,421.0,automatic,34490,Palma de Mallorca,7003,Baleares,Palma de Mallorca
Ford,Mustang,Gasolina,32990.0,421.0,automatic,34490,Málaga,29005,Málaga,Málaga
Ford,Mustang,Gasolina,107619.0,314.0,manual,28490,Málaga,29005,Málaga,Málaga
Ford,Mustang,Gasolina,33800.0,314.0,manual,32490,Málaga,29005,Málaga,Málaga
Ford,Mustang,Gasolina,33800.0,314.0,manual,32490,Sevilla,41005,Sevilla,Sevilla
Ford,Mustang,Gasolina,36000.0,450.0,manual,39990,Palma de Mallorca,7003,Baleares,Palma de Mallorca
Ford,Mustang,Gasolina,89900.0,418.0,automatic,34900,Carretera de San Martin de La Vega,28320,Madrid,Carretera de San Martin de La Vega
Ford,S-MAX,Diésel,50139.0,150.0,manual,426,Madrid,28014,Madrid,Madrid
Toyota,Verso,Diésel,159000.0,126.0,manual,10500,Sabadell,8203,Barcelona,Sabadell
Toyota,Verso,Gasolina,88344.0,132.0,manual,14999,Barcelona,8007,Barcelona,Barcelona
Toyota,Verso,Gasolina,88344.0,132.0,manual,14999,Madrid,28014,Madrid,Madrid
Ford,S-MAX,Diésel,239000.0,140.0,manual,4950,Málaga,29006,Málaga,Málaga
Ford,S-MAX,Diésel,84117.0,180.0,automatic,25645,Getafe,28906,Madrid,Getafe
Ford,S-MAX,Diésel,84117.0,180.0,automatic,25645,Las Rozas de Madrid,28232,Madrid,Las Rozas de Madrid
Ford,S-MAX,Diésel,84117.0,180.0,automatic,25645,Vigo,36214,Pontevedra,Vigo
Ford,S-MAX,Diésel,84117.0,180.0,automatic,25645,Mercado Parque Corredor del Henares,28850,Madrid,Mercado Parque Corredor del Henares
Ford,S-MAX,Diésel,84117.0,180.0,automatic,25645,Collado Villalba,28400,Madrid,Collado Villalba
Ford,S-MAX,Diésel,84117.0,180.0,automatic,25645,Collado Villalba,28400,Madrid,Collado Villalba
Ford,S-MAX,Diésel,84117.0,180.0,automatic,25645,Ciudad Real,13003,Ciudad Real,Ciudad Real
Ford,S-MAX,Diésel,84117.0,180.0,automatic,25645,Santiago de Compostela,15703,A Coruña,Santiago de Compostela
Ford,S-MAX,Diésel,84117.0,180.0,automatic,25645,Granollers,8403,Barcelona,Granollers
Ford,S-MAX,Diésel,84117.0,180.0,automatic,25645,Colonia Pablo Iglesias,28520,Madrid,Colonia Pablo Iglesias
Ford,S-MAX,Diésel,84117.0,180.0,automatic,25645,Olèrdola,8734,Barcelona,Olèrdola
Ford,S-MAX,Diésel,84117.0,180.0,automatic,25645,Olèrdola,8734,Barcelona,Olèrdola
Ford,S-MAX,Diésel,84117.0,180.0,automatic,25645,Sant Vicenç de Montalt,8394,Barcelona,Sant Vicenç de Montalt
Ford,S-MAX,Diésel,84117.0,180.0,automatic,25645,Estepona,29680,Málaga,Estepona
Ford,S-MAX,Diésel,84117.0,180.0,automatic,25645,Valdepeñas,13300,Ciudad Real,Valdepeñas
Ford,S-MAX,Diésel,84117.0,180.0,automatic,25645,Valdepeñas,13300,Ciudad Real,Valdepeñas
Ford,S-MAX,Diésel,84117.0,180.0,automatic,25645,Puerto de Sagunto,46520,Valencia,Puerto de Sagunto
Ford,S-MAX,Diésel,84117.0,180.0,automatic,25645,Saladar,3700,Alicante,Saladar
Ford,S-MAX,Diésel,84117.0,180.0,automatic,25645,Santafe,18320,Granada,Santafe
Ford,S-MAX,Diésel,84117.0,180.0,automatic,25645,Paterna,46980,Valencia,Paterna
Ford,S-MAX,Diésel,84117.0,180.0,automatic,25645,Mercabilbao,48970,Bizkaia,Mercabilbao
Ford,S-MAX,Diésel,84117.0,180.0,automatic,25645,Alameda del Obispo,14005,Córdoba,Alameda del Obispo
Ford,S-MAX,Diésel,84117.0,180.0,automatic,25645,Torremolinos,29620,Málaga,Torremolinos
Ford,S-MAX,Diésel,84117.0,180.0,automatic,25645,Torremolinos,29620,Málaga,Torremolinos
Ford,S-MAX,Diésel,84117.0,180.0,automatic,25645,Torremolinos,29620,Málaga,Torremolinos
Toyota,Hilux,Diésel,47920.0,144.0,manual,24990,Málaga,29005,Málaga,Málaga
Toyota,Hilux,Diésel,55040.0,150.0,manual,27990,Urbanizacion Las Colinas,19170,Guadalajara,Urbanizacion Las Colinas
Ford,Transit Connect,Diésel,73467.0,101.0,manual,17490,Antequera,29200,Málaga,Antequera
Ford,Transit Connect,Diésel,110490.0,75.0,manual,15790,Madrid,28021,Madrid,Madrid
Ford,Transit Connect,Diésel,71335.0,120.0,manual,17190,Madrid,28021,Madrid,Madrid
Ford,Transit Connect,Diésel,122000.0,75.0,manual,11499,Terrassa,8221,Barcelona,Terrassa
Ford,Transit Connect,Diésel,73473.0,101.0,manual,16490,Algete,28110,Madrid,Algete
Ford,Transit Connect,Diésel,200000.0,110.0,manual,2990,Arriaga,1013,Álava,Arriaga
Ford,Transit Connect,Diésel,84549.0,100.0,manual,9990,Valencia,46001,Valencia,Valencia
Ford,Transit Connect,Diésel,84549.0,100.0,manual,9990,Granada,18005,Granada,Granada
Ford,Transit Connect,Diésel,84549.0,100.0,manual,9990,Alicante,3010,Alicante,Alicante
Ford,Transit Connect,Diésel,84549.0,100.0,manual,9990,Alicante,3010,Murcia,Alicante
Ford,Transit Connect,Diésel,84549.0,100.0,manual,9990,Murcia,30005,Murcia,Murcia
Ford,Transit Connect,Diésel,84549.0,100.0,manual,9990,Vigo,36211,Pontevedra,Vigo
Ford,Transit Connect,Diésel,84549.0,100.0,manual,9990,Sevilla,41005,Sevilla,Sevilla
Ford,Transit Connect,Diésel,84549.0,100.0,manual,9990,Málaga,29005,Málaga,Málaga
Ford,Transit Connect,Diésel,84549.0,100.0,manual,9990,Camarma de Esteruelas,28816,Madrid,Camarma de Esteruelas
Ford,Transit Connect,Diésel,84549.0,100.0,manual,9990,Camarma de Esteruelas,28816,Madrid,Camarma de Esteruelas
Ford,Transit Connect,Diésel,84549.0,100.0,manual,9990,Colonia Pablo Iglesias,28520,Madrid,Colonia Pablo Iglesias
Ford,Transit Connect,Diésel,84549.0,100.0,manual,9990,Almería,4006,Almería,Almería
Ford,Transit Connect,Diésel,84549.0,100.0,manual,9990,Las Rozas de Madrid,28232,Madrid,Las Rozas de Madrid
Ford,Transit Connect,Diésel,84549.0,100.0,manual,9990,Fuenlabrada,28947,Madrid,Fuenlabrada
Ford,Transit Connect,Diésel,84549.0,100.0,manual,9990,Collado Villalba,28400,Madrid,Collado Villalba
Ford,Transit Connect,Diésel,84549.0,100.0,manual,9990,Collado Villalba,28400,Madrid,Collado Villalba
Ford,Transit Connect,Diésel,84549.0,100.0,manual,9990,Urbanizacion La Granjilla,28700,Madrid,Urbanizacion La Granjilla
Peugeot,5008,Diésel,162258.0,120.0,automatic,16990,Murcia,30005,Murcia,Murcia
Peugeot,5008,Gasolina,61845.0,130.0,manual,22490,Bilbao,48004,Bizkaia,Bilbao
Peugeot,5008,Diésel,137000.0,150.0,manual,20990,Bilbao,48004,Bizkaia,Bilbao
Peugeot,5008,Gasolina,61845.0,130.0,manual,22490,Palma de Mallorca,7003,Baleares,Palma de Mallorca
Peugeot,5008,Diésel,137000.0,150.0,manual,20990,Camarma de Esteruelas,28816,Madrid,Camarma de Esteruelas
Peugeot,5008,Diésel,137000.0,150.0,manual,20990,Camarma de Esteruelas,28816,Madrid,Camarma de Esteruelas
Hyundai,ix20,Diésel,128328.0,90.0,manual,12250,Sant Vicenç de Montalt,8394,Barcelona,Sant Vicenç de Montalt
Hyundai,ix20,Gasolina,113447.0,90.0,manual,7700,Almería,4006,Almería,Almería
Hyundai,ix20,Gasolina,113447.0,90.0,manual,7700,Òrrius,8317,Barcelona,Òrrius
Hyundai,ix20,Gasolina,113447.0,90.0,manual,7700,Palma de Mallorca,7003,Baleares,Palma de Mallorca
Hyundai,ix20,Diésel,128328.0,90.0,manual,12250,Torremolinos,29620,Málaga,Torremolinos
Hyundai,ix20,Diésel,128328.0,90.0,manual,12250,Torremolinos,29620,Málaga,Torremolinos
Hyundai,ix20,Diésel,128328.0,90.0,manual,12250,Torremolinos,29620,Málaga,Torremolinos
Hyundai,ix20,Diésel,128328.0,90.0,manual,12250,Zaragoza,50013,Zaragoza,Zaragoza
Hyundai,ix20,Gasolina,113447.0,90.0,manual,7700,Palau-Solita I Plegamans,8184,Barcelona,Palau-Solita I Plegamans
Hyundai,ix20,Gasolina,113447.0,90.0,manual,7700,Palau-Solita I Plegamans,8184,Barcelona,Palau-Solita I Plegamans
Hyundai,ix20,Diésel,128328.0,90.0,manual,12250,Alcobendas,28100,Madrid,Alcobendas
Land Rover,Range Rover Sport,Diésel,198000.0,190.0,automatic,11999,Barcelona,8030,Barcelona,Barcelona
Peugeot,108,Gasolina,74924.0,69.0,automatic,12535,Ciudad Real,13003,Ciudad Real,Ciudad Real
Peugeot,108,Gasolina,74924.0,69.0,automatic,12535,Sant Vicenç de Montalt,8394,Barcelona,Sant Vicenç de Montalt
Peugeot,108,Gasolina,39469.0,72.0,manual,12592,Valdepeñas,13300,Ciudad Real,Valdepeñas
Peugeot,108,Gasolina,39469.0,72.0,manual,12592,Valdepeñas,13300,Ciudad Real,Valdepeñas
Peugeot,508,Diésel,70751.0,115.0,automatic,11990,Torremolinos,29620,Málaga,Torremolinos
Peugeot,508,Diésel,70751.0,115.0,automatic,11990,Torremolinos,29620,Málaga,Torremolinos
Peugeot,508,Diésel,70751.0,115.0,automatic,11990,Torremolinos,29620,Málaga,Torremolinos
Peugeot,508,Diésel,131854.0,180.0,automatic,14490,Almería,4006,Almería,Almería
Peugeot,508,Diésel,131854.0,180.0,automatic,14490,Alicante,3010,Alicante,Alicante
Peugeot,508,Diésel,131854.0,180.0,automatic,14490,Alicante,3010,Murcia,Alicante
Peugeot,508,Diésel,131854.0,180.0,automatic,14490,Fuenlabrada,28947,Madrid,Fuenlabrada
Peugeot,508,Diésel,131854.0,180.0,automatic,14490,Colonia Pablo Iglesias,28520,Madrid,Colonia Pablo Iglesias
Peugeot,508,Diésel,131854.0,180.0,automatic,14490,Bilbao,48004,Bizkaia,Bilbao
Peugeot,508,Diésel,131854.0,180.0,automatic,14490,Las Rozas de Madrid,28232,Madrid,Las Rozas de Madrid
Peugeot,508,Diésel,89653.0,180.0,automatic,16990,Santa Perpètua de Mogoda,8130,Barcelona,Santa Perpètua de Mogoda
Peugeot,508,Diésel,97700.0,120.0,manual,15500,Lora del Río,41440,Sevilla,Lora del Río
Peugeot,508,Diésel,97700.0,120.0,manual,15500,Lora del Río,41440,Sevilla,Lora del Río
Land Rover,Freelander,Diésel,97886.0,160.0,manual,12900,Albacete,2001,Albacete,Albacete
Land Rover,Freelander,Diésel,97886.0,160.0,manual,12900,Saladar,3700,Alicante,Saladar
Land Rover,Freelander,Diésel,97886.0,160.0,manual,12900,Murcia,30003,Murcia,Murcia
Land Rover,Freelander,Diésel,97886.0,160.0,manual,12900,Atarrabia,31610,Navarra,Atarrabia
Land Rover,Freelander,Diésel,97886.0,160.0,manual,12900,Alcobendas,28100,Madrid,Alcobendas
Land Rover,Freelander,Diésel,97886.0,160.0,manual,12900,Puerto de Sagunto,46520,Valencia,Puerto de Sagunto
Land Rover,Freelander,Diésel,97886.0,160.0,manual,12900,Santafe,18320,Granada,Santafe
Peugeot,108,Gasolina,74924.0,69.0,automatic,12535,Santa Maria del Aguila,4710,Almería,Santa Maria del Aguila
Peugeot,108,Gasolina,39469.0,72.0,manual,12592,Sant Vicenç de Montalt,8394,Barcelona,Sant Vicenç de Montalt
Land Rover,Discovery Sport,Diésel,85848.0,180.0,automatic,28000,Donostia-San Sebastián,20005,Gipuzkoa,Donostia-San Sebastián
Land Rover,Discovery Sport,Diésel,85848.0,180.0,automatic,27900,Donostia-San Sebastián,20005,Gipuzkoa,Donostia-San Sebastián
Land Rover,Discovery Sport,Diésel,85848.0,180.0,automatic,28000,Santander,39002,Cantabria,Santander
Land Rover,Discovery Sport,Diésel,85848.0,180.0,automatic,27900,Santander,39002,Cantabria,Santander
Land Rover,Discovery Sport,Diésel,85848.0,180.0,automatic,28000,Zaragoza,50003,Zaragoza,Zaragoza
Land Rover,Discovery Sport,Diésel,85848.0,180.0,automatic,27900,Zaragoza,50003,Zaragoza,Zaragoza
Land Rover,Discovery Sport,Diésel,85848.0,180.0,automatic,28000,San Sebastián de Los Reyes,28700,Madrid,San Sebastián de Los Reyes
Land Rover,Discovery Sport,Diésel,85848.0,180.0,automatic,27900,San Sebastián de Los Reyes,28700,Madrid,San Sebastián de Los Reyes
Land Rover,Discovery Sport,Diésel,85848.0,180.0,automatic,28000,Valencia,46003,Valencia,Valencia
Land Rover,Discovery Sport,Diésel,85848.0,180.0,automatic,27900,Valencia,46003,Valencia,Valencia
Land Rover,Discovery Sport,Diésel,85848.0,180.0,automatic,28000,Murcia,30001,Murcia,Murcia
Land Rover,Discovery Sport,Diésel,85848.0,180.0,automatic,27900,Murcia,30001,Murcia,Murcia
Land Rover,Discovery Sport,Diésel,85848.0,180.0,automatic,28000,Sabadell,8203,Barcelona,Sabadell
Land Rover,Discovery Sport,Diésel,85848.0,180.0,automatic,27900,Sabadell,8203,Barcelona,Sabadell
Land Rover,Discovery Sport,Diésel,85848.0,180.0,automatic,28000,Toledo,45002,Toledo,Toledo
Land Rover,Discovery Sport,Diésel,85848.0,180.0,automatic,27900,Toledo,45002,Toledo,Toledo
Land Rover,Discovery Sport,Diésel,85848.0,180.0,automatic,28000,Málaga,29015,Málaga,Málaga
Land Rover,Discovery Sport,Diésel,85848.0,180.0,automatic,27900,Málaga,29015,Málaga,Málaga
Land Rover,Discovery Sport,Diésel,85848.0,180.0,automatic,28000,Huelva,21004,Huelva,Huelva
Land Rover,Discovery Sport,Diésel,85848.0,180.0,automatic,27900,Huelva,21004,Huelva,Huelva
Land Rover,Discovery Sport,Diésel,85848.0,180.0,automatic,28000,Leganés,28911,Madrid,Leganés
Land Rover,Discovery Sport,Diésel,85848.0,180.0,automatic,27900,Leganés,28911,Madrid,Leganés
Land Rover,Discovery Sport,Diésel,85848.0,180.0,automatic,28000,Madrid,28013,Madrid,Madrid
Land Rover,Discovery Sport,Diésel,85848.0,180.0,automatic,27900,Madrid,28013,Madrid,Madrid
Land Rover,Discovery Sport,Diésel,85848.0,180.0,automatic,28000,Sant Cugat del Vallès,8172,Barcelona,Sant Cugat del Vallès
Land Rover,Discovery Sport,Diésel,85848.0,180.0,automatic,27900,Sant Cugat del Vallès,8172,Barcelona,Sant Cugat del Vallès
Land Rover,Discovery Sport,Diésel,85848.0,180.0,automatic,28000,Barcelona,8008,Barcelona,Barcelona
Land Rover,Discovery Sport,Diésel,85848.0,180.0,automatic,27900,Barcelona,8008,Barcelona,Barcelona
Land Rover,Discovery Sport,Diésel,85848.0,180.0,automatic,28000,Móstoles,28931,Madrid,Móstoles
Land Rover,Discovery Sport,Diésel,85848.0,180.0,automatic,27900,Móstoles,28931,Madrid,Móstoles
BMW,X2,Diésel,113512.0,150.0,automatic,22590,Madrid,28021,Madrid,Madrid
BMW,X2,Gasolina,74000.0,140.0,automatic,29990,Madrid,28044,Madrid,Madrid
BMW,Serie 4,Diésel,83300.0,184.0,manual,17990,Granada,18005,Granada,Granada
BMW,Serie 6,Diésel,173000.0,286.0,automatic,17990,San Jose de La Rinconada,41300,Sevilla,San Jose de La Rinconada
BMW,X6,Diésel,239000.0,286.0,automatic,18990,Getafe,28901,Madrid,Getafe
Peugeot,2008,Diésel,115000.0,99.0,manual,209,Gandía,46701,Valencia,Gandía
Peugeot,2008,Diésel,116000.0,102.0,manual,320,Madrid,28006,Madrid,Madrid
Peugeot,2008,Diésel,79440.0,100.0,manual,11990,Almería,4006,Almería,Almería
Peugeot,2008,Gasolina,78231.0,82.0,manual,9990,Almería,4006,Almería,Almería
BMW,Serie 2,Diésel,227429.0,116.0,manual,12089,Sant Vicenç de Montalt,8394,Barcelona,Sant Vicenç de Montalt
BMW,Serie 2,Diésel,227429.0,116.0,manual,12089,Santafe,18320,Granada,Santafe
Peugeot,2008,Diésel,79440.0,100.0,manual,11990,Vigo,36211,Pontevedra,Vigo
Peugeot,2008,Diésel,79440.0,100.0,manual,11990,Granada,18005,Granada,Granada
Peugeot,2008,Gasolina,78231.0,82.0,manual,9990,Vigo,36211,Pontevedra,Vigo
Peugeot,2008,Gasolina,78231.0,82.0,manual,9990,Granada,18005,Granada,Granada
Peugeot,2008,Gasolina,78231.0,82.0,manual,9990,Alicante,3010,Alicante,Alicante
Peugeot,2008,Gasolina,78231.0,82.0,manual,9990,Alicante,3010,Murcia,Alicante
Peugeot,208,Gasolina,29063.0,100.0,manual,15990,Alicante,3010,Alicante,Alicante
Peugeot,208,Gasolina,29063.0,100.0,manual,15990,Alicante,3010,Murcia,Alicante
Peugeot,208,Diésel,27713.0,100.0,manual,12990,Alicante,3010,Alicante,Alicante
Peugeot,208,Diésel,27713.0,100.0,manual,12990,Alicante,3010,Murcia,Alicante
Peugeot,208,Diésel,27713.0,100.0,manual,12990,Vigo,36211,Pontevedra,Vigo
Peugeot,208,Diésel,74044.0,99.0,manual,10990,Fuenlabrada,28947,Madrid,Fuenlabrada
BMW,Serie 3,Diésel,101909.0,163.0,manual,13900,Ciudad Real,13003,Ciudad Real,Ciudad Real
BMW,Serie 3,Diésel,218762.0,184.0,automatic,18500,Benicarló,12580,Castellón,Benicarló
BMW,Serie 3,Diésel,140593.0,150.0,automatic,16990,Granada,18005,Granada,Granada
BMW,Serie 3,Diésel,140593.0,150.0,automatic,15990,Granada,18005,Granada,Granada
BMW,Serie 3,Diésel,69000.0,190.0,automatic,29990,Madrid,28044,Madrid,Madrid
BMW,Serie 3,Diésel,101909.0,163.0,manual,13900,Olèrdola,8734,Barcelona,Olèrdola
BMW,Serie 3,Diésel,101909.0,163.0,manual,13900,Olèrdola,8734,Barcelona,Olèrdola
BMW,Serie 3,Diésel,140593.0,150.0,automatic,16990,Oviedo,33003,Asturias,Oviedo
BMW,Serie 3,Diésel,140593.0,150.0,automatic,15990,Oviedo,33003,Asturias,Oviedo
BMW,Serie 3,Diésel,140593.0,150.0,automatic,16990,Armentia,1007,Álava,Armentia
BMW,Serie 3,Diésel,140593.0,150.0,automatic,15990,Armentia,1007,Álava,Armentia
BMW,Serie 3,Diésel,101909.0,163.0,manual,13900,Alcalá de Guadaíra,41500,Sevilla,Alcalá de Guadaíra
Peugeot,2008,Gasolina,47870.0,82.0,manual,12900,Sant Boi de Llobregat,8830,Barcelona,Sant Boi de Llobregat
Peugeot,2008,Gasolina,78231.0,82.0,manual,9990,Murcia,30005,Murcia,Murcia
Peugeot,2008,Diésel,79440.0,100.0,manual,11990,Bilbao,48004,Bizkaia,Bilbao
Peugeot,2008,Gasolina,78231.0,82.0,manual,9990,Bilbao,48004,Bizkaia,Bilbao
Peugeot,2008,Diésel,79440.0,100.0,manual,11990,Sevilla,41005,Sevilla,Sevilla
Peugeot,2008,Diésel,79440.0,100.0,manual,11990,Palma de Mallorca,7003,Baleares,Palma de Mallorca
Peugeot,2008,Gasolina,78231.0,82.0,manual,9990,Palma de Mallorca,7003,Baleares,Palma de Mallorca
Peugeot,2008,Diésel,79440.0,100.0,manual,11990,Tarragona,43006,Tarragona,Tarragona
Peugeot,2008,Diésel,79440.0,100.0,manual,11990,Castellón,12001,Castellón,Castellón
Peugeot,2008,Gasolina,78231.0,82.0,manual,9990,Castellón,12001,Castellón,Castellón
Peugeot,2008,Diésel,111900.0,100.0,manual,15900,Lora del Río,41440,Sevilla,Lora del Río
Peugeot,2008,Diésel,111900.0,100.0,manual,15900,Lora del Río,41440,Sevilla,Lora del Río
Porsche,Macan,Diésel,177126.0,258.0,automatic,30990,Sevilla,41005,Sevilla,Sevilla
Porsche,Macan,Diésel,177126.0,258.0,automatic,30990,Valencia,46001,Valencia,Valencia
Porsche,Macan,Diésel,177126.0,258.0,automatic,30990,Málaga,29005,Málaga,Málaga
BMW,Serie 1,Diésel,133329.0,177.0,automatic,12200,Estepona,29680,Málaga,Estepona
BMW,Serie 1,Gasolina,66062.0,140.0,automatic,26990,Ullastrell,8231,Barcelona,Ullastrell
BMW,Serie 1,Diésel,133329.0,177.0,automatic,12200,Alcalá de Guadaíra,41500,Sevilla,Alcalá de Guadaíra
BMW,Serie 1,Diésel,133329.0,177.0,automatic,12200,Las Rozas de Madrid,28232,Madrid,Las Rozas de Madrid
BMW,Serie 1,Diésel,133329.0,177.0,automatic,12200,Colonia Pablo Iglesias,28520,Madrid,Colonia Pablo Iglesias
BMW,Serie 1,Diésel,133329.0,177.0,automatic,12200,Alcobendas,28100,Madrid,Alcobendas
Jaguar,F-Pace,Diésel,107194.0,180.0,automatic,31912,Estepona,29680,Málaga,Estepona
Jaguar,F-Pace,Diésel,107194.0,180.0,automatic,31912,Ciudad Real,13003,Ciudad Real,Ciudad Real
Jaguar,F-Pace,Diésel,107194.0,180.0,automatic,31912,Vigo,36214,Pontevedra,Vigo
Jaguar,F-Pace,Diésel,107194.0,180.0,automatic,31912,Granollers,8403,Barcelona,Granollers
Jaguar,F-Pace,Diésel,107194.0,180.0,automatic,31912,Murcia,30003,Murcia,Murcia
Jaguar,F-Pace,Diésel,125026.0,180.0,automatic,32990,Almería,4006,Almería,Almería
Jaguar,F-Pace,Diésel,125026.0,180.0,automatic,32990,Badajoz,6003,Badajoz,Badajoz
Porsche,Cayman,Gasolina,102680.0,295.0,automatic,28990,Leganés,28916,Madrid,Leganés
Porsche,Cayman,Gasolina,102680.0,295.0,automatic,28990,Madrid,28046,Madrid,Madrid
Land Rover,Range Rover Evoque,Diésel,107857.0,150.0,automatic,23900,Santiago de Compostela,15703,A Coruña,Santiago de Compostela
Land Rover,Range Rover Evoque,Diésel,107857.0,150.0,automatic,23900,Valdepeñas,13300,Ciudad Real,Valdepeñas
Land Rover,Range Rover Evoque,Diésel,107857.0,150.0,automatic,23900,Valdepeñas,13300,Ciudad Real,Valdepeñas
Land Rover,Range Rover Evoque,Diésel,107857.0,150.0,automatic,23900,Mercado Parque Corredor del Henares,28850,Madrid,Mercado Parque Corredor del Henares
Land Rover,Range Rover Evoque,Diésel,107857.0,150.0,automatic,23900,Granollers,8403,Barcelona,Granollers
Land Rover,Range Rover Evoque,Diésel,107857.0,150.0,automatic,23900,Estepona,29680,Málaga,Estepona
Land Rover,Range Rover Evoque,Diésel,107857.0,150.0,automatic,23900,Barcelona,8007,Barcelona,Barcelona
Land Rover,Range Rover Evoque,Diésel,107857.0,150.0,automatic,23900,Las Rozas de Madrid,28232,Madrid,Las Rozas de Madrid
Land Rover,Range Rover Evoque,Diésel,107857.0,150.0,automatic,23900,Alameda del Obispo,14005,Córdoba,Alameda del Obispo
Land Rover,Range Rover Evoque,Diésel,107857.0,150.0,automatic,23900,Santafe,18320,Granada,Santafe
Land Rover,Range Rover Evoque,Diésel,107857.0,150.0,automatic,23900,Paterna,46980,Valencia,Paterna
Land Rover,Range Rover Evoque,Diésel,107857.0,150.0,automatic,23900,Alcobendas,28100,Madrid,Alcobendas
Land Rover,Range Rover Evoque,Diésel,107857.0,150.0,automatic,23900,Castello/Castellon de La Plana,12100,Castellón,Castello/Castellon de La Plana
Land Rover,Range Rover Evoque,Diésel,107857.0,150.0,automatic,23900,Getafe,28906,Madrid,Getafe
Land Rover,Range Rover Evoque,Diésel,107857.0,150.0,automatic,23900,Collado Villalba,28400,Madrid,Collado Villalba
Land Rover,Range Rover Evoque,Diésel,107857.0,150.0,automatic,23900,Collado Villalba,28400,Madrid,Collado Villalba
Land Rover,Range Rover Evoque,Diésel,110000.0,190.0,manual,24990,Málaga,29005,Málaga,Málaga
Land Rover,Range Rover Evoque,Diésel,110000.0,190.0,manual,24990,Madrid,28009,Madrid,Madrid
Alfa Romeo,Stelvio,Diésel,40103.0,190.0,automatic,38525,Colonia Pablo Iglesias,28520,Madrid,Colonia Pablo Iglesias
Alfa Romeo,Stelvio,Diésel,40103.0,190.0,automatic,38525,Santiago de Compostela,15703,A Coruña,Santiago de Compostela
Alfa Romeo,Stelvio,Diésel,40103.0,190.0,automatic,38525,Valdepeñas,13300,Ciudad Real,Valdepeñas
Alfa Romeo,Stelvio,Diésel,40103.0,190.0,automatic,38525,Valdepeñas,13300,Ciudad Real,Valdepeñas
Alfa Romeo,Stelvio,Diésel,40103.0,190.0,automatic,38525,Saladar,3700,Alicante,Saladar
Alfa Romeo,Stelvio,Diésel,40103.0,190.0,automatic,38525,Mercado Parque Corredor del Henares,28850,Madrid,Mercado Parque Corredor del Henares
Alfa Romeo,Stelvio,Diésel,40103.0,190.0,automatic,38525,Sant Vicenç de Montalt,8394,Barcelona,Sant Vicenç de Montalt
Alfa Romeo,Stelvio,Diésel,40103.0,190.0,automatic,38525,Atarrabia,31610,Navarra,Atarrabia
Alfa Romeo,Stelvio,Diésel,40103.0,190.0,automatic,38525,Estepona,29680,Málaga,Estepona
Alfa Romeo,Stelvio,Diésel,40103.0,190.0,automatic,38525,Santafe,18320,Granada,Santafe
Alfa Romeo,Stelvio,Diésel,89000.0,210.0,automatic,27100,Bormujos,41930,Sevilla,Bormujos
Alfa Romeo,Stelvio,Diésel,89000.0,210.0,automatic,27100,Valencia,46002,Valencia,Valencia
Mazda,6,Diésel,115000.0,149.0,manual,478,Madrid,28006,Madrid,Madrid
Porsche,Boxster,Gasolina,190000.0,204.0,manual,13300,Marbella,29601,Málaga,Marbella
Jaguar,XF,Diésel,52334.0,180.0,automatic,25289,Olèrdola,8734,Barcelona,Olèrdola
Jaguar,XF,Diésel,52334.0,180.0,automatic,25289,Olèrdola,8734,Barcelona,Olèrdola
Jaguar,XF,Diésel,52334.0,180.0,automatic,25289,Ciudad Real,13003,Ciudad Real,Ciudad Real
Jaguar,XF,Diésel,52334.0,180.0,automatic,25289,Santiago de Compostela,15703,A Coruña,Santiago de Compostela
Jaguar,XF,Diésel,52334.0,180.0,automatic,25289,Valdepeñas,13300,Ciudad Real,Valdepeñas
Jaguar,XF,Diésel,52334.0,180.0,automatic,25289,Valdepeñas,13300,Ciudad Real,Valdepeñas
Jaguar,XF,Diésel,52334.0,180.0,automatic,25289,Saladar,3700,Alicante,Saladar
Jaguar,XF,Diésel,52334.0,180.0,automatic,25289,Mercado Parque Corredor del Henares,28850,Madrid,Mercado Parque Corredor del Henares
Jaguar,XF,Diésel,52334.0,180.0,automatic,25289,Sant Vicenç de Montalt,8394,Barcelona,Sant Vicenç de Montalt
Jaguar,XF,Diésel,52334.0,180.0,automatic,25289,Granollers,8403,Barcelona,Granollers
Jaguar,XF,Diésel,52334.0,180.0,automatic,25289,Murcia,30003,Murcia,Murcia
Jaguar,XF,Diésel,52334.0,180.0,automatic,25289,Las Rozas de Madrid,28232,Madrid,Las Rozas de Madrid
Jaguar,XF,Diésel,52334.0,180.0,automatic,25289,Torremolinos,29620,Málaga,Torremolinos
Jaguar,XF,Diésel,52334.0,180.0,automatic,25289,Torremolinos,29620,Málaga,Torremolinos
Jaguar,XF,Diésel,52334.0,180.0,automatic,25289,Torremolinos,29620,Málaga,Torremolinos
Jaguar,XF,Diésel,170477.0,180.0,automatic,21735,Atarrabia,31610,Navarra,Atarrabia
Jaguar,XF,Diésel,52334.0,180.0,automatic,25289,Alameda del Obispo,14005,Córdoba,Alameda del Obispo
Jaguar,XF,Diésel,52334.0,180.0,automatic,25289,Santafe,18320,Granada,Santafe
Jaguar,XF,Diésel,52334.0,180.0,automatic,25289,Paterna,46980,Valencia,Paterna
Jaguar,XF,Diésel,52334.0,180.0,automatic,25289,Atarrabia,31610,Navarra,Atarrabia
Jaguar,XF,Diésel,52334.0,180.0,automatic,25289,Getafe,28906,Madrid,Getafe
Porsche,Boxster,Gasolina,108000.0,220.0,manual,13990,Tordera,8490,Barcelona,Tordera
Toyota,Land Cruiser 150,Diésel,100000.0,177.0,manual,33900,Tarrega,25300,Lleida,Tarrega
Mazda,MX-5,Gasolina,116753.0,146.0,manual,10990,Estepona,29680,Málaga,Estepona
Mazda,MX-5,Gasolina,116753.0,146.0,manual,10990,Alcobendas,28100,Madrid,Alcobendas
Mazda,MX-5,Gasolina,116753.0,146.0,manual,10990,Mercabilbao,48970,Bizkaia,Mercabilbao
Mazda,MX-5,Gasolina,116753.0,146.0,manual,10990,Zaragoza,50013,Zaragoza,Zaragoza
Mazda,MX-5,Gasolina,116753.0,146.0,manual,10990,Albacete,2001,Albacete,Albacete
Mazda,MX-5,Gasolina,116753.0,146.0,manual,10990,Alicante,3007,Alicante,Alicante
Mazda,MX-5,Gasolina,116753.0,146.0,manual,10990,Hidraulica Santillana,28770,Madrid,Hidraulica Santillana
Jeep,Renegade,Gasolina,22390.0,120.0,manual,17490,Alicante,3010,Alicante,Alicante
Jeep,Renegade,Gasolina,22390.0,120.0,manual,17490,Alicante,3010,Murcia,Alicante
Jeep,Renegade,Gasolina,22390.0,120.0,manual,17490,Granada,18005,Granada,Granada
Jeep,Renegade,Gasolina,22390.0,120.0,manual,17490,Valencia,46001,Valencia,Valencia
Jeep,Renegade,Gasolina,22390.0,120.0,manual,17490,Las Rozas de Madrid,28232,Madrid,Las Rozas de Madrid
Jeep,Compass,Diésel,154341.0,136.0,manual,10800,Sant Vicenç de Montalt,8394,Barcelona,Sant Vicenç de Montalt
Jeep,Compass,Diésel,154341.0,136.0,manual,10800,Alameda del Obispo,14005,Córdoba,Alameda del Obispo
Jeep,Compass,Diésel,154341.0,136.0,manual,10800,Zaragoza,50013,Zaragoza,Zaragoza
Jeep,Compass,Diésel,154341.0,136.0,manual,10800,Getafe,28906,Madrid,Getafe
Jeep,Compass,Diésel,154341.0,136.0,manual,10800,Alicante,3007,Alicante,Alicante
Jeep,Compass,Diésel,154341.0,136.0,manual,10800,Hidraulica Santillana,28770,Madrid,Hidraulica Santillana
Jeep,Compass,Diésel,154341.0,136.0,manual,10800,Albacete,2001,Albacete,Albacete
Jeep,Compass,Diésel,150000.0,136.0,manual,11999,Villanueva del Arzobispo,23330,Jaén,Villanueva del Arzobispo
Porsche,Cayenne,Gasolina,173665.0,400.0,automatic,28500,Puerto de Sagunto,46520,Valencia,Puerto de Sagunto
Porsche,Cayenne,Gasolina,173665.0,400.0,automatic,28500,Alcobendas,28100,Madrid,Alcobendas
Peugeot,Expert,Diésel,167000.0,115.0,manual,13980,Santa Coloma de Gramenet,8921,Barcelona,Santa Coloma de Gramenet
Porsche,Cayenne,Gasolina,173665.0,400.0,automatic,28500,Torremolinos,29620,Málaga,Torremolinos
Porsche,Cayenne,Gasolina,173665.0,400.0,automatic,28500,Torremolinos,29620,Málaga,Torremolinos
Porsche,Cayenne,Gasolina,173665.0,400.0,automatic,28500,Torremolinos,29620,Málaga,Torremolinos
Porsche,Cayenne,Gasolina,173665.0,400.0,automatic,28500,Barcelona,8007,Barcelona,Barcelona
Porsche,Cayenne,Gasolina,173665.0,400.0,automatic,28500,Getafe,28906,Madrid,Getafe
Subaru,Impreza,Gasolina,100100.0,114.0,automatic,14680,Almería,4006,Almería,Almería
Subaru,Impreza,Gasolina,100100.0,114.0,automatic,14490,Almería,4006,Almería,Almería
Subaru,Impreza,Gasolina,100100.0,114.0,automatic,14680,Málaga,29005,Málaga,Málaga
Subaru,Impreza,Gasolina,100100.0,114.0,automatic,14490,Málaga,29005,Málaga,Málaga
Subaru,Impreza,Gasolina,100100.0,114.0,automatic,14680,Sevilla,41005,Sevilla,Sevilla
Subaru,Impreza,Gasolina,100100.0,114.0,automatic,14490,Sevilla,41005,Sevilla,Sevilla
Peugeot,407,Diésel,131000.0,136.0,manual,2950,Lepe,21440,Huelva,Lepe
Peugeot,407,Diésel,131000.0,136.0,manual,2950,Lepe,21440,Huelva,Lepe
Peugeot,206,Gasolina,120000.0,75.0,manual,3300,Bertamirans,15220,A Coruña,Bertamirans
Subaru,Legacy,Diésel,149110.0,150.0,manual,12980,Torrejón de Ardoz,28850,Madrid,Torrejón de Ardoz
Subaru,Outback,Gasolina,260000.0,165.0,manual,1500,Barcelona,8013,Barcelona,Barcelona
Mazda,CX-7,Diésel,168000.0,173.0,manual,9995,Benidorm,3501,Alicante,Benidorm
Mazda,CX-5,Diésel,86864.0,175.0,automatic,27600,Torremolinos,29620,Málaga,Torremolinos
Mazda,CX-5,Diésel,86864.0,175.0,automatic,27600,Torremolinos,29620,Málaga,Torremolinos
Mazda,CX-5,Diésel,86864.0,175.0,automatic,27600,Torremolinos,29620,Málaga,Torremolinos
Mazda,CX-5,Diésel,177525.0,150.0,manual,13990,Almería,4006,Almería,Almería
Mazda,CX-5,Diésel,86864.0,175.0,automatic,27600,Olèrdola,8734,Barcelona,Olèrdola
Mazda,CX-5,Diésel,86864.0,175.0,automatic,27600,Olèrdola,8734,Barcelona,Olèrdola
Mazda,CX-5,Diésel,86864.0,175.0,automatic,27600,Mercado Parque Corredor del Henares,28850,Madrid,Mercado Parque Corredor del Henares
Mazda,CX-5,Diésel,177525.0,150.0,manual,13990,Alicante,3010,Alicante,Alicante
Mazda,CX-5,Diésel,177525.0,150.0,manual,13990,Alicante,3010,Murcia,Alicante
Mazda,CX-5,Gasolina,27531.0,165.0,manual,23499,Barcelona,8007,Barcelona,Barcelona
Mazda,CX-5,Diésel,177525.0,150.0,manual,13990,Vigo,36211,Pontevedra,Vigo
Mazda,CX-5,Diésel,233965.0,150.0,automatic,9990,Murcia,30005,Murcia,Murcia
Mazda,CX-5,Diésel,177525.0,150.0,manual,13990,Murcia,30005,Murcia,Murcia
Mazda,CX-5,Diésel,233965.0,150.0,automatic,9990,Bilbao,48004,Bizkaia,Bilbao
Mazda,CX-5,Diésel,177525.0,150.0,manual,13990,Bilbao,48004,Bizkaia,Bilbao
Mazda,CX-5,Diésel,233965.0,150.0,automatic,9990,Collado Villalba,28400,Madrid,Collado Villalba
Mazda,CX-5,Diésel,233965.0,150.0,automatic,9990,Collado Villalba,28400,Madrid,Collado Villalba
Toyota,Land Cruiser 150,Diésel,78000.0,177.0,manual,29990,Cabrera de Mar,8349,Barcelona,Cabrera de Mar
Toyota,Land Cruiser 150,Diésel,189251.0,177.0,manual,28500,Alcover,43460,Tarragona,Alcover
Toyota,Land Cruiser 150,Diésel,130000.0,177.0,manual,29990,Cabrera de Mar,8349,Barcelona,Cabrera de Mar
Toyota,Land Cruiser 150,Diésel,158000.0,177.0,manual,31990,Cabrera de Mar,8349,Barcelona,Cabrera de Mar
Toyota,Land Cruiser 150,Diésel,99000.0,177.0,manual,29990,Cabrera de Mar,8349,Barcelona,Cabrera de Mar
Subaru,XV,Diésel,100000.0,147.0,manual,16590,Sevilla,41005,Sevilla,Sevilla
Subaru,XV,Diésel,100000.0,147.0,manual,16590,Toledo,45002,Toledo,Toledo
Subaru,XV,Otros,91138.0,114.0,manual,17990,Madrid,28046,Madrid,Madrid
Subaru,XV,Diésel,100000.0,147.0,manual,16590,Colonia Pablo Iglesias,28520,Madrid,Colonia Pablo Iglesias
Land Rover,Discovery Sport,Diésel,130000.0,180.0,automatic,25999,Vega Santa Maria,23700,Jaén,Vega Santa Maria
Suzuki,Baleno,Gasolina,151337.0,111.0,manual,9490,Pamplona/Iruña,31003,Navarra,Pamplona/Iruña
Suzuki,Baleno,Gasolina,151337.0,111.0,manual,9490,Valencia,46002,Valencia,Valencia
Suzuki,Baleno,Gasolina,151337.0,111.0,manual,9490,Bacarot,3114,Alicante,Bacarot
Suzuki,Baleno,Gasolina,151337.0,111.0,manual,9490,Sevilla,41006,Sevilla,Sevilla
Audi,Q2,Diésel,71126.0,150.0,automatic,31625,Estepona,29680,Málaga,Estepona
Audi,Q2,Diésel,71126.0,150.0,automatic,31625,Alcalá de Guadaíra,41500,Sevilla,Alcalá de Guadaíra
Audi,Q2,Diésel,71126.0,150.0,automatic,31625,Mercabilbao,48970,Bizkaia,Mercabilbao
Audi,Q2,Diésel,71126.0,150.0,automatic,31625,Atarrabia,31610,Navarra,Atarrabia
Audi,Q2,Diésel,71126.0,150.0,automatic,31625,Paterna,46980,Valencia,Paterna
Dacia,Logan,Otros,38463.0,90.0,manual,13685,Estepona,29680,Málaga,Estepona
Dacia,Logan,Otros,38463.0,90.0,manual,13685,Mercado Parque Corredor del Henares,28850,Madrid,Mercado Parque Corredor del Henares
Dacia,Logan,Gasolina,177995.0,75.0,manual,5950,Las Rozas de Madrid,28232,Madrid,Las Rozas de Madrid
Dacia,Logan,Gasolina,177995.0,75.0,manual,5950,Leganés,28916,Madrid,Leganés
Audi,A5,Gasolina,89000.0,333.0,automatic,37990,Málaga,29005,Málaga,Málaga
Dacia,Sandero,Otros,98469.0,90.0,manual,10990,San Sebastián de Los Reyes,28700,Madrid,San Sebastián de Los Reyes
Dacia,Sandero,Gasolina,60000.0,90.0,manual,10990,Sevilla,41005,Sevilla,Sevilla
Dacia,Sandero,Gasolina,60000.0,90.0,manual,10990,Vigo,36211,Pontevedra,Vigo
Dacia,Sandero,Gasolina,60000.0,90.0,manual,10990,Alicante,3010,Alicante,Alicante
Dacia,Sandero,Gasolina,60000.0,90.0,manual,10990,Alicante,3010,Murcia,Alicante
Dacia,Sandero,Gasolina,60000.0,90.0,manual,10990,Almería,4006,Almería,Almería
Suzuki,Ignis,Gasolina,60242.0,90.0,automatic,14990,Granada,18005,Granada,Granada
Suzuki,Ignis,Gasolina,60242.0,90.0,automatic,14990,Valencia,46001,Valencia,Valencia
Suzuki,Ignis,Gasolina,60242.0,90.0,automatic,14990,Palma de Mallorca,7003,Baleares,Palma de Mallorca
Dacia,Dokker,Otros,98000.0,98.0,manual,10990,Girona,17007,Girona,Girona
Dacia,Dokker,Otros,117000.0,100.0,manual,9990,Parets del Vallès,8150,Barcelona,Parets del Vallès
Dacia,Dokker,Otros,98000.0,98.0,manual,10990,Sevilla,41005,Sevilla,Sevilla
Dacia,Dokker,Otros,98000.0,98.0,manual,10990,Vigo,36211,Pontevedra,Vigo
Dacia,Dokker,Otros,98000.0,98.0,manual,10990,Bilbao,48004,Bizkaia,Bilbao
Dacia,Dokker,Otros,98000.0,98.0,manual,10990,Òrrius,8317,Barcelona,Òrrius
Dacia,Dokker,Otros,98000.0,98.0,manual,10990,Palma de Mallorca,7003,Baleares,Palma de Mallorca
Dacia,Dokker,Otros,98000.0,98.0,manual,10990,Tarragona,43006,Tarragona,Tarragona
Dacia,Dokker,Otros,98000.0,98.0,manual,10990,Valencia,46001,Valencia,Valencia
Dacia,Dokker,Otros,98000.0,98.0,manual,10990,Málaga,29005,Málaga,Málaga
Suzuki,Jimny,Gasolina,50359.0,85.0,manual,17135,Granollers,8403,Barcelona,Granollers
Suzuki,Jimny,Gasolina,50359.0,85.0,manual,17135,Ciudad Real,13003,Ciudad Real,Ciudad Real
Suzuki,Jimny,Gasolina,50359.0,85.0,manual,17135,Valdepeñas,13300,Ciudad Real,Valdepeñas
Suzuki,Jimny,Gasolina,50359.0,85.0,manual,17135,Valdepeñas,13300,Ciudad Real,Valdepeñas
Suzuki,Jimny,Gasolina,50359.0,85.0,manual,17135,Barcelona,8007,Barcelona,Barcelona
Dacia,Duster,Diésel,143560.0,109.0,manual,13200,Valdepeñas,13300,Ciudad Real,Valdepeñas
Dacia,Duster,Diésel,143560.0,109.0,manual,13200,Valdepeñas,13300,Ciudad Real,Valdepeñas
Dacia,Duster,Diésel,143560.0,109.0,manual,13200,Sant Vicenç de Montalt,8394,Barcelona,Sant Vicenç de Montalt
Dacia,Duster,Gasolina,114899.0,125.0,manual,12399,Barcelona,8007,Barcelona,Barcelona
Dacia,Duster,Diésel,143560.0,109.0,manual,13200,Santafe,18320,Granada,Santafe
Dacia,Duster,Diésel,143560.0,109.0,manual,13200,Estepona,29680,Málaga,Estepona
Dacia,Duster,Diésel,143560.0,109.0,manual,13200,Alicante,3007,Alicante,Alicante
Suzuki,Jimny,Gasolina,50359.0,85.0,manual,17135,Olèrdola,8734,Barcelona,Olèrdola
Suzuki,Jimny,Gasolina,50359.0,85.0,manual,17135,Olèrdola,8734,Barcelona,Olèrdola
Suzuki,Jimny,Gasolina,50359.0,85.0,manual,17135,Santa Maria del Aguila,4710,Almería,Santa Maria del Aguila
Suzuki,Jimny,Gasolina,50359.0,85.0,manual,17135,Las Rozas de Madrid,28232,Madrid,Las Rozas de Madrid
Mazda,6,Diésel,99950.0,149.0,manual,240,Barcelona,8007,Barcelona,Barcelona
Volkswagen,Tiguan Allspace,Diésel,113000.0,149.0,manual,652,Valencia,46005,Valencia,Valencia
Volkswagen,Tiguan Allspace,Diésel,143000.0,190.0,automatic,29500,Granollers,8401,Barcelona,Granollers
Volkswagen,Tiguan Allspace,Diésel,93187.0,150.0,manual,435,Madrid,28014,Madrid,Madrid
Volkswagen,Tiguan Allspace,Diésel,89000.0,150.0,automatic,29500,Martos,23600,Jaén,Martos
Audi,Q3,Diésel,109000.0,149.0,manual,308,Barcelona,8007,Barcelona,Barcelona
Audi,Q3,Diésel,91000.0,149.0,manual,614,Valencia,46005,Valencia,Valencia
Audi,Q3,Diésel,109000.0,149.0,manual,552,Barcelona,8009,Barcelona,Barcelona
Audi,Q3,Diésel,131692.0,150.0,automatic,33500,Benicarló,12580,Castellón,Benicarló
Mazda,5,Diésel,158000.0,115.0,manual,12490,Torredembarra,43830,Tarragona,Torredembarra
Audi,A3,Gasolina,39981.0,150.0,automatic,22990,Bilbao,48004,Bizkaia,Bilbao
Audi,A3,Gasolina,39981.0,150.0,automatic,22990,Málaga,29005,Málaga,Málaga
Audi,A3,Gasolina,39981.0,150.0,automatic,22990,Marbella,29601,Málaga,Marbella
Mazda,3,Gasolina,56787.0,120.0,manual,15990,Murcia,30005,Murcia,Murcia
Audi,Q5,Diésel,121500.0,190.0,automatic,24990,Granada,18005,Granada,Granada
Audi,Q5,Diésel,121500.0,190.0,automatic,24780,Granada,18005,Granada,Granada
Peugeot,208,Gasolina,29063.0,100.0,manual,15990,Almería,4006,Almería,Almería
Peugeot,208,Diésel,27713.0,100.0,manual,12990,Almería,4006,Almería,Almería
Peugeot,208,Gasolina,15361.0,100.0,automatic,21250,Olèrdola,8734,Barcelona,Olèrdola
Peugeot,208,Gasolina,15361.0,100.0,automatic,21250,Olèrdola,8734,Barcelona,Olèrdola
Peugeot,208,Gasolina,15361.0,100.0,automatic,21250,Mercado Parque Corredor del Henares,28850,Madrid,Mercado Parque Corredor del Henares
Peugeot,208,Diésel,74044.0,99.0,manual,10990,Toledo,45002,Toledo,Toledo
Peugeot,208,Gasolina,29063.0,100.0,manual,15990,Ullastrell,8231,Barcelona,Ullastrell
Peugeot,208,Diésel,27713.0,100.0,manual,12990,Marbella,29601,Málaga,Marbella
Peugeot,208,Diésel,58913.0,100.0,manual,12599,Madrid,28014,Madrid,Madrid
Peugeot,208,Diésel,74044.0,99.0,manual,10990,Granada,18005,Granada,Granada
Peugeot,208,Gasolina,38640.0,110.0,automatic,11990,Granada,18005,Granada,Granada
Peugeot,208,Gasolina,29063.0,100.0,manual,15990,Vigo,36211,Pontevedra,Vigo
Peugeot,208,Gasolina,29063.0,100.0,manual,15990,Granada,18005,Granada,Granada
Peugeot,208,Diésel,74044.0,99.0,manual,10990,Vigo,36211,Pontevedra,Vigo
Peugeot,208,Gasolina,38640.0,110.0,automatic,11990,Vigo,36211,Pontevedra,Vigo
Peugeot,208,Diésel,27713.0,100.0,manual,12990,Granada,18005,Granada,Granada
Peugeot,208,Gasolina,29063.0,100.0,manual,15990,Girona,17007,Girona,Girona
Peugeot,208,Diésel,74044.0,99.0,manual,10990,Murcia,30005,Murcia,Murcia
Peugeot,208,Diésel,74044.0,99.0,manual,10990,Bilbao,48004,Bizkaia,Bilbao
Hyundai,Tucson,Diésel,76211.0,141.0,automatic,25875,Santa Maria del Aguila,4710,Almería,Santa Maria del Aguila
Hyundai,Tucson,Gasolina,44120.0,131.0,manual,18900,Ciudad Real,13003,Ciudad Real,Ciudad Real
Hyundai,Tucson,Diésel,76211.0,141.0,automatic,25875,Ciudad Real,13003,Ciudad Real,Ciudad Real
Hyundai,Tucson,Diésel,76211.0,141.0,automatic,25875,Santiago de Compostela,15703,A Coruña,Santiago de Compostela
Saab,09-mar,Diésel,169369.0,150.0,manual,6490,Dos Hermanas,41703,Sevilla,Dos Hermanas
Saab,09-mar,Diésel,195000.0,150.0,manual,4499,Llerona,8520,Barcelona,Llerona
Volkswagen,Scirocco,Gasolina,82500.0,125.0,manual,17990,Palau-Solita I Plegamans,8184,Barcelona,Palau-Solita I Plegamans
Volkswagen,Scirocco,Gasolina,82500.0,125.0,manual,17990,Palau-Solita I Plegamans,8184,Barcelona,Palau-Solita I Plegamans
Volkswagen,Scirocco,Gasolina,82500.0,125.0,manual,17990,Girona,17007,Girona,Girona
Audi,A6,Diésel,98239.0,180.0,manual,10800,Ciudad Real,13003,Ciudad Real,Ciudad Real
Audi,A6,Diésel,54536.0,190.0,automatic,26990,Alicante,3010,Alicante,Alicante
Audi,A6,Diésel,54536.0,190.0,automatic,26990,Alicante,3010,Murcia,Alicante
Audi,A6,Diésel,54536.0,190.0,automatic,25990,Alicante,3010,Alicante,Alicante
Audi,A6,Diésel,54536.0,190.0,automatic,25990,Alicante,3010,Murcia,Alicante
Hyundai,Tucson,Gasolina,44120.0,131.0,manual,18900,Valdepeñas,13300,Ciudad Real,Valdepeñas
Hyundai,Tucson,Gasolina,44120.0,131.0,manual,18900,Valdepeñas,13300,Ciudad Real,Valdepeñas
Hyundai,Tucson,Diésel,76211.0,141.0,automatic,25875,Valdepeñas,13300,Ciudad Real,Valdepeñas
Hyundai,Tucson,Diésel,76211.0,141.0,automatic,25875,Valdepeñas,13300,Ciudad Real,Valdepeñas
Hyundai,Tucson,Gasolina,44120.0,131.0,manual,18900,Saladar,3700,Alicante,Saladar
Hyundai,Tucson,Gasolina,44120.0,131.0,manual,18900,Mercado Parque Corredor del Henares,28850,Madrid,Mercado Parque Corredor del Henares
Hyundai,Tucson,Diésel,76211.0,141.0,automatic,25875,Saladar,3700,Alicante,Saladar
Audi,A6,Diésel,98239.0,180.0,manual,10800,Atarrabia,31610,Navarra,Atarrabia
Audi,A6,Diésel,98239.0,180.0,manual,10800,Colonia Pablo Iglesias,28520,Madrid,Colonia Pablo Iglesias
Audi,A6,Diésel,54536.0,190.0,automatic,26990,Valencia,46001,Valencia,Valencia
Audi,A6,Diésel,54536.0,190.0,automatic,25990,Valencia,46001,Valencia,Valencia
Audi,A6,Diésel,98239.0,180.0,manual,10800,Alameda del Obispo,14005,Córdoba,Alameda del Obispo
Audi,A6,Diésel,98239.0,180.0,manual,10800,Santafe,18320,Granada,Santafe
Peugeot,208,Diésel,74044.0,99.0,manual,10990,Valencia,46001,Valencia,Valencia
Peugeot,208,Gasolina,38640.0,110.0,automatic,11990,Valencia,46001,Valencia,Valencia
Peugeot,208,Gasolina,29063.0,100.0,manual,15990,Bilbao,48004,Bizkaia,Bilbao
Peugeot,208,Diésel,27713.0,100.0,manual,12990,Bilbao,48004,Bizkaia,Bilbao
Peugeot,208,Diésel,74044.0,99.0,manual,10990,Málaga,29005,Málaga,Málaga
Peugeot,208,Diésel,74044.0,99.0,manual,10990,Las Rozas de Madrid,28232,Madrid,Las Rozas de Madrid
Peugeot,208,Diésel,74044.0,99.0,manual,10990,Camarma de Esteruelas,28816,Madrid,Camarma de Esteruelas
Peugeot,208,Diésel,74044.0,99.0,manual,10990,Camarma de Esteruelas,28816,Madrid,Camarma de Esteruelas
Peugeot,208,Gasolina,29063.0,100.0,manual,15990,Òrrius,8317,Barcelona,Òrrius
Peugeot,208,Diésel,74044.0,99.0,manual,10990,Villaviciosa de Odón,28670,Madrid,Villaviciosa de Odón
Peugeot,208,Diésel,74044.0,99.0,manual,10990,Urbanizacion La Granjilla,28700,Madrid,Urbanizacion La Granjilla
Peugeot,208,Gasolina,22336.0,82.0,manual,12900,Dos Hermanas,41012,Sevilla,Dos Hermanas
Peugeot,208,Gasolina,38640.0,110.0,automatic,11990,Castellón,12001,Castellón,Castellón
Peugeot,208,Gasolina,66410.0,68.0,manual,9500,L'Hospitalet de Llobregat,8901,Barcelona,L'Hospitalet de Llobregat
Hyundai,Tucson,Gasolina,34576.0,131.0,manual,19538,Sant Vicenç de Montalt,8394,Barcelona,Sant Vicenç de Montalt
Hyundai,Tucson,Diésel,76211.0,141.0,automatic,25875,Sant Vicenç de Montalt,8394,Barcelona,Sant Vicenç de Montalt
Hyundai,Tucson,Gasolina,44120.0,131.0,manual,18900,Murcia,30003,Murcia,Murcia
Hyundai,Tucson,Diésel,76211.0,141.0,automatic,25875,Murcia,30003,Murcia,Murcia
Hyundai,Tucson,Gasolina,34576.0,131.0,manual,19538,Vigo,36214,Pontevedra,Vigo
Hyundai,Tucson,Diésel,76211.0,141.0,automatic,25875,Vigo,36214,Pontevedra,Vigo
Volvo,XC40,Gasolina,60000.0,163.0,manual,29000,Madrid,28017,Madrid,Madrid
Hyundai,Tucson,Diésel,76211.0,141.0,automatic,25875,Estepona,29680,Málaga,Estepona
Volkswagen,Golf Cabrio,Gasolina,156000.0,112.0,manual,10390,Madrid,28046,Madrid,Madrid
Volkswagen,Golf Cabrio,Gasolina,156000.0,112.0,manual,10390,Las Rozas de Madrid,28232,Madrid,Las Rozas de Madrid
Volkswagen,Golf Cabrio,Gasolina,156000.0,112.0,manual,10390,Alcobendas,28100,Madrid,Alcobendas
Audi,A6 Allroad,Diésel,231000.0,240.0,automatic,12800,Muxa,27192,Lugo,Muxa
Volvo,V70,Diésel,289000.0,163.0,manual,2999,Málaga,29004,Málaga,Málaga
Volvo,V40,Diésel,110356.0,119.0,manual,16900,Valladolid,47011,Valladolid,Valladolid
Volvo,V40,Diésel,99950.0,149.0,manual,438,Barcelona,8007,Barcelona,Barcelona
Volvo,V40,Diésel,72000.0,190.0,manual,562,Madrid,28009,Madrid,Madrid
Audi,A7,Diésel,206645.0,245.0,automatic,21000,Benicarló,12580,Castellón,Benicarló
Volvo,V90,Diésel,99950.0,149.0,manual,692,Madrid,28009,Madrid,Madrid
Volvo,V90,Diésel,108000.0,149.0,manual,592,Madrid,28006,Madrid,Madrid
Audi,A1,Gasolina,16100.0,110.0,manual,20790,Sevilla,41005,Sevilla,Sevilla
Audi,A1,Gasolina,16100.0,110.0,manual,20790,Alicante,3010,Alicante,Alicante
Audi,A1,Gasolina,16100.0,110.0,manual,20790,Alicante,3010,Murcia,Alicante
Audi,A1,Gasolina,16100.0,110.0,manual,20790,Bilbao,48004,Bizkaia,Bilbao
Audi,A1,Gasolina,16100.0,110.0,manual,20790,Vigo,36211,Pontevedra,Vigo
Audi,A1,Gasolina,16100.0,110.0,manual,20790,Murcia,30005,Murcia,Murcia
Audi,A1,Gasolina,16100.0,110.0,manual,20790,Málaga,29005,Málaga,Málaga
Audi,A1,Gasolina,16100.0,110.0,manual,20790,Girona,17007,Girona,Girona
Audi,A1,Gasolina,26000.0,200.0,automatic,28500,Alzira,46600,Valencia,Alzira
Audi,A1,Gasolina,26000.0,200.0,automatic,28500,Alzira,46600,Valencia,Alzira
Volvo,XC90,Diésel,105000.0,235.0,automatic,37990,Madrid,28009,Madrid,Madrid
Volvo,XC90,Diésel,105000.0,235.0,automatic,37990,Málaga,29005,Málaga,Málaga
Volvo,XC90,Diésel,105000.0,235.0,automatic,37990,Sevilla,41001,Sevilla,Sevilla
Chrysler,PT Cruiser,Diésel,226314.0,121.0,manual,1800,Santafe,18320,Granada,Santafe
Volkswagen,T-Roc,Diésel,48000.0,115.0,manual,506,Madrid,28006,Madrid,Madrid
Volkswagen,T-Roc,Gasolina,99950.0,115.0,manual,452,Valencia,46005,Valencia,Valencia
Volkswagen,T-Roc,Gasolina,114430.0,115.0,manual,19990,Madrid,28021,Madrid,Madrid
Volkswagen,T-Roc,Gasolina,100505.0,115.0,manual,20790,Madrid,28021,Madrid,Madrid
Volkswagen,Taigo,Gasolina,10166.0,95.0,manual,20990,Badajoz,6003,Badajoz,Badajoz
Volkswagen,Taigo,Gasolina,10166.0,95.0,manual,20990,Málaga,29005,Málaga,Málaga
Volkswagen,Taigo,Gasolina,10166.0,95.0,manual,20990,Sevilla,41005,Sevilla,Sevilla
Mazda,CX-3,Diésel,53690.0,115.0,automatic,22490,Burgos,9007,Burgos,Burgos
Mazda,CX-3,Diésel,99463.0,105.0,automatic,13990,Almería,4006,Almería,Almería
Mazda,CX-3,Diésel,99463.0,105.0,automatic,13990,Alicante,3010,Alicante,Alicante
Mazda,CX-3,Diésel,99463.0,105.0,automatic,13990,Alicante,3010,Murcia,Alicante
Mazda,CX-3,Gasolina,46602.0,120.0,manual,18299,Barcelona,8007,Barcelona,Barcelona
Mazda,CX-3,Diésel,99463.0,105.0,automatic,13990,Vigo,36211,Pontevedra,Vigo
Mazda,CX-3,Diésel,99463.0,105.0,automatic,13990,Cáceres,10001,Cáceres,Cáceres
Mazda,CX-3,Diésel,99463.0,105.0,automatic,13990,Bilbao,48004,Bizkaia,Bilbao
Mazda,CX-3,Diésel,99463.0,105.0,automatic,13990,Badajoz,6003,Badajoz,Badajoz
Volkswagen,Touareg,Diésel,192376.0,204.0,automatic,17990,Bilbao,48004,Bizkaia,Bilbao
Volkswagen,Touareg,Diésel,192376.0,204.0,automatic,17990,Badajoz,6003,Badajoz,Badajoz
Volkswagen,Touareg,Diésel,196306.0,313.0,automatic,11500,El Esparragal,30163,Murcia,El Esparragal
Volkswagen,Taigo,Gasolina,10166.0,95.0,manual,20990,Cáceres,10001,Cáceres,Cáceres
Volkswagen,Taigo,Gasolina,10166.0,95.0,manual,20990,Córdoba,14003,Córdoba,Córdoba
Volkswagen,Taigo,Gasolina,10166.0,95.0,manual,20990,Huelva,21004,Huelva,Huelva
Volkswagen,Taigo,Gasolina,25979.0,150.0,automatic,28700,Orkoien,31160,Navarra,Orkoien
Volkswagen,T-Roc,Gasolina,49000.0,300.0,automatic,39490,Granollers,8403,Barcelona,Granollers
Volkswagen,T-Roc,Gasolina,14000.0,150.0,manual,25900,Bormujos,41930,Sevilla,Bormujos
Volkswagen,T-Roc,Gasolina,14000.0,150.0,manual,25900,Valencia,46002,Valencia,Valencia
Volkswagen,T-Roc,Diésel,48000.0,115.0,manual,280,Gandía,46701,Valencia,Gandía
Volkswagen,T-Roc,Gasolina,56866.0,115.0,manual,20500,Camas,41900,Sevilla,Camas
Volkswagen,T-Roc,Gasolina,81811.0,115.0,manual,21199,Madrid,28014,Madrid,Madrid
Volkswagen,Phaeton,Diésel,106111.0,245.0,automatic,23990,Granada,18005,Granada,Granada
Volkswagen,Phaeton,Gasolina,124000.0,450.0,automatic,14900,Badalona,8911,Barcelona,Badalona
Volkswagen,Phaeton,Gasolina,177500.0,335.0,automatic,24280,Collado Villalba,28400,Madrid,Collado Villalba
Volkswagen,Phaeton,Gasolina,177500.0,335.0,automatic,24280,Collado Villalba,28400,Madrid,Collado Villalba
Volkswagen,Caravelle,Diésel,258000.0,130.0,manual,16900,Sabadell,8203,Barcelona,Sabadell
Volkswagen,Caravelle,Diésel,98000.0,102.0,manual,26990,Mataró,8302,Barcelona,Mataró
Volkswagen,Tiguan,Gasolina,38781.0,130.0,manual,29200,Sant Vicenç de Montalt,8394,Barcelona,Sant Vicenç de Montalt
Volkswagen,Tiguan,Diésel,119671.0,190.0,automatic,24990,Sevilla,41005,Sevilla,Sevilla
Volkswagen,Tiguan,Diésel,119671.0,190.0,automatic,24990,Alicante,3010,Alicante,Alicante
Volkswagen,Tiguan,Diésel,119671.0,190.0,automatic,24990,Alicante,3010,Murcia,Alicante
Volkswagen,Tiguan,Diésel,86675.0,240.0,automatic,29990,Málaga,29005,Málaga,Málaga
Volkswagen,Sharan,Diésel,190000.0,140.0,manual,7950,Collado Villalba,28400,Madrid,Collado Villalba
Volkswagen,Sharan,Diésel,190000.0,140.0,manual,7950,Collado Villalba,28400,Madrid,Collado Villalba
Volkswagen,Sharan,Diésel,34000.0,150.0,manual,34999,Bormujos,41930,Sevilla,Bormujos
Volkswagen,T-Cross,Gasolina,87000.0,95.0,manual,412,Valencia,46005,Valencia,Valencia
Volkswagen,T-Cross,Gasolina,99950.0,95.0,manual,402,Barcelona,8009,Barcelona,Barcelona
Volkswagen,T-Cross,Gasolina,11161.0,110.0,manual,23990,Barcelona,8036,Barcelona,Barcelona
Chevrolet,Aveo,Gasolina,182000.0,100.0,automatic,3990,Torremolinos,29620,Málaga,Torremolinos
Chevrolet,Aveo,Gasolina,182000.0,100.0,automatic,3990,Torremolinos,29620,Málaga,Torremolinos
Chevrolet,Aveo,Gasolina,182000.0,100.0,automatic,3990,Torremolinos,29620,Málaga,Torremolinos
Mazda,2,Gasolina,102895.0,115.0,manual,11899,Madrid,28014,Madrid,Madrid
Mazda,2,Gasolina,102895.0,115.0,manual,11899,Barcelona,8007,Barcelona,Barcelona
Volkswagen,CC,Diésel,96000.0,140.0,manual,15690,Madrid,28014,Madrid,Madrid
Volkswagen,CC,Diésel,96000.0,140.0,manual,15690,Zaragoza,50018,Zaragoza,Zaragoza
Volkswagen,Touareg,Diésel,192376.0,204.0,automatic,17990,Cáceres,10001,Cáceres,Cáceres
Volkswagen,Touareg,Diésel,192376.0,204.0,automatic,17990,Córdoba,14003,Córdoba,Córdoba
Chevrolet,Cruze,Diésel,132698.0,163.0,automatic,8290,Madrid,28046,Madrid,Madrid
Chevrolet,Cruze,Diésel,132698.0,163.0,automatic,8290,Leganés,28916,Madrid,Leganés
Chevrolet,Cruze,Diésel,132698.0,163.0,automatic,8290,Alcobendas,28100,Madrid,Alcobendas
Volkswagen,Polo,Gasolina,165634.0,80.0,manual,6900,Benicarló,12580,Castellón,Benicarló
Volkswagen,Polo,Gasolina,119088.0,90.0,manual,12535,Santa Maria del Aguila,4710,Almería,Santa Maria del Aguila
Volkswagen,Polo,Gasolina,119088.0,90.0,manual,12535,Ciudad Real,13003,Ciudad Real,Ciudad Real
Volkswagen,Polo,Gasolina,119088.0,90.0,manual,12535,Santiago de Compostela,15703,A Coruña,Santiago de Compostela
Volkswagen,Polo,Gasolina,119088.0,90.0,manual,12535,Valdepeñas,13300,Ciudad Real,Valdepeñas
Volkswagen,Polo,Gasolina,119088.0,90.0,manual,12535,Valdepeñas,13300,Ciudad Real,Valdepeñas
Volkswagen,Polo,Gasolina,119088.0,90.0,manual,12535,Saladar,3700,Alicante,Saladar
Volkswagen,Polo,Gasolina,119088.0,90.0,manual,12535,Mercado Parque Corredor del Henares,28850,Madrid,Mercado Parque Corredor del Henares
Volkswagen,Polo,Gasolina,119088.0,90.0,manual,12535,Vigo,36214,Pontevedra,Vigo
Volkswagen,Polo,Gasolina,119088.0,90.0,manual,12535,Sant Vicenç de Montalt,8394,Barcelona,Sant Vicenç de Montalt
Volkswagen,Polo,Gasolina,119088.0,90.0,manual,12535,Olèrdola,8734,Barcelona,Olèrdola
Volkswagen,Polo,Gasolina,119088.0,90.0,manual,12535,Olèrdola,8734,Barcelona,Olèrdola
Volkswagen,Polo,Gasolina,95706.0,90.0,manual,13490,Olèrdola,8734,Barcelona,Olèrdola
Volkswagen,Polo,Gasolina,95706.0,90.0,manual,13490,Olèrdola,8734,Barcelona,Olèrdola
Volkswagen,Polo,Gasolina,126416.0,60.0,manual,7990,Sevilla,41005,Sevilla,Sevilla
Volkswagen,Polo,Gasolina,126416.0,60.0,manual,7990,Vigo,36211,Pontevedra,Vigo
Volkswagen,Polo,Gasolina,126416.0,60.0,manual,7990,Almería,4006,Almería,Almería
Volkswagen,Polo,Gasolina,126416.0,60.0,manual,7990,Granada,18005,Granada,Granada
Volkswagen,Transporter T5,Diésel,274000.0,130.0,manual,13900,Sabadell,8203,Barcelona,Sabadell
Volkswagen,Transporter T5,Diésel,245000.0,130.0,manual,16900,Sabadell,8203,Barcelona,Sabadell
Volkswagen,Tiguan Allspace,Diésel,79000.0,149.0,manual,386,Gandía,46701,Valencia,Gandía
Volkswagen,Tiguan Allspace,Diésel,113000.0,149.0,manual,648,Madrid,28009,Madrid,Madrid
Volkswagen,Tiguan Allspace,Diésel,79000.0,149.0,manual,664,Madrid,28006,Madrid,Madrid
Volkswagen,Golf,Gasolina,81000.0,115.0,manual,332,Barcelona,8007,Barcelona,Barcelona
Volkswagen,T-Cross,Gasolina,21919.0,95.0,manual,20490,Valladolid,47010,Valladolid,Valladolid
Volkswagen,T-Cross,Gasolina,21919.0,95.0,manual,20990,Valladolid,47010,Valladolid,Valladolid
Volkswagen,T-Cross,Gasolina,99950.0,95.0,manual,402,Sevilla,41018,Sevilla,Sevilla
Volkswagen,T-Cross,Gasolina,7940.0,110.0,manual,27990,Barcelona,8036,Barcelona,Barcelona
Volkswagen,T-Cross,Gasolina,46741.0,110.0,manual,20500,Dos Hermanas,41012,Sevilla,Dos Hermanas
Volkswagen,T-Cross,Gasolina,46741.0,110.0,manual,20500,Sevilla,41006,Sevilla,Sevilla
Volkswagen,T-Cross,Gasolina,26316.0,95.0,manual,20700,Málaga,29004,Málaga,Málaga
Volkswagen,T-Cross,Gasolina,26316.0,95.0,manual,20900,Málaga,29004,Málaga,Málaga
Volkswagen,T-Cross,Diésel,111791.0,95.0,manual,17390,Madrid,28021,Madrid,Madrid
Volkswagen,Caddy,Diésel,121500.0,102.0,automatic,20990,Barcelona,8036,Barcelona,Barcelona
Volkswagen,Caddy,Diésel,128000.0,104.0,manual,6499,Calahorra,26500,La Rioja,Calahorra
Volkswagen,Caddy,Diésel,98841.0,102.0,manual,20899,Tarragona,43006,Tarragona,Tarragona
Chevrolet,Captiva,Diésel,320000.0,150.0,manual,4890,Zaragoza,50009,Zaragoza,Zaragoza
Chevrolet,Captiva,Diésel,320000.0,150.0,manual,4750,Zaragoza,50009,Zaragoza,Zaragoza
Volkswagen,Arteon,Diésel,40000.0,150.0,automatic,35990,Málaga,29005,Málaga,Málaga
Volkswagen,Arteon,Gasolina,53355.0,150.0,manual,25900,Camas,41900,Sevilla,Camas
Volkswagen,Arteon,Diésel,60439.0,190.0,automatic,33500,Rivas Vaciamadrid,28521,Madrid,Rivas Vaciamadrid
Volkswagen,Arteon,Diésel,60439.0,190.0,automatic,32900,Rivas Vaciamadrid,28521,Madrid,Rivas Vaciamadrid
Volkswagen,Touran,Diésel,119149.0,115.0,automatic,17990,Sevilla,41005,Sevilla,Sevilla
Volkswagen,Touran,Diésel,119149.0,115.0,automatic,17990,Vigo,36211,Pontevedra,Vigo
Volkswagen,Touran,Diésel,119149.0,115.0,automatic,17990,Bilbao,48004,Bizkaia,Bilbao
Volkswagen,Touran,Diésel,119149.0,115.0,automatic,17990,Palma de Mallorca,7003,Baleares,Palma de Mallorca
Volkswagen,Touran,Diésel,119149.0,115.0,automatic,17990,Málaga,29005,Málaga,Málaga
Volkswagen,Touran,Diésel,140660.0,150.0,manual,19970,Foios,46134,Valencia,Foios
Volkswagen,Beetle,Diésel,29112.0,105.0,manual,14900,Vigo,36214,Pontevedra,Vigo
Volkswagen,Beetle,Diésel,29112.0,105.0,manual,14900,Atarrabia,31610,Navarra,Atarrabia
Volkswagen,Beetle,Diésel,93484.0,102.0,automatic,7790,Fuenlabrada,28946,Madrid,Fuenlabrada
Volkswagen,Polo,Gasolina,95706.0,90.0,manual,13490,Murcia,30003,Murcia,Murcia
Volkswagen,Polo,Gasolina,126416.0,60.0,manual,7990,Alicante,3010,Alicante,Alicante
Volkswagen,Polo,Gasolina,126416.0,60.0,manual,7990,Alicante,3010,Murcia,Alicante
Volkswagen,Golf Plus,Gasolina,205000.0,102.0,manual,5300,O Birloque,15008,A Coruña,O Birloque
Volkswagen,Golf Plus,Gasolina,205000.0,102.0,manual,5300,O Birloque,15008,A Coruña,O Birloque
Volkswagen,Sharan,Diésel,61385.0,184.0,automatic,32990,La Canonja,43110,Tarragona,La Canonja
Volkswagen,Sharan,Diésel,61385.0,184.0,automatic,32990,Barcelona,8007,Barcelona,Barcelona
Volkswagen,Scirocco,Gasolina,115637.0,200.0,automatic,12900,Mercado Parque Corredor del Henares,28850,Madrid,Mercado Parque Corredor del Henares
Volkswagen,Scirocco,Gasolina,82500.0,125.0,manual,17990,Sevilla,41005,Sevilla,Sevilla
Volkswagen,Scirocco,Gasolina,82500.0,125.0,manual,17990,Vigo,36211,Pontevedra,Vigo
Volkswagen,Scirocco,Gasolina,82500.0,125.0,manual,17990,Alicante,3010,Alicante,Alicante
Volkswagen,Scirocco,Gasolina,82500.0,125.0,manual,17990,Alicante,3010,Murcia,Alicante
Volkswagen,Scirocco,Gasolina,82500.0,125.0,manual,17990,Bilbao,48004,Bizkaia,Bilbao
Volkswagen,Scirocco,Gasolina,82500.0,125.0,manual,17990,Òrrius,8317,Barcelona,Òrrius
Volkswagen,Scirocco,Gasolina,82500.0,125.0,manual,17990,Granada,18005,Granada,Granada
Volkswagen,Scirocco,Gasolina,82500.0,125.0,manual,17990,Valencia,46001,Valencia,Valencia
Volkswagen,Scirocco,Gasolina,115637.0,200.0,automatic,12900,Colonia Pablo Iglesias,28520,Madrid,Colonia Pablo Iglesias
Volkswagen,Scirocco,Gasolina,115637.0,200.0,automatic,12900,Alameda del Obispo,14005,Córdoba,Alameda del Obispo
Volkswagen,Passat,Diésel,175042.0,150.0,manual,16000,Benicarló,12580,Castellón,Benicarló
Volkswagen,Passat,Diésel,94000.0,149.0,manual,266,Madrid,28009,Madrid,Madrid
Volkswagen,Passat,Diésel,187506.0,120.0,manual,14800,La Poveda,28500,Madrid,La Poveda
Volkswagen,Passat,Diésel,137857.0,120.0,manual,17495,Mairena del Aljarafe,41927,Sevilla,Mairena del Aljarafe
Volkswagen,ID.3,Eléctrico,4100.0,204.0,automatic,39990,Barcelona,8036,Barcelona,Barcelona
Volkswagen,ID.3,Eléctrico,27620.0,204.0,automatic,32990,Granada,18005,Granada,Granada
Volkswagen,ID.3,Eléctrico,27620.0,204.0,automatic,32990,Almería,4006,Almería,Almería
Volkswagen,ID.3,Eléctrico,27620.0,204.0,automatic,32990,Murcia,30005,Murcia,Murcia
Volkswagen,ID.3,Eléctrico,27620.0,204.0,automatic,32990,Valencia,46001,Valencia,Valencia
Citroen,C3 Picasso,Gasolina,45926.0,110.0,manual,12420,Sant Vicenç de Montalt,8394,Barcelona,Sant Vicenç de Montalt
Citroen,C3 Picasso,Gasolina,45926.0,110.0,manual,12420,Mercabilbao,48970,Bizkaia,Mercabilbao
Citroen,C3 Picasso,Gasolina,45926.0,110.0,manual,12420,Atarrabia,31610,Navarra,Atarrabia
Citroen,C3 Picasso,Gasolina,45926.0,110.0,manual,12420,Alicante,3007,Alicante,Alicante
Citroen,C3 Picasso,Gasolina,45926.0,110.0,manual,12420,Hidraulica Santillana,28770,Madrid,Hidraulica Santillana
Citroen,C3 Picasso,Gasolina,45926.0,110.0,manual,12420,Albacete,2001,Albacete,Albacete
Volkswagen,ID.3,Eléctrico,27620.0,204.0,automatic,32990,Bilbao,48004,Bizkaia,Bilbao
Volkswagen,ID.3,Eléctrico,27620.0,204.0,automatic,32990,Sevilla,41005,Sevilla,Sevilla
Volkswagen,ID.3,Eléctrico,27620.0,204.0,automatic,32990,Málaga,29005,Málaga,Málaga
Citroen,Jumpy,Diésel,77791.0,122.0,manual,21900,Pineda de Mar,8397,Barcelona,Pineda de Mar
Suzuki,Ignis,Gasolina,36509.0,90.0,manual,10990,Vigo,36211,Pontevedra,Vigo
Suzuki,Ignis,Gasolina,36509.0,90.0,manual,10990,Alicante,3010,Alicante,Alicante
Suzuki,Ignis,Gasolina,36509.0,90.0,manual,10990,Alicante,3010,Murcia,Alicante
Suzuki,Ignis,Gasolina,36509.0,90.0,manual,10990,Málaga,29005,Málaga,Málaga
Citroen,Grand C4 Picasso,Diésel,176906.0,115.0,manual,12300,Mercado Parque Corredor del Henares,28850,Madrid,Mercado Parque Corredor del Henares
Citroen,Grand C4 Picasso,Diésel,176906.0,115.0,manual,12300,Estepona,29680,Málaga,Estepona
Citroen,Grand C4 Picasso,Diésel,176906.0,115.0,manual,12300,Santa Maria del Aguila,4710,Almería,Santa Maria del Aguila
Citroen,Grand C4 Picasso,Diésel,142623.0,100.0,manual,12990,Alicante,3010,Alicante,Alicante
Citroen,Grand C4 Picasso,Diésel,142623.0,100.0,manual,12990,Alicante,3010,Murcia,Alicante
Citroen,Grand C4 Picasso,Diésel,142623.0,100.0,manual,12990,Bilbao,48004,Bizkaia,Bilbao
Citroen,Grand C4 Picasso,Diésel,142623.0,100.0,manual,12990,Vigo,36211,Pontevedra,Vigo
Citroen,Grand C4 Picasso,Diésel,142623.0,100.0,manual,12990,Murcia,30005,Murcia,Murcia
Citroen,Grand C4 Picasso,Diésel,142623.0,100.0,manual,12990,Málaga,29005,Málaga,Málaga
Citroen,Grand C4 Picasso,Diésel,176906.0,115.0,manual,12300,Alameda del Obispo,14005,Córdoba,Alameda del Obispo
Citroen,Grand C4 Picasso,Diésel,176906.0,115.0,manual,12300,Paterna,46980,Valencia,Paterna
Citroen,Grand C4 Picasso,Diésel,176906.0,115.0,manual,12300,Zaragoza,50013,Zaragoza,Zaragoza
Citroen,Grand C4 Picasso,Diésel,176906.0,115.0,manual,12300,Albacete,2001,Albacete,Albacete
Citroen,Grand C4 Picasso,Diésel,176906.0,115.0,manual,12300,Hidraulica Santillana,28770,Madrid,Hidraulica Santillana
Citroen,Grand C4 Picasso,Diésel,176906.0,115.0,manual,12300,Mercabilbao,48970,Bizkaia,Mercabilbao
Citroen,Grand C4 Picasso,Diésel,176906.0,115.0,manual,12300,Castello/Castellon de La Plana,12100,Castellón,Castello/Castellon de La Plana
Citroen,Grand C4 Picasso,Diésel,176906.0,115.0,manual,12300,Santafe,18320,Granada,Santafe
Citroen,Grand C4 Picasso,Diésel,176906.0,115.0,manual,12300,Las Rozas de Madrid,28232,Madrid,Las Rozas de Madrid
Citroen,Grand C4 Picasso,Diésel,176906.0,115.0,manual,12300,Getafe,28906,Madrid,Getafe
Volvo,V60,Gasolina,94700.0,310.0,automatic,33990,Murcia,30004,Murcia,Murcia
Volvo,V60,Gasolina,94700.0,310.0,automatic,33990,Alcorcón,28924,Madrid,Alcorcón
Volvo,V60,Gasolina,94700.0,310.0,automatic,33990,Getafe,28903,Madrid,Getafe
Volvo,V60,Gasolina,94700.0,310.0,automatic,33990,Barcelona,8041,Barcelona,Barcelona
Suzuki,Vitara,Gasolina,99001.0,111.0,manual,14490,Sevilla,41005,Sevilla,Sevilla
Suzuki,Vitara,Gasolina,99001.0,111.0,manual,14490,Alicante,3010,Alicante,Alicante
Suzuki,Vitara,Gasolina,99001.0,111.0,manual,14490,Alicante,3010,Murcia,Alicante
Suzuki,Vitara,Gasolina,99001.0,111.0,manual,14490,Bilbao,48004,Bizkaia,Bilbao
Suzuki,Vitara,Gasolina,99001.0,111.0,manual,14490,Valencia,46001,Valencia,Valencia
Suzuki,Vitara,Gasolina,99001.0,111.0,manual,14490,Málaga,29005,Málaga,Málaga
Suzuki,Vitara,Gasolina,99001.0,111.0,manual,14490,Cáceres,10001,Cáceres,Cáceres
Suzuki,Vitara,Gasolina,23243.0,140.0,manual,20199,Madrid,28014,Madrid,Madrid
Suzuki,Vitara,Gasolina,23243.0,140.0,manual,20199,Barcelona,8007,Barcelona,Barcelona
Citroen,C5,Diésel,146874.0,150.0,manual,14490,Almería,4006,Almería,Almería
Citroen,C5,Diésel,146874.0,150.0,manual,14490,Granada,18005,Granada,Granada
Citroen,C5,Diésel,146874.0,150.0,manual,14490,Urbanizacion La Granjilla,28700,Madrid,Urbanizacion La Granjilla
Citroen,C5,Diésel,146874.0,150.0,manual,14490,Collado Villalba,28400,Madrid,Collado Villalba
Citroen,C5,Diésel,146874.0,150.0,manual,14490,Collado Villalba,28400,Madrid,Collado Villalba
Citroen,C5,Diésel,146874.0,150.0,manual,14490,Valencia,46001,Valencia,Valencia
Citroen,C5,Diésel,146874.0,150.0,manual,14490,Las Rozas de Madrid,28232,Madrid,Las Rozas de Madrid
Citroen,C5,Diésel,146874.0,150.0,manual,14490,Villaviciosa de Odón,28670,Madrid,Villaviciosa de Odón
Volvo,V60,Diésel,138000.0,150.0,automatic,22500,Madrid,28008,Madrid,Madrid
Toyota,Land Cruiser 150,Diésel,98000.0,177.0,manual,29990,Cabrera de Mar,8349,Barcelona,Cabrera de Mar
Toyota,Land Cruiser 150,Diésel,60000.0,177.0,manual,29990,Cabrera de Mar,8349,Barcelona,Cabrera de Mar
Suzuki,Jimny,Gasolina,90.0,85.0,manual,16500,Santiago de Compostela,36164,Pontevedra,Santiago de Compostela
Subaru,XV,Gasolina,94820.0,115.0,manual,11799,Madrid,28014,Madrid,Madrid
Volkswagen,Transporter T6,Diésel,141000.0,150.0,manual,18000,Pamplona/Iruña,31006,Navarra,Pamplona/Iruña
Citroen,C3,Diésel,108110.0,99.0,manual,10690,Madrid,28021,Madrid,Madrid
Citroen,C3 Aircross,Gasolina,22000.0,110.0,manual,13990,Sevilla,41005,Sevilla,Sevilla
Citroen,C3 Aircross,Gasolina,22000.0,110.0,manual,13990,Alicante,3010,Alicante,Alicante
Citroen,C3 Aircross,Gasolina,22000.0,110.0,manual,13990,Alicante,3010,Murcia,Alicante
Citroen,C3 Aircross,Gasolina,22000.0,110.0,manual,13990,Almería,4006,Almería,Almería
Citroen,C3 Aircross,Gasolina,22000.0,110.0,manual,13990,Granada,18005,Granada,Granada
Citroen,C3 Aircross,Gasolina,22000.0,110.0,manual,13990,Ullastrell,8231,Barcelona,Ullastrell
Citroen,C3 Aircross,Gasolina,22000.0,110.0,manual,13990,Bilbao,48004,Bizkaia,Bilbao
Citroen,C3 Aircross,Gasolina,22000.0,110.0,manual,13990,Girona,17007,Girona,Girona
Suzuki,Baleno,Gasolina,75109.0,111.0,manual,12363,Mercado Parque Corredor del Henares,28850,Madrid,Mercado Parque Corredor del Henares
Suzuki,Baleno,Gasolina,75109.0,111.0,manual,12363,Valdepeñas,13300,Ciudad Real,Valdepeñas
Suzuki,Baleno,Gasolina,75109.0,111.0,manual,12363,Valdepeñas,13300,Ciudad Real,Valdepeñas
Suzuki,Baleno,Gasolina,75109.0,111.0,manual,12363,Estepona,29680,Málaga,Estepona
Suzuki,Baleno,Gasolina,75109.0,111.0,manual,12363,Alameda del Obispo,14005,Córdoba,Alameda del Obispo
Suzuki,Baleno,Gasolina,75109.0,111.0,manual,12363,Alcalá de Guadaíra,41500,Sevilla,Alcalá de Guadaíra
Suzuki,Baleno,Gasolina,75109.0,111.0,manual,12363,Getafe,28906,Madrid,Getafe
Citroen,Berlingo,Diésel,94414.0,102.0,manual,245,Algete,28110,Madrid,Algete
Citroen,Grand C4 SpaceTourer,Gasolina,64990.0,130.0,manual,17490,Almería,4006,Almería,Almería
Citroen,Grand C4 SpaceTourer,Gasolina,64990.0,130.0,manual,16990,Almería,4006,Almería,Almería
Citroen,Grand C4 SpaceTourer,Gasolina,64990.0,130.0,manual,17490,Urbanizacion La Granjilla,28700,Madrid,Urbanizacion La Granjilla
Citroen,Grand C4 SpaceTourer,Gasolina,64990.0,130.0,manual,16990,Urbanizacion La Granjilla,28700,Madrid,Urbanizacion La Granjilla
Citroen,Grand C4 SpaceTourer,Gasolina,64990.0,130.0,manual,17490,Málaga,29005,Málaga,Málaga
Citroen,Grand C4 SpaceTourer,Gasolina,64990.0,130.0,manual,16990,Málaga,29005,Málaga,Málaga
Citroen,Grand C4 SpaceTourer,Gasolina,64990.0,130.0,manual,17490,Las Rozas de Madrid,28232,Madrid,Las Rozas de Madrid
Citroen,Grand C4 SpaceTourer,Gasolina,64990.0,130.0,manual,16990,Las Rozas de Madrid,28232,Madrid,Las Rozas de Madrid
Citroen,Grand C4 SpaceTourer,Gasolina,64990.0,130.0,manual,17490,Camarma de Esteruelas,28816,Madrid,Camarma de Esteruelas
Citroen,Grand C4 SpaceTourer,Gasolina,64990.0,130.0,manual,17490,Camarma de Esteruelas,28816,Madrid,Camarma de Esteruelas
Citroen,Grand C4 SpaceTourer,Gasolina,64990.0,130.0,manual,16990,Camarma de Esteruelas,28816,Madrid,Camarma de Esteruelas
Citroen,Grand C4 SpaceTourer,Gasolina,64990.0,130.0,manual,16990,Camarma de Esteruelas,28816,Madrid,Camarma de Esteruelas
Volkswagen,Crafter,Diésel,209000.0,136.0,manual,21890,Barcelona,8007,Barcelona,Barcelona
Ford,Grand C-MAX,Diésel,82000.0,119.0,manual,402,Barcelona,8009,Barcelona,Barcelona
Ford,Grand C-MAX,Diésel,103284.0,120.0,manual,15390,Madrid,28021,Madrid,Madrid
Ford,Grand C-MAX,Diésel,103284.0,120.0,manual,14990,Madrid,28021,Madrid,Madrid
Volkswagen,Crafter,Diésel,209000.0,136.0,manual,21890,Madrid,28014,Madrid,Madrid
Volkswagen,Crafter,Diésel,209000.0,136.0,manual,21890,Zaragoza,50018,Zaragoza,Zaragoza
Hyundai,Kona,Gasolina,44455.0,120.0,manual,17825,Ciudad Real,13003,Ciudad Real,Ciudad Real
Hyundai,Kona,Gasolina,44455.0,120.0,manual,17825,Santiago de Compostela,15703,A Coruña,Santiago de Compostela
Hyundai,Kona,Eléctrico,19135.0,204.0,automatic,38490,Madrid,28021,Madrid,Madrid
Hyundai,Kona,Eléctrico,19135.0,204.0,automatic,39190,Madrid,28021,Madrid,Madrid
Hyundai,Kona,Gasolina,44455.0,120.0,manual,17825,Valdepeñas,13300,Ciudad Real,Valdepeñas
Hyundai,Kona,Gasolina,44455.0,120.0,manual,17825,Valdepeñas,13300,Ciudad Real,Valdepeñas
Hyundai,Kona,Gasolina,44455.0,120.0,manual,17825,Saladar,3700,Alicante,Saladar
Hyundai,Kona,Gasolina,44455.0,120.0,manual,17825,Mercado Parque Corredor del Henares,28850,Madrid,Mercado Parque Corredor del Henares
Hyundai,Kona,Gasolina,44455.0,120.0,manual,17825,Vigo,36214,Pontevedra,Vigo
Hyundai,Kona,Gasolina,44455.0,120.0,manual,17825,Sant Vicenç de Montalt,8394,Barcelona,Sant Vicenç de Montalt
Hyundai,Kona,Gasolina,44455.0,120.0,manual,17825,Murcia,30003,Murcia,Murcia
Hyundai,Kona,Gasolina,44455.0,120.0,manual,17825,Olèrdola,8734,Barcelona,Olèrdola
Hyundai,Kona,Gasolina,44455.0,120.0,manual,17825,Olèrdola,8734,Barcelona,Olèrdola
Hyundai,Kona,Gasolina,44455.0,120.0,manual,17825,Castello/Castellon de La Plana,12100,Castellón,Castello/Castellon de La Plana
Hyundai,Kona,Gasolina,52259.0,120.0,manual,15299,Barcelona,8007,Barcelona,Barcelona
Hyundai,Kona,Gasolina,44455.0,120.0,manual,17825,Las Rozas de Madrid,28232,Madrid,Las Rozas de Madrid
Hyundai,Kona,Gasolina,44455.0,120.0,manual,17825,Torremolinos,29620,Málaga,Torremolinos
Hyundai,Kona,Gasolina,44455.0,120.0,manual,17825,Torremolinos,29620,Málaga,Torremolinos
Hyundai,Kona,Gasolina,44455.0,120.0,manual,17825,Torremolinos,29620,Málaga,Torremolinos
Hyundai,Kona,Gasolina,44455.0,120.0,manual,17825,Alcalá de Guadaíra,41500,Sevilla,Alcalá de Guadaíra
Hyundai,Kona,Gasolina,44455.0,120.0,manual,17825,Puerto de Sagunto,46520,Valencia,Puerto de Sagunto
Hyundai,Kona,Gasolina,44455.0,120.0,manual,17825,Mercabilbao,48970,Bizkaia,Mercabilbao
Porsche,Cayenne,Gasolina,106000.0,340.0,automatic,13900,Humanes de Madrid,28970,Madrid,Humanes de Madrid
Hyundai,Kona,Gasolina,44455.0,120.0,manual,17825,Alicante,3007,Alicante,Alicante
Hyundai,Kona,Gasolina,44455.0,120.0,manual,17825,Getafe,28906,Madrid,Getafe
Hyundai,Kona,Gasolina,44455.0,120.0,manual,17825,Collado Villalba,28400,Madrid,Collado Villalba
Hyundai,Kona,Gasolina,44455.0,120.0,manual,17825,Collado Villalba,28400,Madrid,Collado Villalba
Hyundai,Kona,Gasolina,34000.0,120.0,manual,16600,Jerez de los Caballeros,6380,Badajoz,Jerez de los Caballeros
Citroen,C-Élysée,Diésel,55080.0,102.0,manual,13800,Sant Vicenç de Montalt,8394,Barcelona,Sant Vicenç de Montalt
Citroen,C-Élysée,Diésel,55080.0,102.0,manual,13800,Castello/Castellon de La Plana,12100,Castellón,Castello/Castellon de La Plana
Citroen,C-Élysée,Diésel,55080.0,102.0,manual,13800,Albacete,2001,Albacete,Albacete
Volkswagen,Caddy,Diésel,131267.0,102.0,manual,13189,Torremolinos,29620,Málaga,Torremolinos
Volkswagen,Caddy,Diésel,131267.0,102.0,manual,13189,Torremolinos,29620,Málaga,Torremolinos
Volkswagen,Caddy,Diésel,131267.0,102.0,manual,13189,Torremolinos,29620,Málaga,Torremolinos
Citroen,C5 Aircross,Diésel,54414.0,131.0,manual,26490,Madrid,28021,Madrid,Madrid
Citroen,C5 Aircross,Diésel,54414.0,131.0,manual,26390,Madrid,28021,Madrid,Madrid
Citroen,C5 Aircross,Diésel,102000.0,177.0,automatic,18990,Alicante,3010,Alicante,Alicante
Citroen,C5 Aircross,Diésel,102000.0,177.0,automatic,18990,Alicante,3010,Murcia,Alicante
Citroen,C5 Aircross,Diésel,102000.0,177.0,automatic,18990,Almería,4006,Almería,Almería
Citroen,C5 Aircross,Diésel,102000.0,177.0,automatic,18990,Valencia,46001,Valencia,Valencia
Volkswagen,Amarok,Diésel,107097.0,204.0,automatic,36900,Olèrdola,8734,Barcelona,Olèrdola
Volkswagen,Amarok,Diésel,107097.0,204.0,automatic,36900,Olèrdola,8734,Barcelona,Olèrdola
Volkswagen,Amarok,Diésel,107097.0,204.0,automatic,36900,Santa Maria del Aguila,4710,Almería,Santa Maria del Aguila
Volkswagen,Amarok,Diésel,107097.0,204.0,automatic,36900,Mercado Parque Corredor del Henares,28850,Madrid,Mercado Parque Corredor del Henares
Volkswagen,Amarok,Diésel,107097.0,204.0,automatic,36900,Ciudad Real,13003,Ciudad Real,Ciudad Real
Citroen,C4 Cactus,Diésel,131105.0,100.0,automatic,12420,Santiago de Compostela,15703,A Coruña,Santiago de Compostela
Citroen,C4 Cactus,Diésel,131105.0,100.0,automatic,12420,Mercado Parque Corredor del Henares,28850,Madrid,Mercado Parque Corredor del Henares
Citroen,C4 Cactus,Diésel,131105.0,100.0,automatic,12420,Ciudad Real,13003,Ciudad Real,Ciudad Real
Citroen,C4 Cactus,Diésel,131105.0,100.0,automatic,12420,Sant Vicenç de Montalt,8394,Barcelona,Sant Vicenç de Montalt
Citroen,C4 Cactus,Gasolina,109000.0,82.0,automatic,9990,Ullastrell,8231,Barcelona,Ullastrell
Citroen,C4 Cactus,Gasolina,109000.0,82.0,automatic,9990,Òrrius,8317,Barcelona,Òrrius
Citroen,C4 Cactus,Gasolina,109000.0,82.0,automatic,9990,Valencia,46001,Valencia,Valencia
Citroen,C4 Cactus,Diésel,131105.0,100.0,automatic,12420,Olèrdola,8734,Barcelona,Olèrdola
Citroen,C4 Cactus,Diésel,131105.0,100.0,automatic,12420,Olèrdola,8734,Barcelona,Olèrdola
Citroen,C4 Cactus,Gasolina,109000.0,82.0,automatic,9990,Sevilla,41005,Sevilla,Sevilla
Citroen,C4 Cactus,Gasolina,109000.0,82.0,automatic,9990,Alicante,3010,Alicante,Alicante
Citroen,C4 Cactus,Gasolina,109000.0,82.0,automatic,9990,Alicante,3010,Murcia,Alicante
Citroen,C4 Cactus,Gasolina,109000.0,82.0,automatic,9990,Vigo,36211,Pontevedra,Vigo
Peugeot,Partner,Diésel,157147.0,98.0,manual,14938,Mercado Parque Corredor del Henares,28850,Madrid,Mercado Parque Corredor del Henares
Peugeot,Partner,Diésel,143323.0,75.0,manual,10900,Sevilla,41004,Sevilla,Sevilla
Peugeot,Partner,Diésel,143323.0,75.0,manual,10900,Barcelona,8008,Barcelona,Barcelona
Peugeot,Partner,Diésel,147690.0,110.0,manual,8990,Sevilla,41005,Sevilla,Sevilla
Peugeot,Partner,Diésel,147690.0,110.0,manual,9490,Sevilla,41005,Sevilla,Sevilla
Peugeot,Partner,Diésel,150750.0,100.0,manual,8990,Sevilla,41005,Sevilla,Sevilla
Peugeot,Partner,Diésel,143323.0,75.0,manual,10900,Viladecans,8840,Barcelona,Viladecans
Peugeot,Partner,Diésel,147690.0,110.0,manual,8990,Granada,18005,Granada,Granada
Peugeot,Partner,Diésel,147690.0,110.0,manual,9490,Granada,18005,Granada,Granada
Peugeot,Partner,Diésel,150750.0,100.0,manual,8990,Almería,4006,Almería,Almería
Peugeot,Partner,Diésel,147690.0,110.0,manual,8990,Castellón,12001,Castellón,Castellón
Peugeot,Partner,Diésel,147690.0,110.0,manual,9490,Castellón,12001,Castellón,Castellón
Volkswagen,CC,Diésel,174400.0,140.0,automatic,11790,Málaga,29005,Málaga,Málaga
Volkswagen,CC,Diésel,151450.0,140.0,manual,14300,Artatza,48940,Bizkaia,Artatza
Citroen,Jumper,Diésel,145368.0,130.0,manual,20990,Alicante,3010,Alicante,Alicante
Citroen,Jumper,Diésel,145368.0,130.0,manual,20990,Alicante,3010,Murcia,Alicante
Citroen,Jumper,Diésel,145368.0,130.0,manual,20990,Vigo,36211,Pontevedra,Vigo
Citroen,Jumper,Diésel,145368.0,130.0,manual,20990,Murcia,30005,Murcia,Murcia
Citroen,Jumper,Diésel,145368.0,130.0,manual,20990,Toledo,45002,Toledo,Toledo
Citroen,Jumper,Diésel,145368.0,130.0,manual,20990,Valencia,46001,Valencia,Valencia
Citroen,Jumper,Diésel,145368.0,130.0,manual,20990,Las Rozas de Madrid,28232,Madrid,Las Rozas de Madrid
Citroen,Jumper,Diésel,145368.0,130.0,manual,20990,Villaviciosa de Odón,28670,Madrid,Villaviciosa de Odón
Volkswagen,Golf,Gasolina,36426.0,150.0,manual,25070,Valdepeñas,13300,Ciudad Real,Valdepeñas
Volkswagen,Golf,Gasolina,36426.0,150.0,manual,25070,Valdepeñas,13300,Ciudad Real,Valdepeñas
Hyundai,i10,Gasolina,79396.0,87.0,manual,12638,Ciudad Real,13003,Ciudad Real,Ciudad Real
Hyundai,i10,Gasolina,79396.0,87.0,manual,12638,Santiago de Compostela,15703,A Coruña,Santiago de Compostela
Hyundai,i10,Gasolina,79396.0,87.0,manual,12638,Valdepeñas,13300,Ciudad Real,Valdepeñas
Hyundai,i10,Gasolina,79396.0,87.0,manual,12638,Valdepeñas,13300,Ciudad Real,Valdepeñas
Hyundai,i10,Gasolina,108768.0,66.0,manual,9290,Madrid,28021,Madrid,Madrid
Hyundai,i10,Gasolina,108768.0,66.0,manual,9490,Madrid,28021,Madrid,Madrid
Hyundai,i10,Gasolina,108768.0,66.0,manual,9690,Madrid,28021,Madrid,Madrid
Hyundai,i10,Gasolina,79396.0,87.0,manual,12638,Saladar,3700,Alicante,Saladar
Hyundai,i10,Gasolina,79396.0,87.0,manual,12638,Mercado Parque Corredor del Henares,28850,Madrid,Mercado Parque Corredor del Henares
Hyundai,i10,Gasolina,79396.0,87.0,manual,12638,Sant Vicenç de Montalt,8394,Barcelona,Sant Vicenç de Montalt
Hyundai,i10,Gasolina,79396.0,87.0,manual,12638,Murcia,30003,Murcia,Murcia
Hyundai,i10,Gasolina,79396.0,87.0,manual,12638,Olèrdola,8734,Barcelona,Olèrdola
Hyundai,i10,Gasolina,79396.0,87.0,manual,12638,Olèrdola,8734,Barcelona,Olèrdola
Hyundai,i10,Gasolina,29981.0,67.0,manual,10990,Sevilla,41005,Sevilla,Sevilla
Hyundai,i10,Gasolina,29981.0,67.0,manual,10990,Vigo,36211,Pontevedra,Vigo
Hyundai,i10,Gasolina,29981.0,67.0,manual,10990,Marbella,29601,Málaga,Marbella
Suzuki,Grand Vitara,Diésel,180000.0,129.0,manual,9990,Cuenca,16002,Cuenca,Cuenca
Citroen,DS5,Diésel,172996.0,179.0,automatic,12390,Sevilla,41006,Sevilla,Sevilla
Citroen,DS5,Diésel,142385.0,120.0,manual,12450,Olèrdola,8734,Barcelona,Olèrdola
Citroen,DS5,Diésel,142385.0,120.0,manual,12450,Olèrdola,8734,Barcelona,Olèrdola
Citroen,DS5,Diésel,142385.0,120.0,manual,12450,Santa Maria del Aguila,4710,Almería,Santa Maria del Aguila
Citroen,DS5,Diésel,142385.0,120.0,manual,12450,Sant Vicenç de Montalt,8394,Barcelona,Sant Vicenç de Montalt
Hyundai,i10,Gasolina,79396.0,87.0,manual,12638,Mercabilbao,48970,Bizkaia,Mercabilbao
Hyundai,i10,Gasolina,89099.0,67.0,manual,8900,Badalona,8911,Barcelona,Badalona
Hyundai,i10,Gasolina,79396.0,87.0,manual,12638,Santafe,18320,Granada,Santafe
Hyundai,i10,Gasolina,79396.0,87.0,manual,12638,Estepona,29680,Málaga,Estepona
Hyundai,i10,Gasolina,29981.0,67.0,manual,10990,Málaga,29005,Málaga,Málaga
Hyundai,i10,Gasolina,29981.0,67.0,manual,10990,Algeciras,11202,Cádiz,Algeciras
Hyundai,i10,Gasolina,79396.0,87.0,manual,12638,Atarrabia,31610,Navarra,Atarrabia
Volkswagen,Golf,Gasolina,28246.0,230.0,manual,24990,Sevilla,41005,Sevilla,Sevilla
Volkswagen,Golf,Gasolina,28246.0,230.0,manual,24990,Alicante,3010,Alicante,Alicante
Volkswagen,Golf,Gasolina,28246.0,230.0,manual,24990,Alicante,3010,Murcia,Alicante
Volkswagen,Golf,Gasolina,28246.0,230.0,manual,24990,Bilbao,48004,Bizkaia,Bilbao
Dacia,Dokker,Otros,104429.0,102.0,manual,14290,Madrid,28021,Madrid,Madrid
Dacia,Dokker,Gasolina,30064.0,102.0,manual,14999,Madrid,28014,Madrid,Madrid
Dacia,Dokker,Gasolina,30064.0,102.0,manual,14999,Barcelona,8007,Barcelona,Barcelona
Dacia,Dokker,Diésel,43637.0,75.0,manual,13899,Madrid,28014,Madrid,Madrid
Peugeot,108,Gasolina,39469.0,72.0,manual,12592,Colonia Pablo Iglesias,28520,Madrid,Colonia Pablo Iglesias
Peugeot,108,Gasolina,39469.0,72.0,manual,12592,Alameda del Obispo,14005,Córdoba,Alameda del Obispo
Peugeot,Rifter,Diésel,56660.0,130.0,manual,27900,Mataró,8302,Barcelona,Mataró
Citroen,C4 Picasso,Diésel,90852.0,115.0,manual,12089,Ciudad Real,13003,Ciudad Real,Ciudad Real
Citroen,C4 Picasso,Diésel,125267.0,115.0,manual,11950,Ciudad Real,13003,Ciudad Real,Ciudad Real
Citroen,C4 Picasso,Diésel,122625.0,120.0,automatic,9990,Sevilla,41005,Sevilla,Sevilla
Citroen,C4 Picasso,Diésel,122625.0,120.0,automatic,9990,Alicante,3010,Alicante,Alicante
Citroen,C4 Picasso,Diésel,122625.0,120.0,automatic,9990,Alicante,3010,Murcia,Alicante
Citroen,C4 Picasso,Diésel,122625.0,120.0,automatic,9990,Bilbao,48004,Bizkaia,Bilbao
Citroen,C4 Picasso,Diésel,122625.0,120.0,automatic,9990,Colonia Pablo Iglesias,28520,Madrid,Colonia Pablo Iglesias
Citroen,C4 Picasso,Diésel,122625.0,120.0,automatic,9990,Las Rozas de Madrid,28232,Madrid,Las Rozas de Madrid
Citroen,C4 Picasso,Diésel,122625.0,120.0,automatic,9990,Camarma de Esteruelas,28816,Madrid,Camarma de Esteruelas
Citroen,C4 Picasso,Diésel,122625.0,120.0,automatic,9990,Camarma de Esteruelas,28816,Madrid,Camarma de Esteruelas
Citroen,C4 Picasso,Diésel,122625.0,120.0,automatic,9990,Almería,4006,Almería,Almería
Citroen,C4 Picasso,Diésel,122625.0,120.0,automatic,9990,Valencia,46001,Valencia,Valencia
Citroen,C4 Picasso,Diésel,122625.0,120.0,automatic,9990,Granada,18005,Granada,Granada
Citroen,C4 Picasso,Diésel,122625.0,120.0,automatic,9990,Urbanizacion La Granjilla,28700,Madrid,Urbanizacion La Granjilla
Citroen,C4 Picasso,Diésel,122625.0,120.0,automatic,9990,Collado Villalba,28400,Madrid,Collado Villalba
Citroen,C4 Picasso,Diésel,122625.0,120.0,automatic,9990,Collado Villalba,28400,Madrid,Collado Villalba
Porsche,Macan,Diésel,177126.0,258.0,automatic,30990,Palma de Mallorca,7003,Baleares,Palma de Mallorca
Porsche,Macan,Diésel,177126.0,258.0,automatic,30990,Òrrius,8317,Barcelona,Òrrius
Porsche,Macan,Diésel,177126.0,258.0,automatic,30990,Palau-Solita I Plegamans,8184,Barcelona,Palau-Solita I Plegamans
Porsche,Macan,Diésel,177126.0,258.0,automatic,30990,Palau-Solita I Plegamans,8184,Barcelona,Palau-Solita I Plegamans
Porsche,Macan,Diésel,177126.0,258.0,automatic,30990,Tarragona,43006,Tarragona,Tarragona
Volkswagen,Passat CC,Diésel,250000.0,143.0,manual,10900,Gijón,33201,Asturias,Gijón
Volkswagen,Passat CC,Diésel,279000.0,140.0,manual,9500,Sabadell,8203,Barcelona,Sabadell
Volkswagen,Passat CC,Diésel,279000.0,140.0,manual,9250,Sabadell,8203,Barcelona,Sabadell
Citroen,C1,Gasolina,4.0,72.0,manual,10599,Bilbao,48006,Bizkaia,Bilbao
CUPRA,Formentor,Gasolina,8559.0,150.0,manual,27890,Madrid,28021,Madrid,Madrid
CUPRA,Formentor,Gasolina,28000.0,150.0,manual,24650,Sant Cugat del Vallès,8172,Barcelona,Sant Cugat del Vallès
CUPRA,Formentor,Gasolina,47000.0,150.0,automatic,27900,La Seu d'Urgell,25700,Lleida,La Seu d'Urgell
Chrysler,Grand Voyager,Diésel,170000.0,163.0,automatic,4990,Fuenlabrada,28943,Madrid,Fuenlabrada
Chrysler,Grand Voyager,Diésel,160000.0,163.0,automatic,8900,Murcia,30006,Murcia,Murcia
Ford,Edge,Diésel,97012.0,190.0,automatic,31990,Madrid,28021,Madrid,Madrid
Ford,Edge,Diésel,97012.0,190.0,automatic,31490,Madrid,28021,Madrid,Madrid
CUPRA,Ateca,Gasolina,17277.0,300.0,automatic,35790,Almería,4006,Almería,Almería
CUPRA,Ateca,Gasolina,17277.0,300.0,automatic,35790,Vigo,36211,Pontevedra,Vigo
DS,4,Diésel,81007.0,120.0,manual,12990,Mercado Parque Corredor del Henares,28850,Madrid,Mercado Parque Corredor del Henares
DS,4,Diésel,129000.0,120.0,manual,13900,Alcantarilla,30820,Murcia,Alcantarilla
DS,4,Gasolina,86000.0,130.0,manual,14500,Quart de Poblet,46930,Valencia,Quart de Poblet
DS,7 CROSSBACK,Diésel,115000.0,129.0,manual,24995,La Puebla de Cazalla,41540,Sevilla,La Puebla de Cazalla
DS,7 CROSSBACK,Diésel,137000.0,177.0,automatic,26500,Palma del Río,14700,Córdoba,Palma del Río
DS,7 CROSSBACK,Diésel,132000.0,177.0,automatic,26990,Parla,28984,Madrid,Parla
DS,7 CROSSBACK,Diésel,175000.0,177.0,automatic,26900,El Esparragal,30163,Murcia,El Esparragal
DS,5,Diésel,145500.0,180.0,automatic,16490,Cornella de Llobregat,8940,Barcelona,Cornella de Llobregat
DS,5,Diésel,98000.0,120.0,manual,15400,Elx/Elche,3201,Alicante,Elx/Elche
DS,5,Diésel,98000.0,120.0,manual,15900,Elx/Elche,3201,Alicante,Elx/Elche
DS,5,Diésel,50000.0,180.0,automatic,23790,Alaquas,46970,Valencia,Alaquas
Hyundai,ix35,Diésel,169013.0,115.0,manual,11990,Santa Maria del Aguila,4710,Almería,Santa Maria del Aguila
Hyundai,ix35,Diésel,169013.0,115.0,manual,11990,Alcalá de Guadaíra,41500,Sevilla,Alcalá de Guadaíra
Hyundai,ix35,Diésel,169013.0,115.0,manual,11990,Torremolinos,29620,Málaga,Torremolinos
Hyundai,ix35,Diésel,169013.0,115.0,manual,11990,Torremolinos,29620,Málaga,Torremolinos
Hyundai,ix35,Diésel,169013.0,115.0,manual,11990,Torremolinos,29620,Málaga,Torremolinos
Hyundai,ix35,Diésel,169013.0,115.0,manual,11990,Atarrabia,31610,Navarra,Atarrabia
Hyundai,ix35,Diésel,169013.0,115.0,manual,11990,Alzira,46600,Valencia,Alzira
Hyundai,ix35,Diésel,169013.0,115.0,manual,11990,Alzira,46600,Valencia,Alzira
Hyundai,ix35,Diésel,169013.0,115.0,manual,11990,Alicante,3007,Alicante,Alicante
Hyundai,ix35,Diésel,169013.0,115.0,manual,11990,Hidraulica Santillana,28770,Madrid,Hidraulica Santillana
Dacia,Sandero,Gasolina,64800.0,90.0,manual,9390,Málaga,29005,Málaga,Málaga
Dacia,Sandero,Gasolina,43000.0,91.0,manual,13990,Sevilla,41005,Sevilla,Sevilla
Dacia,Sandero,Gasolina,43000.0,91.0,manual,13990,Valencia,46001,Valencia,Valencia
Dacia,Sandero,Gasolina,43000.0,91.0,manual,13990,Palma de Mallorca,7003,Baleares,Palma de Mallorca
Hyundai,i30,Diésel,79257.0,90.0,manual,12420,Mercado Parque Corredor del Henares,28850,Madrid,Mercado Parque Corredor del Henares
Hyundai,i30,Diésel,79257.0,90.0,manual,12420,Sant Vicenç de Montalt,8394,Barcelona,Sant Vicenç de Montalt
Hyundai,i30,Diésel,53170.0,90.0,manual,12935,Sant Vicenç de Montalt,8394,Barcelona,Sant Vicenç de Montalt
Hyundai,i30,Diésel,79257.0,90.0,manual,12420,Alameda del Obispo,14005,Córdoba,Alameda del Obispo
Hyundai,i30,Diésel,79257.0,90.0,manual,12420,Atarrabia,31610,Navarra,Atarrabia
Hyundai,i30,Diésel,79257.0,90.0,manual,12420,Castello/Castellon de La Plana,12100,Castellón,Castello/Castellon de La Plana
Renault,Clio,Gasolina,82000.0,89.0,manual,287,Barcelona,8007,Barcelona,Barcelona
Hyundai,i30,Diésel,79257.0,90.0,manual,12420,Mercabilbao,48970,Bizkaia,Mercabilbao
Renault,Clio,Gasolina,81081.0,75.0,manual,9490,Alicante,3010,Alicante,Alicante
Renault,Clio,Gasolina,81081.0,75.0,manual,9490,Alicante,3010,Murcia,Alicante
Renault,Clio,Gasolina,105.0,120.0,manual,10990,Santander,39010,Cantabria,Santander
Renault,Clio,Gasolina,26020.0,73.0,manual,10899,Barcelona,8007,Barcelona,Barcelona
Renault,Clio,Diésel,73736.0,75.0,manual,12900,Sant Boi de Llobregat,8830,Barcelona,Sant Boi de Llobregat
Renault,Clio,Gasolina,105.0,120.0,manual,10990,Vigo,36211,Pontevedra,Vigo
Renault,Clio,Gasolina,39859.0,90.0,manual,12990,Murcia,30005,Murcia,Murcia
Renault,Clio,Gasolina,39859.0,90.0,manual,12990,Cáceres,10001,Cáceres,Cáceres
Dacia,Sandero,Gasolina,43000.0,91.0,manual,13990,Málaga,29005,Málaga,Málaga
Dacia,Sandero,Gasolina,43000.0,91.0,manual,13990,Tarragona,43006,Tarragona,Tarragona
Dacia,Lodgy,Diésel,43000.0,115.0,manual,15900,Alaquas,46970,Valencia,Alaquas
Dacia,Lodgy,Gasolina,110000.0,102.0,manual,12500,Málaga,29004,Málaga,Málaga
Dacia,Duster,Diésel,143560.0,109.0,manual,13200,Mercabilbao,48970,Bizkaia,Mercabilbao
Dacia,Logan,Otros,38463.0,90.0,manual,13685,Santafe,18320,Granada,Santafe
Dacia,Logan,Otros,38463.0,90.0,manual,13685,Alicante,3007,Alicante,Alicante
Dacia,Logan,Gasolina,50000.0,75.0,manual,3900,Villaviciosa de Odón,28670,Madrid,Villaviciosa de Odón
Dacia,Logan,Gasolina,180420.0,90.0,manual,4500,Sant Joanet,46669,Valencia,Sant Joanet
Dacia,Logan,Gasolina,180420.0,90.0,manual,4500,Sant Joanet,46669,Valencia,Sant Joanet
Hyundai,i20,Diésel,78578.0,90.0,manual,12950,Sant Vicenç de Montalt,8394,Barcelona,Sant Vicenç de Montalt
Hyundai,i20,Diésel,78578.0,90.0,manual,12950,Collado Villalba,28400,Madrid,Collado Villalba
Hyundai,i20,Diésel,78578.0,90.0,manual,12950,Collado Villalba,28400,Madrid,Collado Villalba
Hyundai,i20,Diésel,78578.0,90.0,manual,12950,Puerto de Sagunto,46520,Valencia,Puerto de Sagunto
Hyundai,i20,Diésel,78578.0,90.0,manual,12950,Albacete,2001,Albacete,Albacete
Hyundai,i20,Diésel,78578.0,90.0,manual,12950,Alicante,3007,Alicante,Alicante
Peugeot,308,Gasolina,73591.0,110.0,manual,14375,Santiago de Compostela,15703,A Coruña,Santiago de Compostela
Peugeot,308,Gasolina,73591.0,110.0,manual,14375,Vigo,36214,Pontevedra,Vigo
Peugeot,308,Gasolina,89556.0,130.0,manual,11990,Sevilla,41005,Sevilla,Sevilla
Peugeot,308,Gasolina,22876.0,110.0,manual,15990,Sevilla,41005,Sevilla,Sevilla
Peugeot,308,Gasolina,89556.0,130.0,manual,11990,Alicante,3010,Alicante,Alicante
Peugeot,308,Gasolina,89556.0,130.0,manual,11990,Alicante,3010,Murcia,Alicante
Peugeot,308,Gasolina,22876.0,110.0,manual,15990,Alicante,3010,Alicante,Alicante
Peugeot,308,Gasolina,22876.0,110.0,manual,15990,Alicante,3010,Murcia,Alicante
Peugeot,308,Gasolina,22876.0,110.0,manual,15990,Almería,4006,Almería,Almería
Daewoo,Matiz,Gasolina,143900.0,51.0,manual,1790,Málaga,29004,Málaga,Málaga
Hyundai,BAYON,Gasolina,4381.0,85.0,manual,17490,Santiago de Compostela,15890,A Coruña,Santiago de Compostela
Peugeot,208,Gasolina,31380.0,110.0,manual,14835,Santa Maria del Aguila,4710,Almería,Santa Maria del Aguila
Peugeot,208,Gasolina,31380.0,110.0,manual,14835,Ciudad Real,13003,Ciudad Real,Ciudad Real
Peugeot,208,Gasolina,17775.0,208.0,manual,21200,Ciudad Real,13003,Ciudad Real,Ciudad Real
Peugeot,208,Gasolina,17775.0,208.0,manual,21200,Santiago de Compostela,15703,A Coruña,Santiago de Compostela
Peugeot,208,Gasolina,31380.0,110.0,manual,14835,Valdepeñas,13300,Ciudad Real,Valdepeñas
Peugeot,208,Gasolina,31380.0,110.0,manual,14835,Valdepeñas,13300,Ciudad Real,Valdepeñas
Peugeot,208,Gasolina,24390.0,100.0,manual,16318,Valdepeñas,13300,Ciudad Real,Valdepeñas
Peugeot,208,Gasolina,24390.0,100.0,manual,16318,Valdepeñas,13300,Ciudad Real,Valdepeñas
Peugeot,208,Gasolina,17775.0,208.0,manual,21200,Valdepeñas,13300,Ciudad Real,Valdepeñas
Peugeot,208,Gasolina,17775.0,208.0,manual,21200,Valdepeñas,13300,Ciudad Real,Valdepeñas
Hyundai,i10,Gasolina,79396.0,87.0,manual,12638,Alcobendas,28100,Madrid,Alcobendas
Hyundai,i10,Gasolina,79396.0,87.0,manual,12638,Castello/Castellon de La Plana,12100,Castellón,Castello/Castellon de La Plana
Hyundai,i10,Gasolina,79396.0,87.0,manual,12638,Torremolinos,29620,Málaga,Torremolinos
Hyundai,i10,Gasolina,79396.0,87.0,manual,12638,Torremolinos,29620,Málaga,Torremolinos
Hyundai,i10,Gasolina,79396.0,87.0,manual,12638,Torremolinos,29620,Málaga,Torremolinos
Hyundai,i10,Gasolina,79396.0,87.0,manual,12638,Collado Villalba,28400,Madrid,Collado Villalba
Hyundai,i10,Gasolina,79396.0,87.0,manual,12638,Collado Villalba,28400,Madrid,Collado Villalba
Hyundai,i10,Gasolina,79396.0,87.0,manual,12638,Colonia Pablo Iglesias,28520,Madrid,Colonia Pablo Iglesias
Hyundai,i10,Gasolina,79396.0,87.0,manual,12638,Paterna,46980,Valencia,Paterna
Hyundai,i10,Gasolina,79396.0,87.0,manual,12638,Alicante,3007,Alicante,Alicante
Hyundai,i10,Gasolina,79396.0,87.0,manual,12638,Hidraulica Santillana,28770,Madrid,Hidraulica Santillana
Daewoo,Nubira,Gasolina,158000.0,109.0,manual,2500,Castellón de la Plana/Castelló de la Plana,12003,Castellón,Castellón de la Plana/Castelló de la Plana
Peugeot,508,Gasolina,29960.0,180.0,automatic,27800,Zaragoza,50003,Zaragoza,Zaragoza
Peugeot,508,Gasolina,29960.0,180.0,automatic,27800,Valencia,46003,Valencia,Valencia
Peugeot,508,Gasolina,29960.0,180.0,automatic,27800,Sabadell,8203,Barcelona,Sabadell
Peugeot,508,Gasolina,29960.0,180.0,automatic,27800,Alcobendas,28100,Madrid,Alcobendas
Peugeot,508,Gasolina,29960.0,180.0,automatic,27800,Valladolid,47004,Valladolid,Valladolid
Peugeot,508,Gasolina,29960.0,180.0,automatic,27800,Barcelona,8008,Barcelona,Barcelona
Peugeot,508,Gasolina,29960.0,180.0,automatic,27800,Barcelona,8013,Barcelona,Barcelona
Peugeot,508,Gasolina,29960.0,180.0,automatic,27800,Urbanitzacio El Medol,43150,Tarragona,Urbanitzacio El Medol
Peugeot,508,Gasolina,29960.0,180.0,automatic,27800,A Coruña,15003,A Coruña,A Coruña
Peugeot,508,Gasolina,29960.0,180.0,automatic,27800,Alicante,3001,Alicante,Alicante
Peugeot,508,Gasolina,29960.0,180.0,automatic,27800,Leganés,28914,Madrid,Leganés
Peugeot,508,Gasolina,29960.0,180.0,automatic,27800,Huelva,21004,Huelva,Huelva
Peugeot,508,Gasolina,29960.0,180.0,automatic,27800,Leganés,28911,Madrid,Leganés
Peugeot,508,Diésel,220000.0,112.0,manual,5990,Sevilla,41001,Sevilla,Sevilla
Peugeot,508,Diésel,100717.0,120.0,manual,12880,Málaga,29015,Málaga,Málaga
Peugeot,3008,Diésel,115000.0,130.0,manual,261,Barcelona,8007,Barcelona,Barcelona
Peugeot,3008,Diésel,116000.0,130.0,manual,261,Gandía,46701,Valencia,Gandía
Peugeot,3008,Diésel,113000.0,130.0,manual,473,Barcelona,8009,Barcelona,Barcelona
Peugeot,3008,Diésel,133998.0,120.0,manual,12089,Santiago de Compostela,15703,A Coruña,Santiago de Compostela
Peugeot,3008,Diésel,133998.0,120.0,manual,12089,Mercado Parque Corredor del Henares,28850,Madrid,Mercado Parque Corredor del Henares
Peugeot,3008,Diésel,133998.0,120.0,manual,12089,Vigo,36214,Pontevedra,Vigo
Peugeot,3008,Diésel,133998.0,120.0,manual,12089,Sant Vicenç de Montalt,8394,Barcelona,Sant Vicenç de Montalt
Peugeot,3008,Diésel,133998.0,120.0,manual,12089,Murcia,30003,Murcia,Murcia
Peugeot,3008,Diésel,133998.0,120.0,manual,12089,Olèrdola,8734,Barcelona,Olèrdola
Peugeot,3008,Diésel,133998.0,120.0,manual,12089,Olèrdola,8734,Barcelona,Olèrdola
Jaguar,E-Pace,Diésel,59823.0,180.0,automatic,32990,Granada,18005,Granada,Granada
Jaguar,E-Pace,Diésel,59823.0,180.0,automatic,32990,Vigo,36211,Pontevedra,Vigo
Jaguar,XF,Diésel,170477.0,180.0,automatic,21735,Olèrdola,8734,Barcelona,Olèrdola
Jaguar,XF,Diésel,170477.0,180.0,automatic,21735,Olèrdola,8734,Barcelona,Olèrdola
Jaguar,XF,Diésel,52334.0,180.0,automatic,25289,Barcelona,8007,Barcelona,Barcelona
Jaguar,XF,Diésel,170477.0,180.0,automatic,21735,Colonia Pablo Iglesias,28520,Madrid,Colonia Pablo Iglesias
Jaguar,XF,Diésel,52334.0,180.0,automatic,25289,Colonia Pablo Iglesias,28520,Madrid,Colonia Pablo Iglesias
Jaguar,XF,Diésel,170477.0,180.0,automatic,21735,Alameda del Obispo,14005,Córdoba,Alameda del Obispo
Hyundai,Tucson,Diésel,57000.0,115.0,manual,266,Barcelona,8007,Barcelona,Barcelona
Hyundai,Tucson,Diésel,78000.0,141.0,automatic,20900,Arriaga,48950,Bizkaia,Arriaga
Jaguar,F-Pace,Diésel,125026.0,180.0,automatic,32990,Sevilla,41005,Sevilla,Sevilla
Jaguar,F-Pace,Diésel,125026.0,180.0,automatic,32990,Alicante,3010,Alicante,Alicante
Jaguar,F-Pace,Diésel,125026.0,180.0,automatic,32990,Alicante,3010,Murcia,Alicante
Jaguar,F-Pace,Diésel,125026.0,180.0,automatic,32990,Vigo,36211,Pontevedra,Vigo
Jaguar,F-Pace,Diésel,107194.0,180.0,automatic,31912,Olèrdola,8734,Barcelona,Olèrdola
Jaguar,F-Pace,Diésel,107194.0,180.0,automatic,31912,Olèrdola,8734,Barcelona,Olèrdola
Suzuki,Jimny,Gasolina,17000.0,102.0,manual,25288,Olèrdola,8734,Barcelona,Olèrdola
Suzuki,Jimny,Gasolina,17000.0,102.0,manual,25288,Olèrdola,8734,Barcelona,Olèrdola
Suzuki,Jimny,Gasolina,17000.0,102.0,manual,25288,Mercado Parque Corredor del Henares,28850,Madrid,Mercado Parque Corredor del Henares
Jaguar,F-Pace,Diésel,125026.0,180.0,automatic,32990,Bilbao,48004,Bizkaia,Bilbao
Jaguar,F-Pace,Diésel,125026.0,180.0,automatic,32990,Huelva,21004,Huelva,Huelva
Jaguar,XK8,Gasolina,180600.0,284.0,automatic,9995,Málaga,29004,Málaga,Málaga
Jaguar,XE,Diésel,79799.0,180.0,automatic,21900,Sant Vicenç de Montalt,8394,Barcelona,Sant Vicenç de Montalt
Jaguar,XE,Diésel,79799.0,180.0,automatic,21900,Valdepeñas,13300,Ciudad Real,Valdepeñas
Jaguar,XE,Diésel,79799.0,180.0,automatic,21900,Valdepeñas,13300,Ciudad Real,Valdepeñas
Jaguar,XE,Diésel,79799.0,180.0,automatic,21900,Castello/Castellon de La Plana,12100,Castellón,Castello/Castellon de La Plana
Jaguar,XE,Diésel,79799.0,180.0,automatic,21900,Barcelona,8007,Barcelona,Barcelona
Jaguar,XE,Diésel,79799.0,180.0,automatic,21900,Alicante,3007,Alicante,Alicante
Jaguar,XE,Diésel,79799.0,180.0,automatic,21900,Saladar,3700,Alicante,Saladar
Peugeot,Boxer,Diésel,143000.0,130.0,manual,23990,Parets del Vallès,8150,Barcelona,Parets del Vallès
Jaguar,XJ,Gasolina,164032.0,275.0,automatic,21850,Los Negrales,28430,Madrid,Los Negrales
Jaguar,XJ,Gasolina,164032.0,275.0,automatic,21850,Los Negrales,28430,Madrid,Los Negrales
Jaguar,XJ,Gasolina,164032.0,275.0,automatic,21850,Madrid,28046,Madrid,Madrid
Lancia,Voyager,Diésel,178707.0,163.0,automatic,16280,Hidraulica Santillana,28770,Madrid,Hidraulica Santillana
Lancia,Voyager,Diésel,219000.0,163.0,automatic,13500,Velilla de San Antonio,28891,Madrid,Velilla de San Antonio
Lancia,Delta,Diésel,283000.0,120.0,manual,5900,Boimorto,15817,A Coruña,Boimorto
Peugeot,2008,Gasolina,112000.0,130.0,manual,223,Barcelona,8007,Barcelona,Barcelona
Peugeot,2008,Diésel,116000.0,102.0,manual,318,Valencia,46005,Valencia,Valencia
Peugeot,2008,Diésel,52000.0,75.0,manual,387,Barcelona,8009,Barcelona,Barcelona
Peugeot,2008,Gasolina,39990.0,130.0,manual,19990,Sevilla,41005,Sevilla,Sevilla
Peugeot,2008,Gasolina,39990.0,130.0,manual,19990,Bilbao,48004,Bizkaia,Bilbao
Peugeot,2008,Gasolina,55443.0,100.0,manual,19700,Dos Hermanas,41012,Sevilla,Dos Hermanas
Peugeot,2008,Diésel,7301.0,110.0,manual,24900,Sevilla,41006,Sevilla,Sevilla
Peugeot,2008,Diésel,7301.0,110.0,manual,24900,Dos Hermanas,41012,Sevilla,Dos Hermanas
Peugeot,2008,Gasolina,45775.0,82.0,manual,13890,Sevilla,41006,Sevilla,Sevilla
Peugeot,2008,Gasolina,45775.0,82.0,manual,13890,Dos Hermanas,41012,Sevilla,Dos Hermanas
Lancia,Thema,Diésel,106292.0,239.0,automatic,15200,Mercabilbao,48970,Bizkaia,Mercabilbao
Lancia,Thema,Diésel,106292.0,239.0,automatic,15200,Alcalá de Guadaíra,41500,Sevilla,Alcalá de Guadaíra
Lancia,Thema,Diésel,106292.0,239.0,automatic,15200,Hidraulica Santillana,28770,Madrid,Hidraulica Santillana
Lancia,Musa,Diésel,120328.0,90.0,manual,5900,La Papiola,43178,Tarragona,La Papiola
Lancia,Phedra,Diésel,139000.0,128.0,manual,4490,Granollers,8401,Barcelona,Granollers
Lancia,Ypsilon,Gasolina,144181.0,69.0,manual,5990,Córdoba,14003,Córdoba,Córdoba
Lancia,Ypsilon,Gasolina,144181.0,69.0,manual,5990,Huelva,21004,Huelva,Huelva
Lancia,Ypsilon,Gasolina,144181.0,69.0,manual,5990,Sevilla,41017,Sevilla,Sevilla
Land Rover,Range Rover Sport,Diésel,175138.0,272.0,automatic,12900,Olèrdola,8734,Barcelona,Olèrdola
Land Rover,Range Rover Sport,Diésel,175138.0,272.0,automatic,12900,Olèrdola,8734,Barcelona,Olèrdola
Land Rover,Range Rover Sport,Diésel,175138.0,272.0,automatic,12900,Mercado Parque Corredor del Henares,28850,Madrid,Mercado Parque Corredor del Henares
Hyundai,i20,Diésel,78578.0,90.0,manual,12950,Santiago de Compostela,15703,A Coruña,Santiago de Compostela
Hyundai,i20,Diésel,78578.0,90.0,manual,12950,Murcia,30003,Murcia,Murcia
Hyundai,i20,Gasolina,99085.0,84.0,manual,6990,Málaga,29005,Málaga,Málaga
Hyundai,i20,Diésel,78578.0,90.0,manual,12950,Alameda del Obispo,14005,Córdoba,Alameda del Obispo
Hyundai,i20,Gasolina,99085.0,84.0,manual,6990,Vigo,36211,Pontevedra,Vigo
Land Rover,Range Rover,Diésel,129078.0,272.0,automatic,16250,Torremolinos,29620,Málaga,Torremolinos
Land Rover,Range Rover,Diésel,129078.0,272.0,automatic,16250,Torremolinos,29620,Málaga,Torremolinos
Land Rover,Range Rover,Diésel,129078.0,272.0,automatic,16250,Torremolinos,29620,Málaga,Torremolinos
Land Rover,Range Rover Evoque,Diésel,107857.0,150.0,automatic,23900,Alcalá de Guadaíra,41500,Sevilla,Alcalá de Guadaíra
Land Rover,Range Rover Evoque,Diésel,107857.0,150.0,automatic,23900,Puerto de Sagunto,46520,Valencia,Puerto de Sagunto
Land Rover,Range Rover Evoque,Diésel,107857.0,150.0,automatic,23900,Mercabilbao,48970,Bizkaia,Mercabilbao
Land Rover,Range Rover Evoque,Diésel,107857.0,150.0,automatic,23900,Alzira,46600,Valencia,Alzira
Land Rover,Range Rover Evoque,Diésel,107857.0,150.0,automatic,23900,Alzira,46600,Valencia,Alzira
Land Rover,Range Rover Evoque,Diésel,107857.0,150.0,automatic,23900,Albacete,2001,Albacete,Albacete
Land Rover,Range Rover Evoque,Diésel,107857.0,150.0,automatic,23900,Badajoz,6008,Badajoz,Badajoz
Hyundai,i20,Diésel,78578.0,90.0,manual,12950,Estepona,29680,Málaga,Estepona
Land Rover,Freelander,Diésel,97886.0,160.0,manual,12900,Zaragoza,50013,Zaragoza,Zaragoza
Land Rover,Freelander,Diésel,97886.0,160.0,manual,12900,Alzira,46600,Valencia,Alzira
Land Rover,Freelander,Diésel,97886.0,160.0,manual,12900,Alzira,46600,Valencia,Alzira
Land Rover,Freelander,Diésel,97886.0,160.0,manual,12900,Castello/Castellon de La Plana,12100,Castellón,Castello/Castellon de La Plana
Land Rover,Freelander,Diésel,97886.0,160.0,manual,12900,Badajoz,6008,Badajoz,Badajoz
Land Rover,Freelander,Diésel,97886.0,160.0,manual,12900,Hidraulica Santillana,28770,Madrid,Hidraulica Santillana
Land Rover,Freelander,Diésel,97886.0,160.0,manual,12900,Alicante,3007,Alicante,Alicante
Land Rover,Freelander,Diésel,97886.0,160.0,manual,12900,Alcalá de Guadaíra,41500,Sevilla,Alcalá de Guadaíra
Land Rover,Discovery Sport,Diésel,110000.0,150.0,automatic,26500,Carrión de los Céspedes,41820,Sevilla,Carrión de los Céspedes
Land Rover,Discovery Sport,Diésel,110000.0,150.0,automatic,25899,Carrión de los Céspedes,41820,Sevilla,Carrión de los Céspedes
Land Rover,Discovery Sport,Diésel,110000.0,150.0,automatic,25700,Carrión de los Céspedes,41820,Sevilla,Carrión de los Céspedes
Land Rover,Discovery Sport,Diésel,110000.0,150.0,automatic,25900,Carrión de los Céspedes,41820,Sevilla,Carrión de los Céspedes
Land Rover,Discovery Sport,Diésel,109000.0,150.0,automatic,26999,Vega Santa Maria,23700,Jaén,Vega Santa Maria
Mazda,CX-5,Diésel,161089.0,150.0,manual,12650,Santiago de Compostela,15703,A Coruña,Santiago de Compostela
Mazda,CX-5,Diésel,161089.0,150.0,manual,12650,Saladar,3700,Alicante,Saladar
Mazda,CX-5,Diésel,161089.0,150.0,manual,12650,Mercado Parque Corredor del Henares,28850,Madrid,Mercado Parque Corredor del Henares
Mazda,CX-5,Diésel,161089.0,150.0,manual,12650,Vigo,36214,Pontevedra,Vigo
Mazda,CX-5,Diésel,161089.0,150.0,manual,12650,Murcia,30003,Murcia,Murcia
Mazda,CX-5,Gasolina,81448.0,165.0,manual,16990,Sevilla,41005,Sevilla,Sevilla
Mazda,CX-5,Gasolina,81448.0,165.0,manual,16990,Almería,4006,Almería,Almería
Mazda,CX-5,Gasolina,81448.0,165.0,manual,16990,Castellón,12001,Castellón,Castellón
Mazda,CX-5,Gasolina,81448.0,165.0,manual,16990,Valencia,46001,Valencia,Valencia
Mazda,CX-5,Gasolina,81448.0,165.0,manual,16990,Málaga,29005,Málaga,Málaga
Mazda,CX-5,Diésel,161089.0,150.0,manual,12650,Barcelona,8007,Barcelona,Barcelona
Mazda,CX-5,Gasolina,81448.0,165.0,manual,16990,Murcia,30005,Murcia,Murcia
Mazda,CX-5,Diésel,161089.0,150.0,manual,12650,Colonia Pablo Iglesias,28520,Madrid,Colonia Pablo Iglesias
Mazda,CX-5,Diésel,161089.0,150.0,manual,12650,Atarrabia,31610,Navarra,Atarrabia
Mazda,CX-5,Diésel,85094.0,149.0,manual,17500,Valladolid,47011,Valladolid,Valladolid
Mazda,CX-5,Diésel,161089.0,150.0,manual,12650,Albacete,2001,Albacete,Albacete
Mazda,CX-5,Diésel,161089.0,150.0,manual,12650,Alzira,46600,Valencia,Alzira
Mazda,CX-5,Diésel,161089.0,150.0,manual,12650,Alzira,46600,Valencia,Alzira
Hyundai,i40,Diésel,113298.0,136.0,manual,12089,Estepona,29680,Málaga,Estepona
Hyundai,i40,Diésel,113298.0,136.0,manual,12089,Vigo,36214,Pontevedra,Vigo
Hyundai,i40,Diésel,113298.0,136.0,manual,12089,Hidraulica Santillana,28770,Madrid,Hidraulica Santillana
Hyundai,i40,Diésel,113298.0,136.0,manual,12089,Badajoz,6008,Badajoz,Badajoz
Toyota,iQ,Gasolina,117000.0,68.0,manual,6750,Los Negrales,28430,Madrid,Los Negrales
Toyota,iQ,Gasolina,117000.0,68.0,manual,6750,Los Negrales,28430,Madrid,Los Negrales
Toyota,iQ,Gasolina,117000.0,68.0,manual,6750,Madrid,28046,Madrid,Madrid
Toyota,iQ,Gasolina,117000.0,68.0,manual,6750,Alcorcón,28923,Madrid,Alcorcón
Toyota,Auris,Gasolina,99000.0,100.0,automatic,13999,Humanes de Madrid,28970,Madrid,Humanes de Madrid
Toyota,Verso,Gasolina,110000.0,132.0,manual,9800,Sabadell,8206,Barcelona,Sabadell
Toyota,Yaris,Gasolina,92101.0,99.0,manual,9990,Almería,4006,Almería,Almería
Toyota,Yaris,Gasolina,17996.0,69.0,manual,11990,Almería,4006,Almería,Almería
Mazda,MX-5,Gasolina,116753.0,146.0,manual,10990,Ciudad Real,13003,Ciudad Real,Ciudad Real
Mazda,MX-5,Gasolina,116753.0,146.0,manual,10990,Santiago de Compostela,15703,A Coruña,Santiago de Compostela
Mazda,MX-5,Gasolina,116753.0,146.0,manual,10990,Saladar,3700,Alicante,Saladar
Mazda,MX-5,Gasolina,116753.0,146.0,manual,10990,Olèrdola,8734,Barcelona,Olèrdola
Mazda,MX-5,Gasolina,116753.0,146.0,manual,10990,Olèrdola,8734,Barcelona,Olèrdola
Toyota,MR2,Gasolina,97876.0,140.0,manual,11990,Hidraulica Santillana,28770,Madrid,Hidraulica Santillana
Toyota,MR2,Gasolina,97876.0,140.0,manual,11990,Alcobendas,28100,Madrid,Alcobendas
Toyota,MR2,Gasolina,97876.0,140.0,manual,11990,Castello/Castellon de La Plana,12100,Castellón,Castello/Castellon de La Plana
Toyota,Aygo,Gasolina,110000.0,68.0,manual,6990,Valencia,46009,Valencia,Valencia
Toyota,Avensis,Diésel,148000.0,110.0,manual,2300,Trasona,33468,Asturias,Trasona
Toyota,Avensis,Diésel,148000.0,110.0,manual,2300,Trasona,33468,Asturias,Trasona
Toyota,Corolla,Diésel,235015.0,177.0,manual,5700,Murcia,30151,Murcia,Murcia
Toyota,Highlander,Otros,38651.0,248.0,automatic,700,Barcelona,8009,Barcelona,Barcelona
Toyota,Hilux,Diésel,145200.0,150.0,automatic,31990,Valencia,28943,Madrid,Valencia
Toyota,Hilux,Diésel,145200.0,150.0,automatic,31990,Barcelona,8041,Barcelona,Barcelona
Toyota,Hilux,Diésel,35050.0,150.0,manual,26850,Los Negrales,28430,Madrid,Los Negrales
Toyota,Hilux,Diésel,35050.0,150.0,manual,26850,Los Negrales,28430,Madrid,Los Negrales
Toyota,Hilux,Diésel,35050.0,150.0,manual,26850,Madrid,28046,Madrid,Madrid
Toyota,Hilux,Diésel,35050.0,150.0,manual,26850,Alcorcón,28923,Madrid,Alcorcón
Mazda,6,Diésel,192827.0,150.0,manual,10990,Vigo,36211,Pontevedra,Vigo
Mazda,6,Diésel,192827.0,150.0,manual,10990,Málaga,29005,Málaga,Málaga
Toyota,C-HR,Eléctrico,80799.0,122.0,automatic,22500,Olèrdola,8734,Barcelona,Olèrdola
Toyota,C-HR,Eléctrico,80799.0,122.0,automatic,22500,Olèrdola,8734,Barcelona,Olèrdola
Toyota,C-HR,Eléctrico,13199.0,184.0,automatic,31625,Olèrdola,8734,Barcelona,Olèrdola
Toyota,C-HR,Eléctrico,13199.0,184.0,automatic,31625,Olèrdola,8734,Barcelona,Olèrdola
Toyota,Land Cruiser,Diésel,153580.0,177.0,manual,30417,Vigo,36214,Pontevedra,Vigo
Toyota,Land Cruiser,Diésel,153580.0,177.0,manual,30417,Alcobendas,28100,Madrid,Alcobendas
Toyota,Land Cruiser,Diésel,153580.0,177.0,manual,30417,Castello/Castellon de La Plana,12100,Castellón,Castello/Castellon de La Plana
Toyota,Land Cruiser,Diésel,153580.0,177.0,manual,30417,Alzira,46600,Valencia,Alzira
Toyota,Land Cruiser,Diésel,153580.0,177.0,manual,30417,Alzira,46600,Valencia,Alzira
Toyota,Land Cruiser,Diésel,153580.0,177.0,manual,30417,Getafe,28906,Madrid,Getafe
Mazda,CX-30,Gasolina,49000.0,150.0,automatic,26599,Barcelona,8030,Barcelona,Barcelona
Mazda,CX-30,Gasolina,40000.0,180.0,manual,27000,Manresa,8240,Barcelona,Manresa
Mazda,CX-30,Gasolina,66000.0,122.0,automatic,23690,Móstoles,28933,Madrid,Móstoles
Mazda,3,Gasolina,53761.0,120.0,manual,14990,Alicante,3010,Alicante,Alicante
Mazda,3,Gasolina,53761.0,120.0,manual,14990,Alicante,3010,Murcia,Alicante
Mazda,3,Gasolina,53761.0,120.0,manual,14990,Bilbao,48004,Bizkaia,Bilbao
Mazda,3,Gasolina,53761.0,120.0,manual,14990,Murcia,30005,Murcia,Murcia
Mazda,3,Gasolina,53761.0,120.0,manual,14990,Burgos,9004,Burgos,Burgos
Mazda,3,Gasolina,53761.0,120.0,manual,14990,Burgos,9004,Burgos,Burgos
Mazda,3,Diésel,200600.0,109.0,manual,4300,Chiclana de la Frontera,11130,Cádiz,Chiclana de la Frontera
Mazda,3,Gasolina,127000.0,260.0,manual,10500,Pinto,28320,Madrid,Pinto
Peugeot,Rifter,Diésel,84923.0,100.0,manual,20750,Torremolinos,29620,Málaga,Torremolinos
Peugeot,Rifter,Diésel,84923.0,100.0,manual,20750,Torremolinos,29620,Málaga,Torremolinos
Peugeot,Rifter,Diésel,84923.0,100.0,manual,20750,Torremolinos,29620,Málaga,Torremolinos
Peugeot,Rifter,Diésel,84923.0,100.0,manual,20750,Olèrdola,8734,Barcelona,Olèrdola
Peugeot,Rifter,Diésel,84923.0,100.0,manual,20750,Olèrdola,8734,Barcelona,Olèrdola
Peugeot,Rifter,Diésel,84923.0,100.0,manual,20750,Mercado Parque Corredor del Henares,28850,Madrid,Mercado Parque Corredor del Henares
Peugeot,Rifter,Gasolina,49500.0,110.0,manual,21500,Sant Celoni,8470,Barcelona,Sant Celoni
Peugeot,Rifter,Gasolina,49500.0,110.0,manual,21500,Sant Celoni,8470,Barcelona,Sant Celoni
Peugeot,Rifter,Gasolina,49500.0,110.0,manual,21500,Sant Celoni,8470,Barcelona,Sant Celoni
Peugeot,Rifter,Gasolina,49500.0,110.0,manual,21500,Sant Celoni,8470,Barcelona,Sant Celoni
Galloper,Super Exceed,Diésel,318000.0,99.0,manual,5490,Tordera,8490,Barcelona,Tordera
Infiniti,QX30,Diésel,61850.0,170.0,automatic,23490,Bilbao,48004,Bizkaia,Bilbao
Infiniti,QX30,Diésel,61850.0,170.0,automatic,22490,Bilbao,48004,Bizkaia,Bilbao
Infiniti,QX30,Diésel,163976.0,170.0,automatic,18860,Santafe,18320,Granada,Santafe
Infiniti,QX30,Diésel,163976.0,170.0,automatic,18860,Hidraulica Santillana,28770,Madrid,Hidraulica Santillana
Infiniti,QX30,Diésel,163976.0,170.0,automatic,18860,Mercado Parque Corredor del Henares,28850,Madrid,Mercado Parque Corredor del Henares
Mazda,5,Diésel,114000.0,142.0,manual,1950,Valdefuentes,28939,Madrid,Valdefuentes
Mazda,5,Diésel,114000.0,142.0,manual,1950,Valdefuentes,28939,Madrid,Valdefuentes
Mazda,5,Diésel,120000.0,143.0,manual,5590,Valdefuentes,28939,Madrid,Valdefuentes
Mazda,5,Diésel,120000.0,143.0,manual,5590,Valdefuentes,28939,Madrid,Valdefuentes
Mazda,5,Diésel,120000.0,143.0,manual,5490,Valdefuentes,28939,Madrid,Valdefuentes
Mazda,5,Diésel,120000.0,143.0,manual,5490,Valdefuentes,28939,Madrid,Valdefuentes
Mazda,5,Diésel,63563.0,115.0,manual,12299,Barcelona,8007,Barcelona,Barcelona
Infiniti,QX30,Diésel,75900.0,170.0,automatic,20890,Santander,39010,Cantabria,Santander
Infiniti,QX30,Diésel,75900.0,170.0,automatic,20790,Santander,39010,Cantabria,Santander
Infiniti,QX30,Diésel,163976.0,170.0,automatic,18860,Ciudad Real,13003,Ciudad Real,Ciudad Real
Infiniti,QX30,Diésel,163976.0,170.0,automatic,18860,Granollers,8403,Barcelona,Granollers
Infiniti,Q30,Diésel,83833.0,109.0,automatic,15490,Torrejón de Ardoz,28850,Madrid,Torrejón de Ardoz
Infiniti,Q30,Gasolina,126726.0,156.0,automatic,21490,Madrid,28021,Madrid,Madrid
Infiniti,Q30,Gasolina,126726.0,156.0,automatic,21190,Madrid,28021,Madrid,Madrid
Infiniti,Q30,Diésel,185000.0,109.0,manual,15490,San Bizenti-Barakaldo,48902,Bizkaia,San Bizenti-Barakaldo
Infiniti,Q30,Diésel,54381.0,109.0,manual,17990,Terrassa,8226,Barcelona,Terrassa
Infiniti,Q30,Gasolina,83900.0,156.0,automatic,18850,Los Negrales,28430,Madrid,Los Negrales
Infiniti,Q30,Gasolina,83900.0,156.0,automatic,18850,Los Negrales,28430,Madrid,Los Negrales
Infiniti,Q30,Gasolina,83900.0,156.0,automatic,18850,Alcorcón,28923,Madrid,Alcorcón
Infiniti,QX70,Gasolina,118600.0,320.0,automatic,31050,Las Rozas de Madrid,28232,Madrid,Las Rozas de Madrid
Infiniti,QX70,Gasolina,118600.0,320.0,automatic,31050,Getafe,28906,Madrid,Getafe
Infiniti,QX70,Gasolina,118600.0,320.0,automatic,31050,Mercabilbao,48970,Bizkaia,Mercabilbao
Infiniti,QX70,Gasolina,118600.0,320.0,automatic,31050,Colonia Pablo Iglesias,28520,Madrid,Colonia Pablo Iglesias
Infiniti,QX70,Gasolina,118600.0,320.0,automatic,31050,Alzira,46600,Valencia,Alzira
Infiniti,QX70,Gasolina,118600.0,320.0,automatic,31050,Alzira,46600,Valencia,Alzira
Infiniti,Q70,Diésel,119998.0,170.0,automatic,16990,Málaga,29005,Málaga,Málaga
Infiniti,Q70,Diésel,119998.0,170.0,automatic,15990,Málaga,29005,Málaga,Málaga
Infiniti,Q70,Diésel,119998.0,170.0,automatic,16990,Valencia,46001,Valencia,Valencia
Infiniti,Q70,Diésel,119998.0,170.0,automatic,15990,Valencia,46001,Valencia,Valencia
Mazda,CX-3,Diésel,72370.0,105.0,manual,18975,Ciudad Real,13003,Ciudad Real,Ciudad Real
Mazda,CX-3,Diésel,72370.0,105.0,manual,18975,Valdepeñas,13300,Ciudad Real,Valdepeñas
Mazda,CX-3,Diésel,72370.0,105.0,manual,18975,Valdepeñas,13300,Ciudad Real,Valdepeñas
Mazda,CX-3,Diésel,72370.0,105.0,manual,18975,Vigo,36214,Pontevedra,Vigo
Mazda,CX-3,Diésel,72370.0,105.0,manual,18975,Murcia,30003,Murcia,Murcia
Mazda,CX-3,Diésel,107437.0,105.0,manual,13990,Almería,4006,Almería,Almería
Mercedes-Benz,Clase E,Diésel,199000.0,194.0,automatic,27500,Dos Hermanas,41700,Sevilla,Dos Hermanas
Mazda,CX-3,Diésel,72370.0,105.0,manual,18975,Colonia Pablo Iglesias,28520,Madrid,Colonia Pablo Iglesias
Mazda,CX-3,Diésel,107437.0,105.0,manual,13990,Murcia,30005,Murcia,Murcia
Mazda,CX-3,Diésel,72370.0,105.0,manual,18975,Alameda del Obispo,14005,Córdoba,Alameda del Obispo
Infiniti,Q50,Eléctrico,31285.0,364.0,automatic,31900,Collado Villalba,28400,Madrid,Collado Villalba
Infiniti,Q50,Eléctrico,31285.0,364.0,automatic,31900,Collado Villalba,28400,Madrid,Collado Villalba
Infiniti,Q50,Gasolina,65274.0,211.0,automatic,16060,Torremolinos,29620,Málaga,Torremolinos
Infiniti,Q50,Gasolina,65274.0,211.0,automatic,16060,Torremolinos,29620,Málaga,Torremolinos
Infiniti,Q50,Gasolina,65274.0,211.0,automatic,16060,Torremolinos,29620,Málaga,Torremolinos
Infiniti,Q50,Gasolina,65274.0,211.0,automatic,16060,Olèrdola,8734,Barcelona,Olèrdola
Infiniti,Q50,Gasolina,65274.0,211.0,automatic,16060,Olèrdola,8734,Barcelona,Olèrdola
Infiniti,Q50,Diésel,128307.0,170.0,automatic,15785,Collado Villalba,28400,Madrid,Collado Villalba
Infiniti,Q50,Diésel,128307.0,170.0,automatic,15785,Collado Villalba,28400,Madrid,Collado Villalba
Infiniti,Q50,Diésel,128307.0,170.0,automatic,15785,Vigo,36214,Pontevedra,Vigo
Infiniti,FX30,Diésel,156000.0,238.0,automatic,19498,Catarroja,46470,Valencia,Catarroja
Infiniti,FX30,Diésel,156000.0,238.0,automatic,19498,Catarroja,46470,Valencia,Catarroja
Infiniti,FX30,Diésel,156000.0,238.0,automatic,19498,Catarroja,46470,Valencia,Catarroja
Infiniti,FX30,Diésel,156000.0,238.0,automatic,19498,Catarroja,46470,Valencia,Catarroja
Mercedes-Benz,Clase A,Diésel,82262.0,136.0,automatic,22425,Valdepeñas,13300,Ciudad Real,Valdepeñas
Mercedes-Benz,Clase A,Diésel,82262.0,136.0,automatic,22425,Valdepeñas,13300,Ciudad Real,Valdepeñas
Mercedes-Benz,Clase A,Diésel,82262.0,136.0,automatic,22425,Estepona,29680,Málaga,Estepona
Mercedes-Benz,Clase A,Diésel,82262.0,136.0,automatic,22425,Santa Maria del Aguila,4710,Almería,Santa Maria del Aguila
Mercedes-Benz,Clase A,Diésel,82262.0,136.0,automatic,22425,Alameda del Obispo,14005,Córdoba,Alameda del Obispo
Mercedes-Benz,Clase A,Diésel,82262.0,136.0,automatic,22425,Castello/Castellon de La Plana,12100,Castellón,Castello/Castellon de La Plana
Mercedes-Benz,Clase A,Diésel,82262.0,136.0,automatic,22425,Las Rozas de Madrid,28232,Madrid,Las Rozas de Madrid
Mercedes-Benz,Clase A,Diésel,82262.0,136.0,automatic,22425,Collado Villalba,28400,Madrid,Collado Villalba
Mercedes-Benz,Clase A,Diésel,82262.0,136.0,automatic,22425,Collado Villalba,28400,Madrid,Collado Villalba
Mercedes-Benz,Clase A,Diésel,82262.0,136.0,automatic,22425,Colonia Pablo Iglesias,28520,Madrid,Colonia Pablo Iglesias
Mercedes-Benz,Clase A,Diésel,82262.0,136.0,automatic,22425,Paterna,46980,Valencia,Paterna
Mercedes-Benz,Clase A,Diésel,95000.0,224.0,automatic,31500,Sabadell,8203,Barcelona,Sabadell
Mercedes-Benz,Clase A,Diésel,82262.0,136.0,automatic,22425,Albacete,2001,Albacete,Albacete
Mercedes-Benz,Clase A,Diésel,82262.0,136.0,automatic,22425,Atarrabia,31610,Navarra,Atarrabia
Mercedes-Benz,Clase A,Diésel,82262.0,136.0,automatic,22425,Alicante,3007,Alicante,Alicante
Mercedes-Benz,Clase A,Diésel,82262.0,136.0,automatic,22425,Hidraulica Santillana,28770,Madrid,Hidraulica Santillana
KIA,XCeed,Gasolina,17220.0,120.0,manual,19699,Madrid,28014,Madrid,Madrid
KIA,XCeed,Gasolina,17220.0,120.0,manual,19699,Barcelona,8007,Barcelona,Barcelona
KIA,Niro,Eléctrico,26452.0,141.0,automatic,28175,Puerto de Sagunto,46520,Valencia,Puerto de Sagunto
KIA,Niro,Eléctrico,26452.0,141.0,automatic,28175,Alcobendas,28100,Madrid,Alcobendas
KIA,Niro,Eléctrico,26452.0,141.0,automatic,28175,Torremolinos,29620,Málaga,Torremolinos
KIA,Niro,Eléctrico,26452.0,141.0,automatic,28175,Torremolinos,29620,Málaga,Torremolinos
KIA,Niro,Eléctrico,26452.0,141.0,automatic,28175,Torremolinos,29620,Málaga,Torremolinos
KIA,Niro,Eléctrico,26452.0,141.0,automatic,28175,Ciudad Real,13003,Ciudad Real,Ciudad Real
KIA,Niro,Eléctrico,26452.0,141.0,automatic,28175,Barcelona,8007,Barcelona,Barcelona
KIA,Niro,Eléctrico,26452.0,141.0,automatic,28175,Santiago de Compostela,15703,A Coruña,Santiago de Compostela
KIA,Niro,Eléctrico,26452.0,141.0,automatic,28175,Albacete,2001,Albacete,Albacete
KIA,Cerato,Diésel,161000.0,112.0,manual,2750,Los Combos,28938,Madrid,Los Combos
KIA,Cerato,Diésel,279000.0,112.0,manual,1490,Coslada,28823,Madrid,Coslada
KIA,e-Niro,Eléctrico,23245.0,204.0,automatic,32900,Molino de La Hoz,28290,Madrid,Molino de La Hoz
KIA,e-Niro,Eléctrico,23245.0,204.0,automatic,32900,Santiago de Compostela,15890,A Coruña,Santiago de Compostela
KIA,e-Niro,Eléctrico,23245.0,204.0,automatic,32900,Fortiñon,15168,A Coruña,Fortiñon
KIA,e-Niro,Eléctrico,23245.0,204.0,automatic,32900,Pontevedra,36161,Pontevedra,Pontevedra
KIA,Optima,Eléctrico,139713.0,205.0,automatic,24035,Saladar,3700,Alicante,Saladar
KIA,Optima,Diésel,174479.0,141.0,manual,16330,Getafe,28906,Madrid,Getafe
KIA,Optima,Diésel,174479.0,141.0,manual,16330,Santiago de Compostela,15703,A Coruña,Santiago de Compostela
KIA,Optima,Eléctrico,139713.0,205.0,automatic,24035,Getafe,28906,Madrid,Getafe
KIA,Optima,Eléctrico,139713.0,205.0,automatic,24035,Albacete,2001,Albacete,Albacete
KIA,Optima,Eléctrico,139713.0,205.0,automatic,24035,Vigo,36214,Pontevedra,Vigo
KIA,Venga,Gasolina,48607.0,124.0,manual,13800,Collado Villalba,28400,Madrid,Collado Villalba
KIA,Venga,Gasolina,48607.0,124.0,manual,13800,Collado Villalba,28400,Madrid,Collado Villalba
KIA,Venga,Gasolina,69300.0,90.0,manual,8690,Tarragona,43006,Tarragona,Tarragona
KIA,Venga,Gasolina,69300.0,90.0,manual,8690,Girona,17007,Girona,Girona
KIA,Venga,Gasolina,69300.0,90.0,manual,8690,Palau-Solita I Plegamans,8184,Barcelona,Palau-Solita I Plegamans
KIA,Venga,Gasolina,69300.0,90.0,manual,8690,Palau-Solita I Plegamans,8184,Barcelona,Palau-Solita I Plegamans
KIA,Venga,Gasolina,5977.0,90.0,manual,13915,Barcelona,8007,Barcelona,Barcelona
KIA,Venga,Gasolina,5977.0,90.0,manual,13915,Santiago de Compostela,15703,A Coruña,Santiago de Compostela
KIA,Venga,Gasolina,5977.0,90.0,manual,13915,Alcobendas,28100,Madrid,Alcobendas
KIA,Venga,Gasolina,5977.0,90.0,manual,13915,Alzira,46600,Valencia,Alzira
KIA,Venga,Gasolina,5977.0,90.0,manual,13915,Alzira,46600,Valencia,Alzira
KIA,Rio,Gasolina,103864.0,85.0,manual,7990,Murcia,30005,Murcia,Murcia
KIA,Rio,Gasolina,103864.0,85.0,manual,6990,Murcia,30005,Murcia,Murcia
KIA,Rio,Gasolina,103864.0,85.0,manual,7990,Valencia,46001,Valencia,Valencia
KIA,Rio,Gasolina,103864.0,85.0,manual,6990,Valencia,46001,Valencia,Valencia
KIA,Rio,Gasolina,103864.0,85.0,manual,7990,Málaga,29005,Málaga,Málaga
KIA,Rio,Gasolina,103864.0,85.0,manual,6990,Málaga,29005,Málaga,Málaga
KIA,Rio,Gasolina,35753.0,100.0,manual,14699,Barcelona,8007,Barcelona,Barcelona
KIA,Rio,Gasolina,103864.0,85.0,manual,7990,Cáceres,10001,Cáceres,Cáceres
KIA,Rio,Gasolina,103864.0,85.0,manual,6990,Cáceres,10001,Cáceres,Cáceres
KIA,Rio,Gasolina,103864.0,85.0,manual,7990,Córdoba,14003,Córdoba,Córdoba
KIA,Rio,Gasolina,103864.0,85.0,manual,6990,Córdoba,14003,Córdoba,Córdoba
KIA,Rio,Gasolina,61229.0,84.0,manual,12300,Alcalá de Henares,28802,Madrid,Alcalá de Henares
KIA,Stinger,Gasolina,121377.0,370.0,automatic,28990,Alicante,3010,Alicante,Alicante
KIA,Stinger,Gasolina,121377.0,370.0,automatic,28990,Alicante,3010,Murcia,Alicante
KIA,Stinger,Gasolina,121377.0,370.0,automatic,28990,Valencia,46001,Valencia,Valencia
KIA,Stinger,Gasolina,121377.0,370.0,automatic,28990,Murcia,30005,Murcia,Murcia
KIA,Stinger,Gasolina,121377.0,370.0,automatic,28990,Vigo,36211,Pontevedra,Vigo
KIA,Stinger,Gasolina,121377.0,370.0,automatic,28990,Málaga,29005,Málaga,Málaga
KIA,Stinger,Gasolina,121377.0,370.0,automatic,28990,Sevilla,41005,Sevilla,Sevilla
KIA,Soul,Gasolina,35000.0,132.0,manual,11990,Cáceres,10001,Cáceres,Cáceres
KIA,Soul,Eléctrico,79072.0,110.0,automatic,17050,Santafe,18320,Granada,Santafe
KIA,Soul,Eléctrico,79072.0,110.0,automatic,17050,Puerto de Sagunto,46520,Valencia,Puerto de Sagunto
KIA,Ceed,Gasolina,39881.0,120.0,manual,16990,Málaga,29005,Málaga,Málaga
KIA,Ceed,Gasolina,129949.0,120.0,manual,12823,Colonia Pablo Iglesias,28520,Madrid,Colonia Pablo Iglesias
KIA,Carens,Diésel,68358.0,141.0,manual,18900,Estepona,29680,Málaga,Estepona
KIA,Carens,Diésel,132738.0,136.0,manual,12098,Olèrdola,8734,Barcelona,Olèrdola
KIA,Carens,Diésel,132738.0,136.0,manual,12098,Olèrdola,8734,Barcelona,Olèrdola
KIA,Carens,Diésel,56529.0,141.0,automatic,17990,Sevilla,41005,Sevilla,Sevilla
KIA,Carens,Diésel,56529.0,141.0,automatic,17990,Alicante,3010,Alicante,Alicante
KIA,Carens,Diésel,56529.0,141.0,automatic,17990,Alicante,3010,Murcia,Alicante
KIA,Carens,Diésel,56529.0,141.0,automatic,17990,Almería,4006,Almería,Almería
KIA,Carens,Diésel,56529.0,141.0,automatic,17990,Bilbao,48004,Bizkaia,Bilbao
KIA,Sorento,Diésel,177280.0,200.0,manual,20185,Alcalá de Guadaíra,41500,Sevilla,Alcalá de Guadaíra
KIA,Sorento,Diésel,177280.0,200.0,manual,20185,Paterna,46980,Valencia,Paterna
KIA,Sorento,Diésel,177280.0,200.0,manual,20185,Mercabilbao,48970,Bizkaia,Mercabilbao
KIA,Stonic,Gasolina,24780.0,100.0,manual,17250,Alcalá de Guadaíra,41500,Sevilla,Alcalá de Guadaíra
KIA,Stonic,Gasolina,24780.0,100.0,manual,17250,Las Rozas de Madrid,28232,Madrid,Las Rozas de Madrid
KIA,Stonic,Gasolina,24780.0,100.0,manual,17250,Torremolinos,29620,Málaga,Torremolinos
KIA,Stonic,Gasolina,24780.0,100.0,manual,17250,Torremolinos,29620,Málaga,Torremolinos
KIA,Stonic,Gasolina,24780.0,100.0,manual,17250,Torremolinos,29620,Málaga,Torremolinos
KIA,Stonic,Gasolina,24780.0,100.0,manual,17250,Getafe,28906,Madrid,Getafe
KIA,Stonic,Gasolina,24780.0,100.0,manual,17250,Collado Villalba,28400,Madrid,Collado Villalba
KIA,Stonic,Gasolina,24780.0,100.0,manual,17250,Collado Villalba,28400,Madrid,Collado Villalba
KIA,Stonic,Gasolina,24780.0,100.0,manual,17250,Mercabilbao,48970,Bizkaia,Mercabilbao
KIA,Stonic,Gasolina,24780.0,100.0,manual,17250,Santafe,18320,Granada,Santafe
KIA,Sportage,Diésel,88944.0,115.0,manual,14990,Algeciras,11202,Cádiz,Algeciras
KIA,Sportage,Diésel,88944.0,115.0,manual,14990,Valencia,46001,Valencia,Valencia
KIA,Sportage,Diésel,88944.0,115.0,manual,14990,Málaga,29005,Málaga,Málaga
KIA,Sportage,Diésel,62950.0,115.0,manual,17900,Urbanitzacio El Medol,43150,Tarragona,Urbanitzacio El Medol
SsangYong,Tivoli,Otros,50352.0,128.0,manual,15985,Santiago de Compostela,15703,A Coruña,Santiago de Compostela
SsangYong,Tivoli,Gasolina,38750.0,128.0,manual,14599,Barcelona,8007,Barcelona,Barcelona
SsangYong,Tivoli,Gasolina,77571.0,128.0,manual,13490,Almería,4006,Almería,Almería
SsangYong,Tivoli,Gasolina,77571.0,128.0,manual,13490,Vigo,36211,Pontevedra,Vigo
SsangYong,Tivoli,Gasolina,77571.0,128.0,manual,13490,Murcia,30005,Murcia,Murcia
Lexus,NX,Eléctrico,49148.0,197.0,automatic,36788,Valdepeñas,13300,Ciudad Real,Valdepeñas
Lexus,NX,Eléctrico,49148.0,197.0,automatic,36788,Valdepeñas,13300,Ciudad Real,Valdepeñas
Lexus,RC,Eléctrico,75613.0,223.0,automatic,29800,Vigo,36214,Pontevedra,Vigo
Lexus,RC,Eléctrico,75613.0,223.0,automatic,29800,Las Rozas de Madrid,28232,Madrid,Las Rozas de Madrid
Lexus,CT,Eléctrico,20430.0,136.0,automatic,25900,Sant Vicenç de Montalt,8394,Barcelona,Sant Vicenç de Montalt
Mercedes-Benz,Clase B,Diésel,212741.0,136.0,manual,11935,Santa Maria del Aguila,4710,Almería,Santa Maria del Aguila
Mercedes-Benz,Clase B,Diésel,212741.0,136.0,manual,11935,Mercabilbao,48970,Bizkaia,Mercabilbao
Mercedes-Benz,Clase B,Diésel,212741.0,136.0,manual,11935,Collado Villalba,28400,Madrid,Collado Villalba
Mercedes-Benz,Clase B,Diésel,212741.0,136.0,manual,11935,Collado Villalba,28400,Madrid,Collado Villalba
Mercedes-Benz,Clase B,Diésel,212741.0,136.0,manual,11935,Colonia Pablo Iglesias,28520,Madrid,Colonia Pablo Iglesias
Lexus,GS,Eléctrico,48965.0,223.0,automatic,30950,Zaragoza,50013,Zaragoza,Zaragoza
Mercedes-Benz,Clase B,Diésel,212741.0,136.0,manual,11935,Alzira,46600,Valencia,Alzira
Mercedes-Benz,Clase B,Diésel,212741.0,136.0,manual,11935,Alzira,46600,Valencia,Alzira
Lexus,GS,Eléctrico,48965.0,223.0,automatic,30950,Mercado Parque Corredor del Henares,28850,Madrid,Mercado Parque Corredor del Henares
Lexus,GS,Eléctrico,48965.0,223.0,automatic,30950,Alcalá de Guadaíra,41500,Sevilla,Alcalá de Guadaíra
Lexus,GS,Eléctrico,48965.0,223.0,automatic,30950,Mercabilbao,48970,Bizkaia,Mercabilbao
Lexus,GS,Eléctrico,48965.0,223.0,automatic,30950,Saladar,3700,Alicante,Saladar
Lexus,GS,Eléctrico,48965.0,223.0,automatic,30950,Estepona,29680,Málaga,Estepona
Lexus,IS,Eléctrico,69300.0,223.0,automatic,24700,Málaga,29015,Málaga,Málaga
Lexus,IS,Eléctrico,69300.0,223.0,automatic,24100,Málaga,29015,Málaga,Málaga
Lexus,IS,Eléctrico,69300.0,223.0,automatic,24700,Alicante,3001,Alicante,Alicante
Lexus,IS,Eléctrico,69300.0,223.0,automatic,24100,Alicante,3001,Alicante,Alicante
Lexus,IS,Eléctrico,69300.0,223.0,automatic,24700,Valencia,46003,Valencia,Valencia
Lexus,IS,Eléctrico,69300.0,223.0,automatic,24100,Valencia,46003,Valencia,Valencia
KIA,Picanto,Gasolina,40171.0,65.0,manual,8299,Barcelona,8007,Barcelona,Barcelona
KIA,Picanto,Gasolina,40171.0,65.0,manual,8199,Barcelona,8007,Barcelona,Barcelona
KIA,Picanto,Gasolina,18054.0,66.0,manual,7990,Pamplona/Iruña,31001,Navarra,Pamplona/Iruña
KIA,Picanto,Gasolina,18054.0,66.0,manual,7990,Vigo,36211,Pontevedra,Vigo
MG,ZR,Diésel,199000.0,100.0,manual,2800,Tortosa,43500,Tarragona,Tortosa
Mitsubishi,Eclipse Cross,Gasolina,42081.0,163.0,manual,22137,Estepona,29680,Málaga,Estepona
Mitsubishi,Outlander,Diésel,262611.0,150.0,manual,12375,Alameda del Obispo,14005,Córdoba,Alameda del Obispo
Mitsubishi,Outlander,Gasolina,14682.0,150.0,automatic,22900,Málaga,29004,Málaga,Málaga
Mitsubishi,Outlander,Diésel,262611.0,150.0,manual,12375,Alcalá de Guadaíra,41500,Sevilla,Alcalá de Guadaíra
Mitsubishi,Outlander,Diésel,262611.0,150.0,manual,12375,Mercabilbao,48970,Bizkaia,Mercabilbao
Mitsubishi,Outlander,Diésel,262611.0,150.0,manual,12375,Castello/Castellon de La Plana,12100,Castellón,Castello/Castellon de La Plana
Mitsubishi,Outlander,Diésel,262611.0,150.0,manual,12375,Zaragoza,50013,Zaragoza,Zaragoza
Mitsubishi,Grandis,Diésel,280000.0,136.0,manual,5490,Arbuio,48810,Bizkaia,Arbuio
Volvo,XC40,Diésel,99235.0,149.0,automatic,29900,Valladolid,47011,Valladolid,Valladolid
Mitsubishi,3000 GT,Gasolina,183600.0,220.0,manual,8500,Málaga,29004,Málaga,Málaga
Mitsubishi,3000 GT,Gasolina,80000.0,150.0,manual,5999,Pinto,28320,Madrid,Pinto
Mitsubishi,3000 GT,Gasolina,149000.0,280.0,manual,11999,Málaga,29004,Málaga,Málaga
Mitsubishi,Space Star,Gasolina,39000.0,80.0,manual,10990,Sevilla,41005,Sevilla,Sevilla
Mercedes-Benz,Clase CLC,Diésel,112976.0,150.0,automatic,10990,Sant Vicenç de Montalt,8394,Barcelona,Sant Vicenç de Montalt
Mercedes-Benz,Clase CLC,Diésel,112976.0,150.0,automatic,10990,Alcalá de Guadaíra,41500,Sevilla,Alcalá de Guadaíra
Mercedes-Benz,Clase CLC,Diésel,112976.0,150.0,automatic,10990,Mercabilbao,48970,Bizkaia,Mercabilbao
Mercedes-Benz,Clase CLC,Diésel,112976.0,150.0,automatic,10990,Zaragoza,50013,Zaragoza,Zaragoza
Nissan,NV300,Diésel,64396.0,95.0,manual,17900,Collado Villalba,28400,Madrid,Collado Villalba
Nissan,NV300,Diésel,64396.0,95.0,manual,17900,Collado Villalba,28400,Madrid,Collado Villalba
Mercedes-Benz,Clase CLC,Diésel,112976.0,150.0,automatic,10990,Albacete,2001,Albacete,Albacete
Mercedes-Benz,Clase CLC,Diésel,112976.0,150.0,automatic,10990,Alicante,3007,Alicante,Alicante
Mercedes-Benz,Clase CLC,Diésel,112976.0,150.0,automatic,10990,Hidraulica Santillana,28770,Madrid,Hidraulica Santillana
Nissan,NV300,Diésel,64396.0,95.0,manual,17900,Colonia Pablo Iglesias,28520,Madrid,Colonia Pablo Iglesias
Nissan,NV300,Diésel,64396.0,95.0,manual,17900,Santafe,18320,Granada,Santafe
Nissan,NV300,Diésel,64396.0,95.0,manual,17900,Alzira,46600,Valencia,Alzira
Nissan,NV300,Diésel,64396.0,95.0,manual,17900,Alzira,46600,Valencia,Alzira
Nissan,NV300,Diésel,64396.0,95.0,manual,17900,Zaragoza,50013,Zaragoza,Zaragoza
Nissan,NV300,Diésel,64396.0,95.0,manual,17900,Puerto de Sagunto,46520,Valencia,Puerto de Sagunto
Nissan,Pulsar,Diésel,117495.0,110.0,manual,12500,Alameda del Obispo,14005,Córdoba,Alameda del Obispo
Nissan,Pulsar,Diésel,117495.0,110.0,manual,12500,Alcalá de Guadaíra,41500,Sevilla,Alcalá de Guadaíra
Nissan,Pulsar,Diésel,120370.0,110.0,manual,12650,Alameda del Obispo,14005,Córdoba,Alameda del Obispo
Nissan,Pulsar,Diésel,120370.0,110.0,manual,12650,Alcobendas,28100,Madrid,Alcobendas
Nissan,Pulsar,Diésel,117495.0,110.0,manual,12500,Puerto de Sagunto,46520,Valencia,Puerto de Sagunto
Nissan,Pulsar,Diésel,117495.0,110.0,manual,12500,Getafe,28906,Madrid,Getafe
Nissan,NV400,Diésel,23000.0,130.0,manual,24980,Coslada,28823,Madrid,Coslada
Nissan,X-Trail,Diésel,90467.0,130.0,automatic,20500,Albacete,2001,Albacete,Albacete
Nissan,X-Trail,Diésel,110878.0,130.0,manual,18350,Vigo,36214,Pontevedra,Vigo
Nissan,X-Trail,Diésel,110878.0,130.0,manual,18350,Hidraulica Santillana,28770,Madrid,Hidraulica Santillana
Nissan,Vanette,Diésel,115000.0,75.0,manual,2800,Les Borges Blanques,25400,Lleida,Les Borges Blanques
Nissan,Evalia,Diésel,120000.0,110.0,manual,14490,Santander,39010,Cantabria,Santander
Nissan,Evalia,Diésel,120000.0,110.0,manual,14490,Oviedo,33003,Asturias,Oviedo
Nissan,Evalia,Diésel,120000.0,110.0,manual,14490,León,24003,León,León
Nissan,Evalia,Diésel,120000.0,110.0,manual,14490,León,24003,León,León
Nissan,Evalia,Diésel,120000.0,110.0,manual,14490,Burgos,9004,Burgos,Burgos
Nissan,Evalia,Diésel,120000.0,110.0,manual,14490,Burgos,9004,Burgos,Burgos
Nissan,Terrano,Diésel,307128.0,154.0,manual,9000,Benicarló,12580,Castellón,Benicarló
Nissan,NT400 Cabstar,Diésel,121000.0,130.0,manual,25100,Sant Vicenç dels Horts,8620,Barcelona,Sant Vicenç dels Horts
Nissan,NT400 Cabstar,Diésel,55541.0,130.0,manual,27900,Elx/Elche,3204,Alicante,Elx/Elche
Nissan,NT400 Cabstar,Diésel,55541.0,130.0,manual,25900,Elx/Elche,3204,Alicante,Elx/Elche
Nissan,NT400 Cabstar,Diésel,150000.0,130.0,manual,25900,Perillo,15612,A Coruña,Perillo
Nissan,NT400 Cabstar,Diésel,68000.0,130.0,manual,33800,Alicante,3001,Alicante,Alicante
Nissan,NT400 Cabstar,Diésel,125000.0,130.0,manual,22990,Parets del Vallès,8150,Barcelona,Parets del Vallès
Nissan,NV200,Diésel,207874.0,90.0,manual,8990,Fuenlabrada,28947,Madrid,Fuenlabrada
Nissan,NV200,Diésel,102512.0,90.0,manual,15990,Murcia,30005,Murcia,Murcia
Nissan,NP300 Navara,Diésel,93800.0,190.0,manual,29990,Berga,8600,Barcelona,Berga
Nissan,NP300 Navara,Diésel,140180.0,160.0,manual,22900,Mesas de Santa Rosa,11400,Cádiz,Mesas de Santa Rosa
Nissan,370Z,Gasolina,36000.0,328.0,manual,33900,Sabadell,8203,Barcelona,Sabadell
Nissan,370Z,Gasolina,13380.0,328.0,manual,32490,Granada,18005,Granada,Granada
Nissan,370Z,Gasolina,13380.0,328.0,manual,31990,Granada,18005,Granada,Granada
Nissan,Navara,Diésel,162588.0,174.0,manual,10990,Santa Maria del Aguila,4710,Almería,Santa Maria del Aguila
Nissan,Navara,Diésel,162588.0,174.0,manual,10990,Castello/Castellon de La Plana,12100,Castellón,Castello/Castellon de La Plana
Nissan,Navara,Diésel,162588.0,174.0,manual,10990,Las Rozas de Madrid,28232,Madrid,Las Rozas de Madrid
Nissan,Navara,Diésel,162588.0,174.0,manual,10990,Torremolinos,29620,Málaga,Torremolinos
Nissan,Navara,Diésel,162588.0,174.0,manual,10990,Torremolinos,29620,Málaga,Torremolinos
Nissan,Navara,Diésel,162588.0,174.0,manual,10990,Torremolinos,29620,Málaga,Torremolinos
Nissan,Navara,Diésel,162588.0,174.0,manual,10990,Mercabilbao,48970,Bizkaia,Mercabilbao
Nissan,Navara,Diésel,162588.0,174.0,manual,10990,Collado Villalba,28400,Madrid,Collado Villalba
Nissan,Navara,Diésel,162588.0,174.0,manual,10990,Collado Villalba,28400,Madrid,Collado Villalba
Nissan,Navara,Diésel,162588.0,174.0,manual,10990,Santafe,18320,Granada,Santafe
Nissan,Navara,Diésel,162588.0,174.0,manual,10990,Colonia Pablo Iglesias,28520,Madrid,Colonia Pablo Iglesias
Nissan,Navara,Diésel,162588.0,174.0,manual,10990,Zaragoza,50013,Zaragoza,Zaragoza
Opel,Mokka,Diésel,130000.0,130.0,automatic,9990,Fuenlabrada,28947,Madrid,Fuenlabrada
Opel,Mokka,Diésel,130000.0,130.0,automatic,9990,Camarma de Esteruelas,28816,Madrid,Camarma de Esteruelas
Opel,Mokka,Diésel,130000.0,130.0,automatic,9990,Camarma de Esteruelas,28816,Madrid,Camarma de Esteruelas
Opel,Mokka,Diésel,130000.0,130.0,automatic,9990,Colonia Pablo Iglesias,28520,Madrid,Colonia Pablo Iglesias
Opel,Mokka,Eléctrico,7614.0,136.0,automatic,30990,Granada,18005,Granada,Granada
Nissan,Pixo,Gasolina,66000.0,68.0,manual,6800,El Puerto de Santa María,11500,Cádiz,El Puerto de Santa María
Nissan,Pixo,Gasolina,125000.0,68.0,manual,4900,Barcelona,8005,Barcelona,Barcelona
Nissan,Juke,Gasolina,20000.0,117.0,manual,21990,Málaga,29005,Málaga,Málaga
Nissan,Juke,Diésel,59999.0,110.0,manual,13290,Bilbao,48004,Bizkaia,Bilbao
Nissan,Juke,Diésel,59999.0,110.0,manual,13290,Almería,4006,Almería,Almería
Nissan,Juke,Diésel,59999.0,110.0,manual,13290,Valencia,46001,Valencia,Valencia
Nissan,Interstar,Diésel,266000.0,100.0,manual,11500,Caldes de Montbui,8140,Barcelona,Caldes de Montbui
SsangYong,Korando,Diésel,141119.0,175.0,automatic,11872,Torremolinos,29620,Málaga,Torremolinos
SsangYong,Korando,Diésel,141119.0,175.0,automatic,11872,Torremolinos,29620,Málaga,Torremolinos
SsangYong,Korando,Diésel,141119.0,175.0,automatic,11872,Torremolinos,29620,Málaga,Torremolinos
SsangYong,Korando,Diésel,141119.0,175.0,automatic,11872,Colonia Pablo Iglesias,28520,Madrid,Colonia Pablo Iglesias
SsangYong,Korando,Diésel,141119.0,175.0,automatic,11872,Alzira,46600,Valencia,Alzira
SsangYong,Korando,Diésel,141119.0,175.0,automatic,11872,Alzira,46600,Valencia,Alzira
SsangYong,Korando,Diésel,141119.0,175.0,automatic,11872,Vigo,36214,Pontevedra,Vigo
Volvo,V90,Diésel,50587.0,150.0,automatic,30990,Murcia,30005,Murcia,Murcia
Volvo,V90,Diésel,50587.0,150.0,automatic,30990,Granada,18005,Granada,Granada
Volvo,V90,Diésel,50587.0,150.0,automatic,30990,Valencia,46001,Valencia,Valencia
Volvo,V90,Diésel,50587.0,150.0,automatic,30990,Badajoz,6003,Badajoz,Badajoz
Volvo,V90,Diésel,50587.0,150.0,automatic,30990,Córdoba,14003,Córdoba,Córdoba
Volvo,V90,Diésel,50587.0,150.0,automatic,30990,Ciudad Real,13005,Ciudad Real,Ciudad Real
Volvo,V90,Gasolina,69078.0,250.0,automatic,39000,Getafe,28906,Madrid,Getafe
Nissan,Townstar,Gasolina,11000.0,130.0,manual,18500,Madrid,28014,Madrid,Madrid
Nissan,Townstar,Gasolina,11000.0,130.0,manual,21200,Madrid,28014,Madrid,Madrid
Nissan,Townstar,Gasolina,650.0,130.0,manual,22500,Teruel,44195,Teruel,Teruel
Nissan,Townstar,Gasolina,1.0,130.0,manual,20099,Sant Boi de Llobregat,8830,Barcelona,Sant Boi de Llobregat
Nissan,Micra,Gasolina,112000.0,80.0,manual,4700,Humanes de Madrid,28970,Madrid,Humanes de Madrid
Nissan,Micra,Gasolina,147022.0,80.0,manual,6690,Málaga,29005,Málaga,Málaga
Nissan,Qashqai,Diésel,175227.0,110.0,manual,11990,Valdepeñas,13300,Ciudad Real,Valdepeñas
Nissan,Qashqai,Diésel,175227.0,110.0,manual,11990,Valdepeñas,13300,Ciudad Real,Valdepeñas
Nissan,Qashqai,Diésel,175227.0,110.0,manual,11990,Estepona,29680,Málaga,Estepona
Nissan,Qashqai,Diésel,175227.0,110.0,manual,11990,Sant Vicenç de Montalt,8394,Barcelona,Sant Vicenç de Montalt
Nissan,Qashqai,Diésel,175227.0,110.0,manual,11990,Santa Maria del Aguila,4710,Almería,Santa Maria del Aguila
Nissan,Qashqai,Diésel,138399.0,110.0,manual,9990,Sevilla,41005,Sevilla,Sevilla
Nissan,Qashqai,Diésel,138399.0,110.0,manual,9890,Sevilla,41005,Sevilla,Sevilla
Nissan,Qashqai,Diésel,22094.0,115.0,manual,19490,Sevilla,41005,Sevilla,Sevilla
Nissan,Qashqai,Gasolina,70922.0,115.0,automatic,15000,Sevilla,41005,Sevilla,Sevilla
Renault,Scenic,Diésel,58710.0,95.0,manual,10850,Hidraulica Santillana,28770,Madrid,Hidraulica Santillana
Renault,Scenic,Diésel,58710.0,95.0,manual,10850,Albacete,2001,Albacete,Albacete
Renault,Scenic,Diésel,58710.0,95.0,manual,10850,Alzira,46600,Valencia,Alzira
Renault,Scenic,Diésel,58710.0,95.0,manual,10850,Alzira,46600,Valencia,Alzira
Peugeot,5008,Diésel,67440.0,150.0,manual,26999,Barcelona,8007,Barcelona,Barcelona
Peugeot,5008,Diésel,67440.0,150.0,manual,26999,Madrid,28014,Madrid,Madrid
Peugeot,5008,Diésel,137000.0,150.0,manual,20990,Alicante,3010,Alicante,Alicante
Peugeot,5008,Diésel,137000.0,150.0,manual,20990,Alicante,3010,Murcia,Alicante
Peugeot,5008,Diésel,162258.0,120.0,automatic,16990,Alicante,3010,Alicante,Alicante
Peugeot,5008,Diésel,162258.0,120.0,automatic,16990,Alicante,3010,Murcia,Alicante
Peugeot,5008,Diésel,137000.0,150.0,manual,20990,Vigo,36211,Pontevedra,Vigo
Peugeot,5008,Diésel,162258.0,120.0,automatic,16990,Vigo,36211,Pontevedra,Vigo
Peugeot,5008,Diésel,137000.0,150.0,manual,20990,Murcia,30005,Murcia,Murcia
Peugeot,5008,Diésel,162258.0,120.0,automatic,16990,Bilbao,48004,Bizkaia,Bilbao
Peugeot,5008,Diésel,162258.0,120.0,automatic,16990,Salamanca,37008,Salamanca,Salamanca
Peugeot,5008,Diésel,162258.0,120.0,automatic,16990,Salamanca,37008,Salamanca,Salamanca
Peugeot,5008,Diésel,162258.0,120.0,automatic,16990,Badajoz,6003,Badajoz,Badajoz
Peugeot,5008,Diésel,137000.0,150.0,manual,20990,Las Rozas de Madrid,28232,Madrid,Las Rozas de Madrid
Peugeot,5008,Diésel,137000.0,150.0,manual,20990,Fuenlabrada,28947,Madrid,Fuenlabrada
Peugeot,5008,Diésel,162258.0,120.0,automatic,16990,Cáceres,10001,Cáceres,Cáceres
Renault,Scenic,Diésel,99950.0,110.0,manual,402,Madrid,28006,Madrid,Madrid
Renault,Scenic,Diésel,58710.0,95.0,manual,10850,Santiago de Compostela,15703,A Coruña,Santiago de Compostela
Renault,Captur,Gasolina,81000.0,89.0,manual,217,Gandía,46701,Valencia,Gandía
Renault,Captur,Gasolina,77000.0,89.0,manual,223,Madrid,28009,Madrid,Madrid
Renault,Captur,Gasolina,76000.0,89.0,manual,376,Madrid,28009,Madrid,Madrid
Renault,Captur,Gasolina,91000.0,89.0,manual,307,Madrid,28009,Madrid,Madrid
Renault,Captur,Gasolina,72000.0,89.0,manual,380,Valencia,46005,Valencia,Valencia
Mercedes-Benz,Citan,Diésel,100000.0,80.0,manual,13500,Murcia,30001,Murcia,Murcia
Renault,Captur,Gasolina,82000.0,89.0,manual,328,Valencia,46005,Valencia,Valencia
Renault,Captur,Diésel,76000.0,89.0,manual,380,Valencia,46005,Valencia,Valencia
Renault,Captur,Gasolina,79000.0,89.0,manual,380,Madrid,28006,Madrid,Madrid
Renault,Arkana,Gasolina,30440.0,140.0,automatic,30992,Mercado Parque Corredor del Henares,28850,Madrid,Mercado Parque Corredor del Henares
Volvo,XC70,Diésel,114292.0,163.0,manual,17875,Valdepeñas,13300,Ciudad Real,Valdepeñas
Volvo,XC70,Diésel,114292.0,163.0,manual,17875,Valdepeñas,13300,Ciudad Real,Valdepeñas
Renault,Grand Scenic,Diésel,65609.0,110.0,manual,13900,Santiago de Compostela,15703,A Coruña,Santiago de Compostela
Renault,Grand Scenic,Diésel,65609.0,110.0,manual,13900,Valdepeñas,13300,Ciudad Real,Valdepeñas
Renault,Grand Scenic,Diésel,65609.0,110.0,manual,13900,Valdepeñas,13300,Ciudad Real,Valdepeñas
Renault,Grand Scenic,Gasolina,96223.0,115.0,manual,12900,Mercado Parque Corredor del Henares,28850,Madrid,Mercado Parque Corredor del Henares
Renault,Grand Scenic,Diésel,65609.0,110.0,manual,13900,Saladar,3700,Alicante,Saladar
Renault,Grand Scenic,Gasolina,96223.0,115.0,manual,12900,Vigo,36214,Pontevedra,Vigo
Renault,Grand Scenic,Gasolina,96223.0,115.0,manual,12900,Sant Vicenç de Montalt,8394,Barcelona,Sant Vicenç de Montalt
Renault,Kadjar,Gasolina,69500.0,132.0,automatic,19850,Palafrugell,17200,Girona,Palafrugell
Renault,Kadjar,Gasolina,8909.0,160.0,automatic,27990,Sant Vicenç de Montalt,8394,Barcelona,Sant Vicenç de Montalt
Renault,Kadjar,Gasolina,8909.0,160.0,automatic,27990,Murcia,30003,Murcia,Murcia
Renault,Kadjar,Gasolina,8909.0,160.0,automatic,27990,Olèrdola,8734,Barcelona,Olèrdola
Renault,Kadjar,Gasolina,8909.0,160.0,automatic,27990,Olèrdola,8734,Barcelona,Olèrdola
Renault,Kadjar,Diésel,84500.0,130.0,manual,12990,Málaga,29005,Málaga,Málaga
Renault,Kadjar,Gasolina,8909.0,160.0,automatic,27990,Barcelona,8007,Barcelona,Barcelona
Renault,Kadjar,Diésel,171000.0,130.0,manual,14690,Barcelona,8007,Barcelona,Barcelona
Renault,Kangoo,Diésel,107000.0,90.0,manual,10990,Murcia,30005,Murcia,Murcia
Renault,Kangoo,Diésel,107000.0,90.0,manual,10990,Cáceres,10001,Cáceres,Cáceres
Renault,Express,Diésel,10.0,95.0,manual,21850,Sant Boi de Llobregat,8830,Barcelona,Sant Boi de Llobregat
Renault,Express,Diésel,58.0,95.0,manual,21850,Sant Boi de Llobregat,8830,Barcelona,Sant Boi de Llobregat
Renault,Express,Diésel,39.0,95.0,manual,21850,Sant Boi de Llobregat,8830,Barcelona,Sant Boi de Llobregat
Renault,Trafic,Diésel,157000.0,95.0,manual,14499,Utrera,41710,Sevilla,Utrera
Renault,Trafic,Diésel,157000.0,95.0,manual,14500,Utrera,41710,Sevilla,Utrera
Renault,Trafic,Diésel,68600.0,120.0,manual,18890,Málaga,29005,Málaga,Málaga
Renault,Trafic,Diésel,68600.0,120.0,manual,18890,Vigo,36211,Pontevedra,Vigo
Hyundai,i30,Gasolina,60000.0,119.0,manual,398,Sevilla,41018,Sevilla,Sevilla
Hyundai,i30,Gasolina,5681.0,120.0,manual,19435,Santa Maria del Aguila,4710,Almería,Santa Maria del Aguila
Hyundai,i30,Gasolina,5681.0,120.0,manual,19435,Ciudad Real,13003,Ciudad Real,Ciudad Real
Hyundai,i30,Gasolina,5681.0,120.0,manual,19435,Santiago de Compostela,15703,A Coruña,Santiago de Compostela
Hyundai,i30,Gasolina,5681.0,120.0,manual,19435,Valdepeñas,13300,Ciudad Real,Valdepeñas
Hyundai,i30,Gasolina,5681.0,120.0,manual,19435,Valdepeñas,13300,Ciudad Real,Valdepeñas
Hyundai,i30,Gasolina,5681.0,120.0,manual,19435,Saladar,3700,Alicante,Saladar
Renault,Talisman,Diésel,75000.0,149.0,manual,235,Gandía,46701,Valencia,Gandía
Renault,Talisman,Diésel,126000.0,130.0,manual,12990,Almería,4006,Almería,Almería
Renault,Talisman,Diésel,126000.0,130.0,manual,12990,Ullastrell,8231,Barcelona,Ullastrell
Renault,Talisman,Diésel,126000.0,130.0,manual,12990,Alicante,3010,Alicante,Alicante
Renault,Talisman,Diésel,126000.0,130.0,manual,12990,Alicante,3010,Murcia,Alicante
Renault,Twizy,Eléctrico,36627.0,17.0,automatic,7377,Esplugues de Llobregat,8950,Barcelona,Esplugues de Llobregat
KIA,Picanto,Gasolina,18054.0,66.0,manual,7990,Murcia,30005,Murcia,Murcia
KIA,Picanto,Gasolina,18054.0,66.0,manual,7990,Burgos,9004,Burgos,Burgos
KIA,Picanto,Gasolina,18054.0,66.0,manual,7990,Burgos,9004,Burgos,Burgos
Renault,Megane,Gasolina,139361.0,130.0,manual,12535,Saladar,3700,Alicante,Saladar
Renault,Megane,Diésel,55622.0,130.0,manual,18055,Saladar,3700,Alicante,Saladar
Renault,Megane,Diésel,55622.0,130.0,manual,18055,Mercado Parque Corredor del Henares,28850,Madrid,Mercado Parque Corredor del Henares
Renault,Megane,Gasolina,44009.0,130.0,automatic,18800,Mercado Parque Corredor del Henares,28850,Madrid,Mercado Parque Corredor del Henares
Ford,Kuga,Diésel,78000.0,149.0,manual,351,Madrid,28009,Madrid,Madrid
Ford,Kuga,Diésel,159384.0,163.0,automatic,14900,Ciudad Real,13003,Ciudad Real,Ciudad Real
Ford,Kuga,Gasolina,41053.0,120.0,manual,18490,Madrid,28021,Madrid,Madrid
Ford,Kuga,Gasolina,41053.0,120.0,manual,17490,Madrid,28021,Madrid,Madrid
Ford,Kuga,Diésel,159384.0,163.0,automatic,14900,Granollers,8403,Barcelona,Granollers
Ford,Kuga,Gasolina,77000.0,150.0,manual,16490,Alicante,3010,Alicante,Alicante
Ford,Kuga,Gasolina,77000.0,150.0,manual,16490,Alicante,3010,Murcia,Alicante
Ford,Kuga,Gasolina,77000.0,150.0,manual,16490,Almería,4006,Almería,Almería
Ford,Kuga,Diésel,166500.0,180.0,automatic,17990,Sevilla,41005,Sevilla,Sevilla
Ford,Kuga,Diésel,166500.0,180.0,automatic,17990,Vigo,36211,Pontevedra,Vigo
Ford,Kuga,Gasolina,77000.0,150.0,manual,16490,Bilbao,48004,Bizkaia,Bilbao
Ford,Kuga,Gasolina,77000.0,150.0,manual,16490,Òrrius,8317,Barcelona,Òrrius
Hyundai,i30,Diésel,93839.0,110.0,manual,15513,Vigo,36214,Pontevedra,Vigo
Hyundai,i30,Diésel,93839.0,110.0,manual,15513,Sant Vicenç de Montalt,8394,Barcelona,Sant Vicenç de Montalt
Hyundai,i30,Gasolina,5681.0,120.0,manual,19435,Granollers,8403,Barcelona,Granollers
Hyundai,i30,Gasolina,5681.0,120.0,manual,19435,Murcia,30003,Murcia,Murcia
Renault,Twingo,Gasolina,26327.0,90.0,manual,12420,Zaragoza,50013,Zaragoza,Zaragoza
Renault,Twingo,Gasolina,26327.0,90.0,manual,12420,Paterna,46980,Valencia,Paterna
Renault,Twingo,Gasolina,26327.0,90.0,manual,12420,Puerto de Sagunto,46520,Valencia,Puerto de Sagunto
Renault,Twingo,Gasolina,26327.0,90.0,manual,12420,Atarrabia,31610,Navarra,Atarrabia
Renault,Twingo,Gasolina,26327.0,90.0,manual,12420,Las Rozas de Madrid,28232,Madrid,Las Rozas de Madrid
Renault,Twingo,Gasolina,26327.0,90.0,manual,12420,Collado Villalba,28400,Madrid,Collado Villalba
Renault,Twingo,Gasolina,26327.0,90.0,manual,12420,Collado Villalba,28400,Madrid,Collado Villalba
Renault,Twingo,Gasolina,26327.0,90.0,manual,12420,Torremolinos,29620,Málaga,Torremolinos
Renault,Twingo,Gasolina,26327.0,90.0,manual,12420,Torremolinos,29620,Málaga,Torremolinos
Renault,Twingo,Gasolina,26327.0,90.0,manual,12420,Torremolinos,29620,Málaga,Torremolinos
Renault,Twingo,Gasolina,26327.0,90.0,manual,12420,Castello/Castellon de La Plana,12100,Castellón,Castello/Castellon de La Plana
Renault,Fluence,Gasolina,119878.0,110.0,manual,8490,Humanes de Madrid,28970,Madrid,Humanes de Madrid
Renault,Fluence,Diésel,199000.0,110.0,manual,3499,Humanes de Madrid,28970,Madrid,Humanes de Madrid
Hyundai,i30,Gasolina,5681.0,120.0,manual,19435,Olèrdola,8734,Barcelona,Olèrdola
Hyundai,i30,Gasolina,5681.0,120.0,manual,19435,Olèrdola,8734,Barcelona,Olèrdola
Hyundai,i30,Gasolina,25735.0,250.0,manual,22490,Bilbao,48004,Bizkaia,Bilbao
Hyundai,i30,Gasolina,25735.0,250.0,manual,22490,Palma de Mallorca,7003,Baleares,Palma de Mallorca
Renault,ZOE,Eléctrico,49717.0,92.0,automatic,18688,Vigo,36214,Pontevedra,Vigo
Renault,ZOE,Eléctrico,49717.0,92.0,automatic,18688,Collado Villalba,28400,Madrid,Collado Villalba
Renault,ZOE,Eléctrico,49717.0,92.0,automatic,18688,Collado Villalba,28400,Madrid,Collado Villalba
Renault,ZOE,Eléctrico,49717.0,92.0,automatic,18688,Colonia Pablo Iglesias,28520,Madrid,Colonia Pablo Iglesias
Renault,ZOE,Eléctrico,49717.0,92.0,automatic,18688,Torremolinos,29620,Málaga,Torremolinos
Renault,ZOE,Eléctrico,49717.0,92.0,automatic,18688,Torremolinos,29620,Málaga,Torremolinos
Renault,ZOE,Eléctrico,49717.0,92.0,automatic,18688,Torremolinos,29620,Málaga,Torremolinos
Renault,ZOE,Eléctrico,20200.0,108.0,automatic,21990,Pozuelo de Alarcón,28223,Madrid,Pozuelo de Alarcón
Renault,ZOE,Eléctrico,49717.0,92.0,automatic,18688,Murcia,30003,Murcia,Murcia
Renault,ZOE,Eléctrico,49717.0,92.0,automatic,18688,Saladar,3700,Alicante,Saladar
Renault,ZOE,Eléctrico,49717.0,92.0,automatic,18688,Estepona,29680,Málaga,Estepona
Renault,ZOE,Eléctrico,49717.0,92.0,automatic,18688,Barcelona,8007,Barcelona,Barcelona
Renault,Clio,Diésel,78293.0,90.0,manual,13455,Mercado Parque Corredor del Henares,28850,Madrid,Mercado Parque Corredor del Henares
Renault,Clio,Gasolina,57330.0,90.0,manual,13455,Mercado Parque Corredor del Henares,28850,Madrid,Mercado Parque Corredor del Henares
Renault,Clio,Gasolina,105.0,120.0,manual,10990,Almería,4006,Almería,Almería
Renault,Clio,Diésel,117452.0,75.0,manual,10490,Madrid,28042,Madrid,Madrid
Renault,Clio,Gasolina,39859.0,90.0,manual,12990,Alicante,3010,Alicante,Alicante
Renault,Clio,Gasolina,39859.0,90.0,manual,12990,Alicante,3010,Murcia,Alicante
Ford,Grand C-MAX,Gasolina,128108.0,125.0,manual,10990,Sevilla,41005,Sevilla,Sevilla
Ford,Grand C-MAX,Gasolina,128108.0,125.0,manual,10990,Vigo,36211,Pontevedra,Vigo
Ford,Grand C-MAX,Gasolina,128108.0,125.0,manual,10990,Alicante,3010,Alicante,Alicante
Ford,Grand C-MAX,Gasolina,128108.0,125.0,manual,10990,Alicante,3010,Murcia,Alicante
Ford,Grand C-MAX,Gasolina,128108.0,125.0,manual,10990,Bilbao,48004,Bizkaia,Bilbao
Ford,Grand C-MAX,Gasolina,128108.0,125.0,manual,10990,Urbanizacion La Granjilla,28700,Madrid,Urbanizacion La Granjilla
Ford,Grand C-MAX,Gasolina,128108.0,125.0,manual,10990,Valencia,46001,Valencia,Valencia
Ford,Grand C-MAX,Gasolina,128108.0,125.0,manual,10990,Murcia,30005,Murcia,Murcia
Ford,Grand C-MAX,Gasolina,128108.0,125.0,manual,10990,Toledo,45002,Toledo,Toledo
Renault,Clio,Gasolina,39859.0,90.0,manual,12990,Vigo,36211,Pontevedra,Vigo
Renault,Clio,Diésel,75294.0,75.0,manual,10799,Barcelona,8007,Barcelona,Barcelona
Renault,Clio,Diésel,75294.0,75.0,manual,10499,Barcelona,8007,Barcelona,Barcelona
Ford,Grand C-MAX,Gasolina,128108.0,125.0,manual,10990,Colonia Pablo Iglesias,28520,Madrid,Colonia Pablo Iglesias
Ford,Grand C-MAX,Gasolina,128108.0,125.0,manual,10990,Camarma de Esteruelas,28816,Madrid,Camarma de Esteruelas
Ford,Grand C-MAX,Gasolina,128108.0,125.0,manual,10990,Camarma de Esteruelas,28816,Madrid,Camarma de Esteruelas
Renault,Clio,Diésel,75294.0,75.0,manual,10799,Madrid,28014,Madrid,Madrid
Renault,Clio,Diésel,75294.0,75.0,manual,10499,Madrid,28014,Madrid,Madrid
SEAT,Tarraco,Diésel,95446.0,150.0,manual,25890,Camarma de Esteruelas,28816,Madrid,Camarma de Esteruelas
SEAT,Tarraco,Diésel,95446.0,150.0,manual,25890,Camarma de Esteruelas,28816,Madrid,Camarma de Esteruelas
SEAT,Tarraco,Diésel,53300.0,150.0,manual,27990,Granada,18005,Granada,Granada
SEAT,Tarraco,Diésel,95446.0,150.0,manual,25890,Alicante,3010,Alicante,Alicante
SEAT,Tarraco,Diésel,95446.0,150.0,manual,25890,Alicante,3010,Murcia,Alicante
SEAT,Tarraco,Diésel,59995.0,150.0,manual,22890,Alicante,3010,Alicante,Alicante
SEAT,Tarraco,Diésel,59995.0,150.0,manual,22890,Alicante,3010,Murcia,Alicante
SEAT,Tarraco,Diésel,59995.0,150.0,manual,22790,Alicante,3010,Alicante,Alicante
SEAT,Tarraco,Diésel,59995.0,150.0,manual,22790,Alicante,3010,Murcia,Alicante
SEAT,Tarraco,Diésel,78000.0,149.0,automatic,29950,Bormujos,41930,Sevilla,Bormujos
SEAT,Leon,Diésel,115000.0,115.0,manual,291,Barcelona,8009,Barcelona,Barcelona
SEAT,Leon,Gasolina,23642.0,150.0,manual,23390,Madrid,28021,Madrid,Madrid
SEAT,Leon,Gasolina,23642.0,150.0,manual,22990,Madrid,28021,Madrid,Madrid
SEAT,Leon,Gasolina,48428.0,150.0,manual,18850,Alcobendas,28100,Madrid,Alcobendas
SEAT,Leon,Gasolina,109773.0,160.0,manual,10700,Torremolinos,29620,Málaga,Torremolinos
SEAT,Leon,Gasolina,109773.0,160.0,manual,10700,Torremolinos,29620,Málaga,Torremolinos
SEAT,Leon,Gasolina,109773.0,160.0,manual,10700,Torremolinos,29620,Málaga,Torremolinos
Peugeot,108,Gasolina,5620.0,72.0,manual,12764,Mercado Parque Corredor del Henares,28850,Madrid,Mercado Parque Corredor del Henares
Peugeot,108,Gasolina,41016.0,72.0,manual,11299,Madrid,28014,Madrid,Madrid
Peugeot,108,Gasolina,41016.0,72.0,manual,11299,Barcelona,8007,Barcelona,Barcelona
SEAT,Ibiza,Gasolina,76967.0,80.0,manual,12550,Murcia,30003,Murcia,Murcia
SEAT,Ibiza,Gasolina,76967.0,80.0,manual,12550,Olèrdola,8734,Barcelona,Olèrdola
SEAT,Ibiza,Gasolina,76967.0,80.0,manual,12550,Olèrdola,8734,Barcelona,Olèrdola
SEAT,Ibiza,Otros,99139.0,90.0,manual,13225,Olèrdola,8734,Barcelona,Olèrdola
SEAT,Ibiza,Otros,99139.0,90.0,manual,13225,Olèrdola,8734,Barcelona,Olèrdola
SEAT,Ibiza,Gasolina,92017.0,95.0,manual,10990,Sevilla,41005,Sevilla,Sevilla
SEAT,Exeo,Diésel,79186.0,143.0,manual,11935,Santa Maria del Aguila,4710,Almería,Santa Maria del Aguila
SEAT,Exeo,Diésel,79186.0,143.0,manual,11935,Olèrdola,8734,Barcelona,Olèrdola
SEAT,Exeo,Diésel,79186.0,143.0,manual,11935,Olèrdola,8734,Barcelona,Olèrdola
SEAT,Exeo,Diésel,79186.0,143.0,manual,11935,Alameda del Obispo,14005,Córdoba,Alameda del Obispo
SEAT,Exeo,Diésel,79186.0,143.0,manual,11935,Alcobendas,28100,Madrid,Alcobendas
SEAT,Exeo,Diésel,79186.0,143.0,manual,11935,Alcalá de Guadaíra,41500,Sevilla,Alcalá de Guadaíra
SEAT,Exeo,Diésel,79186.0,143.0,manual,11935,Santafe,18320,Granada,Santafe
SEAT,Exeo,Diésel,79186.0,143.0,manual,11935,Castello/Castellon de La Plana,12100,Castellón,Castello/Castellon de La Plana
SEAT,Exeo,Diésel,79186.0,143.0,manual,11935,Zaragoza,50013,Zaragoza,Zaragoza
SEAT,Exeo,Diésel,79186.0,143.0,manual,11935,Puerto de Sagunto,46520,Valencia,Puerto de Sagunto
Skoda,Kamiq,Diésel,38000.0,110.0,automatic,21500,Coria,10800,Cáceres,Coria
Skoda,Kamiq,Gasolina,30228.0,110.0,automatic,19999,Fornells de la Selva,17458,Girona,Fornells de la Selva
KIA,Picanto,Gasolina,18054.0,66.0,manual,7990,Armentia,1007,Álava,Armentia
Skoda,Karoq,Gasolina,55336.0,150.0,manual,23490,Lebrija,41740,Sevilla,Lebrija
Skoda,Karoq,Gasolina,52964.0,150.0,manual,25990,Madrid,28021,Madrid,Madrid
Skoda,Karoq,Diésel,112915.0,115.0,manual,17990,Madrid,28021,Madrid,Madrid
Skoda,Karoq,Gasolina,12104.0,150.0,automatic,25185,Torremolinos,29620,Málaga,Torremolinos
Skoda,Karoq,Gasolina,12104.0,150.0,automatic,25185,Torremolinos,29620,Málaga,Torremolinos
Skoda,Karoq,Gasolina,12104.0,150.0,automatic,25185,Torremolinos,29620,Málaga,Torremolinos
Skoda,Karoq,Gasolina,12104.0,150.0,automatic,25185,Barcelona,8007,Barcelona,Barcelona
Skoda,Yeti,Diésel,161994.0,110.0,manual,11490,Vigo,36211,Pontevedra,Vigo
Skoda,Yeti,Diésel,161994.0,110.0,manual,11290,Vigo,36211,Pontevedra,Vigo
Skoda,Yeti,Diésel,161994.0,110.0,manual,11490,Murcia,30005,Murcia,Murcia
Skoda,Yeti,Diésel,161994.0,110.0,manual,11290,Murcia,30005,Murcia,Murcia
Skoda,Yeti,Diésel,161994.0,110.0,manual,11490,Valladolid,47006,Valladolid,Valladolid
Skoda,Yeti,Diésel,161994.0,110.0,manual,11290,Valladolid,47006,Valladolid,Valladolid
Skoda,Yeti,Diésel,161994.0,110.0,manual,11490,Valencia,46001,Valencia,Valencia
Skoda,Yeti,Diésel,161994.0,110.0,manual,11290,Valencia,46001,Valencia,Valencia
Skoda,Yeti,Diésel,161994.0,110.0,manual,11490,Almería,4006,Almería,Almería
Skoda,Yeti,Diésel,161994.0,110.0,manual,11290,Almería,4006,Almería,Almería
Skoda,Yeti,Diésel,161994.0,110.0,manual,11490,Salamanca,37008,Salamanca,Salamanca
Skoda,Yeti,Diésel,161994.0,110.0,manual,11490,Salamanca,37008,Salamanca,Salamanca
Skoda,Yeti,Diésel,161994.0,110.0,manual,11290,Salamanca,37008,Salamanca,Salamanca
Skoda,Yeti,Diésel,161994.0,110.0,manual,11290,Salamanca,37008,Salamanca,Salamanca
Jeep,Compass,Diésel,154341.0,136.0,manual,10800,Las Rozas de Madrid,28232,Madrid,Las Rozas de Madrid
Jeep,Compass,Diésel,154341.0,136.0,manual,10800,Collado Villalba,28400,Madrid,Collado Villalba
Jeep,Compass,Diésel,154341.0,136.0,manual,10800,Collado Villalba,28400,Madrid,Collado Villalba
Jeep,Compass,Diésel,154341.0,136.0,manual,10800,Torremolinos,29620,Málaga,Torremolinos
Jeep,Compass,Diésel,154341.0,136.0,manual,10800,Torremolinos,29620,Málaga,Torremolinos
Jeep,Compass,Diésel,154341.0,136.0,manual,10800,Torremolinos,29620,Málaga,Torremolinos
Jeep,Compass,Diésel,154341.0,136.0,manual,10800,Colonia Pablo Iglesias,28520,Madrid,Colonia Pablo Iglesias
Jeep,Compass,Diésel,154341.0,136.0,manual,10800,Alzira,46600,Valencia,Alzira
Jeep,Compass,Diésel,154341.0,136.0,manual,10800,Alzira,46600,Valencia,Alzira
Jeep,Renegade,Gasolina,81962.0,110.0,manual,16199,Madrid,28014,Madrid,Madrid
Jeep,Renegade,Gasolina,81962.0,110.0,manual,15699,Madrid,28014,Madrid,Madrid
Jeep,Renegade,Gasolina,36330.0,150.0,automatic,20699,Madrid,28014,Madrid,Madrid
Jeep,Renegade,Gasolina,36330.0,150.0,automatic,20199,Madrid,28014,Madrid,Madrid
Jeep,Renegade,Gasolina,36330.0,150.0,automatic,20699,Barcelona,8007,Barcelona,Barcelona
Jeep,Renegade,Gasolina,36330.0,150.0,automatic,20199,Barcelona,8007,Barcelona,Barcelona
Jeep,Renegade,Gasolina,29000.0,120.0,manual,18500,Monteagudo,30160,Murcia,Monteagudo
Jeep,Wrangler,Diésel,103530.0,200.0,automatic,34990,Vigo,36211,Pontevedra,Vigo
Jeep,Wrangler,Diésel,103530.0,200.0,automatic,34990,Almería,4006,Almería,Almería
Jeep,Grand Cherokee,Diésel,177688.0,241.0,automatic,15990,Sevilla,41005,Sevilla,Sevilla
Jeep,Grand Cherokee,Diésel,106425.0,250.0,automatic,26990,Sevilla,41005,Sevilla,Sevilla
Jeep,Grand Cherokee,Diésel,106425.0,250.0,automatic,26990,Huelva,21004,Huelva,Huelva
Jeep,Grand Cherokee,Diésel,106425.0,250.0,automatic,26990,Almería,4006,Almería,Almería
Volvo,C30,Diésel,190000.0,109.0,manual,6900,Barcelona,8037,Barcelona,Barcelona
Ford,EcoSport,Gasolina,74011.0,110.0,manual,10999,Barcelona,8007,Barcelona,Barcelona
Ford,EcoSport,Gasolina,74011.0,110.0,manual,10799,Barcelona,8007,Barcelona,Barcelona
Ford,EcoSport,Diésel,39455.0,95.0,manual,14099,Madrid,28014,Madrid,Madrid
Ford,EcoSport,Diésel,39455.0,95.0,manual,13399,Madrid,28014,Madrid,Madrid
Ford,EcoSport,Diésel,39455.0,95.0,manual,14099,Barcelona,8007,Barcelona,Barcelona
Ford,EcoSport,Diésel,39455.0,95.0,manual,13399,Barcelona,8007,Barcelona,Barcelona
Maserati,Coupe,Gasolina,99494.0,439.0,automatic,38900,Castello/Castellon de La Plana,12100,Castellón,Castello/Castellon de La Plana
Maserati,Coupe,Gasolina,67913.0,390.0,automatic,29900,Barcelona,8006,Barcelona,Barcelona
Opel,Grandland X,Diésel,94539.0,120.0,manual,14990,Granada,18005,Granada,Granada
Opel,Grandland X,Diésel,94539.0,120.0,manual,14990,Murcia,30005,Murcia,Murcia
Opel,Grandland X,Diésel,94539.0,120.0,manual,14990,Bilbao,48004,Bizkaia,Bilbao
Opel,Grandland X,Diésel,94539.0,120.0,manual,14990,Valencia,46001,Valencia,Valencia
Opel,Grandland X,Diésel,43641.0,130.0,automatic,22989,Granollers,8403,Barcelona,Granollers
Opel,Astra,Gasolina,143399.0,125.0,manual,13685,Santa Maria del Aguila,4710,Almería,Santa Maria del Aguila
Opel,Astra,Gasolina,143399.0,125.0,manual,13685,Santiago de Compostela,15703,A Coruña,Santiago de Compostela
Opel,Astra,Diésel,75138.0,110.0,manual,14990,Madrid,28021,Madrid,Madrid
Opel,Astra,Gasolina,34320.0,145.0,manual,18990,Madrid,28021,Madrid,Madrid
Opel,Movano,Diésel,142300.0,130.0,manual,22500,Santafe,18320,Granada,Santafe
Opel,Movano,Diésel,142300.0,130.0,manual,22500,Puerto de Sagunto,46520,Valencia,Puerto de Sagunto
Opel,Movano,Diésel,142300.0,130.0,manual,22500,Mercabilbao,48970,Bizkaia,Mercabilbao
Opel,Movano,Diésel,142300.0,130.0,manual,22500,Alcobendas,28100,Madrid,Alcobendas
Opel,Movano,Diésel,142300.0,130.0,manual,22500,Alzira,46600,Valencia,Alzira
Opel,Movano,Diésel,142300.0,130.0,manual,22500,Alzira,46600,Valencia,Alzira
Opel,Movano,Diésel,142300.0,130.0,manual,22500,Castello/Castellon de La Plana,12100,Castellón,Castello/Castellon de La Plana
Opel,Movano,Diésel,142300.0,130.0,manual,22500,Albacete,2001,Albacete,Albacete
Opel,Movano,Diésel,142300.0,130.0,manual,22500,Badajoz,6008,Badajoz,Badajoz
Opel,Cabrio,Gasolina,81577.0,170.0,automatic,14500,Granollers,8403,Barcelona,Granollers
Opel,Cabrio,Gasolina,81577.0,170.0,automatic,14500,Vigo,36214,Pontevedra,Vigo
Opel,Cabrio,Gasolina,81577.0,170.0,automatic,14500,Olèrdola,8734,Barcelona,Olèrdola
Opel,Cabrio,Gasolina,81577.0,170.0,automatic,14500,Olèrdola,8734,Barcelona,Olèrdola
SEAT,Leon,Gasolina,48428.0,150.0,manual,18850,Puerto de Sagunto,46520,Valencia,Puerto de Sagunto
SEAT,Leon,Gasolina,48428.0,150.0,manual,18850,Torremolinos,29620,Málaga,Torremolinos
SEAT,Leon,Gasolina,48428.0,150.0,manual,18850,Torremolinos,29620,Málaga,Torremolinos
SEAT,Leon,Gasolina,48428.0,150.0,manual,18850,Torremolinos,29620,Málaga,Torremolinos
SEAT,Leon,Gasolina,48428.0,150.0,manual,18850,Barcelona,8007,Barcelona,Barcelona
SEAT,Leon,Gasolina,48428.0,150.0,manual,18850,Albacete,2001,Albacete,Albacete
SEAT,Leon,Gasolina,48428.0,150.0,manual,18850,Hidraulica Santillana,28770,Madrid,Hidraulica Santillana
SEAT,Leon,Otros,30552.0,130.0,automatic,18990,Madrid,28046,Madrid,Madrid
SEAT,Leon,Gasolina,48428.0,150.0,manual,18850,Saladar,3700,Alicante,Saladar
SEAT,Leon,Gasolina,108120.0,110.0,manual,12179,Olèrdola,8734,Barcelona,Olèrdola
SEAT,Leon,Gasolina,108120.0,110.0,manual,12179,Olèrdola,8734,Barcelona,Olèrdola
Opel,Crossland,Gasolina,3492.0,83.0,manual,17190,Bilbao,48004,Bizkaia,Bilbao
Opel,Crossland,Gasolina,3492.0,83.0,manual,17190,Valencia,46001,Valencia,Valencia
Opel,Crossland,Gasolina,3492.0,83.0,manual,17190,Las Rozas de Madrid,28232,Madrid,Las Rozas de Madrid
Opel,Crossland,Gasolina,3492.0,83.0,manual,17190,Collado Villalba,28400,Madrid,Collado Villalba
Opel,Crossland,Gasolina,3492.0,83.0,manual,17190,Collado Villalba,28400,Madrid,Collado Villalba
Opel,Combo,Diésel,54000.0,100.0,manual,12790,Girona,17007,Girona,Girona
Opel,Vivaro,Diésel,325000.0,115.0,manual,10900,Santa Perpètua de Mogoda,8130,Barcelona,Santa Perpètua de Mogoda
Opel,Vivaro,Diésel,25780.0,125.0,manual,24990,Bilbao,48004,Bizkaia,Bilbao
Opel,Vivaro,Diésel,25780.0,125.0,manual,24990,Málaga,29005,Málaga,Málaga
Opel,Crossland X,Gasolina,43854.0,130.0,manual,17490,Málaga,29005,Málaga,Málaga
Opel,Crossland X,Gasolina,33576.0,130.0,manual,14990,Málaga,29005,Málaga,Málaga
Opel,Crossland X,Gasolina,33576.0,130.0,manual,14990,Sevilla,41017,Sevilla,Sevilla
Opel,Crossland X,Gasolina,52671.0,130.0,manual,14490,Alicante,3010,Alicante,Alicante
Opel,Crossland X,Gasolina,52671.0,130.0,manual,14490,Alicante,3010,Murcia,Alicante
Opel,Signum,Diésel,280181.0,125.0,manual,3490,Valencia,46002,Valencia,Valencia
Opel,Signum,Diésel,280181.0,125.0,manual,3490,Gijón,33206,Asturias,Gijón
Opel,Signum,Diésel,280181.0,125.0,manual,3490,Sevilla,41006,Sevilla,Sevilla
Ford,Transit,Diésel,135003.0,130.0,manual,23900,Valladolid,47004,Valladolid,Valladolid
Ford,Transit,Diésel,135003.0,130.0,manual,23900,Viladecans,8840,Barcelona,Viladecans
Ford,Transit,Diésel,135003.0,130.0,manual,23900,Urbanitzacio El Medol,43150,Tarragona,Urbanitzacio El Medol
Ford,Transit,Diésel,135003.0,130.0,manual,23900,Alcalá de Henares,28801,Madrid,Alcalá de Henares
Ford,Transit,Diésel,135003.0,130.0,manual,23900,Santander,39002,Cantabria,Santander
Ford,Transit,Diésel,135003.0,130.0,manual,23900,San Sebastián de Los Reyes,28700,Madrid,San Sebastián de Los Reyes
Ford,Transit,Diésel,135003.0,130.0,manual,23900,Murcia,30001,Murcia,Murcia
Ford,Transit,Diésel,135003.0,130.0,manual,23900,Toledo,45002,Toledo,Toledo
Ford,Transit,Diésel,135003.0,130.0,manual,23900,Huelva,21004,Huelva,Huelva
Ford,Transit,Diésel,135003.0,130.0,manual,23900,Madrid,28013,Madrid,Madrid
Mercedes-Benz,Clase C,Gasolina,109334.0,143.0,manual,7290,Leganés,28916,Madrid,Leganés
Ford,Transit,Diésel,135003.0,130.0,manual,23900,Móstoles,28931,Madrid,Móstoles
Mercedes-Benz,Clase C,Diésel,55000.0,170.0,manual,23490,Málaga,29003,Málaga,Málaga
Mercedes-Benz,Clase C,Diésel,55000.0,170.0,manual,24490,Málaga,29003,Málaga,Málaga
Opel,Signum,Diésel,280181.0,125.0,manual,3490,Torrejón de Ardoz,28850,Madrid,Torrejón de Ardoz
Ford,Fiesta,Gasolina,67110.0,140.0,manual,13990,Vigo,36211,Pontevedra,Vigo
Ford,Fiesta,Gasolina,67110.0,140.0,manual,13990,Almería,4006,Almería,Almería
Ford,Fiesta,Gasolina,67110.0,140.0,manual,13990,Òrrius,8317,Barcelona,Òrrius
Ford,Fiesta,Gasolina,67110.0,140.0,manual,13990,Palma de Mallorca,7003,Baleares,Palma de Mallorca
Ford,Fiesta,Gasolina,67110.0,140.0,manual,13990,Granada,18005,Granada,Granada
Ford,Fiesta,Gasolina,67110.0,140.0,manual,13990,Valencia,46001,Valencia,Valencia
Ford,Fiesta,Gasolina,67110.0,140.0,manual,13990,Palau-Solita I Plegamans,8184,Barcelona,Palau-Solita I Plegamans
Ford,Fiesta,Gasolina,67110.0,140.0,manual,13990,Palau-Solita I Plegamans,8184,Barcelona,Palau-Solita I Plegamans
Opel,Antara,Diésel,110000.0,163.0,automatic,12400,Toledo,45002,Toledo,Toledo
Opel,Antara,Diésel,110000.0,163.0,automatic,12400,Villaviciosa de Odón,28670,Madrid,Villaviciosa de Odón
Opel,Antara,Diésel,110000.0,163.0,automatic,12400,Fuenlabrada,28947,Madrid,Fuenlabrada
Opel,Antara,Diésel,110000.0,163.0,automatic,12400,Colonia Pablo Iglesias,28520,Madrid,Colonia Pablo Iglesias
Opel,Corsa-e,Eléctrico,2170.0,136.0,automatic,27900,Mercado Parque Corredor del Henares,28850,Madrid,Mercado Parque Corredor del Henares
Opel,Corsa-e,Eléctrico,2170.0,136.0,automatic,27900,Vigo,36214,Pontevedra,Vigo
Opel,Combo Life,Diésel,70264.0,130.0,manual,20099,Barcelona,8007,Barcelona,Barcelona
Opel,Combo Life,Diésel,70264.0,130.0,manual,19799,Barcelona,8007,Barcelona,Barcelona
Opel,Combo Life,Diésel,70264.0,130.0,manual,19499,Barcelona,8007,Barcelona,Barcelona
Opel,Combo Life,Diésel,54000.0,100.0,manual,19900,El Prat de Llobregat,8820,Barcelona,El Prat de Llobregat
Opel,Combo Life,Diésel,40704.0,100.0,manual,18990,Murcia,30005,Murcia,Murcia
Opel,Combo Life,Diésel,40704.0,100.0,manual,18990,Granada,18005,Granada,Granada
Opel,Zafira Tourer,Diésel,127378.0,165.0,manual,14289,Collado Villalba,28400,Madrid,Collado Villalba
Opel,Zafira Tourer,Diésel,127378.0,165.0,manual,14289,Collado Villalba,28400,Madrid,Collado Villalba
Opel,Zafira Tourer,Diésel,127378.0,165.0,manual,14289,Estepona,29680,Málaga,Estepona
Opel,Zafira Tourer,Diésel,127378.0,165.0,manual,14289,Barcelona,8007,Barcelona,Barcelona
Opel,Zafira Tourer,Diésel,127378.0,165.0,manual,14289,Colonia Pablo Iglesias,28520,Madrid,Colonia Pablo Iglesias
Opel,Zafira Tourer,Diésel,127378.0,165.0,manual,14289,Las Rozas de Madrid,28232,Madrid,Las Rozas de Madrid
Opel,Zafira Tourer,Diésel,127378.0,165.0,manual,14289,Torremolinos,29620,Málaga,Torremolinos
Opel,Zafira Tourer,Diésel,127378.0,165.0,manual,14289,Torremolinos,29620,Málaga,Torremolinos
Opel,Zafira Tourer,Diésel,127378.0,165.0,manual,14289,Torremolinos,29620,Málaga,Torremolinos
Opel,Combo Life,Diésel,40704.0,100.0,manual,18990,Vigo,36211,Pontevedra,Vigo
Opel,Insignia,Diésel,146166.0,170.0,automatic,13973,Albacete,2001,Albacete,Albacete
Opel,Insignia,Diésel,57000.0,136.0,manual,438,Barcelona,8009,Barcelona,Barcelona
Opel,Insignia,Diésel,146166.0,170.0,automatic,13973,Santa Maria del Aguila,4710,Almería,Santa Maria del Aguila
Opel,Insignia,Diésel,146166.0,170.0,automatic,13973,Ciudad Real,13003,Ciudad Real,Ciudad Real
Opel,Insignia,Diésel,146166.0,170.0,automatic,13973,Santiago de Compostela,15703,A Coruña,Santiago de Compostela
Opel,Insignia,Diésel,105655.0,120.0,manual,12990,Madrid,28021,Madrid,Madrid
Opel,Insignia,Diésel,146166.0,170.0,automatic,13973,Valdepeñas,13300,Ciudad Real,Valdepeñas
Opel,Insignia,Diésel,146166.0,170.0,automatic,13973,Valdepeñas,13300,Ciudad Real,Valdepeñas
Opel,Corsa,Gasolina,44316.0,100.0,manual,14100,Barcelona,8008,Barcelona,Barcelona
SEAT,Leon,Gasolina,48428.0,150.0,manual,18850,Mercado Parque Corredor del Henares,28850,Madrid,Mercado Parque Corredor del Henares
SEAT,Leon,Gasolina,48428.0,150.0,manual,18850,Granollers,8403,Barcelona,Granollers
Opel,Corsa,Gasolina,39543.0,75.0,manual,14433,Estepona,29680,Málaga,Estepona
Opel,Corsa,Gasolina,26844.0,90.0,manual,12638,Olèrdola,8734,Barcelona,Olèrdola
Opel,Corsa,Gasolina,26844.0,90.0,manual,12638,Olèrdola,8734,Barcelona,Olèrdola
Opel,Corsa,Gasolina,20969.0,75.0,manual,14720,Ciudad Real,13003,Ciudad Real,Ciudad Real
Opel,Corsa,Gasolina,26844.0,90.0,manual,12638,Santiago de Compostela,15703,A Coruña,Santiago de Compostela
Tata,Indica,Diésel,65000.0,71.0,manual,2199,El Caleyu,33934,Asturias,El Caleyu
Tata,Grand Safari,Diésel,69060.0,115.0,manual,4200,Collado Villalba,28400,Madrid,Collado Villalba
Tata,Grand Safari,Diésel,69060.0,115.0,manual,4200,Collado Villalba,28400,Madrid,Collado Villalba
Tata,Grand Safari,Diésel,69060.0,115.0,manual,4200,Colonia Pablo Iglesias,28520,Madrid,Colonia Pablo Iglesias
Tata,Grand Safari,Diésel,69060.0,115.0,manual,4200,Getafe,28901,Madrid,Getafe
Tata,Grand Safari,Diésel,69060.0,115.0,manual,4200,Hidraulica Santillana,28770,Madrid,Hidraulica Santillana
Ford,Transit Custom,Diésel,87416.0,100.0,manual,14890,Madrid,28021,Madrid,Madrid
Ford,Transit Custom,Diésel,409000.0,100.0,manual,6500,San Sebastián de los Reyes,28707,Madrid,San Sebastián de los Reyes
Ford,Transit Custom,Diésel,409000.0,100.0,manual,6500,San Sebastián de los Reyes,28707,Madrid,San Sebastián de los Reyes
Tesla,Model 3,Eléctrico,65000.0,325.0,automatic,39000,Poligono Fuente del Jarro,46988,Valencia,Poligono Fuente del Jarro
Tesla,Model 3,Eléctrico,65000.0,325.0,automatic,36500,Poligono Fuente del Jarro,46988,Valencia,Poligono Fuente del Jarro
Volvo,V50,Diésel,149000.0,136.0,automatic,5990,Club Encinas,28660,Madrid,Club Encinas
Volvo,V50,Diésel,149000.0,136.0,automatic,6490,Club Encinas,28660,Madrid,Club Encinas
Volvo,S90,Diésel,117311.0,190.0,automatic,37950,Alzira,46600,Valencia,Alzira
Volvo,S90,Diésel,117311.0,190.0,automatic,37950,Alzira,46600,Valencia,Alzira
Volvo,S90,Diésel,117311.0,190.0,automatic,37950,Atarrabia,31610,Navarra,Atarrabia
Volvo,S90,Diésel,117311.0,190.0,automatic,37950,Alicante,3007,Alicante,Alicante
Alfa Romeo,Stelvio,Gasolina,54905.0,280.0,automatic,33990,Bilbao,48004,Bizkaia,Bilbao
Alfa Romeo,Stelvio,Gasolina,54905.0,280.0,automatic,33990,Sevilla,41005,Sevilla,Sevilla
Alfa Romeo,Stelvio,Gasolina,54905.0,280.0,automatic,33990,Almería,4006,Almería,Almería
Alfa Romeo,Stelvio,Gasolina,54905.0,280.0,automatic,33990,Alicante,3010,Alicante,Alicante
Alfa Romeo,Stelvio,Gasolina,54905.0,280.0,automatic,33990,Alicante,3010,Murcia,Alicante
Alfa Romeo,Stelvio,Gasolina,54905.0,280.0,automatic,33990,Las Rozas de Madrid,28232,Madrid,Las Rozas de Madrid
Alfa Romeo,Stelvio,Gasolina,54905.0,280.0,automatic,33990,Murcia,30005,Murcia,Murcia
Mercedes-Benz,Clase S,Diésel,206120.0,235.0,automatic,13490,Fuenlabrada,28946,Madrid,Fuenlabrada
Ford,Transit Courier,Diésel,29999.0,75.0,manual,15590,Alicante,3010,Alicante,Alicante
Ford,Transit Courier,Diésel,29999.0,75.0,manual,15590,Alicante,3010,Murcia,Alicante
Ford,Transit Courier,Diésel,29999.0,75.0,manual,15590,Almería,4006,Almería,Almería
Ford,Transit Courier,Diésel,29999.0,75.0,manual,15590,Valencia,46001,Valencia,Valencia
Ford,Transit Courier,Diésel,29999.0,75.0,manual,15590,Málaga,29005,Málaga,Málaga
Ford,Transit Courier,Diésel,29999.0,75.0,manual,15590,Las Rozas de Madrid,28232,Madrid,Las Rozas de Madrid
Ford,Transit Courier,Diésel,29999.0,75.0,manual,15590,Toledo,45002,Toledo,Toledo
Ford,Transit Courier,Diésel,29999.0,75.0,manual,15590,Camarma de Esteruelas,28816,Madrid,Camarma de Esteruelas
Ford,Transit Courier,Diésel,29999.0,75.0,manual,15590,Camarma de Esteruelas,28816,Madrid,Camarma de Esteruelas
Ford,Transit Courier,Diésel,29999.0,75.0,manual,15590,Fuenlabrada,28947,Madrid,Fuenlabrada
Alfa Romeo,Giulia,Diésel,71764.0,180.0,automatic,23990,Málaga,29005,Málaga,Málaga
Alfa Romeo,Giulia,Diésel,71764.0,180.0,automatic,23990,Sevilla,41005,Sevilla,Sevilla
Ford,Puma,Gasolina,39150.0,125.0,manual,23862,Ciudad Real,13003,Ciudad Real,Ciudad Real
Ford,Puma,Gasolina,39150.0,125.0,manual,23862,Valdepeñas,13300,Ciudad Real,Valdepeñas
Ford,Puma,Gasolina,39150.0,125.0,manual,23862,Valdepeñas,13300,Ciudad Real,Valdepeñas
Ford,Puma,Gasolina,39150.0,125.0,manual,23862,Vigo,36214,Pontevedra,Vigo
Ford,Puma,Gasolina,39150.0,125.0,manual,23862,Granollers,8403,Barcelona,Granollers
Ford,Puma,Gasolina,39150.0,125.0,manual,23862,Estepona,29680,Málaga,Estepona
Ford,Puma,Gasolina,39150.0,125.0,manual,23862,Barcelona,8007,Barcelona,Barcelona
Ford,Puma,Gasolina,39150.0,125.0,manual,23862,Colonia Pablo Iglesias,28520,Madrid,Colonia Pablo Iglesias
Ford,Puma,Gasolina,39150.0,125.0,manual,23862,Las Rozas de Madrid,28232,Madrid,Las Rozas de Madrid
Ford,Puma,Gasolina,39150.0,125.0,manual,23862,Torremolinos,29620,Málaga,Torremolinos
Ford,Puma,Gasolina,39150.0,125.0,manual,23862,Torremolinos,29620,Málaga,Torremolinos
Ford,Puma,Gasolina,39150.0,125.0,manual,23862,Torremolinos,29620,Málaga,Torremolinos
Ford,Puma,Gasolina,39150.0,125.0,manual,23862,Zaragoza,50013,Zaragoza,Zaragoza
Ford,Puma,Gasolina,39150.0,125.0,manual,23862,Alcalá de Guadaíra,41500,Sevilla,Alcalá de Guadaíra
Ford,Puma,Gasolina,39150.0,125.0,manual,23862,Santafe,18320,Granada,Santafe
Ford,Puma,Gasolina,39150.0,125.0,manual,23862,Puerto de Sagunto,46520,Valencia,Puerto de Sagunto
Ford,Puma,Gasolina,39150.0,125.0,manual,23862,Paterna,46980,Valencia,Paterna
Ford,Puma,Gasolina,39150.0,125.0,manual,23862,Alcobendas,28100,Madrid,Alcobendas
Ford,Puma,Gasolina,39150.0,125.0,manual,23862,Castello/Castellon de La Plana,12100,Castellón,Castello/Castellon de La Plana
Ford,Puma,Gasolina,39150.0,125.0,manual,23862,Getafe,28906,Madrid,Getafe
Ford,Puma,Gasolina,39150.0,125.0,manual,23862,Collado Villalba,28400,Madrid,Collado Villalba
Ford,Puma,Gasolina,39150.0,125.0,manual,23862,Collado Villalba,28400,Madrid,Collado Villalba
Mercedes-Benz,Clase CLA,Gasolina,66302.0,156.0,automatic,29325,Valdepeñas,13300,Ciudad Real,Valdepeñas
Mercedes-Benz,Clase CLA,Gasolina,66302.0,156.0,automatic,29325,Valdepeñas,13300,Ciudad Real,Valdepeñas
Mercedes-Benz,Clase CLA,Gasolina,66302.0,156.0,automatic,29325,Estepona,29680,Málaga,Estepona
Mercedes-Benz,Clase CLA,Gasolina,66302.0,156.0,automatic,29325,Santa Maria del Aguila,4710,Almería,Santa Maria del Aguila
Mercedes-Benz,Clase CLA,Gasolina,66302.0,156.0,automatic,29325,Alameda del Obispo,14005,Córdoba,Alameda del Obispo
Mercedes-Benz,Clase CLA,Gasolina,66302.0,156.0,automatic,29325,Alcalá de Guadaíra,41500,Sevilla,Alcalá de Guadaíra
Mercedes-Benz,Clase CLA,Gasolina,66302.0,156.0,automatic,29325,Torremolinos,29620,Málaga,Torremolinos
Mercedes-Benz,Clase CLA,Gasolina,66302.0,156.0,automatic,29325,Torremolinos,29620,Málaga,Torremolinos
Mercedes-Benz,Clase CLA,Gasolina,66302.0,156.0,automatic,29325,Torremolinos,29620,Málaga,Torremolinos
Mercedes-Benz,Clase CLA,Gasolina,66302.0,156.0,automatic,29325,Collado Villalba,28400,Madrid,Collado Villalba
Mercedes-Benz,Clase CLA,Gasolina,66302.0,156.0,automatic,29325,Collado Villalba,28400,Madrid,Collado Villalba
Mercedes-Benz,Clase CLA,Gasolina,66302.0,156.0,automatic,29325,Colonia Pablo Iglesias,28520,Madrid,Colonia Pablo Iglesias
Mercedes-Benz,Clase CLA,Gasolina,66302.0,156.0,automatic,29325,Paterna,46980,Valencia,Paterna
Mercedes-Benz,Clase CLA,Gasolina,66302.0,156.0,automatic,29325,Atarrabia,31610,Navarra,Atarrabia
Mercedes-Benz,Clase CLA,Gasolina,66302.0,156.0,automatic,29325,Alicante,3007,Alicante,Alicante
Ford,Mondeo,Diésel,17.0,155.0,manual,8490,Santiago de Compostela,36164,Pontevedra,Santiago de Compostela
Alfa Romeo,Giulia,Diésel,139000.0,180.0,automatic,24800,Carretera de San Martin de La Vega,28320,Madrid,Carretera de San Martin de La Vega
Ford,Focus,Gasolina,112000.0,125.0,manual,330,Valencia,46005,Valencia,Valencia
Ford,Focus,Gasolina,22074.0,125.0,manual,17900,Ciudad Real,13003,Ciudad Real,Ciudad Real
Mercedes-Benz,SLK,Gasolina,170000.0,163.0,manual,6250,L'Hospitalet de Llobregat,8901,Barcelona,L'Hospitalet de Llobregat
Ford,B-MAX,Diésel,68047.0,95.0,manual,12485,Santiago de Compostela,15703,A Coruña,Santiago de Compostela
Ford,Fusion,Diésel,128000.0,80.0,manual,4290,Torremolinos,29620,Málaga,Torremolinos
Ford,Fusion,Diésel,128000.0,80.0,manual,4290,Torremolinos,29620,Málaga,Torremolinos
Ford,Fusion,Diésel,128000.0,80.0,manual,4290,Torremolinos,29620,Málaga,Torremolinos
Audi,A6,Diésel,98239.0,180.0,manual,10800,Zaragoza,50013,Zaragoza,Zaragoza
Dacia,Duster,Diésel,83460.0,107.0,manual,10900,Torremolinos,29620,Málaga,Torremolinos
Dacia,Duster,Diésel,83460.0,107.0,manual,10900,Torremolinos,29620,Málaga,Torremolinos
Dacia,Duster,Diésel,83460.0,107.0,manual,10900,Torremolinos,29620,Málaga,Torremolinos
Dacia,Duster,Diésel,89235.0,109.0,manual,11900,Mercado Parque Corredor del Henares,28850,Madrid,Mercado Parque Corredor del Henares
Dacia,Duster,Diésel,83460.0,107.0,manual,10900,Mercado Parque Corredor del Henares,28850,Madrid,Mercado Parque Corredor del Henares
Audi,A6,Diésel,98239.0,180.0,manual,10800,Castello/Castellon de La Plana,12100,Castellón,Castello/Castellon de La Plana
Audi,A6,Diésel,98239.0,180.0,manual,10800,Puerto de Sagunto,46520,Valencia,Puerto de Sagunto
Audi,A6,Diésel,98239.0,180.0,manual,10800,Paterna,46980,Valencia,Paterna
Audi,A6,Diésel,98239.0,180.0,manual,10800,Collado Villalba,28400,Madrid,Collado Villalba
Audi,A6,Diésel,98239.0,180.0,manual,10800,Collado Villalba,28400,Madrid,Collado Villalba
Audi,A6,Diésel,98239.0,180.0,manual,10800,Getafe,28906,Madrid,Getafe
Ford,Ka,Gasolina,117000.0,70.0,manual,2500,Bertamirans,15220,A Coruña,Bertamirans
Opel,Antara,Diésel,97306.0,163.0,manual,9899,Barcelona,8007,Barcelona,Barcelona
Mercedes-Benz,GLA,Diésel,75215.0,177.0,automatic,29990,Málaga,29006,Málaga,Málaga
Audi,A6,Diésel,98239.0,180.0,manual,10800,Las Rozas de Madrid,28232,Madrid,Las Rozas de Madrid
Audi,A6,Diésel,98239.0,180.0,manual,10800,Torremolinos,29620,Málaga,Torremolinos
Audi,A6,Diésel,98239.0,180.0,manual,10800,Torremolinos,29620,Málaga,Torremolinos
Audi,A6,Diésel,98239.0,180.0,manual,10800,Torremolinos,29620,Málaga,Torremolinos
Ford,Tourneo Courier,Diésel,19223.0,95.0,manual,15990,Málaga,29005,Málaga,Málaga
Ford,Tourneo Courier,Gasolina,151802.0,100.0,manual,9990,Córdoba,14003,Córdoba,Córdoba
Ford,Tourneo Courier,Gasolina,151802.0,100.0,manual,8990,Córdoba,14003,Córdoba,Córdoba
Ford,Tourneo Courier,Diésel,33000.0,95.0,manual,13200,Valencia,46002,Valencia,Valencia
BMW,X3,Diésel,163454.0,190.0,automatic,21850,Estepona,29680,Málaga,Estepona
BMW,X3,Diésel,159560.0,190.0,automatic,18990,Málaga,29005,Málaga,Málaga
BMW,X3,Diésel,163454.0,190.0,automatic,21850,Olèrdola,8734,Barcelona,Olèrdola
BMW,X3,Diésel,163454.0,190.0,automatic,21850,Olèrdola,8734,Barcelona,Olèrdola
BMW,X3,Diésel,159560.0,190.0,automatic,18990,Huelva,21004,Huelva,Huelva
BMW,X3,Diésel,144183.0,150.0,manual,10900,Alcalá de Guadaíra,41500,Sevilla,Alcalá de Guadaíra
Ford,Ranger,Diésel,143000.0,160.0,manual,24900,Valls,43800,Tarragona,Valls
Ford,Ranger,Diésel,206537.0,109.0,manual,3900,Tabernas,4200,Almería,Tabernas
Hyundai,ix35,Diésel,169013.0,115.0,manual,13189,Santiago de Compostela,15703,A Coruña,Santiago de Compostela
Hyundai,ix35,Diésel,169013.0,115.0,manual,13189,Granollers,8403,Barcelona,Granollers
Hyundai,ix35,Diésel,46374.0,115.0,manual,14999,Madrid,28014,Madrid,Madrid
Hyundai,ix35,Diésel,46374.0,115.0,manual,14599,Madrid,28014,Madrid,Madrid
Hyundai,ix35,Diésel,169013.0,115.0,manual,13189,Atarrabia,31610,Navarra,Atarrabia
Ford,Tourneo Connect,Diésel,57300.0,120.0,manual,21490,Sevilla,41005,Sevilla,Sevilla
Ford,Tourneo Connect,Diésel,57300.0,120.0,manual,21490,Vigo,36211,Pontevedra,Vigo
Ford,Tourneo Connect,Diésel,57300.0,120.0,manual,21490,Alicante,3010,Alicante,Alicante
Ford,Tourneo Connect,Diésel,57300.0,120.0,manual,21490,Alicante,3010,Murcia,Alicante
Ford,Tourneo Connect,Diésel,57300.0,120.0,manual,21490,Bilbao,48004,Bizkaia,Bilbao
Ford,Tourneo Connect,Diésel,57300.0,120.0,manual,21490,Ullastrell,8231,Barcelona,Ullastrell
Ford,Tourneo Connect,Diésel,57300.0,120.0,manual,21490,Castellón,12001,Castellón,Castellón
Ford,Tourneo Connect,Diésel,57300.0,120.0,manual,21490,Palma de Mallorca,7003,Baleares,Palma de Mallorca
Ford,Tourneo Connect,Diésel,57300.0,120.0,manual,21490,Málaga,29005,Málaga,Málaga
Ford,Tourneo Connect,Diésel,57300.0,120.0,manual,21490,Granada,18005,Granada,Granada
Ford,Tourneo Connect,Diésel,57300.0,120.0,manual,21490,Murcia,30005,Murcia,Murcia
Ford,Tourneo Connect,Diésel,57300.0,120.0,manual,21490,Palau-Solita I Plegamans,8184,Barcelona,Palau-Solita I Plegamans
Ford,Tourneo Connect,Diésel,57300.0,120.0,manual,21490,Palau-Solita I Plegamans,8184,Barcelona,Palau-Solita I Plegamans
Hyundai,ix35,Diésel,169013.0,115.0,manual,13189,Alzira,46600,Valencia,Alzira
Hyundai,ix35,Diésel,169013.0,115.0,manual,13189,Alzira,46600,Valencia,Alzira
Citroen,Jumpy,Diésel,102380.0,95.0,manual,20585,Santiago de Compostela,15703,A Coruña,Santiago de Compostela
Citroen,Jumpy,Diésel,102380.0,95.0,manual,20585,Atarrabia,31610,Navarra,Atarrabia
Citroen,Jumpy,Diésel,102380.0,95.0,manual,20585,Alcalá de Guadaíra,41500,Sevilla,Alcalá de Guadaíra
Citroen,Jumpy,Diésel,102380.0,95.0,manual,20585,Alameda del Obispo,14005,Córdoba,Alameda del Obispo
BMW,X1,Diésel,69094.0,150.0,automatic,24437,Valdepeñas,13300,Ciudad Real,Valdepeñas
BMW,X1,Diésel,69094.0,150.0,automatic,24437,Valdepeñas,13300,Ciudad Real,Valdepeñas
BMW,X1,Diésel,129990.0,143.0,automatic,14990,Sevilla,41005,Sevilla,Sevilla
BMW,X1,Diésel,129990.0,143.0,automatic,14990,Almería,4006,Almería,Almería
BMW,X1,Diésel,69094.0,150.0,automatic,24437,Castello/Castellon de La Plana,12100,Castellón,Castello/Castellon de La Plana
Hyundai,ix35,Diésel,169013.0,115.0,manual,13189,Alcalá de Guadaíra,41500,Sevilla,Alcalá de Guadaíra
Hyundai,ix35,Diésel,87000.0,115.0,manual,13990,Valencia,46009,Valencia,Valencia
BMW,Serie 5,Diésel,147278.0,190.0,automatic,20790,Mercado Parque Corredor del Henares,28850,Madrid,Mercado Parque Corredor del Henares
BMW,Serie 5,Diésel,137000.0,258.0,automatic,34490,Málaga,29005,Málaga,Málaga
BMW,Serie 5,Diésel,137000.0,258.0,automatic,34490,Urbanizacion La Granjilla,28700,Madrid,Urbanizacion La Granjilla
BMW,Serie 5,Diésel,147278.0,190.0,automatic,20790,Alcalá de Guadaíra,41500,Sevilla,Alcalá de Guadaíra
BMW,Serie 5,Diésel,147278.0,190.0,automatic,20790,Mercabilbao,48970,Bizkaia,Mercabilbao
BMW,Serie 5,Diésel,147278.0,190.0,automatic,20790,Puerto de Sagunto,46520,Valencia,Puerto de Sagunto
Fiat,500X,Gasolina,73618.0,140.0,automatic,16100,Sevilla,41004,Sevilla,Sevilla
Fiat,500X,Gasolina,73618.0,140.0,automatic,16100,Viladecans,8840,Barcelona,Viladecans
Fiat,500X,Gasolina,73618.0,140.0,automatic,16100,Almería,4001,Almería,Almería
Fiat,500X,Gasolina,73618.0,140.0,automatic,16100,A Coruña,15003,A Coruña,A Coruña
Fiat,500X,Gasolina,73618.0,140.0,automatic,16100,Donostia-San Sebastián,20005,Gipuzkoa,Donostia-San Sebastián
Fiat,500X,Gasolina,73618.0,140.0,automatic,16100,Zaragoza,50003,Zaragoza,Zaragoza
Fiat,500X,Gasolina,73618.0,140.0,automatic,16100,Murcia,30001,Murcia,Murcia
Fiat,500X,Gasolina,73618.0,140.0,automatic,16100,Toledo,45002,Toledo,Toledo
Fiat,500X,Gasolina,73618.0,140.0,automatic,16100,Málaga,29015,Málaga,Málaga
Fiat,500X,Gasolina,73618.0,140.0,automatic,16100,Huelva,21004,Huelva,Huelva
Fiat,500X,Gasolina,73618.0,140.0,automatic,16100,Leganés,28911,Madrid,Leganés
Fiat,500X,Gasolina,73618.0,140.0,automatic,16100,Madrid,28013,Madrid,Madrid
Fiat,500X,Gasolina,73618.0,140.0,automatic,16100,Valencia,46003,Valencia,Valencia
Fiat,500X,Gasolina,73618.0,140.0,automatic,16100,Sant Cugat del Vallès,8172,Barcelona,Sant Cugat del Vallès
Fiat,500X,Gasolina,73618.0,140.0,automatic,16100,Barcelona,8008,Barcelona,Barcelona
Citroen,Jumpy,Diésel,60892.0,122.0,manual,23850,Sant Boi de Llobregat,8830,Barcelona,Sant Boi de Llobregat
Citroen,Jumpy,Diésel,188000.0,95.0,manual,13980,Santa Coloma de Gramenet,8921,Barcelona,Santa Coloma de Gramenet
Fiat,Bravo,Diésel,129250.0,105.0,manual,7699,Barcelona,8007,Barcelona,Barcelona
Fiat,Bravo,Diésel,129250.0,105.0,manual,7699,Madrid,28014,Madrid,Madrid
Fiat,Freemont,Diésel,126715.0,170.0,automatic,13990,Córdoba,14003,Córdoba,Córdoba
Hyundai,Santa Fe,Diésel,58789.0,200.0,manual,26335,Torremolinos,29620,Málaga,Torremolinos
Hyundai,Santa Fe,Diésel,58789.0,200.0,manual,26335,Torremolinos,29620,Málaga,Torremolinos
Hyundai,Santa Fe,Diésel,58789.0,200.0,manual,26335,Torremolinos,29620,Málaga,Torremolinos
Hyundai,Santa Fe,Diésel,58789.0,200.0,manual,26335,Olèrdola,8734,Barcelona,Olèrdola
Hyundai,Santa Fe,Diésel,58789.0,200.0,manual,26335,Olèrdola,8734,Barcelona,Olèrdola
Hyundai,Santa Fe,Diésel,85645.0,200.0,manual,20990,Córdoba,14003,Córdoba,Córdoba
Hyundai,BAYON,Gasolina,570.0,84.0,manual,15890,Vigo,36211,Pontevedra,Vigo
Hyundai,BAYON,Gasolina,570.0,84.0,manual,15890,Alicante,3010,Alicante,Alicante
Hyundai,BAYON,Gasolina,570.0,84.0,manual,15890,Alicante,3010,Murcia,Alicante
Hyundai,BAYON,Gasolina,570.0,84.0,manual,15890,Almería,4006,Almería,Almería
Hyundai,BAYON,Gasolina,570.0,84.0,manual,15890,Bilbao,48004,Bizkaia,Bilbao
Hyundai,BAYON,Gasolina,570.0,84.0,manual,15890,Salamanca,37008,Salamanca,Salamanca
Hyundai,BAYON,Gasolina,570.0,84.0,manual,15890,Salamanca,37008,Salamanca,Salamanca
Hyundai,BAYON,Gasolina,570.0,84.0,manual,15890,Granada,18005,Granada,Granada
Hyundai,BAYON,Gasolina,570.0,84.0,manual,15890,Murcia,30005,Murcia,Murcia
Hyundai,BAYON,Gasolina,570.0,84.0,manual,15890,Málaga,29005,Málaga,Málaga
Hyundai,BAYON,Gasolina,570.0,84.0,manual,15890,Burgos,9004,Burgos,Burgos
Hyundai,BAYON,Gasolina,570.0,84.0,manual,15890,Burgos,9004,Burgos,Burgos
Ford,C-MAX,Diésel,75296.0,120.0,manual,16290,Madrid,28021,Madrid,Madrid
Ford,C-MAX,Diésel,75296.0,120.0,manual,15690,Madrid,28021,Madrid,Madrid
Ford,C-MAX,Diésel,81159.0,120.0,manual,16990,Saladar,3700,Alicante,Saladar
Ford,C-MAX,Diésel,82124.0,120.0,manual,15200,Granollers,8403,Barcelona,Granollers
Ford,C-MAX,Diésel,82124.0,120.0,manual,15200,Barcelona,8007,Barcelona,Barcelona
Ford,C-MAX,Diésel,82124.0,120.0,manual,15200,Alameda del Obispo,14005,Córdoba,Alameda del Obispo
Ford,C-MAX,Diésel,82124.0,120.0,manual,15200,Mercabilbao,48970,Bizkaia,Mercabilbao
Ford,C-MAX,Diésel,82124.0,120.0,manual,15200,Badajoz,6008,Badajoz,Badajoz
Ford,C-MAX,Diésel,81159.0,120.0,manual,16990,Colonia Pablo Iglesias,28520,Madrid,Colonia Pablo Iglesias
Fiat,Tipo,Gasolina,47100.0,120.0,manual,11990,Alicante,3010,Alicante,Alicante
Fiat,Tipo,Gasolina,47100.0,120.0,manual,11990,Alicante,3010,Murcia,Alicante
Fiat,Tipo,Gasolina,47100.0,120.0,manual,11990,Murcia,30005,Murcia,Murcia
Fiat,Tipo,Gasolina,47100.0,120.0,manual,11990,Òrrius,8317,Barcelona,Òrrius
Fiat,Tipo,Gasolina,47100.0,120.0,manual,11990,Valencia,46001,Valencia,Valencia
Fiat,Tipo,Gasolina,47100.0,120.0,manual,11990,Palma de Mallorca,7003,Baleares,Palma de Mallorca
Fiat,Tipo,Gasolina,47100.0,120.0,manual,11990,Tarragona,43006,Tarragona,Tarragona
Fiat,Tipo,Gasolina,47100.0,120.0,manual,11990,Palau-Solita I Plegamans,8184,Barcelona,Palau-Solita I Plegamans
Fiat,Tipo,Gasolina,47100.0,120.0,manual,11990,Palau-Solita I Plegamans,8184,Barcelona,Palau-Solita I Plegamans
Fiat,500L,Gasolina,103755.0,95.0,manual,12639,Ciudad Real,13003,Ciudad Real,Ciudad Real
Fiat,500L,Gasolina,65756.0,95.0,manual,12600,Sant Vicenç de Montalt,8394,Barcelona,Sant Vicenç de Montalt
Fiat,500L,Gasolina,65756.0,95.0,manual,12600,Olèrdola,8734,Barcelona,Olèrdola
Fiat,500L,Gasolina,65756.0,95.0,manual,12600,Olèrdola,8734,Barcelona,Olèrdola
Fiat,500L,Gasolina,103755.0,95.0,manual,12639,Collado Villalba,28400,Madrid,Collado Villalba
Fiat,500L,Gasolina,103755.0,95.0,manual,12639,Collado Villalba,28400,Madrid,Collado Villalba
Fiat,500L,Gasolina,65756.0,95.0,manual,12600,Santafe,18320,Granada,Santafe
Fiat,500L,Gasolina,65756.0,95.0,manual,12600,Alcobendas,28100,Madrid,Alcobendas
Fiat,500L,Gasolina,103755.0,95.0,manual,12639,Las Rozas de Madrid,28232,Madrid,Las Rozas de Madrid
Dodge,Nitro,Diésel,119153.0,177.0,manual,11900,Ciudad Real,13003,Ciudad Real,Ciudad Real
Dodge,Nitro,Diésel,119153.0,177.0,manual,11900,Sant Vicenç de Montalt,8394,Barcelona,Sant Vicenç de Montalt
Dodge,Nitro,Diésel,119153.0,177.0,manual,11900,Valdepeñas,13300,Ciudad Real,Valdepeñas
Dodge,Nitro,Diésel,119153.0,177.0,manual,11900,Valdepeñas,13300,Ciudad Real,Valdepeñas
Fiat,500,Diésel,98325.0,95.0,manual,8990,Madrid,28021,Madrid,Madrid
Fiat,500,Gasolina,59985.0,69.0,manual,9990,Valencia,46001,Valencia,Valencia
Fiat,500,Gasolina,59985.0,69.0,manual,9990,Ullastrell,8231,Barcelona,Ullastrell
Dodge,Nitro,Diésel,119153.0,177.0,manual,11900,Santa Maria del Aguila,4710,Almería,Santa Maria del Aguila
Dodge,Nitro,Diésel,119153.0,177.0,manual,11900,Badajoz,6008,Badajoz,Badajoz
Dodge,Nitro,Diésel,119153.0,177.0,manual,11900,Santiago de Compostela,15703,A Coruña,Santiago de Compostela
Fiat,500,Gasolina,55000.0,69.0,manual,308,Barcelona,8009,Barcelona,Barcelona
Fiat,500,Gasolina,95000.0,69.0,automatic,10900,Conil de la Frontera,11140,Cádiz,Conil de la Frontera
Fiat,500,Gasolina,41556.0,69.0,manual,12990,Ciudad Real,13003,Ciudad Real,Ciudad Real
Fiat,500,Gasolina,41556.0,69.0,manual,12990,Saladar,3700,Alicante,Saladar
Fiat,500,Gasolina,41556.0,69.0,manual,12990,Vigo,36214,Pontevedra,Vigo
Fiat,500,Gasolina,41556.0,69.0,manual,12990,Murcia,30003,Murcia,Murcia
Fiat,500,Gasolina,115997.0,69.0,automatic,10490,Almería,4006,Almería,Almería
Fiat,500,Gasolina,115997.0,69.0,automatic,10490,Salamanca,37008,Salamanca,Salamanca
Fiat,500,Gasolina,115997.0,69.0,automatic,10490,Salamanca,37008,Salamanca,Salamanca
Fiat,500,Gasolina,76136.0,69.0,manual,8990,Palma de Mallorca,7003,Baleares,Palma de Mallorca
Fiat,500,Gasolina,63154.0,70.0,manual,11999,Madrid,28014,Madrid,Madrid
Fiat,500,Gasolina,63154.0,70.0,manual,11699,Madrid,28014,Madrid,Madrid
Fiat,500L,Gasolina,15179.0,95.0,manual,18400,Santa Maria del Aguila,4710,Almería,Santa Maria del Aguila
Fiat,500L,Gasolina,103755.0,95.0,manual,12639,Santiago de Compostela,15703,A Coruña,Santiago de Compostela
Fiat,500L,Gasolina,65756.0,95.0,manual,12600,Santiago de Compostela,15703,A Coruña,Santiago de Compostela
Fiat,500L,Diésel,37377.0,95.0,automatic,18285,Santiago de Compostela,15703,A Coruña,Santiago de Compostela
Fiat,500L,Gasolina,65756.0,95.0,manual,12600,Vigo,36214,Pontevedra,Vigo
Fiat,500L,Gasolina,15179.0,95.0,manual,18400,Sant Vicenç de Montalt,8394,Barcelona,Sant Vicenç de Montalt
Fiat,Talento,Diésel,148101.0,120.0,manual,19990,Vigo,36211,Pontevedra,Vigo
Fiat,500L,Gasolina,15179.0,95.0,manual,18400,Murcia,30003,Murcia,Murcia
Fiat,Talento,Diésel,148101.0,120.0,manual,19990,Bilbao,48004,Bizkaia,Bilbao
Fiat,Talento,Diésel,148101.0,120.0,manual,19990,Algeciras,11202,Cádiz,Algeciras
Fiat,Talento,Diésel,148101.0,120.0,manual,19990,Valencia,46001,Valencia,Valencia
Fiat,Tipo,Diésel,81000.0,119.0,manual,318,Valencia,46005,Valencia,Valencia
Fiat,Tipo,Gasolina,58379.0,95.0,manual,10999,Barcelona,8007,Barcelona,Barcelona
Hyundai,Trajet,Diésel,214000.0,112.0,manual,2200,Gavà,8850,Barcelona,Gavà
Fiat,Punto,Gasolina,158466.0,69.0,manual,5990,Murcia,30005,Murcia,Murcia
Fiat,Doblò,Diésel,136000.0,95.0,manual,9899,Muxa,27192,Lugo,Muxa
Mercedes-Benz,Clase E,Gasolina,100000.0,272.0,automatic,11990,Madrid,28019,Madrid,Madrid
Fiat,Panda,Gasolina,69400.0,69.0,manual,6990,Sevilla,41005,Sevilla,Sevilla
Fiat,Panda,Gasolina,69400.0,69.0,manual,6990,Almería,4006,Almería,Almería
Fiat,Panda,Gasolina,69400.0,69.0,manual,6990,Badajoz,6003,Badajoz,Badajoz
Fiat,Panda,Gasolina,69400.0,69.0,manual,6990,Málaga,29005,Málaga,Málaga
Fiat,Panda,Gasolina,69400.0,69.0,manual,6990,Murcia,30005,Murcia,Murcia
Fiat,500X,Diésel,145319.0,120.0,manual,12450,Santa Maria del Aguila,4710,Almería,Santa Maria del Aguila
Fiat,500X,Diésel,145319.0,120.0,manual,12450,Zaragoza,50013,Zaragoza,Zaragoza
Fiat,500X,Diésel,145319.0,120.0,manual,12450,Collado Villalba,28400,Madrid,Collado Villalba
Fiat,500X,Diésel,145319.0,120.0,manual,12450,Collado Villalba,28400,Madrid,Collado Villalba
Fiat,500X,Diésel,145319.0,120.0,manual,12450,Alicante,3007,Alicante,Alicante
Fiat,500X,Otros,38700.0,120.0,manual,16900,Antequera,29200,Málaga,Antequera
Fiat,500X,Otros,38700.0,120.0,manual,17900,Antequera,29200,Málaga,Antequera
Fiat,500X,Otros,38700.0,120.0,manual,16900,Málaga,29006,Málaga,Málaga
Fiat,500X,Otros,38700.0,120.0,manual,18200,Málaga,29006,Málaga,Málaga
Volkswagen,Passat,Diésel,233859.0,100.0,manual,2240,Madrid,28026,Madrid,Madrid
Volkswagen,Passat,Diésel,72000.0,149.0,manual,592,Barcelona,8007,Barcelona,Barcelona
Fiat,Fiorino,Diésel,111000.0,80.0,manual,154,Madrid,28009,Madrid,Madrid
Fiat,Fiorino,Diésel,111000.0,80.0,manual,208,Barcelona,8009,Barcelona,Barcelona
Fiat,Fiorino,Diésel,124940.0,80.0,manual,7490,Madrid,28021,Madrid,Madrid
Ford,C-MAX,Gasolina,56031.0,125.0,manual,17520,Valdepeñas,13300,Ciudad Real,Valdepeñas
Ford,C-MAX,Gasolina,56031.0,125.0,manual,17520,Valdepeñas,13300,Ciudad Real,Valdepeñas
Ford,C-MAX,Gasolina,56031.0,125.0,manual,17520,Sant Vicenç de Montalt,8394,Barcelona,Sant Vicenç de Montalt
Ford,C-MAX,Gasolina,56031.0,125.0,manual,17520,Santa Maria del Aguila,4710,Almería,Santa Maria del Aguila
Ford,C-MAX,Gasolina,56031.0,125.0,manual,17520,Alameda del Obispo,14005,Córdoba,Alameda del Obispo
Ford,C-MAX,Gasolina,56031.0,125.0,manual,17520,Castello/Castellon de La Plana,12100,Castellón,Castello/Castellon de La Plana
Ford,C-MAX,Gasolina,56031.0,125.0,manual,17520,Torremolinos,29620,Málaga,Torremolinos
Ford,C-MAX,Gasolina,56031.0,125.0,manual,17520,Torremolinos,29620,Málaga,Torremolinos
Ford,C-MAX,Gasolina,56031.0,125.0,manual,17520,Torremolinos,29620,Málaga,Torremolinos
Ford,C-MAX,Gasolina,56031.0,125.0,manual,17520,Mercabilbao,48970,Bizkaia,Mercabilbao
Ford,C-MAX,Gasolina,56031.0,125.0,manual,17520,Colonia Pablo Iglesias,28520,Madrid,Colonia Pablo Iglesias
Ford,C-MAX,Gasolina,56031.0,125.0,manual,17520,Puerto de Sagunto,46520,Valencia,Puerto de Sagunto
Ford,C-MAX,Gasolina,56031.0,125.0,manual,17520,Alicante,3007,Alicante,Alicante
Volkswagen,Passat,Gasolina,141000.0,160.0,manual,9990,Bilbao,48004,Bizkaia,Bilbao
Volkswagen,Passat,Diésel,260000.0,110.0,manual,4600,Madrid,28018,Madrid,Madrid
BMW,Serie 3,Diésel,140593.0,150.0,automatic,16990,Burgos,9004,Burgos,Burgos
BMW,Serie 3,Diésel,140593.0,150.0,automatic,16990,Burgos,9004,Burgos,Burgos
BMW,Serie 3,Diésel,140593.0,150.0,automatic,15990,Burgos,9004,Burgos,Burgos
BMW,Serie 3,Diésel,140593.0,150.0,automatic,15990,Burgos,9004,Burgos,Burgos
BMW,Serie 3,Diésel,140593.0,150.0,automatic,16990,Salamanca,37008,Salamanca,Salamanca
BMW,Serie 3,Diésel,140593.0,150.0,automatic,16990,Salamanca,37008,Salamanca,Salamanca
BMW,Serie 3,Diésel,140593.0,150.0,automatic,15990,Salamanca,37008,Salamanca,Salamanca
BMW,Serie 3,Diésel,140593.0,150.0,automatic,15990,Salamanca,37008,Salamanca,Salamanca
BMW,Serie 3,Diésel,140593.0,150.0,automatic,16990,Valladolid,47006,Valladolid,Valladolid
BMW,Serie 3,Diésel,140593.0,150.0,automatic,15990,Valladolid,47006,Valladolid,Valladolid
BMW,Serie 1,Diésel,66894.0,150.0,automatic,21677,Santa Maria del Aguila,4710,Almería,Santa Maria del Aguila
BMW,Serie 1,Gasolina,60252.0,136.0,automatic,29450,Santa Maria del Aguila,4710,Almería,Santa Maria del Aguila
BMW,Serie 1,Gasolina,43040.0,136.0,automatic,29750,Santa Maria del Aguila,4710,Almería,Santa Maria del Aguila
BMW,Serie 1,Diésel,66894.0,150.0,automatic,21677,Ciudad Real,13003,Ciudad Real,Ciudad Real
BMW,Serie 1,Gasolina,43040.0,136.0,automatic,29750,Ciudad Real,13003,Ciudad Real,Ciudad Real
BMW,Serie 1,Diésel,66894.0,150.0,automatic,21677,Santiago de Compostela,15703,A Coruña,Santiago de Compostela
BMW,Serie 1,Gasolina,43040.0,136.0,automatic,29750,Santiago de Compostela,15703,A Coruña,Santiago de Compostela
BMW,Serie 1,Diésel,66894.0,150.0,automatic,21677,Valdepeñas,13300,Ciudad Real,Valdepeñas
BMW,Serie 1,Diésel,66894.0,150.0,automatic,21677,Valdepeñas,13300,Ciudad Real,Valdepeñas
BMW,Serie 1,Gasolina,60252.0,136.0,automatic,29450,Valdepeñas,13300,Ciudad Real,Valdepeñas
BMW,Serie 1,Gasolina,60252.0,136.0,automatic,29450,Valdepeñas,13300,Ciudad Real,Valdepeñas
BMW,Serie 1,Diésel,66894.0,150.0,automatic,21677,Saladar,3700,Alicante,Saladar
BMW,Serie 1,Diésel,66894.0,150.0,automatic,21677,Mercado Parque Corredor del Henares,28850,Madrid,Mercado Parque Corredor del Henares
BMW,Serie 1,Gasolina,60252.0,136.0,automatic,29450,Saladar,3700,Alicante,Saladar
BMW,Serie 1,Gasolina,43040.0,136.0,automatic,29750,Saladar,3700,Alicante,Saladar
BMW,Serie 1,Gasolina,60252.0,136.0,automatic,29450,Mercado Parque Corredor del Henares,28850,Madrid,Mercado Parque Corredor del Henares
BMW,Serie 1,Gasolina,43040.0,136.0,automatic,29750,Mercado Parque Corredor del Henares,28850,Madrid,Mercado Parque Corredor del Henares
BMW,Serie 1,Diésel,66894.0,150.0,automatic,21677,Vigo,36214,Pontevedra,Vigo
BMW,Serie 1,Gasolina,60252.0,136.0,automatic,29450,Vigo,36214,Pontevedra,Vigo
BMW,Serie 1,Gasolina,43040.0,136.0,automatic,29750,Vigo,36214,Pontevedra,Vigo
BMW,Serie 3,Diésel,101909.0,163.0,manual,13900,Alameda del Obispo,14005,Córdoba,Alameda del Obispo
BMW,Serie 3,Diésel,101909.0,163.0,manual,13900,Alcobendas,28100,Madrid,Alcobendas
Fiat,Tipo,Diésel,96000.0,120.0,manual,10500,Alcalá de Henares,28802,Madrid,Alcalá de Henares
Fiat,Tipo,Diésel,96000.0,120.0,manual,9500,Alcalá de Henares,28802,Madrid,Alcalá de Henares
Fiat,Tipo,Diésel,93754.0,120.0,manual,10490,Sevilla,41005,Sevilla,Sevilla
Ford,Fusion,Diésel,160000.0,68.0,manual,2600,Almería,4007,Almería,Almería
Ford,Fusion,Diésel,160000.0,68.0,manual,2500,Almería,4007,Almería,Almería
Ford,B-MAX,Diésel,68047.0,95.0,manual,12485,Santa Maria del Aguila,4710,Almería,Santa Maria del Aguila
Ford,B-MAX,Diésel,68047.0,95.0,manual,12485,Castello/Castellon de La Plana,12100,Castellón,Castello/Castellon de La Plana
Ford,B-MAX,Diésel,68047.0,95.0,manual,12485,Alzira,46600,Valencia,Alzira
Ford,B-MAX,Diésel,68047.0,95.0,manual,12485,Alzira,46600,Valencia,Alzira
Ford,B-MAX,Diésel,68047.0,95.0,manual,12485,Hidraulica Santillana,28770,Madrid,Hidraulica Santillana
BMW,Serie 3,Gasolina,45121.0,184.0,automatic,26335,Santa Maria del Aguila,4710,Almería,Santa Maria del Aguila
BMW,Serie 3,Gasolina,45121.0,184.0,automatic,26335,Ciudad Real,13003,Ciudad Real,Ciudad Real
BMW,Serie 3,Gasolina,45121.0,184.0,automatic,26335,Santiago de Compostela,15703,A Coruña,Santiago de Compostela
BMW,Serie 3,Gasolina,45121.0,184.0,automatic,26335,Valdepeñas,13300,Ciudad Real,Valdepeñas
BMW,Serie 3,Gasolina,45121.0,184.0,automatic,26335,Valdepeñas,13300,Ciudad Real,Valdepeñas
BMW,Serie 3,Gasolina,45121.0,184.0,automatic,26335,Saladar,3700,Alicante,Saladar
BMW,Serie 3,Gasolina,45121.0,184.0,automatic,26335,Mercado Parque Corredor del Henares,28850,Madrid,Mercado Parque Corredor del Henares
BMW,Serie 3,Gasolina,45121.0,184.0,automatic,26335,Vigo,36214,Pontevedra,Vigo
Ford,Focus,Diésel,91464.0,120.0,manual,11590,Almería,4006,Almería,Almería
BMW,Serie 2,Diésel,70385.0,150.0,manual,22885,Santa Maria del Aguila,4710,Almería,Santa Maria del Aguila
BMW,Serie 2,Diésel,70385.0,150.0,manual,22885,Santiago de Compostela,15703,A Coruña,Santiago de Compostela
BMW,Serie 2,Diésel,70385.0,150.0,manual,22885,Valdepeñas,13300,Ciudad Real,Valdepeñas
BMW,Serie 2,Diésel,70385.0,150.0,manual,22885,Valdepeñas,13300,Ciudad Real,Valdepeñas
BMW,Serie 2,Diésel,70385.0,150.0,manual,22885,Saladar,3700,Alicante,Saladar
BMW,Serie 2,Diésel,70385.0,150.0,manual,22885,Mercado Parque Corredor del Henares,28850,Madrid,Mercado Parque Corredor del Henares
BMW,Serie 2,Diésel,70385.0,150.0,manual,22885,Vigo,36214,Pontevedra,Vigo
BMW,Serie 2,Diésel,33695.0,150.0,automatic,22500,Sevilla,41004,Sevilla,Sevilla
BMW,Serie 2,Diésel,70385.0,150.0,manual,22885,Sant Vicenç de Montalt,8394,Barcelona,Sant Vicenç de Montalt
BMW,Serie 2,Diésel,33695.0,150.0,automatic,22500,Barcelona,8008,Barcelona,Barcelona
BMW,Serie 2,Diésel,70385.0,150.0,manual,22885,Estepona,29680,Málaga,Estepona
Fiat,Tipo,Diésel,93754.0,120.0,manual,10490,Valencia,46001,Valencia,Valencia
BMW,Serie 2,Diésel,70385.0,150.0,manual,22885,Olèrdola,8734,Barcelona,Olèrdola
BMW,Serie 2,Diésel,70385.0,150.0,manual,22885,Olèrdola,8734,Barcelona,Olèrdola
BMW,Serie 2,Diésel,33695.0,150.0,automatic,22500,Viladecans,8840,Barcelona,Viladecans
BMW,Serie 2,Diésel,33695.0,150.0,automatic,22500,Urbanitzacio El Medol,43150,Tarragona,Urbanitzacio El Medol
BMW,Serie 2,Diésel,33695.0,150.0,automatic,22500,Alcalá de Henares,28801,Madrid,Alcalá de Henares
BMW,Serie 2,Diésel,33695.0,150.0,automatic,22500,A Coruña,15003,A Coruña,A Coruña
BMW,Serie 2,Diésel,33695.0,150.0,automatic,22500,Donostia-San Sebastián,20005,Gipuzkoa,Donostia-San Sebastián
BMW,Serie 2,Diésel,33695.0,150.0,automatic,22500,Zaragoza,50003,Zaragoza,Zaragoza
Fiat,Tipo,Diésel,93754.0,120.0,manual,10490,Málaga,29005,Málaga,Málaga
Ford,Transit Courier,Diésel,47120.0,75.0,manual,12990,Murcia,30005,Murcia,Murcia
Ford,Transit Courier,Diésel,47120.0,75.0,manual,12990,Valencia,46001,Valencia,Valencia
Ford,Transit Courier,Diésel,47120.0,75.0,manual,12990,Camarma de Esteruelas,28816,Madrid,Camarma de Esteruelas
Ford,Transit Courier,Diésel,47120.0,75.0,manual,12990,Camarma de Esteruelas,28816,Madrid,Camarma de Esteruelas
Ford,Mustang,Gasolina,57260.0,418.0,manual,36500,Murcia,30003,Murcia,Murcia
Ford,Mustang,Gasolina,84000.0,418.0,manual,37800,Sabadell,8205,Barcelona,Sabadell
Ford,Mustang,Gasolina,107619.0,314.0,manual,29490,Alicante,3010,Alicante,Alicante
Ford,Mustang,Gasolina,107619.0,314.0,manual,29490,Alicante,3010,Murcia,Alicante
Ford,Mustang,Gasolina,107619.0,314.0,manual,28490,Alicante,3010,Alicante,Alicante
Ford,Mustang,Gasolina,107619.0,314.0,manual,28490,Alicante,3010,Murcia,Alicante
Ford,Mustang,Gasolina,33800.0,314.0,manual,32490,Alicante,3010,Alicante,Alicante
Ford,Mustang,Gasolina,33800.0,314.0,manual,32490,Alicante,3010,Murcia,Alicante
Ford,Mustang,Gasolina,32990.0,421.0,automatic,34490,Valencia,46001,Valencia,Valencia
Ford,Mustang,Gasolina,32990.0,421.0,automatic,34490,Murcia,30005,Murcia,Murcia
Ford,Mustang,Gasolina,32990.0,421.0,automatic,34490,Granada,18005,Granada,Granada
BMW,Serie 6,Diésel,92000.0,313.0,automatic,39900,Alzira,46600,Valencia,Alzira
BMW,Serie 6,Diésel,92000.0,313.0,automatic,39900,Alzira,46600,Valencia,Alzira
Ford,Transit Custom,Diésel,127042.0,170.0,manual,373,Alcalá de Henares,28801,Madrid,Alcalá de Henares
Skoda,Octavia,Diésel,111000.0,115.0,manual,390,Barcelona,8009,Barcelona,Barcelona
Skoda,Octavia,Diésel,164080.0,105.0,manual,6990,Bilbao,48004,Bizkaia,Bilbao
Skoda,Octavia,Diésel,232000.0,90.0,manual,2490,Montequinto,41089,Sevilla,Montequinto
BMW,Serie 4,Diésel,74024.0,190.0,automatic,23490,Málaga,29005,Málaga,Málaga
BMW,Serie 4,Diésel,74024.0,190.0,automatic,23490,Urbanizacion La Granjilla,28700,Madrid,Urbanizacion La Granjilla
BMW,Serie 4,Diésel,74024.0,190.0,automatic,23490,Vigo,36211,Pontevedra,Vigo
BMW,X2,Diésel,40557.0,150.0,automatic,27887,Santa Maria del Aguila,4710,Almería,Santa Maria del Aguila
BMW,X2,Diésel,40557.0,150.0,automatic,27887,Santiago de Compostela,15703,A Coruña,Santiago de Compostela
BMW,X2,Diésel,40557.0,150.0,automatic,27887,Valdepeñas,13300,Ciudad Real,Valdepeñas
BMW,X2,Diésel,40557.0,150.0,automatic,27887,Valdepeñas,13300,Ciudad Real,Valdepeñas
BMW,X2,Diésel,40557.0,150.0,automatic,27887,Saladar,3700,Alicante,Saladar
BMW,X2,Diésel,40557.0,150.0,automatic,27887,Mercado Parque Corredor del Henares,28850,Madrid,Mercado Parque Corredor del Henares
BMW,X2,Diésel,40557.0,150.0,automatic,27887,Vigo,36214,Pontevedra,Vigo
BMW,X2,Diésel,40557.0,150.0,automatic,27887,Sant Vicenç de Montalt,8394,Barcelona,Sant Vicenç de Montalt
BMW,X2,Diésel,40557.0,150.0,automatic,27887,Granollers,8403,Barcelona,Granollers
BMW,X2,Diésel,40557.0,150.0,automatic,27887,Murcia,30003,Murcia,Murcia
BMW,X2,Diésel,40557.0,150.0,automatic,27887,Estepona,29680,Málaga,Estepona
BMW,X2,Diésel,77468.0,150.0,automatic,27140,Barcelona,8007,Barcelona,Barcelona
BMW,X2,Diésel,40557.0,150.0,automatic,27887,Barcelona,8007,Barcelona,Barcelona
BMW,X2,Diésel,40557.0,150.0,automatic,27887,Colonia Pablo Iglesias,28520,Madrid,Colonia Pablo Iglesias
BMW,X2,Diésel,40557.0,150.0,automatic,27887,Las Rozas de Madrid,28232,Madrid,Las Rozas de Madrid
BMW,X2,Diésel,40557.0,150.0,automatic,27887,Torremolinos,29620,Málaga,Torremolinos
BMW,X2,Diésel,40557.0,150.0,automatic,27887,Torremolinos,29620,Málaga,Torremolinos
BMW,X2,Diésel,40557.0,150.0,automatic,27887,Torremolinos,29620,Málaga,Torremolinos
BMW,X2,Diésel,77468.0,150.0,automatic,27140,Santafe,18320,Granada,Santafe
Ford,Fiesta,Gasolina,78815.0,100.0,manual,12990,Sevilla,41005,Sevilla,Sevilla
Ford,Fiesta,Gasolina,78815.0,100.0,manual,12990,Málaga,29005,Málaga,Málaga
Mazda,5,Gasolina,71125.0,150.0,manual,13900,Málaga,29004,Málaga,Málaga
Mazda,5,Diésel,150000.0,143.0,manual,4999,San Sebastián de Los Reyes,28700,Madrid,San Sebastián de Los Reyes
BMW,Serie 5,Diésel,107000.0,190.0,manual,683,Sevilla,41018,Sevilla,Sevilla
BMW,Serie 5,Diésel,223000.0,177.0,manual,6500,Madrid,28010,Madrid,Madrid
BMW,Serie 5,Diésel,281000.0,143.0,manual,3500,Mula,30170,Murcia,Mula
BMW,Serie 5,Diésel,190000.0,184.0,automatic,17500,Poligono Los Villares Reina,37184,Salamanca,Poligono Los Villares Reina
Ford,EcoSport,Diésel,115865.0,91.0,manual,11935,Atarrabia,31610,Navarra,Atarrabia
Ford,EcoSport,Diésel,115865.0,91.0,manual,11935,Estepona,29680,Málaga,Estepona
Ford,EcoSport,Diésel,115865.0,91.0,manual,11935,Alcobendas,28100,Madrid,Alcobendas
Ford,EcoSport,Diésel,115865.0,91.0,manual,11935,Las Rozas de Madrid,28232,Madrid,Las Rozas de Madrid
Ford,EcoSport,Diésel,115865.0,91.0,manual,11935,Hidraulica Santillana,28770,Madrid,Hidraulica Santillana
BMW,i3,Eléctrico,65.0,170.0,automatic,20990,Logroño,26001,La Rioja,Logroño
Ford,Mondeo Vignale,Eléctrico,27000.0,187.0,automatic,23300,Bormujos,41930,Sevilla,Bormujos
Ford,Mondeo Vignale,Eléctrico,27000.0,187.0,automatic,23300,Valencia,46002,Valencia,Valencia
Ford,Grand C-MAX,Diésel,99950.0,149.0,manual,213,Barcelona,8007,Barcelona,Barcelona
Ford,Grand C-MAX,Diésel,99950.0,149.0,manual,410,Valencia,46005,Valencia,Valencia
Peugeot,307,Diésel,412890.0,90.0,manual,1290,Madrid,28026,Madrid,Madrid
BMW,X1,Gasolina,99950.0,140.0,manual,319,Gandía,46701,Valencia,Gandía
BMW,X1,Diésel,56000.0,190.0,manual,789,Valencia,46005,Valencia,Valencia
BMW,X1,Diésel,99000.0,150.0,manual,20490,Málaga,29005,Málaga,Málaga
BMW,X1,Diésel,99000.0,150.0,manual,20490,Collado Villalba,28400,Madrid,Collado Villalba
BMW,X1,Diésel,99000.0,150.0,manual,20490,Collado Villalba,28400,Madrid,Collado Villalba
BMW,X1,Diésel,25654.0,150.0,automatic,35638,Barcelona,8007,Barcelona,Barcelona
BMW,X1,Diésel,99000.0,150.0,manual,20490,Toledo,45002,Toledo,Toledo
BMW,X1,Diésel,99000.0,150.0,manual,20490,Villaviciosa de Odón,28670,Madrid,Villaviciosa de Odón
BMW,X1,Diésel,99000.0,150.0,manual,20490,Fuenlabrada,28947,Madrid,Fuenlabrada
BMW,X1,Diésel,99000.0,150.0,manual,20490,Colonia Pablo Iglesias,28520,Madrid,Colonia Pablo Iglesias
BMW,X1,Diésel,99000.0,150.0,manual,20490,Camarma de Esteruelas,28816,Madrid,Camarma de Esteruelas
BMW,X1,Diésel,99000.0,150.0,manual,20490,Camarma de Esteruelas,28816,Madrid,Camarma de Esteruelas
BMW,X1,Diésel,25654.0,150.0,automatic,35638,Colonia Pablo Iglesias,28520,Madrid,Colonia Pablo Iglesias
BMW,X1,Diésel,25654.0,150.0,automatic,35638,Las Rozas de Madrid,28232,Madrid,Las Rozas de Madrid
Honda,Civic,Gasolina,30548.0,129.0,manual,18090,Almería,4006,Almería,Almería
Honda,Civic,Gasolina,30548.0,129.0,manual,18090,Alicante,3010,Alicante,Alicante
Honda,Civic,Gasolina,30548.0,129.0,manual,18090,Alicante,3010,Murcia,Alicante
Honda,Civic,Gasolina,69967.0,182.0,automatic,22499,Barcelona,8007,Barcelona,Barcelona
Honda,Civic,Gasolina,30548.0,129.0,manual,18090,Fuenlabrada,28947,Madrid,Fuenlabrada
Honda,Civic,Gasolina,30548.0,129.0,manual,18090,Colonia Pablo Iglesias,28520,Madrid,Colonia Pablo Iglesias
Honda,Civic,Gasolina,30548.0,129.0,manual,18090,Bilbao,48004,Bizkaia,Bilbao
Honda,Civic,Gasolina,30548.0,129.0,manual,18090,Sevilla,41005,Sevilla,Sevilla
Honda,Civic,Gasolina,30548.0,129.0,manual,18090,Málaga,29005,Málaga,Málaga
Honda,Civic,Gasolina,30548.0,129.0,manual,18090,Camarma de Esteruelas,28816,Madrid,Camarma de Esteruelas
Honda,Civic,Gasolina,30548.0,129.0,manual,18090,Camarma de Esteruelas,28816,Madrid,Camarma de Esteruelas
Honda,Civic,Gasolina,30548.0,129.0,manual,18090,Urbanizacion La Granjilla,28700,Madrid,Urbanizacion La Granjilla
BMW,X3,Diésel,245000.0,150.0,manual,5999,Terrassa,8221,Barcelona,Terrassa
BMW,X3,Diésel,58000.0,190.0,manual,341,Madrid,28009,Madrid,Madrid
BMW,X3,Diésel,169000.0,184.0,automatic,15490,Urbanizacion Calipo,28600,Madrid,Urbanizacion Calipo
Mercedes-Benz,GLA,Diésel,131724.0,110.0,manual,16900,Málaga,29004,Málaga,Málaga
Mercedes-Benz,GLA,Diésel,192189.0,136.0,automatic,18800,Beade,36312,Pontevedra,Beade
Mercedes-Benz,GLA,Diésel,98000.0,170.0,automatic,26900,Barcelona,8007,Barcelona,Barcelona
Volkswagen,Sharan,Diésel,100000.0,150.0,automatic,26900,Utrera,41710,Sevilla,Utrera
Hyundai,i30,Gasolina,50000.0,100.0,manual,11900,Ciudad Deportiva del Jarama,28709,Madrid,Ciudad Deportiva del Jarama
Hyundai,i30,Diésel,104522.0,110.0,manual,13299,Madrid,28014,Madrid,Madrid
Hyundai,i30,Diésel,128467.0,90.0,manual,11199,Madrid,28014,Madrid,Madrid
Hyundai,i30,Gasolina,80921.0,120.0,manual,14999,Barcelona,8007,Barcelona,Barcelona
Hyundai,i30,Gasolina,80921.0,120.0,manual,14999,Madrid,28014,Madrid,Madrid
Mercedes-Benz,SLK,Gasolina,199000.0,163.0,manual,10950,Torrellano,3320,Alicante,Torrellano
Mercedes-Benz,SLK,Gasolina,139000.0,163.0,manual,12800,Sabadell,8203,Barcelona,Sabadell
Mercedes-Benz,Clase S,Gasolina,149000.0,279.0,automatic,4999,Barcelona,8030,Barcelona,Barcelona
Hyundai,ix35,Diésel,200000.0,115.0,manual,11800,Ciudad Deportiva del Jarama,28709,Madrid,Ciudad Deportiva del Jarama
Hyundai,ix35,Diésel,180000.0,136.0,manual,9900,Ciudad Deportiva del Jarama,28709,Madrid,Ciudad Deportiva del Jarama
Mercedes-Benz,Clase C,Diésel,50039.0,160.0,automatic,36685,Valdepeñas,13300,Ciudad Real,Valdepeñas
Mercedes-Benz,Clase C,Diésel,50039.0,160.0,automatic,36685,Valdepeñas,13300,Ciudad Real,Valdepeñas
Mercedes-Benz,Clase C,Diésel,50039.0,160.0,automatic,36685,Saladar,3700,Alicante,Saladar
Mercedes-Benz,Clase C,Diésel,50039.0,160.0,automatic,36685,Mercado Parque Corredor del Henares,28850,Madrid,Mercado Parque Corredor del Henares
Mercedes-Benz,Clase C,Diésel,50039.0,160.0,automatic,36685,Vigo,36214,Pontevedra,Vigo
Mercedes-Benz,Clase C,Gasolina,79994.0,211.0,automatic,27600,Sevilla,41004,Sevilla,Sevilla
Mercedes-Benz,Clase C,Diésel,50039.0,160.0,automatic,36685,Murcia,30003,Murcia,Murcia
Mercedes-Benz,Clase C,Diésel,50039.0,160.0,automatic,36685,Estepona,29680,Málaga,Estepona
Mercedes-Benz,Clase C,Diésel,50039.0,160.0,automatic,36685,Olèrdola,8734,Barcelona,Olèrdola
Mercedes-Benz,Clase C,Diésel,50039.0,160.0,automatic,36685,Olèrdola,8734,Barcelona,Olèrdola
Mercedes-Benz,Clase C,Gasolina,79994.0,211.0,automatic,27600,Viladecans,8840,Barcelona,Viladecans
Mercedes-Benz,Clase C,Gasolina,79994.0,211.0,automatic,27600,Barcelona,8013,Barcelona,Barcelona
Mercedes-Benz,Clase C,Diésel,50039.0,160.0,automatic,36685,Barcelona,8007,Barcelona,Barcelona
Mercedes-Benz,Clase C,Gasolina,79994.0,211.0,automatic,27600,Urbanitzacio El Medol,43150,Tarragona,Urbanitzacio El Medol
Mercedes-Benz,Clase C,Gasolina,79994.0,211.0,automatic,27600,Alcalá de Henares,28801,Madrid,Alcalá de Henares
Mercedes-Benz,Clase C,Gasolina,79994.0,211.0,automatic,27600,Granada,18002,Granada,Granada
Mercedes-Benz,Clase C,Gasolina,79994.0,211.0,automatic,27600,Zaragoza,50003,Zaragoza,Zaragoza
Volkswagen,Caravelle,Diésel,252000.0,102.0,manual,22900,Prado del Rey,11660,Cádiz,Prado del Rey
Volkswagen,Caravelle,Diésel,36856.0,110.0,manual,36990,Barcelona,8036,Barcelona,Barcelona
Volkswagen,Caravelle,Diésel,41000.0,110.0,manual,36990,Barcelona,8036,Barcelona,Barcelona
Mazda,CX-3,Gasolina,11503.0,121.0,manual,23499,Madrid,28014,Madrid,Madrid
Mazda,CX-3,Gasolina,11503.0,121.0,manual,22999,Madrid,28014,Madrid,Madrid
Mercedes-Benz,Vito,Diésel,330000.0,82.0,manual,2990,Coslada,28823,Madrid,Coslada
Volkswagen,Caravelle,Diésel,98000.0,120.0,manual,26990,Mataró,8302,Barcelona,Mataró
Mazda,5,Diésel,260000.0,115.0,manual,3990,Gamarra Menor,1510,Álava,Gamarra Menor
Mazda,5,Diésel,260000.0,115.0,manual,3990,Gamarra Menor,1510,Álava,Gamarra Menor
Mazda,5,Diésel,260000.0,115.0,manual,3990,Gamarra Menor,1510,Álava,Gamarra Menor
Mazda,3,Diésel,120256.0,150.0,manual,15500,Málaga,29004,Málaga,Málaga
Mazda,3,Diésel,148000.0,109.0,manual,5500,Alcalá de Henares,28801,Madrid,Alcalá de Henares
Mercedes-Benz,CL Coupe,Gasolina,138000.0,388.0,automatic,22990,Málaga,29005,Málaga,Málaga
Mazda,CX-30,Gasolina,43589.0,122.0,manual,24955,Valdepeñas,13300,Ciudad Real,Valdepeñas
Mazda,CX-30,Gasolina,43589.0,122.0,manual,24955,Valdepeñas,13300,Ciudad Real,Valdepeñas
Mazda,CX-30,Gasolina,43589.0,122.0,manual,24955,Sant Vicenç de Montalt,8394,Barcelona,Sant Vicenç de Montalt
Mazda,CX-30,Gasolina,43589.0,122.0,manual,24955,Santa Maria del Aguila,4710,Almería,Santa Maria del Aguila
Mazda,CX-30,Gasolina,43589.0,122.0,manual,24955,Alcobendas,28100,Madrid,Alcobendas
Mazda,CX-30,Gasolina,43589.0,122.0,manual,24955,Castello/Castellon de La Plana,12100,Castellón,Castello/Castellon de La Plana
Mazda,CX-30,Gasolina,43589.0,122.0,manual,24955,Torremolinos,29620,Málaga,Torremolinos
Mazda,CX-30,Gasolina,43589.0,122.0,manual,24955,Torremolinos,29620,Málaga,Torremolinos
Mazda,CX-30,Gasolina,43589.0,122.0,manual,24955,Torremolinos,29620,Málaga,Torremolinos
Mazda,CX-30,Gasolina,43589.0,122.0,manual,24955,Collado Villalba,28400,Madrid,Collado Villalba
Mazda,CX-30,Gasolina,43589.0,122.0,manual,24955,Collado Villalba,28400,Madrid,Collado Villalba
Mazda,CX-30,Gasolina,43589.0,122.0,manual,24955,Zaragoza,50013,Zaragoza,Zaragoza
Mazda,CX-30,Gasolina,43589.0,122.0,manual,24955,Atarrabia,31610,Navarra,Atarrabia
Mazda,CX-30,Gasolina,43589.0,122.0,manual,24955,Alicante,3007,Alicante,Alicante
Mazda,CX-30,Gasolina,43589.0,122.0,manual,24955,Hidraulica Santillana,28770,Madrid,Hidraulica Santillana
Mazda,CX-5,Gasolina,25880.0,165.0,automatic,27370,Santiago de Compostela,15703,A Coruña,Santiago de Compostela
Mazda,CX-5,Gasolina,25880.0,165.0,automatic,27370,Valdepeñas,13300,Ciudad Real,Valdepeñas
Mazda,CX-5,Gasolina,25880.0,165.0,automatic,27370,Valdepeñas,13300,Ciudad Real,Valdepeñas
Mazda,CX-5,Gasolina,25880.0,165.0,automatic,27370,Sant Vicenç de Montalt,8394,Barcelona,Sant Vicenç de Montalt
Mazda,CX-5,Gasolina,25880.0,165.0,automatic,27370,Santa Maria del Aguila,4710,Almería,Santa Maria del Aguila
Mazda,CX-5,Diésel,99990.0,194.0,automatic,20990,Sevilla,41005,Sevilla,Sevilla
Mazda,CX-5,Diésel,99990.0,194.0,automatic,20490,Sevilla,41005,Sevilla,Sevilla
Mazda,CX-5,Gasolina,25880.0,165.0,automatic,27370,Olèrdola,8734,Barcelona,Olèrdola
Mazda,CX-5,Gasolina,25880.0,165.0,automatic,27370,Olèrdola,8734,Barcelona,Olèrdola
Mazda,CX-5,Gasolina,25880.0,165.0,automatic,27370,Alameda del Obispo,14005,Córdoba,Alameda del Obispo
Mazda,CX-5,Gasolina,25880.0,165.0,automatic,27370,Alcobendas,28100,Madrid,Alcobendas
Mazda,CX-5,Gasolina,25880.0,165.0,automatic,27370,Alcalá de Guadaíra,41500,Sevilla,Alcalá de Guadaíra
Mazda,CX-5,Gasolina,25880.0,165.0,automatic,27370,Las Rozas de Madrid,28232,Madrid,Las Rozas de Madrid
Mazda,CX-5,Gasolina,25880.0,165.0,automatic,27370,Getafe,28906,Madrid,Getafe
Mazda,CX-5,Gasolina,25880.0,165.0,automatic,27370,Mercabilbao,48970,Bizkaia,Mercabilbao
Peugeot,206,Diésel,118601.0,70.0,manual,2050,Madrid,28026,Madrid,Madrid
Mercedes-Benz,Clase V,Diésel,95000.0,163.0,manual,38000,Manresa,8240,Barcelona,Manresa
Mercedes-Benz,Clase CLC,Diésel,112242.0,150.0,automatic,10990,Mercado Parque Corredor del Henares,28850,Madrid,Mercado Parque Corredor del Henares
Mercedes-Benz,Clase CLC,Diésel,112242.0,150.0,automatic,10990,Colonia Pablo Iglesias,28520,Madrid,Colonia Pablo Iglesias
Mercedes-Benz,Clase CLC,Diésel,112242.0,150.0,automatic,10990,Estepona,29680,Málaga,Estepona
Mercedes-Benz,Clase CLC,Diésel,112242.0,150.0,automatic,10990,Ciudad Real,13003,Ciudad Real,Ciudad Real
Chrysler,Crossfire,Gasolina,170000.0,218.0,manual,6500,Griñón,28977,Madrid,Griñón
Peugeot,508,Diésel,129000.0,120.0,manual,12490,Málaga,29005,Málaga,Málaga
Mercedes-Benz,Clase B,Diésel,180000.0,140.0,manual,7500,La Puebla del Río,41130,Sevilla,La Puebla del Río
Mercedes-Benz,Clase B,Gasolina,164321.0,136.0,automatic,6990,Salt,17190,Girona,Salt
Honda,HR-V,Gasolina,46000.0,130.0,automatic,15990,Palma de Mallorca,7003,Baleares,Palma de Mallorca
Peugeot,308,Diésel,147851.0,120.0,manual,12420,Santiago de Compostela,15703,A Coruña,Santiago de Compostela
Peugeot,308,Diésel,147851.0,120.0,manual,12420,Mercado Parque Corredor del Henares,28850,Madrid,Mercado Parque Corredor del Henares
Peugeot,308,Diésel,147851.0,120.0,manual,12420,Ciudad Real,13003,Ciudad Real,Ciudad Real
Peugeot,308,Diésel,147851.0,120.0,manual,12420,Sant Vicenç de Montalt,8394,Barcelona,Sant Vicenç de Montalt
Peugeot,308,Diésel,147851.0,120.0,manual,12420,Olèrdola,8734,Barcelona,Olèrdola
Peugeot,308,Diésel,147851.0,120.0,manual,12420,Olèrdola,8734,Barcelona,Olèrdola
Peugeot,308,Diésel,147851.0,120.0,manual,12420,Alameda del Obispo,14005,Córdoba,Alameda del Obispo
Peugeot,308,Diésel,147851.0,120.0,manual,12420,Mercabilbao,48970,Bizkaia,Mercabilbao
Peugeot,308,Diésel,147851.0,120.0,manual,12420,Castello/Castellon de La Plana,12100,Castellón,Castello/Castellon de La Plana
Peugeot,308,Diésel,147851.0,120.0,manual,12420,Paterna,46980,Valencia,Paterna
Peugeot,308,Diésel,147851.0,120.0,manual,12420,Puerto de Sagunto,46520,Valencia,Puerto de Sagunto
Peugeot,308,Diésel,147851.0,120.0,manual,12420,Atarrabia,31610,Navarra,Atarrabia
Peugeot,308,Diésel,147851.0,120.0,manual,12420,Getafe,28906,Madrid,Getafe
Peugeot,308,Diésel,147851.0,120.0,manual,12420,Las Rozas de Madrid,28232,Madrid,Las Rozas de Madrid
Peugeot,308,Diésel,147851.0,120.0,manual,12420,Torremolinos,29620,Málaga,Torremolinos
Peugeot,308,Diésel,147851.0,120.0,manual,12420,Torremolinos,29620,Málaga,Torremolinos
Peugeot,308,Diésel,147851.0,120.0,manual,12420,Torremolinos,29620,Málaga,Torremolinos
Peugeot,308,Diésel,147851.0,120.0,manual,12420,Hidraulica Santillana,28770,Madrid,Hidraulica Santillana
Peugeot,308,Diésel,147851.0,120.0,manual,12420,Alzira,46600,Valencia,Alzira
Peugeot,308,Diésel,147851.0,120.0,manual,12420,Alzira,46600,Valencia,Alzira
Mercedes-Benz,Clase A,Gasolina,119000.0,156.0,manual,15990,La Puebla de Alfindén,50171,Zaragoza,La Puebla de Alfindén
Mercedes-Benz,Clase A,Diésel,67601.0,109.0,manual,18490,Murcia,30001,Murcia,Murcia
Mercedes-Benz,Clase A,Gasolina,162010.0,95.0,manual,9000,La Pobla de Vallbona,46185,Valencia,La Pobla de Vallbona
Mercedes-Benz,Clase A,Gasolina,162010.0,95.0,manual,9000,La Pobla de Vallbona,46185,Valencia,La Pobla de Vallbona
Mercedes-Benz,Clase A,Gasolina,147000.0,116.0,manual,3500,Valencia,46002,Valencia,Valencia
Mercedes-Benz,Clase A,Diésel,87000.0,116.0,automatic,26990,Sabadell,8203,Barcelona,Sabadell
Peugeot,307,Diésel,180000.0,136.0,manual,3900,Almería,4007,Almería,Almería
Hyundai,Accent,Gasolina,171197.0,86.0,manual,3490,Valencia,46002,Valencia,Valencia
Hyundai,Accent,Gasolina,171197.0,86.0,manual,3490,Torrejón de Ardoz,28850,Madrid,Torrejón de Ardoz
Peugeot,Rifter,Diésel,1207.0,130.0,manual,29500,Mercabilbao,48970,Bizkaia,Mercabilbao
Peugeot,Rifter,Diésel,1207.0,130.0,manual,29500,Santafe,18320,Granada,Santafe
Peugeot,Rifter,Diésel,1207.0,130.0,manual,29500,Albacete,2001,Albacete,Albacete
Peugeot,Rifter,Diésel,1207.0,130.0,manual,29500,Paterna,46980,Valencia,Paterna
Peugeot,Rifter,Diésel,1207.0,130.0,manual,29500,Valdepeñas,13300,Ciudad Real,Valdepeñas
Peugeot,Rifter,Diésel,1207.0,130.0,manual,29500,Valdepeñas,13300,Ciudad Real,Valdepeñas
Peugeot,Rifter,Diésel,1207.0,130.0,manual,29500,Estepona,29680,Málaga,Estepona
Peugeot,Rifter,Diésel,1207.0,130.0,manual,29500,Olèrdola,8734,Barcelona,Olèrdola
Peugeot,Rifter,Diésel,1207.0,130.0,manual,29500,Olèrdola,8734,Barcelona,Olèrdola
Peugeot,Rifter,Diésel,1207.0,130.0,manual,29500,Alcobendas,28100,Madrid,Alcobendas
Peugeot,Rifter,Diésel,1207.0,130.0,manual,29500,Castello/Castellon de La Plana,12100,Castellón,Castello/Castellon de La Plana
Peugeot,Rifter,Diésel,1207.0,130.0,manual,29500,Torremolinos,29620,Málaga,Torremolinos
Peugeot,Rifter,Diésel,1207.0,130.0,manual,29500,Torremolinos,29620,Málaga,Torremolinos
Peugeot,Rifter,Diésel,1207.0,130.0,manual,29500,Torremolinos,29620,Málaga,Torremolinos
Peugeot,Rifter,Diésel,1207.0,130.0,manual,29500,Atarrabia,31610,Navarra,Atarrabia
Peugeot,Rifter,Diésel,1207.0,130.0,manual,29500,Alicante,3007,Alicante,Alicante
Peugeot,Rifter,Diésel,1207.0,130.0,manual,29500,Hidraulica Santillana,28770,Madrid,Hidraulica Santillana
Peugeot,Rifter,Diésel,111070.0,131.0,manual,340,Algete,28110,Madrid,Algete
Peugeot,Rifter,Diésel,111070.0,131.0,manual,24290,Algete,28110,Madrid,Algete
Peugeot,108,Gasolina,39469.0,72.0,manual,12592,Mercado Parque Corredor del Henares,28850,Madrid,Mercado Parque Corredor del Henares
Peugeot,108,Gasolina,39469.0,72.0,manual,12592,Ciudad Real,13003,Ciudad Real,Ciudad Real
Peugeot,108,Gasolina,74924.0,69.0,automatic,12535,Olèrdola,8734,Barcelona,Olèrdola
Peugeot,108,Gasolina,74924.0,69.0,automatic,12535,Olèrdola,8734,Barcelona,Olèrdola
Peugeot,108,Gasolina,74924.0,69.0,automatic,12535,Alcalá de Guadaíra,41500,Sevilla,Alcalá de Guadaíra
Peugeot,108,Gasolina,74924.0,69.0,automatic,12535,Getafe,28906,Madrid,Getafe
Peugeot,108,Gasolina,74924.0,69.0,automatic,12535,Collado Villalba,28400,Madrid,Collado Villalba
Peugeot,108,Gasolina,74924.0,69.0,automatic,12535,Collado Villalba,28400,Madrid,Collado Villalba
Peugeot,108,Gasolina,39469.0,72.0,manual,12592,Alcalá de Guadaíra,41500,Sevilla,Alcalá de Guadaíra
Peugeot,108,Gasolina,74924.0,69.0,automatic,12535,Albacete,2001,Albacete,Albacete
Peugeot,108,Gasolina,39469.0,72.0,manual,12592,Castello/Castellon de La Plana,12100,Castellón,Castello/Castellon de La Plana
Peugeot,5008,Gasolina,67729.0,130.0,manual,27990,Madrid,28021,Madrid,Madrid
Peugeot,5008,Gasolina,67729.0,130.0,manual,28190,Madrid,28021,Madrid,Madrid
Peugeot,5008,Diésel,137469.0,150.0,manual,11900,Ciudad Real,13003,Ciudad Real,Ciudad Real
Peugeot,5008,Gasolina,77415.0,130.0,manual,15237,Valdepeñas,13300,Ciudad Real,Valdepeñas
Peugeot,5008,Gasolina,77415.0,130.0,manual,15237,Valdepeñas,13300,Ciudad Real,Valdepeñas
Peugeot,5008,Diésel,137469.0,150.0,manual,11900,Olèrdola,8734,Barcelona,Olèrdola
Peugeot,5008,Diésel,137469.0,150.0,manual,11900,Olèrdola,8734,Barcelona,Olèrdola
Peugeot,5008,Diésel,137469.0,150.0,manual,11900,Alcobendas,28100,Madrid,Alcobendas
Peugeot,5008,Diésel,137469.0,150.0,manual,11900,Santafe,18320,Granada,Santafe
Peugeot,5008,Diésel,137469.0,150.0,manual,11900,Puerto de Sagunto,46520,Valencia,Puerto de Sagunto
Peugeot,5008,Diésel,137469.0,150.0,manual,11900,Hidraulica Santillana,28770,Madrid,Hidraulica Santillana
Mercedes-Benz,Clase E,Gasolina,114281.0,184.0,automatic,26290,Ciudad Real,13003,Ciudad Real,Ciudad Real
Mercedes-Benz,Clase E,Gasolina,114281.0,184.0,automatic,26290,Valdepeñas,13300,Ciudad Real,Valdepeñas
Mercedes-Benz,Clase E,Gasolina,114281.0,184.0,automatic,26290,Valdepeñas,13300,Ciudad Real,Valdepeñas
Mercedes-Benz,Clase E,Gasolina,114281.0,184.0,automatic,26290,Vigo,36214,Pontevedra,Vigo
Mercedes-Benz,Clase E,Gasolina,114281.0,184.0,automatic,26290,Sant Vicenç de Montalt,8394,Barcelona,Sant Vicenç de Montalt
Mercedes-Benz,Clase E,Gasolina,114281.0,184.0,automatic,26290,Granollers,8403,Barcelona,Granollers
Peugeot,Partner,Diésel,95009.0,100.0,manual,17990,Alicante,3010,Alicante,Alicante
Peugeot,Partner,Diésel,95009.0,100.0,manual,17990,Alicante,3010,Murcia,Alicante
Peugeot,Partner,Diésel,95009.0,100.0,manual,17990,Granada,18005,Granada,Granada
Peugeot,Partner,Diésel,95009.0,100.0,manual,17990,Valencia,46001,Valencia,Valencia
Hyundai,Santa Fe,Diésel,125000.0,200.0,automatic,27500,La / Nucia-Hill Nucia Hills,3530,Alicante,La / Nucia-Hill Nucia Hills
Jaguar,S-Type,Gasolina,158500.0,395.0,automatic,7850,Alcorcón,28923,Madrid,Alcorcón
Jaguar,S-Type,Gasolina,158500.0,395.0,automatic,7850,Madrid,28046,Madrid,Madrid
Abarth,500,Gasolina,98956.0,145.0,manual,13490,Murcia,30005,Murcia,Murcia
Abarth,500,Gasolina,98956.0,145.0,manual,13490,Fuenlabrada,28947,Madrid,Fuenlabrada
Abarth,500,Gasolina,98956.0,145.0,manual,13490,Vigo,36211,Pontevedra,Vigo
Abarth,500,Gasolina,98956.0,145.0,manual,13490,Granada,18005,Granada,Granada
Porsche,Cayenne,Gasolina,180000.0,500.0,automatic,34990,Gamarra Menor,1510,Álava,Gamarra Menor
Porsche,Cayenne,Gasolina,180000.0,500.0,automatic,34990,Gamarra Menor,1510,Álava,Gamarra Menor
Porsche,Cayenne,Gasolina,180000.0,500.0,automatic,34990,Gamarra Menor,1510,Álava,Gamarra Menor
Honda,HR-V,Gasolina,46080.0,130.0,automatic,18899,Barcelona,8007,Barcelona,Barcelona
Honda,HR-V,Gasolina,46080.0,130.0,automatic,18499,Barcelona,8007,Barcelona,Barcelona
Honda,HR-V,Gasolina,34034.0,130.0,manual,25990,Pamplona/Iruña,31001,Navarra,Pamplona/Iruña
Volkswagen,Touran,Diésel,48000.0,115.0,automatic,24950,Sant Cugat del Vallès,8172,Barcelona,Sant Cugat del Vallès
Nissan,Note,Diésel,148675.0,90.0,manual,8990,Valencia,46001,Valencia,Valencia
Nissan,Note,Gasolina,128000.0,80.0,manual,8990,Valencia,46001,Valencia,Valencia
Nissan,Note,Gasolina,128000.0,80.0,manual,8990,Oviedo,33003,Asturias,Oviedo
Nissan,Note,Diésel,86084.0,90.0,manual,8990,Murcia,30005,Murcia,Murcia
Honda,Civic,Diésel,117618.0,120.0,manual,12650,Santiago de Compostela,15703,A Coruña,Santiago de Compostela
Honda,Civic,Diésel,117618.0,120.0,manual,12650,Saladar,3700,Alicante,Saladar
Toyota,Aygo,Gasolina,73700.0,72.0,manual,10990,Sant Boi de Llobregat,8830,Barcelona,Sant Boi de Llobregat
Toyota,Aygo,Gasolina,63640.0,69.0,manual,9995,L'Hospitalet de Llobregat,8901,Barcelona,L'Hospitalet de Llobregat
Toyota,Aygo,Gasolina,53000.0,68.0,manual,5990,Mataró,8302,Barcelona,Mataró
Honda,Jazz,Gasolina,67379.0,100.0,manual,13999,Barcelona,8007,Barcelona,Barcelona
Honda,Jazz,Gasolina,67379.0,100.0,manual,13899,Barcelona,8007,Barcelona,Barcelona
Volkswagen,Polo,Gasolina,66000.0,95.0,manual,387,Valencia,46005,Valencia,Valencia
Volkswagen,Polo,Diésel,150158.0,90.0,automatic,11990,Sant Vicenç de Montalt,8394,Barcelona,Sant Vicenç de Montalt
Volkswagen,Polo,Gasolina,43500.0,60.0,manual,9490,Sevilla,41005,Sevilla,Sevilla
Volkswagen,Polo,Gasolina,43500.0,60.0,manual,9490,Alicante,3010,Alicante,Alicante
Volkswagen,Polo,Gasolina,43500.0,60.0,manual,9490,Alicante,3010,Murcia,Alicante
Volkswagen,Polo,Gasolina,24800.0,80.0,manual,13490,Bilbao,48004,Bizkaia,Bilbao
Renault,Espace,Diésel,142466.0,160.0,automatic,18490,Granada,18005,Granada,Granada
Renault,Espace,Diésel,50757.0,160.0,automatic,24900,Barcelona,8008,Barcelona,Barcelona
Renault,Espace,Diésel,142466.0,160.0,automatic,18490,Urbanizacion La Granjilla,28700,Madrid,Urbanizacion La Granjilla
Renault,Espace,Diésel,142466.0,160.0,automatic,18490,Collado Villalba,28400,Madrid,Collado Villalba
Renault,Espace,Diésel,142466.0,160.0,automatic,18490,Collado Villalba,28400,Madrid,Collado Villalba
Renault,Espace,Diésel,50757.0,160.0,automatic,24900,Valladolid,47004,Valladolid,Valladolid
Honda,CR-V,Diésel,163121.0,120.0,manual,10990,Alicante,3010,Alicante,Alicante
Honda,CR-V,Diésel,163121.0,120.0,manual,10990,Alicante,3010,Murcia,Alicante
Honda,CR-V,Gasolina,33981.0,173.0,manual,24990,Granada,18005,Granada,Granada
Honda,CR-V,Gasolina,33981.0,173.0,manual,24990,Murcia,30005,Murcia,Murcia
Honda,CR-V,Diésel,163121.0,120.0,manual,10990,Badajoz,6003,Badajoz,Badajoz
Honda,CR-V,Gasolina,33981.0,173.0,manual,24990,Òrrius,8317,Barcelona,Òrrius
Honda,CR-V,Diésel,163121.0,120.0,manual,10990,Córdoba,14003,Córdoba,Córdoba
Honda,CR-V,Diésel,223000.0,140.0,manual,6490,Collado Villalba,28400,Madrid,Collado Villalba
Honda,CR-V,Diésel,223000.0,140.0,manual,6490,Collado Villalba,28400,Madrid,Collado Villalba
Jeep,Compass,Diésel,135000.0,136.0,manual,13400,Churriana,29591,Málaga,Churriana
Volkswagen,T-Cross,Gasolina,87000.0,95.0,manual,412,Barcelona,8009,Barcelona,Barcelona
Volkswagen,T-Cross,Gasolina,33491.0,95.0,manual,16990,Málaga,29005,Málaga,Málaga
Volkswagen,T-Cross,Gasolina,33491.0,95.0,manual,16990,Urbanizacion La Granjilla,28700,Madrid,Urbanizacion La Granjilla
Skoda,Octavia,Gasolina,19993.0,115.0,manual,18975,Murcia,30003,Murcia,Murcia
Skoda,Octavia,Diésel,88114.0,115.0,manual,14920,Estepona,29680,Málaga,Estepona
Skoda,Octavia,Gasolina,19993.0,115.0,manual,18975,Estepona,29680,Málaga,Estepona
Skoda,Octavia,Gasolina,19993.0,115.0,manual,18975,Olèrdola,8734,Barcelona,Olèrdola
Skoda,Octavia,Gasolina,19993.0,115.0,manual,18975,Olèrdola,8734,Barcelona,Olèrdola
Skoda,Octavia,Diésel,88114.0,115.0,manual,14920,Barcelona,8007,Barcelona,Barcelona
Skoda,Octavia,Gasolina,19993.0,115.0,manual,18975,Barcelona,8007,Barcelona,Barcelona
Citroen,C1,Gasolina,61095.0,68.0,manual,7199,Madrid,28014,Madrid,Madrid
Citroen,C1,Gasolina,61095.0,68.0,manual,7199,Barcelona,8007,Barcelona,Barcelona
Citroen,C1,Gasolina,26877.0,72.0,manual,9790,Palma de Mallorca,7003,Baleares,Palma de Mallorca
Volkswagen,Crafter,Diésel,72205.0,102.0,manual,365,Algete,28110,Madrid,Algete
Volkswagen,Crafter,Diésel,72205.0,102.0,manual,25750,Algete,28110,Madrid,Algete
Opel,Meriva,Diésel,43335.0,110.0,manual,8990,Sevilla,41005,Sevilla,Sevilla
Opel,Meriva,Diésel,43335.0,110.0,manual,8990,Vigo,36211,Pontevedra,Vigo
Opel,Meriva,Diésel,43335.0,110.0,manual,8990,Alicante,3010,Alicante,Alicante
Opel,Meriva,Diésel,43335.0,110.0,manual,8990,Alicante,3010,Murcia,Alicante
Opel,Meriva,Diésel,43335.0,110.0,manual,8990,Murcia,30005,Murcia,Murcia
Opel,Meriva,Diésel,43335.0,110.0,manual,8990,Granada,18005,Granada,Granada
Lexus,IS,Gasolina,106000.0,223.0,automatic,20490,Barcelona,8007,Barcelona,Barcelona
Lexus,IS,Gasolina,142400.0,155.0,manual,7990,Valdefuentes,28939,Madrid,Valdefuentes
Lexus,IS,Gasolina,142400.0,155.0,manual,7990,Valdefuentes,28939,Madrid,Valdefuentes
Citroen,C4 Picasso,Diésel,131000.0,115.0,manual,13600,Cúllar Vega,18195,Granada,Cúllar Vega
Citroen,C4 Picasso,Diésel,76476.0,150.0,automatic,16990,Vigo,36211,Pontevedra,Vigo
Citroen,C4 Picasso,Diésel,76476.0,150.0,automatic,16990,Cáceres,10001,Cáceres,Cáceres
Citroen,C4 Picasso,Diésel,76476.0,150.0,automatic,16990,Sevilla,41005,Sevilla,Sevilla
Citroen,C4 Picasso,Diésel,170000.0,120.0,automatic,9200,Algeciras,11201,Cádiz,Algeciras
Volkswagen,Caravelle,Diésel,76480.0,150.0,automatic,33990,Almería,4006,Almería,Almería
Volkswagen,Caravelle,Diésel,76480.0,150.0,automatic,33990,Sevilla,41017,Sevilla,Sevilla
Volkswagen,Caravelle,Diésel,76480.0,150.0,automatic,33990,Huelva,21004,Huelva,Huelva
Volkswagen,T-Roc,Gasolina,50793.0,110.0,manual,24790,Madrid,28021,Madrid,Madrid
Volkswagen,T-Roc,Gasolina,135000.0,115.0,manual,14990,Málaga,29005,Málaga,Málaga
Volkswagen,T-Roc,Gasolina,28500.0,150.0,manual,22990,Málaga,29005,Málaga,Málaga
Volkswagen,T-Roc,Gasolina,99999.0,115.0,manual,15990,Almería,4006,Almería,Almería
Volkswagen,T-Roc,Gasolina,99999.0,115.0,manual,17990,Almería,4006,Almería,Almería
Volkswagen,T-Roc,Diésel,109272.0,115.0,manual,20990,Almería,4006,Almería,Almería
Volkswagen,T-Roc,Diésel,109272.0,115.0,manual,20990,Vigo,36211,Pontevedra,Vigo
Volkswagen,T-Roc,Gasolina,99999.0,115.0,manual,15990,Ullastrell,8231,Barcelona,Ullastrell
Volkswagen,T-Roc,Gasolina,99999.0,115.0,manual,17990,Ullastrell,8231,Barcelona,Ullastrell
Opel,Mokka X,Diésel,22969.0,136.0,automatic,19800,Getafe,28906,Madrid,Getafe
Opel,Mokka X,Diésel,22969.0,136.0,automatic,19800,Santiago de Compostela,15703,A Coruña,Santiago de Compostela
Opel,Mokka X,Diésel,22969.0,136.0,automatic,19800,Vigo,36214,Pontevedra,Vigo
Opel,Mokka X,Diésel,22969.0,136.0,automatic,19800,Badajoz,6008,Badajoz,Badajoz
Opel,Mokka X,Diésel,22969.0,136.0,automatic,19800,Santafe,18320,Granada,Santafe
Volkswagen,Tiguan,Diésel,129954.0,150.0,automatic,27500,Benicarló,12580,Castellón,Benicarló
Volkswagen,Tiguan,Diésel,170066.0,115.0,manual,24000,Benicarló,12580,Castellón,Benicarló
Volkswagen,Tiguan,Gasolina,38781.0,130.0,manual,29200,Estepona,29680,Málaga,Estepona
Volkswagen,Tiguan,Gasolina,38781.0,130.0,manual,29200,Santa Maria del Aguila,4710,Almería,Santa Maria del Aguila
Volkswagen,Tiguan,Gasolina,145548.0,150.0,manual,10900,Santiago de Compostela,15703,A Coruña,Santiago de Compostela
Volkswagen,Tiguan,Gasolina,145548.0,150.0,manual,10900,Ciudad Real,13003,Ciudad Real,Ciudad Real
Volkswagen,Tiguan,Gasolina,38781.0,130.0,manual,29200,Mercado Parque Corredor del Henares,28850,Madrid,Mercado Parque Corredor del Henares
Volkswagen,Tiguan,Gasolina,38781.0,130.0,manual,29200,Valdepeñas,13300,Ciudad Real,Valdepeñas
Volkswagen,Tiguan,Gasolina,38781.0,130.0,manual,29200,Valdepeñas,13300,Ciudad Real,Valdepeñas
Volkswagen,Tiguan,Diésel,119671.0,190.0,automatic,24990,Almería,4006,Almería,Almería
Volkswagen,Tiguan,Diésel,119671.0,190.0,automatic,24990,Vigo,36211,Pontevedra,Vigo
Volkswagen,Tiguan,Diésel,119671.0,190.0,automatic,24990,Granada,18005,Granada,Granada
Volkswagen,Tiguan,Diésel,119671.0,190.0,automatic,24990,Urbanizacion La Granjilla,28700,Madrid,Urbanizacion La Granjilla
Volkswagen,Tiguan,Diésel,119671.0,190.0,automatic,24990,Collado Villalba,28400,Madrid,Collado Villalba
Volkswagen,Tiguan,Diésel,119671.0,190.0,automatic,24990,Collado Villalba,28400,Madrid,Collado Villalba
Volkswagen,Tiguan,Diésel,119671.0,190.0,automatic,24990,Valencia,46001,Valencia,Valencia
Volkswagen,Tiguan,Gasolina,38781.0,130.0,manual,29200,Olèrdola,8734,Barcelona,Olèrdola
Volkswagen,Tiguan,Gasolina,38781.0,130.0,manual,29200,Olèrdola,8734,Barcelona,Olèrdola
Opel,ADAM,Gasolina,21349.0,87.0,manual,12420,Alcobendas,28100,Madrid,Alcobendas
Opel,ADAM,Gasolina,21349.0,87.0,manual,12420,Mercabilbao,48970,Bizkaia,Mercabilbao
Opel,ADAM,Gasolina,21349.0,87.0,manual,12420,Collado Villalba,28400,Madrid,Collado Villalba
Opel,ADAM,Gasolina,21349.0,87.0,manual,12420,Collado Villalba,28400,Madrid,Collado Villalba
Citroen,Jumper,Diésel,98886.0,110.0,manual,16900,Santiago de Compostela,15703,A Coruña,Santiago de Compostela
Citroen,Jumper,Diésel,98886.0,110.0,manual,16900,Saladar,3700,Alicante,Saladar
Citroen,Jumper,Diésel,253054.0,160.0,manual,17490,Almería,4006,Almería,Almería
Citroen,Jumper,Diésel,253054.0,160.0,manual,17490,Toledo,45002,Toledo,Toledo
Citroen,Jumper,Diésel,98886.0,110.0,manual,16900,Valdepeñas,13300,Ciudad Real,Valdepeñas
Citroen,Jumper,Diésel,98886.0,110.0,manual,16900,Valdepeñas,13300,Ciudad Real,Valdepeñas
Citroen,Jumper,Diésel,253054.0,160.0,manual,17490,Alicante,3010,Alicante,Alicante
Citroen,Jumper,Diésel,253054.0,160.0,manual,17490,Alicante,3010,Murcia,Alicante
Citroen,Jumper,Diésel,98886.0,110.0,manual,16900,Colonia Pablo Iglesias,28520,Madrid,Colonia Pablo Iglesias
Citroen,Jumper,Diésel,253054.0,160.0,manual,17490,Vigo,36211,Pontevedra,Vigo
Citroen,Jumper,Diésel,253054.0,160.0,manual,17490,Granada,18005,Granada,Granada
Citroen,Jumper,Diésel,253054.0,160.0,manual,17490,Fuenlabrada,28947,Madrid,Fuenlabrada
Citroen,Jumper,Diésel,253054.0,160.0,manual,17490,Murcia,30005,Murcia,Murcia
Citroen,Jumper,Diésel,253054.0,160.0,manual,17490,Valencia,46001,Valencia,Valencia
Volkswagen,Tiguan,Diésel,96992.0,110.0,manual,19435,Ciudad Real,13003,Ciudad Real,Ciudad Real
Volkswagen,Tiguan,Diésel,42387.0,150.0,automatic,34500,Ciudad Real,13003,Ciudad Real,Ciudad Real
Volkswagen,Tiguan,Diésel,42387.0,150.0,automatic,34500,Santiago de Compostela,15703,A Coruña,Santiago de Compostela
Volkswagen,Tiguan,Diésel,96992.0,110.0,manual,19435,Valdepeñas,13300,Ciudad Real,Valdepeñas
Volkswagen,Tiguan,Diésel,96992.0,110.0,manual,19435,Valdepeñas,13300,Ciudad Real,Valdepeñas
Volkswagen,Tiguan,Diésel,96992.0,110.0,manual,19435,Mercado Parque Corredor del Henares,28850,Madrid,Mercado Parque Corredor del Henares
Volkswagen,Tiguan,Diésel,42387.0,150.0,automatic,34500,Saladar,3700,Alicante,Saladar
Volkswagen,Tiguan,Diésel,42387.0,150.0,automatic,34500,Mercado Parque Corredor del Henares,28850,Madrid,Mercado Parque Corredor del Henares
Volkswagen,Tiguan,Gasolina,145548.0,150.0,manual,10900,Vigo,36214,Pontevedra,Vigo
Volkswagen,Tiguan,Diésel,42387.0,150.0,automatic,34500,Vigo,36214,Pontevedra,Vigo
Volkswagen,Tiguan,Diésel,42387.0,150.0,automatic,34500,Sant Vicenç de Montalt,8394,Barcelona,Sant Vicenç de Montalt
Volkswagen,Tiguan,Diésel,96992.0,110.0,manual,19435,Murcia,30003,Murcia,Murcia
Volkswagen,Tiguan,Diésel,96992.0,110.0,manual,19435,Olèrdola,8734,Barcelona,Olèrdola
Volkswagen,Tiguan,Diésel,96992.0,110.0,manual,19435,Olèrdola,8734,Barcelona,Olèrdola
Volkswagen,Tiguan,Diésel,88500.0,150.0,automatic,27490,Sevilla,41005,Sevilla,Sevilla
Volkswagen,Tiguan,Diésel,88500.0,150.0,automatic,26250,Sevilla,41005,Sevilla,Sevilla
Mercedes-Benz,Clase CLA,Diésel,46322.0,136.0,automatic,30475,Santiago de Compostela,15703,A Coruña,Santiago de Compostela
Mercedes-Benz,Clase CLA,Diésel,46322.0,136.0,automatic,30475,Valdepeñas,13300,Ciudad Real,Valdepeñas
Mercedes-Benz,Clase CLA,Diésel,46322.0,136.0,automatic,30475,Valdepeñas,13300,Ciudad Real,Valdepeñas
Mercedes-Benz,Clase CLA,Diésel,46322.0,136.0,automatic,30475,Saladar,3700,Alicante,Saladar
Mercedes-Benz,Clase CLA,Diésel,46322.0,136.0,automatic,30475,Murcia,30003,Murcia,Murcia
Mercedes-Benz,Clase CLA,Diésel,46322.0,136.0,automatic,30475,Olèrdola,8734,Barcelona,Olèrdola
Mercedes-Benz,Clase CLA,Diésel,46322.0,136.0,automatic,30475,Olèrdola,8734,Barcelona,Olèrdola
Mercedes-Benz,Clase CLA,Diésel,46322.0,136.0,automatic,30475,Colonia Pablo Iglesias,28520,Madrid,Colonia Pablo Iglesias
Mercedes-Benz,Clase CLA,Diésel,46322.0,136.0,automatic,30475,Atarrabia,31610,Navarra,Atarrabia
Mercedes-Benz,Clase CLA,Diésel,43782.0,136.0,manual,335,Algete,28110,Madrid,Algete
Mercedes-Benz,Clase CLA,Diésel,121050.0,170.0,automatic,22900,Los Montesinos,3187,Alicante,Los Montesinos
MINI,Paceman,Diésel,131081.0,112.0,manual,13490,Pamplona/Iruña,31003,Navarra,Pamplona/Iruña
Volvo,C30,Diésel,126910.0,115.0,manual,8599,Madrid,28014,Madrid,Madrid
Volvo,C30,Diésel,126910.0,115.0,manual,8599,Barcelona,8007,Barcelona,Barcelona
Citroen,Jumper,Diésel,100305.0,130.0,manual,19500,Vigo,36204,Pontevedra,Vigo
Honda,CR-V,Diésel,131300.0,150.0,automatic,14390,Bilbao,48004,Bizkaia,Bilbao
Honda,CR-V,Diésel,131300.0,150.0,automatic,14390,Alicante,3010,Alicante,Alicante
Honda,CR-V,Diésel,131300.0,150.0,automatic,14390,Alicante,3010,Murcia,Alicante
Opel,Mokka,Diésel,130000.0,130.0,automatic,9990,Villaviciosa de Odón,28670,Madrid,Villaviciosa de Odón
Opel,Mokka,Gasolina,11600.0,131.0,manual,15000,Villena,3400,Alicante,Villena
Opel,Mokka,Diésel,130000.0,130.0,automatic,9990,Bilbao,48004,Bizkaia,Bilbao
Opel,Mokka,Eléctrico,7614.0,136.0,automatic,30990,Málaga,29005,Málaga,Málaga
Opel,Mokka,Diésel,130000.0,130.0,automatic,9990,Las Rozas de Madrid,28232,Madrid,Las Rozas de Madrid
Opel,Mokka,Eléctrico,7614.0,136.0,automatic,30990,Vigo,36211,Pontevedra,Vigo
Opel,Mokka,Eléctrico,7614.0,136.0,automatic,30990,Almería,4006,Almería,Almería
Opel,Mokka,Eléctrico,7614.0,136.0,automatic,30990,Oviedo,33003,Asturias,Oviedo
MINI,Paceman,Diésel,152000.0,112.0,manual,12490,Valencia,46001,Valencia,Valencia
MINI,Paceman,Diésel,152000.0,112.0,manual,12490,Almería,4006,Almería,Almería
MINI,Paceman,Diésel,152000.0,112.0,manual,12490,Elx/Elche,3201,Alicante,Elx/Elche
MINI,Paceman,Diésel,131081.0,112.0,manual,13490,Agirre-Aperribai,48960,Bizkaia,Agirre-Aperribai
Peugeot,5008,Diésel,99950.0,130.0,manual,290,Gandía,46701,Valencia,Gandía
Peugeot,5008,Diésel,106823.0,150.0,manual,16990,Madrid,28021,Madrid,Madrid
Peugeot,5008,Diésel,106823.0,150.0,manual,16690,Madrid,28021,Madrid,Madrid
Peugeot,5008,Gasolina,44935.0,130.0,automatic,27990,Madrid,28021,Madrid,Madrid
Peugeot,5008,Gasolina,44935.0,130.0,automatic,28590,Madrid,28021,Madrid,Madrid
Peugeot,5008,Gasolina,44935.0,130.0,automatic,28790,Madrid,28021,Madrid,Madrid
Peugeot,5008,Diésel,47328.0,120.0,manual,13490,Murcia,30005,Murcia,Murcia
Peugeot,5008,Diésel,47328.0,120.0,manual,13490,Palma de Mallorca,7003,Baleares,Palma de Mallorca
Citroen,C4 Cactus,Diésel,73000.0,99.0,manual,363,Madrid,28009,Madrid,Madrid
Citroen,C4 Cactus,Diésel,88953.0,99.0,manual,13900,Ciudad Real,13003,Ciudad Real,Ciudad Real
Citroen,C4 Cactus,Gasolina,62441.0,110.0,automatic,15300,Sant Cugat del Vallès,8172,Barcelona,Sant Cugat del Vallès
Citroen,C4 Cactus,Diésel,135000.0,100.0,manual,9490,Almería,4006,Almería,Almería
Citroen,C4 Cactus,Gasolina,62441.0,110.0,automatic,15300,Málaga,29015,Málaga,Málaga
Citroen,C4 Cactus,Gasolina,62441.0,110.0,automatic,15300,Barcelona,8008,Barcelona,Barcelona
Citroen,C4 Cactus,Diésel,88953.0,99.0,manual,13900,Granollers,8403,Barcelona,Granollers
Citroen,C4 Cactus,Diésel,88953.0,99.0,manual,13900,Alicante,3007,Alicante,Alicante
Citroen,C4 Cactus,Diésel,135000.0,100.0,manual,9490,Granada,18005,Granada,Granada
Citroen,C4 Cactus,Diésel,135000.0,100.0,manual,9490,Fuenlabrada,28947,Madrid,Fuenlabrada
Citroen,C4 Cactus,Diésel,135000.0,100.0,manual,9490,Murcia,30005,Murcia,Murcia
Citroen,C4 Cactus,Diésel,135000.0,100.0,manual,9490,Bilbao,48004,Bizkaia,Bilbao
Citroen,C4 Cactus,Diésel,135000.0,100.0,manual,9490,Camarma de Esteruelas,28816,Madrid,Camarma de Esteruelas
Citroen,C4 Cactus,Diésel,135000.0,100.0,manual,9490,Camarma de Esteruelas,28816,Madrid,Camarma de Esteruelas
Citroen,C4 Cactus,Diésel,135000.0,100.0,manual,9490,Las Rozas de Madrid,28232,Madrid,Las Rozas de Madrid
Citroen,C4 Cactus,Gasolina,62441.0,110.0,automatic,15300,Alicante,3001,Alicante,Alicante
Citroen,C4 Cactus,Gasolina,62441.0,110.0,automatic,15300,Valencia,46003,Valencia,Valencia
Abarth,500,Gasolina,31346.0,145.0,manual,18630,Collado Villalba,28400,Madrid,Collado Villalba
Abarth,500,Gasolina,31346.0,145.0,manual,18630,Collado Villalba,28400,Madrid,Collado Villalba
Abarth,500,Gasolina,31346.0,145.0,manual,18630,Vigo,36214,Pontevedra,Vigo
Abarth,500,Gasolina,31346.0,145.0,manual,18630,Mercado Parque Corredor del Henares,28850,Madrid,Mercado Parque Corredor del Henares
Abarth,500,Gasolina,31346.0,145.0,manual,18630,Colonia Pablo Iglesias,28520,Madrid,Colonia Pablo Iglesias
Audi,A4,Gasolina,148390.0,180.0,manual,10990,Saladar,3700,Alicante,Saladar
Audi,A4,Gasolina,148390.0,180.0,manual,10990,Murcia,30003,Murcia,Murcia
Audi,A4,Diésel,96273.0,150.0,automatic,22990,Vigo,36211,Pontevedra,Vigo
Audi,A4,Diésel,96273.0,150.0,automatic,22990,Almería,4006,Almería,Almería
Audi,A4,Gasolina,148390.0,180.0,manual,10990,Santa Maria del Aguila,4710,Almería,Santa Maria del Aguila
Audi,A4,Diésel,96273.0,150.0,automatic,22990,Palma de Mallorca,7003,Baleares,Palma de Mallorca
Audi,A4,Diésel,96273.0,150.0,automatic,22990,Granada,18005,Granada,Granada
Audi,A4,Diésel,96273.0,150.0,automatic,22990,Murcia,30005,Murcia,Murcia
Audi,A4,Diésel,96273.0,150.0,automatic,22990,Valencia,46001,Valencia,Valencia
Audi,A4,Diésel,96273.0,150.0,automatic,22990,Málaga,29005,Málaga,Málaga
Audi,A4,Gasolina,148390.0,180.0,manual,10990,Colonia Pablo Iglesias,28520,Madrid,Colonia Pablo Iglesias
Abarth,500,Gasolina,31346.0,145.0,manual,18630,Sant Vicenç de Montalt,8394,Barcelona,Sant Vicenç de Montalt
Abarth,500,Gasolina,31346.0,145.0,manual,18630,Murcia,30003,Murcia,Murcia
Abarth,500,Gasolina,31346.0,145.0,manual,18630,Saladar,3700,Alicante,Saladar
Abarth,500,Gasolina,31346.0,145.0,manual,18630,Granollers,8403,Barcelona,Granollers
Citroen,SpaceTourer,Diésel,61220.0,150.0,manual,32290,Almería,4006,Almería,Almería
Citroen,SpaceTourer,Diésel,61220.0,150.0,manual,32290,Oviedo,33003,Asturias,Oviedo
Citroen,SpaceTourer,Diésel,61220.0,150.0,manual,32290,Vigo,36211,Pontevedra,Vigo
Citroen,SpaceTourer,Diésel,61220.0,150.0,manual,32290,Murcia,30005,Murcia,Murcia
Abarth,595,Gasolina,85000.0,180.0,manual,19990,Granollers,8403,Barcelona,Granollers
Dacia,Lodgy,Diésel,79920.0,107.0,manual,13999,Barcelona,8007,Barcelona,Barcelona
Citroen,C5 Aircross,Diésel,107000.0,130.0,manual,473,Sevilla,41018,Sevilla,Sevilla
Citroen,C5 Aircross,Gasolina,17486.0,131.0,manual,22990,Almería,4006,Almería,Almería
Citroen,C5 Aircross,Diésel,20.0,131.0,automatic,34500,Sant Boi de Llobregat,8830,Barcelona,Sant Boi de Llobregat
Dacia,Lodgy,Diésel,18311.0,115.0,manual,18990,Madrid,28046,Madrid,Madrid
Dacia,Lodgy,Diésel,18311.0,115.0,manual,18990,Leganés,28916,Madrid,Leganés
Dacia,Lodgy,Diésel,18311.0,115.0,manual,18990,Alcobendas,28100,Madrid,Alcobendas
CUPRA,Leon,Gasolina,8500.0,300.0,automatic,37900,Zaragoza,50014,Zaragoza,Zaragoza
Dacia,Dokker,Otros,154891.0,98.0,manual,12535,Santiago de Compostela,15703,A Coruña,Santiago de Compostela
Dacia,Dokker,Diésel,98674.0,90.0,manual,11500,Mercado Parque Corredor del Henares,28850,Madrid,Mercado Parque Corredor del Henares
Dacia,Dokker,Diésel,98674.0,90.0,manual,11500,Getafe,28906,Madrid,Getafe
Dacia,Dokker,Diésel,98674.0,90.0,manual,11500,Colonia Pablo Iglesias,28520,Madrid,Colonia Pablo Iglesias
Dacia,Dokker,Otros,154891.0,98.0,manual,12535,Mercabilbao,48970,Bizkaia,Mercabilbao
Dacia,Dokker,Otros,154891.0,98.0,manual,12535,Santafe,18320,Granada,Santafe
Dacia,Dokker,Otros,154891.0,98.0,manual,12535,Las Rozas de Madrid,28232,Madrid,Las Rozas de Madrid
Citroen,C-Élysée,Diésel,66695.0,100.0,manual,8990,Alicante,3010,Alicante,Alicante
Citroen,C-Élysée,Diésel,66695.0,100.0,manual,8990,Alicante,3010,Murcia,Alicante
Citroen,C-Élysée,Diésel,66695.0,100.0,manual,8990,Granada,18005,Granada,Granada
Citroen,C-Élysée,Diésel,19028.0,100.0,manual,14199,Madrid,28014,Madrid,Madrid
Citroen,C-Élysée,Diésel,106410.0,100.0,manual,10999,Madrid,28014,Madrid,Madrid
Citroen,C-Élysée,Diésel,66695.0,100.0,manual,8990,Murcia,30005,Murcia,Murcia
Citroen,C-Élysée,Diésel,66695.0,100.0,manual,8990,Bilbao,48004,Bizkaia,Bilbao
Volvo,S90,Diésel,64602.0,149.0,automatic,28900,Valladolid,47011,Valladolid,Valladolid
Dacia,Logan,Diésel,243100.0,75.0,manual,4499,Fuenlabrada,28941,Madrid,Fuenlabrada
Alfa Romeo,Giulietta,Diésel,122930.0,120.0,manual,10890,Vigo,36211,Pontevedra,Vigo
Alfa Romeo,Giulietta,Gasolina,20269.0,120.0,manual,18285,Alzira,46600,Valencia,Alzira
Alfa Romeo,Giulietta,Gasolina,20269.0,120.0,manual,18285,Alzira,46600,Valencia,Alzira
Alfa Romeo,Giulietta,Diésel,115908.0,105.0,manual,8990,Sevilla,41017,Sevilla,Sevilla
Alfa Romeo,Giulietta,Diésel,76457.0,105.0,manual,9950,Leganés,28916,Madrid,Leganés
Alfa Romeo,Giulietta,Diésel,52412.0,175.0,automatic,330,Barcelona,8007,Barcelona,Barcelona
Alfa Romeo,Giulietta,Diésel,120000.0,140.0,manual,8900,Ciudad Deportiva del Jarama,28709,Madrid,Ciudad Deportiva del Jarama
Alfa Romeo,Giulietta,Gasolina,20269.0,120.0,manual,18285,Puerto de Sagunto,46520,Valencia,Puerto de Sagunto
Renault Trucks,Maxity,Diésel,80000.0,136.0,manual,20900,Aljucer,30152,Murcia,Aljucer
Citroen,Grand C4 SpaceTourer,Diésel,120911.0,130.0,manual,17900,Puerto de Sagunto,46520,Valencia,Puerto de Sagunto
Citroen,Grand C4 SpaceTourer,Diésel,120911.0,130.0,manual,17900,Alcobendas,28100,Madrid,Alcobendas
Citroen,Grand C4 SpaceTourer,Diésel,120911.0,130.0,manual,17900,Torremolinos,29620,Málaga,Torremolinos
Citroen,Grand C4 SpaceTourer,Diésel,120911.0,130.0,manual,17900,Torremolinos,29620,Málaga,Torremolinos
Citroen,Grand C4 SpaceTourer,Diésel,120911.0,130.0,manual,17900,Torremolinos,29620,Málaga,Torremolinos
Citroen,Grand C4 SpaceTourer,Diésel,120911.0,130.0,manual,17900,Barcelona,8007,Barcelona,Barcelona
Citroen,Grand C4 SpaceTourer,Diésel,120911.0,130.0,manual,17900,Albacete,2001,Albacete,Albacete
Citroen,Grand C4 SpaceTourer,Diésel,120911.0,130.0,manual,17900,Hidraulica Santillana,28770,Madrid,Hidraulica Santillana
Citroen,Grand C4 SpaceTourer,Diésel,120911.0,130.0,manual,17900,Saladar,3700,Alicante,Saladar
Citroen,Grand C4 SpaceTourer,Diésel,120911.0,130.0,manual,17900,Murcia,30003,Murcia,Murcia
Citroen,Grand C4 SpaceTourer,Diésel,120911.0,130.0,manual,17900,Mercado Parque Corredor del Henares,28850,Madrid,Mercado Parque Corredor del Henares
Citroen,Grand C4 SpaceTourer,Diésel,120911.0,130.0,manual,17900,Atarrabia,31610,Navarra,Atarrabia
Citroen,Grand C4 SpaceTourer,Diésel,120911.0,130.0,manual,17900,Zaragoza,50013,Zaragoza,Zaragoza
Citroen,Grand C4 SpaceTourer,Diésel,120911.0,130.0,manual,17900,Alzira,46600,Valencia,Alzira
Citroen,Grand C4 SpaceTourer,Diésel,120911.0,130.0,manual,17900,Alzira,46600,Valencia,Alzira
Citroen,Grand C4 SpaceTourer,Diésel,120911.0,130.0,manual,17900,Alicante,3007,Alicante,Alicante
Citroen,Grand C4 SpaceTourer,Diésel,120911.0,130.0,manual,17900,Valdepeñas,13300,Ciudad Real,Valdepeñas
Citroen,Grand C4 SpaceTourer,Diésel,120911.0,130.0,manual,17900,Valdepeñas,13300,Ciudad Real,Valdepeñas
Citroen,Grand C4 SpaceTourer,Diésel,120911.0,130.0,manual,17900,Las Rozas de Madrid,28232,Madrid,Las Rozas de Madrid
Citroen,Grand C4 SpaceTourer,Diésel,120911.0,130.0,manual,17900,Alcalá de Guadaíra,41500,Sevilla,Alcalá de Guadaíra
Citroen,Berlingo,Diésel,39177.0,100.0,manual,21505,Alcobendas,28100,Madrid,Alcobendas
Citroen,Berlingo,Diésel,39177.0,100.0,manual,21505,Santiago de Compostela,15703,A Coruña,Santiago de Compostela
Citroen,Berlingo,Diésel,39177.0,100.0,manual,21505,Saladar,3700,Alicante,Saladar
Citroen,Berlingo,Diésel,82900.0,100.0,manual,18790,Almería,4006,Almería,Almería
Citroen,Berlingo,Diésel,70000.0,100.0,manual,21990,Almería,4006,Almería,Almería
Citroen,Berlingo,Diésel,114523.0,100.0,manual,12490,Madrid,28042,Madrid,Madrid
Citroen,Berlingo,Diésel,70000.0,100.0,manual,21990,Sevilla,41005,Sevilla,Sevilla
Citroen,Berlingo,Diésel,70000.0,100.0,manual,21990,Valencia,46001,Valencia,Valencia
Citroen,Berlingo,Diésel,58980.0,102.0,manual,17990,Palma de Mallorca,7003,Baleares,Palma de Mallorca
Citroen,Berlingo,Diésel,82900.0,100.0,manual,18790,Palma de Mallorca,7003,Baleares,Palma de Mallorca
Citroen,Berlingo,Diésel,70000.0,100.0,manual,21990,Palma de Mallorca,7003,Baleares,Palma de Mallorca
Citroen,Berlingo,Diésel,70000.0,100.0,manual,21990,Málaga,29005,Málaga,Málaga
Volvo,V60,Diésel,96000.0,149.0,manual,240,Madrid,28009,Madrid,Madrid
Volvo,V60,Diésel,99950.0,149.0,manual,488,Barcelona,8009,Barcelona,Barcelona
Citroen,DS3,Gasolina,107540.0,82.0,manual,9600,Rota,11520,Cádiz,Rota
Audi,A2,Gasolina,290000.0,75.0,manual,2490,Fuenlabrada,28946,Madrid,Fuenlabrada
Jaguar,X-Type,Gasolina,201000.0,196.0,manual,4400,Badalona,8911,Barcelona,Badalona
Alfa Romeo,MiTO,Diésel,113000.0,85.0,manual,7500,Sant Antoni de Calonge,17252,Girona,Sant Antoni de Calonge
Citroen,C4 SpaceTourer,Gasolina,87000.0,130.0,manual,408,Barcelona,8007,Barcelona,Barcelona
Citroen,C4 SpaceTourer,Diésel,118000.0,130.0,manual,405,Madrid,28006,Madrid,Madrid
Citroen,C3 Aircross,Gasolina,29600.0,110.0,manual,16500,Sant Boi de Llobregat,8830,Barcelona,Sant Boi de Llobregat
Citroen,C3 Aircross,Gasolina,48000.0,130.0,manual,470,Barcelona,8009,Barcelona,Barcelona
Citroen,C3 Aircross,Diésel,110000.0,102.0,manual,318,Barcelona,8009,Barcelona,Barcelona
Citroen,C3,Gasolina,46000.0,81.0,manual,300,Madrid,28009,Madrid,Madrid
Citroen,C3,Gasolina,43763.0,82.0,manual,12290,Madrid,28021,Madrid,Madrid
Citroen,C3,Gasolina,41573.0,82.0,manual,13455,Getafe,28906,Madrid,Getafe
Citroen,C3,Gasolina,134583.0,95.0,automatic,8290,Las Rozas de Madrid,28232,Madrid,Las Rozas de Madrid
Infiniti,Q50,Gasolina,65274.0,211.0,automatic,16060,Mercado Parque Corredor del Henares,28850,Madrid,Mercado Parque Corredor del Henares
Citroen,Grand C4 Picasso,Gasolina,109277.0,130.0,manual,14250,Santa Maria del Aguila,4710,Almería,Santa Maria del Aguila
Citroen,Grand C4 Picasso,Gasolina,109277.0,130.0,manual,14250,Ciudad Real,13003,Ciudad Real,Ciudad Real
Citroen,Grand C4 Picasso,Gasolina,109277.0,130.0,manual,14250,Santiago de Compostela,15703,A Coruña,Santiago de Compostela
Jaguar,XE,Diésel,59523.0,163.0,automatic,22990,Alicante,3010,Alicante,Alicante
Jaguar,XE,Diésel,59523.0,163.0,automatic,22990,Alicante,3010,Murcia,Alicante
Jaguar,XE,Diésel,59523.0,163.0,automatic,22990,Bilbao,48004,Bizkaia,Bilbao
SsangYong,Kyron,Diésel,157000.0,165.0,automatic,8490,Catarroja,46470,Valencia,Catarroja
SsangYong,Kyron,Diésel,157000.0,165.0,automatic,8490,Catarroja,46470,Valencia,Catarroja
SsangYong,Kyron,Diésel,157000.0,165.0,automatic,8490,Catarroja,46470,Valencia,Catarroja
SsangYong,Kyron,Diésel,157000.0,165.0,automatic,8490,Catarroja,46470,Valencia,Catarroja
SsangYong,Korando,Gasolina,3538.0,150.0,manual,23899,Madrid,28014,Madrid,Madrid
SsangYong,Korando,Gasolina,3538.0,150.0,manual,23699,Madrid,28014,Madrid,Madrid
SsangYong,Korando,Gasolina,3538.0,150.0,manual,23899,Barcelona,8007,Barcelona,Barcelona
SsangYong,Korando,Gasolina,3538.0,150.0,manual,23699,Barcelona,8007,Barcelona,Barcelona
Citroen,Grand C4 Picasso,Gasolina,109277.0,130.0,manual,14250,Valdepeñas,13300,Ciudad Real,Valdepeñas
Citroen,Grand C4 Picasso,Gasolina,109277.0,130.0,manual,14250,Valdepeñas,13300,Ciudad Real,Valdepeñas
Citroen,Grand C4 Picasso,Gasolina,109277.0,130.0,manual,14250,Saladar,3700,Alicante,Saladar
Citroen,Grand C4 Picasso,Gasolina,109277.0,130.0,manual,14250,Vigo,36214,Pontevedra,Vigo
Citroen,Grand C4 Picasso,Gasolina,109277.0,130.0,manual,14250,Sant Vicenç de Montalt,8394,Barcelona,Sant Vicenç de Montalt
Citroen,Grand C4 Picasso,Gasolina,109277.0,130.0,manual,14250,Murcia,30003,Murcia,Murcia
Opel,Insignia,Diésel,94687.0,170.0,automatic,16800,Valladolid,47004,Valladolid,Valladolid
Opel,Insignia,Diésel,146166.0,170.0,automatic,13973,Vigo,36214,Pontevedra,Vigo
Opel,Insignia,Diésel,94687.0,170.0,automatic,16800,Barcelona,8008,Barcelona,Barcelona
Opel,Insignia,Diésel,146166.0,170.0,automatic,13973,Olèrdola,8734,Barcelona,Olèrdola
Opel,Insignia,Diésel,146166.0,170.0,automatic,13973,Olèrdola,8734,Barcelona,Olèrdola
Opel,Insignia,Diésel,94687.0,170.0,automatic,16800,Barcelona,8013,Barcelona,Barcelona
Opel,Insignia,Diésel,94687.0,170.0,automatic,16800,Almería,4001,Almería,Almería
Opel,Insignia,Diésel,94687.0,170.0,automatic,16800,A Coruña,15003,A Coruña,A Coruña
Opel,Insignia,Diésel,94687.0,170.0,automatic,16800,Donostia-San Sebastián,20005,Gipuzkoa,Donostia-San Sebastián
Opel,Insignia,Diésel,94687.0,170.0,automatic,16800,Zaragoza,50003,Zaragoza,Zaragoza
Opel,Insignia,Diésel,146166.0,170.0,automatic,13973,Torremolinos,29620,Málaga,Torremolinos
Opel,Insignia,Diésel,146166.0,170.0,automatic,13973,Torremolinos,29620,Málaga,Torremolinos
Opel,Insignia,Diésel,146166.0,170.0,automatic,13973,Torremolinos,29620,Málaga,Torremolinos
Opel,Corsa,Diésel,99000.0,75.0,manual,6490,Granollers,8403,Barcelona,Granollers
Opel,Corsa,Gasolina,39543.0,75.0,manual,14433,Santa Maria del Aguila,4710,Almería,Santa Maria del Aguila
Opel,Corsa,Gasolina,39543.0,75.0,manual,14433,Ciudad Real,13003,Ciudad Real,Ciudad Real
Opel,Corsa,Gasolina,20969.0,75.0,manual,14720,Santiago de Compostela,15703,A Coruña,Santiago de Compostela
Opel,Corsa,Gasolina,39543.0,75.0,manual,14433,Valdepeñas,13300,Ciudad Real,Valdepeñas
Opel,Corsa,Gasolina,39543.0,75.0,manual,14433,Valdepeñas,13300,Ciudad Real,Valdepeñas
Opel,Corsa,Gasolina,20969.0,75.0,manual,14720,Valdepeñas,13300,Ciudad Real,Valdepeñas
Opel,Corsa,Gasolina,20969.0,75.0,manual,14720,Valdepeñas,13300,Ciudad Real,Valdepeñas
Opel,Corsa,Gasolina,44316.0,100.0,manual,14100,Valladolid,47004,Valladolid,Valladolid
Opel,Corsa,Gasolina,39543.0,75.0,manual,14433,Saladar,3700,Alicante,Saladar
Opel,Corsa,Gasolina,20969.0,75.0,manual,14720,Saladar,3700,Alicante,Saladar
Opel,Corsa,Gasolina,39543.0,75.0,manual,14433,Mercado Parque Corredor del Henares,28850,Madrid,Mercado Parque Corredor del Henares
Opel,Corsa,Gasolina,20969.0,75.0,manual,14720,Murcia,30003,Murcia,Murcia
Opel,Corsa,Gasolina,20969.0,75.0,manual,14720,Estepona,29680,Málaga,Estepona
Opel,Corsa,Gasolina,20969.0,75.0,manual,14720,Vigo,36214,Pontevedra,Vigo
Opel,Corsa,Gasolina,26844.0,90.0,manual,12638,Sant Vicenç de Montalt,8394,Barcelona,Sant Vicenç de Montalt
Opel,Corsa,Gasolina,44316.0,100.0,manual,14100,Sevilla,41004,Sevilla,Sevilla
Opel,Corsa,Gasolina,39543.0,75.0,manual,14433,Sant Vicenç de Montalt,8394,Barcelona,Sant Vicenç de Montalt
Opel,Corsa,Gasolina,39543.0,75.0,manual,14433,Granollers,8403,Barcelona,Granollers
Opel,Corsa,Gasolina,39543.0,75.0,manual,14433,Murcia,30003,Murcia,Murcia
Opel,ADAM,Gasolina,63183.0,70.0,manual,8999,Barcelona,8007,Barcelona,Barcelona
Opel,ADAM,Gasolina,48301.0,87.0,manual,10490,Valencia,46001,Valencia,Valencia
Opel,ADAM,Gasolina,34945.0,100.0,manual,12990,Valencia,46001,Valencia,Valencia
Opel,ADAM,Gasolina,27230.0,100.0,manual,10990,Vigo,36211,Pontevedra,Vigo
Opel,ADAM,Gasolina,27230.0,100.0,manual,10990,Murcia,30005,Murcia,Murcia
Citroen,Xsara,Diésel,150000.0,90.0,manual,3999,Vega Santa Maria,23700,Jaén,Vega Santa Maria
Toyota,Verso,Diésel,143000.0,112.0,manual,12500,Cádiz,11006,Cádiz,Cádiz
Opel,Movano,Diésel,142300.0,130.0,manual,22500,Paterna,46980,Valencia,Paterna
Opel,Movano,Diésel,142300.0,130.0,manual,22500,Mercado Parque Corredor del Henares,28850,Madrid,Mercado Parque Corredor del Henares
Opel,Movano,Diésel,142300.0,130.0,manual,22500,Olèrdola,8734,Barcelona,Olèrdola
Opel,Movano,Diésel,142300.0,130.0,manual,22500,Olèrdola,8734,Barcelona,Olèrdola
Opel,Movano,Diésel,142300.0,130.0,manual,22500,Alameda del Obispo,14005,Córdoba,Alameda del Obispo
Opel,Movano,Diésel,142300.0,130.0,manual,22500,Hidraulica Santillana,28770,Madrid,Hidraulica Santillana
Toyota,Aygo,Gasolina,33120.0,69.0,manual,12900,Mercado Parque Corredor del Henares,28850,Madrid,Mercado Parque Corredor del Henares
Toyota,Aygo,Gasolina,33120.0,69.0,manual,12900,Valdepeñas,13300,Ciudad Real,Valdepeñas
Toyota,Aygo,Gasolina,33120.0,69.0,manual,12900,Valdepeñas,13300,Ciudad Real,Valdepeñas
Toyota,Aygo,Gasolina,33120.0,69.0,manual,12900,Estepona,29680,Málaga,Estepona
Toyota,Aygo,Gasolina,32889.0,69.0,automatic,11990,Ciudad Real,13003,Ciudad Real,Ciudad Real
Toyota,Aygo,Gasolina,33120.0,69.0,manual,12900,Hidraulica Santillana,28770,Madrid,Hidraulica Santillana
Toyota,Aygo,Gasolina,33120.0,69.0,manual,12900,Albacete,2001,Albacete,Albacete
Toyota,Aygo,Gasolina,33120.0,69.0,manual,12900,Alzira,46600,Valencia,Alzira
Toyota,Aygo,Gasolina,33120.0,69.0,manual,12900,Alzira,46600,Valencia,Alzira
Toyota,Aygo,Gasolina,33120.0,69.0,manual,12900,Alicante,3007,Alicante,Alicante
Toyota,Aygo,Gasolina,32889.0,69.0,automatic,11990,Mercabilbao,48970,Bizkaia,Mercabilbao
Toyota,Aygo,Gasolina,32889.0,69.0,automatic,11990,Castello/Castellon de La Plana,12100,Castellón,Castello/Castellon de La Plana
Citroen,C4,Gasolina,24019.0,130.0,automatic,23920,Puerto de Sagunto,46520,Valencia,Puerto de Sagunto
Citroen,C4,Gasolina,24019.0,130.0,automatic,23920,Alcobendas,28100,Madrid,Alcobendas
Citroen,C4,Gasolina,24019.0,130.0,automatic,23920,Torremolinos,29620,Málaga,Torremolinos
Citroen,C4,Gasolina,24019.0,130.0,automatic,23920,Torremolinos,29620,Málaga,Torremolinos
Citroen,C4,Gasolina,24019.0,130.0,automatic,23920,Torremolinos,29620,Málaga,Torremolinos
Citroen,C4,Gasolina,24019.0,130.0,automatic,23920,Ciudad Real,13003,Ciudad Real,Ciudad Real
Citroen,C4,Gasolina,24019.0,130.0,automatic,23920,Santiago de Compostela,15703,A Coruña,Santiago de Compostela
Opel,Crossland X,Gasolina,68000.0,110.0,manual,403,Madrid,28009,Madrid,Madrid
Opel,Crossland X,Gasolina,68000.0,110.0,manual,407,Sevilla,41018,Sevilla,Sevilla
Opel,Crossland X,Diésel,48000.0,102.0,manual,15990,Almería,4006,Almería,Almería
Opel,Crossland X,Gasolina,58562.0,130.0,manual,16795,Valencia,46020,Valencia,Valencia
Opel,Crossland X,Diésel,48000.0,102.0,manual,15990,Sevilla,41017,Sevilla,Sevilla
Opel,Crossland X,Gasolina,957.0,131.0,manual,21500,L'Hospitalet de Llobregat,8901,Barcelona,L'Hospitalet de Llobregat
Opel,Crossland X,Gasolina,71000.0,131.0,manual,16400,Cerdanyola del Vallès,8290,Barcelona,Cerdanyola del Vallès
Opel,Vectra,Diésel,51400.0,150.0,manual,900,Camporredondo,23269,Jaén,Camporredondo
Citroen,C4,Diésel,128651.0,114.0,manual,8490,Armentia,1007,Álava,Armentia
Citroen,C4,Diésel,257000.0,112.0,manual,4999,Malgrat de mar,8380,Barcelona,Malgrat de mar
Opel,Antara,Diésel,110000.0,163.0,automatic,12400,Málaga,29005,Málaga,Málaga
Opel,Antara,Diésel,110000.0,163.0,automatic,12400,Camarma de Esteruelas,28816,Madrid,Camarma de Esteruelas
Opel,Antara,Diésel,110000.0,163.0,automatic,12400,Camarma de Esteruelas,28816,Madrid,Camarma de Esteruelas
Opel,Antara,Diésel,110000.0,163.0,automatic,12400,Almería,4006,Almería,Almería
Citroen,C5,Diésel,123918.0,140.0,manual,8299,Madrid,28014,Madrid,Madrid
Citroen,C5,Diésel,123918.0,140.0,manual,8099,Madrid,28014,Madrid,Madrid
Citroen,C5,Diésel,123918.0,140.0,manual,8299,Barcelona,8007,Barcelona,Barcelona
Citroen,C5,Diésel,123918.0,140.0,manual,8099,Barcelona,8007,Barcelona,Barcelona
Opel,Astra,Gasolina,143399.0,125.0,manual,13685,Ciudad Real,13003,Ciudad Real,Ciudad Real
Opel,Astra,Gasolina,143399.0,125.0,manual,13685,Valdepeñas,13300,Ciudad Real,Valdepeñas
Opel,Astra,Gasolina,143399.0,125.0,manual,13685,Valdepeñas,13300,Ciudad Real,Valdepeñas
Opel,Astra,Gasolina,143399.0,125.0,manual,13685,Saladar,3700,Alicante,Saladar
Opel,Astra,Gasolina,33800.0,105.0,manual,13990,Almería,4006,Almería,Almería
Opel,Astra,Gasolina,4990.0,125.0,manual,14490,Bilbao,48004,Bizkaia,Bilbao
Opel,Astra,Gasolina,4990.0,125.0,manual,14390,Bilbao,48004,Bizkaia,Bilbao
Opel,Astra,Gasolina,99167.0,140.0,automatic,8990,Málaga,29005,Málaga,Málaga
Opel,Astra,Gasolina,4990.0,125.0,manual,14490,Granada,18005,Granada,Granada
Opel,Astra,Gasolina,33800.0,105.0,manual,13990,Granada,18005,Granada,Granada
Audi,A7,Diésel,191000.0,272.0,automatic,25790,Camarma de Esteruelas,28816,Madrid,Camarma de Esteruelas
Audi,A7,Diésel,191000.0,272.0,automatic,25790,Camarma de Esteruelas,28816,Madrid,Camarma de Esteruelas
Audi,A7,Diésel,83996.0,218.0,automatic,35990,Alicante,3010,Alicante,Alicante
Audi,A7,Diésel,83996.0,218.0,automatic,35990,Alicante,3010,Murcia,Alicante
Audi,A7,Diésel,83996.0,218.0,automatic,35990,Almería,4006,Almería,Almería
Citroen,Grand C4 Picasso,Gasolina,72524.0,130.0,manual,15350,Puerto de Sagunto,46520,Valencia,Puerto de Sagunto
Citroen,Grand C4 Picasso,Gasolina,72524.0,130.0,manual,15350,Torremolinos,29620,Málaga,Torremolinos
Citroen,Grand C4 Picasso,Gasolina,72524.0,130.0,manual,15350,Torremolinos,29620,Málaga,Torremolinos
Citroen,Grand C4 Picasso,Gasolina,72524.0,130.0,manual,15350,Torremolinos,29620,Málaga,Torremolinos
Citroen,Grand C4 Picasso,Gasolina,72524.0,130.0,manual,15350,Ciudad Real,13003,Ciudad Real,Ciudad Real
Citroen,Grand C4 Picasso,Gasolina,72524.0,130.0,manual,15350,Getafe,28906,Madrid,Getafe
Citroen,Grand C4 Picasso,Gasolina,72524.0,130.0,manual,15350,Albacete,2001,Albacete,Albacete
Citroen,Grand C4 Picasso,Gasolina,72524.0,130.0,manual,15350,Hidraulica Santillana,28770,Madrid,Hidraulica Santillana
Citroen,Grand C4 Picasso,Gasolina,72524.0,130.0,manual,15350,Santafe,18320,Granada,Santafe
Citroen,Grand C4 Picasso,Diésel,140364.0,150.0,manual,15900,Olèrdola,8734,Barcelona,Olèrdola
Citroen,Grand C4 Picasso,Diésel,140364.0,150.0,manual,15900,Olèrdola,8734,Barcelona,Olèrdola
Citroen,Grand C4 Picasso,Diésel,123136.0,115.0,automatic,12650,Mercado Parque Corredor del Henares,28850,Madrid,Mercado Parque Corredor del Henares
Citroen,Grand C4 Picasso,Diésel,140364.0,150.0,manual,15900,Mercado Parque Corredor del Henares,28850,Madrid,Mercado Parque Corredor del Henares
Citroen,Grand C4 Picasso,Gasolina,72524.0,130.0,manual,15350,Alicante,3007,Alicante,Alicante
Citroen,Grand C4 Picasso,Gasolina,72524.0,130.0,manual,15350,Las Rozas de Madrid,28232,Madrid,Las Rozas de Madrid
Citroen,Grand C4 Picasso,Gasolina,72524.0,130.0,manual,15350,Mercabilbao,48970,Bizkaia,Mercabilbao
Citroen,Grand C4 Picasso,Gasolina,72524.0,130.0,manual,15350,Zaragoza,50013,Zaragoza,Zaragoza
Citroen,Grand C4 Picasso,Gasolina,72524.0,130.0,manual,15350,Atarrabia,31610,Navarra,Atarrabia
Citroen,Grand C4 Picasso,Gasolina,72524.0,130.0,manual,15350,Alameda del Obispo,14005,Córdoba,Alameda del Obispo
Citroen,Grand C4 Picasso,Diésel,120486.0,120.0,automatic,14599,Madrid,28014,Madrid,Madrid
Citroen,Grand C4 Picasso,Diésel,96390.0,120.0,manual,15699,Barcelona,8007,Barcelona,Barcelona
Citroen,Grand C4 Picasso,Diésel,96390.0,120.0,manual,15399,Barcelona,8007,Barcelona,Barcelona
Citroen,Grand C4 Picasso,Gasolina,85303.0,130.0,manual,17599,Madrid,28014,Madrid,Madrid
Citroen,Grand C4 Picasso,Gasolina,85303.0,130.0,manual,17599,Barcelona,8007,Barcelona,Barcelona
Citroen,Grand C4 Picasso,Diésel,183000.0,150.0,automatic,16999,Orilla del Azarbe,30163,Murcia,Orilla del Azarbe
Opel,Combo Life,Diésel,40704.0,100.0,manual,18990,Bilbao,48004,Bizkaia,Bilbao
Opel,Combo Life,Diésel,40704.0,100.0,manual,18990,Sevilla,41005,Sevilla,Sevilla
Opel,Combo Life,Gasolina,10.0,130.0,automatic,28800,Sant Fruitós de Bages,8272,Barcelona,Sant Fruitós de Bages
Opel,Combo Life,Diésel,14508.0,131.0,manual,27600,Murcia,30003,Murcia,Murcia
Opel,Combo Life,Diésel,14508.0,131.0,manual,27600,Zaragoza,50013,Zaragoza,Zaragoza
Opel,Combo Life,Diésel,0.0,100.0,manual,24999,San Fernando de Henares,28830,Madrid,San Fernando de Henares
Opel,Combo Life,Diésel,0.0,100.0,manual,24999,Fortiñon,15168,A Coruña,Fortiñon
Opel,Combo Life,Diésel,85227.0,131.0,automatic,20099,Barcelona,8007,Barcelona,Barcelona
Opel,Combo Life,Diésel,85227.0,131.0,automatic,19799,Barcelona,8007,Barcelona,Barcelona
Audi,A3,Diésel,93000.0,105.0,manual,13900,Valencia,46002,Valencia,Valencia
Opel,Combo,Diésel,54000.0,100.0,manual,12790,Palau-Solita I Plegamans,8184,Barcelona,Palau-Solita I Plegamans
Opel,Combo,Diésel,54000.0,100.0,manual,12790,Palau-Solita I Plegamans,8184,Barcelona,Palau-Solita I Plegamans
Opel,Combo,Diésel,54000.0,100.0,manual,12790,Alicante,3010,Alicante,Alicante
Opel,Combo,Diésel,54000.0,100.0,manual,12790,Alicante,3010,Murcia,Alicante
Opel,Combo,Diésel,54000.0,100.0,manual,12790,Almería,4006,Almería,Almería
Opel,Combo,Diésel,54000.0,100.0,manual,12790,Òrrius,8317,Barcelona,Òrrius
Opel,Combo,Diésel,54000.0,100.0,manual,12790,Granada,18005,Granada,Granada
Opel,Combo,Diésel,54000.0,100.0,manual,12790,Málaga,29005,Málaga,Málaga
Opel,Combo,Diésel,54000.0,100.0,manual,12790,Murcia,30005,Murcia,Murcia
Opel,Grandland X,Diésel,99950.0,130.0,manual,450,Barcelona,8007,Barcelona,Barcelona
Opel,Grandland X,Diésel,51000.0,130.0,manual,280,Gandía,46701,Valencia,Gandía
Opel,Grandland X,Diésel,51000.0,130.0,manual,496,Madrid,28006,Madrid,Madrid
Opel,Grandland X,Gasolina,35339.0,130.0,manual,23490,Madrid,28021,Madrid,Madrid
Opel,Grandland X,Gasolina,35339.0,130.0,manual,22990,Madrid,28021,Madrid,Madrid
Opel,Mokka X,Gasolina,71717.0,140.0,manual,14990,Málaga,29005,Málaga,Málaga
Opel,Mokka X,Gasolina,71717.0,140.0,manual,14990,Vigo,36211,Pontevedra,Vigo
Opel,Mokka X,Gasolina,71717.0,140.0,manual,14990,Alicante,3010,Alicante,Alicante
Opel,Mokka X,Gasolina,71717.0,140.0,manual,14990,Alicante,3010,Murcia,Alicante
Opel,Mokka X,Gasolina,89998.0,140.0,automatic,15990,Alicante,3010,Alicante,Alicante
Opel,Mokka X,Gasolina,89998.0,140.0,automatic,15990,Alicante,3010,Murcia,Alicante
Opel,Zafira Tourer,Diésel,127378.0,165.0,manual,14289,Murcia,30003,Murcia,Murcia
Opel,Zafira Tourer,Diésel,127378.0,165.0,manual,14289,Olèrdola,8734,Barcelona,Olèrdola
Opel,Zafira Tourer,Diésel,127378.0,165.0,manual,14289,Olèrdola,8734,Barcelona,Olèrdola
Opel,Zafira Tourer,Diésel,127378.0,165.0,manual,14289,Atarrabia,31610,Navarra,Atarrabia
Opel,Zafira Tourer,Diésel,127378.0,165.0,manual,14289,Alameda del Obispo,14005,Córdoba,Alameda del Obispo
Opel,Zafira Tourer,Diésel,127378.0,165.0,manual,14289,Santiago de Compostela,15703,A Coruña,Santiago de Compostela
Opel,Zafira Tourer,Diésel,127378.0,165.0,manual,14289,Mercado Parque Corredor del Henares,28850,Madrid,Mercado Parque Corredor del Henares
Opel,Zafira Tourer,Diésel,127378.0,165.0,manual,14289,Sant Vicenç de Montalt,8394,Barcelona,Sant Vicenç de Montalt
Opel,Zafira Tourer,Diésel,127378.0,165.0,manual,14289,Zaragoza,50013,Zaragoza,Zaragoza
Opel,Zafira Tourer,Diésel,127378.0,165.0,manual,14289,Albacete,2001,Albacete,Albacete
Opel,Zafira Tourer,Diésel,127378.0,165.0,manual,14289,Badajoz,6008,Badajoz,Badajoz
Opel,Zafira Tourer,Diésel,127378.0,165.0,manual,14289,Alcobendas,28100,Madrid,Alcobendas
Opel,Zafira Tourer,Diésel,127378.0,165.0,manual,14289,Puerto de Sagunto,46520,Valencia,Puerto de Sagunto
Opel,Zafira Tourer,Diésel,127378.0,165.0,manual,14289,Hidraulica Santillana,28770,Madrid,Hidraulica Santillana
Opel,Zafira Tourer,Diésel,127378.0,165.0,manual,14289,Alicante,3007,Alicante,Alicante
Opel,Zafira Tourer,Diésel,127378.0,165.0,manual,14289,Alcalá de Guadaíra,41500,Sevilla,Alcalá de Guadaíra
Opel,Zafira Tourer,Diésel,127378.0,165.0,manual,14289,Paterna,46980,Valencia,Paterna
Opel,Zafira Tourer,Diésel,127378.0,165.0,manual,14289,Santafe,18320,Granada,Santafe
Toyota,Land Cruiser 100,Diésel,149000.0,204.0,manual,37990,Santimami,48940,Bizkaia,Santimami
Opel,Crossland,Gasolina,49202.0,110.0,manual,17900,Mataró,8302,Barcelona,Mataró
Galloper,Exceed,Diésel,199800.0,100.0,manual,3695,Almargen,29330,Málaga,Almargen
Infiniti,QX70,Gasolina,118600.0,320.0,automatic,31050,Torremolinos,29620,Málaga,Torremolinos
Infiniti,QX70,Gasolina,118600.0,320.0,automatic,31050,Torremolinos,29620,Málaga,Torremolinos
Infiniti,QX70,Gasolina,118600.0,320.0,automatic,31050,Torremolinos,29620,Málaga,Torremolinos
Infiniti,QX70,Gasolina,118600.0,320.0,automatic,31050,Collado Villalba,28400,Madrid,Collado Villalba
Infiniti,QX70,Gasolina,118600.0,320.0,automatic,31050,Collado Villalba,28400,Madrid,Collado Villalba
Infiniti,QX70,Gasolina,118600.0,320.0,automatic,31050,Santafe,18320,Granada,Santafe
Infiniti,QX70,Gasolina,118600.0,320.0,automatic,31050,Albacete,2001,Albacete,Albacete
Infiniti,QX70,Gasolina,118600.0,320.0,automatic,31050,Valdepeñas,13300,Ciudad Real,Valdepeñas
Infiniti,QX70,Gasolina,118600.0,320.0,automatic,31050,Valdepeñas,13300,Ciudad Real,Valdepeñas
Infiniti,QX70,Gasolina,118600.0,320.0,automatic,31050,Estepona,29680,Málaga,Estepona
Infiniti,QX70,Gasolina,118600.0,320.0,automatic,31050,Olèrdola,8734,Barcelona,Olèrdola
Infiniti,QX70,Gasolina,118600.0,320.0,automatic,31050,Olèrdola,8734,Barcelona,Olèrdola
Infiniti,QX70,Gasolina,118600.0,320.0,automatic,31050,Alcobendas,28100,Madrid,Alcobendas
Infiniti,QX70,Gasolina,118600.0,320.0,automatic,31050,Castello/Castellon de La Plana,12100,Castellón,Castello/Castellon de La Plana
Infiniti,QX70,Gasolina,118600.0,320.0,automatic,31050,Zaragoza,50013,Zaragoza,Zaragoza
Infiniti,QX70,Gasolina,118600.0,320.0,automatic,31050,Paterna,46980,Valencia,Paterna
Infiniti,QX70,Gasolina,118600.0,320.0,automatic,31050,Puerto de Sagunto,46520,Valencia,Puerto de Sagunto
Infiniti,QX70,Gasolina,118600.0,320.0,automatic,31050,Alicante,3007,Alicante,Alicante
Infiniti,QX70,Gasolina,118600.0,320.0,automatic,31050,Hidraulica Santillana,28770,Madrid,Hidraulica Santillana
Citroen,C6,Diésel,129000.0,170.0,automatic,7990,Barcelona,8041,Barcelona,Barcelona
Maserati,Ghibli,Diésel,128000.0,275.0,automatic,29900,Fuenlabrada,28941,Madrid,Fuenlabrada
Jeep,Renegade,Diésel,44417.0,140.0,manual,26900,Santafe,18320,Granada,Santafe
Jeep,Renegade,Gasolina,81962.0,110.0,manual,16199,Barcelona,8007,Barcelona,Barcelona
Jeep,Renegade,Gasolina,81962.0,110.0,manual,15699,Barcelona,8007,Barcelona,Barcelona
Jeep,Renegade,Diésel,198000.0,120.0,manual,12990,Parla,28984,Madrid,Parla
KIA,Picanto,Gasolina,48000.0,85.0,manual,9500,Barcelona,8014,Barcelona,Barcelona
Audi,Q3,Diésel,171059.0,177.0,automatic,17500,Saladar,3700,Alicante,Saladar
Audi,Q3,Diésel,171059.0,177.0,automatic,17500,Vigo,36214,Pontevedra,Vigo
Audi,Q3,Diésel,171059.0,177.0,automatic,17500,Sant Vicenç de Montalt,8394,Barcelona,Sant Vicenç de Montalt
Lexus,CT,Eléctrico,20430.0,136.0,automatic,25900,Torremolinos,29620,Málaga,Torremolinos
Lexus,CT,Eléctrico,20430.0,136.0,automatic,25900,Torremolinos,29620,Málaga,Torremolinos
Lexus,CT,Eléctrico,20430.0,136.0,automatic,25900,Torremolinos,29620,Málaga,Torremolinos
Lexus,CT,Eléctrico,20430.0,136.0,automatic,25900,Olèrdola,8734,Barcelona,Olèrdola
Lexus,CT,Eléctrico,20430.0,136.0,automatic,25900,Olèrdola,8734,Barcelona,Olèrdola
Lexus,CT,Eléctrico,20430.0,136.0,automatic,25900,Mercado Parque Corredor del Henares,28850,Madrid,Mercado Parque Corredor del Henares
Lexus,CT,Eléctrico,59000.0,136.0,automatic,18800,Humanes de Madrid,28970,Madrid,Humanes de Madrid
KIA,Optima,Diésel,150000.0,136.0,automatic,17000,Almagro,13270,Ciudad Real,Almagro
KIA,Optima,Diésel,150000.0,136.0,automatic,17500,Almagro,13270,Ciudad Real,Almagro
KIA,Carens,Diésel,132738.0,136.0,manual,12098,Alicante,3007,Alicante,Alicante
KIA,Carens,Diésel,132738.0,136.0,manual,12098,Hidraulica Santillana,28770,Madrid,Hidraulica Santillana
KIA,Ceed,Gasolina,98000.0,119.0,manual,312,Barcelona,8007,Barcelona,Barcelona
KIA,Ceed,Gasolina,98000.0,119.0,manual,208,Barcelona,8007,Barcelona,Barcelona
KIA,Ceed,Diésel,86000.0,136.0,manual,412,Barcelona,8009,Barcelona,Barcelona
KIA,Ceed,Diésel,140000.0,90.0,manual,8390,Málaga,29005,Málaga,Málaga
KIA,Ceed,Diésel,140000.0,90.0,manual,8390,Urbanizacion La Granjilla,28700,Madrid,Urbanizacion La Granjilla
KIA,Ceed,Gasolina,150000.0,120.0,manual,13900,Cádiz,11006,Cádiz,Cádiz
KIA,Ceed,Diésel,159000.0,128.0,manual,10650,Poligono Los Villares Reina,37184,Salamanca,Poligono Los Villares Reina
KIA,XCeed,Gasolina,37800.0,120.0,manual,19970,Foios,46134,Valencia,Foios
Skoda,Octavia,Diésel,111000.0,115.0,manual,383,Valencia,46005,Valencia,Valencia
Skoda,Octavia,Diésel,88114.0,115.0,manual,14920,Murcia,30003,Murcia,Murcia
Skoda,Octavia,Diésel,88114.0,115.0,manual,14920,Olèrdola,8734,Barcelona,Olèrdola
Skoda,Octavia,Diésel,88114.0,115.0,manual,14920,Olèrdola,8734,Barcelona,Olèrdola
Skoda,Octavia,Diésel,84304.0,115.0,automatic,13990,Vigo,36211,Pontevedra,Vigo
Skoda,Octavia,Diésel,84304.0,115.0,automatic,13790,Vigo,36211,Pontevedra,Vigo
Audi,Q3,Diésel,171059.0,177.0,automatic,17500,Granollers,8403,Barcelona,Granollers
Audi,Q3,Diésel,171059.0,177.0,automatic,17500,Murcia,30003,Murcia,Murcia
Audi,Q3,Diésel,171059.0,177.0,automatic,17500,Olèrdola,8734,Barcelona,Olèrdola
Audi,Q3,Diésel,171059.0,177.0,automatic,17500,Olèrdola,8734,Barcelona,Olèrdola
Jeep,Wrangler,Diésel,103530.0,200.0,automatic,34990,Alicante,3010,Alicante,Alicante
Jeep,Wrangler,Diésel,103530.0,200.0,automatic,34990,Alicante,3010,Murcia,Alicante
Audi,Q3,Diésel,171059.0,177.0,automatic,17500,Barcelona,8007,Barcelona,Barcelona
Skoda,Karoq,Diésel,105913.0,150.0,manual,19490,Sevilla,41005,Sevilla,Sevilla
Skoda,Karoq,Diésel,105913.0,150.0,manual,19490,Castellón,12001,Castellón,Castellón
Skoda,Karoq,Diésel,105913.0,150.0,manual,19490,Valencia,46001,Valencia,Valencia
Skoda,Karoq,Diésel,150900.0,150.0,manual,19490,Colonia Pablo Iglesias,28520,Madrid,Colonia Pablo Iglesias
Audi,SQ5,Diésel,124383.0,313.0,automatic,26990,Alicante,3010,Alicante,Alicante
Audi,SQ5,Diésel,124383.0,313.0,automatic,26990,Alicante,3010,Murcia,Alicante
Audi,SQ5,Diésel,124383.0,313.0,automatic,24490,Alicante,3010,Alicante,Alicante
Audi,SQ5,Diésel,124383.0,313.0,automatic,24490,Alicante,3010,Murcia,Alicante
Audi,SQ5,Diésel,124383.0,313.0,automatic,26990,Bilbao,48004,Bizkaia,Bilbao
Audi,SQ5,Diésel,124383.0,313.0,automatic,24490,Bilbao,48004,Bizkaia,Bilbao
SEAT,Ibiza,Otros,99139.0,90.0,manual,13225,Murcia,30003,Murcia,Murcia
SEAT,Ibiza,Gasolina,86635.0,95.0,manual,11490,Sevilla,41005,Sevilla,Sevilla
SEAT,Ibiza,Gasolina,76967.0,80.0,manual,12550,Ciudad Real,13003,Ciudad Real,Ciudad Real
SEAT,Ibiza,Otros,99139.0,90.0,manual,13225,Valdepeñas,13300,Ciudad Real,Valdepeñas
SEAT,Ibiza,Otros,99139.0,90.0,manual,13225,Valdepeñas,13300,Ciudad Real,Valdepeñas
SEAT,Ibiza,Otros,99139.0,90.0,manual,13225,Vigo,36214,Pontevedra,Vigo
SEAT,Ibiza,Gasolina,86635.0,95.0,manual,11490,Alicante,3010,Alicante,Alicante
SEAT,Ibiza,Gasolina,86635.0,95.0,manual,11490,Alicante,3010,Murcia,Alicante
SEAT,Ibiza,Gasolina,86635.0,95.0,manual,11490,Vigo,36211,Pontevedra,Vigo
SEAT,Ibiza,Diésel,66465.0,95.0,manual,14990,Sevilla,41005,Sevilla,Sevilla
SEAT,Ibiza,Diésel,66465.0,95.0,manual,13990,Sevilla,41005,Sevilla,Sevilla
SEAT,Ibiza,Gasolina,86635.0,95.0,manual,11490,Almería,4006,Almería,Almería
SEAT,Ibiza,Gasolina,92017.0,95.0,manual,10990,Almería,4006,Almería,Almería
SEAT,Ibiza,Gasolina,38800.0,115.0,manual,14990,Almería,4006,Almería,Almería
SEAT,Tarraco,Diésel,53300.0,150.0,manual,27990,Murcia,30005,Murcia,Murcia
KIA,Niro,Eléctrico,195000.0,141.0,manual,12990,Madrid,28050,Madrid,Madrid
Hyundai,IONIQ,Eléctrico,24086.0,141.0,automatic,24725,Torremolinos,29620,Málaga,Torremolinos
Hyundai,IONIQ,Eléctrico,24086.0,141.0,automatic,24725,Torremolinos,29620,Málaga,Torremolinos
Hyundai,IONIQ,Eléctrico,24086.0,141.0,automatic,24725,Torremolinos,29620,Málaga,Torremolinos
Hyundai,IONIQ,Eléctrico,38672.0,141.0,automatic,19550,Olèrdola,8734,Barcelona,Olèrdola
Hyundai,IONIQ,Eléctrico,38672.0,141.0,automatic,19550,Olèrdola,8734,Barcelona,Olèrdola
Hyundai,IONIQ,Eléctrico,38672.0,141.0,automatic,19550,Mercado Parque Corredor del Henares,28850,Madrid,Mercado Parque Corredor del Henares
Hyundai,IONIQ,Eléctrico,24086.0,141.0,automatic,24725,Olèrdola,8734,Barcelona,Olèrdola
Hyundai,IONIQ,Eléctrico,24086.0,141.0,automatic,24725,Olèrdola,8734,Barcelona,Olèrdola
Hyundai,IONIQ,Eléctrico,24086.0,141.0,automatic,24725,Mercado Parque Corredor del Henares,28850,Madrid,Mercado Parque Corredor del Henares
Audi,A6 Allroad,Diésel,90450.0,218.0,manual,34200,Rota,11520,Cádiz,Rota
KIA,Rio,Diésel,65658.0,75.0,manual,8990,Málaga,29005,Málaga,Málaga
KIA,Rio,Gasolina,78000.0,84.0,manual,10490,Málaga,29005,Málaga,Málaga
KIA,Rio,Gasolina,49296.0,84.0,manual,10390,Málaga,29006,Málaga,Málaga
KIA,Rio,Gasolina,49296.0,84.0,manual,11190,Málaga,29006,Málaga,Málaga
Renault,Megane,Diésel,55000.0,110.0,manual,17950,Sant Feliu de Guíxols,17220,Girona,Sant Feliu de Guíxols
Renault,Megane,Gasolina,139361.0,130.0,manual,12535,Mercado Parque Corredor del Henares,28850,Madrid,Mercado Parque Corredor del Henares
Renault,Megane,Gasolina,44009.0,130.0,automatic,18800,Saladar,3700,Alicante,Saladar
Renault,Megane,Diésel,55622.0,130.0,manual,18055,Vigo,36214,Pontevedra,Vigo
Renault,Megane,Diésel,55622.0,130.0,manual,18055,Ciudad Real,13003,Ciudad Real,Ciudad Real
Renault,Megane,Gasolina,44009.0,130.0,automatic,18800,Ciudad Real,13003,Ciudad Real,Ciudad Real
Renault,Megane,Gasolina,139361.0,130.0,manual,12535,Santiago de Compostela,15703,A Coruña,Santiago de Compostela
Renault,Megane,Diésel,55622.0,130.0,manual,18055,Santiago de Compostela,15703,A Coruña,Santiago de Compostela
Renault,Megane,Gasolina,44009.0,130.0,automatic,18800,Santiago de Compostela,15703,A Coruña,Santiago de Compostela
Renault,Megane,Gasolina,44009.0,130.0,automatic,18800,Valdepeñas,13300,Ciudad Real,Valdepeñas
Renault,Megane,Gasolina,44009.0,130.0,automatic,18800,Valdepeñas,13300,Ciudad Real,Valdepeñas
KIA,Stonic,Gasolina,24780.0,100.0,manual,17250,Castello/Castellon de La Plana,12100,Castellón,Castello/Castellon de La Plana
KIA,Stonic,Gasolina,24780.0,100.0,manual,17250,Colonia Pablo Iglesias,28520,Madrid,Colonia Pablo Iglesias
KIA,Stonic,Gasolina,24780.0,100.0,manual,17250,Sant Vicenç de Montalt,8394,Barcelona,Sant Vicenç de Montalt
KIA,Stonic,Gasolina,24780.0,100.0,manual,17250,Puerto de Sagunto,46520,Valencia,Puerto de Sagunto
KIA,Stonic,Gasolina,24780.0,100.0,manual,17250,Alzira,46600,Valencia,Alzira
KIA,Stonic,Gasolina,24780.0,100.0,manual,17250,Alzira,46600,Valencia,Alzira
KIA,Stonic,Gasolina,24780.0,100.0,manual,17250,Alicante,3007,Alicante,Alicante
Renault,ZOE,Eléctrico,51135.0,92.0,automatic,16590,Madrid,28021,Madrid,Madrid
Renault,ZOE,Eléctrico,68000.0,92.0,automatic,12900,Arroyomolinos,28939,Madrid,Arroyomolinos
Renault,ZOE,Eléctrico,68000.0,92.0,automatic,12900,Arroyomolinos,28939,Madrid,Arroyomolinos
Skoda,Kamiq,Gasolina,34597.0,150.0,manual,330,Algete,28110,Madrid,Algete
Nissan,Micra,Gasolina,31000.0,100.0,manual,14990,Madrid,28044,Madrid,Madrid
Nissan,Micra,Gasolina,22700.0,100.0,manual,13990,Òrrius,8317,Barcelona,Òrrius
Nissan,Micra,Gasolina,22700.0,100.0,manual,13990,Castellón,12001,Castellón,Castellón
Nissan,Micra,Gasolina,22700.0,100.0,manual,13990,Almería,4006,Almería,Almería
Nissan,Micra,Gasolina,22700.0,100.0,manual,13990,Ullastrell,8231,Barcelona,Ullastrell
Nissan,Micra,Gasolina,22700.0,100.0,manual,13990,Alicante,3010,Alicante,Alicante
Nissan,Micra,Gasolina,22700.0,100.0,manual,13990,Alicante,3010,Murcia,Alicante
Nissan,Micra,Gasolina,22700.0,100.0,manual,13990,Vigo,36211,Pontevedra,Vigo
Citroen,Jumpy,Diésel,102380.0,95.0,manual,20585,Ciudad Real,13003,Ciudad Real,Ciudad Real
Citroen,Jumpy,Diésel,102380.0,95.0,manual,20585,Hidraulica Santillana,28770,Madrid,Hidraulica Santillana
Citroen,Jumpy,Diésel,102380.0,95.0,manual,20585,Castello/Castellon de La Plana,12100,Castellón,Castello/Castellon de La Plana
Citroen,Jumpy,Diésel,102380.0,95.0,manual,20585,Alzira,46600,Valencia,Alzira
Citroen,Jumpy,Diésel,102380.0,95.0,manual,20585,Alzira,46600,Valencia,Alzira
Citroen,Jumpy,Diésel,102380.0,95.0,manual,20585,Estepona,29680,Málaga,Estepona
Citroen,Jumpy,Diésel,102380.0,95.0,manual,20585,Colonia Pablo Iglesias,28520,Madrid,Colonia Pablo Iglesias
Citroen,Jumpy,Diésel,68000.0,120.0,manual,27900,San Luis de Sabinillas,29692,Málaga,San Luis de Sabinillas
Citroen,Jumpy,Diésel,68000.0,120.0,manual,27900,San Luis de Sabinillas,29692,Málaga,San Luis de Sabinillas
Renault,Kangoo,Diésel,107000.0,90.0,manual,10990,Vigo,36211,Pontevedra,Vigo
Renault,Kangoo,Diésel,107000.0,90.0,manual,10990,Málaga,29005,Málaga,Málaga
SEAT,Exeo,Diésel,180000.0,120.0,manual,5999,Sabadell,8203,Barcelona,Sabadell
Audi,A8,Diésel,188410.0,250.0,automatic,22990,Vigo,36211,Pontevedra,Vigo
Chevrolet,Orlando,Diésel,74533.0,163.0,automatic,12950,Olèrdola,8734,Barcelona,Olèrdola
Chevrolet,Orlando,Diésel,74533.0,163.0,automatic,12950,Olèrdola,8734,Barcelona,Olèrdola
Chevrolet,Orlando,Diésel,74533.0,163.0,automatic,12950,Mercado Parque Corredor del Henares,28850,Madrid,Mercado Parque Corredor del Henares
Renault,Kadjar,Gasolina,8909.0,160.0,automatic,27990,Vigo,36214,Pontevedra,Vigo
Renault,Kadjar,Diésel,80000.0,110.0,manual,460,Barcelona,8009,Barcelona,Barcelona
Renault,Kadjar,Gasolina,8909.0,160.0,automatic,27990,Ciudad Real,13003,Ciudad Real,Ciudad Real
Renault,Kadjar,Gasolina,8909.0,160.0,automatic,27990,Granollers,8403,Barcelona,Granollers
Renault,Kadjar,Gasolina,8909.0,160.0,automatic,27990,Estepona,29680,Málaga,Estepona
Renault,Kadjar,Diésel,127000.0,130.0,manual,16690,Barcelona,8007,Barcelona,Barcelona
Renault,Kadjar,Diésel,127000.0,130.0,manual,15690,Barcelona,8007,Barcelona,Barcelona
Renault,Kadjar,Diésel,127000.0,130.0,manual,16690,Madrid,28014,Madrid,Madrid
Renault,Kadjar,Diésel,127000.0,130.0,manual,15690,Madrid,28014,Madrid,Madrid
Renault,Grand Scenic,Gasolina,96223.0,115.0,manual,12900,Valdepeñas,13300,Ciudad Real,Valdepeñas
Renault,Grand Scenic,Gasolina,96223.0,115.0,manual,12900,Valdepeñas,13300,Ciudad Real,Valdepeñas
Renault,Grand Scenic,Gasolina,96223.0,115.0,manual,12900,Saladar,3700,Alicante,Saladar
Renault,Grand Scenic,Diésel,65609.0,110.0,manual,13900,Mercado Parque Corredor del Henares,28850,Madrid,Mercado Parque Corredor del Henares
Renault,Grand Scenic,Diésel,65609.0,110.0,manual,13900,Vigo,36214,Pontevedra,Vigo
Renault,Grand Scenic,Gasolina,96223.0,115.0,manual,12900,Santa Maria del Aguila,4710,Almería,Santa Maria del Aguila
Renault,Grand Scenic,Diésel,65609.0,110.0,manual,13900,Santa Maria del Aguila,4710,Almería,Santa Maria del Aguila
Renault,Grand Scenic,Gasolina,96223.0,115.0,manual,12900,Ciudad Real,13003,Ciudad Real,Ciudad Real
Renault,Grand Scenic,Gasolina,96223.0,115.0,manual,12900,Santiago de Compostela,15703,A Coruña,Santiago de Compostela
Renault,Grand Scenic,Diésel,65609.0,110.0,manual,13900,Granollers,8403,Barcelona,Granollers
Renault,Grand Scenic,Gasolina,96223.0,115.0,manual,12900,Zaragoza,50013,Zaragoza,Zaragoza
Renault,Grand Scenic,Diésel,65609.0,110.0,manual,13900,Atarrabia,31610,Navarra,Atarrabia
Renault,Grand Scenic,Diésel,65609.0,110.0,manual,13900,Alameda del Obispo,14005,Córdoba,Alameda del Obispo
Renault,Grand Scenic,Diésel,65609.0,110.0,manual,13900,Mercabilbao,48970,Bizkaia,Mercabilbao
Renault,Grand Scenic,Diésel,65609.0,110.0,manual,13900,Alzira,46600,Valencia,Alzira
Renault,Grand Scenic,Diésel,65609.0,110.0,manual,13900,Alzira,46600,Valencia,Alzira
Renault,Grand Scenic,Diésel,65609.0,110.0,manual,13900,Murcia,30003,Murcia,Murcia
Renault,Grand Scenic,Diésel,65609.0,110.0,manual,13900,Estepona,29680,Málaga,Estepona
Renault,Grand Scenic,Gasolina,96223.0,115.0,manual,12900,Olèrdola,8734,Barcelona,Olèrdola
Renault,Grand Scenic,Gasolina,96223.0,115.0,manual,12900,Olèrdola,8734,Barcelona,Olèrdola
Renault,Grand Scenic,Diésel,65609.0,110.0,manual,13900,Olèrdola,8734,Barcelona,Olèrdola
Renault,Grand Scenic,Diésel,65609.0,110.0,manual,13900,Olèrdola,8734,Barcelona,Olèrdola
Renault,Grand Scenic,Gasolina,96223.0,115.0,manual,12900,Colonia Pablo Iglesias,28520,Madrid,Colonia Pablo Iglesias
Renault,Espace,Diésel,155171.0,130.0,manual,14990,Sevilla,41005,Sevilla,Sevilla
Renault,Espace,Diésel,155171.0,130.0,manual,14990,Bilbao,48004,Bizkaia,Bilbao
Renault,Espace,Diésel,155171.0,130.0,manual,14990,Málaga,29005,Málaga,Málaga
Renault,Espace,Diésel,160000.0,150.0,manual,3995,Los Combos,28938,Madrid,Los Combos
Renault,Trafic,Diésel,215000.0,135.0,automatic,11900,Tarragona,43006,Tarragona,Tarragona
Renault,Trafic,Diésel,68600.0,120.0,manual,18890,Almería,4006,Almería,Almería
Renault,Trafic,Diésel,17900.0,95.0,manual,18950,Doña Manuela,14014,Córdoba,Doña Manuela
Renault,Trafic,Diésel,215000.0,135.0,automatic,11900,Sabadell,8203,Barcelona,Sabadell
Renault,Trafic,Diésel,68600.0,120.0,manual,18890,Murcia,30005,Murcia,Murcia
Renault,Trafic,Diésel,108000.0,125.0,manual,26600,Madrid,28010,Madrid,Madrid
Renault,Trafic,Diésel,108000.0,125.0,manual,26600,Málaga,29005,Málaga,Málaga
Renault,Laguna,Diésel,138000.0,120.0,manual,3390,Sevilla,41001,Sevilla,Sevilla
Renault,Laguna,Diésel,230000.0,120.0,manual,2900,Sevilla,41001,Sevilla,Sevilla
Renault,Laguna,Diésel,181450.0,150.0,manual,4900,Fuenlabrada,28945,Madrid,Fuenlabrada
Renault,Laguna,Diésel,119422.0,130.0,manual,8400,Málaga,29003,Málaga,Málaga
Renault,Laguna,Diésel,119422.0,130.0,manual,8900,Málaga,29003,Málaga,Málaga
Renault,Laguna,Gasolina,100000.0,140.0,manual,6500,Vilafranca del Penedès,8720,Barcelona,Vilafranca del Penedès
Renault,Captur,Gasolina,90000.0,89.0,manual,209,Gandía,46701,Valencia,Gandía
Renault,Captur,Gasolina,84000.0,89.0,manual,328,Valencia,46005,Valencia,Valencia
Renault,Captur,Gasolina,93000.0,89.0,manual,318,Sevilla,41018,Sevilla,Sevilla
Renault,Captur,Gasolina,89000.0,89.0,manual,217,Barcelona,8007,Barcelona,Barcelona
Renault,Captur,Gasolina,39032.0,90.0,manual,14900,Valladolid,47004,Valladolid,Valladolid
Renault,Captur,Diésel,97542.0,90.0,manual,13628,Saladar,3700,Alicante,Saladar
Renault,Captur,Gasolina,87000.0,89.0,manual,328,Sevilla,41018,Sevilla,Sevilla
Renault,Captur,Gasolina,91000.0,89.0,manual,311,Madrid,28006,Madrid,Madrid
Renault,Captur,Gasolina,26290.0,90.0,manual,15525,Ciudad Real,13003,Ciudad Real,Ciudad Real
Chevrolet,Spark,Gasolina,153738.0,82.0,manual,5399,Madrid,28014,Madrid,Madrid
Renault,Modus,Diésel,260000.0,80.0,manual,2795,Reus,43204,Tarragona,Reus
Alfa Romeo,Giulietta,Diésel,122930.0,120.0,manual,10890,Málaga,29005,Málaga,Málaga
Alfa Romeo,Giulietta,Diésel,84269.0,120.0,manual,15950,Las Rozas de Madrid,28232,Madrid,Las Rozas de Madrid
Alfa Romeo,Giulietta,Diésel,84269.0,120.0,manual,15950,Albacete,2001,Albacete,Albacete
Alfa Romeo,Giulietta,Diésel,84269.0,120.0,manual,15950,Vigo,36214,Pontevedra,Vigo
Alfa Romeo,Giulietta,Diésel,122930.0,120.0,manual,10890,Almería,4006,Almería,Almería
Alfa Romeo,Giulietta,Diésel,84269.0,120.0,manual,15950,Castello/Castellon de La Plana,12100,Castellón,Castello/Castellon de La Plana
Alfa Romeo,Giulietta,Diésel,84269.0,120.0,manual,15950,Badajoz,6008,Badajoz,Badajoz
Alfa Romeo,Giulietta,Diésel,84269.0,120.0,manual,15950,Collado Villalba,28400,Madrid,Collado Villalba
Alfa Romeo,Giulietta,Diésel,84269.0,120.0,manual,15950,Collado Villalba,28400,Madrid,Collado Villalba
Alfa Romeo,159,Diésel,170000.0,150.0,manual,7990,Poligono Los Villares Reina,37184,Salamanca,Poligono Los Villares Reina
Alfa Romeo,159,Diésel,168000.0,200.0,automatic,9990,La Puebla de Alfindén,50171,Zaragoza,La Puebla de Alfindén
Chevrolet,Tahoe,Gasolina,163000.0,290.0,automatic,12900,Robledo de Chavela,28294,Madrid,Robledo de Chavela
Alfa Romeo,Giulia,Diésel,116865.0,210.0,automatic,23699,Madrid,28014,Madrid,Madrid
Alfa Romeo,Giulia,Diésel,116865.0,210.0,automatic,23699,Barcelona,8007,Barcelona,Barcelona
Alfa Romeo,Giulia,Diésel,91300.0,150.0,automatic,22900,Valdefuentes,28939,Madrid,Valdefuentes
Alfa Romeo,Giulia,Diésel,91300.0,150.0,automatic,22900,Valdefuentes,28939,Madrid,Valdefuentes
Mitsubishi,Eclipse Cross,Gasolina,36040.0,163.0,automatic,24990,Alicante,3010,Alicante,Alicante
Mitsubishi,Eclipse Cross,Gasolina,36040.0,163.0,automatic,24990,Alicante,3010,Murcia,Alicante
Mitsubishi,Eclipse Cross,Gasolina,36040.0,163.0,automatic,24990,Almería,4006,Almería,Almería
Mitsubishi,Eclipse Cross,Gasolina,36040.0,163.0,automatic,24990,Valencia,46001,Valencia,Valencia
Audi,A1,Diésel,102000.0,90.0,manual,18999,Muxa,27192,Lugo,Muxa
Audi,A1,Diésel,66257.0,90.0,automatic,15400,Olèrdola,8734,Barcelona,Olèrdola
Audi,A1,Diésel,66257.0,90.0,automatic,15400,Olèrdola,8734,Barcelona,Olèrdola
Audi,A1,Gasolina,31657.0,95.0,manual,19990,Madrid,28021,Madrid,Madrid
Audi,A1,Gasolina,31657.0,95.0,manual,19790,Madrid,28021,Madrid,Madrid
Audi,A1,Diésel,145471.0,90.0,manual,14087,Saladar,3700,Alicante,Saladar
Mitsubishi,Space Star,Gasolina,95520.0,80.0,manual,9900,Fortiñon,15168,A Coruña,Fortiñon
Mitsubishi,Space Star,Gasolina,95520.0,80.0,manual,9900,Santiago de Compostela,15890,A Coruña,Santiago de Compostela
Mitsubishi,Space Star,Gasolina,95520.0,80.0,manual,9900,A Coruña,15003,A Coruña,A Coruña
Mitsubishi,Outlander,Diésel,262611.0,150.0,manual,12375,Alcobendas,28100,Madrid,Alcobendas
Mitsubishi,Outlander,Diésel,262611.0,150.0,manual,12375,Santafe,18320,Granada,Santafe
Mitsubishi,Outlander,Diésel,262611.0,150.0,manual,12375,Getafe,28906,Madrid,Getafe
Mitsubishi,Outlander,Diésel,262611.0,150.0,manual,12375,Paterna,46980,Valencia,Paterna
Mitsubishi,Outlander,Diésel,262611.0,150.0,manual,12375,Las Rozas de Madrid,28232,Madrid,Las Rozas de Madrid
Mitsubishi,Outlander,Diésel,262611.0,150.0,manual,12375,Valdepeñas,13300,Ciudad Real,Valdepeñas
Mitsubishi,Outlander,Diésel,262611.0,150.0,manual,12375,Valdepeñas,13300,Ciudad Real,Valdepeñas
Mitsubishi,Outlander,Diésel,262611.0,150.0,manual,12375,Sant Vicenç de Montalt,8394,Barcelona,Sant Vicenç de Montalt
Mitsubishi,Outlander,Diésel,262611.0,150.0,manual,12375,Olèrdola,8734,Barcelona,Olèrdola
Mitsubishi,Outlander,Diésel,262611.0,150.0,manual,12375,Olèrdola,8734,Barcelona,Olèrdola
Mitsubishi,Outlander,Diésel,262611.0,150.0,manual,12375,Torremolinos,29620,Málaga,Torremolinos
Mitsubishi,Outlander,Diésel,262611.0,150.0,manual,12375,Torremolinos,29620,Málaga,Torremolinos
Mitsubishi,Outlander,Diésel,262611.0,150.0,manual,12375,Torremolinos,29620,Málaga,Torremolinos
Mitsubishi,Outlander,Diésel,262611.0,150.0,manual,12375,Colonia Pablo Iglesias,28520,Madrid,Colonia Pablo Iglesias
Mitsubishi,Outlander,Diésel,262611.0,150.0,manual,12375,Hidraulica Santillana,28770,Madrid,Hidraulica Santillana
Mitsubishi,Outlander,Diésel,262611.0,150.0,manual,12375,Albacete,2001,Albacete,Albacete
Mitsubishi,Outlander,Diésel,262611.0,150.0,manual,12375,Alzira,46600,Valencia,Alzira
Mitsubishi,Outlander,Diésel,262611.0,150.0,manual,12375,Alzira,46600,Valencia,Alzira
Mitsubishi,Outlander,Diésel,262611.0,150.0,manual,12375,Alicante,3007,Alicante,Alicante
Mitsubishi,Outlander,Diésel,245000.0,140.0,manual,5999,Paracuellos de Jarama,28860,Madrid,Paracuellos de Jarama
Audi,A1,Diésel,145471.0,90.0,manual,14087,Mercado Parque Corredor del Henares,28850,Madrid,Mercado Parque Corredor del Henares
Audi,Q2,Diésel,81307.0,116.0,manual,23990,Madrid,28021,Madrid,Madrid
Audi,Q2,Diésel,81307.0,116.0,manual,23290,Madrid,28021,Madrid,Madrid
Audi,Q2,Gasolina,23563.0,150.0,automatic,32900,Barcelona,8036,Barcelona,Barcelona
Nissan,Primastar,Diésel,390000.0,115.0,manual,4400,Tarrega,25300,Lleida,Tarrega
Nissan,Qashqai,Diésel,175227.0,110.0,manual,11990,Ciudad Real,13003,Ciudad Real,Ciudad Real
Nissan,Qashqai,Diésel,26697.0,115.0,manual,16990,Sevilla,41005,Sevilla,Sevilla
Nissan,Qashqai,Gasolina,100632.0,115.0,automatic,16490,Sevilla,41005,Sevilla,Sevilla
Nissan,Qashqai,Diésel,26697.0,115.0,manual,16990,Alicante,3010,Alicante,Alicante
Nissan,Qashqai,Diésel,26697.0,115.0,manual,16990,Alicante,3010,Murcia,Alicante
Nissan,Qashqai,Diésel,139612.0,110.0,manual,16990,Madrid,28021,Madrid,Madrid
Nissan,Qashqai,Diésel,139612.0,110.0,manual,16490,Madrid,28021,Madrid,Madrid
Nissan,Qashqai,Gasolina,70922.0,115.0,automatic,15000,Bilbao,48004,Bizkaia,Bilbao
Nissan,Qashqai,Diésel,138399.0,110.0,manual,9990,Almería,4006,Almería,Almería
Nissan,Qashqai,Diésel,138399.0,110.0,manual,9890,Almería,4006,Almería,Almería
Nissan,Qashqai,Gasolina,100632.0,115.0,automatic,16490,Bilbao,48004,Bizkaia,Bilbao
Nissan,Qashqai,Diésel,26697.0,115.0,manual,16990,Bilbao,48004,Bizkaia,Bilbao
Audi,A5,Diésel,149000.0,190.0,automatic,19340,Málaga,29005,Málaga,Málaga
Audi,A5,Diésel,85789.0,190.0,manual,24990,Valencia,46001,Valencia,Valencia
Audi,A5,Diésel,85789.0,190.0,manual,25990,Valencia,46001,Valencia,Valencia
Audi,A5,Diésel,85789.0,190.0,manual,24990,Almería,4006,Almería,Almería
Audi,A5,Diésel,85789.0,190.0,manual,25990,Almería,4006,Almería,Almería
Audi,A5,Diésel,96000.0,190.0,manual,26990,Barcelona,8007,Barcelona,Barcelona
Audi,A5,Diésel,171039.0,170.0,manual,13990,La Pobla de Vallbona,46185,Valencia,La Pobla de Vallbona
Audi,A5,Diésel,171039.0,170.0,manual,13990,La Pobla de Vallbona,46185,Valencia,La Pobla de Vallbona
Nissan,Pulsar,Diésel,117495.0,110.0,manual,12500,Mercado Parque Corredor del Henares,28850,Madrid,Mercado Parque Corredor del Henares
Nissan,Pulsar,Diésel,117495.0,110.0,manual,12500,Estepona,29680,Málaga,Estepona
Nissan,Pulsar,Diésel,117495.0,110.0,manual,12500,Santa Maria del Aguila,4710,Almería,Santa Maria del Aguila
Nissan,Pulsar,Diésel,117495.0,110.0,manual,12500,Olèrdola,8734,Barcelona,Olèrdola
Nissan,Pulsar,Diésel,117495.0,110.0,manual,12500,Olèrdola,8734,Barcelona,Olèrdola
Nissan,Pulsar,Diésel,117495.0,110.0,manual,12500,Mercabilbao,48970,Bizkaia,Mercabilbao
Nissan,Pulsar,Diésel,117495.0,110.0,manual,12500,Santafe,18320,Granada,Santafe
Nissan,Pulsar,Diésel,117495.0,110.0,manual,12500,Zaragoza,50013,Zaragoza,Zaragoza
Nissan,Pulsar,Diésel,117495.0,110.0,manual,12500,Las Rozas de Madrid,28232,Madrid,Las Rozas de Madrid
Nissan,Pulsar,Diésel,117495.0,110.0,manual,12500,Torremolinos,29620,Málaga,Torremolinos
Nissan,Pulsar,Diésel,117495.0,110.0,manual,12500,Torremolinos,29620,Málaga,Torremolinos
Nissan,Pulsar,Diésel,117495.0,110.0,manual,12500,Torremolinos,29620,Málaga,Torremolinos
Nissan,Pulsar,Diésel,117495.0,110.0,manual,12500,Colonia Pablo Iglesias,28520,Madrid,Colonia Pablo Iglesias
Nissan,Pulsar,Diésel,117495.0,110.0,manual,12500,Hidraulica Santillana,28770,Madrid,Hidraulica Santillana
Nissan,Pulsar,Diésel,117495.0,110.0,manual,12500,Alicante,3007,Alicante,Alicante
Nissan,Pulsar,Diésel,120370.0,110.0,manual,12650,Santafe,18320,Granada,Santafe
Nissan,Pulsar,Diésel,120370.0,110.0,manual,12650,Castello/Castellon de La Plana,12100,Castellón,Castello/Castellon de La Plana
Nissan,Micra,Gasolina,38060.0,80.0,manual,6490,Alicante,3010,Alicante,Alicante
Nissan,Micra,Gasolina,38060.0,80.0,manual,6490,Alicante,3010,Murcia,Alicante
Nissan,Micra,Gasolina,38060.0,80.0,manual,6490,Sevilla,41005,Sevilla,Sevilla
Nissan,Micra,Gasolina,38060.0,80.0,manual,6490,Almería,4006,Almería,Almería
Nissan,Micra,Gasolina,38060.0,80.0,manual,6490,Granada,18005,Granada,Granada
Nissan,Micra,Gasolina,38060.0,80.0,manual,6490,Bilbao,48004,Bizkaia,Bilbao
Nissan,Micra,Gasolina,38060.0,80.0,manual,6490,Málaga,29005,Málaga,Málaga
Audi,A4,Diésel,55000.0,150.0,manual,22400,Arroyo de La Miel,29631,Málaga,Arroyo de La Miel
Nissan,Navara,Diésel,162588.0,174.0,manual,10990,Getafe,28906,Madrid,Getafe
Nissan,Navara,Diésel,162588.0,174.0,manual,10990,Puerto de Sagunto,46520,Valencia,Puerto de Sagunto
Nissan,Navara,Diésel,162588.0,174.0,manual,10990,Sant Vicenç de Montalt,8394,Barcelona,Sant Vicenç de Montalt
Nissan,Navara,Diésel,162588.0,174.0,manual,10990,Alcalá de Guadaíra,41500,Sevilla,Alcalá de Guadaíra
Nissan,Navara,Diésel,162588.0,174.0,manual,10990,Alzira,46600,Valencia,Alzira
Nissan,Navara,Diésel,162588.0,174.0,manual,10990,Alzira,46600,Valencia,Alzira
Nissan,Navara,Diésel,162588.0,174.0,manual,10990,Hidraulica Santillana,28770,Madrid,Hidraulica Santillana
Audi,Q3,Diésel,171059.0,177.0,automatic,17500,Mercado Parque Corredor del Henares,28850,Madrid,Mercado Parque Corredor del Henares
Audi,Q3,Diésel,171059.0,177.0,automatic,17500,Estepona,29680,Málaga,Estepona
Audi,Q3,Diésel,36385.0,140.0,manual,20599,Madrid,28014,Madrid,Madrid
Audi,Q3,Diésel,142000.0,150.0,automatic,19490,Fuenlabrada,28946,Madrid,Fuenlabrada
Audi,Q3,Diésel,171059.0,177.0,automatic,17500,Castello/Castellon de La Plana,12100,Castellón,Castello/Castellon de La Plana
Audi,Q3,Gasolina,63105.0,150.0,automatic,21499,Madrid,28014,Madrid,Madrid
Audi,Q3,Gasolina,63105.0,150.0,automatic,20999,Madrid,28014,Madrid,Madrid
Audi,Q3,Diésel,171059.0,177.0,automatic,17500,Las Rozas de Madrid,28232,Madrid,Las Rozas de Madrid
Audi,Q3,Diésel,171059.0,177.0,automatic,17500,Alcalá de Guadaíra,41500,Sevilla,Alcalá de Guadaíra
Audi,A3,Diésel,114377.0,116.0,automatic,19490,Bilbao,48004,Bizkaia,Bilbao
Audi,A3,Diésel,114377.0,116.0,automatic,19490,Las Rozas de Madrid,28232,Madrid,Las Rozas de Madrid
Audi,A3,Diésel,114377.0,116.0,automatic,19490,Valencia,46001,Valencia,Valencia
Audi,A3,Diésel,114377.0,116.0,automatic,19490,Sevilla,41005,Sevilla,Sevilla
Audi,A3,Diésel,114377.0,116.0,automatic,19490,Collado Villalba,28400,Madrid,Collado Villalba
Audi,A3,Diésel,114377.0,116.0,automatic,19490,Collado Villalba,28400,Madrid,Collado Villalba
Audi,A3,Diésel,145980.0,105.0,manual,9999,Madrid,28014,Madrid,Madrid
Audi,A3,Diésel,114377.0,116.0,automatic,19490,Colonia Pablo Iglesias,28520,Madrid,Colonia Pablo Iglesias
Volvo,S60,Diésel,190000.0,115.0,automatic,14900,Xativa,46800,Valencia,Xativa
Audi,A5,Diésel,169000.0,245.0,manual,24999,Salamanca,37004,Salamanca,Salamanca
Audi,A5,Diésel,170000.0,163.0,manual,17950,Talavera de la Reina,45600,Toledo,Talavera de la Reina
Audi,A5,Diésel,170000.0,163.0,manual,17950,Talavera de la Reina,45600,Toledo,Talavera de la Reina
Nissan,Leaf,Eléctrico,104244.0,150.0,automatic,23490,Alicante,3010,Alicante,Alicante
Nissan,Leaf,Eléctrico,104244.0,150.0,automatic,23490,Alicante,3010,Murcia,Alicante
Nissan,Leaf,Eléctrico,104244.0,150.0,automatic,23490,Almería,4006,Almería,Almería
Nissan,Leaf,Eléctrico,104244.0,150.0,automatic,23490,Vigo,36211,Pontevedra,Vigo
Nissan,Leaf,Eléctrico,104244.0,150.0,automatic,23490,Granada,18005,Granada,Granada
Nissan,Leaf,Eléctrico,104244.0,150.0,automatic,23490,Murcia,30005,Murcia,Murcia
Nissan,Leaf,Eléctrico,104244.0,150.0,automatic,23490,Bilbao,48004,Bizkaia,Bilbao
Nissan,X-Trail,Diésel,109000.0,130.0,manual,532,Madrid,28006,Madrid,Madrid
Nissan,X-Trail,Diésel,79000.0,130.0,manual,483,Barcelona,8009,Barcelona,Barcelona
Nissan,X-Trail,Diésel,136000.0,150.0,manual,18990,Málaga,29005,Málaga,Málaga
Audi,A1,Diésel,66257.0,90.0,automatic,15400,Valdepeñas,13300,Ciudad Real,Valdepeñas
Audi,A1,Diésel,66257.0,90.0,automatic,15400,Valdepeñas,13300,Ciudad Real,Valdepeñas
Audi,A1,Diésel,66257.0,90.0,automatic,15400,Saladar,3700,Alicante,Saladar
Audi,A1,Diésel,66257.0,90.0,automatic,15400,Santa Maria del Aguila,4710,Almería,Santa Maria del Aguila
Audi,A1,Diésel,66257.0,90.0,automatic,15400,Ciudad Real,13003,Ciudad Real,Ciudad Real
Audi,A1,Diésel,66257.0,90.0,automatic,15400,Santiago de Compostela,15703,A Coruña,Santiago de Compostela
Audi,A1,Diésel,66257.0,90.0,automatic,15400,Vigo,36214,Pontevedra,Vigo
Audi,A1,Diésel,66257.0,90.0,automatic,15400,Murcia,30003,Murcia,Murcia
Audi,A1,Gasolina,67672.0,95.0,manual,13990,Bilbao,48004,Bizkaia,Bilbao
Audi,A1,Gasolina,67672.0,95.0,manual,13990,Granada,18005,Granada,Granada
Audi,Q2,Diésel,42000.0,116.0,automatic,26400,Arroyo de La Miel,29631,Málaga,Arroyo de La Miel
Audi,Q2,Diésel,42713.0,116.0,automatic,25875,Hidraulica Santillana,28770,Madrid,Hidraulica Santillana
Audi,Q2,Diésel,41725.0,116.0,automatic,27900,Hidraulica Santillana,28770,Madrid,Hidraulica Santillana
Nissan,Juke,Diésel,126428.0,110.0,manual,12535,Santa Maria del Aguila,4710,Almería,Santa Maria del Aguila
Nissan,Juke,Diésel,59999.0,110.0,manual,13290,Sevilla,41005,Sevilla,Sevilla
Nissan,Juke,Gasolina,88464.0,115.0,manual,11880,Valdepeñas,13300,Ciudad Real,Valdepeñas
Nissan,Juke,Gasolina,88464.0,115.0,manual,11880,Valdepeñas,13300,Ciudad Real,Valdepeñas
Nissan,Juke,Diésel,115163.0,110.0,manual,10900,Mercado Parque Corredor del Henares,28850,Madrid,Mercado Parque Corredor del Henares
Nissan,Juke,Gasolina,42772.0,112.0,automatic,14700,Málaga,29005,Málaga,Málaga
Nissan,Juke,Diésel,59999.0,110.0,manual,13290,Vigo,36211,Pontevedra,Vigo
Nissan,Juke,Diésel,126428.0,110.0,manual,12535,Olèrdola,8734,Barcelona,Olèrdola
Nissan,Juke,Diésel,126428.0,110.0,manual,12535,Olèrdola,8734,Barcelona,Olèrdola
Audi,Q2,Diésel,42713.0,116.0,automatic,25875,Badajoz,6008,Badajoz,Badajoz
Audi,Q2,Diésel,42713.0,116.0,automatic,25875,Saladar,3700,Alicante,Saladar
Nissan,NV300,Diésel,64396.0,95.0,manual,17900,Mercabilbao,48970,Bizkaia,Mercabilbao
Nissan,NV300,Diésel,64396.0,95.0,manual,17900,Paterna,46980,Valencia,Paterna
Nissan,NV300,Diésel,64396.0,95.0,manual,17900,Santa Maria del Aguila,4710,Almería,Santa Maria del Aguila
Nissan,NV300,Diésel,64396.0,95.0,manual,17900,Castello/Castellon de La Plana,12100,Castellón,Castello/Castellon de La Plana
Nissan,NV300,Diésel,64396.0,95.0,manual,17900,Atarrabia,31610,Navarra,Atarrabia
Nissan,NV300,Diésel,64396.0,95.0,manual,17900,Alicante,3007,Alicante,Alicante
Nissan,NV300,Diésel,64396.0,95.0,manual,17900,Hidraulica Santillana,28770,Madrid,Hidraulica Santillana
Nissan,Almera,Diésel,215370.0,82.0,manual,1270,Madrid,28026,Madrid,Madrid
Nissan,Almera,Gasolina,263200.0,87.0,manual,2499,Fuenlabrada,28941,Madrid,Fuenlabrada
Nissan,Almera,Gasolina,263200.0,87.0,manual,1299,Fuenlabrada,28941,Madrid,Fuenlabrada
Renault,Talisman,Diésel,75000.0,149.0,manual,235,Barcelona,8007,Barcelona,Barcelona
Renault,Talisman,Diésel,72000.0,149.0,manual,438,Barcelona,8009,Barcelona,Barcelona
Abarth,500,Gasolina,98956.0,145.0,manual,13490,Sevilla,41005,Sevilla,Sevilla
Abarth,500,Gasolina,98956.0,145.0,manual,13490,Alicante,3010,Alicante,Alicante
Abarth,500,Gasolina,98956.0,145.0,manual,13490,Alicante,3010,Murcia,Alicante
Abarth,500,Gasolina,98956.0,145.0,manual,13490,Almería,4006,Almería,Almería
Audi,S5,Gasolina,165606.0,333.0,automatic,30990,Málaga,29005,Málaga,Málaga
Audi,S5,Gasolina,165606.0,333.0,automatic,31990,Málaga,29005,Málaga,Málaga
Chevrolet,Aveo,Gasolina,70000.0,86.0,manual,6990,Valencia,46009,Valencia,Valencia
Renault,Scenic,Diésel,164807.0,130.0,manual,15900,Benicarló,12580,Castellón,Benicarló
Renault,Scenic,Diésel,58710.0,95.0,manual,10850,Alicante,3007,Alicante,Alicante
Renault,Scenic,Diésel,58710.0,95.0,manual,10850,Las Rozas de Madrid,28232,Madrid,Las Rozas de Madrid
Renault,Scenic,Diésel,58710.0,95.0,manual,10850,Collado Villalba,28400,Madrid,Collado Villalba
Renault,Scenic,Diésel,58710.0,95.0,manual,10850,Collado Villalba,28400,Madrid,Collado Villalba
Renault,Scenic,Diésel,58710.0,95.0,manual,10850,Paterna,46980,Valencia,Paterna
Renault,Master,Diésel,260000.0,90.0,manual,6000,Vinaros,12500,Castellón,Vinaros
Chevrolet,Cruze,Gasolina,160000.0,124.0,manual,7490,Sevilla,41001,Sevilla,Sevilla
Chevrolet,Cruze,Diésel,79185.0,163.0,manual,8299,Barcelona,8007,Barcelona,Barcelona
SEAT,Tarraco,Gasolina,10303.0,150.0,manual,36225,Torremolinos,29620,Málaga,Torremolinos
SEAT,Tarraco,Gasolina,10303.0,150.0,manual,36225,Torremolinos,29620,Málaga,Torremolinos
SEAT,Tarraco,Gasolina,10303.0,150.0,manual,36225,Torremolinos,29620,Málaga,Torremolinos
SEAT,Tarraco,Diésel,95446.0,150.0,manual,25890,Almería,4006,Almería,Almería
SEAT,Tarraco,Diésel,59995.0,150.0,manual,22890,Almería,4006,Almería,Almería
SEAT,Tarraco,Diésel,59995.0,150.0,manual,22790,Almería,4006,Almería,Almería
SEAT,Tarraco,Diésel,95446.0,150.0,manual,25890,Toledo,45002,Toledo,Toledo
SEAT,Tarraco,Gasolina,10303.0,150.0,manual,36225,Olèrdola,8734,Barcelona,Olèrdola
SEAT,Tarraco,Gasolina,10303.0,150.0,manual,36225,Olèrdola,8734,Barcelona,Olèrdola
SEAT,Tarraco,Diésel,59995.0,150.0,manual,22890,Oviedo,33003,Asturias,Oviedo
SEAT,Tarraco,Diésel,59995.0,150.0,manual,22790,Oviedo,33003,Asturias,Oviedo
SEAT,Tarraco,Diésel,95446.0,150.0,manual,25890,Vigo,36211,Pontevedra,Vigo
SEAT,Tarraco,Diésel,95446.0,150.0,manual,25890,Granada,18005,Granada,Granada
SEAT,Tarraco,Diésel,59995.0,150.0,manual,22890,Granada,18005,Granada,Granada
SEAT,Tarraco,Diésel,59995.0,150.0,manual,22790,Granada,18005,Granada,Granada
SEAT,Tarraco,Diésel,95446.0,150.0,manual,25890,Fuenlabrada,28947,Madrid,Fuenlabrada
SEAT,Tarraco,Diésel,45504.0,150.0,automatic,33990,Sant Boi de Llobregat,8830,Barcelona,Sant Boi de Llobregat
Renault,Trafic,Diésel,77000.0,125.0,manual,25900,Alaquas,46970,Valencia,Alaquas
Renault,Espace,Diésel,142466.0,160.0,automatic,18490,Vigo,36211,Pontevedra,Vigo
Renault,Espace,Diésel,142466.0,160.0,automatic,18490,Murcia,30005,Murcia,Murcia
Renault,Espace,Diésel,142466.0,160.0,automatic,18490,Toledo,45002,Toledo,Toledo
Renault,Espace,Diésel,50757.0,160.0,automatic,24900,Viladecans,8840,Barcelona,Viladecans
Renault,Espace,Diésel,142466.0,160.0,automatic,18490,Bilbao,48004,Bizkaia,Bilbao
Renault,Espace,Diésel,142466.0,160.0,automatic,18490,Almería,4006,Almería,Almería
Renault,Espace,Diésel,142466.0,160.0,automatic,18490,Fuenlabrada,28947,Madrid,Fuenlabrada
Chevrolet,Lacetti,Gasolina,87000.0,94.0,manual,3900,La Sénia,43560,Tarragona,La Sénia
Chevrolet,Captiva,Diésel,138483.0,184.0,automatic,12400,Las Rozas de Madrid,28232,Madrid,Las Rozas de Madrid
Chevrolet,Captiva,Diésel,138483.0,184.0,automatic,12400,Olèrdola,8734,Barcelona,Olèrdola
Chevrolet,Captiva,Diésel,138483.0,184.0,automatic,12400,Olèrdola,8734,Barcelona,Olèrdola
Chevrolet,Captiva,Diésel,138483.0,184.0,automatic,12400,Barcelona,8007,Barcelona,Barcelona
Chevrolet,Captiva,Diésel,138483.0,184.0,automatic,12400,Torremolinos,29620,Málaga,Torremolinos
Chevrolet,Captiva,Diésel,138483.0,184.0,automatic,12400,Torremolinos,29620,Málaga,Torremolinos
Chevrolet,Captiva,Diésel,138483.0,184.0,automatic,12400,Torremolinos,29620,Málaga,Torremolinos
Chevrolet,Captiva,Diésel,138483.0,184.0,automatic,12400,Albacete,2001,Albacete,Albacete
Chevrolet,Captiva,Diésel,138483.0,184.0,automatic,12400,Colonia Pablo Iglesias,28520,Madrid,Colonia Pablo Iglesias
Chevrolet,Captiva,Diésel,138483.0,184.0,automatic,12400,Santiago de Compostela,15703,A Coruña,Santiago de Compostela
Chevrolet,Captiva,Diésel,138483.0,184.0,automatic,12400,Mercado Parque Corredor del Henares,28850,Madrid,Mercado Parque Corredor del Henares
Chevrolet,Captiva,Diésel,138483.0,184.0,automatic,12400,Vigo,36214,Pontevedra,Vigo
Chevrolet,Captiva,Diésel,138483.0,184.0,automatic,12400,Castello/Castellon de La Plana,12100,Castellón,Castello/Castellon de La Plana
Chevrolet,Captiva,Diésel,138483.0,184.0,automatic,12400,Hidraulica Santillana,28770,Madrid,Hidraulica Santillana
Chevrolet,Captiva,Diésel,138483.0,184.0,automatic,12400,Zaragoza,50013,Zaragoza,Zaragoza
Chevrolet,Captiva,Diésel,138483.0,184.0,automatic,12400,Puerto de Sagunto,46520,Valencia,Puerto de Sagunto
Chevrolet,Captiva,Diésel,138483.0,184.0,automatic,12400,Paterna,46980,Valencia,Paterna
Chevrolet,Captiva,Diésel,138483.0,184.0,automatic,12400,Collado Villalba,28400,Madrid,Collado Villalba
Chevrolet,Captiva,Diésel,138483.0,184.0,automatic,12400,Collado Villalba,28400,Madrid,Collado Villalba
CUPRA,Formentor,Gasolina,53901.0,150.0,automatic,30400,Santa Coloma de Gramenet,8921,Barcelona,Santa Coloma de Gramenet
Abarth,500,Gasolina,98956.0,145.0,manual,13490,Bilbao,48004,Bizkaia,Bilbao
Chevrolet,Cruze,Gasolina,114450.0,141.0,manual,5700,L'Hospitalet de Llobregat,8901,Barcelona,L'Hospitalet de Llobregat
Renault,Twingo,Gasolina,26327.0,90.0,manual,12420,Getafe,28906,Madrid,Getafe
Renault,Twingo,Gasolina,26327.0,90.0,manual,12420,Santa Maria del Aguila,4710,Almería,Santa Maria del Aguila
Renault,Twingo,Gasolina,26327.0,90.0,manual,12420,Mercabilbao,48970,Bizkaia,Mercabilbao
Renault,Twingo,Gasolina,26327.0,90.0,manual,12420,Alzira,46600,Valencia,Alzira
Renault,Twingo,Gasolina,26327.0,90.0,manual,12420,Alzira,46600,Valencia,Alzira
Renault,Twingo,Gasolina,26327.0,90.0,manual,12420,Alicante,3007,Alicante,Alicante
Renault,ZOE,Eléctrico,26000.0,108.0,automatic,14999,Muxa,27192,Lugo,Muxa
Renault,ZOE,Eléctrico,41853.0,88.0,automatic,12100,Atarrabia,31610,Navarra,Atarrabia
Renault,ZOE,Eléctrico,41853.0,88.0,automatic,12100,Alcobendas,28100,Madrid,Alcobendas
Citroen,C4 Aircross,Diésel,82221.0,115.0,manual,13299,Barcelona,8007,Barcelona,Barcelona
Chevrolet,Corvette,Gasolina,23036.0,181.0,manual,20000,Colonia Pablo Iglesias,28520,Madrid,Colonia Pablo Iglesias
Chevrolet,Corvette,Gasolina,23036.0,181.0,manual,20000,Alcobendas,28100,Madrid,Alcobendas
Citroen,C3 Picasso,Gasolina,87405.0,95.0,manual,7299,Barcelona,8007,Barcelona,Barcelona
Citroen,C3 Picasso,Diésel,110333.0,99.0,manual,8990,Granada,18005,Granada,Granada
Renault,Clio,Diésel,132000.0,75.0,manual,8990,Málaga,29005,Málaga,Málaga
Citroen,C3 Picasso,Diésel,110333.0,99.0,manual,8990,Alicante,3010,Alicante,Alicante
Citroen,C3 Picasso,Diésel,110333.0,99.0,manual,8990,Alicante,3010,Murcia,Alicante
Citroen,C3 Picasso,Diésel,110333.0,99.0,manual,8990,Valencia,46001,Valencia,Valencia
Citroen,C3 Picasso,Diésel,110333.0,99.0,manual,8990,Vigo,36211,Pontevedra,Vigo
Citroen,C3 Picasso,Diésel,112421.0,92.0,manual,9399,Barcelona,8007,Barcelona,Barcelona
SEAT,Exeo,Diésel,79186.0,143.0,manual,11935,Mercabilbao,48970,Bizkaia,Mercabilbao
SEAT,Exeo,Diésel,79186.0,143.0,manual,11935,Sant Vicenç de Montalt,8394,Barcelona,Sant Vicenç de Montalt
SEAT,Exeo,Diésel,79186.0,143.0,manual,11935,Atarrabia,31610,Navarra,Atarrabia
SEAT,Exeo,Diésel,79186.0,143.0,manual,11935,Colonia Pablo Iglesias,28520,Madrid,Colonia Pablo Iglesias
SEAT,Exeo,Diésel,79186.0,143.0,manual,11935,Alzira,46600,Valencia,Alzira
SEAT,Exeo,Diésel,79186.0,143.0,manual,11935,Alzira,46600,Valencia,Alzira
SEAT,Exeo,Diésel,79186.0,143.0,manual,11935,Alicante,3007,Alicante,Alicante
Citroen,Jumpy,Diésel,85000.0,100.0,manual,21500,Málaga,29006,Málaga,Málaga
SEAT,Leon,Gasolina,109773.0,160.0,manual,10700,Sant Vicenç de Montalt,8394,Barcelona,Sant Vicenç de Montalt
SEAT,Leon,Gasolina,109773.0,160.0,manual,10700,Santa Maria del Aguila,4710,Almería,Santa Maria del Aguila
SEAT,Leon,Gasolina,126372.0,122.0,manual,11990,Mercado Parque Corredor del Henares,28850,Madrid,Mercado Parque Corredor del Henares
Citroen,Grand C4 Picasso,Gasolina,109277.0,130.0,manual,14250,Mercado Parque Corredor del Henares,28850,Madrid,Mercado Parque Corredor del Henares
Citroen,Grand C4 Picasso,Gasolina,109277.0,130.0,manual,14250,Granollers,8403,Barcelona,Granollers
Citroen,C5,Diésel,230000.0,109.0,manual,5500,Bollullos de la Mitación,41110,Sevilla,Bollullos de la Mitación
Citroen,C4,Gasolina,102654.0,110.0,manual,8990,Sevilla,41005,Sevilla,Sevilla
Citroen,C4,Diésel,86435.0,120.0,manual,10340,Las Rozas de Madrid,28232,Madrid,Las Rozas de Madrid
Citroen,C4,Gasolina,102654.0,110.0,manual,8990,Jaén,23008,Jaén,Jaén
Citroen,C4,Gasolina,102654.0,110.0,manual,8990,Granada,18005,Granada,Granada
Citroen,C4,Gasolina,102654.0,110.0,manual,8990,Valencia,46001,Valencia,Valencia
Chevrolet,Orlando,Diésel,74533.0,163.0,automatic,12950,Badajoz,6008,Badajoz,Badajoz
Chevrolet,Orlando,Diésel,74533.0,163.0,automatic,12950,Barcelona,8007,Barcelona,Barcelona
Skoda,Yeti,Gasolina,121632.0,105.0,manual,11799,Madrid,28014,Madrid,Madrid
Skoda,Yeti,Gasolina,121632.0,105.0,manual,11799,Barcelona,8007,Barcelona,Barcelona
Chevrolet,Orlando,Diésel,74533.0,163.0,automatic,12950,Atarrabia,31610,Navarra,Atarrabia
Chevrolet,Orlando,Diésel,74533.0,163.0,automatic,12950,Castello/Castellon de La Plana,12100,Castellón,Castello/Castellon de La Plana
Chevrolet,Orlando,Diésel,74533.0,163.0,automatic,12950,Hidraulica Santillana,28770,Madrid,Hidraulica Santillana
Citroen,C2,Diésel,180.0,68.0,manual,1990,Santiago de Compostela,36164,Pontevedra,Santiago de Compostela
Toyota,Avensis,Gasolina,130000.0,129.0,manual,6990,Olot,17800,Girona,Olot
Toyota,Avensis,Diésel,97490.0,143.0,manual,18900,Santafe,18320,Granada,Santafe
Toyota,Avensis,Diésel,150561.0,124.0,manual,12250,Mercado Parque Corredor del Henares,28850,Madrid,Mercado Parque Corredor del Henares
Citroen,C3,Gasolina,61685.0,82.0,manual,10990,Sevilla,41005,Sevilla,Sevilla
Citroen,C3,Gasolina,61685.0,82.0,manual,10990,Alicante,3010,Alicante,Alicante
Citroen,C3,Gasolina,61685.0,82.0,manual,10990,Alicante,3010,Murcia,Alicante
Citroen,C3,Gasolina,61685.0,82.0,manual,10990,Almería,4006,Almería,Almería
Citroen,C3,Gasolina,19731.0,83.0,manual,15390,Madrid,28021,Madrid,Madrid
Chevrolet,Orlando,Diésel,74533.0,163.0,automatic,12950,Albacete,2001,Albacete,Albacete
Toyota,Prius,Eléctrico,164221.0,136.0,automatic,15900,Olèrdola,8734,Barcelona,Olèrdola
Toyota,Prius,Eléctrico,164221.0,136.0,automatic,15900,Olèrdola,8734,Barcelona,Olèrdola
Toyota,Prius,Eléctrico,164221.0,136.0,automatic,15900,Mercado Parque Corredor del Henares,28850,Madrid,Mercado Parque Corredor del Henares
Citroen,C3 Aircross,Diésel,110000.0,102.0,manual,223,Gandía,46701,Valencia,Gandía
Citroen,C3 Aircross,Gasolina,48000.0,130.0,manual,419,Barcelona,8009,Barcelona,Barcelona
Citroen,C3 Aircross,Diésel,110000.0,102.0,manual,381,Barcelona,8009,Barcelona,Barcelona
Chevrolet,Orlando,Diésel,74533.0,163.0,automatic,12950,Alzira,46600,Valencia,Alzira
Chevrolet,Orlando,Diésel,74533.0,163.0,automatic,12950,Alzira,46600,Valencia,Alzira
Chevrolet,Orlando,Diésel,74533.0,163.0,automatic,12950,Alicante,3007,Alicante,Alicante
Citroen,C4 SpaceTourer,Diésel,118000.0,130.0,manual,215,Gandía,46701,Valencia,Gandía
Citroen,C4 SpaceTourer,Gasolina,87000.0,130.0,manual,422,Barcelona,8009,Barcelona,Barcelona
Jeep,Wrangler,Diésel,120000.0,177.0,manual,23990,Tarrega,25300,Lleida,Tarrega
Chevrolet,Trax,Gasolina,55195.0,115.0,manual,13144,Alameda del Obispo,14005,Córdoba,Alameda del Obispo
Chevrolet,Trax,Gasolina,55195.0,115.0,manual,13144,Collado Villalba,28400,Madrid,Collado Villalba
Chevrolet,Trax,Gasolina,55195.0,115.0,manual,13144,Collado Villalba,28400,Madrid,Collado Villalba
Chevrolet,Trax,Gasolina,55195.0,115.0,manual,13144,Santa Maria del Aguila,4710,Almería,Santa Maria del Aguila
Chevrolet,Trax,Gasolina,55195.0,115.0,manual,13144,Murcia,30003,Murcia,Murcia
Citroen,Berlingo,Diésel,98000.0,75.0,manual,10909,Montcada i Reixac,8110,Barcelona,Montcada i Reixac
Maserati,Ghibli,Diésel,98021.0,275.0,automatic,33990,Collado Villalba,28400,Madrid,Collado Villalba
Maserati,Ghibli,Diésel,98021.0,275.0,automatic,33990,Collado Villalba,28400,Madrid,Collado Villalba
Maserati,Ghibli,Diésel,98021.0,275.0,automatic,33990,Camarma de Esteruelas,28816,Madrid,Camarma de Esteruelas
Maserati,Ghibli,Diésel,98021.0,275.0,automatic,33990,Camarma de Esteruelas,28816,Madrid,Camarma de Esteruelas
Maserati,Ghibli,Diésel,98021.0,275.0,automatic,33990,Colonia Pablo Iglesias,28520,Madrid,Colonia Pablo Iglesias
Maserati,Ghibli,Diésel,98021.0,275.0,automatic,33990,Las Rozas de Madrid,28232,Madrid,Las Rozas de Madrid
Maserati,Ghibli,Diésel,98021.0,275.0,automatic,33990,Fuenlabrada,28947,Madrid,Fuenlabrada
Citroen,Grand C4 SpaceTourer,Diésel,90930.0,130.0,manual,17400,Urbanitzacio El Medol,43150,Tarragona,Urbanitzacio El Medol
Citroen,Grand C4 SpaceTourer,Diésel,90930.0,130.0,manual,17400,Almería,4001,Almería,Almería
Citroen,Grand C4 SpaceTourer,Diésel,90930.0,130.0,manual,17400,Alcalá de Henares,28801,Madrid,Alcalá de Henares
Citroen,Grand C4 SpaceTourer,Diésel,90930.0,130.0,manual,17400,Granada,18002,Granada,Granada
Citroen,Grand C4 SpaceTourer,Diésel,109400.0,130.0,manual,17990,Madrid,28021,Madrid,Madrid
Citroen,Grand C4 SpaceTourer,Diésel,90930.0,130.0,manual,17400,Sevilla,41004,Sevilla,Sevilla
Citroen,Grand C4 SpaceTourer,Diésel,90930.0,130.0,manual,17400,Santander,39002,Cantabria,Santander
Citroen,Grand C4 SpaceTourer,Diésel,90930.0,130.0,manual,17400,San Sebastián de Los Reyes,28700,Madrid,San Sebastián de Los Reyes
Citroen,Grand C4 SpaceTourer,Diésel,90930.0,130.0,manual,17400,Murcia,30001,Murcia,Murcia
Citroen,Grand C4 SpaceTourer,Diésel,90930.0,130.0,manual,17400,Sabadell,8203,Barcelona,Sabadell
Citroen,Grand C4 SpaceTourer,Diésel,90930.0,130.0,manual,17400,Toledo,45002,Toledo,Toledo
Citroen,Grand C4 SpaceTourer,Diésel,90930.0,130.0,manual,17400,Alcobendas,28100,Madrid,Alcobendas
Citroen,Grand C4 SpaceTourer,Diésel,90930.0,130.0,manual,17400,Alicante,3001,Alicante,Alicante
Citroen,Grand C4 SpaceTourer,Diésel,90930.0,130.0,manual,17400,Huelva,21004,Huelva,Huelva
Citroen,Grand C4 SpaceTourer,Diésel,90930.0,130.0,manual,17400,Madrid,28013,Madrid,Madrid
Citroen,Grand C4 SpaceTourer,Diésel,90930.0,130.0,manual,17400,Sant Cugat del Vallès,8172,Barcelona,Sant Cugat del Vallès
Skoda,Kamiq,Gasolina,40448.0,110.0,automatic,21850,Coria del Río,41100,Sevilla,Coria del Río
Citroen,DS4,Diésel,134165.0,115.0,manual,11499,Madrid,28014,Madrid,Madrid
Citroen,DS4,Diésel,134165.0,115.0,manual,11399,Madrid,28014,Madrid,Madrid
Citroen,C-Élysée,Diésel,6228.0,102.0,manual,15180,Murcia,30003,Murcia,Murcia
Citroen,C-Élysée,Gasolina,37949.0,82.0,manual,12990,Alicante,3010,Alicante,Alicante
Citroen,C-Élysée,Gasolina,37949.0,82.0,manual,12990,Alicante,3010,Murcia,Alicante
Citroen,C-Élysée,Diésel,97583.0,100.0,manual,6990,Sevilla,41005,Sevilla,Sevilla
Citroen,C-Élysée,Diésel,97583.0,100.0,manual,6990,Almería,4006,Almería,Almería
Citroen,C-Élysée,Diésel,97583.0,100.0,manual,6990,Bilbao,48004,Bizkaia,Bilbao
Citroen,C-Élysée,Diésel,6228.0,102.0,manual,15180,Santiago de Compostela,15703,A Coruña,Santiago de Compostela
Citroen,C-Élysée,Diésel,6228.0,102.0,manual,15180,Saladar,3700,Alicante,Saladar
Citroen,C-Élysée,Diésel,6228.0,102.0,manual,15180,Mercado Parque Corredor del Henares,28850,Madrid,Mercado Parque Corredor del Henares
Citroen,C-Élysée,Diésel,6228.0,102.0,manual,15180,Sant Vicenç de Montalt,8394,Barcelona,Sant Vicenç de Montalt
Citroen,C-Élysée,Gasolina,37949.0,82.0,manual,12990,Huelva,21004,Huelva,Huelva
Citroen,C-Élysée,Diésel,97583.0,100.0,manual,6990,Sevilla,41017,Sevilla,Sevilla
Citroen,C-Élysée,Diésel,97583.0,100.0,manual,6990,Badajoz,6003,Badajoz,Badajoz
Citroen,C-Élysée,Gasolina,37949.0,82.0,manual,12990,Málaga,29005,Málaga,Málaga
Chevrolet,Trax,Gasolina,55195.0,115.0,manual,13144,Albacete,2001,Albacete,Albacete
Chevrolet,Trax,Gasolina,55195.0,115.0,manual,13144,Valdepeñas,13300,Ciudad Real,Valdepeñas
Chevrolet,Trax,Gasolina,55195.0,115.0,manual,13144,Valdepeñas,13300,Ciudad Real,Valdepeñas
Citroen,C5 Aircross,Gasolina,24259.0,131.0,manual,23920,Vigo,36214,Pontevedra,Vigo
Citroen,C5 Aircross,Gasolina,24259.0,131.0,manual,23920,Granollers,8403,Barcelona,Granollers
Citroen,C5 Aircross,Gasolina,39787.0,131.0,manual,22425,Saladar,3700,Alicante,Saladar
Citroen,C5 Aircross,Gasolina,24259.0,131.0,manual,23920,Saladar,3700,Alicante,Saladar
Citroen,C5 Aircross,Gasolina,24259.0,131.0,manual,23920,Mercado Parque Corredor del Henares,28850,Madrid,Mercado Parque Corredor del Henares
Citroen,C5 Aircross,Gasolina,24259.0,131.0,manual,23920,Murcia,30003,Murcia,Murcia
Citroen,C5 Aircross,Gasolina,39787.0,131.0,manual,22425,Ciudad Real,13003,Ciudad Real,Ciudad Real
Citroen,C5 Aircross,Gasolina,39787.0,131.0,manual,22425,Santiago de Compostela,15703,A Coruña,Santiago de Compostela
Citroen,C5 Aircross,Gasolina,39787.0,131.0,manual,22425,Valdepeñas,13300,Ciudad Real,Valdepeñas
Citroen,C5 Aircross,Gasolina,39787.0,131.0,manual,22425,Valdepeñas,13300,Ciudad Real,Valdepeñas
Citroen,C5 Aircross,Gasolina,68805.0,131.0,manual,18490,Urbanizacion La Granjilla,28700,Madrid,Urbanizacion La Granjilla
Citroen,C5 Aircross,Gasolina,68805.0,131.0,manual,18490,Valencia,46001,Valencia,Valencia
Citroen,C5 Aircross,Gasolina,68805.0,131.0,manual,18490,Málaga,29005,Málaga,Málaga
Citroen,C5 Aircross,Gasolina,24259.0,131.0,manual,23920,Olèrdola,8734,Barcelona,Olèrdola
Citroen,C5 Aircross,Gasolina,24259.0,131.0,manual,23920,Olèrdola,8734,Barcelona,Olèrdola
Citroen,C5 Aircross,Gasolina,68805.0,131.0,manual,18490,Sevilla,41005,Sevilla,Sevilla
Citroen,C5 Aircross,Gasolina,68805.0,131.0,manual,18490,Vigo,36211,Pontevedra,Vigo
Citroen,C5 Aircross,Gasolina,68805.0,131.0,manual,18490,Alicante,3010,Alicante,Alicante
Citroen,C5 Aircross,Gasolina,68805.0,131.0,manual,18490,Alicante,3010,Murcia,Alicante
Citroen,C5 Aircross,Gasolina,68805.0,131.0,manual,18490,Almería,4006,Almería,Almería
Citroen,SpaceTourer,Diésel,46312.0,150.0,manual,33500,Olèrdola,8734,Barcelona,Olèrdola
Citroen,SpaceTourer,Diésel,46312.0,150.0,manual,33500,Olèrdola,8734,Barcelona,Olèrdola
Citroen,SpaceTourer,Diésel,46312.0,150.0,manual,33500,Colonia Pablo Iglesias,28520,Madrid,Colonia Pablo Iglesias
Citroen,SpaceTourer,Diésel,46312.0,150.0,manual,33500,Torremolinos,29620,Málaga,Torremolinos
Citroen,SpaceTourer,Diésel,46312.0,150.0,manual,33500,Torremolinos,29620,Málaga,Torremolinos
Citroen,SpaceTourer,Diésel,46312.0,150.0,manual,33500,Torremolinos,29620,Málaga,Torremolinos
Citroen,SpaceTourer,Diésel,46312.0,150.0,manual,33500,Alcobendas,28100,Madrid,Alcobendas
Citroen,SpaceTourer,Diésel,46312.0,150.0,manual,33500,Alzira,46600,Valencia,Alzira
Citroen,SpaceTourer,Diésel,46312.0,150.0,manual,33500,Alzira,46600,Valencia,Alzira
Citroen,SpaceTourer,Diésel,46312.0,150.0,manual,33500,Santiago de Compostela,15703,A Coruña,Santiago de Compostela
Citroen,SpaceTourer,Diésel,46312.0,150.0,manual,33500,Saladar,3700,Alicante,Saladar
Citroen,SpaceTourer,Diésel,46312.0,150.0,manual,33500,Vigo,36214,Pontevedra,Vigo
Citroen,SpaceTourer,Diésel,46312.0,150.0,manual,33500,Murcia,30003,Murcia,Murcia
Citroen,SpaceTourer,Diésel,46312.0,150.0,manual,33500,Alicante,3007,Alicante,Alicante
Citroen,SpaceTourer,Diésel,46312.0,150.0,manual,33500,Paterna,46980,Valencia,Paterna
Citroen,SpaceTourer,Diésel,46312.0,150.0,manual,33500,Puerto de Sagunto,46520,Valencia,Puerto de Sagunto
Citroen,SpaceTourer,Diésel,46312.0,150.0,manual,33500,Santafe,18320,Granada,Santafe
Citroen,SpaceTourer,Diésel,46312.0,150.0,manual,33500,Getafe,28906,Madrid,Getafe
Citroen,SpaceTourer,Diésel,46312.0,150.0,manual,33500,Zaragoza,50013,Zaragoza,Zaragoza
Citroen,SpaceTourer,Diésel,46312.0,150.0,manual,33500,Alcalá de Guadaíra,41500,Sevilla,Alcalá de Guadaíra
Citroen,SpaceTourer,Diésel,46312.0,150.0,manual,33500,Mercabilbao,48970,Bizkaia,Mercabilbao
Audi,A4,Diésel,257000.0,140.0,manual,3990,Granollers,8401,Barcelona,Granollers
Audi,A4,Diésel,151214.0,150.0,manual,13990,Granada,18005,Granada,Granada
Audi,A4,Diésel,400.0,130.0,manual,990,Pontevedra,36164,Pontevedra,Pontevedra
Abarth,500,Gasolina,98956.0,145.0,manual,13490,Valencia,46001,Valencia,Valencia
Opel,Zafira Tourer,Diésel,100193.0,135.0,manual,13899,Madrid,28014,Madrid,Madrid
Opel,Combo,Diésel,52000.0,102.0,manual,13990,Málaga,29005,Málaga,Málaga
Opel,Combo,Diésel,100223.0,75.0,manual,14490,Málaga,29003,Málaga,Málaga
Opel,Combo,Diésel,100223.0,75.0,manual,14990,Málaga,29003,Málaga,Málaga
Opel,Combo,Diésel,100223.0,75.0,manual,14490,Antequera,29200,Málaga,Antequera
Opel,Combo,Diésel,100223.0,75.0,manual,14990,Antequera,29200,Málaga,Antequera
Opel,Combo,Diésel,48100.0,90.0,manual,11990,Málaga,29006,Málaga,Málaga
Opel,Combo,Diésel,48100.0,90.0,manual,12790,Málaga,29006,Málaga,Málaga
Citroen,C4 Picasso,Diésel,135000.0,99.0,manual,11280,Granada,18005,Granada,Granada
Citroen,C4 Picasso,Diésel,135000.0,99.0,manual,10990,Granada,18005,Granada,Granada
Citroen,C4 Picasso,Diésel,135000.0,99.0,manual,11280,Palma de Mallorca,7003,Baleares,Palma de Mallorca
Citroen,C4 Picasso,Diésel,135000.0,99.0,manual,10990,Palma de Mallorca,7003,Baleares,Palma de Mallorca
Citroen,C4 Picasso,Diésel,135000.0,99.0,manual,11280,Valencia,46001,Valencia,Valencia
Citroen,C4 Picasso,Diésel,135000.0,99.0,manual,10990,Valencia,46001,Valencia,Valencia
Citroen,C4 Picasso,Diésel,135000.0,99.0,manual,11280,Málaga,29005,Málaga,Málaga
Citroen,C4 Picasso,Diésel,135000.0,99.0,manual,10990,Málaga,29005,Málaga,Málaga
Citroen,C4 Picasso,Diésel,133642.0,115.0,automatic,8990,Badajoz,6003,Badajoz,Badajoz
Citroen,C4 Picasso,Diésel,44593.0,150.0,manual,15990,Valencia,46001,Valencia,Valencia
Citroen,C4 Picasso,Diésel,44593.0,150.0,manual,14890,Valencia,46001,Valencia,Valencia
Citroen,C1,Gasolina,20876.0,72.0,manual,14892,Santiago de Compostela,15703,A Coruña,Santiago de Compostela
Citroen,C1,Gasolina,20876.0,72.0,manual,14892,Saladar,3700,Alicante,Saladar
Citroen,C1,Gasolina,20876.0,72.0,manual,14892,Vigo,36214,Pontevedra,Vigo
Citroen,C1,Gasolina,20876.0,72.0,manual,14892,Granollers,8403,Barcelona,Granollers
Citroen,C1,Gasolina,20876.0,72.0,manual,14892,Estepona,29680,Málaga,Estepona
Citroen,C1,Gasolina,20876.0,72.0,manual,14892,Colonia Pablo Iglesias,28520,Madrid,Colonia Pablo Iglesias
Citroen,C1,Gasolina,20876.0,72.0,manual,14892,Las Rozas de Madrid,28232,Madrid,Las Rozas de Madrid
Citroen,C1,Gasolina,20876.0,72.0,manual,14892,Torremolinos,29620,Málaga,Torremolinos
Citroen,C1,Gasolina,20876.0,72.0,manual,14892,Torremolinos,29620,Málaga,Torremolinos
Citroen,C1,Gasolina,20876.0,72.0,manual,14892,Torremolinos,29620,Málaga,Torremolinos
Citroen,C1,Gasolina,20876.0,72.0,manual,14892,Albacete,2001,Albacete,Albacete
Citroen,C1,Gasolina,20876.0,72.0,manual,14892,Castello/Castellon de La Plana,12100,Castellón,Castello/Castellon de La Plana
Citroen,C1,Gasolina,20876.0,72.0,manual,14892,Alcobendas,28100,Madrid,Alcobendas
Citroen,C1,Gasolina,20876.0,72.0,manual,14892,Puerto de Sagunto,46520,Valencia,Puerto de Sagunto
Citroen,C1,Gasolina,20876.0,72.0,manual,14892,Hidraulica Santillana,28770,Madrid,Hidraulica Santillana
Citroen,C1,Gasolina,20876.0,72.0,manual,14892,Alicante,3007,Alicante,Alicante
Citroen,C1,Gasolina,20876.0,72.0,manual,14892,Alcalá de Guadaíra,41500,Sevilla,Alcalá de Guadaíra
Citroen,C1,Gasolina,20876.0,72.0,manual,14892,Santafe,18320,Granada,Santafe
Citroen,C1,Gasolina,20876.0,72.0,manual,14892,Paterna,46980,Valencia,Paterna
Citroen,C1,Gasolina,20876.0,72.0,manual,14892,Getafe,28906,Madrid,Getafe
Citroen,C1,Gasolina,20876.0,72.0,manual,14892,Collado Villalba,28400,Madrid,Collado Villalba
Citroen,C1,Gasolina,20876.0,72.0,manual,14892,Collado Villalba,28400,Madrid,Collado Villalba
CUPRA,Formentor,Gasolina,51231.0,150.0,manual,27500,Valladolid,47009,Valladolid,Valladolid
CUPRA,Born,Eléctrico,2932.0,231.0,automatic,36600,Carretera Castro de Elviña,15008,A Coruña,Carretera Castro de Elviña
CUPRA,Born,Eléctrico,2932.0,231.0,automatic,36600,Carretera Castro de Elviña,15008,A Coruña,Carretera Castro de Elviña
Opel,Grandland X,Diésel,94539.0,120.0,manual,14990,Vigo,36211,Pontevedra,Vigo
Opel,Grandland X,Diésel,94539.0,120.0,manual,14990,Málaga,29005,Málaga,Málaga
Opel,Grandland X,Diésel,94539.0,120.0,manual,14990,Sevilla,41005,Sevilla,Sevilla
Opel,Grandland X,Diésel,30000.0,120.0,manual,15985,Sant Boi de Llobregat,8830,Barcelona,Sant Boi de Llobregat
CUPRA,Ateca,Gasolina,45171.0,300.0,automatic,29990,Vigo,36211,Pontevedra,Vigo
CUPRA,Ateca,Gasolina,45171.0,300.0,automatic,29990,Almería,4006,Almería,Almería
Opel,Astra,Diésel,70988.0,110.0,manual,12990,Valdepeñas,13300,Ciudad Real,Valdepeñas
Opel,Astra,Diésel,70988.0,110.0,manual,12990,Valdepeñas,13300,Ciudad Real,Valdepeñas
Opel,Astra,Diésel,70988.0,110.0,manual,12990,Ciudad Real,13003,Ciudad Real,Ciudad Real
Opel,Astra,Diésel,70988.0,110.0,manual,12990,Estepona,29680,Málaga,Estepona
Opel,Astra,Diésel,92297.0,136.0,manual,9990,Vigo,36211,Pontevedra,Vigo
Opel,Astra,Diésel,55233.0,136.0,manual,13990,Vigo,36211,Pontevedra,Vigo
Opel,Astra,Diésel,92297.0,136.0,manual,9990,Granada,18005,Granada,Granada
Opel,Zafira,Diésel,155000.0,120.0,manual,5990,Catarroja,46470,Valencia,Catarroja
Opel,Zafira,Diésel,155000.0,120.0,manual,5990,Catarroja,46470,Valencia,Catarroja
Opel,Zafira,Diésel,155000.0,120.0,manual,5990,Catarroja,46470,Valencia,Catarroja
Opel,Zafira,Diésel,155000.0,120.0,manual,5990,Catarroja,46470,Valencia,Catarroja
Chevrolet,Nubira,Diésel,124521.0,121.0,manual,5190,Utebo,50180,Zaragoza,Utebo
Chevrolet,Nubira,Gasolina,110000.0,110.0,manual,2600,Ourense,32001,Ourense,Ourense
Opel,Combo Life,Diésel,91607.0,102.0,manual,19900,Antequera,29200,Málaga,Antequera
Opel,Combo Life,Diésel,91607.0,102.0,manual,20900,Antequera,29200,Málaga,Antequera
Audi,A1,Diésel,77932.0,116.0,manual,15990,Almería,4006,Almería,Almería
Audi,A1,Diésel,77932.0,116.0,manual,15990,Vigo,36211,Pontevedra,Vigo
Audi,A1,Diésel,74796.0,90.0,manual,14990,Granada,18005,Granada,Granada
Audi,A1,Gasolina,64700.0,95.0,manual,17890,Valencia,46002,Valencia,Valencia
Audi,A1,Gasolina,69900.0,95.0,manual,14900,Mejorada del Campo,28840,Madrid,Mejorada del Campo
Audi,A1,Diésel,156400.0,90.0,manual,12495,Xativa,46800,Valencia,Xativa
Audi,A1,Gasolina,38000.0,116.0,manual,16400,Bormujos,41930,Sevilla,Bormujos
Audi,A1,Gasolina,37000.0,116.0,manual,16400,Valencia,46002,Valencia,Valencia
Opel,Crossland X,Gasolina,68000.0,110.0,manual,407,Barcelona,8009,Barcelona,Barcelona
Opel,Crossland X,Gasolina,55294.0,110.0,manual,16499,Madrid,28014,Madrid,Madrid
Opel,Antara,Diésel,93745.0,150.0,manual,8590,Valencia,46002,Valencia,Valencia
Opel,Antara,Diésel,93745.0,150.0,manual,7950,Valencia,46002,Valencia,Valencia
Opel,Antara,Diésel,93745.0,150.0,manual,8590,Sevilla,41006,Sevilla,Sevilla
Opel,Antara,Diésel,93745.0,150.0,manual,7950,Sevilla,41006,Sevilla,Sevilla
Opel,Antara,Diésel,93745.0,150.0,manual,8590,Sant Boi de Llobregat,8830,Barcelona,Sant Boi de Llobregat
Opel,Antara,Diésel,93745.0,150.0,manual,7950,Sant Boi de Llobregat,8830,Barcelona,Sant Boi de Llobregat
Chevrolet,Captiva,Diésel,138483.0,184.0,automatic,12400,Atarrabia,31610,Navarra,Atarrabia
Chevrolet,Captiva,Diésel,138483.0,184.0,automatic,12400,Alameda del Obispo,14005,Córdoba,Alameda del Obispo
Chevrolet,Captiva,Diésel,138483.0,184.0,automatic,12400,Mercabilbao,48970,Bizkaia,Mercabilbao
Audi,A7,Diésel,76025.0,218.0,automatic,26499,Madrid,28014,Madrid,Madrid
Audi,A7,Diésel,76025.0,218.0,automatic,25999,Madrid,28014,Madrid,Madrid
Audi,A7,Diésel,76025.0,218.0,automatic,26499,Barcelona,8007,Barcelona,Barcelona
Audi,A7,Diésel,76025.0,218.0,automatic,25999,Barcelona,8007,Barcelona,Barcelona
Chrysler,Grand Voyager,Diésel,180000.0,150.0,automatic,4900,Sevilla,41001,Sevilla,Sevilla
DS,7 CROSSBACK,Diésel,70000.0,177.0,automatic,36995,Caravaca de la Cruz,30400,Murcia,Caravaca de la Cruz
DS,7 CROSSBACK,Diésel,70000.0,177.0,automatic,36995,Caravaca de la Cruz,30400,Murcia,Caravaca de la Cruz
Audi,A4 Allroad,Diésel,149865.0,177.0,automatic,17199,Madrid,28014,Madrid,Madrid
Chevrolet,Camaro,Gasolina,60112.0,405.0,automatic,33550,Badajoz,6008,Badajoz,Badajoz
Chevrolet,Camaro,Gasolina,60112.0,405.0,automatic,33550,Estepona,29680,Málaga,Estepona
Chevrolet,Camaro,Gasolina,60112.0,405.0,automatic,33550,Mercado Parque Corredor del Henares,28850,Madrid,Mercado Parque Corredor del Henares
Opel,ADAM,Gasolina,21349.0,87.0,manual,12420,Alameda del Obispo,14005,Córdoba,Alameda del Obispo
Opel,ADAM,Gasolina,21349.0,87.0,manual,12420,Alcalá de Guadaíra,41500,Sevilla,Alcalá de Guadaíra
Opel,ADAM,Gasolina,21349.0,87.0,manual,12420,Santafe,18320,Granada,Santafe
Opel,ADAM,Gasolina,21349.0,87.0,manual,12420,Valdepeñas,13300,Ciudad Real,Valdepeñas
Opel,ADAM,Gasolina,21349.0,87.0,manual,12420,Valdepeñas,13300,Ciudad Real,Valdepeñas
Opel,ADAM,Gasolina,21349.0,87.0,manual,12420,Estepona,29680,Málaga,Estepona
Opel,ADAM,Gasolina,21349.0,87.0,manual,12420,Santa Maria del Aguila,4710,Almería,Santa Maria del Aguila
Opel,ADAM,Gasolina,40380.0,100.0,manual,12535,Santa Maria del Aguila,4710,Almería,Santa Maria del Aguila
Opel,ADAM,Gasolina,21349.0,87.0,manual,12420,Puerto de Sagunto,46520,Valencia,Puerto de Sagunto
Opel,ADAM,Gasolina,21349.0,87.0,manual,12420,Atarrabia,31610,Navarra,Atarrabia
Opel,ADAM,Gasolina,21349.0,87.0,manual,12420,Getafe,28906,Madrid,Getafe
Opel,ADAM,Gasolina,21349.0,87.0,manual,12420,Torremolinos,29620,Málaga,Torremolinos
Opel,ADAM,Gasolina,21349.0,87.0,manual,12420,Torremolinos,29620,Málaga,Torremolinos
Opel,ADAM,Gasolina,21349.0,87.0,manual,12420,Torremolinos,29620,Málaga,Torremolinos
Opel,ADAM,Gasolina,21349.0,87.0,manual,12420,Paterna,46980,Valencia,Paterna
Opel,Vivaro,Diésel,25780.0,125.0,manual,24990,Òrrius,8317,Barcelona,Òrrius
Opel,Vivaro,Diésel,25780.0,125.0,manual,24990,Valencia,46001,Valencia,Valencia
Opel,Vivaro,Diésel,25780.0,125.0,manual,24990,Palma de Mallorca,7003,Baleares,Palma de Mallorca
Opel,Vivaro,Diésel,25780.0,125.0,manual,24990,Murcia,30005,Murcia,Murcia
Opel,Vivaro,Diésel,754.0,120.0,manual,22990,Antequera,29200,Málaga,Antequera
Opel,Vivaro,Diésel,754.0,120.0,manual,27490,Antequera,29200,Málaga,Antequera
Opel,Vivaro,Diésel,754.0,102.0,manual,25990,Málaga,29006,Málaga,Málaga
Opel,Vivaro,Diésel,745.0,102.0,manual,25990,Málaga,29003,Málaga,Málaga
Opel,Vivaro,Diésel,745.0,102.0,manual,27490,Málaga,29003,Málaga,Málaga
Chevrolet,Camaro,Gasolina,60112.0,405.0,automatic,33550,Santiago de Compostela,15703,A Coruña,Santiago de Compostela
Chevrolet,Camaro,Gasolina,60112.0,405.0,automatic,33550,Alcobendas,28100,Madrid,Alcobendas
Chevrolet,Camaro,Gasolina,60112.0,405.0,automatic,33550,Puerto de Sagunto,46520,Valencia,Puerto de Sagunto
Chevrolet,Camaro,Gasolina,60112.0,405.0,automatic,33550,Alzira,46600,Valencia,Alzira
Chevrolet,Camaro,Gasolina,60112.0,405.0,automatic,33550,Alzira,46600,Valencia,Alzira
Opel,Corsa,Diésel,155992.0,95.0,manual,6980,Granada,18005,Granada,Granada
Opel,Corsa,Diésel,69942.0,95.0,manual,9490,Almería,4006,Almería,Almería
Opel,Corsa,Gasolina,50000.0,90.0,manual,11990,Almería,4006,Almería,Almería
Opel,Corsa,Diésel,69942.0,95.0,manual,9490,Vigo,36211,Pontevedra,Vigo
Opel,Corsa,Gasolina,50000.0,90.0,manual,11990,Vigo,36211,Pontevedra,Vigo
Opel,Corsa,Diésel,69942.0,95.0,manual,9490,Granada,18005,Granada,Granada
Opel,Corsa,Gasolina,50000.0,90.0,manual,11990,Granada,18005,Granada,Granada
Opel,Mokka,Gasolina,121563.0,140.0,manual,12535,Olèrdola,8734,Barcelona,Olèrdola
Opel,Mokka,Gasolina,121563.0,140.0,manual,12535,Olèrdola,8734,Barcelona,Olèrdola
Opel,Mokka,Diésel,110530.0,130.0,manual,11950,Alameda del Obispo,14005,Córdoba,Alameda del Obispo
Opel,Mokka,Diésel,110530.0,130.0,manual,11950,Alcobendas,28100,Madrid,Alcobendas
Opel,Mokka,Diésel,111730.0,136.0,manual,12535,Alcobendas,28100,Madrid,Alcobendas
Opel,Mokka,Gasolina,121563.0,140.0,manual,12535,Alameda del Obispo,14005,Córdoba,Alameda del Obispo
Opel,Mokka,Gasolina,121563.0,140.0,manual,12535,Alcobendas,28100,Madrid,Alcobendas
Lexus,NX,Eléctrico,49148.0,197.0,automatic,36788,Getafe,28906,Madrid,Getafe
Lexus,NX,Eléctrico,49148.0,197.0,automatic,36788,Saladar,3700,Alicante,Saladar
Lexus,NX,Eléctrico,49148.0,197.0,automatic,36788,Santiago de Compostela,15703,A Coruña,Santiago de Compostela
Opel,Crossland X,Gasolina,46969.0,130.0,manual,15975,Puerto de Sagunto,46520,Valencia,Puerto de Sagunto
Opel,Crossland X,Gasolina,46969.0,130.0,manual,15975,Saladar,3700,Alicante,Saladar
Audi,A6,Diésel,89127.0,190.0,manual,24499,Madrid,28014,Madrid,Madrid
Audi,A6,Diésel,89127.0,190.0,manual,24199,Madrid,28014,Madrid,Madrid
Citroen,Grand C4 Picasso,Diésel,176906.0,115.0,manual,12300,Collado Villalba,28400,Madrid,Collado Villalba
Citroen,Grand C4 Picasso,Diésel,176906.0,115.0,manual,12300,Collado Villalba,28400,Madrid,Collado Villalba
Citroen,Grand C4 Picasso,Diésel,176906.0,115.0,manual,12300,Puerto de Sagunto,46520,Valencia,Puerto de Sagunto
Citroen,Grand C4 Picasso,Diésel,176906.0,115.0,manual,12300,Atarrabia,31610,Navarra,Atarrabia
Citroen,Grand C4 Picasso,Diésel,176906.0,115.0,manual,12300,Colonia Pablo Iglesias,28520,Madrid,Colonia Pablo Iglesias
Citroen,Grand C4 Picasso,Diésel,176906.0,115.0,manual,12300,Alzira,46600,Valencia,Alzira
Citroen,Grand C4 Picasso,Diésel,176906.0,115.0,manual,12300,Alzira,46600,Valencia,Alzira
Citroen,Grand C4 Picasso,Diésel,176906.0,115.0,manual,12300,Alicante,3007,Alicante,Alicante
KIA,Magentis,Diésel,230000.0,140.0,manual,2200,Albacete,2004,Albacete,Albacete
KIA,Rio,Gasolina,103864.0,85.0,manual,7990,Granada,18005,Granada,Granada
KIA,Rio,Gasolina,103864.0,85.0,manual,6990,Granada,18005,Granada,Granada
KIA,Rio,Gasolina,99110.0,85.0,manual,7899,Barcelona,8007,Barcelona,Barcelona
KIA,Rio,Diésel,130000.0,75.0,manual,9500,Berga,8600,Barcelona,Berga
KIA,Rio,Gasolina,140388.0,85.0,manual,7599,Madrid,28014,Madrid,Madrid
KIA,Rio,Gasolina,103864.0,85.0,manual,7990,Sevilla,41017,Sevilla,Sevilla
KIA,Rio,Gasolina,103864.0,85.0,manual,6990,Sevilla,41017,Sevilla,Sevilla
Volvo,V70,Diésel,240000.0,163.0,manual,2990,Ávila,5001,Ávila,Ávila
KIA,Stonic,Gasolina,33391.0,100.0,manual,18500,Valdepeñas,13300,Ciudad Real,Valdepeñas
KIA,Stonic,Gasolina,33391.0,100.0,manual,18500,Valdepeñas,13300,Ciudad Real,Valdepeñas
KIA,Stonic,Gasolina,95021.0,120.0,manual,12900,Valladolid,47004,Valladolid,Valladolid
KIA,Stonic,Gasolina,33391.0,100.0,manual,18500,Saladar,3700,Alicante,Saladar
KIA,Stonic,Gasolina,33391.0,100.0,manual,18500,Mercado Parque Corredor del Henares,28850,Madrid,Mercado Parque Corredor del Henares
KIA,Stonic,Gasolina,33391.0,100.0,manual,18500,Vigo,36214,Pontevedra,Vigo
Nissan,Micra,Gasolina,24569.0,100.0,manual,14938,Alcobendas,28100,Madrid,Alcobendas
Nissan,Micra,Gasolina,24569.0,100.0,manual,14938,Puerto de Sagunto,46520,Valencia,Puerto de Sagunto
Nissan,Micra,Gasolina,24569.0,100.0,manual,14938,Hidraulica Santillana,28770,Madrid,Hidraulica Santillana
Nissan,Micra,Gasolina,24569.0,100.0,manual,14938,Alcalá de Guadaíra,41500,Sevilla,Alcalá de Guadaíra
Nissan,Micra,Gasolina,24569.0,100.0,manual,14938,Alicante,3007,Alicante,Alicante
Nissan,Micra,Gasolina,24569.0,100.0,manual,14938,Santafe,18320,Granada,Santafe
Nissan,Micra,Gasolina,24569.0,100.0,manual,14938,Paterna,46980,Valencia,Paterna
Nissan,Micra,Gasolina,24569.0,100.0,manual,14938,Getafe,28906,Madrid,Getafe
Nissan,Micra,Gasolina,24569.0,100.0,manual,14938,Collado Villalba,28400,Madrid,Collado Villalba
Nissan,Micra,Gasolina,24569.0,100.0,manual,14938,Collado Villalba,28400,Madrid,Collado Villalba
Volvo,V40,Diésel,93400.0,120.0,manual,13990,Almería,4006,Almería,Almería
Volvo,V40,Diésel,93400.0,120.0,manual,13990,Murcia,30005,Murcia,Murcia
Volvo,V40,Diésel,93400.0,120.0,manual,13990,Palau-Solita I Plegamans,8184,Barcelona,Palau-Solita I Plegamans
Volvo,V40,Diésel,93400.0,120.0,manual,13990,Palau-Solita I Plegamans,8184,Barcelona,Palau-Solita I Plegamans
Volvo,V40,Diésel,93400.0,120.0,manual,13990,Sevilla,41005,Sevilla,Sevilla
Citroen,C3 Picasso,Diésel,220000.0,112.0,manual,5990,Alcorcón,28924,Madrid,Alcorcón
Citroen,C3 Picasso,Diésel,230000.0,100.0,manual,7900,Sant Vicenç de Montalt,8394,Barcelona,Sant Vicenç de Montalt
Citroen,C3 Picasso,Diésel,230000.0,100.0,manual,6990,Sant Vicenç de Montalt,8394,Barcelona,Sant Vicenç de Montalt
Citroen,C3 Picasso,Diésel,230000.0,100.0,manual,6900,Sant Vicenç de Montalt,8394,Barcelona,Sant Vicenç de Montalt
Citroen,C3 Picasso,Diésel,110333.0,99.0,manual,8990,Murcia,30005,Murcia,Murcia
Citroen,Nemo,Diésel,86800.0,80.0,manual,10300,Sant Boi de Llobregat,8830,Barcelona,Sant Boi de Llobregat
Nissan,NV400,Diésel,142000.0,125.0,manual,16000,Barcelona,8006,Barcelona,Barcelona
Nissan,NV400,Diésel,142000.0,125.0,manual,15000,Barcelona,8006,Barcelona,Barcelona
Volvo,XC60,Diésel,159262.0,181.0,automatic,21690,Madrid,28021,Madrid,Madrid
Volvo,XC60,Diésel,69000.0,150.0,automatic,24790,Castello/Castellon de La Plana,12100,Castellón,Castello/Castellon de La Plana
Citroen,Grand C4 SpaceTourer,Diésel,120911.0,130.0,manual,17900,Paterna,46980,Valencia,Paterna
Citroen,Grand C4 SpaceTourer,Diésel,120911.0,130.0,manual,17900,Estepona,29680,Málaga,Estepona
Citroen,Grand C4 SpaceTourer,Diésel,120911.0,130.0,manual,17900,Colonia Pablo Iglesias,28520,Madrid,Colonia Pablo Iglesias
Citroen,Grand C4 SpaceTourer,Diésel,120911.0,130.0,manual,17900,Alameda del Obispo,14005,Córdoba,Alameda del Obispo
Citroen,Grand C4 SpaceTourer,Gasolina,82759.0,130.0,manual,18399,Madrid,28014,Madrid,Madrid
Lexus,GS,Eléctrico,28171.0,223.0,automatic,29900,Atarrabia,31610,Navarra,Atarrabia
Citroen,Grand C4 SpaceTourer,Gasolina,82759.0,130.0,manual,18399,Barcelona,8007,Barcelona,Barcelona
Citroen,Grand C4 SpaceTourer,Gasolina,114000.0,130.0,manual,416,Valencia,46005,Valencia,Valencia
Citroen,C5 X,Gasolina,3.0,180.0,automatic,36780,Bilbao,48006,Bizkaia,Bilbao
Mitsubishi,Outlander,Eléctrico,39050.0,224.0,automatic,35075,Santiago de Compostela,15703,A Coruña,Santiago de Compostela
Mitsubishi,Outlander,Eléctrico,39050.0,224.0,automatic,35075,Saladar,3700,Alicante,Saladar
Mitsubishi,Outlander,Eléctrico,39050.0,224.0,automatic,35075,Vigo,36214,Pontevedra,Vigo
Mitsubishi,Outlander,Eléctrico,39050.0,224.0,automatic,35075,Granollers,8403,Barcelona,Granollers
Citroen,C1,Gasolina,20876.0,72.0,manual,14892,Ciudad Real,13003,Ciudad Real,Ciudad Real
Citroen,C1,Gasolina,20876.0,72.0,manual,14892,Valdepeñas,13300,Ciudad Real,Valdepeñas
Citroen,C1,Gasolina,20876.0,72.0,manual,14892,Valdepeñas,13300,Ciudad Real,Valdepeñas
Citroen,C1,Gasolina,20876.0,72.0,manual,14892,Mercado Parque Corredor del Henares,28850,Madrid,Mercado Parque Corredor del Henares
Citroen,C1,Gasolina,20876.0,72.0,manual,14892,Sant Vicenç de Montalt,8394,Barcelona,Sant Vicenç de Montalt
Renault,Talisman,Diésel,126000.0,130.0,manual,12990,Vigo,36211,Pontevedra,Vigo
Renault,Talisman,Diésel,126000.0,130.0,manual,12990,Murcia,30005,Murcia,Murcia
Citroen,C4 SpaceTourer,Diésel,118000.0,130.0,manual,15950,Terrassa,8223,Barcelona,Terrassa
Citroen,C4 SpaceTourer,Diésel,118000.0,130.0,manual,15950,Valdefuentes,28939,Madrid,Valdefuentes
Citroen,C4 SpaceTourer,Diésel,118000.0,130.0,manual,15950,Valdefuentes,28939,Madrid,Valdefuentes
Citroen,C4 SpaceTourer,Diésel,118000.0,130.0,manual,15950,Bormujos,41930,Sevilla,Bormujos
Citroen,C4 SpaceTourer,Diésel,76458.0,131.0,automatic,22385,Antequera,29200,Málaga,Antequera
Citroen,C4 SpaceTourer,Diésel,76458.0,131.0,automatic,23385,Antequera,29200,Málaga,Antequera
Renault,Koleos,Diésel,43000.0,175.0,automatic,26900,Málaga,29006,Málaga,Málaga
Nissan,Townstar,Gasolina,3640.0,130.0,manual,26900,Sant Boi de Llobregat,8830,Barcelona,Sant Boi de Llobregat
Nissan,Townstar,Gasolina,2248.0,130.0,manual,27300,Sant Boi de Llobregat,8830,Barcelona,Sant Boi de Llobregat
Nissan,Murano,Gasolina,141000.0,234.0,automatic,7999,Barcelona,8013,Barcelona,Barcelona
SsangYong,Tivoli,Gasolina,115453.0,128.0,manual,12990,Valencia,46001,Valencia,Valencia
SsangYong,Tivoli,Gasolina,115453.0,128.0,manual,12490,Valencia,46001,Valencia,Valencia
SsangYong,Tivoli,Gasolina,115453.0,128.0,manual,12990,Castellón,12001,Castellón,Castellón
SsangYong,Tivoli,Gasolina,115453.0,128.0,manual,12490,Castellón,12001,Castellón,Castellón
SsangYong,Tivoli,Gasolina,115453.0,128.0,manual,12990,Vigo,36211,Pontevedra,Vigo
SsangYong,Tivoli,Gasolina,115453.0,128.0,manual,12490,Vigo,36211,Pontevedra,Vigo
SsangYong,Tivoli,Gasolina,115453.0,128.0,manual,12990,Granada,18005,Granada,Granada
SsangYong,Tivoli,Gasolina,115453.0,128.0,manual,12490,Granada,18005,Granada,Granada
Renault,Megane,Diésel,144000.0,110.0,manual,10800,Utrera,41710,Sevilla,Utrera
Nissan,NV300,Diésel,23256.0,120.0,manual,21735,Olèrdola,8734,Barcelona,Olèrdola
Nissan,NV300,Diésel,23256.0,120.0,manual,21735,Olèrdola,8734,Barcelona,Olèrdola
Nissan,NV300,Diésel,23256.0,120.0,manual,21735,Mercado Parque Corredor del Henares,28850,Madrid,Mercado Parque Corredor del Henares
Citroen,C4 SpaceTourer,Diésel,140322.0,111.0,manual,10490,Gijón,33206,Asturias,Gijón
Citroen,C4 SpaceTourer,Diésel,120741.0,120.0,automatic,18890,Gijón,33206,Asturias,Gijón
Nissan,Leaf,Eléctrico,64298.0,150.0,automatic,22990,Madrid,28021,Madrid,Madrid
Nissan,NV200,Diésel,134450.0,90.0,manual,11990,Vigo,36211,Pontevedra,Vigo
Citroen,C4 SpaceTourer,Diésel,140322.0,111.0,manual,9990,Valencia,46002,Valencia,Valencia
Abarth,500,Gasolina,23435.0,165.0,manual,17990,Murcia,30005,Murcia,Murcia
Citroen,C3 Aircross,Diésel,1.0,110.0,manual,22500,Sant Boi de Llobregat,8830,Barcelona,Sant Boi de Llobregat
Citroen,C3 Aircross,Diésel,19708.0,102.0,manual,17990,Madrid,28021,Madrid,Madrid
Citroen,C3 Aircross,Diésel,19708.0,102.0,manual,17490,Madrid,28021,Madrid,Madrid
Citroen,C3 Aircross,Gasolina,22593.0,110.0,manual,17480,Collado Villalba,28400,Madrid,Collado Villalba
Citroen,C3 Aircross,Gasolina,22593.0,110.0,manual,17480,Collado Villalba,28400,Madrid,Collado Villalba
Citroen,C3 Aircross,Diésel,53027.0,102.0,manual,18200,Barcelona,8007,Barcelona,Barcelona
Abarth,500,Gasolina,40600.0,134.0,manual,17690,Madrid,28014,Madrid,Madrid
Abarth,500,Gasolina,40600.0,134.0,manual,17690,Zaragoza,50018,Zaragoza,Zaragoza
Mitsubishi,Outlander,Gasolina,27287.0,150.0,automatic,25875,Hidraulica Santillana,28770,Madrid,Hidraulica Santillana
Nissan,Qashqai,Diésel,65669.0,110.0,manual,17135,Valdepeñas,13300,Ciudad Real,Valdepeñas
Nissan,Qashqai,Diésel,65669.0,110.0,manual,17135,Valdepeñas,13300,Ciudad Real,Valdepeñas
Nissan,Qashqai,Diésel,113696.0,130.0,manual,17480,Valdepeñas,13300,Ciudad Real,Valdepeñas
Nissan,Qashqai,Diésel,113696.0,130.0,manual,17480,Valdepeñas,13300,Ciudad Real,Valdepeñas
Nissan,Qashqai,Diésel,175227.0,110.0,manual,11990,Saladar,3700,Alicante,Saladar
Nissan,Qashqai,Diésel,175227.0,110.0,manual,11990,Mercado Parque Corredor del Henares,28850,Madrid,Mercado Parque Corredor del Henares
Nissan,Qashqai,Diésel,65669.0,110.0,manual,17135,Saladar,3700,Alicante,Saladar
Nissan,Qashqai,Diésel,113696.0,130.0,manual,17480,Saladar,3700,Alicante,Saladar
Nissan,Qashqai,Diésel,65669.0,110.0,manual,17135,Mercado Parque Corredor del Henares,28850,Madrid,Mercado Parque Corredor del Henares
Mitsubishi,L 200,Diésel,170000.0,136.0,manual,14999,Las Navas del Marqués,5230,Ávila,Las Navas del Marqués
Nissan,NT400 Cabstar,Diésel,283000.0,130.0,manual,18900,Santa Perpètua de Mogoda,8130,Barcelona,Santa Perpètua de Mogoda
Audi,RS4,Gasolina,92900.0,450.0,manual,39900,Valencia,46010,Valencia,Valencia
Nissan,Navara,Diésel,162588.0,174.0,manual,10990,Mercado Parque Corredor del Henares,28850,Madrid,Mercado Parque Corredor del Henares
Nissan,Navara,Diésel,162588.0,174.0,manual,10990,Vigo,36214,Pontevedra,Vigo
Nissan,Navara,Diésel,162588.0,174.0,manual,10990,Murcia,30003,Murcia,Murcia
Nissan,Navara,Diésel,162588.0,174.0,manual,10990,Olèrdola,8734,Barcelona,Olèrdola
Nissan,Navara,Diésel,162588.0,174.0,manual,10990,Olèrdola,8734,Barcelona,Olèrdola
KIA,Niro,Eléctrico,26452.0,141.0,automatic,28175,Getafe,28906,Madrid,Getafe
KIA,Niro,Eléctrico,82394.0,141.0,automatic,17900,Sant Cugat del Vallès,8172,Barcelona,Sant Cugat del Vallès
KIA,Niro,Eléctrico,82394.0,141.0,automatic,17900,Alcobendas,28100,Madrid,Alcobendas
KIA,Niro,Eléctrico,26452.0,141.0,automatic,28175,Hidraulica Santillana,28770,Madrid,Hidraulica Santillana
KIA,Niro,Eléctrico,26452.0,141.0,automatic,28175,Alzira,46600,Valencia,Alzira
KIA,Niro,Eléctrico,26452.0,141.0,automatic,28175,Alzira,46600,Valencia,Alzira
KIA,Niro,Eléctrico,26452.0,141.0,automatic,28175,Paterna,46980,Valencia,Paterna
KIA,Niro,Eléctrico,26452.0,141.0,automatic,28175,Atarrabia,31610,Navarra,Atarrabia
KIA,Niro,Eléctrico,82394.0,141.0,automatic,17900,Barcelona,8008,Barcelona,Barcelona
KIA,Niro,Eléctrico,82394.0,141.0,automatic,17900,Valladolid,47004,Valladolid,Valladolid
KIA,Niro,Eléctrico,26452.0,141.0,automatic,28175,Alcalá de Guadaíra,41500,Sevilla,Alcalá de Guadaíra
KIA,Niro,Eléctrico,26452.0,141.0,automatic,28175,Estepona,29680,Málaga,Estepona
KIA,Niro,Eléctrico,82394.0,141.0,automatic,17900,Alcalá de Henares,28801,Madrid,Alcalá de Henares
Citroen,C-Crosser,Diésel,108131.0,156.0,manual,11500,Alameda del Obispo,14005,Córdoba,Alameda del Obispo
Citroen,C-Crosser,Diésel,108131.0,156.0,manual,11500,Torremolinos,29620,Málaga,Torremolinos
Citroen,C-Crosser,Diésel,108131.0,156.0,manual,11500,Torremolinos,29620,Málaga,Torremolinos
Citroen,C-Crosser,Diésel,108131.0,156.0,manual,11500,Torremolinos,29620,Málaga,Torremolinos
KIA,Niro,Eléctrico,82394.0,141.0,automatic,17900,Madrid,28013,Madrid,Madrid
KIA,Niro,Eléctrico,82394.0,141.0,automatic,17900,San Sebastián de Los Reyes,28700,Madrid,San Sebastián de Los Reyes
KIA,Niro,Eléctrico,82394.0,141.0,automatic,17900,Sevilla,41004,Sevilla,Sevilla
KIA,Niro,Eléctrico,82394.0,141.0,automatic,17900,Alicante,3001,Alicante,Alicante
KIA,Niro,Eléctrico,82394.0,141.0,automatic,17900,Donostia-San Sebastián,20005,Gipuzkoa,Donostia-San Sebastián
BMW,X3,Diésel,145941.0,190.0,automatic,22500,Vigo,36214,Pontevedra,Vigo
BMW,X3,Diésel,124511.0,177.0,manual,10700,Olèrdola,8734,Barcelona,Olèrdola
BMW,X3,Diésel,124511.0,177.0,manual,10700,Olèrdola,8734,Barcelona,Olèrdola
BMW,X3,Diésel,124511.0,177.0,manual,10700,Mercado Parque Corredor del Henares,28850,Madrid,Mercado Parque Corredor del Henares
BMW,X3,Diésel,142056.0,184.0,manual,19580,Olèrdola,8734,Barcelona,Olèrdola
BMW,X3,Diésel,142056.0,184.0,manual,19580,Olèrdola,8734,Barcelona,Olèrdola
BMW,X3,Diésel,142056.0,184.0,manual,19580,Granollers,8403,Barcelona,Granollers
BMW,X3,Diésel,145941.0,190.0,automatic,22500,Alcalá de Guadaíra,41500,Sevilla,Alcalá de Guadaíra
BMW,X3,Diésel,145941.0,190.0,automatic,22500,Estepona,29680,Málaga,Estepona
BMW,X3,Diésel,142056.0,184.0,manual,19580,Alameda del Obispo,14005,Córdoba,Alameda del Obispo
Citroen,SpaceTourer,Diésel,46312.0,150.0,manual,33500,Albacete,2001,Albacete,Albacete
Citroen,SpaceTourer,Diésel,46312.0,150.0,manual,33500,Badajoz,6008,Badajoz,Badajoz
Citroen,SpaceTourer,Diésel,46312.0,150.0,manual,33500,Atarrabia,31610,Navarra,Atarrabia
Citroen,SpaceTourer,Diésel,61220.0,150.0,manual,32290,Valencia,46001,Valencia,Valencia
Nissan,Murano,Gasolina,140461.0,256.0,automatic,10500,Tabernas,4200,Almería,Tabernas
KIA,Carens,Diésel,52903.0,115.0,manual,14700,Olèrdola,8734,Barcelona,Olèrdola
KIA,Carens,Diésel,52903.0,115.0,manual,14700,Olèrdola,8734,Barcelona,Olèrdola
KIA,Carens,Diésel,40989.0,115.0,manual,15899,Madrid,28014,Madrid,Madrid
KIA,Carens,Diésel,40989.0,115.0,manual,15899,Barcelona,8007,Barcelona,Barcelona
Alfa Romeo,Stelvio,Gasolina,65617.0,280.0,automatic,32990,Granada,18005,Granada,Granada
KIA,Optima,Diésel,174479.0,141.0,manual,16330,Albacete,2001,Albacete,Albacete
KIA,Optima,Eléctrico,139713.0,205.0,automatic,24035,Santiago de Compostela,15703,A Coruña,Santiago de Compostela
KIA,Optima,Diésel,174479.0,141.0,manual,16330,Vigo,36214,Pontevedra,Vigo
KIA,Optima,Diésel,174479.0,141.0,manual,16330,Hidraulica Santillana,28770,Madrid,Hidraulica Santillana
KIA,Optima,Eléctrico,139713.0,205.0,automatic,24035,Badajoz,6008,Badajoz,Badajoz
KIA,Optima,Eléctrico,139713.0,205.0,automatic,24035,Alcobendas,28100,Madrid,Alcobendas
KIA,Optima,Eléctrico,139713.0,205.0,automatic,24035,Torremolinos,29620,Málaga,Torremolinos
KIA,Optima,Eléctrico,139713.0,205.0,automatic,24035,Torremolinos,29620,Málaga,Torremolinos
KIA,Optima,Eléctrico,139713.0,205.0,automatic,24035,Torremolinos,29620,Málaga,Torremolinos
KIA,Optima,Diésel,174479.0,141.0,manual,16330,Barcelona,8007,Barcelona,Barcelona
KIA,Optima,Eléctrico,139713.0,205.0,automatic,24035,Barcelona,8007,Barcelona,Barcelona
KIA,Optima,Diésel,174479.0,141.0,manual,16330,Murcia,30003,Murcia,Murcia
KIA,Optima,Eléctrico,139713.0,205.0,automatic,24035,Santafe,18320,Granada,Santafe
Alfa Romeo,Stelvio,Gasolina,65617.0,280.0,automatic,32990,Málaga,29005,Málaga,Málaga
KIA,Optima,Diésel,174479.0,141.0,manual,16330,Alcalá de Guadaíra,41500,Sevilla,Alcalá de Guadaíra
KIA,Optima,Diésel,174479.0,141.0,manual,16330,Colonia Pablo Iglesias,28520,Madrid,Colonia Pablo Iglesias
KIA,Optima,Diésel,174479.0,141.0,manual,16330,Zaragoza,50013,Zaragoza,Zaragoza
KIA,Optima,Diésel,174479.0,141.0,manual,16330,Paterna,46980,Valencia,Paterna
KIA,Optima,Diésel,174479.0,141.0,manual,16330,Atarrabia,31610,Navarra,Atarrabia
KIA,Optima,Diésel,174479.0,141.0,manual,16330,Estepona,29680,Málaga,Estepona
Nissan,Terrano,Diésel,169000.0,154.0,manual,9500,Iznatoraf,23338,Jaén,Iznatoraf
KIA,Ceed,Diésel,86000.0,136.0,manual,412,Valencia,46005,Valencia,Valencia
Nissan,Cabstar,Diésel,190000.0,95.0,manual,6000,El Papiolet,43713,Tarragona,El Papiolet
Nissan,Cabstar,Diésel,190000.0,95.0,manual,5000,El Papiolet,43713,Tarragona,El Papiolet
KIA,Soul,Gasolina,53933.0,135.0,manual,12899,Barcelona,8007,Barcelona,Barcelona
KIA,Soul,Gasolina,53933.0,135.0,manual,12299,Barcelona,8007,Barcelona,Barcelona
Citroen,Jumper,Diésel,98886.0,110.0,manual,16900,Barcelona,8007,Barcelona,Barcelona
Citroen,Jumper,Diésel,98886.0,110.0,manual,16900,Las Rozas de Madrid,28232,Madrid,Las Rozas de Madrid
Citroen,Jumper,Diésel,98886.0,110.0,manual,16900,Mercabilbao,48970,Bizkaia,Mercabilbao
Citroen,Jumper,Diésel,100305.0,130.0,manual,19500,A Coruña,15001,A Coruña,A Coruña
Citroen,Jumper,Diésel,98886.0,110.0,manual,16900,Alcalá de Guadaíra,41500,Sevilla,Alcalá de Guadaíra
Citroen,Jumper,Diésel,98886.0,110.0,manual,16900,Paterna,46980,Valencia,Paterna
Citroen,Jumper,Diésel,98886.0,110.0,manual,16900,Atarrabia,31610,Navarra,Atarrabia
Lexus,IS,Eléctrico,69300.0,223.0,automatic,24700,Barcelona,8008,Barcelona,Barcelona
Lexus,IS,Eléctrico,69300.0,223.0,automatic,24100,Barcelona,8008,Barcelona,Barcelona
Lexus,IS,Eléctrico,69300.0,223.0,automatic,24700,A Coruña,15003,A Coruña,A Coruña
Lexus,IS,Eléctrico,69300.0,223.0,automatic,24100,A Coruña,15003,A Coruña,A Coruña
Lexus,IS,Diésel,448217.0,177.0,manual,3700,Granda,33199,Asturias,Granda
Lexus,IS,Diésel,448217.0,177.0,manual,3700,Granda,33199,Asturias,Granda
Lexus,IS,Eléctrico,69300.0,223.0,automatic,24700,Sant Cugat del Vallès,8172,Barcelona,Sant Cugat del Vallès
Lexus,IS,Eléctrico,69300.0,223.0,automatic,24100,Sant Cugat del Vallès,8172,Barcelona,Sant Cugat del Vallès
Nissan,X-Trail,Gasolina,102700.0,160.0,automatic,22490,Málaga,29005,Málaga,Málaga
Nissan,X-Trail,Gasolina,102700.0,160.0,automatic,21990,Málaga,29005,Málaga,Málaga
Nissan,X-Trail,Gasolina,102700.0,160.0,automatic,22490,Murcia,30005,Murcia,Murcia
Nissan,X-Trail,Gasolina,102700.0,160.0,automatic,21990,Murcia,30005,Murcia,Murcia
Nissan,X-Trail,Gasolina,102700.0,160.0,automatic,22490,Oviedo,33003,Asturias,Oviedo
Nissan,X-Trail,Gasolina,102700.0,160.0,automatic,21990,Oviedo,33003,Asturias,Oviedo
Nissan,X-Trail,Gasolina,102700.0,160.0,automatic,22490,Vigo,36211,Pontevedra,Vigo
Nissan,X-Trail,Gasolina,102700.0,160.0,automatic,21990,Vigo,36211,Pontevedra,Vigo
Nissan,X-Trail,Gasolina,102700.0,160.0,automatic,22490,Armentia,1007,Álava,Armentia
Nissan,X-Trail,Gasolina,102700.0,160.0,automatic,21990,Armentia,1007,Álava,Armentia
Nissan,X-Trail,Gasolina,102700.0,160.0,automatic,22490,Burgos,9004,Burgos,Burgos
Nissan,X-Trail,Gasolina,102700.0,160.0,automatic,22490,Burgos,9004,Burgos,Burgos
Nissan,X-Trail,Gasolina,102700.0,160.0,automatic,21990,Burgos,9004,Burgos,Burgos
Nissan,X-Trail,Gasolina,102700.0,160.0,automatic,21990,Burgos,9004,Burgos,Burgos
Nissan,X-Trail,Diésel,111000.0,136.0,manual,8990,Poligono Industrial Madanela,15800,A Coruña,Poligono Industrial Madanela
Nissan,X-Trail,Diésel,82000.0,163.0,manual,19990,Barcelona,8007,Barcelona,Barcelona
Citroen,Jumper,Diésel,98886.0,110.0,manual,16900,Estepona,29680,Málaga,Estepona
Nissan,Note,Diésel,154000.0,90.0,manual,7499,El Cigarral,29120,Málaga,El Cigarral
Citroen,C4,Diésel,113900.0,92.0,manual,8300,Reus,43202,Tarragona,Reus
Renault,Talisman,Diésel,75000.0,149.0,manual,438,Barcelona,8009,Barcelona,Barcelona
Renault,Talisman,Diésel,49000.0,149.0,manual,240,Barcelona,8007,Barcelona,Barcelona
Nissan,X-Trail,Diésel,97000.0,130.0,manual,518,Barcelona,8007,Barcelona,Barcelona
Nissan,X-Trail,Diésel,90467.0,130.0,automatic,20500,Vigo,36214,Pontevedra,Vigo
Nissan,X-Trail,Diésel,90467.0,130.0,automatic,20500,Hidraulica Santillana,28770,Madrid,Hidraulica Santillana
Nissan,X-Trail,Diésel,90467.0,130.0,automatic,20500,Badajoz,6008,Badajoz,Badajoz
Nissan,X-Trail,Diésel,110878.0,130.0,manual,18350,Saladar,3700,Alicante,Saladar
Citroen,DS3,Diésel,171301.0,68.0,manual,7590,Leganés,28916,Madrid,Leganés
Citroen,DS3,Diésel,171301.0,68.0,manual,7590,Las Rozas de Madrid,28232,Madrid,Las Rozas de Madrid
Citroen,DS3,Diésel,72870.0,92.0,manual,9450,Leganés,28916,Madrid,Leganés
Renault,Express,Diésel,35.0,95.0,manual,21490,Sant Boi de Llobregat,8830,Barcelona,Sant Boi de Llobregat
Audi,A5,Gasolina,105000.0,150.0,manual,27990,Castello/Castellon de La Plana,12100,Castellón,Castello/Castellon de La Plana
Audi,A5,Diésel,106000.0,150.0,automatic,18990,Vigo,36211,Pontevedra,Vigo
Audi,A5,Diésel,106000.0,150.0,automatic,18990,Valencia,46001,Valencia,Valencia
Audi,A5,Diésel,88478.0,190.0,manual,27900,Bilbao,48004,Bizkaia,Bilbao
Citroen,DS3,Diésel,61834.0,68.0,manual,9850,Leganés,28916,Madrid,Leganés
Citroen,DS3,Diésel,72870.0,92.0,manual,9450,Madrid,28046,Madrid,Madrid
Citroen,DS3,Diésel,61834.0,68.0,manual,9850,Madrid,28046,Madrid,Madrid
Skoda,Karoq,Gasolina,12104.0,150.0,automatic,25185,Puerto de Sagunto,46520,Valencia,Puerto de Sagunto
Skoda,Karoq,Gasolina,12104.0,150.0,automatic,25185,Alcobendas,28100,Madrid,Alcobendas
Skoda,Karoq,Gasolina,12104.0,150.0,automatic,25185,Ciudad Real,13003,Ciudad Real,Ciudad Real
Skoda,Karoq,Gasolina,12104.0,150.0,automatic,25185,Getafe,28906,Madrid,Getafe
Skoda,Karoq,Gasolina,12104.0,150.0,automatic,25185,Albacete,2001,Albacete,Albacete
Skoda,Karoq,Gasolina,12104.0,150.0,automatic,25185,Hidraulica Santillana,28770,Madrid,Hidraulica Santillana
Skoda,Karoq,Gasolina,12104.0,150.0,automatic,25185,Santafe,18320,Granada,Santafe
Skoda,Karoq,Gasolina,12104.0,150.0,automatic,25185,Castello/Castellon de La Plana,12100,Castellón,Castello/Castellon de La Plana
Skoda,Karoq,Gasolina,12104.0,150.0,automatic,25185,Mercado Parque Corredor del Henares,28850,Madrid,Mercado Parque Corredor del Henares
Skoda,Karoq,Gasolina,12104.0,150.0,automatic,25185,Granollers,8403,Barcelona,Granollers
Jeep,Compass,Diésel,240000.0,140.0,manual,6800,Ciudad Deportiva del Jarama,28709,Madrid,Ciudad Deportiva del Jarama
Jeep,Compass,Gasolina,13931.0,140.0,manual,23805,Torremolinos,29620,Málaga,Torremolinos
Jeep,Compass,Gasolina,13931.0,140.0,manual,23805,Torremolinos,29620,Málaga,Torremolinos
Jeep,Compass,Gasolina,13931.0,140.0,manual,23805,Torremolinos,29620,Málaga,Torremolinos
Jeep,Compass,Gasolina,13931.0,140.0,manual,23805,Olèrdola,8734,Barcelona,Olèrdola
Jeep,Compass,Gasolina,13931.0,140.0,manual,23805,Olèrdola,8734,Barcelona,Olèrdola
Jeep,Compass,Gasolina,13931.0,140.0,manual,23805,Mercado Parque Corredor del Henares,28850,Madrid,Mercado Parque Corredor del Henares
Jeep,Compass,Diésel,27472.0,140.0,automatic,28635,Mercado Parque Corredor del Henares,28850,Madrid,Mercado Parque Corredor del Henares
Jeep,Compass,Gasolina,48386.0,140.0,manual,21499,Madrid,28014,Madrid,Madrid
Jeep,Compass,Gasolina,48386.0,140.0,manual,21499,Barcelona,8007,Barcelona,Barcelona
Jeep,Compass,Diésel,57715.0,140.0,automatic,24500,Alfafar,46910,Valencia,Alfafar
Jeep,Compass,Diésel,57715.0,140.0,automatic,24500,Alfafar,46910,Valencia,Alfafar
Jeep,Compass,Diésel,57715.0,140.0,automatic,24500,Alfafar,46910,Valencia,Alfafar
Jeep,Compass,Diésel,57715.0,140.0,automatic,24500,Alfafar,46910,Valencia,Alfafar
Jeep,Cherokee,Diésel,117700.0,197.0,automatic,24500,Valencia,46002,Valencia,Valencia
Jeep,Grand Cherokee,Diésel,177688.0,241.0,automatic,16990,Vigo,36211,Pontevedra,Vigo
Jeep,Grand Cherokee,Diésel,177688.0,241.0,automatic,16990,Granada,18005,Granada,Granada
Jeep,Grand Cherokee,Diésel,177688.0,241.0,automatic,16990,Colonia Pablo Iglesias,28520,Madrid,Colonia Pablo Iglesias
Jeep,Grand Cherokee,Diésel,177688.0,241.0,automatic,16990,Murcia,30005,Murcia,Murcia
Dacia,Logan,Gasolina,105766.0,90.0,manual,2490,Madrid,28026,Madrid,Madrid
Opel,Zafira Tourer,Gasolina,107500.0,140.0,manual,11490,Almería,4006,Almería,Almería
Opel,Zafira Tourer,Diésel,48380.0,136.0,manual,14900,Olèrdola,8734,Barcelona,Olèrdola
Opel,Zafira Tourer,Diésel,48380.0,136.0,manual,14900,Olèrdola,8734,Barcelona,Olèrdola
Opel,Zafira Tourer,Gasolina,107500.0,140.0,manual,11490,Ullastrell,8231,Barcelona,Ullastrell
Opel,Crossland,Gasolina,3492.0,83.0,manual,17190,Sevilla,41005,Sevilla,Sevilla
Opel,Crossland,Gasolina,3492.0,83.0,manual,17190,Málaga,29005,Málaga,Málaga
Opel,Crossland,Gasolina,3492.0,83.0,manual,17190,Camarma de Esteruelas,28816,Madrid,Camarma de Esteruelas
Opel,Crossland,Gasolina,3492.0,83.0,manual,17190,Camarma de Esteruelas,28816,Madrid,Camarma de Esteruelas
Opel,Crossland,Gasolina,9406.0,130.0,manual,19690,Madrid,28021,Madrid,Madrid
Opel,Crossland,Gasolina,9406.0,130.0,manual,19990,Madrid,28021,Madrid,Madrid
Opel,Crossland,Gasolina,3492.0,83.0,manual,17190,Alicante,3010,Alicante,Alicante
Opel,Crossland,Gasolina,3492.0,83.0,manual,17190,Alicante,3010,Murcia,Alicante
Opel,Crossland,Gasolina,3492.0,83.0,manual,17190,Fuenlabrada,28947,Madrid,Fuenlabrada
Opel,Crossland,Gasolina,3492.0,83.0,manual,17190,Colonia Pablo Iglesias,28520,Madrid,Colonia Pablo Iglesias
Opel,Crossland,Gasolina,3492.0,83.0,manual,17190,Urbanizacion La Granjilla,28700,Madrid,Urbanizacion La Granjilla
Opel,Mokka X,Diésel,22969.0,136.0,automatic,19800,Albacete,2001,Albacete,Albacete
Opel,Mokka X,Diésel,22969.0,136.0,automatic,19800,Hidraulica Santillana,28770,Madrid,Hidraulica Santillana
Opel,Mokka X,Diésel,22969.0,136.0,automatic,19800,Saladar,3700,Alicante,Saladar
Opel,Mokka X,Diésel,22969.0,136.0,automatic,19800,Torremolinos,29620,Málaga,Torremolinos
Opel,Mokka X,Diésel,22969.0,136.0,automatic,19800,Torremolinos,29620,Málaga,Torremolinos
Opel,Mokka X,Diésel,22969.0,136.0,automatic,19800,Torremolinos,29620,Málaga,Torremolinos
Opel,Mokka X,Diésel,22969.0,136.0,automatic,19800,Barcelona,8007,Barcelona,Barcelona
Opel,Mokka X,Gasolina,65570.0,140.0,manual,12490,Almería,4006,Almería,Almería
Opel,Mokka X,Diésel,22969.0,136.0,automatic,19800,Valdepeñas,13300,Ciudad Real,Valdepeñas
Opel,Mokka X,Diésel,22969.0,136.0,automatic,19800,Valdepeñas,13300,Ciudad Real,Valdepeñas
Opel,Mokka X,Gasolina,65570.0,140.0,manual,12490,Colonia Pablo Iglesias,28520,Madrid,Colonia Pablo Iglesias
Opel,Mokka X,Gasolina,65570.0,140.0,manual,12490,Bilbao,48004,Bizkaia,Bilbao
Opel,Mokka X,Gasolina,65570.0,140.0,manual,12490,Valencia,46001,Valencia,Valencia
Opel,Mokka X,Gasolina,88670.0,140.0,manual,13990,Bilbao,48004,Bizkaia,Bilbao
Audi,S5,Gasolina,189000.0,354.0,automatic,20500,Dos Hermanas,41700,Sevilla,Dos Hermanas
Audi,S5,Gasolina,200000.0,354.0,automatic,14500,Cuéllar,40200,Segovia,Cuéllar
Citroen,C5 Aircross,Gasolina,68805.0,131.0,manual,18490,Las Rozas de Madrid,28232,Madrid,Las Rozas de Madrid
Citroen,C5 Aircross,Gasolina,39787.0,131.0,manual,22425,Vigo,36214,Pontevedra,Vigo
Citroen,C5 Aircross,Gasolina,39787.0,131.0,manual,22425,Sant Vicenç de Montalt,8394,Barcelona,Sant Vicenç de Montalt
Citroen,C5 Aircross,Gasolina,24259.0,131.0,manual,23920,Sant Vicenç de Montalt,8394,Barcelona,Sant Vicenç de Montalt
Citroen,C5 Aircross,Gasolina,39787.0,131.0,manual,22425,Murcia,30003,Murcia,Murcia
Citroen,C5 Aircross,Gasolina,24259.0,131.0,manual,23920,Estepona,29680,Málaga,Estepona
Opel,Combo Life,Diésel,19131.0,110.0,manual,18750,Beniel,30130,Murcia,Beniel
Opel,Combo Life,Diésel,19131.0,110.0,manual,19200,Beniel,30130,Murcia,Beniel
Opel,Combo Life,Diésel,1752.0,131.0,manual,26800,Torremolinos,29620,Málaga,Torremolinos
Opel,Combo Life,Diésel,1752.0,131.0,manual,26800,Torremolinos,29620,Málaga,Torremolinos
Opel,Combo Life,Diésel,1752.0,131.0,manual,26800,Torremolinos,29620,Málaga,Torremolinos
Opel,Combo Life,Diésel,1752.0,131.0,manual,26800,Olèrdola,8734,Barcelona,Olèrdola
Opel,Combo Life,Diésel,1752.0,131.0,manual,26800,Olèrdola,8734,Barcelona,Olèrdola
Opel,Combo Life,Diésel,1752.0,131.0,manual,26800,Mercado Parque Corredor del Henares,28850,Madrid,Mercado Parque Corredor del Henares
Opel,Combo Life,Diésel,64339.0,131.0,manual,19999,Madrid,28014,Madrid,Madrid
Opel,Combo Life,Diésel,64339.0,131.0,manual,19999,Barcelona,8007,Barcelona,Barcelona
Opel,Combo Life,Diésel,62058.0,102.0,manual,22500,Sevilla,41006,Sevilla,Sevilla
Audi,Q5,Diésel,82000.0,149.0,manual,386,Gandía,46701,Valencia,Gandía
Audi,Q5,Diésel,164135.0,170.0,automatic,17600,Getafe,28906,Madrid,Getafe
Opel,Meriva,Gasolina,110000.0,87.0,manual,3300,Barcelona,8027,Barcelona,Barcelona
Audi,Q5,Diésel,91100.0,190.0,automatic,28990,Vigo,36211,Pontevedra,Vigo
Audi,Q5,Diésel,91100.0,190.0,automatic,28990,Murcia,30005,Murcia,Murcia
Audi,Q5,Diésel,91100.0,190.0,automatic,28990,Bilbao,48004,Bizkaia,Bilbao
Audi,Q5,Diésel,91100.0,190.0,automatic,28990,Valencia,46001,Valencia,Valencia
Audi,Q5,Diésel,91100.0,190.0,automatic,28990,Palma de Mallorca,7003,Baleares,Palma de Mallorca
Opel,ADAM,Gasolina,95955.0,100.0,manual,6990,Málaga,29005,Málaga,Málaga
Opel,Vivaro,Diésel,104872.0,125.0,manual,14890,Ullastrell,8231,Barcelona,Ullastrell
Citroen,C5 Aircross,Gasolina,103000.0,131.0,manual,18390,Ajalvir,28864,Madrid,Ajalvir
Citroen,DS5,Diésel,77000.0,163.0,automatic,14000,Tarrega,25300,Lleida,Tarrega
Citroen,Berlingo,Diésel,111000.0,100.0,automatic,15900,Rutis,15174,A Coruña,Rutis
Citroen,Berlingo,Diésel,94414.0,110.0,manual,17500,Málaga,29006,Málaga,Málaga
Hyundai,i20,Gasolina,79598.0,75.0,manual,11950,Sant Boi de Llobregat,8830,Barcelona,Sant Boi de Llobregat
Hyundai,i20,Gasolina,38940.0,100.0,manual,18990,Sant Boi de Llobregat,8830,Barcelona,Sant Boi de Llobregat
Volvo,V60,Diésel,96000.0,149.0,manual,491,Madrid,28006,Madrid,Madrid
Volvo,V60,Gasolina,94700.0,310.0,automatic,33990,Leganés,28915,Madrid,Leganés
Volvo,V60,Gasolina,94700.0,310.0,automatic,33990,Parla,28700,Madrid,Parla
Volvo,V60,Gasolina,94700.0,310.0,automatic,33990,Valencia,28943,Madrid,Valencia
Hyundai,Kona,Gasolina,169.0,120.0,manual,21838,Puerto de Sagunto,46520,Valencia,Puerto de Sagunto
Hyundai,Kona,Gasolina,169.0,120.0,manual,21838,Torremolinos,29620,Málaga,Torremolinos
Hyundai,Kona,Gasolina,169.0,120.0,manual,21838,Torremolinos,29620,Málaga,Torremolinos
Hyundai,Kona,Gasolina,169.0,120.0,manual,21838,Torremolinos,29620,Málaga,Torremolinos
Hyundai,Kona,Gasolina,169.0,120.0,manual,21838,Barcelona,8007,Barcelona,Barcelona
Hyundai,Kona,Gasolina,169.0,120.0,manual,21838,Albacete,2001,Albacete,Albacete
Hyundai,Kona,Gasolina,169.0,120.0,manual,21838,Hidraulica Santillana,28770,Madrid,Hidraulica Santillana
Hyundai,Kona,Gasolina,169.0,120.0,manual,21838,Saladar,3700,Alicante,Saladar
Hyundai,Kona,Gasolina,169.0,120.0,manual,21838,Castello/Castellon de La Plana,12100,Castellón,Castello/Castellon de La Plana
Hyundai,Kona,Gasolina,169.0,120.0,manual,21838,Mercado Parque Corredor del Henares,28850,Madrid,Mercado Parque Corredor del Henares
Hyundai,Kona,Gasolina,169.0,120.0,manual,21838,Valdepeñas,13300,Ciudad Real,Valdepeñas
Hyundai,Kona,Gasolina,169.0,120.0,manual,21838,Valdepeñas,13300,Ciudad Real,Valdepeñas
Hyundai,Kona,Gasolina,169.0,120.0,manual,21838,Alicante,3007,Alicante,Alicante
Hyundai,Kona,Gasolina,169.0,120.0,manual,21838,Mercabilbao,48970,Bizkaia,Mercabilbao
Hyundai,Kona,Gasolina,169.0,120.0,manual,21838,Colonia Pablo Iglesias,28520,Madrid,Colonia Pablo Iglesias
Hyundai,Kona,Gasolina,169.0,120.0,manual,21838,Atarrabia,31610,Navarra,Atarrabia
Hyundai,Kona,Gasolina,169.0,120.0,manual,21838,Estepona,29680,Málaga,Estepona
Volvo,XC90,Diésel,240000.0,163.0,manual,5500,Humanes de Madrid,28970,Madrid,Humanes de Madrid
Volvo,XC60,Diésel,222000.0,163.0,automatic,12999,Madrid,28017,Madrid,Madrid
Volvo,XC60,Diésel,156215.0,150.0,manual,21700,Vigo,36214,Pontevedra,Vigo
Volvo,XC60,Diésel,156215.0,150.0,manual,21700,Murcia,30003,Murcia,Murcia
Volvo,XC60,Diésel,156215.0,150.0,manual,21700,Castello/Castellon de La Plana,12100,Castellón,Castello/Castellon de La Plana
Volvo,XC60,Diésel,156215.0,150.0,manual,21700,Olèrdola,8734,Barcelona,Olèrdola
Volvo,XC60,Diésel,156215.0,150.0,manual,21700,Olèrdola,8734,Barcelona,Olèrdola
Volvo,XC60,Diésel,156215.0,150.0,manual,21700,Mercado Parque Corredor del Henares,28850,Madrid,Mercado Parque Corredor del Henares
Volvo,XC60,Diésel,156215.0,150.0,manual,21700,Granollers,8403,Barcelona,Granollers
Alfa Romeo,Giulietta,Gasolina,20269.0,120.0,manual,18285,Torremolinos,29620,Málaga,Torremolinos
Alfa Romeo,Giulietta,Gasolina,20269.0,120.0,manual,18285,Torremolinos,29620,Málaga,Torremolinos
Alfa Romeo,Giulietta,Gasolina,20269.0,120.0,manual,18285,Torremolinos,29620,Málaga,Torremolinos
Alfa Romeo,Giulietta,Gasolina,20269.0,120.0,manual,18285,Barcelona,8007,Barcelona,Barcelona
Alfa Romeo,Giulietta,Gasolina,20269.0,120.0,manual,18285,Santiago de Compostela,15703,A Coruña,Santiago de Compostela
Alfa Romeo,Giulietta,Gasolina,20269.0,120.0,manual,18285,Vigo,36214,Pontevedra,Vigo
Alfa Romeo,Giulietta,Gasolina,20269.0,120.0,manual,18285,Saladar,3700,Alicante,Saladar
Alfa Romeo,Giulietta,Gasolina,20269.0,120.0,manual,18285,Santafe,18320,Granada,Santafe
Alfa Romeo,Giulietta,Gasolina,20269.0,120.0,manual,18285,Murcia,30003,Murcia,Murcia
Alfa Romeo,Giulietta,Gasolina,20269.0,120.0,manual,18285,Castello/Castellon de La Plana,12100,Castellón,Castello/Castellon de La Plana
Alfa Romeo,Giulietta,Gasolina,20269.0,120.0,manual,18285,Granollers,8403,Barcelona,Granollers
Alfa Romeo,Giulietta,Gasolina,20269.0,120.0,manual,18285,Las Rozas de Madrid,28232,Madrid,Las Rozas de Madrid
Alfa Romeo,Giulietta,Gasolina,20269.0,120.0,manual,18285,Alicante,3007,Alicante,Alicante
Alfa Romeo,Giulietta,Gasolina,20269.0,120.0,manual,18285,Estepona,29680,Málaga,Estepona
Alfa Romeo,Giulietta,Gasolina,20269.0,120.0,manual,18285,Colonia Pablo Iglesias,28520,Madrid,Colonia Pablo Iglesias
Alfa Romeo,Giulietta,Diésel,115908.0,105.0,manual,8990,Granada,18005,Granada,Granada
Alfa Romeo,Giulietta,Diésel,115908.0,105.0,manual,8990,Valencia,46001,Valencia,Valencia
Alfa Romeo,Giulietta,Diésel,115908.0,105.0,manual,8990,Córdoba,14003,Córdoba,Córdoba
Chevrolet,HHR,Otros,304000.0,170.0,manual,4900,El Campello,3560,Alicante,El Campello
Chevrolet,HHR,Otros,304000.0,170.0,manual,4900,Toledo,45002,Toledo,Toledo
Chevrolet,HHR,Gasolina,215000.0,170.0,manual,4900,Gavà,8850,Barcelona,Gavà
Alfa Romeo,Giulietta,Diésel,76457.0,105.0,manual,9950,Alcobendas,28100,Madrid,Alcobendas
Alfa Romeo,156,Gasolina,170984.0,120.0,manual,1690,Madrid,28026,Madrid,Madrid
Citroen,C4 Aircross,Diésel,82221.0,115.0,manual,13299,Madrid,28014,Madrid,Madrid
Volkswagen,T-Cross,Gasolina,87000.0,95.0,manual,410,Madrid,28009,Madrid,Madrid
Volkswagen,T-Cross,Gasolina,87000.0,95.0,manual,414,Madrid,28006,Madrid,Madrid
Volkswagen,T-Cross,Gasolina,90000.0,95.0,manual,410,Barcelona,8009,Barcelona,Barcelona
Volkswagen,Tiguan Allspace,Diésel,79000.0,149.0,manual,660,Barcelona,8007,Barcelona,Barcelona
Citroen,DS4,Diésel,121419.0,92.0,manual,11550,Albacete,2001,Albacete,Albacete
Citroen,DS4,Diésel,100264.0,114.0,manual,13090,Sant Vicenç de Montalt,8394,Barcelona,Sant Vicenç de Montalt
Citroen,DS4,Diésel,100264.0,114.0,manual,13090,Estepona,29680,Málaga,Estepona
Citroen,DS4,Diésel,107400.0,163.0,manual,9490,Vigo,36211,Pontevedra,Vigo
Citroen,DS4,Diésel,107400.0,163.0,manual,8990,Vigo,36211,Pontevedra,Vigo
Citroen,C4 Aircross,Diésel,126667.0,114.0,manual,12350,Paterna,46980,Valencia,Paterna
Citroen,C4 Aircross,Diésel,140381.0,114.0,manual,11990,Murcia,30005,Murcia,Murcia
Citroen,C4 Aircross,Diésel,140381.0,114.0,manual,11990,Granada,18005,Granada,Granada
Hyundai,Tucson,Gasolina,88313.0,176.0,automatic,22000,Murcia,30001,Murcia,Murcia
Hyundai,Tucson,Gasolina,88313.0,176.0,automatic,22000,Móstoles,28931,Madrid,Móstoles
Hyundai,Tucson,Gasolina,88313.0,176.0,automatic,22000,Sabadell,8203,Barcelona,Sabadell
Hyundai,Tucson,Gasolina,88313.0,176.0,automatic,22000,Zaragoza,50003,Zaragoza,Zaragoza
Hyundai,Tucson,Gasolina,20836.0,150.0,automatic,33235,Santafe,18320,Granada,Santafe
Hyundai,Tucson,Gasolina,88313.0,176.0,automatic,22000,Málaga,29015,Málaga,Málaga
Hyundai,Tucson,Gasolina,20836.0,150.0,automatic,33235,Murcia,30003,Murcia,Murcia
Hyundai,Tucson,Gasolina,88313.0,176.0,automatic,22000,Barcelona,8008,Barcelona,Barcelona
Hyundai,Tucson,Gasolina,20836.0,150.0,automatic,33235,Olèrdola,8734,Barcelona,Olèrdola
Hyundai,Tucson,Gasolina,20836.0,150.0,automatic,33235,Olèrdola,8734,Barcelona,Olèrdola
Hyundai,Tucson,Gasolina,20836.0,150.0,automatic,33235,Alicante,3007,Alicante,Alicante
Hyundai,Tucson,Gasolina,20836.0,150.0,automatic,33235,Alzira,46600,Valencia,Alzira
Hyundai,Tucson,Gasolina,20836.0,150.0,automatic,33235,Alzira,46600,Valencia,Alzira
Hyundai,Tucson,Gasolina,88313.0,176.0,automatic,22000,Valencia,46003,Valencia,Valencia
Hyundai,Tucson,Diésel,40000.0,115.0,manual,21600,Lora del Río,41440,Sevilla,Lora del Río
Hyundai,Tucson,Diésel,40000.0,115.0,manual,21600,Lora del Río,41440,Sevilla,Lora del Río
KIA,ProCeed,Gasolina,51249.0,120.0,manual,23563,Olèrdola,8734,Barcelona,Olèrdola
KIA,ProCeed,Gasolina,51249.0,120.0,manual,23563,Olèrdola,8734,Barcelona,Olèrdola
KIA,ProCeed,Gasolina,51249.0,120.0,manual,23563,Mercado Parque Corredor del Henares,28850,Madrid,Mercado Parque Corredor del Henares
Volvo,XC60,Diésel,156215.0,150.0,manual,21700,Atarrabia,31610,Navarra,Atarrabia
Volvo,XC60,Diésel,156215.0,150.0,manual,21700,Colonia Pablo Iglesias,28520,Madrid,Colonia Pablo Iglesias
Volvo,XC60,Diésel,156215.0,150.0,manual,21700,Alcalá de Guadaíra,41500,Sevilla,Alcalá de Guadaíra
Volvo,XC60,Diésel,156215.0,150.0,manual,21700,Estepona,29680,Málaga,Estepona
Volvo,XC60,Diésel,156215.0,150.0,manual,21700,Alameda del Obispo,14005,Córdoba,Alameda del Obispo
Volvo,XC60,Diésel,139000.0,235.0,automatic,35000,Ciudad Real,13003,Ciudad Real,Ciudad Real
Volkswagen,Polo,Gasolina,80694.0,95.0,manual,14490,Madrid,28021,Madrid,Madrid
Volkswagen,Polo,Gasolina,45332.0,75.0,manual,14000,Manacor,7500,Baleares,Manacor
Volkswagen,Polo,Gasolina,58000.0,95.0,manual,12990,Almería,4006,Almería,Almería
Volkswagen,Polo,Gasolina,58000.0,95.0,manual,12790,Almería,4006,Almería,Almería
Volkswagen,Polo,Diésel,131026.0,95.0,manual,12990,Almería,4006,Almería,Almería
Volkswagen,Polo,Gasolina,58000.0,95.0,manual,12990,Ullastrell,8231,Barcelona,Ullastrell
Volkswagen,Polo,Gasolina,58000.0,95.0,manual,12790,Ullastrell,8231,Barcelona,Ullastrell
Volkswagen,Polo,Gasolina,58000.0,95.0,manual,12990,Vigo,36211,Pontevedra,Vigo
Volkswagen,Polo,Gasolina,58000.0,95.0,manual,12790,Vigo,36211,Pontevedra,Vigo
Volkswagen,Polo,Gasolina,58000.0,95.0,manual,12990,Granada,18005,Granada,Granada
Volkswagen,Polo,Gasolina,58000.0,95.0,manual,12790,Granada,18005,Granada,Granada
Volkswagen,Polo,Gasolina,58000.0,95.0,manual,12990,Girona,17007,Girona,Girona
Volkswagen,Polo,Gasolina,58000.0,95.0,manual,12790,Girona,17007,Girona,Girona
Volkswagen,Polo,Gasolina,136000.0,65.0,manual,3450,Sabadell,8203,Barcelona,Sabadell
Audi,A5,Diésel,85789.0,190.0,manual,24990,Sevilla,41005,Sevilla,Sevilla
Audi,A5,Diésel,85789.0,190.0,manual,25990,Sevilla,41005,Sevilla,Sevilla
Audi,A5,Diésel,85789.0,190.0,manual,24990,Alicante,3010,Alicante,Alicante
Audi,A5,Diésel,85789.0,190.0,manual,24990,Alicante,3010,Murcia,Alicante
Audi,A5,Diésel,85789.0,190.0,manual,25990,Alicante,3010,Alicante,Alicante
Audi,A5,Diésel,85789.0,190.0,manual,25990,Alicante,3010,Murcia,Alicante
Volkswagen,Tiguan,Gasolina,23206.0,130.0,manual,23990,Girona,17007,Girona,Girona
Volkswagen,Tiguan,Gasolina,23206.0,130.0,manual,23990,Murcia,30005,Murcia,Murcia
Volkswagen,Tiguan,Gasolina,23206.0,130.0,manual,23990,Bilbao,48004,Bizkaia,Bilbao
Audi,A5,Diésel,85789.0,190.0,manual,24990,Vigo,36211,Pontevedra,Vigo
Audi,A5,Diésel,85789.0,190.0,manual,25990,Vigo,36211,Pontevedra,Vigo
Audi,A5,Diésel,85789.0,190.0,manual,24990,Bilbao,48004,Bizkaia,Bilbao
Audi,A5,Diésel,85789.0,190.0,manual,25990,Bilbao,48004,Bizkaia,Bilbao
Audi,A5,Diésel,85789.0,190.0,manual,24990,Sevilla,41017,Sevilla,Sevilla
Audi,A5,Diésel,85789.0,190.0,manual,25990,Sevilla,41017,Sevilla,Sevilla
Audi,A5,Diésel,85789.0,190.0,manual,24990,Huelva,21004,Huelva,Huelva
Audi,A5,Diésel,85789.0,190.0,manual,25990,Huelva,21004,Huelva,Huelva
Citroen,C4 Picasso,Diésel,90852.0,115.0,manual,12089,Olèrdola,8734,Barcelona,Olèrdola
Citroen,C4 Picasso,Diésel,90852.0,115.0,manual,12089,Olèrdola,8734,Barcelona,Olèrdola
Citroen,C4 Picasso,Diésel,125267.0,115.0,manual,11950,Olèrdola,8734,Barcelona,Olèrdola
Citroen,C4 Picasso,Diésel,125267.0,115.0,manual,11950,Olèrdola,8734,Barcelona,Olèrdola
Citroen,C4 Picasso,Diésel,122625.0,120.0,automatic,9990,Villaviciosa de Odón,28670,Madrid,Villaviciosa de Odón
Citroen,C4 Picasso,Diésel,122625.0,120.0,automatic,9990,Fuenlabrada,28947,Madrid,Fuenlabrada
Citroen,C4 Picasso,Diésel,90852.0,115.0,manual,12089,Alameda del Obispo,14005,Córdoba,Alameda del Obispo
Porsche,911,Gasolina,51000.0,345.0,manual,38499,Huesca,22001,Huesca,Huesca
Citroen,C4 Picasso,Diésel,90852.0,115.0,manual,12089,Alcalá de Guadaíra,41500,Sevilla,Alcalá de Guadaíra
Citroen,C4 Picasso,Diésel,125267.0,115.0,manual,11950,Alameda del Obispo,14005,Córdoba,Alameda del Obispo
Volkswagen,Multivan,Gasolina,235000.0,140.0,automatic,11999,Torrellano,3320,Alicante,Torrellano
Volkswagen,Multivan,Diésel,300000.0,130.0,manual,16500,Elx/Elche,3204,Alicante,Elx/Elche
Fiat,500X,Diésel,16512.0,120.0,manual,19099,Barcelona,8007,Barcelona,Barcelona
Ford,Kuga Vignale,Gasolina,70100.0,176.0,automatic,24900,Martorell,8760,Barcelona,Martorell
Citroen,C-Élysée,Diésel,66695.0,100.0,manual,8990,Vigo,36211,Pontevedra,Vigo
Citroen,C-Élysée,Diésel,19028.0,100.0,manual,14199,Barcelona,8007,Barcelona,Barcelona
Citroen,C-Élysée,Diésel,106410.0,100.0,manual,10999,Barcelona,8007,Barcelona,Barcelona
Porsche,Cayenne,Gasolina,173665.0,400.0,automatic,28500,Ciudad Real,13003,Ciudad Real,Ciudad Real
Porsche,Cayenne,Gasolina,173665.0,400.0,automatic,28500,Vigo,36214,Pontevedra,Vigo
Porsche,Cayenne,Gasolina,173665.0,400.0,automatic,28500,Murcia,30003,Murcia,Murcia
Porsche,Cayenne,Gasolina,173665.0,400.0,automatic,28500,Alicante,3007,Alicante,Alicante
Porsche,Cayenne,Gasolina,173665.0,400.0,automatic,28500,Estepona,29680,Málaga,Estepona
Citroen,C6,Diésel,157000.0,208.0,automatic,7490,Málaga,29004,Málaga,Málaga
Citroen,C6,Diésel,185000.0,208.0,manual,6450,Alcorcón,28923,Madrid,Alcorcón
Citroen,C4 Aircross,Diésel,126667.0,114.0,manual,12350,Santiago de Compostela,15703,A Coruña,Santiago de Compostela
Citroen,C4 Aircross,Diésel,140381.0,114.0,manual,11990,Valencia,46001,Valencia,Valencia
Citroen,C4 Aircross,Diésel,126667.0,114.0,manual,12350,Las Rozas de Madrid,28232,Madrid,Las Rozas de Madrid
Citroen,C4 Aircross,Diésel,126667.0,114.0,manual,12350,Collado Villalba,28400,Madrid,Collado Villalba
Citroen,C4 Aircross,Diésel,126667.0,114.0,manual,12350,Collado Villalba,28400,Madrid,Collado Villalba
Citroen,C4 Aircross,Diésel,126667.0,114.0,manual,12350,Zaragoza,50013,Zaragoza,Zaragoza
Audi,S1,Gasolina,103050.0,231.0,manual,19990,Sevilla,41005,Sevilla,Sevilla
Audi,S1,Gasolina,103050.0,231.0,manual,19990,Ullastrell,8231,Barcelona,Ullastrell
Audi,S1,Gasolina,103050.0,231.0,manual,19990,Òrrius,8317,Barcelona,Òrrius
Suzuki,Vitara,Gasolina,60532.0,129.0,manual,20600,Sant Cugat del Vallès,8172,Barcelona,Sant Cugat del Vallès
Suzuki,Vitara,Gasolina,60532.0,129.0,manual,20600,Málaga,29015,Málaga,Málaga
Suzuki,Vitara,Gasolina,60532.0,129.0,manual,20600,A Coruña,15003,A Coruña,A Coruña
Suzuki,Vitara,Gasolina,56273.0,120.0,automatic,300,Barcelona,8007,Barcelona,Barcelona
Iveco,Daily,Diésel,721000.0,146.0,manual,6655,Muxa,27192,Lugo,Muxa
Citroen,C4 Cactus,Gasolina,109000.0,82.0,automatic,9990,Murcia,30005,Murcia,Murcia
Citroen,C4 Cactus,Gasolina,109000.0,82.0,automatic,9990,Bilbao,48004,Bizkaia,Bilbao
Citroen,C4 Cactus,Gasolina,109000.0,82.0,automatic,9990,Málaga,29005,Málaga,Málaga
Citroen,C4 Cactus,Diésel,17674.0,120.0,automatic,18900,Olèrdola,8734,Barcelona,Olèrdola
Citroen,C4 Cactus,Diésel,17674.0,120.0,automatic,18900,Olèrdola,8734,Barcelona,Olèrdola
Citroen,C4 Cactus,Gasolina,109000.0,82.0,automatic,9990,Palma de Mallorca,7003,Baleares,Palma de Mallorca
Jaguar,X-Type,Diésel,270000.0,130.0,manual,2500,Elx/Elche,3204,Alicante,Elx/Elche
Jaguar,X-Type,Gasolina,199000.0,230.0,manual,4000,Madrid,28010,Madrid,Madrid
Toyota,Urban Cruiser,Diésel,122938.0,90.0,manual,9190,Sant Boi de Llobregat,8830,Barcelona,Sant Boi de Llobregat
Toyota,Urban Cruiser,Diésel,122938.0,90.0,manual,9190,Valencia,46002,Valencia,Valencia
Toyota,Urban Cruiser,Diésel,122938.0,90.0,manual,9190,Sevilla,41006,Sevilla,Sevilla
Chrysler,Grand Voyager,Diésel,216987.0,150.0,automatic,10500,Santafe,18320,Granada,Santafe
Skoda,Yeti,Diésel,121543.0,150.0,manual,15950,Torremolinos,29620,Málaga,Torremolinos
Skoda,Yeti,Diésel,121543.0,150.0,manual,15950,Torremolinos,29620,Málaga,Torremolinos
Skoda,Yeti,Diésel,121543.0,150.0,manual,15950,Torremolinos,29620,Málaga,Torremolinos
Skoda,Yeti,Diésel,121543.0,150.0,manual,15950,Olèrdola,8734,Barcelona,Olèrdola
Skoda,Yeti,Diésel,121543.0,150.0,manual,15950,Olèrdola,8734,Barcelona,Olèrdola
Skoda,Yeti,Diésel,121543.0,150.0,manual,15950,Mercado Parque Corredor del Henares,28850,Madrid,Mercado Parque Corredor del Henares
SEAT,Exeo,Diésel,60391.0,143.0,manual,11500,Olèrdola,8734,Barcelona,Olèrdola
SEAT,Exeo,Diésel,60391.0,143.0,manual,11500,Olèrdola,8734,Barcelona,Olèrdola
SEAT,Exeo,Diésel,60391.0,143.0,manual,11500,Mercado Parque Corredor del Henares,28850,Madrid,Mercado Parque Corredor del Henares
Chevrolet,Trax,Gasolina,55195.0,115.0,manual,13144,Mercado Parque Corredor del Henares,28850,Madrid,Mercado Parque Corredor del Henares
Chevrolet,Trax,Gasolina,144598.0,115.0,manual,9699,Barcelona,8007,Barcelona,Barcelona
Chevrolet,Trax,Diésel,104687.0,130.0,manual,10990,Alcorcón,28924,Madrid,Alcorcón
Chevrolet,Trax,Diésel,104687.0,130.0,manual,10990,San Sebastián de Los Reyes,28700,Madrid,San Sebastián de Los Reyes
CUPRA,Leon,Gasolina,10.0,150.0,manual,33900,Torredembarra,43830,Tarragona,Torredembarra
CUPRA,Leon,Gasolina,8500.0,300.0,automatic,37900,Barcelona,8007,Barcelona,Barcelona
Jeep,Renegade,Gasolina,8670.0,150.0,automatic,29889,Torremolinos,29620,Málaga,Torremolinos
Jeep,Renegade,Gasolina,8670.0,150.0,automatic,29889,Torremolinos,29620,Málaga,Torremolinos
Jeep,Renegade,Gasolina,8670.0,150.0,automatic,29889,Torremolinos,29620,Málaga,Torremolinos
Jeep,Renegade,Gasolina,8670.0,150.0,automatic,29889,Barcelona,8007,Barcelona,Barcelona
Jeep,Renegade,Gasolina,8670.0,150.0,automatic,29889,Getafe,28906,Madrid,Getafe
Chevrolet,Trax,Gasolina,55195.0,115.0,manual,13144,Vigo,36214,Pontevedra,Vigo
Chevrolet,Trax,Gasolina,55195.0,115.0,manual,13144,Saladar,3700,Alicante,Saladar
KIA,Rio,Diésel,62111.0,90.0,manual,15295,Ciudad Real,13003,Ciudad Real,Ciudad Real
KIA,Rio,Diésel,62111.0,90.0,manual,15295,Barcelona,8007,Barcelona,Barcelona
KIA,Rio,Diésel,62111.0,90.0,manual,15295,Getafe,28906,Madrid,Getafe
Volvo,V40,Diésel,154107.0,120.0,automatic,12990,Granada,18005,Granada,Granada
Volvo,V40,Diésel,154107.0,120.0,automatic,12990,Córdoba,14003,Córdoba,Córdoba
Volvo,V40,Diésel,61703.0,120.0,manual,18900,Murcia,30100,Murcia,Murcia
Volvo,V40,Gasolina,32972.0,152.0,manual,21199,Barcelona,8007,Barcelona,Barcelona
Renault,Megane,Diésel,87784.0,110.0,manual,15400,Murcia,30001,Murcia,Murcia
Volkswagen,Caddy,Diésel,131267.0,102.0,manual,13189,Olèrdola,8734,Barcelona,Olèrdola
Volkswagen,Caddy,Diésel,131267.0,102.0,manual,13189,Olèrdola,8734,Barcelona,Olèrdola
Renault,Megane,Diésel,84000.0,115.0,manual,399,Sevilla,41018,Sevilla,Sevilla
Renault,Megane,Diésel,84000.0,115.0,manual,395,Barcelona,8007,Barcelona,Barcelona
Renault,Megane,Diésel,99950.0,115.0,manual,206,Barcelona,8007,Barcelona,Barcelona
Renault,Megane,Diésel,106227.0,115.0,manual,10990,Granada,18005,Granada,Granada
Renault,Megane,Diésel,84656.0,110.0,manual,15799,Madrid,28014,Madrid,Madrid
Renault,Megane,Diésel,84656.0,110.0,manual,15799,Barcelona,8007,Barcelona,Barcelona
Volkswagen,T-Roc,Gasolina,53861.0,110.0,manual,24790,Madrid,28021,Madrid,Madrid
Volkswagen,T-Roc,Diésel,108303.0,115.0,manual,19990,Alicante,3010,Alicante,Alicante
Volkswagen,T-Roc,Diésel,108303.0,115.0,manual,19990,Alicante,3010,Murcia,Alicante
Volkswagen,T-Roc,Diésel,108303.0,115.0,manual,19990,Vigo,36211,Pontevedra,Vigo
Volkswagen,T-Roc,Diésel,108303.0,115.0,manual,19990,Granada,18005,Granada,Granada
Volkswagen,Touareg,Diésel,118802.0,262.0,automatic,28990,Almería,4006,Almería,Almería
Volkswagen,Touareg,Diésel,118802.0,262.0,automatic,28990,Vigo,36211,Pontevedra,Vigo
Volkswagen,Touareg,Diésel,118802.0,262.0,automatic,28990,Bilbao,48004,Bizkaia,Bilbao
Volkswagen,Touareg,Diésel,135440.0,204.0,automatic,23990,Òrrius,8317,Barcelona,Òrrius
Volkswagen,Touareg,Diésel,135440.0,204.0,automatic,23990,Palau-Solita I Plegamans,8184,Barcelona,Palau-Solita I Plegamans
Volkswagen,Touareg,Diésel,135440.0,204.0,automatic,23990,Palau-Solita I Plegamans,8184,Barcelona,Palau-Solita I Plegamans
Volkswagen,CC,Diésel,259000.0,140.0,manual,12690,Barcelona,8007,Barcelona,Barcelona
Volkswagen,CC,Diésel,259000.0,140.0,manual,12690,Madrid,28014,Madrid,Madrid
Volkswagen,CC,Diésel,259000.0,140.0,manual,12690,Zaragoza,50018,Zaragoza,Zaragoza
Audi,TT RS,Gasolina,160000.0,360.0,manual,27999,Reus,43201,Tarragona,Reus
Abarth,695,Gasolina,69500.0,205.0,manual,22800,Granollers,8401,Barcelona,Granollers
Abarth,695,Gasolina,10.0,180.0,manual,36500,Donostia-San Sebastián,20001,Gipuzkoa,Donostia-San Sebastián
Abarth,695,Gasolina,40000.0,180.0,automatic,25990,Marbella,29601,Málaga,Marbella
Opel,Grandland X,Diésel,99950.0,130.0,manual,248,Gandía,46701,Valencia,Gandía
Opel,Grandland X,Diésel,43641.0,130.0,automatic,22989,Puerto de Sagunto,46520,Valencia,Puerto de Sagunto
Opel,Grandland X,Diésel,43641.0,130.0,automatic,22989,Alzira,46600,Valencia,Alzira
Opel,Grandland X,Diésel,43641.0,130.0,automatic,22989,Alzira,46600,Valencia,Alzira
Opel,Grandland X,Diésel,43641.0,130.0,automatic,22989,Mercabilbao,48970,Bizkaia,Mercabilbao
Opel,Grandland X,Diésel,43641.0,130.0,automatic,22989,Las Rozas de Madrid,28232,Madrid,Las Rozas de Madrid
Opel,Grandland X,Diésel,43641.0,130.0,automatic,22989,Valdepeñas,13300,Ciudad Real,Valdepeñas
Opel,Grandland X,Diésel,43641.0,130.0,automatic,22989,Valdepeñas,13300,Ciudad Real,Valdepeñas
Opel,Grandland X,Diésel,43641.0,130.0,automatic,22989,Alameda del Obispo,14005,Córdoba,Alameda del Obispo
CUPRA,Born,Eléctrico,24089.0,204.0,automatic,39990,Murcia,30004,Murcia,Murcia
CUPRA,Born,Eléctrico,24089.0,204.0,automatic,39990,Alcorcón,28924,Madrid,Alcorcón
CUPRA,Born,Eléctrico,24089.0,204.0,automatic,39990,Valladolid,47003,Valladolid,Valladolid
Abarth,595,Gasolina,63000.0,145.0,automatic,18490,La Poveda,28500,Madrid,La Poveda
Abarth,595,Gasolina,10600.0,180.0,manual,27990,Terrassa,8220,Barcelona,Terrassa
CUPRA,Born,Eléctrico,24089.0,204.0,automatic,39990,Leganés,28915,Madrid,Leganés
CUPRA,Born,Eléctrico,24089.0,204.0,automatic,39990,Barcelona,8041,Barcelona,Barcelona
CUPRA,Born,Eléctrico,24089.0,204.0,automatic,39990,Ponferrada,28903,Madrid,Ponferrada
CUPRA,Born,Eléctrico,300.0,204.0,automatic,39900,Tortosa,43500,Tarragona,Tortosa
Alfa Romeo,Giulietta,Diésel,84269.0,120.0,manual,15950,Santa Maria del Aguila,4710,Almería,Santa Maria del Aguila
Alfa Romeo,Giulietta,Diésel,84269.0,120.0,manual,15950,Ciudad Real,13003,Ciudad Real,Ciudad Real
Alfa Romeo,Giulietta,Diésel,84269.0,120.0,manual,15950,Santiago de Compostela,15703,A Coruña,Santiago de Compostela
Alfa Romeo,Giulietta,Diésel,84269.0,120.0,manual,15950,Valdepeñas,13300,Ciudad Real,Valdepeñas
Alfa Romeo,Giulietta,Diésel,84269.0,120.0,manual,15950,Valdepeñas,13300,Ciudad Real,Valdepeñas
Alfa Romeo,Giulietta,Diésel,84269.0,120.0,manual,15950,Saladar,3700,Alicante,Saladar
Alfa Romeo,Giulietta,Diésel,84269.0,120.0,manual,15950,Mercado Parque Corredor del Henares,28850,Madrid,Mercado Parque Corredor del Henares
Alfa Romeo,Giulietta,Diésel,84269.0,120.0,manual,15950,Sant Vicenç de Montalt,8394,Barcelona,Sant Vicenç de Montalt
Alfa Romeo,Giulietta,Diésel,84269.0,120.0,manual,15950,Granollers,8403,Barcelona,Granollers
CUPRA,Ateca,Gasolina,51251.0,300.0,automatic,31990,Bilbao,48004,Bizkaia,Bilbao
CUPRA,Ateca,Gasolina,28076.0,300.0,automatic,33190,Almería,4006,Almería,Almería
SsangYong,XLV,Diésel,69095.0,115.0,manual,16100,Olèrdola,8734,Barcelona,Olèrdola
SsangYong,XLV,Diésel,69095.0,115.0,manual,16100,Olèrdola,8734,Barcelona,Olèrdola
SsangYong,XLV,Diésel,69095.0,115.0,manual,16100,Mercado Parque Corredor del Henares,28850,Madrid,Mercado Parque Corredor del Henares
Alfa Romeo,Giulietta,Diésel,84269.0,120.0,manual,15950,Murcia,30003,Murcia,Murcia
Volkswagen,Arteon,Diésel,43500.0,150.0,automatic,29990,Vigo,36211,Pontevedra,Vigo
Volkswagen,Arteon,Diésel,43500.0,150.0,automatic,29990,Bilbao,48004,Bizkaia,Bilbao
Volkswagen,Arteon,Diésel,43500.0,150.0,automatic,29990,Sevilla,41017,Sevilla,Sevilla
Volkswagen,Transporter,Diésel,83787.0,102.0,manual,24990,Alicante,3010,Alicante,Alicante
Volkswagen,Transporter,Diésel,83787.0,102.0,manual,24990,Alicante,3010,Murcia,Alicante
Volkswagen,Transporter,Diésel,83787.0,102.0,manual,24990,Cáceres,10001,Cáceres,Cáceres
Volkswagen,Transporter,Diésel,83787.0,102.0,manual,24990,Huelva,21004,Huelva,Huelva
CUPRA,Ateca,Gasolina,28076.0,300.0,automatic,33190,León,24003,León,León
CUPRA,Ateca,Gasolina,28076.0,300.0,automatic,33190,León,24003,León,León
CUPRA,Ateca,Gasolina,28076.0,300.0,automatic,33190,Salamanca,37008,Salamanca,Salamanca
CUPRA,Ateca,Gasolina,28076.0,300.0,automatic,33190,Salamanca,37008,Salamanca,Salamanca
Lexus,UX,Eléctrico,22987.0,184.0,automatic,30990,Las Rozas de Madrid,28232,Madrid,Las Rozas de Madrid
Lexus,UX,Eléctrico,22987.0,184.0,automatic,30990,Madrid,28046,Madrid,Madrid
Lexus,UX,Eléctrico,22987.0,184.0,automatic,30990,Leganés,28916,Madrid,Leganés
Audi,Q3,Diésel,50306.0,150.0,automatic,32500,Rivas Vaciamadrid,28521,Madrid,Rivas Vaciamadrid
Audi,Q3,Diésel,124610.0,150.0,automatic,18990,Almería,4006,Almería,Almería
Audi,Q3,Diésel,111000.0,150.0,automatic,19990,Toledo,45002,Toledo,Toledo
Audi,Q3,Diésel,124610.0,150.0,automatic,18990,Alicante,3010,Alicante,Alicante
Audi,Q3,Diésel,124610.0,150.0,automatic,18990,Alicante,3010,Murcia,Alicante
Audi,Q3,Diésel,124610.0,150.0,automatic,18990,Vigo,36211,Pontevedra,Vigo
Audi,Q3,Diésel,111000.0,150.0,automatic,19990,Granada,18005,Granada,Granada
Audi,Q3,Diésel,124610.0,150.0,automatic,18990,Murcia,30005,Murcia,Murcia
Audi,Q3,Diésel,124610.0,150.0,automatic,18990,Bilbao,48004,Bizkaia,Bilbao
Audi,Q3,Diésel,111000.0,150.0,automatic,19990,Murcia,30005,Murcia,Murcia
Audi,Q3,Diésel,124610.0,150.0,automatic,18990,Sevilla,41005,Sevilla,Sevilla
Audi,Q3,Diésel,124610.0,150.0,automatic,18990,Palma de Mallorca,7003,Baleares,Palma de Mallorca
Audi,Q3,Diésel,124610.0,150.0,automatic,18990,Málaga,29005,Málaga,Málaga
Audi,Q3,Diésel,111000.0,150.0,automatic,19990,Camarma de Esteruelas,28816,Madrid,Camarma de Esteruelas
Audi,Q3,Diésel,111000.0,150.0,automatic,19990,Camarma de Esteruelas,28816,Madrid,Camarma de Esteruelas
Audi,Q3,Diésel,111000.0,150.0,automatic,19990,Las Rozas de Madrid,28232,Madrid,Las Rozas de Madrid
Audi,Q3,Diésel,111000.0,150.0,automatic,19990,Collado Villalba,28400,Madrid,Collado Villalba
Audi,Q3,Diésel,111000.0,150.0,automatic,19990,Collado Villalba,28400,Madrid,Collado Villalba
Audi,Q3,Diésel,124610.0,150.0,automatic,18990,Castellón,12001,Castellón,Castellón
Audi,Q3,Diésel,124610.0,150.0,automatic,18990,Tarragona,43006,Tarragona,Tarragona
Audi,Q3,Diésel,51103.0,150.0,manual,23500,Logroño,26009,La Rioja,Logroño
Mitsubishi,Space Star,Gasolina,210000.0,98.0,manual,2500,Lleida,25006,Lleida,Lleida
Mitsubishi,Space Star,Gasolina,210000.0,98.0,manual,2990,Lleida,25006,Lleida,Lleida
Mitsubishi,Space Star,Diésel,167815.0,115.0,manual,1790,Madrid,28026,Madrid,Madrid
Hyundai,i40,Diésel,166999.0,115.0,manual,9990,Valencia,46001,Valencia,Valencia
Hyundai,i40,Diésel,166999.0,115.0,manual,9990,Camarma de Esteruelas,28816,Madrid,Camarma de Esteruelas
Hyundai,i40,Diésel,166999.0,115.0,manual,9990,Camarma de Esteruelas,28816,Madrid,Camarma de Esteruelas
Hyundai,i40,Diésel,166999.0,115.0,manual,9990,Toledo,45002,Toledo,Toledo
Hyundai,i40,Diésel,166999.0,115.0,manual,9990,Fuenlabrada,28947,Madrid,Fuenlabrada
Lancia,Ypsilon,Gasolina,144181.0,69.0,manual,5990,Alicante,3010,Alicante,Alicante
Lancia,Ypsilon,Gasolina,144181.0,69.0,manual,5990,Alicante,3010,Murcia,Alicante
Lancia,Ypsilon,Gasolina,144181.0,69.0,manual,5990,Cáceres,10001,Cáceres,Cáceres
Alfa Romeo,MiTO,Gasolina,14863.0,77.0,manual,13299,Madrid,28014,Madrid,Madrid
Alfa Romeo,MiTO,Gasolina,14863.0,77.0,manual,13299,Barcelona,8007,Barcelona,Barcelona
Dodge,Caliber,Diésel,199999.0,140.0,manual,4299,Llerona,8520,Barcelona,Llerona
Honda,CR-V,Diésel,131300.0,150.0,automatic,14390,Vigo,36211,Pontevedra,Vigo
Honda,CR-V,Diésel,131300.0,150.0,automatic,14390,Almería,4006,Almería,Almería
Honda,CR-V,Diésel,131300.0,150.0,automatic,14390,Granada,18005,Granada,Granada
Honda,CR-V,Diésel,131300.0,150.0,automatic,14390,Valencia,46001,Valencia,Valencia
Honda,CR-V,Diésel,131300.0,150.0,automatic,14390,Málaga,29005,Málaga,Málaga
Honda,CR-V,Diésel,131300.0,150.0,automatic,14390,Murcia,30005,Murcia,Murcia
Ford,Fiesta,Gasolina,86000.0,100.0,manual,314,Barcelona,8007,Barcelona,Barcelona
Ford,Fiesta,Gasolina,99000.0,69.0,manual,252,Madrid,28009,Madrid,Madrid
Ford,Fiesta,Gasolina,81000.0,100.0,manual,209,Gandía,46701,Valencia,Gandía
Ford,Fiesta,Diésel,99223.0,85.0,manual,11500,Málaga,29015,Málaga,Málaga
Ford,Fiesta,Diésel,116692.0,70.0,manual,7299,Madrid,28014,Madrid,Madrid
Alfa Romeo,147,Gasolina,116200.0,120.0,manual,3490,La Roca del Vallès,8430,Barcelona,La Roca del Vallès
Alfa Romeo,Spider,Diésel,116506.0,200.0,manual,12800,Badajoz,6008,Badajoz,Badajoz
Alfa Romeo,Spider,Diésel,116506.0,200.0,manual,12800,Santiago de Compostela,15703,A Coruña,Santiago de Compostela
Alfa Romeo,Spider,Diésel,116506.0,200.0,manual,12800,Torremolinos,29620,Málaga,Torremolinos
Alfa Romeo,Spider,Diésel,116506.0,200.0,manual,12800,Torremolinos,29620,Málaga,Torremolinos
Alfa Romeo,Spider,Diésel,116506.0,200.0,manual,12800,Torremolinos,29620,Málaga,Torremolinos
Alfa Romeo,Spider,Diésel,116506.0,200.0,manual,12800,Las Rozas de Madrid,28232,Madrid,Las Rozas de Madrid
Honda,HR-V,Gasolina,77000.0,130.0,automatic,20450,Santiago de Compostela,15703,A Coruña,Santiago de Compostela
Honda,HR-V,Gasolina,30474.0,130.0,manual,20585,Granollers,8403,Barcelona,Granollers
Honda,HR-V,Gasolina,30474.0,130.0,manual,20585,Valdepeñas,13300,Ciudad Real,Valdepeñas
Honda,HR-V,Gasolina,30474.0,130.0,manual,20585,Valdepeñas,13300,Ciudad Real,Valdepeñas
Honda,HR-V,Gasolina,30474.0,130.0,manual,20585,Barcelona,8007,Barcelona,Barcelona
Honda,HR-V,Gasolina,30474.0,130.0,manual,20585,Olèrdola,8734,Barcelona,Olèrdola
Honda,HR-V,Gasolina,30474.0,130.0,manual,20585,Olèrdola,8734,Barcelona,Olèrdola
Honda,HR-V,Gasolina,30474.0,130.0,manual,20585,Las Rozas de Madrid,28232,Madrid,Las Rozas de Madrid
Nissan,NV200,Diésel,141000.0,90.0,manual,10980,Santa Coloma de Gramenet,8921,Barcelona,Santa Coloma de Gramenet
Nissan,NV200,Diésel,179940.0,110.0,manual,10500,Murcia,30151,Murcia,Murcia
Alfa Romeo,Spider,Diésel,116506.0,200.0,manual,12800,Atarrabia,31610,Navarra,Atarrabia
Volkswagen,Lupo,Gasolina,84000.0,50.0,manual,1800,Kukullaga,48450,Bizkaia,Kukullaga
Audi,A8,Gasolina,199000.0,450.0,automatic,11990,La Puebla de Alfindén,50171,Zaragoza,La Puebla de Alfindén
Alfa Romeo,Stelvio,Diésel,40103.0,190.0,automatic,38525,Santa Maria del Aguila,4710,Almería,Santa Maria del Aguila
Alfa Romeo,Stelvio,Diésel,40103.0,190.0,automatic,38525,Ciudad Real,13003,Ciudad Real,Ciudad Real
Alfa Romeo,Stelvio,Diésel,40103.0,190.0,automatic,38525,Vigo,36214,Pontevedra,Vigo
Alfa Romeo,Stelvio,Diésel,40103.0,190.0,automatic,38525,Murcia,30003,Murcia,Murcia
Hyundai,Veloster,Gasolina,42000.0,140.0,manual,9990,Sedaví,46910,Valencia,Sedaví
Hyundai,Veloster,Gasolina,42000.0,140.0,manual,9990,Sedaví,46910,Valencia,Sedaví
Hyundai,Veloster,Gasolina,42000.0,140.0,manual,9990,Sedaví,46910,Valencia,Sedaví
Hyundai,Veloster,Gasolina,42000.0,140.0,manual,9990,Sedaví,46910,Valencia,Sedaví
Hyundai,H-1,Diésel,179000.0,99.0,manual,3950,Collado Villalba,28400,Madrid,Collado Villalba
Hyundai,H-1,Diésel,179000.0,99.0,manual,3950,Collado Villalba,28400,Madrid,Collado Villalba
Ford,B-MAX,Gasolina,45130.0,100.0,manual,12199,Barcelona,8007,Barcelona,Barcelona
Honda,Civic,Diésel,117618.0,120.0,manual,12650,Castello/Castellon de La Plana,12100,Castellón,Castello/Castellon de La Plana
Honda,Civic,Diésel,117618.0,120.0,manual,12650,Torremolinos,29620,Málaga,Torremolinos
Honda,Civic,Diésel,117618.0,120.0,manual,12650,Torremolinos,29620,Málaga,Torremolinos
Honda,Civic,Diésel,117618.0,120.0,manual,12650,Torremolinos,29620,Málaga,Torremolinos
Honda,Civic,Diésel,117618.0,120.0,manual,12650,Getafe,28906,Madrid,Getafe
Honda,Civic,Diésel,117618.0,120.0,manual,12650,Santafe,18320,Granada,Santafe
Honda,Civic,Diésel,117618.0,120.0,manual,12650,Puerto de Sagunto,46520,Valencia,Puerto de Sagunto
Ford,Ka,Gasolina,12079.0,70.0,manual,7999,Madrid,28014,Madrid,Madrid
Ford,Ka,Gasolina,12079.0,70.0,manual,7999,Barcelona,8007,Barcelona,Barcelona
Ford,Ka,Gasolina,32000.0,69.0,manual,4990,Murcia,30005,Murcia,Murcia
Hyundai,i10,Gasolina,94925.0,70.0,manual,5599,Madrid,28014,Madrid,Madrid
Volkswagen,Touran,Diésel,96509.0,115.0,manual,20900,Móstoles,28931,Madrid,Móstoles
Volkswagen,Touran,Diésel,96509.0,115.0,manual,20600,Móstoles,28931,Madrid,Móstoles
KIA,Picanto,Gasolina,40171.0,65.0,manual,8299,Madrid,28014,Madrid,Madrid
KIA,Picanto,Gasolina,40171.0,65.0,manual,8199,Madrid,28014,Madrid,Madrid
KIA,Picanto,Gasolina,18054.0,66.0,manual,7990,Bilbao,48004,Bizkaia,Bilbao
KIA,Picanto,Gasolina,18500.0,67.0,manual,10900,Alzira,46600,Valencia,Alzira
KIA,Picanto,Gasolina,18500.0,67.0,manual,10900,Alzira,46600,Valencia,Alzira
KIA,Picanto,Gasolina,18054.0,66.0,manual,7990,Santander,39010,Cantabria,Santander
Hyundai,Coupe,Gasolina,134400.0,167.0,manual,5500,Málaga,29004,Málaga,Málaga
Audi,A3,Gasolina,130000.0,300.0,automatic,23990,Alicante,3010,Alicante,Alicante
Audi,A3,Gasolina,130000.0,300.0,automatic,23990,Alicante,3010,Murcia,Alicante
Audi,A3,Diésel,217197.0,150.0,manual,12490,Alicante,3010,Alicante,Alicante
Audi,A3,Diésel,217197.0,150.0,manual,12490,Alicante,3010,Murcia,Alicante
Audi,A3,Gasolina,130000.0,300.0,automatic,23990,Granada,18005,Granada,Granada
Audi,A3,Gasolina,130000.0,300.0,automatic,23990,Murcia,30005,Murcia,Murcia
Volkswagen,Jetta,Gasolina,32468.0,160.0,manual,13990,Murcia,30004,Murcia,Murcia
Volkswagen,Jetta,Gasolina,32468.0,160.0,manual,13990,Alcorcón,28924,Madrid,Alcorcón
Volkswagen,Jetta,Gasolina,32468.0,160.0,manual,13990,Valencia,28943,Madrid,Valencia
Volkswagen,Jetta,Diésel,108981.0,110.0,manual,8990,Vigo,36211,Pontevedra,Vigo
Volkswagen,Jetta,Diésel,108981.0,110.0,manual,8990,Granada,18005,Granada,Granada
Alfa Romeo,GTV,Gasolina,130000.0,150.0,manual,4999,Logroño,26001,La Rioja,Logroño
Alfa Romeo,GTV,Gasolina,99000.0,150.0,manual,5900,Madrid,28014,Madrid,Madrid
Hyundai,ix20,Diésel,128328.0,90.0,manual,12250,Castello/Castellon de La Plana,12100,Castellón,Castello/Castellon de La Plana
Hyundai,ix20,Diésel,128328.0,90.0,manual,12250,Las Rozas de Madrid,28232,Madrid,Las Rozas de Madrid
Hyundai,ix20,Diésel,128328.0,90.0,manual,12250,Mercabilbao,48970,Bizkaia,Mercabilbao
Hyundai,ix20,Diésel,128328.0,90.0,manual,12250,Getafe,28906,Madrid,Getafe
Toyota,Corolla,Diésel,180000.0,116.0,manual,3990,Gijón,33201,Asturias,Gijón
Hyundai,ix20,Diésel,128328.0,90.0,manual,12250,Collado Villalba,28400,Madrid,Collado Villalba
Hyundai,ix20,Diésel,128328.0,90.0,manual,12250,Collado Villalba,28400,Madrid,Collado Villalba
Hyundai,ix20,Diésel,128328.0,90.0,manual,12250,Santafe,18320,Granada,Santafe
Hyundai,ix20,Diésel,128328.0,90.0,manual,12250,Colonia Pablo Iglesias,28520,Madrid,Colonia Pablo Iglesias
Hyundai,ix20,Diésel,128328.0,90.0,manual,12250,Paterna,46980,Valencia,Paterna
Alfa Romeo,Giulia,Diésel,99950.0,136.0,manual,523,Barcelona,8009,Barcelona,Barcelona
Alfa Romeo,Giulia,Diésel,118600.0,180.0,automatic,23490,Vigo,36211,Pontevedra,Vigo
Alfa Romeo,Giulia,Diésel,118600.0,180.0,automatic,23490,Valencia,46001,Valencia,Valencia
Alfa Romeo,Giulia,Diésel,71764.0,180.0,automatic,23990,Valencia,46001,Valencia,Valencia
Peugeot,308,Diésel,190000.0,136.0,manual,6699,Los Garres,30158,Murcia,Los Garres
Peugeot,308,Diésel,108000.0,130.0,manual,215,Barcelona,8007,Barcelona,Barcelona
Peugeot,308,Diésel,94000.0,99.0,manual,305,Barcelona,8007,Barcelona,Barcelona
Peugeot,308,Diésel,114000.0,149.0,manual,213,Gandía,46701,Valencia,Gandía
Peugeot,308,Diésel,115000.0,120.0,manual,272,Valencia,46005,Valencia,Valencia
Hyundai,Tucson,Gasolina,44120.0,131.0,manual,18900,Sant Vicenç de Montalt,8394,Barcelona,Sant Vicenç de Montalt
Hyundai,Tucson,Gasolina,44120.0,131.0,manual,18900,Granollers,8403,Barcelona,Granollers
Hyundai,Tucson,Gasolina,34576.0,131.0,manual,19538,Granollers,8403,Barcelona,Granollers
Hyundai,Tucson,Diésel,76211.0,141.0,automatic,25875,Granollers,8403,Barcelona,Granollers
Hyundai,Tucson,Gasolina,34576.0,131.0,manual,19538,Murcia,30003,Murcia,Murcia
Hyundai,Tucson,Gasolina,44120.0,131.0,manual,18900,Estepona,29680,Málaga,Estepona
Audi,Q2,Diésel,41725.0,116.0,automatic,27900,Puerto de Sagunto,46520,Valencia,Puerto de Sagunto
Audi,Q2,Diésel,42713.0,116.0,automatic,25875,Puerto de Sagunto,46520,Valencia,Puerto de Sagunto
Audi,Q2,Diésel,42713.0,116.0,automatic,25875,Alcobendas,28100,Madrid,Alcobendas
Audi,Q2,Diésel,41725.0,116.0,automatic,27900,Badajoz,6008,Badajoz,Badajoz
Audi,Q2,Diésel,41725.0,116.0,automatic,27900,Saladar,3700,Alicante,Saladar
Audi,Q2,Diésel,87122.0,116.0,automatic,23800,Barcelona,8008,Barcelona,Barcelona
Audi,Q2,Diésel,87122.0,116.0,automatic,23100,Barcelona,8008,Barcelona,Barcelona
Audi,Q2,Diésel,87122.0,116.0,automatic,23800,Móstoles,28931,Madrid,Móstoles
Audi,Q2,Diésel,87122.0,116.0,automatic,23100,Móstoles,28931,Madrid,Móstoles
Alfa Romeo,Giulia,Gasolina,35291.0,200.0,automatic,27690,Madrid,28021,Madrid,Madrid
Alfa Romeo,Giulia,Gasolina,35291.0,200.0,automatic,27990,Madrid,28021,Madrid,Madrid
Audi,Q2,Diésel,41725.0,116.0,automatic,27900,Mercado Parque Corredor del Henares,28850,Madrid,Mercado Parque Corredor del Henares
Audi,Q2,Diésel,87122.0,116.0,automatic,23800,Valladolid,47004,Valladolid,Valladolid
Audi,Q2,Diésel,87122.0,116.0,automatic,23100,Valladolid,47004,Valladolid,Valladolid
Audi,Q2,Diésel,41725.0,116.0,automatic,27900,Granollers,8403,Barcelona,Granollers
Audi,Q2,Diésel,41725.0,116.0,automatic,27900,Alicante,3007,Alicante,Alicante
Audi,Q2,Diésel,41725.0,116.0,automatic,27900,Alzira,46600,Valencia,Alzira
Audi,Q2,Diésel,41725.0,116.0,automatic,27900,Alzira,46600,Valencia,Alzira
Audi,Q2,Diésel,41725.0,116.0,automatic,27900,Las Rozas de Madrid,28232,Madrid,Las Rozas de Madrid
Audi,Q2,Diésel,41725.0,116.0,automatic,27900,Valdepeñas,13300,Ciudad Real,Valdepeñas
Audi,Q2,Diésel,41725.0,116.0,automatic,27900,Valdepeñas,13300,Ciudad Real,Valdepeñas
Audi,Q2,Diésel,41725.0,116.0,automatic,27900,Mercabilbao,48970,Bizkaia,Mercabilbao
Audi,Q2,Diésel,109531.0,115.0,automatic,23399,Barcelona,8007,Barcelona,Barcelona
Audi,Q2,Diésel,97800.0,116.0,manual,18490,Tarragona,43006,Tarragona,Tarragona
Audi,Q2,Diésel,87122.0,116.0,automatic,23800,San Sebastián de Los Reyes,28700,Madrid,San Sebastián de Los Reyes
Audi,Q2,Diésel,87122.0,116.0,automatic,23100,San Sebastián de Los Reyes,28700,Madrid,San Sebastián de Los Reyes
Audi,Q2,Diésel,87122.0,116.0,automatic,23800,Alicante,3001,Alicante,Alicante
Audi,Q2,Diésel,87122.0,116.0,automatic,23100,Alicante,3001,Alicante,Alicante
Audi,Q2,Diésel,87122.0,116.0,automatic,23800,Almería,4001,Almería,Almería
Audi,Q2,Diésel,87122.0,116.0,automatic,23100,Almería,4001,Almería,Almería
Audi,Q2,Diésel,87122.0,116.0,automatic,23800,Santander,39002,Cantabria,Santander
Audi,Q2,Diésel,87122.0,116.0,automatic,23100,Santander,39002,Cantabria,Santander
Audi,Q2,Diésel,87122.0,116.0,automatic,23800,Valencia,46003,Valencia,Valencia
Audi,Q2,Diésel,87122.0,116.0,automatic,23100,Valencia,46003,Valencia,Valencia
Audi,Q2,Diésel,87122.0,116.0,automatic,23800,Huelva,21004,Huelva,Huelva
Audi,Q2,Diésel,87122.0,116.0,automatic,23100,Huelva,21004,Huelva,Huelva
Isuzu,D-Max,Diésel,225000.0,163.0,manual,16999,Las Navas del Marqués,5230,Ávila,Las Navas del Marqués
Isuzu,D-Max,Diésel,230000.0,163.0,automatic,13499,Las Navas del Marqués,5230,Ávila,Las Navas del Marqués
Hyundai,Matrix,Diésel,329000.0,82.0,manual,1600,Sedaví,46910,Valencia,Sedaví
Hyundai,Matrix,Diésel,329000.0,82.0,manual,1600,Sedaví,46910,Valencia,Sedaví
Hyundai,Matrix,Diésel,329000.0,82.0,manual,1600,Sedaví,46910,Valencia,Sedaví
Hyundai,Matrix,Diésel,329000.0,82.0,manual,1600,Sedaví,46910,Valencia,Sedaví
Alfa Romeo,Tonale,Diésel,1.0,130.0,automatic,37390,Castello/Castellon de La Plana,12100,Castellón,Castello/Castellon de La Plana
Iveco,Massif,Diésel,65000.0,145.0,manual,16500,Lliça d'Amunt,8186,Barcelona,Lliça d'Amunt
Iveco,Massif,Diésel,99000.0,146.0,manual,27990,Madrid,28045,Madrid,Madrid
Hyundai,Elantra,Gasolina,88863.0,128.0,manual,14375,Zaragoza,50013,Zaragoza,Zaragoza
Hyundai,Elantra,Gasolina,88863.0,128.0,manual,14375,Mercado Parque Corredor del Henares,28850,Madrid,Mercado Parque Corredor del Henares
Hyundai,Elantra,Gasolina,88863.0,128.0,manual,14375,Santa Maria del Aguila,4710,Almería,Santa Maria del Aguila
Hyundai,Elantra,Gasolina,88863.0,128.0,manual,14375,Alcalá de Guadaíra,41500,Sevilla,Alcalá de Guadaíra
Lancia,Kappa,Gasolina,196000.0,175.0,manual,6000,Vitoria-Gasteiz,1002,Álava,Vitoria-Gasteiz
Alfa Romeo,MiTO,Gasolina,232241.0,78.0,manual,4890,Leganés,28916,Madrid,Leganés
Alfa Romeo,MiTO,Gasolina,232241.0,78.0,manual,4890,Madrid,28046,Madrid,Madrid
Alfa Romeo,MiTO,Gasolina,232241.0,78.0,manual,4890,Las Rozas de Madrid,28232,Madrid,Las Rozas de Madrid
Hyundai,Elantra,Gasolina,88863.0,128.0,manual,14375,Mercabilbao,48970,Bizkaia,Mercabilbao
Hyundai,Elantra,Gasolina,88863.0,128.0,manual,14375,Paterna,46980,Valencia,Paterna
Hyundai,Elantra,Gasolina,88863.0,128.0,manual,14375,Saladar,3700,Alicante,Saladar
Hyundai,Elantra,Gasolina,88863.0,128.0,manual,14375,Estepona,29680,Málaga,Estepona
Alfa Romeo,MiTO,Gasolina,232241.0,78.0,manual,4890,Alcobendas,28100,Madrid,Alcobendas
Alfa Romeo,MiTO,Gasolina,80095.0,77.0,manual,204,Bormujos,41840,Sevilla,Bormujos
Alfa Romeo,MiTO,Gasolina,80095.0,77.0,manual,228,Bormujos,41840,Sevilla,Bormujos
Alfa Romeo,MiTO,Gasolina,80095.0,77.0,manual,243,Bormujos,41840,Sevilla,Bormujos
Land Rover,Discovery Sport,Diésel,85848.0,180.0,automatic,28000,Valladolid,47004,Valladolid,Valladolid
Land Rover,Discovery Sport,Diésel,85848.0,180.0,automatic,27900,Valladolid,47004,Valladolid,Valladolid
Land Rover,Discovery Sport,Diésel,85848.0,180.0,automatic,28000,Sevilla,41004,Sevilla,Sevilla
Land Rover,Discovery Sport,Diésel,85848.0,180.0,automatic,27900,Sevilla,41004,Sevilla,Sevilla
Land Rover,Discovery Sport,Diésel,85848.0,180.0,automatic,28000,Viladecans,8840,Barcelona,Viladecans
Land Rover,Discovery Sport,Diésel,85848.0,180.0,automatic,27900,Viladecans,8840,Barcelona,Viladecans
Land Rover,Discovery Sport,Diésel,85848.0,180.0,automatic,28000,Barcelona,8013,Barcelona,Barcelona
Land Rover,Discovery Sport,Diésel,85848.0,180.0,automatic,27900,Barcelona,8013,Barcelona,Barcelona
Land Rover,Discovery Sport,Diésel,85848.0,180.0,automatic,28000,Almería,4001,Almería,Almería
Land Rover,Discovery Sport,Diésel,85848.0,180.0,automatic,27900,Almería,4001,Almería,Almería
Land Rover,Discovery Sport,Diésel,85848.0,180.0,automatic,28000,Urbanitzacio El Medol,43150,Tarragona,Urbanitzacio El Medol
Land Rover,Discovery Sport,Diésel,85848.0,180.0,automatic,27900,Urbanitzacio El Medol,43150,Tarragona,Urbanitzacio El Medol
Land Rover,Discovery Sport,Diésel,85848.0,180.0,automatic,28000,Alcalá de Henares,28801,Madrid,Alcalá de Henares
Land Rover,Discovery Sport,Diésel,85848.0,180.0,automatic,27900,Alcalá de Henares,28801,Madrid,Alcalá de Henares
Land Rover,Discovery Sport,Diésel,85848.0,180.0,automatic,28000,A Coruña,15003,A Coruña,A Coruña
Land Rover,Discovery Sport,Diésel,85848.0,180.0,automatic,27900,A Coruña,15003,A Coruña,A Coruña
Land Rover,Discovery Sport,Diésel,85848.0,180.0,automatic,28000,Granada,18002,Granada,Granada
Land Rover,Discovery Sport,Diésel,85848.0,180.0,automatic,27900,Granada,18002,Granada,Granada
Toyota,Aygo,Gasolina,91495.0,69.0,manual,10490,Madrid,28021,Madrid,Madrid
Toyota,Aygo,Gasolina,48600.0,69.0,manual,9990,Sevilla,41005,Sevilla,Sevilla
Toyota,Aygo,Gasolina,48600.0,69.0,manual,9990,Vigo,36211,Pontevedra,Vigo
Toyota,Aygo,Gasolina,48600.0,69.0,manual,9990,Alicante,3010,Alicante,Alicante
Toyota,Aygo,Gasolina,48600.0,69.0,manual,9990,Alicante,3010,Murcia,Alicante
Toyota,Aygo,Gasolina,48600.0,69.0,manual,9990,Almería,4006,Almería,Almería
Toyota,Aygo,Gasolina,76160.0,69.0,manual,8990,Sevilla,41005,Sevilla,Sevilla
Hyundai,Grand Santa Fe,Diésel,146370.0,197.0,automatic,20900,Ciudad Real,13003,Ciudad Real,Ciudad Real
Hyundai,Grand Santa Fe,Diésel,146370.0,197.0,automatic,20900,Puerto de Sagunto,46520,Valencia,Puerto de Sagunto
Hyundai,Grand Santa Fe,Diésel,146370.0,197.0,automatic,20900,Castello/Castellon de La Plana,12100,Castellón,Castello/Castellon de La Plana
Hyundai,Grand Santa Fe,Diésel,146370.0,197.0,automatic,20900,Alicante,3007,Alicante,Alicante
Hyundai,Grand Santa Fe,Diésel,146370.0,197.0,automatic,20900,Mercabilbao,48970,Bizkaia,Mercabilbao
Hyundai,Grand Santa Fe,Diésel,146370.0,197.0,automatic,20900,Alcalá de Guadaíra,41500,Sevilla,Alcalá de Guadaíra
Toyota,Aygo,Gasolina,76160.0,69.0,manual,8990,Vigo,36211,Pontevedra,Vigo
Toyota,Aygo,Gasolina,76160.0,69.0,manual,8990,Alicante,3010,Alicante,Alicante
Toyota,Aygo,Gasolina,76160.0,69.0,manual,8990,Alicante,3010,Murcia,Alicante
Toyota,Aygo,Gasolina,76160.0,69.0,manual,8990,Almería,4006,Almería,Almería
Toyota,Aygo,Gasolina,48600.0,69.0,manual,9990,Bilbao,48004,Bizkaia,Bilbao
Toyota,Land Cruiser,Diésel,143000.0,173.0,manual,21990,Palamós,17230,Girona,Palamós
Toyota,Land Cruiser,Diésel,399000.0,163.0,manual,11990,Alcorcón,28924,Madrid,Alcorcón
Infiniti,Q50,Eléctrico,31285.0,364.0,automatic,31900,Santa Maria del Aguila,4710,Almería,Santa Maria del Aguila
Infiniti,Q50,Eléctrico,31285.0,364.0,automatic,31900,Ciudad Real,13003,Ciudad Real,Ciudad Real
Infiniti,Q50,Eléctrico,31285.0,364.0,automatic,31900,Santiago de Compostela,15703,A Coruña,Santiago de Compostela
Infiniti,Q50,Eléctrico,31285.0,364.0,automatic,31900,Valdepeñas,13300,Ciudad Real,Valdepeñas
Infiniti,Q50,Eléctrico,31285.0,364.0,automatic,31900,Valdepeñas,13300,Ciudad Real,Valdepeñas
Infiniti,Q50,Eléctrico,31285.0,364.0,automatic,31900,Saladar,3700,Alicante,Saladar
Infiniti,Q50,Eléctrico,31285.0,364.0,automatic,31900,Mercado Parque Corredor del Henares,28850,Madrid,Mercado Parque Corredor del Henares
Infiniti,Q50,Eléctrico,31285.0,364.0,automatic,31900,Vigo,36214,Pontevedra,Vigo
Infiniti,Q50,Eléctrico,31285.0,364.0,automatic,31900,Granollers,8403,Barcelona,Granollers
Infiniti,Q50,Eléctrico,31285.0,364.0,automatic,31900,Sant Vicenç de Montalt,8394,Barcelona,Sant Vicenç de Montalt
Infiniti,Q50,Eléctrico,31285.0,364.0,automatic,31900,Murcia,30003,Murcia,Murcia
Infiniti,Q30,Diésel,56762.0,170.0,automatic,380,Barcelona,8007,Barcelona,Barcelona
Infiniti,Q30,Diésel,56762.0,170.0,automatic,425,Barcelona,8007,Barcelona,Barcelona
Infiniti,Q30,Diésel,56762.0,170.0,automatic,380,Barcelona,8009,Barcelona,Barcelona
Infiniti,Q30,Diésel,56762.0,170.0,automatic,425,Barcelona,8009,Barcelona,Barcelona
Infiniti,Q30,Diésel,114221.0,170.0,automatic,18990,Málaga,29005,Málaga,Málaga
Infiniti,Q30,Gasolina,24361.0,156.0,automatic,20590,Sevilla,41006,Sevilla,Sevilla
Infiniti,Q30,Gasolina,24361.0,156.0,automatic,20590,Valencia,46002,Valencia,Valencia
Infiniti,Q30,Gasolina,24361.0,156.0,automatic,20590,Torrejón de Ardoz,28850,Madrid,Torrejón de Ardoz
KIA,Ceed,Diésel,86000.0,136.0,manual,215,Madrid,28009,Madrid,Madrid
KIA,Ceed,Gasolina,98000.0,119.0,manual,316,Valencia,46005,Valencia,Valencia
KIA,Ceed,Gasolina,93000.0,119.0,manual,318,Barcelona,8009,Barcelona,Barcelona
Audi,Q2,Diésel,8000.0,116.0,manual,30500,Artatza,48940,Bizkaia,Artatza
Audi,Q2,Diésel,32000.0,116.0,manual,23990,Campamento,11314,Cádiz,Campamento
Audi,Q2,Diésel,49000.0,116.0,manual,23900,Valencia,46010,Valencia,Valencia
Audi,Q2,Diésel,71497.0,116.0,manual,8500,Xirivella,46950,Valencia,Xirivella
KIA,Ceed,Gasolina,129949.0,120.0,manual,12823,Santa Maria del Aguila,4710,Almería,Santa Maria del Aguila
KIA,Ceed,Gasolina,129949.0,120.0,manual,12823,Ciudad Real,13003,Ciudad Real,Ciudad Real
KIA,Ceed,Gasolina,37063.0,204.0,automatic,21735,Santa Maria del Aguila,4710,Almería,Santa Maria del Aguila
KIA,Ceed,Gasolina,37063.0,204.0,automatic,21735,Ciudad Real,13003,Ciudad Real,Ciudad Real
KIA,Ceed,Gasolina,129949.0,120.0,manual,12823,Santiago de Compostela,15703,A Coruña,Santiago de Compostela
KIA,Ceed,Gasolina,37063.0,204.0,automatic,21735,Santiago de Compostela,15703,A Coruña,Santiago de Compostela
Hyundai,i40,Diésel,117981.0,141.0,manual,15900,Valladolid,47004,Valladolid,Valladolid
Hyundai,i40,Diésel,166999.0,115.0,manual,9990,Colonia Pablo Iglesias,28520,Madrid,Colonia Pablo Iglesias
Hyundai,i40,Diésel,166999.0,115.0,manual,9990,Murcia,30005,Murcia,Murcia
Hyundai,i40,Diésel,166999.0,115.0,manual,9990,Bilbao,48004,Bizkaia,Bilbao
Hyundai,i40,Diésel,166999.0,115.0,manual,9990,Sevilla,41005,Sevilla,Sevilla
Mercedes-Benz,Viano,Diésel,370000.0,224.0,automatic,17900,Tarrega,25300,Lleida,Tarrega
Hyundai,i40,Diésel,166999.0,115.0,manual,9990,Málaga,29005,Málaga,Málaga
Hyundai,i40,Diésel,166999.0,115.0,manual,9990,Las Rozas de Madrid,28232,Madrid,Las Rozas de Madrid
Volkswagen,Taigo,Gasolina,10700.0,110.0,automatic,30100,Castello/Castellon de La Plana,12100,Castellón,Castello/Castellon de La Plana
Volkswagen,Taigo,Gasolina,10700.0,110.0,automatic,26800,Castello/Castellon de La Plana,12100,Castellón,Castello/Castellon de La Plana
Volkswagen,Lupo,Gasolina,195000.0,60.0,manual,2990,Málaga,29004,Málaga,Málaga
Hyundai,i30,Diésel,79257.0,90.0,manual,12420,Puerto de Sagunto,46520,Valencia,Puerto de Sagunto
Hyundai,i30,Diésel,79257.0,90.0,manual,12420,Torremolinos,29620,Málaga,Torremolinos
Hyundai,i30,Diésel,79257.0,90.0,manual,12420,Torremolinos,29620,Málaga,Torremolinos
Hyundai,i30,Diésel,79257.0,90.0,manual,12420,Torremolinos,29620,Málaga,Torremolinos
Hyundai,i30,Diésel,79257.0,90.0,manual,12420,Getafe,28906,Madrid,Getafe
Hyundai,i30,Diésel,79257.0,90.0,manual,12420,Las Rozas de Madrid,28232,Madrid,Las Rozas de Madrid
Suzuki,Ignis,Gasolina,36509.0,90.0,manual,10990,Sevilla,41005,Sevilla,Sevilla
Suzuki,Ignis,Gasolina,36509.0,90.0,manual,10990,Almería,4006,Almería,Almería
Suzuki,Ignis,Gasolina,36509.0,90.0,manual,10990,Bilbao,48004,Bizkaia,Bilbao
Suzuki,Ignis,Gasolina,36509.0,90.0,manual,10990,Granada,18005,Granada,Granada
Hyundai,i30,Diésel,79257.0,90.0,manual,12420,Collado Villalba,28400,Madrid,Collado Villalba
Hyundai,i30,Diésel,79257.0,90.0,manual,12420,Collado Villalba,28400,Madrid,Collado Villalba
Hyundai,i30,Diésel,79257.0,90.0,manual,12420,Colonia Pablo Iglesias,28520,Madrid,Colonia Pablo Iglesias
Hyundai,i30,Diésel,79257.0,90.0,manual,12420,Hidraulica Santillana,28770,Madrid,Hidraulica Santillana
Hyundai,i30,Diésel,79257.0,90.0,manual,12420,Albacete,2001,Albacete,Albacete
Audi,S3,Gasolina,145995.0,300.0,automatic,19990,Granada,18005,Granada,Granada
Audi,S3,Gasolina,131700.0,300.0,automatic,27300,León,24008,León,León
Suzuki,Ignis,Gasolina,36509.0,90.0,manual,10990,Valencia,46001,Valencia,Valencia
Hyundai,ix35,Diésel,169013.0,115.0,manual,13189,Santa Maria del Aguila,4710,Almería,Santa Maria del Aguila
Hyundai,ix35,Diésel,169013.0,115.0,manual,13189,Ciudad Real,13003,Ciudad Real,Ciudad Real
Suzuki,Grand Vitara XL-7,Diésel,235000.0,110.0,manual,4700,Badalona,8911,Barcelona,Badalona
Hyundai,ix35,Diésel,169013.0,115.0,manual,13189,Valdepeñas,13300,Ciudad Real,Valdepeñas
Hyundai,ix35,Diésel,169013.0,115.0,manual,13189,Valdepeñas,13300,Ciudad Real,Valdepeñas
Hyundai,ix35,Diésel,169013.0,115.0,manual,13189,Saladar,3700,Alicante,Saladar
Hyundai,ix35,Diésel,169013.0,115.0,manual,13189,Mercado Parque Corredor del Henares,28850,Madrid,Mercado Parque Corredor del Henares
Hyundai,ix35,Diésel,169013.0,115.0,manual,13189,Vigo,36214,Pontevedra,Vigo
Suzuki,Vitara,Gasolina,72253.0,140.0,manual,16490,Madrid,28021,Madrid,Madrid
Suzuki,Vitara,Gasolina,99001.0,111.0,manual,14490,Vigo,36211,Pontevedra,Vigo
Suzuki,Vitara,Gasolina,99001.0,111.0,manual,14490,Almería,4006,Almería,Almería
Suzuki,Baleno,Gasolina,75109.0,111.0,manual,12363,Santiago de Compostela,15703,A Coruña,Santiago de Compostela
Suzuki,Baleno,Gasolina,75109.0,111.0,manual,12363,Ciudad Real,13003,Ciudad Real,Ciudad Real
Hyundai,Kona,Gasolina,44455.0,120.0,manual,17825,Alzira,46600,Valencia,Alzira
Hyundai,Kona,Gasolina,44455.0,120.0,manual,17825,Alzira,46600,Valencia,Alzira
Hyundai,Kona,Gasolina,44455.0,120.0,manual,17825,Badajoz,6008,Badajoz,Badajoz
Hyundai,Kona,Gasolina,44455.0,120.0,manual,17825,Alcobendas,28100,Madrid,Alcobendas
Hyundai,Kona,Gasolina,44455.0,120.0,manual,17825,Hidraulica Santillana,28770,Madrid,Hidraulica Santillana
Suzuki,Baleno,Gasolina,75109.0,111.0,manual,12363,Sant Vicenç de Montalt,8394,Barcelona,Sant Vicenç de Montalt
Suzuki,Baleno,Gasolina,75109.0,111.0,manual,12363,Santa Maria del Aguila,4710,Almería,Santa Maria del Aguila
Suzuki,Baleno,Gasolina,75109.0,111.0,manual,12363,Olèrdola,8734,Barcelona,Olèrdola
Suzuki,Baleno,Gasolina,75109.0,111.0,manual,12363,Olèrdola,8734,Barcelona,Olèrdola
Audi,S5,Gasolina,165606.0,333.0,automatic,30990,Alicante,3010,Alicante,Alicante
Audi,S5,Gasolina,165606.0,333.0,automatic,30990,Alicante,3010,Murcia,Alicante
Audi,S5,Gasolina,165606.0,333.0,automatic,31990,Alicante,3010,Alicante,Alicante
Audi,S5,Gasolina,165606.0,333.0,automatic,31990,Alicante,3010,Murcia,Alicante
Suzuki,Jimny,Gasolina,17000.0,102.0,manual,25288,Torremolinos,29620,Málaga,Torremolinos
Suzuki,Jimny,Gasolina,17000.0,102.0,manual,25288,Torremolinos,29620,Málaga,Torremolinos
Suzuki,Jimny,Gasolina,17000.0,102.0,manual,25288,Torremolinos,29620,Málaga,Torremolinos
Suzuki,Jimny,Gasolina,90.0,85.0,manual,16500,Pontevedra,36164,Pontevedra,Pontevedra
Hyundai,BAYON,Gasolina,35589.0,100.0,manual,14485,Barcelona,8003,Barcelona,Barcelona
Hyundai,BAYON,Gasolina,25030.0,101.0,manual,17799,Madrid,28014,Madrid,Madrid
Hyundai,BAYON,Gasolina,25030.0,101.0,manual,17399,Madrid,28014,Madrid,Madrid
Hyundai,BAYON,Gasolina,25030.0,101.0,manual,17799,Barcelona,8007,Barcelona,Barcelona
Hyundai,BAYON,Gasolina,25030.0,101.0,manual,17399,Barcelona,8007,Barcelona,Barcelona
Hyundai,BAYON,Gasolina,23064.0,100.0,manual,20900,Fornells de la Selva,17458,Girona,Fornells de la Selva
Hyundai,BAYON,Gasolina,14038.0,84.0,manual,17500,Sant Boi de Llobregat,8830,Barcelona,Sant Boi de Llobregat
Audi,S5,Gasolina,165606.0,333.0,automatic,30990,Valencia,46001,Valencia,Valencia
Audi,S5,Gasolina,165606.0,333.0,automatic,31990,Valencia,46001,Valencia,Valencia
Audi,S5,Gasolina,165606.0,333.0,automatic,30990,Vigo,36211,Pontevedra,Vigo
Audi,S5,Gasolina,165606.0,333.0,automatic,31990,Vigo,36211,Pontevedra,Vigo
Subaru,XV,Gasolina,94820.0,115.0,manual,11799,Barcelona,8007,Barcelona,Barcelona
Subaru,XV,Gasolina,172653.0,150.0,automatic,16590,Las Rozas de Madrid,28232,Madrid,Las Rozas de Madrid
Subaru,XV,Gasolina,172653.0,150.0,automatic,16590,Madrid,28046,Madrid,Madrid
Subaru,XV,Gasolina,172653.0,150.0,automatic,16590,Leganés,28916,Madrid,Leganés
Subaru,XV,Gasolina,172653.0,150.0,automatic,16590,Alcobendas,28100,Madrid,Alcobendas
Audi,Q3,Diésel,109000.0,149.0,manual,308,Gandía,46701,Valencia,Gandía
Audi,Q3,Diésel,64000.0,149.0,manual,572,Madrid,28009,Madrid,Madrid
Audi,Q3,Diésel,112000.0,149.0,manual,301,Madrid,28009,Madrid,Madrid
Audi,Q3,Diésel,67000.0,149.0,manual,673,Sevilla,41018,Sevilla,Sevilla
Hyundai,BAYON,Gasolina,15.0,84.0,manual,19500,Huesca,22003,Huesca,Huesca
Hyundai,BAYON,Gasolina,15.0,84.0,manual,19500,Zaragoza,50008,Zaragoza,Zaragoza
BMW,X3,Diésel,159560.0,190.0,automatic,18990,Cáceres,10001,Cáceres,Cáceres
BMW,X3,Diésel,159560.0,190.0,automatic,18990,Badajoz,6003,Badajoz,Badajoz
BMW,X3,Diésel,144183.0,150.0,manual,10900,Alameda del Obispo,14005,Córdoba,Alameda del Obispo
Subaru,XV,Gasolina,10000.0,114.0,automatic,29900,Barcelona,8007,Barcelona,Barcelona
Audi,Q3,Diésel,171059.0,177.0,automatic,17500,Santa Maria del Aguila,4710,Almería,Santa Maria del Aguila
Audi,Q3,Diésel,171059.0,177.0,automatic,17500,Ciudad Real,13003,Ciudad Real,Ciudad Real
Audi,Q3,Diésel,171059.0,177.0,automatic,17500,Santiago de Compostela,15703,A Coruña,Santiago de Compostela
Audi,Q3,Diésel,171059.0,177.0,automatic,17500,Valdepeñas,13300,Ciudad Real,Valdepeñas
Audi,Q3,Diésel,171059.0,177.0,automatic,17500,Valdepeñas,13300,Ciudad Real,Valdepeñas
Subaru,Levorg,Gasolina,48000.0,170.0,automatic,20990,Palma de Mallorca,7003,Baleares,Palma de Mallorca
Subaru,Levorg,Gasolina,84127.0,170.0,automatic,23990,Sant Boi de Llobregat,8830,Barcelona,Sant Boi de Llobregat
Subaru,Levorg,Gasolina,48000.0,170.0,automatic,20990,Málaga,29005,Málaga,Málaga
Subaru,Justy,Gasolina,97000.0,70.0,manual,3999,Catarroja,46470,Valencia,Catarroja
Subaru,Justy,Gasolina,97000.0,70.0,manual,3999,Catarroja,46470,Valencia,Catarroja
Subaru,Justy,Gasolina,97000.0,70.0,manual,3999,Catarroja,46470,Valencia,Catarroja
Subaru,Justy,Gasolina,97000.0,70.0,manual,3999,Catarroja,46470,Valencia,Catarroja
Audi,A3,Diésel,239480.0,140.0,manual,7400,Fuenlabrada,28945,Madrid,Fuenlabrada
Audi,A3,Diésel,104137.0,140.0,manual,9990,Foz,27780,Lugo,Foz
Hyundai,Getz,Diésel,161000.0,66.0,manual,2990,Sevilla,41014,Sevilla,Sevilla
Hyundai,Getz,Diésel,161000.0,66.0,manual,2980,Sevilla,41014,Sevilla,Sevilla
Audi,A3,Diésel,145539.0,116.0,manual,17190,Madrid,28021,Madrid,Madrid
Audi,A3,Diésel,145539.0,116.0,manual,16290,Madrid,28021,Madrid,Madrid
Hyundai,Veloster,Gasolina,70000.0,186.0,manual,18500,Massanassa,46002,Valencia,Massanassa
Audi,Q5,Diésel,99950.0,149.0,manual,737,Barcelona,8007,Barcelona,Barcelona
Audi,Q5,Diésel,99950.0,149.0,manual,742,Sevilla,41018,Sevilla,Sevilla
Audi,Q5,Diésel,126602.0,163.0,automatic,27290,Madrid,28021,Madrid,Madrid
Hyundai,H350,Diésel,210000.0,150.0,manual,14490,Alcalá de Henares,28801,Madrid,Alcalá de Henares
Hyundai,i10,Gasolina,79396.0,87.0,manual,12638,Alameda del Obispo,14005,Córdoba,Alameda del Obispo
Hyundai,i10,Gasolina,79396.0,87.0,manual,12638,Zaragoza,50013,Zaragoza,Zaragoza
Audi,A8,Diésel,189000.0,233.0,automatic,9990,Poligono Los Villares Reina,37184,Salamanca,Poligono Los Villares Reina
Hyundai,IONIQ,Eléctrico,19258.0,141.0,automatic,26910,Santiago de Compostela,15703,A Coruña,Santiago de Compostela
Hyundai,IONIQ,Eléctrico,19258.0,141.0,automatic,26910,Alcobendas,28100,Madrid,Alcobendas
Hyundai,IONIQ,Eléctrico,19258.0,141.0,automatic,26910,Albacete,2001,Albacete,Albacete
Hyundai,IONIQ,Eléctrico,19258.0,141.0,automatic,26910,Castello/Castellon de La Plana,12100,Castellón,Castello/Castellon de La Plana
Hyundai,IONIQ,Eléctrico,19258.0,141.0,automatic,26910,Colonia Pablo Iglesias,28520,Madrid,Colonia Pablo Iglesias
Hyundai,IONIQ,Eléctrico,19258.0,141.0,automatic,26910,Las Rozas de Madrid,28232,Madrid,Las Rozas de Madrid
Subaru,WRX,Gasolina,110000.0,300.0,manual,32500,Manresa,8240,Barcelona,Manresa
Subaru,WRX,Gasolina,115000.0,300.0,manual,32500,Manresa,8240,Barcelona,Manresa
Subaru,Tribeca,Gasolina,200000.0,245.0,automatic,1999,Terrassa,8221,Barcelona,Terrassa
Hyundai,i20,Diésel,78578.0,90.0,manual,12950,Santa Maria del Aguila,4710,Almería,Santa Maria del Aguila
Hyundai,i20,Diésel,78578.0,90.0,manual,12950,Ciudad Real,13003,Ciudad Real,Ciudad Real
Hyundai,i20,Diésel,78578.0,90.0,manual,12950,Valdepeñas,13300,Ciudad Real,Valdepeñas
Hyundai,i20,Diésel,78578.0,90.0,manual,12950,Valdepeñas,13300,Ciudad Real,Valdepeñas
Hyundai,i20,Diésel,78578.0,90.0,manual,12950,Saladar,3700,Alicante,Saladar
Audi,A6,Diésel,179000.0,272.0,automatic,28990,Carbajosa de la Sagrada,37188,Salamanca,Carbajosa de la Sagrada
Audi,A6,Diésel,179000.0,272.0,automatic,28990,Carbajosa de la Sagrada,37188,Salamanca,Carbajosa de la Sagrada
Audi,A6,Diésel,179000.0,272.0,automatic,29990,Carbajosa de la Sagrada,37188,Salamanca,Carbajosa de la Sagrada
Audi,A6,Diésel,179000.0,272.0,automatic,29990,Carbajosa de la Sagrada,37188,Salamanca,Carbajosa de la Sagrada
Hyundai,i20,Diésel,78578.0,90.0,manual,12950,Mercado Parque Corredor del Henares,28850,Madrid,Mercado Parque Corredor del Henares
Hyundai,i20,Diésel,78578.0,90.0,manual,12950,Vigo,36214,Pontevedra,Vigo
Porsche,Boxster,Gasolina,185000.0,204.0,automatic,13999,Partida Altabix,3207,Alicante,Partida Altabix
Audi,A4 Allroad,Diésel,202000.0,150.0,manual,15500,Donostia-San Sebastián,20018,Gipuzkoa,Donostia-San Sebastián
Hyundai,Atos Prime,Gasolina,60000.0,59.0,automatic,4000,L'Hospitalet de Llobregat,8901,Barcelona,L'Hospitalet de Llobregat
Hyundai,Atos Prime,Gasolina,160000.0,63.0,manual,2300,Fuengirola,29640,Málaga,Fuengirola
Audi,A1,Gasolina,75000.0,95.0,manual,415,Barcelona,8009,Barcelona,Barcelona
Audi,A1,Diésel,22000.0,89.0,manual,484,Sevilla,41018,Sevilla,Sevilla
Audi,A1,Diésel,145471.0,90.0,manual,14087,Santa Maria del Aguila,4710,Almería,Santa Maria del Aguila
Audi,A1,Diésel,145471.0,90.0,manual,14087,Ciudad Real,13003,Ciudad Real,Ciudad Real
Audi,A1,Diésel,145471.0,90.0,manual,14087,Santiago de Compostela,15703,A Coruña,Santiago de Compostela
Audi,A1,Diésel,117350.0,90.0,manual,15290,Madrid,28021,Madrid,Madrid
Audi,A1,Diésel,145471.0,90.0,manual,14087,Valdepeñas,13300,Ciudad Real,Valdepeñas
Audi,A1,Diésel,145471.0,90.0,manual,14087,Valdepeñas,13300,Ciudad Real,Valdepeñas
Peugeot,Partner,Diésel,85000.0,102.0,manual,223,Barcelona,8007,Barcelona,Barcelona
Peugeot,Partner,Diésel,85000.0,102.0,manual,299,Madrid,28006,Madrid,Madrid
Peugeot,Partner,Diésel,157147.0,98.0,manual,14938,Santa Maria del Aguila,4710,Almería,Santa Maria del Aguila
Peugeot,Partner,Diésel,157147.0,98.0,manual,14938,Ciudad Real,13003,Ciudad Real,Ciudad Real
Peugeot,Partner,Diésel,157147.0,98.0,manual,14938,Santiago de Compostela,15703,A Coruña,Santiago de Compostela
Peugeot,Partner,Diésel,157147.0,98.0,manual,14938,Valdepeñas,13300,Ciudad Real,Valdepeñas
Peugeot,Partner,Diésel,157147.0,98.0,manual,14938,Valdepeñas,13300,Ciudad Real,Valdepeñas
Peugeot,Partner,Diésel,143323.0,75.0,manual,10900,Valladolid,47004,Valladolid,Valladolid
Peugeot,Partner,Diésel,157147.0,98.0,manual,14938,Saladar,3700,Alicante,Saladar
Audi,S4,Gasolina,126000.0,333.0,manual,13999,Alcobendas,28100,Madrid,Alcobendas
Porsche,Macan,Diésel,115000.0,258.0,automatic,39999,Las Rozas de Madrid,28232,Madrid,Las Rozas de Madrid
BMW,X3,Diésel,144183.0,150.0,manual,10900,Alcobendas,28100,Madrid,Alcobendas
BMW,X3,Diésel,163454.0,190.0,automatic,21850,Alameda del Obispo,14005,Córdoba,Alameda del Obispo
Porsche,Macan,Diésel,168000.0,258.0,automatic,36300,Logroño,26001,La Rioja,Logroño
Peugeot,Traveller,Diésel,59963.0,120.0,manual,25990,Almería,4006,Almería,Almería
Peugeot,Traveller,Diésel,59963.0,120.0,manual,24990,Almería,4006,Almería,Almería
Peugeot,Traveller,Diésel,59963.0,120.0,manual,25990,Alicante,3010,Alicante,Alicante
Peugeot,Traveller,Diésel,59963.0,120.0,manual,25990,Alicante,3010,Murcia,Alicante
Peugeot,Traveller,Diésel,59963.0,120.0,manual,24990,Alicante,3010,Alicante,Alicante
Peugeot,Traveller,Diésel,59963.0,120.0,manual,24990,Alicante,3010,Murcia,Alicante
Peugeot,Traveller,Diésel,59963.0,120.0,manual,25990,Vigo,36211,Pontevedra,Vigo
Peugeot,Traveller,Diésel,59963.0,120.0,manual,24990,Vigo,36211,Pontevedra,Vigo
Peugeot,Traveller,Diésel,59963.0,120.0,manual,25990,Granada,18005,Granada,Granada
Peugeot,Traveller,Diésel,59963.0,120.0,manual,24990,Granada,18005,Granada,Granada
Peugeot,Traveller,Diésel,59963.0,120.0,manual,25990,Murcia,30005,Murcia,Murcia
Peugeot,Traveller,Diésel,59963.0,120.0,manual,24990,Murcia,30005,Murcia,Murcia
Peugeot,Traveller,Diésel,59963.0,120.0,manual,25990,Bilbao,48004,Bizkaia,Bilbao
Peugeot,Traveller,Diésel,59963.0,120.0,manual,24990,Bilbao,48004,Bizkaia,Bilbao
Peugeot,Bipper,Diésel,232130.0,68.0,manual,7900,Málaga,29006,Málaga,Málaga
Peugeot,Bipper,Diésel,67019.0,75.0,manual,167,Alcalá de Guadaíra,41500,Sevilla,Alcalá de Guadaíra
Peugeot,Bipper,Diésel,67019.0,75.0,manual,181,Alcalá de Guadaíra,41500,Sevilla,Alcalá de Guadaíra
Peugeot,Bipper,Diésel,67000.0,75.0,manual,9450,Málaga,29006,Málaga,Málaga
Peugeot,Bipper,Diésel,67019.0,75.0,manual,9450,Antequera,29200,Málaga,Antequera
Mercedes-Benz,Citan,Diésel,163000.0,110.0,manual,12990,Utrera,41710,Sevilla,Utrera
Peugeot,108,Gasolina,39469.0,72.0,manual,12592,Santa Maria del Aguila,4710,Almería,Santa Maria del Aguila
Peugeot,108,Gasolina,39469.0,72.0,manual,12592,Santiago de Compostela,15703,A Coruña,Santiago de Compostela
Peugeot,108,Gasolina,39469.0,72.0,manual,12592,Saladar,3700,Alicante,Saladar
Peugeot,108,Gasolina,39469.0,72.0,manual,12592,Vigo,36214,Pontevedra,Vigo
Peugeot,108,Gasolina,39469.0,72.0,manual,12592,Murcia,30003,Murcia,Murcia
Peugeot,108,Gasolina,39469.0,72.0,manual,12592,Olèrdola,8734,Barcelona,Olèrdola
Peugeot,108,Gasolina,39469.0,72.0,manual,12592,Olèrdola,8734,Barcelona,Olèrdola
Peugeot,5008,Diésel,165000.0,112.0,automatic,7900,Vilanova i la Geltrú,8800,Barcelona,Vilanova i la Geltrú
Peugeot,5008,Gasolina,107000.0,130.0,manual,501,Valencia,46005,Valencia,Valencia
Mercedes-Benz,GL,Diésel,149000.0,211.0,automatic,25900,Cornella de Llobregat,8940,Barcelona,Cornella de Llobregat
Peugeot,5008,Gasolina,107000.0,130.0,manual,280,Gandía,46701,Valencia,Gandía
Peugeot,5008,Diésel,73623.0,130.0,automatic,23990,Madrid,28021,Madrid,Madrid
Peugeot,5008,Diésel,73623.0,130.0,automatic,24190,Madrid,28021,Madrid,Madrid
Peugeot,5008,Gasolina,61845.0,130.0,manual,22490,Almería,4006,Almería,Almería
Peugeot,5008,Diésel,137000.0,150.0,manual,20990,Almería,4006,Almería,Almería
Peugeot,5008,Diésel,162258.0,120.0,automatic,16990,Almería,4006,Almería,Almería
Peugeot,5008,Diésel,137000.0,150.0,manual,20990,Toledo,45002,Toledo,Toledo
Mercedes-Benz,Clase CLC,Diésel,112242.0,150.0,automatic,10990,Valdepeñas,13300,Ciudad Real,Valdepeñas
Mercedes-Benz,Clase CLC,Diésel,112242.0,150.0,automatic,10990,Valdepeñas,13300,Ciudad Real,Valdepeñas
Mercedes-Benz,Clase CLC,Diésel,112242.0,150.0,automatic,10990,Saladar,3700,Alicante,Saladar
Mercedes-Benz,Clase CLC,Diésel,112242.0,150.0,automatic,10990,Vigo,36214,Pontevedra,Vigo
Mercedes-Benz,Clase CLC,Diésel,112242.0,150.0,automatic,10990,Sant Vicenç de Montalt,8394,Barcelona,Sant Vicenç de Montalt
Peugeot,Rifter,Diésel,69779.0,100.0,manual,21990,Madrid,28021,Madrid,Madrid
Mercedes-Benz,Clase CLC,Diésel,112242.0,150.0,automatic,10990,Murcia,30003,Murcia,Murcia
Mercedes-Benz,Clase CLC,Diésel,112242.0,150.0,automatic,10990,Olèrdola,8734,Barcelona,Olèrdola
Mercedes-Benz,Clase CLC,Diésel,112242.0,150.0,automatic,10990,Olèrdola,8734,Barcelona,Olèrdola
Mercedes-Benz,Clase CLC,Diésel,112242.0,150.0,automatic,10990,Atarrabia,31610,Navarra,Atarrabia
Mercedes-Benz,Clase CLC,Diésel,112242.0,150.0,automatic,10990,Alameda del Obispo,14005,Córdoba,Alameda del Obispo
Peugeot,Rifter,Diésel,110200.0,131.0,manual,386,Bormujos,41840,Sevilla,Bormujos
Peugeot,Rifter,Diésel,110200.0,131.0,manual,448,Bormujos,41840,Sevilla,Bormujos
Peugeot,Rifter,Gasolina,73448.0,130.0,automatic,26490,Oviedo,33003,Asturias,Oviedo
Peugeot,Rifter,Diésel,41151.0,130.0,manual,28900,Mataró,8302,Barcelona,Mataró
Peugeot,4008,Diésel,135253.0,150.0,manual,11899,Madrid,28014,Madrid,Madrid
Peugeot,4008,Diésel,135253.0,150.0,manual,11899,Barcelona,8007,Barcelona,Barcelona
Peugeot,4008,Diésel,189600.0,150.0,manual,12999,Villanueva de la Serena,6700,Badajoz,Villanueva de la Serena
Peugeot,4008,Diésel,120093.0,115.0,manual,13690,Valencia,46002,Valencia,Valencia
Peugeot,4008,Diésel,120093.0,115.0,manual,14890,Gijón,33206,Asturias,Gijón
Mercedes-Benz,GLA,Diésel,160000.0,136.0,manual,18800,La Escucha,30813,Murcia,La Escucha
Mercedes-Benz,GLA,Diésel,50500.0,136.0,automatic,27900,Barcelona,8021,Barcelona,Barcelona
Peugeot,4008,Diésel,120093.0,115.0,manual,13690,Sevilla,41006,Sevilla,Sevilla
Peugeot,4008,Diésel,120093.0,115.0,manual,13690,Sant Boi de Llobregat,8830,Barcelona,Sant Boi de Llobregat
Peugeot,4008,Diésel,120093.0,115.0,manual,13690,Torrejón de Ardoz,28850,Madrid,Torrejón de Ardoz
Peugeot,307,Diésel,140000.0,136.0,manual,6700,Verín,32600,Ourense,Verín
Audi,A4,Gasolina,148390.0,180.0,manual,10990,Ciudad Real,13003,Ciudad Real,Ciudad Real
Audi,A4,Gasolina,148390.0,180.0,manual,10990,Santiago de Compostela,15703,A Coruña,Santiago de Compostela
Audi,A4,Gasolina,148390.0,180.0,manual,10990,Valdepeñas,13300,Ciudad Real,Valdepeñas
Audi,A4,Gasolina,148390.0,180.0,manual,10990,Valdepeñas,13300,Ciudad Real,Valdepeñas
Audi,Q7,Diésel,147600.0,218.0,automatic,29680,Valencia,46001,Valencia,Valencia
Peugeot,4007,Diésel,133000.0,156.0,manual,11495,Torrent,46900,Valencia,Torrent
Peugeot,308,Diésel,119000.0,130.0,manual,312,Barcelona,8007,Barcelona,Barcelona
Peugeot,308,Diésel,119000.0,130.0,manual,208,Gandía,46701,Valencia,Gandía
Peugeot,308,Diésel,108000.0,130.0,manual,328,Valencia,46005,Valencia,Valencia
Peugeot,308,Diésel,114000.0,149.0,manual,455,Barcelona,8009,Barcelona,Barcelona
Peugeot,308,Diésel,119000.0,130.0,manual,316,Barcelona,8009,Barcelona,Barcelona
Peugeot,e-2008,Eléctrico,5000.0,136.0,automatic,35900,Vilanova i la Geltrú,8800,Barcelona,Vilanova i la Geltrú
Peugeot,e-2008,Eléctrico,30481.0,136.0,automatic,29900,Alcalá de Guadaíra,41500,Sevilla,Alcalá de Guadaíra
Audi,RS Q3,Gasolina,160000.0,310.0,automatic,28500,Rubians,36619,Pontevedra,Rubians
Mercedes-Benz,Clase CLA,Diésel,43700.0,136.0,manual,23500,Málaga,29006,Málaga,Málaga
Mercedes-Benz,Clase CLA,Diésel,43700.0,136.0,manual,23500,Antequera,29200,Málaga,Antequera
Mercedes-Benz,Clase CLA,Diésel,134450.0,136.0,automatic,24200,Parga,27305,Lugo,Parga
Peugeot,RCZ,Gasolina,75000.0,156.0,automatic,17900,Palamós,17230,Girona,Palamós
Peugeot,RCZ,Gasolina,94693.0,200.0,manual,18990,Madrid,28046,Madrid,Madrid
Peugeot,RCZ,Diésel,145689.0,163.0,manual,12990,Badajoz,6008,Badajoz,Badajoz
Peugeot,e-208,Eléctrico,35891.0,136.0,automatic,29250,Hidraulica Santillana,28770,Madrid,Hidraulica Santillana
Peugeot,e-208,Eléctrico,35891.0,136.0,automatic,29250,Santafe,18320,Granada,Santafe
Peugeot,208,Diésel,179668.0,92.0,manual,9190,Lebrija,41740,Sevilla,Lebrija
Peugeot,208,Diésel,160384.0,92.0,manual,9300,Lebrija,41740,Sevilla,Lebrija
Peugeot,208,Diésel,145614.0,92.0,manual,9500,Lebrija,41740,Sevilla,Lebrija
Peugeot,208,Diésel,79000.0,74.0,manual,164,Barcelona,8007,Barcelona,Barcelona
Peugeot,208,Diésel,79000.0,74.0,manual,306,Madrid,28006,Madrid,Madrid
Peugeot,208,Diésel,55460.0,100.0,manual,13990,Madrid,28021,Madrid,Madrid
Peugeot,208,Gasolina,15361.0,100.0,automatic,21250,Torremolinos,29620,Málaga,Torremolinos
Peugeot,208,Gasolina,15361.0,100.0,automatic,21250,Torremolinos,29620,Málaga,Torremolinos
Peugeot,208,Gasolina,15361.0,100.0,automatic,21250,Torremolinos,29620,Málaga,Torremolinos
Peugeot,208,Diésel,74044.0,99.0,manual,10990,Almería,4006,Almería,Almería
Peugeot,208,Gasolina,38640.0,110.0,automatic,11990,Almería,4006,Almería,Almería
Peugeot,e-Rifter,Eléctrico,1.0,136.0,automatic,35190,Leganés,28914,Madrid,Leganés
Peugeot,e-Rifter,Eléctrico,1.0,136.0,automatic,33400,Leganés,28914,Madrid,Leganés
Peugeot,e-Rifter,Diésel,172280.0,100.0,manual,22869,O Rio Da Ucha,36634,Pontevedra,O Rio Da Ucha
Peugeot,2008,Gasolina,2000.0,100.0,manual,23990,Ajalvir,28864,Madrid,Ajalvir
Peugeot,2008,Diésel,99950.0,99.0,manual,385,Sevilla,41018,Sevilla,Sevilla
Peugeot,2008,Diésel,86000.0,99.0,manual,330,Sevilla,41018,Sevilla,Sevilla
Peugeot,2008,Diésel,99950.0,99.0,manual,381,Barcelona,8007,Barcelona,Barcelona
Peugeot,2008,Diésel,86000.0,99.0,manual,217,Barcelona,8007,Barcelona,Barcelona
Peugeot,2008,Diésel,89000.0,100.0,manual,355,Barcelona,8007,Barcelona,Barcelona
Peugeot,406,Gasolina,204090.0,117.0,manual,1490,Madrid,28026,Madrid,Madrid
Peugeot,406,Gasolina,220000.0,194.0,manual,3500,La Puebla de Alfindén,50171,Zaragoza,La Puebla de Alfindén
Peugeot,Boxer,Diésel,222070.0,100.0,manual,8500,Murcia,30151,Murcia,Murcia
Peugeot,508,Diésel,59000.0,119.0,manual,377,Barcelona,8009,Barcelona,Barcelona
Peugeot,508,Diésel,70751.0,115.0,automatic,11990,Olèrdola,8734,Barcelona,Olèrdola
Peugeot,508,Diésel,70751.0,115.0,automatic,11990,Olèrdola,8734,Barcelona,Olèrdola
Peugeot,508,Diésel,70751.0,115.0,automatic,11990,Mercado Parque Corredor del Henares,28850,Madrid,Mercado Parque Corredor del Henares
Peugeot,508,Diésel,131854.0,180.0,automatic,14490,Toledo,45002,Toledo,Toledo
Peugeot,508,Diésel,142000.0,180.0,automatic,15690,Barcelona,8007,Barcelona,Barcelona
BMW,Z4,Gasolina,146000.0,231.0,manual,12500,Sedaví,46910,Valencia,Sedaví
BMW,Z4,Gasolina,146000.0,231.0,manual,12500,Sedaví,46910,Valencia,Sedaví
BMW,Z4,Gasolina,146000.0,231.0,manual,12500,Sedaví,46910,Valencia,Sedaví
BMW,Z4,Gasolina,146000.0,231.0,manual,12500,Sedaví,46910,Valencia,Sedaví
Peugeot,1007,Diésel,97000.0,70.0,manual,3490,Ávila,5001,Ávila,Ávila
Peugeot,3008,Diésel,99950.0,130.0,manual,512,Sevilla,41018,Sevilla,Sevilla
Peugeot,3008,Diésel,115000.0,130.0,manual,473,Sevilla,41018,Sevilla,Sevilla
Peugeot,Expert,Diésel,82087.0,95.0,manual,23500,Sant Boi de Llobregat,8830,Barcelona,Sant Boi de Llobregat
Peugeot,407,Gasolina,150327.0,163.0,automatic,2590,Madrid,28026,Madrid,Madrid
Mazda,MX-30,Eléctrico,7464.0,146.0,automatic,28500,Santa Coloma de Gramenet,8921,Barcelona,Santa Coloma de Gramenet
Mazda,MX-30,Eléctrico,4736.0,145.0,automatic,23990,Sant Boi de Llobregat,8830,Barcelona,Sant Boi de Llobregat
Mazda,MX-30,Eléctrico,4736.0,145.0,automatic,23990,Sevilla,41006,Sevilla,Sevilla
Mazda,MX-30,Eléctrico,4736.0,145.0,automatic,23990,Torrejón de Ardoz,28850,Madrid,Torrejón de Ardoz
Mazda,MX-30,Eléctrico,4736.0,145.0,automatic,23990,Valencia,46002,Valencia,Valencia
Mazda,MX-30,Eléctrico,17000.0,121.0,automatic,26495,San Fernando de Henares,28830,Madrid,San Fernando de Henares
Mazda,MX-5,Gasolina,116753.0,146.0,manual,10990,Mercado Parque Corredor del Henares,28850,Madrid,Mercado Parque Corredor del Henares
Mazda,MX-5,Gasolina,116753.0,146.0,manual,10990,Valdepeñas,13300,Ciudad Real,Valdepeñas
Mazda,MX-5,Gasolina,116753.0,146.0,manual,10990,Valdepeñas,13300,Ciudad Real,Valdepeñas
Mazda,MX-5,Gasolina,116753.0,146.0,manual,10990,Sant Vicenç de Montalt,8394,Barcelona,Sant Vicenç de Montalt
Mazda,MX-5,Gasolina,116753.0,146.0,manual,10990,Santa Maria del Aguila,4710,Almería,Santa Maria del Aguila
Mazda,MX-5,Gasolina,116753.0,146.0,manual,10990,Alameda del Obispo,14005,Córdoba,Alameda del Obispo
Mazda,CX-5,Diésel,109000.0,150.0,automatic,16299,Vega Santa Maria,23700,Jaén,Vega Santa Maria
Mazda,CX-5,Diésel,94452.0,150.0,manual,20200,Torremolinos,29620,Málaga,Torremolinos
Mazda,CX-5,Diésel,94452.0,150.0,manual,20200,Torremolinos,29620,Málaga,Torremolinos
Mazda,CX-5,Diésel,94452.0,150.0,manual,20200,Torremolinos,29620,Málaga,Torremolinos
Mazda,CX-5,Diésel,233965.0,150.0,automatic,9990,Almería,4006,Almería,Almería
Mazda,CX-5,Diésel,94452.0,150.0,manual,20200,Olèrdola,8734,Barcelona,Olèrdola
Mazda,CX-5,Diésel,94452.0,150.0,manual,20200,Olèrdola,8734,Barcelona,Olèrdola
Mazda,CX-5,Diésel,94452.0,150.0,manual,20200,Mercado Parque Corredor del Henares,28850,Madrid,Mercado Parque Corredor del Henares
Mazda,CX-30,Gasolina,43589.0,122.0,manual,24955,Santiago de Compostela,15703,A Coruña,Santiago de Compostela
Mazda,CX-30,Gasolina,43589.0,122.0,manual,24955,Mercado Parque Corredor del Henares,28850,Madrid,Mercado Parque Corredor del Henares
Mahindra,XUV 500,Diésel,25500.0,140.0,manual,16599,Reus,43202,Tarragona,Reus
Mahindra,XUV 500,Diésel,25500.0,140.0,manual,15499,Reus,43202,Tarragona,Reus
Mazda,2,Gasolina,76622.0,75.0,manual,5985,Barcelona,8003,Barcelona,Barcelona
Mazda,Xedos 9,Gasolina,300000.0,163.0,automatic,2490,Revilla de Camargo,39600,Cantabria,Revilla de Camargo
Mazda,MPV,Gasolina,247.0,122.0,manual,3500,Kukullaga,48450,Bizkaia,Kukullaga
Mazda,CX-9,Gasolina,67468.0,273.0,automatic,20680,Sant Vicenç de Montalt,8394,Barcelona,Sant Vicenç de Montalt
Mazda,CX-9,Gasolina,67468.0,273.0,automatic,20680,Alicante,3007,Alicante,Alicante
Mazda,CX-9,Gasolina,67468.0,273.0,automatic,20680,Alcalá de Guadaíra,41500,Sevilla,Alcalá de Guadaíra
Mazda,CX-9,Gasolina,67468.0,273.0,automatic,20680,Puerto de Sagunto,46520,Valencia,Puerto de Sagunto
Mazda,CX-3,Gasolina,46602.0,120.0,manual,18299,Madrid,28014,Madrid,Madrid
Mazda,CX-3,Diésel,99463.0,105.0,automatic,13990,Granada,18005,Granada,Granada
Mazda,323,Diésel,351933.0,100.0,manual,870,Madrid,28026,Madrid,Madrid
Mazda,3,Gasolina,56787.0,120.0,manual,15990,Almería,4006,Almería,Almería
Mazda,3,Gasolina,56787.0,120.0,manual,15990,Toledo,45002,Toledo,Toledo
Mazda,3,Diésel,124535.0,105.0,manual,14499,Madrid,28014,Madrid,Madrid
Mazda,3,Diésel,124535.0,105.0,manual,14499,Barcelona,8007,Barcelona,Barcelona
Mazda,3,Gasolina,56787.0,120.0,manual,15990,Alicante,3010,Alicante,Alicante
Mazda,3,Gasolina,56787.0,120.0,manual,15990,Alicante,3010,Murcia,Alicante
Mazda,3,Gasolina,56787.0,120.0,manual,15990,Vigo,36211,Pontevedra,Vigo
Mazda,3,Gasolina,56787.0,120.0,manual,15990,Granada,18005,Granada,Granada
Citroen,Berlingo,Diésel,110000.0,75.0,manual,253,Barcelona,8009,Barcelona,Barcelona
Citroen,Berlingo,Diésel,151700.0,75.0,manual,10990,Málaga,29005,Málaga,Málaga
Volkswagen,ID.3,Eléctrico,29864.0,204.0,automatic,34900,Camas,41900,Sevilla,Camas
Volkswagen,ID.3,Eléctrico,29864.0,204.0,automatic,33500,Camas,41900,Sevilla,Camas
Volkswagen,ID.3,Eléctrico,45714.0,204.0,automatic,38500,Camas,41900,Sevilla,Camas
Volkswagen,ID.3,Eléctrico,45714.0,204.0,automatic,36500,Camas,41900,Sevilla,Camas
Volkswagen,ID.3,Eléctrico,35999.0,204.0,automatic,33900,Madrid,28032,Madrid,Madrid
Volkswagen,ID.3,Eléctrico,19999.0,145.0,automatic,33500,Madrid,28032,Madrid,Madrid
Volkswagen,ID.3,Eléctrico,28000.0,204.0,automatic,36900,Castello/Castellon de La Plana,12100,Castellón,Castello/Castellon de La Plana
Volkswagen,ID.3,Eléctrico,29999.0,204.0,automatic,31990,Granada,18005,Granada,Granada
Volkswagen,ID.3,Eléctrico,29999.0,204.0,automatic,30990,Granada,18005,Granada,Granada
Volkswagen,Passat,Diésel,115012.0,150.0,automatic,20490,Lebrija,41740,Sevilla,Lebrija
Volkswagen,Passat,Diésel,117000.0,149.0,manual,240,Gandía,46701,Valencia,Gandía
Volkswagen,Scirocco,Gasolina,115637.0,200.0,automatic,12900,Santa Maria del Aguila,4710,Almería,Santa Maria del Aguila
Volkswagen,Scirocco,Gasolina,115637.0,200.0,automatic,12900,Ciudad Real,13003,Ciudad Real,Ciudad Real
Volkswagen,Scirocco,Gasolina,115637.0,200.0,automatic,12900,Santiago de Compostela,15703,A Coruña,Santiago de Compostela
Volkswagen,Scirocco,Gasolina,115637.0,200.0,automatic,12900,Valdepeñas,13300,Ciudad Real,Valdepeñas
Volkswagen,Scirocco,Gasolina,115637.0,200.0,automatic,12900,Valdepeñas,13300,Ciudad Real,Valdepeñas
Volkswagen,Scirocco,Gasolina,115637.0,200.0,automatic,12900,Saladar,3700,Alicante,Saladar
Volkswagen,Scirocco,Gasolina,115637.0,200.0,automatic,12900,Vigo,36214,Pontevedra,Vigo
Volkswagen,Scirocco,Gasolina,115637.0,200.0,automatic,12900,Sant Vicenç de Montalt,8394,Barcelona,Sant Vicenç de Montalt
Volkswagen,Scirocco,Gasolina,115637.0,200.0,automatic,12900,Murcia,30003,Murcia,Murcia
Volkswagen,Scirocco,Gasolina,115637.0,200.0,automatic,12900,Olèrdola,8734,Barcelona,Olèrdola
Volkswagen,Scirocco,Gasolina,115637.0,200.0,automatic,12900,Olèrdola,8734,Barcelona,Olèrdola
Volkswagen,Jetta,Diésel,108981.0,110.0,manual,8990,Estepona,29680,Málaga,Estepona
Volkswagen,Jetta,Gasolina,32468.0,160.0,manual,13990,Leganés,28915,Madrid,Leganés
Volkswagen,Beetle,Diésel,29112.0,105.0,manual,14900,Santa Maria del Aguila,4710,Almería,Santa Maria del Aguila
Volkswagen,Beetle,Diésel,29112.0,105.0,manual,14900,Ciudad Real,13003,Ciudad Real,Ciudad Real
Volkswagen,Beetle,Diésel,29112.0,105.0,manual,14900,Santiago de Compostela,15703,A Coruña,Santiago de Compostela
Volkswagen,Beetle,Diésel,29112.0,105.0,manual,14900,Valdepeñas,13300,Ciudad Real,Valdepeñas
Volkswagen,Beetle,Diésel,29112.0,105.0,manual,14900,Valdepeñas,13300,Ciudad Real,Valdepeñas
Volkswagen,Beetle,Diésel,29112.0,105.0,manual,14900,Saladar,3700,Alicante,Saladar
Volkswagen,Beetle,Diésel,29112.0,105.0,manual,14900,Mercado Parque Corredor del Henares,28850,Madrid,Mercado Parque Corredor del Henares
Volkswagen,Beetle,Diésel,29112.0,105.0,manual,14900,Sant Vicenç de Montalt,8394,Barcelona,Sant Vicenç de Montalt
Volkswagen,Beetle,Diésel,29112.0,105.0,manual,14900,Murcia,30003,Murcia,Murcia
Volkswagen,Arteon,Diésel,133524.0,190.0,automatic,27990,Madrid,28021,Madrid,Madrid
Volkswagen,Arteon,Diésel,133524.0,190.0,automatic,27490,Madrid,28021,Madrid,Madrid
Volkswagen,Arteon,Diésel,43500.0,150.0,automatic,29990,Almería,4006,Almería,Almería
Volkswagen,Arteon,Diésel,43500.0,150.0,automatic,29990,Alicante,3010,Alicante,Alicante
Volkswagen,Arteon,Diésel,43500.0,150.0,automatic,29990,Alicante,3010,Murcia,Alicante
Ford,Focus Vignale,Diésel,73000.0,120.0,manual,21999,Málaga,29010,Málaga,Málaga
Ford,Focus Vignale,Diésel,73000.0,120.0,manual,21999,Málaga,29010,Málaga,Málaga
Volkswagen,Eos,Diésel,110810.0,140.0,automatic,12599,Sant Vicenç de Montalt,8394,Barcelona,Sant Vicenç de Montalt
Mercedes-Benz,SL,Gasolina,130600.0,245.0,automatic,14500,Las Rozas de Madrid,28232,Madrid,Las Rozas de Madrid
Volkswagen,Touran,Diésel,109000.0,115.0,manual,458,Valencia,46005,Valencia,Valencia
Volkswagen,Touran,Diésel,119149.0,115.0,automatic,17990,Alicante,3010,Alicante,Alicante
Volkswagen,Touran,Diésel,119149.0,115.0,automatic,17990,Alicante,3010,Murcia,Alicante
Volkswagen,Touran,Diésel,119149.0,115.0,automatic,17990,Almería,4006,Almería,Almería
Volkswagen,Passat Alltrack,Diésel,110315.0,190.0,automatic,26875,Las Rozas de Madrid,28232,Madrid,Las Rozas de Madrid
Volkswagen,Passat Alltrack,Diésel,116569.0,190.0,automatic,24495,Zaragoza,50017,Zaragoza,Zaragoza
Citroen,AMI,Eléctrico,1.0,8.0,automatic,7589,Móstoles,28934,Madrid,Móstoles
Volkswagen,Passat Alltrack,Diésel,213000.0,240.0,manual,17900,La Borbolla,33820,Asturias,La Borbolla
Volkswagen,Passat Alltrack,Diésel,85000.0,240.0,automatic,33200,Ciudad Deportiva del Jarama,28709,Madrid,Ciudad Deportiva del Jarama
Volkswagen,Tiguan Allspace,Gasolina,69409.0,180.0,automatic,35900,Ciudad Real,13003,Ciudad Real,Ciudad Real
Volkswagen,Tiguan Allspace,Diésel,79000.0,149.0,manual,386,Barcelona,8007,Barcelona,Barcelona
Volkswagen,Tiguan Allspace,Diésel,113000.0,149.0,manual,652,Madrid,28006,Madrid,Madrid
Volkswagen,Tiguan Allspace,Diésel,105844.0,190.0,automatic,31990,Madrid,28046,Madrid,Madrid
Volkswagen,Tiguan Allspace,Gasolina,93000.0,179.0,automatic,30500,Pedralba,46164,Valencia,Pedralba
Volkswagen,Tiguan Allspace,Gasolina,93000.0,179.0,automatic,30499,Pedralba,46164,Valencia,Pedralba
Volkswagen,Caddy,Diésel,98841.0,102.0,manual,20899,Cerdanyola del Vallès,8290,Barcelona,Cerdanyola del Vallès
Volkswagen,Caddy,Diésel,12294.0,102.0,manual,26899,Barcelona,8007,Barcelona,Barcelona
Volkswagen,Caddy,Diésel,12294.0,102.0,manual,26899,Madrid,28014,Madrid,Madrid
Volkswagen,Golf,Gasolina,111000.0,130.0,manual,451,Valencia,46005,Valencia,Valencia
Volkswagen,Polo,Gasolina,66000.0,95.0,manual,387,Barcelona,8009,Barcelona,Barcelona
Volkswagen,Polo,Gasolina,95706.0,90.0,manual,13490,Santa Maria del Aguila,4710,Almería,Santa Maria del Aguila
Volkswagen,Polo,Gasolina,95706.0,90.0,manual,13490,Ciudad Real,13003,Ciudad Real,Ciudad Real
Volkswagen,CC,Diésel,96000.0,140.0,manual,15690,Barcelona,8007,Barcelona,Barcelona
Volkswagen,T-Cross,Gasolina,87000.0,95.0,manual,221,Barcelona,8007,Barcelona,Barcelona
Volkswagen,T-Cross,Gasolina,87000.0,95.0,manual,408,Barcelona,8007,Barcelona,Barcelona
Volkswagen,T-Cross,Gasolina,87000.0,95.0,manual,221,Gandía,46701,Valencia,Gandía
Volkswagen,T-Cross,Gasolina,58236.0,116.0,manual,21999,Madrid,28014,Madrid,Madrid
Volkswagen,T-Cross,Gasolina,58236.0,116.0,manual,21999,Barcelona,8007,Barcelona,Barcelona
Volkswagen,T-Cross,Gasolina,99950.0,95.0,manual,402,Madrid,28006,Madrid,Madrid
Volkswagen,Multivan,Diésel,175000.0,180.0,manual,24999,Zaragoza,50009,Zaragoza,Zaragoza
BMW,X2,Gasolina,86263.0,192.0,automatic,28990,Valencia,46001,Valencia,Valencia
BMW,X2,Gasolina,86263.0,192.0,automatic,28990,Alicante,3010,Alicante,Alicante
BMW,X2,Gasolina,86263.0,192.0,automatic,28990,Alicante,3010,Murcia,Alicante
Citroen,AMI,Eléctrico,1.0,8.0,automatic,7289,Móstoles,28934,Madrid,Móstoles
Citroen,AMI,Eléctrico,1.0,8.0,automatic,6789,Móstoles,28934,Madrid,Móstoles
Chevrolet,Aveo,Gasolina,101400.0,100.0,manual,5495,Xativa,46800,Valencia,Xativa
Mercedes-Benz,Classe GLK,Diésel,170000.0,170.0,automatic,19900,Fuenlabrada,28943,Madrid,Fuenlabrada
Mercedes-Benz,Classe GLK,Diésel,198000.0,170.0,automatic,17900,Islantilla,21440,Huelva,Islantilla
Mercedes-Benz,Classe GLK,Diésel,198000.0,170.0,automatic,17900,Islantilla,21440,Huelva,Islantilla
Chevrolet,Cruze,Diésel,79185.0,163.0,manual,8299,Madrid,28014,Madrid,Madrid
BMW,X5,Diésel,199000.0,235.0,automatic,17900,Villena,3400,Alicante,Villena
BMW,X5,Gasolina,99000.0,306.0,automatic,24990,Arroyomolinos,28939,Madrid,Arroyomolinos
BMW,X5,Gasolina,99000.0,306.0,automatic,24990,Arroyomolinos,28939,Madrid,Arroyomolinos
Mercedes-Benz,GLC Coupé,Diésel,171000.0,170.0,automatic,36900,Don Benito,6400,Badajoz,Don Benito
BMW,Z4,Gasolina,110143.0,244.0,manual,26900,Valladolid,47011,Valladolid,Valladolid
Chevrolet,Lacetti,Gasolina,80000.0,102.0,manual,3900,Móstoles,28938,Madrid,Móstoles
Mercedes-Benz,Clase S,Gasolina,112500.0,156.0,automatic,14990,Mosteiron,15168,A Coruña,Mosteiron
Chevrolet,Camaro,Gasolina,60112.0,405.0,automatic,33550,Las Rozas de Madrid,28232,Madrid,Las Rozas de Madrid
Chevrolet,Matiz,Gasolina,63000.0,65.0,manual,4299,Madrid,28019,Madrid,Madrid
Chevrolet,Spark,Gasolina,119415.0,81.0,manual,5100,La Poveda,28500,Madrid,La Poveda
Ford,Transit,Diésel,113628.0,125.0,manual,11000,Errenteria,20100,Gipuzkoa,Errenteria
Ford,Transit,Diésel,113628.0,125.0,manual,11000,Errenteria,20100,Gipuzkoa,Errenteria
Ford,Transit,Diésel,113628.0,125.0,manual,11000,Errenteria,20100,Gipuzkoa,Errenteria
Chevrolet,Malibu,Diésel,143000.0,160.0,manual,8495,Los Combos,28938,Madrid,Los Combos
BMW,X3,Diésel,163454.0,190.0,automatic,21850,Alcobendas,28100,Madrid,Alcobendas
BMW,X3,Diésel,144183.0,150.0,manual,10900,Mercabilbao,48970,Bizkaia,Mercabilbao
BMW,X6 M,Gasolina,97000.0,555.0,automatic,34950,San Fernando de Henares Madrid,28830,Madrid,San Fernando de Henares Madrid
BMW,X6 M,Diésel,203000.0,381.0,automatic,34500,Ibiricu de Egües,31486,Navarra,Ibiricu de Egües
BMW,X1,Diésel,129990.0,143.0,automatic,14990,Valencia,46001,Valencia,Valencia
BMW,X1,Diésel,129990.0,143.0,automatic,14990,Granada,18005,Granada,Granada
BMW,X1,Diésel,129990.0,143.0,automatic,14990,Murcia,30005,Murcia,Murcia
BMW,X1,Diésel,129990.0,143.0,automatic,14990,Málaga,29005,Málaga,Málaga
BMW,X1,Diésel,18000.0,150.0,automatic,33590,Madrid,28044,Madrid,Madrid
BMW,Serie 4,Diésel,214549.0,143.0,manual,16900,Valladolid,47011,Valladolid,Valladolid
BMW,Serie 4,Diésel,118000.0,313.0,automatic,26990,Daganzo de Arriba,28814,Madrid,Daganzo de Arriba
BMW,Serie 4,Diésel,129900.0,313.0,automatic,32900,Massanassa,46470,Valencia,Massanassa
BMW,Serie 4,Diésel,129900.0,313.0,automatic,32900,Massanassa,46470,Valencia,Massanassa
BMW,Serie 4,Diésel,129900.0,313.0,automatic,32900,Massanassa,46470,Valencia,Massanassa
BMW,Serie 4,Diésel,129900.0,313.0,automatic,32900,Massanassa,46470,Valencia,Massanassa
Chevrolet,Epica,Diésel,159000.0,150.0,manual,4950,Aldaia,46960,Valencia,Aldaia
BMW,X1,Diésel,63000.0,116.0,manual,23990,Madrid,28044,Madrid,Madrid
BMW,X1,Diésel,129990.0,143.0,automatic,14990,Ourense,32001,Ourense,Ourense
BMW,X1,Diésel,129990.0,143.0,automatic,14990,Oviedo,33003,Asturias,Oviedo
BMW,X1,Diésel,69094.0,150.0,automatic,24437,Olèrdola,8734,Barcelona,Olèrdola
BMW,X1,Diésel,69094.0,150.0,automatic,24437,Olèrdola,8734,Barcelona,Olèrdola
BMW,Serie 5,Diésel,165000.0,218.0,automatic,19990,Girona,17007,Girona,Girona
BMW,Serie 5,Diésel,165000.0,218.0,automatic,19990,Palau-Solita I Plegamans,8184,Barcelona,Palau-Solita I Plegamans
BMW,Serie 5,Diésel,165000.0,218.0,automatic,19990,Palau-Solita I Plegamans,8184,Barcelona,Palau-Solita I Plegamans
BMW,Serie 5,Diésel,165000.0,218.0,automatic,19990,Tarragona,43006,Tarragona,Tarragona
Mercedes-Benz,Clase R,Diésel,203900.0,224.0,automatic,9300,Girona,17005,Girona,Girona
Ford,Grand C-MAX,Diésel,99950.0,119.0,manual,418,Barcelona,8007,Barcelona,Barcelona
Ford,Grand C-MAX,Diésel,82000.0,119.0,manual,395,Madrid,28006,Madrid,Madrid
Ford,Grand C-MAX,Gasolina,110000.0,125.0,manual,9500,Sevilla,41005,Sevilla,Sevilla
Chevrolet,Captiva,Diésel,138483.0,184.0,automatic,12400,Santa Maria del Aguila,4710,Almería,Santa Maria del Aguila
Chevrolet,Captiva,Diésel,138483.0,184.0,automatic,12400,Ciudad Real,13003,Ciudad Real,Ciudad Real
Chevrolet,Captiva,Diésel,138483.0,184.0,automatic,12400,Valdepeñas,13300,Ciudad Real,Valdepeñas
Chevrolet,Captiva,Diésel,138483.0,184.0,automatic,12400,Valdepeñas,13300,Ciudad Real,Valdepeñas
Chevrolet,Captiva,Diésel,138483.0,184.0,automatic,12400,Saladar,3700,Alicante,Saladar
Chevrolet,Captiva,Diésel,138483.0,184.0,automatic,12400,Sant Vicenç de Montalt,8394,Barcelona,Sant Vicenç de Montalt
Chevrolet,Captiva,Diésel,138483.0,184.0,automatic,12400,Granollers,8403,Barcelona,Granollers
Chevrolet,Captiva,Diésel,138483.0,184.0,automatic,12400,Murcia,30003,Murcia,Murcia
Chevrolet,Kalos,Gasolina,158000.0,72.0,manual,3290,Sevilla,41001,Sevilla,Sevilla
Fiat,Doblò,Diésel,87183.0,95.0,manual,12490,Alcalá de Guadaíra,41500,Sevilla,Alcalá de Guadaíra
Fiat,Doblò,Diésel,87183.0,95.0,manual,226,Alcalá de Guadaíra,41500,Sevilla,Alcalá de Guadaíra
Fiat,Doblò,Diésel,82000.0,95.0,manual,9700,Elda,3600,Alicante,Elda
Fiat,Doblò,Diésel,141635.0,105.0,manual,9215,Sevilla,41005,Sevilla,Sevilla
Chevrolet,Orlando,Diésel,162566.0,131.0,manual,10999,Málaga,29006,Málaga,Málaga
Chevrolet,Orlando,Diésel,162566.0,131.0,manual,10900,Málaga,29006,Málaga,Málaga
Chevrolet,Orlando,Diésel,200000.0,163.0,manual,8990,O Birloque,15008,A Coruña,O Birloque
Chevrolet,Orlando,Diésel,200000.0,163.0,manual,8990,O Birloque,15008,A Coruña,O Birloque
Chevrolet,Tacuma,Gasolina,159179.0,107.0,manual,2900,Guadalajara,19003,Guadalajara,Guadalajara
Chevrolet,Tacuma,Gasolina,153837.0,107.0,manual,1900,Saladar,3700,Alicante,Saladar
Chevrolet,Tacuma,Gasolina,153837.0,107.0,manual,1900,Alicante,3007,Alicante,Alicante
BMW,X6,Eléctrico,157000.0,485.0,automatic,29990,Torremolinos,29620,Málaga,Torremolinos
BMW,X6,Eléctrico,157000.0,485.0,automatic,29990,Torremolinos,29620,Málaga,Torremolinos
BMW,X6,Eléctrico,157000.0,485.0,automatic,29990,Torremolinos,29620,Málaga,Torremolinos
BMW,X6,Diésel,171000.0,258.0,automatic,36990,Málaga,29015,Málaga,Málaga
Chevrolet,Nubira,Gasolina,119000.0,109.0,manual,4500,Albal,46470,Valencia,Albal
Chevrolet,Nubira,Gasolina,119000.0,109.0,manual,4500,Albal,46470,Valencia,Albal
Chevrolet,Nubira,Gasolina,119000.0,109.0,manual,4500,Albal,46470,Valencia,Albal
Chevrolet,Nubira,Gasolina,119000.0,109.0,manual,4500,Albal,46470,Valencia,Albal
BMW,Serie 2,Diésel,154564.0,150.0,manual,13530,Zaragoza,50013,Zaragoza,Zaragoza
Citroen,C3 Picasso,Gasolina,87405.0,95.0,manual,7299,Madrid,28014,Madrid,Madrid
BMW,Serie 2,Diésel,56400.0,150.0,automatic,24990,Málaga,29005,Málaga,Málaga
BMW,Serie 2,Diésel,154564.0,150.0,manual,13530,Murcia,30003,Murcia,Murcia
Ford,Galaxy,Diésel,99307.0,150.0,automatic,26900,Mejorada del Campo,28840,Madrid,Mejorada del Campo
Fiat,Fiorino,Diésel,101703.0,75.0,manual,7990,Sevilla,41005,Sevilla,Sevilla
Fiat,Fiorino,Diésel,55636.0,75.0,manual,7490,Sevilla,41005,Sevilla,Sevilla
Fiat,Fiorino,Diésel,101703.0,75.0,manual,7990,Almería,4006,Almería,Almería
Citroen,C5 X,Otros,12500.0,224.0,automatic,39900,L'Hospitalet de Llobregat,8901,Barcelona,L'Hospitalet de Llobregat
Fiat,Fiorino,Diésel,101703.0,75.0,manual,7990,Vigo,36211,Pontevedra,Vigo
Fiat,Fiorino,Diésel,55636.0,75.0,manual,7490,Almería,4006,Almería,Almería
Fiat,Fiorino,Diésel,55636.0,75.0,manual,7490,Vigo,36211,Pontevedra,Vigo
Fiat,Fiorino,Diésel,101703.0,75.0,manual,7990,Jaén,23008,Jaén,Jaén
BMW,Serie 2,Diésel,99950.0,149.0,manual,268,Barcelona,8007,Barcelona,Barcelona
BMW,Serie 2,Diésel,227429.0,116.0,manual,12089,Olèrdola,8734,Barcelona,Olèrdola
BMW,Serie 2,Diésel,227429.0,116.0,manual,12089,Olèrdola,8734,Barcelona,Olèrdola
BMW,Serie 2,Diésel,33695.0,150.0,automatic,22500,Barcelona,8013,Barcelona,Barcelona
BMW,Serie 2,Diésel,70385.0,150.0,manual,22885,Barcelona,8007,Barcelona,Barcelona
Citroen,C5,Diésel,86000.0,140.0,manual,7500,Mollerussa,25230,Lleida,Mollerussa
BMW,X2,Diésel,40557.0,150.0,automatic,27887,Olèrdola,8734,Barcelona,Olèrdola
BMW,X2,Diésel,40557.0,150.0,automatic,27887,Olèrdola,8734,Barcelona,Olèrdola
BMW,X2,Diésel,77760.0,190.0,automatic,25490,Málaga,29005,Málaga,Málaga
BMW,X2,Diésel,77468.0,150.0,automatic,27140,Colonia Pablo Iglesias,28520,Madrid,Colonia Pablo Iglesias
BMW,X2,Diésel,77468.0,150.0,automatic,27140,Las Rozas de Madrid,28232,Madrid,Las Rozas de Madrid
BMW,X2,Diésel,77468.0,150.0,automatic,27140,Torremolinos,29620,Málaga,Torremolinos
BMW,X2,Diésel,77468.0,150.0,automatic,27140,Torremolinos,29620,Málaga,Torremolinos
BMW,X2,Diésel,77468.0,150.0,automatic,27140,Torremolinos,29620,Málaga,Torremolinos
BMW,Serie 3,Gasolina,190000.0,343.0,manual,29990,El Villar,48980,Bizkaia,El Villar
BMW,Serie 3,Diésel,64345.0,143.0,manual,19580,Santafe,18320,Granada,Santafe
BMW,Serie 3,Diésel,133051.0,143.0,manual,12490,Murcia,30005,Murcia,Murcia
BMW,Serie 3,Diésel,133051.0,143.0,manual,12490,Valencia,46001,Valencia,Valencia
BMW,Serie 3,Diésel,133051.0,143.0,manual,12490,Granada,18005,Granada,Granada
BMW,Serie 3,Diésel,64345.0,143.0,manual,19580,Granollers,8403,Barcelona,Granollers
BMW,Serie 3,Diésel,64345.0,143.0,manual,19580,Vigo,36214,Pontevedra,Vigo
BMW,Serie 3,Diésel,64345.0,143.0,manual,19580,Murcia,30003,Murcia,Murcia
BMW,Serie 3,Diésel,64345.0,143.0,manual,19580,Atarrabia,31610,Navarra,Atarrabia
BMW,Serie 3,Diésel,133051.0,143.0,manual,12490,Bilbao,48004,Bizkaia,Bilbao
Citroen,C4,Diésel,75100.0,99.0,manual,10900,Sabadell,8201,Barcelona,Sabadell
Ford,Tourneo Connect,Diésel,107216.0,95.0,manual,14299,Madrid,28014,Madrid,Madrid
Ford,Tourneo Connect,Diésel,107216.0,95.0,manual,14299,Barcelona,8007,Barcelona,Barcelona
Citroen,C-Crosser,Diésel,108131.0,156.0,manual,11500,Alcalá de Guadaíra,41500,Sevilla,Alcalá de Guadaíra
Citroen,C-Crosser,Diésel,108131.0,156.0,manual,11500,Sant Vicenç de Montalt,8394,Barcelona,Sant Vicenç de Montalt
Citroen,C-Crosser,Diésel,108131.0,156.0,manual,11500,Colonia Pablo Iglesias,28520,Madrid,Colonia Pablo Iglesias
Citroen,C-Crosser,Diésel,108131.0,156.0,manual,11500,Santafe,18320,Granada,Santafe
BMW,Serie 1,Diésel,106741.0,190.0,manual,18499,Barcelona,8007,Barcelona,Barcelona
BMW,Serie 1,Gasolina,102005.0,136.0,manual,13750,Ciudad Real,13003,Ciudad Real,Ciudad Real
BMW,Serie 1,Gasolina,102005.0,136.0,manual,13750,Alzira,46600,Valencia,Alzira
BMW,Serie 1,Gasolina,102005.0,136.0,manual,13750,Alzira,46600,Valencia,Alzira
Fiat,Freemont,Diésel,126715.0,170.0,automatic,13990,Murcia,30005,Murcia,Murcia
Fiat,Freemont,Diésel,126715.0,170.0,automatic,13990,Bilbao,48004,Bizkaia,Bilbao
Fiat,Freemont,Diésel,126715.0,170.0,automatic,13990,Toledo,45002,Toledo,Toledo
Citroen,C2,Gasolina,214000.0,75.0,manual,2900,Gavà,8850,Barcelona,Gavà
Citroen,C2,Gasolina,160000.0,73.0,manual,2490,Torres de la Alameda,28813,Madrid,Torres de la Alameda
Citroen,C2,Gasolina,160000.0,73.0,manual,2490,Torres de la Alameda,28813,Madrid,Torres de la Alameda
Citroen,Jumpy,Diésel,253017.0,115.0,manual,15600,Torrent,46900,Valencia,Torrent
Citroen,Jumpy,Diésel,254875.0,110.0,manual,4990,Granda,33199,Asturias,Granda
Citroen,Jumpy,Diésel,254875.0,110.0,manual,4990,Granda,33199,Asturias,Granda
Citroen,C3,Diésel,73000.0,99.0,manual,324,Madrid,28006,Madrid,Madrid
Citroen,C3,Diésel,167349.0,75.0,manual,10490,Madrid,28021,Madrid,Madrid
Citroen,C3,Diésel,167349.0,75.0,manual,10790,Madrid,28021,Madrid,Madrid
Citroen,C3,Gasolina,25000.0,110.0,manual,14990,Alicante,3010,Alicante,Alicante
Citroen,C3,Gasolina,25000.0,110.0,manual,14990,Alicante,3010,Murcia,Alicante
Citroen,C3,Gasolina,25000.0,110.0,manual,14990,Vigo,36211,Pontevedra,Vigo
Volvo,V40,Diésel,93400.0,120.0,manual,13990,Ullastrell,8231,Barcelona,Ullastrell
Volvo,V40,Diésel,93400.0,120.0,manual,13990,Òrrius,8317,Barcelona,Òrrius
Volvo,V40,Diésel,93400.0,120.0,manual,13990,Palma de Mallorca,7003,Baleares,Palma de Mallorca
Volvo,V40,Diésel,93400.0,120.0,manual,13990,Tarragona,43006,Tarragona,Tarragona
Volvo,V40,Diésel,93400.0,120.0,manual,13990,Girona,17007,Girona,Girona
Fiat,Qubo,Diésel,50223.0,95.0,manual,12799,Barcelona,8007,Barcelona,Barcelona
Fiat,Qubo,Diésel,50223.0,95.0,manual,12699,Barcelona,8007,Barcelona,Barcelona
Fiat,Qubo,Diésel,50223.0,95.0,manual,12799,Madrid,28014,Madrid,Madrid
Fiat,Qubo,Diésel,50223.0,95.0,manual,12699,Madrid,28014,Madrid,Madrid
Fiat,Qubo,Diésel,155000.0,75.0,manual,7250,Cerdanyola del Vallès,8290,Barcelona,Cerdanyola del Vallès
Fiat,Qubo,Diésel,155000.0,75.0,manual,7230,Cerdanyola del Vallès,8290,Barcelona,Cerdanyola del Vallès
Citroen,C3 Aircross,Diésel,110000.0,102.0,manual,223,Barcelona,8007,Barcelona,Barcelona
Citroen,C3 Aircross,Gasolina,37281.0,110.0,manual,16890,Madrid,28021,Madrid,Madrid
Citroen,C3 Aircross,Diésel,18353.0,99.0,manual,16890,Alcalá de Henares,28802,Madrid,Alcalá de Henares
Fiat,Qubo,Diésel,19336.0,80.0,manual,13399,Madrid,28014,Madrid,Madrid
Fiat,Qubo,Diésel,19336.0,80.0,manual,13099,Madrid,28014,Madrid,Madrid
Citroen,C4 SpaceTourer,Diésel,118000.0,130.0,manual,215,Barcelona,8007,Barcelona,Barcelona
Citroen,DS3,Diésel,155268.0,68.0,manual,6499,Madrid,28014,Madrid,Madrid
Citroen,DS3,Diésel,41582.0,92.0,manual,10190,Las Rozas de Madrid,28232,Madrid,Las Rozas de Madrid
BMW,X5,Diésel,94990.0,258.0,automatic,37290,Almería,4006,Almería,Almería
BMW,X5,Diésel,94990.0,258.0,automatic,37290,Bilbao,48004,Bizkaia,Bilbao
Citroen,DS3,Diésel,72870.0,92.0,manual,9450,Alcobendas,28100,Madrid,Alcobendas
Fiat,500,Gasolina,79990.0,69.0,manual,7890,Sevilla,41005,Sevilla,Sevilla
Fiat,500,Gasolina,30500.0,69.0,automatic,12990,Sevilla,41005,Sevilla,Sevilla
Fiat,500,Gasolina,40393.0,69.0,manual,8990,Sevilla,41005,Sevilla,Sevilla
Fiat,500,Gasolina,57105.0,69.0,manual,11290,Sevilla,41005,Sevilla,Sevilla
Fiat,500,Gasolina,44000.0,69.0,automatic,13490,Sevilla,41005,Sevilla,Sevilla
Fiat,500,Gasolina,44000.0,69.0,automatic,13490,Vigo,36211,Pontevedra,Vigo
Citroen,Berlingo,Diésel,110000.0,75.0,manual,250,Barcelona,8007,Barcelona,Barcelona
Citroen,Berlingo,Diésel,110000.0,75.0,manual,187,Gandía,46701,Valencia,Gandía
Citroen,Grand C4 SpaceTourer,Gasolina,114000.0,130.0,manual,412,Barcelona,8007,Barcelona,Barcelona
Citroen,Grand C4 SpaceTourer,Gasolina,114000.0,130.0,manual,224,Gandía,46701,Valencia,Gandía
Citroen,Grand C4 SpaceTourer,Gasolina,99950.0,130.0,manual,421,Madrid,28006,Madrid,Madrid
BMW,Serie 5,Diésel,147278.0,190.0,automatic,20790,Collado Villalba,28400,Madrid,Collado Villalba
BMW,Serie 5,Diésel,147278.0,190.0,automatic,20790,Collado Villalba,28400,Madrid,Collado Villalba
BMW,Serie 5,Diésel,147278.0,190.0,automatic,20790,Colonia Pablo Iglesias,28520,Madrid,Colonia Pablo Iglesias
BMW,Serie 5,Diésel,147278.0,190.0,automatic,20790,Santafe,18320,Granada,Santafe
Citroen,Grand C4 SpaceTourer,Gasolina,114000.0,130.0,manual,416,Sevilla,41018,Sevilla,Sevilla
Citroen,Grand C4 SpaceTourer,Diésel,90930.0,130.0,manual,17400,Valladolid,47004,Valladolid,Valladolid
Citroen,Grand C4 SpaceTourer,Diésel,90930.0,130.0,manual,17400,Barcelona,8008,Barcelona,Barcelona
Citroen,Grand C4 SpaceTourer,Diésel,90930.0,130.0,manual,17400,Viladecans,8840,Barcelona,Viladecans
Citroen,ë-Berlingo,Eléctrico,58000.0,136.0,automatic,28990,Tordera,8490,Barcelona,Tordera
BMW,Serie 5,Diésel,147278.0,190.0,automatic,20790,Zaragoza,50013,Zaragoza,Zaragoza
BMW,Serie 5,Diésel,147278.0,190.0,automatic,20790,Paterna,46980,Valencia,Paterna
BMW,Serie 5,Diésel,147278.0,190.0,automatic,20790,Alzira,46600,Valencia,Alzira
BMW,Serie 5,Diésel,147278.0,190.0,automatic,20790,Alzira,46600,Valencia,Alzira
BMW,Serie 5,Diésel,147278.0,190.0,automatic,20790,Atarrabia,31610,Navarra,Atarrabia
Citroen,DS4,Diésel,134165.0,115.0,manual,11499,Barcelona,8007,Barcelona,Barcelona
Citroen,DS4,Diésel,134165.0,115.0,manual,11399,Barcelona,8007,Barcelona,Barcelona
Citroen,DS4,Diésel,107400.0,163.0,manual,9490,Valencia,46001,Valencia,Valencia
Citroen,DS4,Diésel,107400.0,163.0,manual,8990,Valencia,46001,Valencia,Valencia
Citroen,DS4,Diésel,94638.0,92.0,manual,11750,Las Rozas de Madrid,28232,Madrid,Las Rozas de Madrid
Citroen,DS4,Diésel,107299.0,114.0,manual,10990,Alcobendas,28100,Madrid,Alcobendas
Citroen,DS4,Diésel,94638.0,92.0,manual,11750,Alcobendas,28100,Madrid,Alcobendas
BMW,Serie 5,Diésel,147278.0,190.0,automatic,20790,Albacete,2001,Albacete,Albacete
Citroen,C-Élysée,Diésel,6228.0,102.0,manual,15180,Santa Maria del Aguila,4710,Almería,Santa Maria del Aguila
Citroen,C-Élysée,Diésel,6228.0,102.0,manual,15180,Ciudad Real,13003,Ciudad Real,Ciudad Real
Citroen,C-Élysée,Diésel,6228.0,102.0,manual,15180,Valdepeñas,13300,Ciudad Real,Valdepeñas
Citroen,C-Élysée,Diésel,6228.0,102.0,manual,15180,Valdepeñas,13300,Ciudad Real,Valdepeñas
Citroen,C-Élysée,Gasolina,66744.0,82.0,manual,11390,Madrid,28021,Madrid,Madrid
Citroen,C-Élysée,Diésel,79000.0,100.0,manual,12400,O Porriño,36400,Pontevedra,O Porriño
Citroen,C-Élysée,Diésel,6228.0,102.0,manual,15180,Vigo,36214,Pontevedra,Vigo
Ford,Mondeo,Diésel,186600.0,140.0,manual,6850,Vic,8500,Barcelona,Vic
Citroen,C5 Aircross,Diésel,107000.0,130.0,manual,476,Madrid,28009,Madrid,Madrid
Citroen,C5 Aircross,Gasolina,39787.0,131.0,manual,22425,Santa Maria del Aguila,4710,Almería,Santa Maria del Aguila
Citroen,C5 Aircross,Gasolina,24259.0,131.0,manual,23920,Santa Maria del Aguila,4710,Almería,Santa Maria del Aguila
Citroen,C5 Aircross,Gasolina,24259.0,131.0,manual,23920,Ciudad Real,13003,Ciudad Real,Ciudad Real
Citroen,C5 Aircross,Gasolina,24259.0,131.0,manual,23920,Santiago de Compostela,15703,A Coruña,Santiago de Compostela
Citroen,C5 Aircross,Diésel,56781.0,131.0,manual,23690,Madrid,28021,Madrid,Madrid
Citroen,C5 Aircross,Diésel,50749.0,131.0,manual,24990,Madrid,28021,Madrid,Madrid
Citroen,C5 Aircross,Diésel,50749.0,131.0,manual,25990,Madrid,28021,Madrid,Madrid
Citroen,SpaceTourer,Diésel,46312.0,150.0,manual,33500,Santa Maria del Aguila,4710,Almería,Santa Maria del Aguila
Citroen,SpaceTourer,Diésel,46312.0,150.0,manual,33500,Ciudad Real,13003,Ciudad Real,Ciudad Real
Citroen,SpaceTourer,Diésel,46312.0,150.0,manual,33500,Valdepeñas,13300,Ciudad Real,Valdepeñas
Citroen,SpaceTourer,Diésel,46312.0,150.0,manual,33500,Valdepeñas,13300,Ciudad Real,Valdepeñas
Citroen,SpaceTourer,Diésel,46312.0,150.0,manual,33500,Mercado Parque Corredor del Henares,28850,Madrid,Mercado Parque Corredor del Henares
Citroen,SpaceTourer,Diésel,46312.0,150.0,manual,33500,Granollers,8403,Barcelona,Granollers
Citroen,SpaceTourer,Diésel,46312.0,150.0,manual,33500,Sant Vicenç de Montalt,8394,Barcelona,Sant Vicenç de Montalt
Citroen,ë-C4,Eléctrico,2000.0,136.0,automatic,33500,Ajalvir,28864,Madrid,Ajalvir
Citroen,ë-C4,Eléctrico,18072.0,136.0,automatic,28490,Madrid,28021,Madrid,Madrid
Citroen,ë-C4,Eléctrico,16770.0,136.0,automatic,28490,Madrid,28021,Madrid,Madrid
Mercedes-Benz,Clase V,Diésel,89700.0,163.0,automatic,34590,Móstoles,28933,Madrid,Móstoles
Mercedes-Benz,Clase V,Diésel,217000.0,122.0,manual,6999,Fuenlabrada,28941,Madrid,Fuenlabrada
Ford,Transit Custom,Diésel,74000.0,130.0,manual,29890,Madrid,28044,Madrid,Madrid
Citroen,C4 Cactus,Diésel,72000.0,102.0,manual,384,Barcelona,8007,Barcelona,Barcelona
Citroen,C4 Cactus,Diésel,72000.0,102.0,manual,389,Valencia,46005,Valencia,Valencia
Ford,Transit Custom,Diésel,71911.0,130.0,manual,24790,Madrid,28021,Madrid,Madrid
Citroen,C4 Cactus,Gasolina,99950.0,110.0,manual,381,Valencia,46005,Valencia,Valencia
Citroen,C4 Cactus,Diésel,91000.0,102.0,manual,214,Madrid,28009,Madrid,Madrid
Ford,B-MAX,Gasolina,99000.0,100.0,manual,10500,Málaga,29004,Málaga,Málaga
Ford,B-MAX,Gasolina,57451.0,105.0,automatic,12999,Barcelona,8007,Barcelona,Barcelona
Ford,B-MAX,Gasolina,57451.0,105.0,automatic,12799,Barcelona,8007,Barcelona,Barcelona
Ford,B-MAX,Gasolina,57451.0,105.0,automatic,12499,Barcelona,8007,Barcelona,Barcelona
Ford,B-MAX,Gasolina,57451.0,105.0,automatic,12999,Madrid,28014,Madrid,Madrid
Ford,B-MAX,Gasolina,57451.0,105.0,automatic,12799,Madrid,28014,Madrid,Madrid
Ford,B-MAX,Gasolina,57451.0,105.0,automatic,12499,Madrid,28014,Madrid,Madrid
Ford,Transit Courier,Diésel,29999.0,75.0,manual,15590,Sevilla,41005,Sevilla,Sevilla
Ford,Transit Courier,Diésel,29999.0,75.0,manual,15590,Vigo,36211,Pontevedra,Vigo
Ford,Transit Courier,Diésel,29999.0,75.0,manual,15590,Bilbao,48004,Bizkaia,Bilbao
Ford,Transit Courier,Diésel,29999.0,75.0,manual,15590,Granada,18005,Granada,Granada
Hyundai,Santa Fe,Diésel,60000.0,197.0,manual,19990,Murcia,30005,Murcia,Murcia
Hyundai,Santa Fe,Diésel,60000.0,197.0,manual,19990,Bilbao,48004,Bizkaia,Bilbao
Hyundai,Santa Fe,Diésel,58789.0,200.0,manual,26335,Sant Vicenç de Montalt,8394,Barcelona,Sant Vicenç de Montalt
Peugeot,Rifter,Diésel,1207.0,130.0,manual,29500,Getafe,28906,Madrid,Getafe
Peugeot,Rifter,Diésel,1207.0,130.0,manual,29500,Puerto de Sagunto,46520,Valencia,Puerto de Sagunto
Peugeot,Rifter,Diésel,57000.0,130.0,automatic,25900,Zaragoza,50014,Zaragoza,Zaragoza
Peugeot,Rifter,Diésel,57000.0,130.0,automatic,24900,Zaragoza,50014,Zaragoza,Zaragoza
Peugeot,Rifter,Diésel,1207.0,130.0,manual,29500,Collado Villalba,28400,Madrid,Collado Villalba
Peugeot,Rifter,Diésel,1207.0,130.0,manual,29500,Collado Villalba,28400,Madrid,Collado Villalba
Nissan,Maxima,Gasolina,94000.0,140.0,manual,3600,Gavà,8850,Barcelona,Gavà
Ford,Focus,Gasolina,50344.0,125.0,automatic,20528,Barcelona,8007,Barcelona,Barcelona
Ford,Focus,Diésel,69934.0,120.0,manual,20350,Barcelona,8007,Barcelona,Barcelona
Ford,Focus,Gasolina,41069.0,250.0,manual,24990,Barcelona,8007,Barcelona,Barcelona
Ford,Focus,Diésel,69934.0,120.0,manual,20350,Getafe,28906,Madrid,Getafe
Ford,Focus,Diésel,69934.0,120.0,manual,20350,Santiago de Compostela,15703,A Coruña,Santiago de Compostela
Nissan,Maxima,Gasolina,229000.0,193.0,manual,1990,Coslada,28823,Madrid,Coslada
Nissan,Maxima,Gasolina,229000.0,193.0,manual,1490,Coslada,28823,Madrid,Coslada
Mazda,CX-9,Gasolina,67468.0,273.0,automatic,20680,Castello/Castellon de La Plana,12100,Castellón,Castello/Castellon de La Plana
Mazda,CX-9,Gasolina,67468.0,273.0,automatic,20680,Badajoz,6008,Badajoz,Badajoz
Mazda,CX-9,Gasolina,67468.0,273.0,automatic,20680,Santafe,18320,Granada,Santafe
Mazda,CX-9,Gasolina,183900.0,277.0,automatic,11400,Valdefuentes,28939,Madrid,Valdefuentes
Mazda,CX-9,Gasolina,183900.0,277.0,automatic,11400,Valdefuentes,28939,Madrid,Valdefuentes
Volvo,V90,Diésel,108000.0,149.0,manual,334,Barcelona,8007,Barcelona,Barcelona
Volvo,V90,Diésel,99950.0,149.0,manual,696,Sevilla,41018,Sevilla,Sevilla
Mazda,CX-9,Gasolina,67468.0,273.0,automatic,20680,Barcelona,8007,Barcelona,Barcelona
Mazda,CX-9,Gasolina,67468.0,273.0,automatic,20680,Alzira,46600,Valencia,Alzira
Mazda,CX-9,Gasolina,67468.0,273.0,automatic,20680,Alzira,46600,Valencia,Alzira
Fiat,Ducato,Otros,27875.0,136.0,manual,28900,Sant Vicenç de Montalt,8394,Barcelona,Sant Vicenç de Montalt
Volvo,V40,Diésel,80000.0,190.0,manual,266,Barcelona,8007,Barcelona,Barcelona
Volvo,V40,Diésel,112000.0,149.0,manual,224,Gandía,46701,Valencia,Gandía
Volvo,V40,Diésel,111000.0,119.0,manual,480,Valencia,46005,Valencia,Valencia
Volvo,V40,Diésel,112000.0,149.0,manual,473,Valencia,46005,Valencia,Valencia
Mercedes-Benz,Clase B,Diésel,59480.0,136.0,automatic,23800,Collado Villalba,28400,Madrid,Collado Villalba
Mercedes-Benz,Clase B,Diésel,59480.0,136.0,automatic,23800,Collado Villalba,28400,Madrid,Collado Villalba
Ford,Ka,Gasolina,83000.0,69.0,manual,7990,Girona,17007,Girona,Girona
Ford,Ka,Gasolina,83000.0,69.0,manual,7990,Granada,18005,Granada,Granada
Ford,Ka,Gasolina,83000.0,69.0,manual,7990,Málaga,29005,Málaga,Málaga
Ford,Ranger,Diésel,95472.0,150.0,manual,20300,Santiago de Compostela,15703,A Coruña,Santiago de Compostela
Ford,Ranger,Diésel,95472.0,150.0,manual,20300,Zaragoza,50013,Zaragoza,Zaragoza
Ford,Ranger,Diésel,95472.0,150.0,manual,20300,Paterna,46980,Valencia,Paterna
Ford,Ranger,Diésel,95472.0,150.0,manual,20300,Atarrabia,31610,Navarra,Atarrabia
Nissan,NV200,Diésel,134450.0,90.0,manual,11990,Málaga,29005,Málaga,Málaga
Nissan,NV200,Diésel,134450.0,90.0,manual,11990,Almería,4006,Almería,Almería
Nissan,NV200,Diésel,134450.0,90.0,manual,11990,Granada,18005,Granada,Granada
Nissan,NV200,Diésel,134450.0,90.0,manual,11990,Alicante,3010,Alicante,Alicante
Nissan,NV200,Diésel,134450.0,90.0,manual,11990,Alicante,3010,Murcia,Alicante
Fiat,500X,Diésel,145319.0,120.0,manual,12450,Santiago de Compostela,15703,A Coruña,Santiago de Compostela
Fiat,500X,Diésel,145319.0,120.0,manual,12450,Mercado Parque Corredor del Henares,28850,Madrid,Mercado Parque Corredor del Henares
Fiat,500X,Diésel,145319.0,120.0,manual,12450,Valdepeñas,13300,Ciudad Real,Valdepeñas
Fiat,500X,Diésel,145319.0,120.0,manual,12450,Valdepeñas,13300,Ciudad Real,Valdepeñas
Fiat,500X,Diésel,145319.0,120.0,manual,12450,Estepona,29680,Málaga,Estepona
Fiat,500X,Diésel,145319.0,120.0,manual,12450,Ciudad Real,13003,Ciudad Real,Ciudad Real
Fiat,500X,Diésel,145319.0,120.0,manual,12450,Sant Vicenç de Montalt,8394,Barcelona,Sant Vicenç de Montalt
Nissan,Juke,Gasolina,31540.0,112.0,manual,17135,Santa Maria del Aguila,4710,Almería,Santa Maria del Aguila
Nissan,Juke,Gasolina,31540.0,112.0,manual,17135,Ciudad Real,13003,Ciudad Real,Ciudad Real
Nissan,Juke,Gasolina,31540.0,112.0,manual,17135,Santiago de Compostela,15703,A Coruña,Santiago de Compostela
Nissan,Juke,Gasolina,31540.0,112.0,manual,17135,Valdepeñas,13300,Ciudad Real,Valdepeñas
Nissan,Juke,Gasolina,31540.0,112.0,manual,17135,Valdepeñas,13300,Ciudad Real,Valdepeñas
Nissan,Juke,Gasolina,31540.0,112.0,manual,17135,Saladar,3700,Alicante,Saladar
Nissan,Juke,Gasolina,31540.0,112.0,manual,17135,Mercado Parque Corredor del Henares,28850,Madrid,Mercado Parque Corredor del Henares
Nissan,Juke,Gasolina,31540.0,112.0,manual,17135,Vigo,36214,Pontevedra,Vigo
Nissan,Juke,Gasolina,31540.0,112.0,manual,17135,Sant Vicenç de Montalt,8394,Barcelona,Sant Vicenç de Montalt
Nissan,Juke,Gasolina,31540.0,112.0,manual,17135,Granollers,8403,Barcelona,Granollers
Nissan,Juke,Gasolina,31540.0,112.0,manual,17135,Murcia,30003,Murcia,Murcia
Fiat,500X,Diésel,145319.0,120.0,manual,12450,Olèrdola,8734,Barcelona,Olèrdola
Fiat,500X,Diésel,145319.0,120.0,manual,12450,Olèrdola,8734,Barcelona,Olèrdola
Ford,Mondeo,Diésel,63000.0,149.0,manual,432,Madrid,28009,Madrid,Madrid
Ford,Mondeo,Diésel,63000.0,149.0,manual,436,Barcelona,8009,Barcelona,Barcelona
Ford,Mondeo,Diésel,96000.0,149.0,manual,406,Madrid,28006,Madrid,Madrid
BMW,Z3,Gasolina,148000.0,140.0,automatic,11900,Torremolinos,29620,Málaga,Torremolinos
BMW,Z3,Gasolina,148000.0,140.0,automatic,11900,Torremolinos,29620,Málaga,Torremolinos
BMW,Z3,Gasolina,148000.0,140.0,automatic,11900,Torremolinos,29620,Málaga,Torremolinos
Nissan,Leaf,Eléctrico,47808.0,109.0,automatic,14900,Granollers,8403,Barcelona,Granollers
Nissan,Leaf,Eléctrico,47808.0,109.0,automatic,14900,Alcobendas,28100,Madrid,Alcobendas
Mazda,3,Gasolina,53761.0,120.0,manual,14990,Valladolid,47006,Valladolid,Valladolid
Mazda,3,Diésel,51000.0,115.0,manual,8900,Gavà,8850,Barcelona,Gavà
Mazda,3,Diésel,51000.0,115.0,manual,8500,Gavà,8850,Barcelona,Gavà
Ford,Focus,Gasolina,99000.0,125.0,manual,385,Barcelona,8009,Barcelona,Barcelona
Ford,Focus,Gasolina,22074.0,125.0,manual,17900,Santa Maria del Aguila,4710,Almería,Santa Maria del Aguila
Ford,B-MAX,Diésel,68047.0,95.0,manual,12485,Zaragoza,50013,Zaragoza,Zaragoza
Ford,B-MAX,Gasolina,68628.0,105.0,automatic,12850,Mataró,8302,Barcelona,Mataró
Ford,Fusion,Diésel,207000.0,90.0,manual,4499,Torrellano,3320,Alicante,Torrellano
Citroen,C5,Diésel,100800.0,140.0,manual,237,Alcalá de Guadaíra,41500,Sevilla,Alcalá de Guadaíra
Citroen,C5,Diésel,100800.0,140.0,manual,251,Alcalá de Guadaíra,41500,Sevilla,Alcalá de Guadaíra
Nissan,Note,Gasolina,128000.0,80.0,manual,8990,Málaga,29005,Málaga,Málaga
Ford,Explorer,Gasolina,79000.0,457.0,automatic,38000,Alcalá de Henares,28803,Madrid,Alcalá de Henares
Nissan,X-Trail,Diésel,97000.0,130.0,manual,285,Barcelona,8007,Barcelona,Barcelona
Nissan,X-Trail,Diésel,97000.0,130.0,manual,285,Gandía,46701,Valencia,Gandía
Nissan,X-Trail,Diésel,97000.0,130.0,manual,266,Madrid,28009,Madrid,Madrid
Nissan,X-Trail,Diésel,137099.0,150.0,manual,22490,Madrid,28021,Madrid,Madrid
Nissan,X-Trail,Diésel,137099.0,150.0,manual,21990,Madrid,28021,Madrid,Madrid
Ford,C-MAX,Diésel,82124.0,120.0,manual,15200,Atarrabia,31610,Navarra,Atarrabia
Ford,C-MAX,Diésel,82124.0,120.0,manual,15200,Torremolinos,29620,Málaga,Torremolinos
Ford,C-MAX,Diésel,82124.0,120.0,manual,15200,Torremolinos,29620,Málaga,Torremolinos
Ford,C-MAX,Diésel,82124.0,120.0,manual,15200,Torremolinos,29620,Málaga,Torremolinos
Ford,C-MAX,Diésel,81159.0,120.0,manual,16990,Atarrabia,31610,Navarra,Atarrabia
Ford,C-MAX,Diésel,81159.0,120.0,manual,16990,Alameda del Obispo,14005,Córdoba,Alameda del Obispo
Volvo,S60,Diésel,133000.0,120.0,manual,16950,Manises,46940,Valencia,Manises
Ford,C-MAX,Diésel,82124.0,120.0,manual,15200,Zaragoza,50013,Zaragoza,Zaragoza
Volvo,XC40,Gasolina,83103.0,156.0,manual,25900,Parque Empresarial La Moraleja,28108,Madrid,Parque Empresarial La Moraleja
Ford,C-MAX,Diésel,82124.0,120.0,manual,15200,Castello/Castellon de La Plana,12100,Castellón,Castello/Castellon de La Plana
Ford,C-MAX,Diésel,82124.0,120.0,manual,15200,Albacete,2001,Albacete,Albacete
Ford,C-MAX,Diésel,82124.0,120.0,manual,15200,Alzira,46600,Valencia,Alzira
Ford,C-MAX,Diésel,82124.0,120.0,manual,15200,Alzira,46600,Valencia,Alzira
Fiat,Talento,Diésel,96360.0,125.0,manual,24725,Vigo,36214,Pontevedra,Vigo
Fiat,Talento,Diésel,96360.0,125.0,manual,24725,Colonia Pablo Iglesias,28520,Madrid,Colonia Pablo Iglesias
Fiat,Talento,Diésel,96360.0,125.0,manual,24725,Sant Vicenç de Montalt,8394,Barcelona,Sant Vicenç de Montalt
Fiat,Talento,Diésel,96360.0,125.0,manual,24725,Murcia,30003,Murcia,Murcia
Fiat,Talento,Diésel,96360.0,125.0,manual,24725,Granollers,8403,Barcelona,Granollers
Volvo,V40,Diésel,111000.0,119.0,manual,480,Madrid,28006,Madrid,Madrid
Volvo,V40,Diésel,112000.0,149.0,manual,473,Madrid,28006,Madrid,Madrid
Volvo,V40,Diésel,198000.0,150.0,manual,12990,Donostia-San Sebastián,20018,Gipuzkoa,Donostia-San Sebastián
Volvo,V90,Diésel,50587.0,150.0,automatic,30990,Málaga,29005,Málaga,Málaga
Volvo,V90,Diésel,50587.0,150.0,automatic,30990,Sevilla,41005,Sevilla,Sevilla
Volvo,V90,Diésel,50587.0,150.0,automatic,30990,Sevilla,41017,Sevilla,Sevilla
Volvo,V90,Gasolina,69078.0,250.0,automatic,39000,Mercado Parque Corredor del Henares,28850,Madrid,Mercado Parque Corredor del Henares
Volvo,V90,Gasolina,69078.0,250.0,automatic,39000,Santiago de Compostela,15703,A Coruña,Santiago de Compostela
Volvo,V90,Gasolina,69078.0,250.0,automatic,39000,Badajoz,6008,Badajoz,Badajoz
Volvo,V90,Gasolina,69078.0,250.0,automatic,39000,Saladar,3700,Alicante,Saladar
Volvo,V90,Gasolina,69078.0,250.0,automatic,39000,Vigo,36214,Pontevedra,Vigo
Volvo,V90,Gasolina,69078.0,250.0,automatic,39000,Las Rozas de Madrid,28232,Madrid,Las Rozas de Madrid
Volvo,V90,Gasolina,69078.0,250.0,automatic,39000,Estepona,29680,Málaga,Estepona
Volvo,V90,Gasolina,69078.0,250.0,automatic,39000,Murcia,30003,Murcia,Murcia
Volvo,XC70,Diésel,240000.0,185.0,automatic,5990,Fuenlabrada,28946,Madrid,Fuenlabrada
Mercedes-Benz,Viano,Diésel,237143.0,204.0,automatic,18000,Valdemoro,28340,Madrid,Valdemoro
Audi,A6,Diésel,140000.0,272.0,automatic,27900,Burgos,9003,Burgos,Burgos
Audi,A6,Diésel,196000.0,204.0,automatic,17990,Poligono Industrial San Fernando,28830,Madrid,Poligono Industrial San Fernando
Mercedes-Benz,Clase E,Diésel,142292.0,170.0,manual,14900,Santa Maria del Aguila,4710,Almería,Santa Maria del Aguila
Audi,A6 Allroad,Diésel,246000.0,233.0,automatic,9499,Arroyomolinos,28939,Madrid,Arroyomolinos
Audi,A6 Allroad,Diésel,246000.0,233.0,automatic,9499,Arroyomolinos,28939,Madrid,Arroyomolinos
Audi,A7,Diésel,191000.0,272.0,automatic,25790,Colonia Pablo Iglesias,28520,Madrid,Colonia Pablo Iglesias
Audi,A7,Diésel,191000.0,272.0,automatic,25790,Sevilla,41005,Sevilla,Sevilla
Audi,A7,Diésel,191000.0,272.0,automatic,25790,Vigo,36211,Pontevedra,Vigo
Audi,A7,Diésel,191000.0,272.0,automatic,25790,Alicante,3010,Alicante,Alicante
Audi,A7,Diésel,191000.0,272.0,automatic,25790,Alicante,3010,Murcia,Alicante
Audi,A7,Diésel,191000.0,272.0,automatic,25790,Granada,18005,Granada,Granada
Audi,A7,Diésel,191000.0,272.0,automatic,25790,Murcia,30005,Murcia,Murcia
Audi,A7,Diésel,191000.0,272.0,automatic,25790,Urbanizacion La Granjilla,28700,Madrid,Urbanizacion La Granjilla
Audi,A7,Diésel,191000.0,272.0,automatic,25790,Valencia,46001,Valencia,Valencia
Audi,A7,Diésel,191000.0,272.0,automatic,25790,Toledo,45002,Toledo,Toledo
Audi,SQ5,Diésel,94000.0,313.0,automatic,36990,Las Vegas,14900,Córdoba,Las Vegas
Audi,Q7,Diésel,219700.0,233.0,automatic,16500,Roquetas de Mar,4740,Almería,Roquetas de Mar
Audi,Q7,Diésel,188556.0,233.0,automatic,14090,Leganés,28916,Madrid,Leganés
Audi,Q7,Diésel,188556.0,233.0,automatic,14090,Alcobendas,28100,Madrid,Alcobendas
Fiat,Doblò,Diésel,87139.0,95.0,manual,12490,Algete,28110,Madrid,Algete
Citroen,Xsara,Diésel,230005.0,90.0,manual,1490,Madrid,28026,Madrid,Madrid
Mercedes-Benz,SLK,Gasolina,149125.0,197.0,automatic,6490,Fuenlabrada,28946,Madrid,Fuenlabrada
Fiat,Ducato,Diésel,63000.0,160.0,manual,28000,Ciudad Real,13003,Ciudad Real,Ciudad Real
Fiat,Ducato,Diésel,243215.0,130.0,manual,26900,Elx/Elche,3204,Alicante,Elx/Elche
Chevrolet,Cruze,Gasolina,130000.0,124.0,manual,7990,El Prat de Llobregat,8820,Barcelona,El Prat de Llobregat
Fiat,Seicento,Gasolina,176000.0,54.0,manual,1490,Granollers,8401,Barcelona,Granollers
Fiat,Scudo,Diésel,285000.0,90.0,manual,7960,Berga,8600,Barcelona,Berga
BMW,Serie 1,Diésel,133329.0,177.0,automatic,12200,Alameda del Obispo,14005,Córdoba,Alameda del Obispo
BMW,Serie 1,Diésel,133329.0,177.0,automatic,12200,Castello/Castellon de La Plana,12100,Castellón,Castello/Castellon de La Plana
BMW,Serie 1,Diésel,133329.0,177.0,automatic,12200,Torremolinos,29620,Málaga,Torremolinos
BMW,Serie 1,Diésel,133329.0,177.0,automatic,12200,Torremolinos,29620,Málaga,Torremolinos
BMW,Serie 1,Diésel,133329.0,177.0,automatic,12200,Torremolinos,29620,Málaga,Torremolinos
BMW,Serie 1,Diésel,133329.0,177.0,automatic,12200,Getafe,28906,Madrid,Getafe
Chevrolet,Captiva,Diésel,117600.0,150.0,manual,7490,Leioa,48940,Bizkaia,Leioa
Chevrolet,Captiva,Diésel,96000.0,184.0,manual,11400,La Llagosta,8120,Barcelona,La Llagosta
Fiat,Tipo,Gasolina,8672.0,101.0,manual,20688,Sant Vicenç de Montalt,8394,Barcelona,Sant Vicenç de Montalt
Fiat,Tipo,Diésel,33000.0,95.0,manual,16900,Málaga,29004,Málaga,Málaga
Chevrolet,Spark,Gasolina,79052.0,68.0,manual,4890,Torrejón de Ardoz,28850,Madrid,Torrejón de Ardoz
Chevrolet,Spark,Gasolina,79052.0,68.0,manual,4890,Valencia,46002,Valencia,Valencia
Chevrolet,Spark,Gasolina,79052.0,68.0,manual,4890,Sant Boi de Llobregat,8830,Barcelona,Sant Boi de Llobregat
BMW,Serie 1,Diésel,133329.0,177.0,automatic,12200,Collado Villalba,28400,Madrid,Collado Villalba
BMW,Serie 1,Diésel,133329.0,177.0,automatic,12200,Collado Villalba,28400,Madrid,Collado Villalba
BMW,Serie 1,Diésel,133329.0,177.0,automatic,12200,Mercabilbao,48970,Bizkaia,Mercabilbao
BMW,Serie 1,Diésel,133329.0,177.0,automatic,12200,Santafe,18320,Granada,Santafe
BMW,Serie 6,Diésel,98000.0,313.0,automatic,31000,Lleida,25006,Lleida,Lleida
Mercedes-Benz,SLK,Gasolina,38000.0,163.0,manual,13500,Sabadell,8203,Barcelona,Sabadell
Citroen,Nemo,Diésel,115000.0,75.0,manual,5990,Viladecans,8840,Barcelona,Viladecans
Citroen,Nemo,Diésel,128907.0,80.0,manual,10900,A Coruña,15003,A Coruña,A Coruña
Citroen,Nemo,Diésel,128907.0,80.0,manual,10900,Poligono Industrial San Fernando,28830,Madrid,Poligono Industrial San Fernando
Citroen,Nemo,Diésel,128907.0,80.0,manual,10900,Santiago de Compostela,15890,A Coruña,Santiago de Compostela
Citroen,Nemo,Diésel,128907.0,80.0,manual,10900,San Fernando de Henares,28830,Madrid,San Fernando de Henares
Citroen,Nemo,Diésel,128907.0,80.0,manual,10900,Pontevedra,36161,Pontevedra,Pontevedra
Citroen,C3 Aircross,Diésel,53027.0,102.0,manual,18200,Collado Villalba,28400,Madrid,Collado Villalba
Citroen,C3 Aircross,Diésel,53027.0,102.0,manual,18200,Collado Villalba,28400,Madrid,Collado Villalba
Citroen,C3 Aircross,Diésel,53027.0,102.0,manual,18200,Vigo,36214,Pontevedra,Vigo
Citroen,C3 Aircross,Diésel,53027.0,102.0,manual,18200,Mercado Parque Corredor del Henares,28850,Madrid,Mercado Parque Corredor del Henares
Citroen,C3 Aircross,Gasolina,22593.0,110.0,manual,17480,Sant Vicenç de Montalt,8394,Barcelona,Sant Vicenç de Montalt
Citroen,C3 Aircross,Gasolina,22593.0,110.0,manual,17480,Estepona,29680,Málaga,Estepona
Citroen,C3 Aircross,Gasolina,22593.0,110.0,manual,17480,Murcia,30003,Murcia,Murcia
Citroen,C3 Aircross,Gasolina,22593.0,110.0,manual,17480,Saladar,3700,Alicante,Saladar
Citroen,C3 Aircross,Diésel,53027.0,102.0,manual,18200,Granollers,8403,Barcelona,Granollers
Citroen,C3 Aircross,Diésel,53027.0,102.0,manual,18200,Ciudad Real,13003,Ciudad Real,Ciudad Real
Citroen,C3 Aircross,Gasolina,22593.0,110.0,manual,17480,Badajoz,6008,Badajoz,Badajoz
Citroen,C3 Aircross,Diésel,53027.0,102.0,manual,18200,Badajoz,6008,Badajoz,Badajoz
Citroen,C3 Aircross,Gasolina,22593.0,110.0,manual,17480,Barcelona,8007,Barcelona,Barcelona
Citroen,C3 Aircross,Gasolina,22593.0,110.0,manual,17480,Olèrdola,8734,Barcelona,Olèrdola
Citroen,C3 Aircross,Gasolina,22593.0,110.0,manual,17480,Olèrdola,8734,Barcelona,Olèrdola
Citroen,C3 Aircross,Gasolina,22593.0,110.0,manual,17480,Santa Maria del Aguila,4710,Almería,Santa Maria del Aguila
Citroen,C3 Aircross,Gasolina,22593.0,110.0,manual,17480,Las Rozas de Madrid,28232,Madrid,Las Rozas de Madrid
Citroen,C3 Aircross,Gasolina,22593.0,110.0,manual,17480,Atarrabia,31610,Navarra,Atarrabia
Citroen,C3 Aircross,Gasolina,22593.0,110.0,manual,17480,Zaragoza,50013,Zaragoza,Zaragoza
Citroen,C3 Aircross,Gasolina,22593.0,110.0,manual,17480,Santafe,18320,Granada,Santafe
Citroen,C3 Aircross,Gasolina,22593.0,110.0,manual,17480,Mercabilbao,48970,Bizkaia,Mercabilbao
Fiat,Panda,Gasolina,78000.0,60.0,manual,4590,Torremolinos,29620,Málaga,Torremolinos
Fiat,Panda,Gasolina,78000.0,60.0,manual,4590,Torremolinos,29620,Málaga,Torremolinos
Fiat,Panda,Gasolina,78000.0,60.0,manual,4590,Torremolinos,29620,Málaga,Torremolinos
Citroen,C3,Diésel,76387.0,99.0,manual,12490,Madrid,28021,Madrid,Madrid
Citroen,C3,Gasolina,56861.0,110.0,automatic,15870,Barcelona,8007,Barcelona,Barcelona
Citroen,C3,Gasolina,57300.0,82.0,manual,8990,Murcia,30005,Murcia,Murcia
Citroen,C3,Gasolina,57300.0,82.0,manual,8990,Granada,18005,Granada,Granada
Fiat,500L,Gasolina,65756.0,95.0,manual,12600,Torremolinos,29620,Málaga,Torremolinos
Fiat,500L,Gasolina,65756.0,95.0,manual,12600,Torremolinos,29620,Málaga,Torremolinos
Fiat,500L,Gasolina,65756.0,95.0,manual,12600,Torremolinos,29620,Málaga,Torremolinos
Fiat,500L,Gasolina,103755.0,95.0,manual,12639,Getafe,28906,Madrid,Getafe
Fiat,500L,Gasolina,65756.0,95.0,manual,12600,Mercabilbao,48970,Bizkaia,Mercabilbao
Fiat,500L,Gasolina,65756.0,95.0,manual,12600,Getafe,28906,Madrid,Getafe
Fiat,500L,Gasolina,65756.0,95.0,manual,12600,Collado Villalba,28400,Madrid,Collado Villalba
Fiat,500L,Gasolina,65756.0,95.0,manual,12600,Collado Villalba,28400,Madrid,Collado Villalba
Fiat,500L,Gasolina,103755.0,95.0,manual,12639,Santafe,18320,Granada,Santafe
Fiat,500L,Gasolina,103755.0,95.0,manual,12639,Colonia Pablo Iglesias,28520,Madrid,Colonia Pablo Iglesias
Fiat,500L,Gasolina,65756.0,95.0,manual,12600,Colonia Pablo Iglesias,28520,Madrid,Colonia Pablo Iglesias
Fiat,500,Gasolina,59985.0,69.0,manual,9990,Òrrius,8317,Barcelona,Òrrius
Fiat,500,Gasolina,59985.0,69.0,manual,9990,Málaga,29005,Málaga,Málaga
Fiat,500,Gasolina,59985.0,69.0,manual,9990,Palma de Mallorca,7003,Baleares,Palma de Mallorca
Jeep,Compass,Diésel,57992.0,120.0,manual,24990,Inca,7300,Baleares,Inca
Citroen,Grand C4 SpaceTourer,Gasolina,95000.0,131.0,manual,17999,Alcalá de Guadaíra,41500,Sevilla,Alcalá de Guadaíra
Citroen,C-Élysée,Gasolina,66654.0,82.0,manual,10490,Bilbao,48004,Bizkaia,Bilbao
Citroen,C-Élysée,Gasolina,66654.0,82.0,manual,10490,Ullastrell,8231,Barcelona,Ullastrell
Citroen,C-Élysée,Gasolina,66654.0,82.0,manual,10490,Vigo,36211,Pontevedra,Vigo
Citroen,C-Élysée,Gasolina,66654.0,82.0,manual,10490,Òrrius,8317,Barcelona,Òrrius
Citroen,C-Élysée,Gasolina,66654.0,82.0,manual,10490,Murcia,30005,Murcia,Murcia
Citroen,C-Élysée,Gasolina,66654.0,82.0,manual,10490,Valencia,46001,Valencia,Valencia
Citroen,C-Élysée,Gasolina,66654.0,82.0,manual,10490,Tarragona,43006,Tarragona,Tarragona
Citroen,C5 Aircross,Diésel,60000.0,131.0,manual,24970,Esplugues de Llobregat,8950,Barcelona,Esplugues de Llobregat
Fiat,Punto,Gasolina,158466.0,69.0,manual,5990,Algeciras,11202,Cádiz,Algeciras
Mitsubishi,L 200,Diésel,142000.0,115.0,manual,8690,Novelda,3660,Alicante,Novelda
Fiat,Croma,Diésel,246800.0,150.0,manual,3200,Málaga,29004,Málaga,Málaga
Nissan,NV200,Diésel,132550.0,90.0,manual,15850,Mataró,8302,Barcelona,Mataró
Citroen,DS5,Eléctrico,139900.0,200.0,manual,15800,Valencia,46023,Valencia,Valencia
Alfa Romeo,MiTO,Diésel,89901.0,120.0,manual,8800,Fornells de la Selva,17458,Girona,Fornells de la Selva
Alfa Romeo,MiTO,Diésel,89901.0,120.0,manual,8700,Fornells de la Selva,17458,Girona,Fornells de la Selva
Alfa Romeo,Spider,Gasolina,49456.0,166.0,manual,10990,Barcelona,8006,Barcelona,Barcelona
Alfa Romeo,Stelvio,Gasolina,54905.0,280.0,automatic,33990,Vigo,36211,Pontevedra,Vigo
Alfa Romeo,Stelvio,Gasolina,54905.0,280.0,automatic,33990,Urbanizacion La Granjilla,28700,Madrid,Urbanizacion La Granjilla
Alfa Romeo,Stelvio,Gasolina,54905.0,280.0,automatic,33990,Málaga,29005,Málaga,Málaga
Alfa Romeo,Stelvio,Gasolina,54905.0,280.0,automatic,33990,Villaviciosa de Odón,28670,Madrid,Villaviciosa de Odón
Alfa Romeo,Stelvio,Gasolina,54905.0,280.0,automatic,33990,Colonia Pablo Iglesias,28520,Madrid,Colonia Pablo Iglesias
Alfa Romeo,Stelvio,Gasolina,54905.0,280.0,automatic,33990,Camarma de Esteruelas,28816,Madrid,Camarma de Esteruelas
Alfa Romeo,Stelvio,Gasolina,54905.0,280.0,automatic,33990,Camarma de Esteruelas,28816,Madrid,Camarma de Esteruelas
Alfa Romeo,Giulietta,Gasolina,77638.0,120.0,manual,15870,Sant Vicenç de Montalt,8394,Barcelona,Sant Vicenç de Montalt
Alfa Romeo,Giulietta,Gasolina,77638.0,120.0,manual,15870,Estepona,29680,Málaga,Estepona
Alfa Romeo,Giulietta,Gasolina,77638.0,120.0,manual,15870,Murcia,30003,Murcia,Murcia
Alfa Romeo,Giulietta,Gasolina,77638.0,120.0,manual,15870,Saladar,3700,Alicante,Saladar
Jeep,Grand Cherokee,Diésel,106425.0,250.0,automatic,26990,Vigo,36211,Pontevedra,Vigo
Jeep,Grand Cherokee,Diésel,177688.0,241.0,automatic,15990,Valencia,46001,Valencia,Valencia
Alfa Romeo,159,Diésel,120.0,150.0,manual,6990,Sagunt/Sagunto,46500,Valencia,Sagunt/Sagunto
Alfa Romeo,159,Diésel,289500.0,200.0,manual,4800,Palamós,17230,Girona,Palamós
Ford,Edge,Diésel,113900.0,210.0,automatic,29990,Sevilla,41005,Sevilla,Sevilla
Ford,Edge,Diésel,113900.0,210.0,automatic,29990,Villaviciosa de Odón,28670,Madrid,Villaviciosa de Odón
Ford,Edge,Diésel,174895.0,210.0,automatic,21900,Santa Maria del Aguila,4710,Almería,Santa Maria del Aguila
Ford,Edge,Diésel,174895.0,210.0,automatic,21900,Sant Vicenç de Montalt,8394,Barcelona,Sant Vicenç de Montalt
Volkswagen,Transporter,Diésel,127705.0,102.0,manual,16900,Alcalá de Guadaíra,41500,Sevilla,Alcalá de Guadaíra
Volkswagen,Transporter,Diésel,127705.0,102.0,manual,16900,Saladar,3700,Alicante,Saladar
Volkswagen,Transporter,Diésel,127705.0,102.0,manual,16900,Valdepeñas,13300,Ciudad Real,Valdepeñas
Volkswagen,Transporter,Diésel,127705.0,102.0,manual,16900,Valdepeñas,13300,Ciudad Real,Valdepeñas
Volkswagen,Transporter,Diésel,127705.0,102.0,manual,16900,Atarrabia,31610,Navarra,Atarrabia
Volkswagen,Transporter,Diésel,127705.0,102.0,manual,16900,Santiago de Compostela,15703,A Coruña,Santiago de Compostela
Volkswagen,Transporter,Diésel,127705.0,102.0,manual,16900,Alzira,46600,Valencia,Alzira
Volkswagen,Transporter,Diésel,127705.0,102.0,manual,16900,Alzira,46600,Valencia,Alzira
Volkswagen,Transporter,Diésel,127705.0,102.0,manual,16900,Alcobendas,28100,Madrid,Alcobendas
Volkswagen,Transporter,Diésel,127705.0,102.0,manual,16900,Las Rozas de Madrid,28232,Madrid,Las Rozas de Madrid
Volkswagen,Transporter,Diésel,127705.0,102.0,manual,16900,Alameda del Obispo,14005,Córdoba,Alameda del Obispo
Volkswagen,Transporter,Diésel,127705.0,102.0,manual,16900,Torremolinos,29620,Málaga,Torremolinos
Volkswagen,Transporter,Diésel,127705.0,102.0,manual,16900,Torremolinos,29620,Málaga,Torremolinos
Volkswagen,Transporter,Diésel,127705.0,102.0,manual,16900,Torremolinos,29620,Málaga,Torremolinos
Volkswagen,T-Roc,Gasolina,25729.0,150.0,manual,29900,Santa Coloma de Gramenet,8921,Barcelona,Santa Coloma de Gramenet
Volkswagen,T-Roc,Diésel,27972.0,150.0,automatic,31900,Fornells de la Selva,17458,Girona,Fornells de la Selva
Volkswagen,T-Roc,Gasolina,13818.0,150.0,automatic,30500,Fornells de la Selva,17458,Girona,Fornells de la Selva
Volkswagen,T-Roc,Gasolina,17264.0,110.0,manual,28900,Fornells de la Selva,17458,Girona,Fornells de la Selva
Alfa Romeo,147,Diésel,132838.0,120.0,manual,5990,Fuenlabrada,28946,Madrid,Fuenlabrada
Abarth,500,Gasolina,31346.0,145.0,manual,18630,Estepona,29680,Málaga,Estepona
Abarth,500,Gasolina,26188.0,145.0,manual,16990,Castellón,12001,Castellón,Castellón
Abarth,500,Gasolina,26188.0,145.0,manual,16990,Bilbao,48004,Bizkaia,Bilbao
Abarth,500,Gasolina,26188.0,145.0,manual,16990,Sevilla,41005,Sevilla,Sevilla
Abarth,500,Gasolina,26188.0,145.0,manual,16990,Almería,4006,Almería,Almería
Abarth,500,Gasolina,26188.0,145.0,manual,16990,Vigo,36211,Pontevedra,Vigo
Abarth,500,Gasolina,26188.0,145.0,manual,16990,Valencia,46001,Valencia,Valencia
Abarth,500,Gasolina,31346.0,145.0,manual,18630,Olèrdola,8734,Barcelona,Olèrdola
Abarth,500,Gasolina,31346.0,145.0,manual,18630,Olèrdola,8734,Barcelona,Olèrdola
Abarth,500,Gasolina,26188.0,145.0,manual,16990,Palma de Mallorca,7003,Baleares,Palma de Mallorca
Abarth,500,Gasolina,31346.0,145.0,manual,18630,Santa Maria del Aguila,4710,Almería,Santa Maria del Aguila
Abarth,500,Gasolina,26188.0,145.0,manual,16990,Tarragona,43006,Tarragona,Tarragona
Abarth,500,Gasolina,31346.0,145.0,manual,18630,Las Rozas de Madrid,28232,Madrid,Las Rozas de Madrid
Abarth,500,Gasolina,31346.0,145.0,manual,18630,Paterna,46980,Valencia,Paterna
Abarth,500,Gasolina,31346.0,145.0,manual,18630,Atarrabia,31610,Navarra,Atarrabia
Abarth,500,Gasolina,31346.0,145.0,manual,18630,Alcalá de Guadaíra,41500,Sevilla,Alcalá de Guadaíra
Ford,EcoSport,Diésel,115865.0,91.0,manual,11935,Colonia Pablo Iglesias,28520,Madrid,Colonia Pablo Iglesias
Ford,EcoSport,Diésel,115865.0,91.0,manual,11935,Paterna,46980,Valencia,Paterna
Ford,EcoSport,Diésel,115865.0,91.0,manual,11935,Albacete,2001,Albacete,Albacete
Ford,EcoSport,Diésel,115865.0,91.0,manual,11935,Alzira,46600,Valencia,Alzira
Ford,EcoSport,Diésel,115865.0,91.0,manual,11935,Alzira,46600,Valencia,Alzira
Ford,EcoSport,Diésel,115865.0,91.0,manual,11935,Alicante,3007,Alicante,Alicante
Ford,EcoSport,Gasolina,90237.0,140.0,manual,17800,Zaragoza,50013,Zaragoza,Zaragoza
Ford,Kuga,Gasolina,77000.0,150.0,manual,16490,Vigo,36211,Pontevedra,Vigo
Ford,Kuga,Diésel,166500.0,180.0,automatic,17990,Almería,4006,Almería,Almería
Ford,Kuga,Diésel,166500.0,180.0,automatic,17990,Bilbao,48004,Bizkaia,Bilbao
Ford,Kuga,Gasolina,77000.0,150.0,manual,16490,Ullastrell,8231,Barcelona,Ullastrell
Ford,Kuga,Gasolina,31898.0,150.0,manual,16990,Málaga,29005,Málaga,Málaga
Mazda,CX-3,Diésel,107437.0,105.0,manual,13990,Cáceres,10001,Cáceres,Cáceres
Mazda,CX-3,Diésel,72370.0,105.0,manual,18975,Atarrabia,31610,Navarra,Atarrabia
Mazda,CX-3,Diésel,125000.0,105.0,manual,14990,Arroyomolinos,28939,Madrid,Arroyomolinos
Mazda,CX-3,Diésel,125000.0,105.0,manual,14990,Arroyomolinos,28939,Madrid,Arroyomolinos
Mazda,CX-3,Diésel,125000.0,105.0,manual,13990,Arroyomolinos,28939,Madrid,Arroyomolinos
Mazda,CX-3,Diésel,125000.0,105.0,manual,13990,Arroyomolinos,28939,Madrid,Arroyomolinos
Mazda,CX-3,Gasolina,36800.0,121.0,manual,20290,Móstoles,28933,Madrid,Móstoles
Mazda,CX-3,Gasolina,11503.0,121.0,manual,23499,Barcelona,8007,Barcelona,Barcelona
Mazda,CX-3,Gasolina,11503.0,121.0,manual,22999,Barcelona,8007,Barcelona,Barcelona
Mazda,CX-30,Gasolina,43589.0,122.0,manual,24955,Vigo,36214,Pontevedra,Vigo
Mazda,CX-30,Gasolina,64140.0,180.0,automatic,27200,Torremolinos,29620,Málaga,Torremolinos
Mazda,CX-30,Gasolina,64140.0,180.0,automatic,27200,Torremolinos,29620,Málaga,Torremolinos
Mazda,CX-30,Gasolina,64140.0,180.0,automatic,27200,Torremolinos,29620,Málaga,Torremolinos
Audi,S3,Gasolina,127220.0,300.0,manual,27990,Churriana de la Vega,18194,Granada,Churriana de la Vega
Audi,S3,Gasolina,127220.0,300.0,manual,27990,Churriana de la Vega,18194,Granada,Churriana de la Vega
Mazda,CX-7,Diésel,137000.0,173.0,manual,10490,Fuenlabrada,28943,Madrid,Fuenlabrada
Mazda,CX-7,Diésel,211839.0,173.0,manual,9890,Gandia,46701,Valencia,Gandia
Mazda,CX-7,Diésel,280525.0,173.0,manual,6890,Sevilla,41005,Sevilla,Sevilla
CUPRA,Leon,Gasolina,5800.0,300.0,automatic,37900,Barcelona,8007,Barcelona,Barcelona
CUPRA,Leon,Gasolina,5800.0,300.0,automatic,37900,Zaragoza,50014,Zaragoza,Zaragoza
Dacia,Logan,Diésel,110000.0,70.0,manual,3290,Valdefuentes,28939,Madrid,Valdefuentes
Dacia,Logan,Diésel,110000.0,70.0,manual,3290,Valdefuentes,28939,Madrid,Valdefuentes
Dacia,Logan,Gasolina,240000.0,104.0,manual,1499,Catarroja,46470,Valencia,Catarroja
Dacia,Logan,Gasolina,240000.0,104.0,manual,1499,Catarroja,46470,Valencia,Catarroja
Dacia,Logan,Gasolina,240000.0,104.0,manual,1499,Catarroja,46470,Valencia,Catarroja
Dacia,Logan,Gasolina,240000.0,104.0,manual,1499,Catarroja,46470,Valencia,Catarroja
Mazda,2,Gasolina,45861.0,90.0,manual,12790,Oviedo,33003,Asturias,Oviedo
Mazda,2,Gasolina,134800.0,90.0,manual,11490,Murcia,30005,Murcia,Murcia
Mazda,2,Gasolina,134800.0,90.0,manual,11490,Granada,18005,Granada,Granada
Honda,CR-V,Diésel,162262.0,150.0,automatic,16854,Mercado Parque Corredor del Henares,28850,Madrid,Mercado Parque Corredor del Henares
Honda,CR-V,Diésel,162262.0,150.0,automatic,16854,Colonia Pablo Iglesias,28520,Madrid,Colonia Pablo Iglesias
Honda,CR-V,Diésel,162262.0,150.0,automatic,16854,Murcia,30003,Murcia,Murcia
Honda,CR-V,Diésel,162262.0,150.0,automatic,16854,Granollers,8403,Barcelona,Granollers
Honda,CR-V,Diésel,162262.0,150.0,automatic,16854,Valdepeñas,13300,Ciudad Real,Valdepeñas
Honda,CR-V,Diésel,162262.0,150.0,automatic,16854,Valdepeñas,13300,Ciudad Real,Valdepeñas
Honda,CR-V,Diésel,162262.0,150.0,automatic,16854,Barcelona,8007,Barcelona,Barcelona
Honda,CR-V,Diésel,162262.0,150.0,automatic,16854,Las Rozas de Madrid,28232,Madrid,Las Rozas de Madrid
Honda,CR-V,Diésel,162262.0,150.0,automatic,16854,Atarrabia,31610,Navarra,Atarrabia
Honda,CR-V,Diésel,162262.0,150.0,automatic,16854,Santafe,18320,Granada,Santafe
Honda,CR-V,Diésel,162262.0,150.0,automatic,16854,Mercabilbao,48970,Bizkaia,Mercabilbao
Honda,CR-V,Diésel,162262.0,150.0,automatic,16854,Alzira,46600,Valencia,Alzira
Honda,CR-V,Diésel,162262.0,150.0,automatic,16854,Alzira,46600,Valencia,Alzira
Honda,CR-V,Diésel,162262.0,150.0,automatic,16854,Castello/Castellon de La Plana,12100,Castellón,Castello/Castellon de La Plana
Honda,CR-V,Diésel,162262.0,150.0,automatic,16854,Alicante,3007,Alicante,Alicante
Honda,CR-V,Diésel,162262.0,150.0,automatic,16854,Getafe,28906,Madrid,Getafe
Honda,CR-V,Diésel,162262.0,150.0,automatic,16854,Alameda del Obispo,14005,Córdoba,Alameda del Obispo
Honda,CR-V,Diésel,162262.0,150.0,automatic,16854,Torremolinos,29620,Málaga,Torremolinos
Honda,CR-V,Diésel,162262.0,150.0,automatic,16854,Torremolinos,29620,Málaga,Torremolinos
Honda,CR-V,Diésel,162262.0,150.0,automatic,16854,Torremolinos,29620,Málaga,Torremolinos
Honda,CR-V,Diésel,162262.0,150.0,automatic,16854,Santiago de Compostela,15703,A Coruña,Santiago de Compostela
Honda,CR-V,Eléctrico,61000.0,184.0,automatic,35490,Bilbao,48001,Bizkaia,Bilbao
Mazda,MX-5,Gasolina,116753.0,146.0,manual,10990,Colonia Pablo Iglesias,28520,Madrid,Colonia Pablo Iglesias
Mazda,MX-5,Gasolina,116753.0,146.0,manual,10990,Atarrabia,31610,Navarra,Atarrabia
Mazda,MX-5,Gasolina,37800.0,160.0,manual,25490,Móstoles,28933,Madrid,Móstoles
Honda,Jazz,Gasolina,12580.0,102.0,automatic,18400,Getafe,28906,Madrid,Getafe
Honda,Jazz,Gasolina,12580.0,102.0,automatic,18400,Ciudad Real,13003,Ciudad Real,Ciudad Real
Honda,Jazz,Gasolina,12580.0,102.0,automatic,18400,Estepona,29680,Málaga,Estepona
Honda,Jazz,Gasolina,12580.0,102.0,automatic,18400,Barcelona,8007,Barcelona,Barcelona
Honda,Jazz,Gasolina,12580.0,102.0,automatic,18400,Mercado Parque Corredor del Henares,28850,Madrid,Mercado Parque Corredor del Henares
Honda,Jazz,Gasolina,12580.0,102.0,automatic,18400,Valdepeñas,13300,Ciudad Real,Valdepeñas
Honda,Jazz,Gasolina,12580.0,102.0,automatic,18400,Valdepeñas,13300,Ciudad Real,Valdepeñas
Honda,Jazz,Gasolina,12580.0,102.0,automatic,18400,Sant Vicenç de Montalt,8394,Barcelona,Sant Vicenç de Montalt
Honda,Jazz,Gasolina,12580.0,102.0,automatic,18400,Atarrabia,31610,Navarra,Atarrabia
Honda,Jazz,Gasolina,12580.0,102.0,automatic,18400,Santa Maria del Aguila,4710,Almería,Santa Maria del Aguila
Audi,A4 Allroad,Diésel,155000.0,163.0,automatic,26900,Plataforma Logistica Plaza,50197,Zaragoza,Plataforma Logistica Plaza
Honda,HR-V,Gasolina,30474.0,130.0,manual,20585,Ciudad Real,13003,Ciudad Real,Ciudad Real
Honda,HR-V,Gasolina,30474.0,130.0,manual,20585,Badajoz,6008,Badajoz,Badajoz
Honda,HR-V,Gasolina,30474.0,130.0,manual,20585,Santa Maria del Aguila,4710,Almería,Santa Maria del Aguila
Honda,HR-V,Gasolina,30474.0,130.0,manual,20585,Paterna,46980,Valencia,Paterna
Honda,HR-V,Gasolina,30474.0,130.0,manual,20585,Mercado Parque Corredor del Henares,28850,Madrid,Mercado Parque Corredor del Henares
Honda,HR-V,Gasolina,30474.0,130.0,manual,20585,Estepona,29680,Málaga,Estepona
Honda,HR-V,Gasolina,30474.0,130.0,manual,20585,Saladar,3700,Alicante,Saladar
Honda,HR-V,Gasolina,30474.0,130.0,manual,20585,Mercabilbao,48970,Bizkaia,Mercabilbao
Honda,HR-V,Gasolina,30474.0,130.0,manual,20585,Alcalá de Guadaíra,41500,Sevilla,Alcalá de Guadaíra
Honda,HR-V,Gasolina,30474.0,130.0,manual,20585,Hidraulica Santillana,28770,Madrid,Hidraulica Santillana
Honda,HR-V,Gasolina,30474.0,130.0,manual,20585,Alcobendas,28100,Madrid,Alcobendas
Honda,HR-V,Gasolina,30474.0,130.0,manual,20585,Castello/Castellon de La Plana,12100,Castellón,Castello/Castellon de La Plana
Honda,HR-V,Gasolina,30474.0,130.0,manual,20585,Albacete,2001,Albacete,Albacete
Honda,HR-V,Gasolina,30474.0,130.0,manual,20585,Alicante,3007,Alicante,Alicante
Honda,HR-V,Gasolina,30474.0,130.0,manual,20585,Torremolinos,29620,Málaga,Torremolinos
Honda,HR-V,Gasolina,30474.0,130.0,manual,20585,Torremolinos,29620,Málaga,Torremolinos
Honda,HR-V,Gasolina,30474.0,130.0,manual,20585,Torremolinos,29620,Málaga,Torremolinos
Honda,HR-V,Gasolina,30474.0,130.0,manual,20585,Santiago de Compostela,15703,A Coruña,Santiago de Compostela
Honda,HR-V,Gasolina,30474.0,130.0,manual,20585,Getafe,28906,Madrid,Getafe
Honda,HR-V,Gasolina,30474.0,130.0,manual,20585,Alameda del Obispo,14005,Córdoba,Alameda del Obispo
Mazda,CX-5,Gasolina,116703.0,165.0,manual,20990,Madrid,28021,Madrid,Madrid
Mazda,CX-5,Gasolina,116703.0,165.0,manual,20490,Madrid,28021,Madrid,Madrid
Mazda,CX-5,Diésel,76359.0,150.0,manual,23790,Madrid,28021,Madrid,Madrid
Mazda,CX-5,Diésel,76359.0,150.0,manual,23990,Madrid,28021,Madrid,Madrid
Mazda,CX-5,Diésel,161089.0,150.0,manual,12650,Sant Vicenç de Montalt,8394,Barcelona,Sant Vicenç de Montalt
Mazda,CX-5,Diésel,161089.0,150.0,manual,12650,Olèrdola,8734,Barcelona,Olèrdola
Mazda,CX-5,Diésel,161089.0,150.0,manual,12650,Olèrdola,8734,Barcelona,Olèrdola
Mazda,CX-5,Gasolina,81448.0,165.0,manual,16990,Vigo,36211,Pontevedra,Vigo
Ford,Tourneo Connect,Diésel,285000.0,75.0,manual,2500,Sant Vicenç dels Horts,8620,Barcelona,Sant Vicenç dels Horts
Ford,Tourneo Connect,Diésel,220000.0,110.0,manual,5995,Lleida,25197,Lleida,Lleida
Hyundai,Elantra,Gasolina,147754.0,132.0,manual,7490,Sevilla,41005,Sevilla,Sevilla
Hyundai,Elantra,Gasolina,147754.0,132.0,manual,7490,Vigo,36211,Pontevedra,Vigo
Hyundai,Elantra,Gasolina,147754.0,132.0,manual,7490,Almería,4006,Almería,Almería
Hyundai,Elantra,Gasolina,147754.0,132.0,manual,7490,Las Rozas de Madrid,28232,Madrid,Las Rozas de Madrid
Hyundai,Elantra,Gasolina,147754.0,132.0,manual,7490,Collado Villalba,28400,Madrid,Collado Villalba
Hyundai,Elantra,Gasolina,147754.0,132.0,manual,7490,Collado Villalba,28400,Madrid,Collado Villalba
Hyundai,Elantra,Gasolina,147754.0,132.0,manual,7490,Toledo,45002,Toledo,Toledo
Hyundai,Elantra,Gasolina,147754.0,132.0,manual,7490,Fuenlabrada,28947,Madrid,Fuenlabrada
Hyundai,Elantra,Gasolina,147754.0,132.0,manual,7490,Colonia Pablo Iglesias,28520,Madrid,Colonia Pablo Iglesias
Hyundai,IONIQ,Eléctrico,42000.0,141.0,automatic,19900,Arroyo de La Miel,29631,Málaga,Arroyo de La Miel
Peugeot,206,Diésel,223000.0,75.0,manual,1990,Camporredondo,23269,Jaén,Camporredondo
Peugeot,206,Diésel,223000.0,75.0,manual,1600,Camporredondo,23269,Jaén,Camporredondo
Ford,Transit Connect,Diésel,117384.0,75.0,manual,9500,A Coruña,15001,A Coruña,A Coruña
Ford,Transit Connect,Diésel,117384.0,75.0,manual,9500,Vigo,36204,Pontevedra,Vigo
Hyundai,ix35,Diésel,175000.0,115.0,manual,10999,Torrellano,3320,Alicante,Torrellano
Hyundai,Getz,Diésel,145753.0,82.0,manual,2999,Benimamet,46035,Valencia,Benimamet
Hyundai,Getz,Gasolina,199800.0,82.0,manual,1749,Mungia,48100,Bizkaia,Mungia
Hyundai,Getz,Gasolina,119777.0,66.0,manual,2220,Madrid,28026,Madrid,Madrid
Hyundai,i20,Gasolina,10579.0,84.0,manual,13490,Sevilla,41005,Sevilla,Sevilla
Hyundai,i20,Gasolina,10579.0,84.0,manual,13490,Valencia,46001,Valencia,Valencia
Hyundai,i20,Gasolina,13577.0,100.0,manual,15999,San Fernando de Henares,28830,Madrid,San Fernando de Henares
Hyundai,i20,Gasolina,13577.0,100.0,manual,15999,Molino de La Hoz,28290,Madrid,Molino de La Hoz
Hyundai,i20,Gasolina,13577.0,100.0,manual,15999,Pontevedra,36161,Pontevedra,Pontevedra
Peugeot,508,Gasolina,29960.0,180.0,automatic,27800,Santander,39002,Cantabria,Santander
Peugeot,508,Gasolina,29960.0,180.0,automatic,27800,San Sebastián de Los Reyes,28700,Madrid,San Sebastián de Los Reyes
Peugeot,508,Gasolina,29960.0,180.0,automatic,27800,Murcia,30001,Murcia,Murcia
Peugeot,508,Gasolina,29960.0,180.0,automatic,27800,Toledo,45002,Toledo,Toledo
Peugeot,508,Gasolina,29960.0,180.0,automatic,27800,Málaga,29015,Málaga,Málaga
Hyundai,i10,Gasolina,23751.0,67.0,manual,10399,Madrid,28014,Madrid,Madrid
Hyundai,i10,Gasolina,23751.0,67.0,manual,10199,Madrid,28014,Madrid,Madrid
Hyundai,i10,Gasolina,84731.0,67.0,manual,8999,Barcelona,8007,Barcelona,Barcelona
Hyundai,i10,Gasolina,23751.0,67.0,manual,10399,Barcelona,8007,Barcelona,Barcelona
Hyundai,i10,Gasolina,23751.0,67.0,manual,10199,Barcelona,8007,Barcelona,Barcelona
Hyundai,Kona,Eléctrico,49900.0,204.0,automatic,31900,Alcalá de Henares,28803,Madrid,Alcalá de Henares
Hyundai,Kona,Gasolina,43649.0,120.0,manual,17900,Riba-Roja de Turia,46190,Valencia,Riba-Roja de Turia
Peugeot,e-2008,Eléctrico,30481.0,136.0,automatic,29900,Alcobendas,28100,Madrid,Alcobendas
Peugeot,e-2008,Eléctrico,30481.0,136.0,automatic,29900,Saladar,3700,Alicante,Saladar
Peugeot,e-2008,Eléctrico,30481.0,136.0,automatic,29900,Alicante,3007,Alicante,Alicante
Hyundai,Coupe,Gasolina,105000.0,143.0,manual,4990,Fuenlabrada,28946,Madrid,Fuenlabrada
Peugeot,308,Diésel,46888.0,130.0,manual,14990,Sevilla,41005,Sevilla,Sevilla
Peugeot,308,Diésel,46888.0,130.0,manual,14990,Vigo,36211,Pontevedra,Vigo
Peugeot,308,Gasolina,89556.0,130.0,manual,11990,Bilbao,48004,Bizkaia,Bilbao
Peugeot,308,Diésel,119000.0,130.0,manual,208,Barcelona,8007,Barcelona,Barcelona
Peugeot,308,Diésel,147851.0,120.0,manual,12420,Zaragoza,50013,Zaragoza,Zaragoza
Peugeot,Expert,Diésel,178000.0,95.0,manual,11800,Alella,8328,Barcelona,Alella
Peugeot,Expert,Diésel,119993.0,122.0,manual,20990,Alzira,46600,Valencia,Alzira
Peugeot,Expert,Diésel,119993.0,122.0,manual,20990,Alzira,46600,Valencia,Alzira
Peugeot,e-208,Eléctrico,35891.0,136.0,automatic,29250,Sant Vicenç de Montalt,8394,Barcelona,Sant Vicenç de Montalt
Peugeot,e-208,Eléctrico,59000.0,136.0,automatic,24490,Madrid,28021,Madrid,Madrid
Peugeot,e-208,Eléctrico,59000.0,136.0,automatic,24190,Madrid,28021,Madrid,Madrid
Peugeot,e-208,Eléctrico,59000.0,136.0,automatic,23890,Madrid,28021,Madrid,Madrid
Peugeot,e-208,Eléctrico,3.0,136.0,automatic,33400,Sotillo de la Adrada,5420,Ávila,Sotillo de la Adrada
Peugeot,e-208,Eléctrico,56064.0,136.0,automatic,25490,Madrid,28021,Madrid,Madrid
Peugeot,e-208,Eléctrico,56064.0,136.0,automatic,25190,Madrid,28021,Madrid,Madrid
Peugeot,e-208,Eléctrico,56064.0,136.0,automatic,24890,Madrid,28021,Madrid,Madrid
Peugeot,e-208,Eléctrico,45787.0,136.0,automatic,25590,Madrid,28021,Madrid,Madrid
Peugeot,e-208,Eléctrico,45787.0,136.0,automatic,25290,Madrid,28021,Madrid,Madrid
Peugeot,e-208,Eléctrico,45787.0,136.0,automatic,24990,Madrid,28021,Madrid,Madrid
Peugeot,1007,Gasolina,182000.0,75.0,manual,3990,Santander,39011,Cantabria,Santander
Peugeot,1007,Gasolina,129000.0,75.0,manual,3500,Constantí,43120,Tarragona,Constantí
Peugeot,Partner,Diésel,150750.0,100.0,manual,8990,Granada,18005,Granada,Granada
Peugeot,Partner,Diésel,99950.0,100.0,manual,279,Barcelona,8007,Barcelona,Barcelona
Hyundai,i40,Diésel,117981.0,141.0,manual,15900,Sevilla,41004,Sevilla,Sevilla
Hyundai,i40,Diésel,117981.0,141.0,manual,15900,Huelva,21004,Huelva,Huelva
Hyundai,i40,Diésel,117981.0,141.0,manual,15900,Valencia,46003,Valencia,Valencia
Hyundai,i40,Diésel,117981.0,141.0,manual,15900,Leganés,28911,Madrid,Leganés
Hyundai,i40,Diésel,117981.0,141.0,manual,15900,Móstoles,28931,Madrid,Móstoles
Peugeot,Partner,Diésel,85000.0,102.0,manual,299,Valencia,46005,Valencia,Valencia
Peugeot,Partner,Diésel,99950.0,100.0,manual,282,Madrid,28006,Madrid,Madrid
Peugeot,Partner,Diésel,95009.0,100.0,manual,17990,Sevilla,41005,Sevilla,Sevilla
Peugeot,3008,Gasolina,86638.0,120.0,manual,9999,Barcelona,8007,Barcelona,Barcelona
Peugeot,3008,Gasolina,18455.0,130.0,manual,25399,Madrid,28014,Madrid,Madrid
Peugeot,3008,Gasolina,18455.0,130.0,manual,25399,Barcelona,8007,Barcelona,Barcelona
Peugeot,3008,Diésel,77974.0,130.0,manual,19990,Alicante,3010,Alicante,Alicante
Peugeot,3008,Diésel,77974.0,130.0,manual,19990,Alicante,3010,Murcia,Alicante
Peugeot,3008,Diésel,77974.0,130.0,manual,19990,Vigo,36211,Pontevedra,Vigo
Peugeot,107,Diésel,78899.0,70.0,manual,5900,Granollers,8403,Barcelona,Granollers
Volvo,XC60,Diésel,156215.0,150.0,manual,21700,Albacete,2001,Albacete,Albacete
Volvo,XC60,Diésel,156215.0,150.0,manual,21700,Hidraulica Santillana,28770,Madrid,Hidraulica Santillana
Volvo,XC60,Diésel,156215.0,150.0,manual,21700,Badajoz,6008,Badajoz,Badajoz
Volvo,XC60,Diésel,156215.0,150.0,manual,21700,Saladar,3700,Alicante,Saladar
Volvo,XC60,Diésel,156215.0,150.0,manual,21700,Santafe,18320,Granada,Santafe
Mercedes-Benz,Clase A,Eléctrico,30685.0,218.0,automatic,37835,Collado Villalba,28400,Madrid,Collado Villalba
Mercedes-Benz,Clase A,Eléctrico,30685.0,218.0,automatic,37835,Collado Villalba,28400,Madrid,Collado Villalba
Mercedes-Benz,Clase A,Eléctrico,30685.0,218.0,automatic,37835,Mercado Parque Corredor del Henares,28850,Madrid,Mercado Parque Corredor del Henares
Mercedes-Benz,Clase A,Eléctrico,30685.0,218.0,automatic,37835,Colonia Pablo Iglesias,28520,Madrid,Colonia Pablo Iglesias
Mercedes-Benz,Clase A,Gasolina,61989.0,163.0,automatic,30450,Sant Vicenç de Montalt,8394,Barcelona,Sant Vicenç de Montalt
Mercedes-Benz,Clase A,Eléctrico,30685.0,218.0,automatic,37835,Sant Vicenç de Montalt,8394,Barcelona,Sant Vicenç de Montalt
Mercedes-Benz,Clase A,Eléctrico,30685.0,218.0,automatic,37835,Badajoz,6008,Badajoz,Badajoz
Mercedes-Benz,Clase A,Gasolina,61989.0,163.0,automatic,30450,Barcelona,8007,Barcelona,Barcelona
Mercedes-Benz,Clase A,Eléctrico,30685.0,218.0,automatic,37835,Barcelona,8007,Barcelona,Barcelona
Mercedes-Benz,Clase A,Gasolina,61989.0,163.0,automatic,30450,Olèrdola,8734,Barcelona,Olèrdola
Mercedes-Benz,Clase A,Gasolina,61989.0,163.0,automatic,30450,Olèrdola,8734,Barcelona,Olèrdola
Mercedes-Benz,Clase A,Eléctrico,30685.0,218.0,automatic,37835,Olèrdola,8734,Barcelona,Olèrdola
Mercedes-Benz,Clase A,Eléctrico,30685.0,218.0,automatic,37835,Olèrdola,8734,Barcelona,Olèrdola
Mercedes-Benz,Clase A,Gasolina,61989.0,163.0,automatic,30450,Santa Maria del Aguila,4710,Almería,Santa Maria del Aguila
Mercedes-Benz,Clase A,Eléctrico,30685.0,218.0,automatic,37835,Santa Maria del Aguila,4710,Almería,Santa Maria del Aguila
Citroen,C3 Picasso,Gasolina,45926.0,110.0,manual,12420,Vigo,36214,Pontevedra,Vigo
Citroen,C3 Picasso,Gasolina,45926.0,110.0,manual,12420,Saladar,3700,Alicante,Saladar
Citroen,C3 Picasso,Gasolina,45926.0,110.0,manual,12420,Granollers,8403,Barcelona,Granollers
Citroen,C3 Picasso,Gasolina,45926.0,110.0,manual,12420,Badajoz,6008,Badajoz,Badajoz
Citroen,C3 Picasso,Gasolina,45926.0,110.0,manual,12420,Barcelona,8007,Barcelona,Barcelona
Peugeot,607,Diésel,119800.0,136.0,manual,6680,Guadalajara,19003,Guadalajara,Guadalajara
Peugeot,607,Diésel,208400.0,136.0,manual,3450,Alcorcón,28923,Madrid,Alcorcón
Peugeot,607,Diésel,208400.0,136.0,manual,3450,Los Negrales,28430,Madrid,Los Negrales
Peugeot,607,Diésel,208400.0,136.0,manual,3450,Los Negrales,28430,Madrid,Los Negrales
Peugeot,4007,Diésel,240000.0,156.0,manual,6900,Tajonar/Taxoare,31192,Navarra,Tajonar/Taxoare
Peugeot,4007,Diésel,240000.0,156.0,manual,6900,Tajonar/Taxoare,31192,Navarra,Tajonar/Taxoare
Peugeot,4007,Diésel,240000.0,156.0,manual,6800,Tajonar/Taxoare,31192,Navarra,Tajonar/Taxoare
Peugeot,4007,Diésel,240000.0,156.0,manual,6800,Tajonar/Taxoare,31192,Navarra,Tajonar/Taxoare
Mercedes-Benz,Clase B,Diésel,45061.0,150.0,automatic,29555,Collado Villalba,28400,Madrid,Collado Villalba
Mercedes-Benz,Clase B,Diésel,45061.0,150.0,automatic,29555,Collado Villalba,28400,Madrid,Collado Villalba
Mercedes-Benz,Clase B,Diésel,45061.0,150.0,automatic,29555,Vigo,36214,Pontevedra,Vigo
Mercedes-Benz,Clase B,Diésel,59480.0,136.0,automatic,23800,Mercado Parque Corredor del Henares,28850,Madrid,Mercado Parque Corredor del Henares
Mercedes-Benz,Clase B,Diésel,59480.0,136.0,automatic,23800,Colonia Pablo Iglesias,28520,Madrid,Colonia Pablo Iglesias
Mercedes-Benz,Clase B,Diésel,45061.0,150.0,automatic,29555,Colonia Pablo Iglesias,28520,Madrid,Colonia Pablo Iglesias
Mercedes-Benz,Clase B,Diésel,45061.0,150.0,automatic,29555,Sant Vicenç de Montalt,8394,Barcelona,Sant Vicenç de Montalt
Mercedes-Benz,Clase B,Diésel,59480.0,136.0,automatic,23800,Estepona,29680,Málaga,Estepona
Mercedes-Benz,Clase B,Diésel,59480.0,136.0,automatic,23800,Murcia,30003,Murcia,Murcia
Mercedes-Benz,Clase B,Diésel,45061.0,150.0,automatic,29555,Saladar,3700,Alicante,Saladar
Mercedes-Benz,Clase B,Diésel,81003.0,150.0,automatic,29555,Saladar,3700,Alicante,Saladar
Mercedes-Benz,Clase B,Diésel,59480.0,136.0,automatic,23800,Ciudad Real,13003,Ciudad Real,Ciudad Real
Mercedes-Benz,Clase B,Diésel,45061.0,150.0,automatic,29555,Ciudad Real,13003,Ciudad Real,Ciudad Real
Mercedes-Benz,Clase B,Diésel,59480.0,136.0,automatic,23800,Valdepeñas,13300,Ciudad Real,Valdepeñas
Mercedes-Benz,Clase B,Diésel,59480.0,136.0,automatic,23800,Valdepeñas,13300,Ciudad Real,Valdepeñas
Mercedes-Benz,Clase B,Diésel,59480.0,136.0,automatic,23800,Badajoz,6008,Badajoz,Badajoz
Mercedes-Benz,Clase B,Diésel,45061.0,150.0,automatic,29555,Badajoz,6008,Badajoz,Badajoz
Mercedes-Benz,Clase B,Diésel,81003.0,150.0,automatic,29555,Badajoz,6008,Badajoz,Badajoz
Mercedes-Benz,Classe GLK,Diésel,88000.0,170.0,automatic,23990,Torremolinos,29620,Málaga,Torremolinos
Mercedes-Benz,Classe GLK,Diésel,88000.0,170.0,automatic,23990,Torremolinos,29620,Málaga,Torremolinos
Mercedes-Benz,Classe GLK,Diésel,88000.0,170.0,automatic,23990,Torremolinos,29620,Málaga,Torremolinos
Mercedes-Benz,Clase CLC,Diésel,260000.0,150.0,manual,7900,Móstoles,28938,Madrid,Móstoles
Mercedes-Benz,Clase CLC,Diésel,150000.0,150.0,automatic,10900,Monteagudo,30160,Murcia,Monteagudo
Peugeot,RCZ,Diésel,145689.0,163.0,manual,12990,Colonia Pablo Iglesias,28520,Madrid,Colonia Pablo Iglesias
Peugeot,RCZ,Diésel,145689.0,163.0,manual,12990,Las Rozas de Madrid,28232,Madrid,Las Rozas de Madrid
Peugeot,RCZ,Diésel,145689.0,163.0,manual,12990,Zaragoza,50013,Zaragoza,Zaragoza
Peugeot,RCZ,Gasolina,120000.0,156.0,manual,10900,Cornella de Llobregat,8940,Barcelona,Cornella de Llobregat
Peugeot,2008,Diésel,155499.0,100.0,manual,8990,Granada,18005,Granada,Granada
Peugeot,2008,Gasolina,59981.0,100.0,manual,16990,Vigo,36211,Pontevedra,Vigo
Peugeot,2008,Gasolina,59981.0,100.0,manual,16990,Granada,18005,Granada,Granada
Peugeot,2008,Diésel,79440.0,100.0,manual,11990,Murcia,30005,Murcia,Murcia
Peugeot,2008,Diésel,155499.0,100.0,manual,8990,Cáceres,10001,Cáceres,Cáceres
Peugeot,2008,Diésel,155499.0,100.0,manual,8990,Murcia,30005,Murcia,Murcia
Mercedes-Benz,Citan,Diésel,131000.0,90.0,manual,13500,Torrelodones,28250,Madrid,Torrelodones
Mercedes-Benz,Citan,Diésel,131000.0,90.0,manual,13500,Torrelodones,28250,Madrid,Torrelodones
Mercedes-Benz,Citan,Diésel,210000.0,90.0,manual,9900,Collado Mediano,28450,Madrid,Collado Mediano
Peugeot,5008,Diésel,137000.0,150.0,manual,20990,Collado Villalba,28400,Madrid,Collado Villalba
Peugeot,5008,Diésel,137000.0,150.0,manual,20990,Collado Villalba,28400,Madrid,Collado Villalba
Peugeot,5008,Diésel,239000.0,150.0,manual,6490,Camping Costa Blanca,43850,Tarragona,Camping Costa Blanca
Peugeot,5008,Diésel,99950.0,130.0,manual,290,Barcelona,8007,Barcelona,Barcelona
Peugeot,5008,Diésel,99950.0,130.0,manual,516,Valencia,46005,Valencia,Valencia
Peugeot,5008,Gasolina,49585.0,130.0,automatic,28990,Madrid,28021,Madrid,Madrid
Peugeot,5008,Gasolina,49585.0,130.0,automatic,28690,Madrid,28021,Madrid,Madrid
Mercedes-Benz,Sprinter,Diésel,395000.0,160.0,manual,11900,Santa Perpètua de Mogoda,8130,Barcelona,Santa Perpètua de Mogoda
Peugeot,108,Gasolina,74924.0,69.0,automatic,12535,Alameda del Obispo,14005,Córdoba,Alameda del Obispo
Peugeot,108,Gasolina,74924.0,69.0,automatic,12535,Alcobendas,28100,Madrid,Alcobendas
Mercedes-Benz,Vito,Diésel,189000.0,102.0,manual,6500,Urduliz,48610,Bizkaia,Urduliz
Peugeot,108,Gasolina,39469.0,72.0,manual,12592,Alcobendas,28100,Madrid,Alcobendas
Peugeot,108,Gasolina,74924.0,69.0,automatic,12535,Mercabilbao,48970,Bizkaia,Mercabilbao
Peugeot,108,Gasolina,74924.0,69.0,automatic,12535,Castello/Castellon de La Plana,12100,Castellón,Castello/Castellon de La Plana
Mercedes-Benz,Clase C,Diésel,85829.0,170.0,automatic,35995,Atarrabia,31610,Navarra,Atarrabia
Mercedes-Benz,Clase C,Diésel,85829.0,170.0,automatic,35995,Mercabilbao,48970,Bizkaia,Mercabilbao
Mercedes-Benz,Clase C,Diésel,85829.0,170.0,automatic,35995,Santafe,18320,Granada,Santafe
Mercedes-Benz,Clase C,Diésel,85829.0,170.0,automatic,35995,Alcalá de Guadaíra,41500,Sevilla,Alcalá de Guadaíra
Mercedes-Benz,Clase C,Diésel,85829.0,170.0,automatic,35995,Alcobendas,28100,Madrid,Alcobendas
Mercedes-Benz,Clase C,Diésel,85829.0,170.0,automatic,35995,Castello/Castellon de La Plana,12100,Castellón,Castello/Castellon de La Plana
Peugeot,407,Diésel,180000.0,136.0,manual,4200,Alcantarilla,30820,Murcia,Alcantarilla
Peugeot,407,Diésel,279601.0,136.0,manual,3800,Arganda del Rey,28500,Madrid,Arganda del Rey
Mercedes-Benz,Clase S,Gasolina,202658.0,245.0,automatic,7500,La Pobla de Vallbona,46185,Valencia,La Pobla de Vallbona
Mercedes-Benz,Clase S,Gasolina,202658.0,245.0,automatic,7500,La Pobla de Vallbona,46185,Valencia,La Pobla de Vallbona
Subaru,Impreza,Gasolina,146000.0,300.0,manual,22900,Mataró,8301,Barcelona,Mataró
Mercedes-Benz,Clase CLA,Gasolina,55428.0,122.0,automatic,29785,Vigo,36214,Pontevedra,Vigo
Mercedes-Benz,Clase CLA,Gasolina,55428.0,122.0,automatic,29785,Castello/Castellon de La Plana,12100,Castellón,Castello/Castellon de La Plana
Mercedes-Benz,Clase CLA,Gasolina,55428.0,122.0,automatic,29785,Getafe,28906,Madrid,Getafe
Peugeot,208,Diésel,74044.0,99.0,manual,10990,Colonia Pablo Iglesias,28520,Madrid,Colonia Pablo Iglesias
Peugeot,208,Gasolina,38640.0,110.0,automatic,11990,Murcia,30005,Murcia,Murcia
Peugeot,208,Gasolina,38640.0,110.0,automatic,11990,Bilbao,48004,Bizkaia,Bilbao
Peugeot,208,Gasolina,29063.0,100.0,manual,15990,Murcia,30005,Murcia,Murcia
Peugeot,208,Diésel,74044.0,99.0,manual,10990,Sevilla,41005,Sevilla,Sevilla
Mercedes-Benz,GLA,Diésel,116000.0,136.0,manual,19990,Tavernes Blanques,46760,Valencia,Tavernes Blanques
Mercedes-Benz,GLA,Diésel,116000.0,136.0,manual,19990,Tavernes Blanques,46760,Valencia,Tavernes Blanques
Mercedes-Benz,GLA,Diésel,60019.0,177.0,automatic,27900,Gavarres,43120,Tarragona,Gavarres
Porsche,Cayman,Gasolina,102680.0,295.0,automatic,28990,Alcobendas,28100,Madrid,Alcobendas
Porsche,Cayman,Gasolina,127033.0,245.0,automatic,26450,Madrid,28046,Madrid,Madrid
Porsche,Cayman,Gasolina,127033.0,245.0,automatic,26450,Las Rozas de Madrid,28232,Madrid,Las Rozas de Madrid
Honda,Jazz,Gasolina,89850.0,100.0,automatic,8900,Barcelona,8028,Barcelona,Barcelona
BMW,i3,Eléctrico,58000.0,170.0,automatic,29475,Terrassa,8222,Barcelona,Terrassa
Porsche,Panamera,Gasolina,134106.0,400.0,automatic,30990,Sevilla,41017,Sevilla,Sevilla
Porsche,Panamera,Gasolina,134106.0,400.0,automatic,30990,Huelva,21004,Huelva,Huelva
Porsche,Panamera,Gasolina,134106.0,400.0,automatic,30990,Badajoz,6003,Badajoz,Badajoz
Porsche,Panamera,Gasolina,134106.0,400.0,automatic,30990,Córdoba,14003,Córdoba,Córdoba
Porsche,Panamera,Diésel,280500.0,250.0,automatic,29900,Carretera de San Martin de La Vega,28320,Madrid,Carretera de San Martin de La Vega
Hyundai,ix20,Diésel,128328.0,90.0,manual,12250,Vigo,36214,Pontevedra,Vigo
Hyundai,ix20,Diésel,128328.0,90.0,manual,12250,Saladar,3700,Alicante,Saladar
Hyundai,ix20,Diésel,128328.0,90.0,manual,12250,Granollers,8403,Barcelona,Granollers
Porsche,911,Gasolina,141000.0,300.0,automatic,28900,Alzira,46600,Valencia,Alzira
Porsche,911,Gasolina,141000.0,300.0,automatic,28900,Alzira,46600,Valencia,Alzira
BMW,X6,Diésel,190000.0,235.0,automatic,18500,El Esparragal,30163,Murcia,El Esparragal
Porsche,Cayenne,Gasolina,173665.0,400.0,automatic,28500,Santiago de Compostela,15703,A Coruña,Santiago de Compostela
Porsche,Cayenne,Gasolina,173665.0,400.0,automatic,28500,Alameda del Obispo,14005,Córdoba,Alameda del Obispo
Porsche,Cayenne,Gasolina,173665.0,400.0,automatic,28500,Albacete,2001,Albacete,Albacete
Porsche,Cayenne,Gasolina,173665.0,400.0,automatic,28500,Hidraulica Santillana,28770,Madrid,Hidraulica Santillana
Porsche,Cayenne,Gasolina,173665.0,400.0,automatic,28500,Badajoz,6008,Badajoz,Badajoz
Porsche,Cayenne,Gasolina,173665.0,400.0,automatic,28500,Saladar,3700,Alicante,Saladar
Subaru,Legacy,Gasolina,154375.0,245.0,automatic,10390,Leganés,28916,Madrid,Leganés
Subaru,Legacy,Gasolina,154375.0,245.0,automatic,10390,Madrid,28046,Madrid,Madrid
Subaru,Legacy,Gasolina,154375.0,245.0,automatic,10390,Las Rozas de Madrid,28232,Madrid,Las Rozas de Madrid
Hyundai,i10,Gasolina,79396.0,87.0,manual,12638,Granollers,8403,Barcelona,Granollers
Hyundai,i10,Gasolina,79396.0,87.0,manual,12638,Badajoz,6008,Badajoz,Badajoz
Hyundai,i10,Gasolina,79396.0,87.0,manual,12638,Barcelona,8007,Barcelona,Barcelona
Subaru,Outback,Diésel,141493.0,150.0,automatic,23500,Olèrdola,8734,Barcelona,Olèrdola
Subaru,Outback,Diésel,141493.0,150.0,automatic,23500,Olèrdola,8734,Barcelona,Olèrdola
Hyundai,Kona,Gasolina,41163.0,120.0,manual,15990,Sevilla,41005,Sevilla,Sevilla
Hyundai,Kona,Gasolina,41163.0,120.0,manual,15990,Alicante,3010,Alicante,Alicante
Hyundai,Kona,Gasolina,41163.0,120.0,manual,15990,Alicante,3010,Murcia,Alicante
Hyundai,Kona,Gasolina,41163.0,120.0,manual,15990,Vigo,36211,Pontevedra,Vigo
Hyundai,Kona,Gasolina,41163.0,120.0,manual,15990,Granada,18005,Granada,Granada
Hyundai,Kona,Gasolina,41163.0,120.0,manual,15990,Urbanizacion La Granjilla,28700,Madrid,Urbanizacion La Granjilla
Hyundai,Kona,Gasolina,41163.0,120.0,manual,15990,Málaga,29005,Málaga,Málaga
Hyundai,Kona,Gasolina,41163.0,120.0,manual,15990,Valencia,46001,Valencia,Valencia
Hyundai,Kona,Gasolina,41163.0,120.0,manual,15990,Bilbao,48004,Bizkaia,Bilbao
Fiat,Fiorino,Diésel,114298.0,80.0,manual,6983,Badajoz,6008,Badajoz,Badajoz
Fiat,Fiorino,Diésel,114298.0,80.0,manual,6983,Almería,4001,Almería,Almería
Subaru,XV,Gasolina,10312.0,114.0,automatic,23490,Vigo,36211,Pontevedra,Vigo
Subaru,XV,Gasolina,10312.0,114.0,automatic,23490,Murcia,30005,Murcia,Murcia
Suzuki,Baleno,Gasolina,151337.0,111.0,manual,9490,Torrejón de Ardoz,28850,Madrid,Torrejón de Ardoz
Suzuki,Baleno,Gasolina,135000.0,96.0,manual,2500,Málaga,29010,Málaga,Málaga
Suzuki,Baleno,Gasolina,135000.0,96.0,manual,2500,Málaga,29010,Málaga,Málaga
Suzuki,Baleno,Gasolina,104380.0,90.0,manual,9699,Barcelona,8007,Barcelona,Barcelona
Fiat,Ducato,Diésel,160000.0,110.0,manual,4999,Utrera,41710,Sevilla,Utrera
Suzuki,Baleno,Gasolina,104380.0,90.0,manual,9699,Madrid,28014,Madrid,Madrid
Fiat,Doblò,Diésel,141635.0,105.0,manual,9215,Cádiz,11006,Cádiz,Cádiz
Fiat,Doblò,Diésel,75000.0,95.0,manual,14990,Vigo,36211,Pontevedra,Vigo
Fiat,Doblò,Diésel,75000.0,95.0,manual,14990,Palma de Mallorca,7003,Baleares,Palma de Mallorca
Fiat,Doblò,Diésel,175000.0,90.0,manual,6490,Granollers,8403,Barcelona,Granollers
Hyundai,i40,Diésel,113298.0,136.0,manual,12089,Granollers,8403,Barcelona,Granollers
Hyundai,i40,Diésel,113298.0,136.0,manual,12089,Saladar,3700,Alicante,Saladar
Suzuki,Vitara,Gasolina,60532.0,129.0,manual,20600,Barcelona,8008,Barcelona,Barcelona
Suzuki,Vitara,Gasolina,60532.0,129.0,manual,20600,Alicante,3001,Alicante,Alicante
Fiat,Tipo,Gasolina,38998.0,95.0,manual,11490,Castellón,12001,Castellón,Castellón
Fiat,Tipo,Gasolina,38998.0,95.0,manual,11490,Bilbao,48004,Bizkaia,Bilbao
Fiat,Tipo,Diésel,115000.0,95.0,manual,6990,Bilbao,48004,Bizkaia,Bilbao
Fiat,Tipo,Gasolina,38998.0,95.0,manual,11490,Almería,4006,Almería,Almería
Fiat,Tipo,Gasolina,38998.0,95.0,manual,11490,Vigo,36211,Pontevedra,Vigo
Fiat,Tipo,Gasolina,38998.0,95.0,manual,11490,Alicante,3010,Alicante,Alicante
Fiat,Tipo,Gasolina,38998.0,95.0,manual,11490,Alicante,3010,Murcia,Alicante
Fiat,Tipo,Otros,185458.0,120.0,manual,7490,Urbanizacion La Granjilla,28700,Madrid,Urbanizacion La Granjilla
Fiat,Tipo,Otros,185458.0,120.0,manual,7490,Málaga,29005,Málaga,Málaga
Fiat,Tipo,Otros,185458.0,120.0,manual,7490,Valencia,46001,Valencia,Valencia
Fiat,Tipo,Gasolina,38998.0,95.0,manual,11490,Murcia,30005,Murcia,Murcia
Suzuki,Ignis,Gasolina,63954.0,90.0,manual,11990,Murcia,30005,Murcia,Murcia
Suzuki,Ignis,Gasolina,63954.0,90.0,manual,11990,Alicante,3010,Alicante,Alicante
Suzuki,Ignis,Gasolina,63954.0,90.0,manual,11990,Alicante,3010,Murcia,Alicante
Suzuki,Jimny,Gasolina,17000.0,102.0,manual,25288,Hidraulica Santillana,28770,Madrid,Hidraulica Santillana
Suzuki,Jimny,Gasolina,53622.0,85.0,manual,16799,Madrid,28014,Madrid,Madrid
Suzuki,Jimny,Gasolina,53622.0,85.0,manual,16799,Barcelona,8007,Barcelona,Barcelona
Mercedes-Benz,SL,Gasolina,224000.0,306.0,automatic,16850,Montblanc,43400,Tarragona,Montblanc
Suzuki,Jimny,Gasolina,17000.0,102.0,manual,25288,Granollers,8403,Barcelona,Granollers
Suzuki,Jimny,Gasolina,17000.0,102.0,manual,25288,Estepona,29680,Málaga,Estepona
Suzuki,Jimny,Gasolina,17000.0,102.0,manual,25288,Valdepeñas,13300,Ciudad Real,Valdepeñas
Suzuki,Jimny,Gasolina,17000.0,102.0,manual,25288,Valdepeñas,13300,Ciudad Real,Valdepeñas
Fiat,Talento,Diésel,96360.0,125.0,manual,24725,Mercado Parque Corredor del Henares,28850,Madrid,Mercado Parque Corredor del Henares
Fiat,Talento,Diésel,96360.0,125.0,manual,24725,Estepona,29680,Málaga,Estepona
Fiat,Talento,Diésel,96360.0,125.0,manual,24725,Saladar,3700,Alicante,Saladar
Fiat,Talento,Diésel,96360.0,125.0,manual,24725,Ciudad Real,13003,Ciudad Real,Ciudad Real
Fiat,Talento,Diésel,96360.0,125.0,manual,24725,Badajoz,6008,Badajoz,Badajoz
Fiat,Talento,Diésel,96360.0,125.0,manual,24725,Santa Maria del Aguila,4710,Almería,Santa Maria del Aguila
Fiat,Talento,Diésel,96360.0,125.0,manual,24725,Zaragoza,50013,Zaragoza,Zaragoza
Fiat,Talento,Diésel,96360.0,125.0,manual,24725,Puerto de Sagunto,46520,Valencia,Puerto de Sagunto
Fiat,Talento,Diésel,96360.0,125.0,manual,24725,Santafe,18320,Granada,Santafe
Fiat,Talento,Diésel,96360.0,125.0,manual,24725,Alzira,46600,Valencia,Alzira
Fiat,Talento,Diésel,96360.0,125.0,manual,24725,Alzira,46600,Valencia,Alzira
Fiat,Talento,Diésel,96360.0,125.0,manual,24725,Alcobendas,28100,Madrid,Alcobendas
Fiat,Talento,Diésel,96360.0,125.0,manual,24725,Albacete,2001,Albacete,Albacete
Fiat,Talento,Diésel,96360.0,125.0,manual,24725,Castello/Castellon de La Plana,12100,Castellón,Castello/Castellon de La Plana
Fiat,Talento,Diésel,96360.0,125.0,manual,24725,Alicante,3007,Alicante,Alicante
Fiat,Talento,Diésel,96360.0,125.0,manual,24725,Getafe,28906,Madrid,Getafe
Fiat,Talento,Diésel,96360.0,125.0,manual,24725,Alameda del Obispo,14005,Córdoba,Alameda del Obispo
Fiat,Talento,Diésel,96360.0,125.0,manual,24725,Torremolinos,29620,Málaga,Torremolinos
Fiat,Talento,Diésel,96360.0,125.0,manual,24725,Torremolinos,29620,Málaga,Torremolinos
Fiat,Talento,Diésel,96360.0,125.0,manual,24725,Torremolinos,29620,Málaga,Torremolinos
Fiat,Talento,Diésel,96360.0,125.0,manual,24725,Santiago de Compostela,15703,A Coruña,Santiago de Compostela
Suzuki,Jimny,Gasolina,17000.0,102.0,manual,25288,Saladar,3700,Alicante,Saladar
Fiat,Punto,Diésel,118044.0,95.0,manual,7400,Cádiz,11006,Cádiz,Cádiz
Fiat,Punto,Diésel,192000.0,130.0,manual,3999,Agirre-Aperribai,48960,Bizkaia,Agirre-Aperribai
Volkswagen,Golf Sportsvan,Diésel,126000.0,115.0,manual,18600,Madrid,28010,Madrid,Madrid
Volkswagen,Golf Sportsvan,Diésel,126000.0,115.0,manual,18600,Málaga,29005,Málaga,Málaga
Fiat,Bravo,Diésel,223000.0,120.0,manual,3400,Trasona,33468,Asturias,Trasona
Fiat,Bravo,Diésel,223000.0,120.0,manual,3400,Trasona,33468,Asturias,Trasona
Volkswagen,Tiguan Allspace,Diésel,79000.0,150.0,automatic,34500,Bekea,48960,Bizkaia,Bekea
Volkswagen,Tiguan Allspace,Diésel,132000.0,150.0,automatic,25490,Castello/Castellon de La Plana,12100,Castellón,Castello/Castellon de La Plana
Fiat,500X,Gasolina,58300.0,120.0,manual,15990,Almería,4006,Almería,Almería
Fiat,500X,Gasolina,58300.0,120.0,manual,15990,Sevilla,41017,Sevilla,Sevilla
Fiat,500X,Gasolina,58300.0,120.0,manual,15990,Málaga,29005,Málaga,Málaga
Mercedes-Benz,Clase CLC,Diésel,112976.0,150.0,automatic,10990,Saladar,3700,Alicante,Saladar
Mercedes-Benz,Clase CLC,Diésel,112976.0,150.0,automatic,10990,Granollers,8403,Barcelona,Granollers
Mercedes-Benz,Clase CLC,Diésel,112976.0,150.0,automatic,10990,Badajoz,6008,Badajoz,Badajoz
Volkswagen,Tiguan Allspace,Diésel,79000.0,190.0,automatic,37500,Zaragoza,50001,Zaragoza,Zaragoza
Ford,C-MAX,Gasolina,247982.0,125.0,manual,6190,Leganés,28916,Madrid,Leganés
Ford,C-MAX,Gasolina,247982.0,125.0,manual,6190,Alcobendas,28100,Madrid,Alcobendas
Ford,C-MAX,Gasolina,247982.0,125.0,manual,6190,Madrid,28046,Madrid,Madrid
Ford,Ranger,Diésel,140000.0,143.0,manual,12499,Las Navas del Marqués,5230,Ávila,Las Navas del Marqués
Ford,Tourneo Courier,Diésel,85995.0,95.0,manual,13500,Rivas Vaciamadrid,28521,Madrid,Rivas Vaciamadrid
Ford,Tourneo Courier,Diésel,254971.0,100.0,manual,8181,Sant Boi de Llobregat,8830,Barcelona,Sant Boi de Llobregat
Ford,Transit Connect,Diésel,44154.0,100.0,manual,19490,Madrid,28021,Madrid,Madrid
Ford,Ka,Gasolina,83000.0,69.0,manual,7990,Òrrius,8317,Barcelona,Òrrius
Ford,Ka,Gasolina,83000.0,69.0,manual,7990,Murcia,30005,Murcia,Murcia
Ford,Ka,Gasolina,83000.0,69.0,manual,7990,Valencia,46001,Valencia,Valencia
Ford,Ka,Gasolina,83000.0,69.0,manual,7990,Sevilla,41005,Sevilla,Sevilla
Ford,Ka,Gasolina,83000.0,69.0,manual,7990,Alicante,3010,Alicante,Alicante
Ford,Ka,Gasolina,83000.0,69.0,manual,7990,Alicante,3010,Murcia,Alicante
Ford,Ka,Gasolina,83000.0,69.0,manual,7990,Tarragona,43006,Tarragona,Tarragona
Ford,Ka,Gasolina,83000.0,69.0,manual,7990,Palau-Solita I Plegamans,8184,Barcelona,Palau-Solita I Plegamans
Ford,Ka,Gasolina,83000.0,69.0,manual,7990,Palau-Solita I Plegamans,8184,Barcelona,Palau-Solita I Plegamans
Ford,Fusion,Diésel,113433.0,90.0,manual,3999,Benimamet,46035,Valencia,Benimamet
Ford,B-MAX,Gasolina,80774.0,105.0,automatic,11990,Madrid,28021,Madrid,Madrid
Ford,B-MAX,Gasolina,80774.0,105.0,automatic,11490,Madrid,28021,Madrid,Madrid
Ford,B-MAX,Gasolina,18541.0,100.0,manual,16300,Santa Maria del Aguila,4710,Almería,Santa Maria del Aguila
Ford,B-MAX,Gasolina,18541.0,100.0,manual,16300,Valdepeñas,13300,Ciudad Real,Valdepeñas
Ford,B-MAX,Gasolina,18541.0,100.0,manual,16300,Valdepeñas,13300,Ciudad Real,Valdepeñas
Ford,B-MAX,Gasolina,18541.0,100.0,manual,16300,Alicante,3007,Alicante,Alicante
Ford,B-MAX,Gasolina,18541.0,100.0,manual,16300,Vigo,36214,Pontevedra,Vigo
Ford,B-MAX,Gasolina,18541.0,100.0,manual,16300,Saladar,3700,Alicante,Saladar
Ford,B-MAX,Gasolina,18541.0,100.0,manual,16300,Mercado Parque Corredor del Henares,28850,Madrid,Mercado Parque Corredor del Henares
Ford,B-MAX,Gasolina,18541.0,100.0,manual,16300,Murcia,30003,Murcia,Murcia
Ford,B-MAX,Gasolina,18541.0,100.0,manual,16300,Alzira,46600,Valencia,Alzira
Ford,B-MAX,Gasolina,18541.0,100.0,manual,16300,Alzira,46600,Valencia,Alzira
Ford,B-MAX,Gasolina,18541.0,100.0,manual,16300,Badajoz,6008,Badajoz,Badajoz
Ford,B-MAX,Gasolina,18541.0,100.0,manual,16300,Santiago de Compostela,15703,A Coruña,Santiago de Compostela
Ford,B-MAX,Gasolina,18541.0,100.0,manual,16300,Alameda del Obispo,14005,Córdoba,Alameda del Obispo
Ford,B-MAX,Gasolina,18541.0,100.0,manual,16300,Santafe,18320,Granada,Santafe
Ford,B-MAX,Gasolina,18541.0,100.0,manual,16300,Torremolinos,29620,Málaga,Torremolinos
Ford,B-MAX,Gasolina,18541.0,100.0,manual,16300,Torremolinos,29620,Málaga,Torremolinos
Ford,B-MAX,Gasolina,18541.0,100.0,manual,16300,Torremolinos,29620,Málaga,Torremolinos
Ford,B-MAX,Gasolina,18541.0,100.0,manual,16300,Getafe,28906,Madrid,Getafe
Ford,Mondeo,Diésel,160000.0,150.0,automatic,15990,Málaga,29005,Málaga,Málaga
Ford,Mondeo,Diésel,160000.0,150.0,automatic,15990,Valencia,46001,Valencia,Valencia
Ford,Mondeo,Diésel,160000.0,150.0,automatic,15990,Toledo,45002,Toledo,Toledo
Ford,Mondeo,Diésel,133928.0,150.0,manual,11990,Málaga,29005,Málaga,Málaga
Ford,Mondeo,Diésel,133928.0,150.0,manual,11990,Valencia,46001,Valencia,Valencia
Ford,Mondeo,Diésel,160000.0,150.0,automatic,15990,Villaviciosa de Odón,28670,Madrid,Villaviciosa de Odón
Ford,Mondeo,Diésel,95000.0,149.0,manual,15850,Bormujos,41930,Sevilla,Bormujos
Ford,Mondeo,Diésel,133928.0,150.0,manual,11990,Palma de Mallorca,7003,Baleares,Palma de Mallorca
Ford,Mondeo,Diésel,95000.0,149.0,manual,15850,Valdefuentes,28939,Madrid,Valdefuentes
Ford,Mondeo,Diésel,95000.0,149.0,manual,15850,Valdefuentes,28939,Madrid,Valdefuentes
Volkswagen,Golf Cabrio,Gasolina,100000.0,138.0,manual,19950,El Tosalet,3700,Alicante,El Tosalet
Volkswagen,Passat Alltrack,Diésel,110315.0,190.0,automatic,26875,Vigo,36214,Pontevedra,Vigo
Volkswagen,Passat Alltrack,Diésel,110315.0,190.0,automatic,26875,Mercado Parque Corredor del Henares,28850,Madrid,Mercado Parque Corredor del Henares
Volkswagen,Passat Alltrack,Diésel,110315.0,190.0,automatic,26875,Granollers,8403,Barcelona,Granollers
Volkswagen,Passat Alltrack,Diésel,110315.0,190.0,automatic,26875,Ciudad Real,13003,Ciudad Real,Ciudad Real
Volkswagen,T-Roc,Gasolina,99999.0,115.0,manual,15990,Granada,18005,Granada,Granada
Volkswagen,T-Roc,Gasolina,99999.0,115.0,manual,17990,Granada,18005,Granada,Granada
Volkswagen,T-Roc,Gasolina,53255.0,110.0,manual,24790,Madrid,28021,Madrid,Madrid
Volkswagen,T-Roc,Gasolina,53255.0,110.0,manual,24390,Madrid,28021,Madrid,Madrid
Volkswagen,T-Roc,Gasolina,99999.0,115.0,manual,15990,Sevilla,41005,Sevilla,Sevilla
Volkswagen,T-Roc,Gasolina,99999.0,115.0,manual,17990,Sevilla,41005,Sevilla,Sevilla
Volkswagen,T-Roc,Diésel,109272.0,115.0,manual,20990,Sevilla,41005,Sevilla,Sevilla
Volkswagen,T-Roc,Gasolina,99999.0,115.0,manual,15990,Alicante,3010,Alicante,Alicante
Volkswagen,T-Roc,Gasolina,99999.0,115.0,manual,15990,Alicante,3010,Murcia,Alicante
Volkswagen,T-Roc,Gasolina,99999.0,115.0,manual,17990,Alicante,3010,Alicante,Alicante
Volkswagen,T-Roc,Gasolina,99999.0,115.0,manual,17990,Alicante,3010,Murcia,Alicante
Volkswagen,T-Roc,Diésel,109272.0,115.0,manual,20990,Alicante,3010,Alicante,Alicante
Volkswagen,T-Roc,Diésel,109272.0,115.0,manual,20990,Alicante,3010,Murcia,Alicante
Volkswagen,T-Roc,Gasolina,27406.0,150.0,manual,25990,Málaga,29005,Málaga,Málaga
Ford,Galaxy,Diésel,156000.0,140.0,manual,13999,Humanes de Madrid,28970,Madrid,Humanes de Madrid
Volkswagen,Taigo,Gasolina,11860.0,150.0,automatic,31900,Molins de Rei,8750,Barcelona,Molins de Rei
Volkswagen,Taigo,Gasolina,9000.0,110.0,automatic,31990,Barcelona,8036,Barcelona,Barcelona
Volkswagen,Taigo,Gasolina,3304.0,95.0,manual,23500,Alfafar,46910,Valencia,Alfafar
Volkswagen,Taigo,Gasolina,3304.0,95.0,manual,23500,Alfafar,46910,Valencia,Alfafar
Volkswagen,Taigo,Gasolina,3304.0,95.0,manual,23500,Alfafar,46910,Valencia,Alfafar
Volkswagen,Taigo,Gasolina,3304.0,95.0,manual,23500,Alfafar,46910,Valencia,Alfafar
Volkswagen,Taigo,Gasolina,4990.0,110.0,automatic,26900,Artatza,48940,Bizkaia,Artatza
Volkswagen,Phaeton,Diésel,106111.0,245.0,automatic,23990,Camarma de Esteruelas,28816,Madrid,Camarma de Esteruelas
Volkswagen,Phaeton,Diésel,106111.0,245.0,automatic,23990,Camarma de Esteruelas,28816,Madrid,Camarma de Esteruelas
Volkswagen,Phaeton,Diésel,106111.0,245.0,automatic,23990,Vigo,36211,Pontevedra,Vigo
Volkswagen,Tiguan,Diésel,96992.0,110.0,manual,19435,Saladar,3700,Alicante,Saladar
Volkswagen,Tiguan,Diésel,119671.0,190.0,automatic,24990,Murcia,30005,Murcia,Murcia
Volkswagen,Tiguan,Diésel,119671.0,190.0,automatic,24990,Toledo,45002,Toledo,Toledo
Volkswagen,Tiguan,Diésel,119671.0,190.0,automatic,24990,Bilbao,48004,Bizkaia,Bilbao
Ford,Transit,Diésel,116534.0,130.0,manual,19900,Donostia-San Sebastián,20005,Gipuzkoa,Donostia-San Sebastián
Ford,Transit,Diésel,116534.0,130.0,manual,19900,Alcalá de Henares,28801,Madrid,Alcalá de Henares
Ford,Transit,Diésel,255000.0,100.0,manual,3800,Urduliz,48610,Bizkaia,Urduliz
Ford,Transit,Diésel,116534.0,130.0,manual,19900,Madrid,28013,Madrid,Madrid
Ford,Transit,Diésel,116534.0,130.0,manual,19900,San Sebastián de Los Reyes,28700,Madrid,San Sebastián de Los Reyes
Ford,Transit,Diésel,116534.0,130.0,manual,19900,Alcobendas,28100,Madrid,Alcobendas
Ford,Transit,Diésel,116534.0,130.0,manual,19900,Murcia,30001,Murcia,Murcia
Ford,Transit,Diésel,116534.0,130.0,manual,19900,Alicante,3001,Alicante,Alicante
Ford,Transit,Diésel,116534.0,130.0,manual,19900,Leganés,28914,Madrid,Leganés
Ford,Transit,Diésel,116534.0,130.0,manual,19900,Sant Cugat del Vallès,8172,Barcelona,Sant Cugat del Vallès
Volkswagen,Sharan,Diésel,34163.0,150.0,manual,634,Madrid,28014,Madrid,Madrid
Volkswagen,Sharan,Diésel,34163.0,150.0,manual,625,Madrid,28014,Madrid,Madrid
Ford,Grand C-MAX,Gasolina,110000.0,125.0,manual,9500,Bilbao,48004,Bizkaia,Bilbao
Ford,Grand C-MAX,Gasolina,110000.0,125.0,manual,9500,Vigo,36211,Pontevedra,Vigo
Ford,Grand C-MAX,Gasolina,110000.0,125.0,manual,9500,Alicante,3010,Alicante,Alicante
Ford,Grand C-MAX,Gasolina,110000.0,125.0,manual,9500,Alicante,3010,Murcia,Alicante
Ford,Grand C-MAX,Gasolina,110000.0,125.0,manual,9500,Las Rozas de Madrid,28232,Madrid,Las Rozas de Madrid
Ford,Grand C-MAX,Gasolina,110000.0,125.0,manual,9500,Málaga,29005,Málaga,Málaga
Ford,Grand C-MAX,Gasolina,110000.0,125.0,manual,9500,Toledo,45002,Toledo,Toledo
Ford,Grand C-MAX,Gasolina,110000.0,125.0,manual,9500,Camarma de Esteruelas,28816,Madrid,Camarma de Esteruelas
Ford,Grand C-MAX,Gasolina,110000.0,125.0,manual,9500,Camarma de Esteruelas,28816,Madrid,Camarma de Esteruelas
Volkswagen,Sharan,Diésel,83000.0,150.0,manual,29999,Muxa,27192,Lugo,Muxa
Volkswagen,Sharan,Diésel,198868.0,140.0,manual,166,Madrid,28042,Madrid,Madrid
Volkswagen,Sharan,Diésel,73543.0,184.0,automatic,38900,Sant Boi de Llobregat,8830,Barcelona,Sant Boi de Llobregat
Ford,Kuga,Diésel,173000.0,150.0,manual,13490,Granada,18005,Granada,Granada
Ford,Kuga,Diésel,173000.0,150.0,manual,13390,Granada,18005,Granada,Granada
Ford,Ka,Gasolina,32000.0,69.0,manual,4990,Sevilla,41005,Sevilla,Sevilla
Ford,Ka,Gasolina,32000.0,69.0,manual,4990,Málaga,29005,Málaga,Málaga
Volkswagen,Touareg,Diésel,118802.0,262.0,automatic,28990,Valencia,46001,Valencia,Valencia
Volkswagen,Touareg,Diésel,239000.0,174.0,automatic,7999,Málaga,29006,Málaga,Málaga
Dodge,Caliber,Gasolina,87000.0,295.0,manual,16495,Sevilla,41016,Sevilla,Sevilla
Ford,Tourneo Courier,Diésel,121500.0,95.0,manual,12990,Sevilla,41005,Sevilla,Sevilla
Ford,Tourneo Courier,Diésel,121500.0,95.0,manual,12990,Almería,4006,Almería,Almería
Ford,Tourneo Courier,Diésel,121500.0,95.0,manual,12990,Vigo,36211,Pontevedra,Vigo
Ford,Tourneo Courier,Diésel,121500.0,95.0,manual,12990,Murcia,30005,Murcia,Murcia
Ford,Tourneo Courier,Diésel,121500.0,95.0,manual,12990,Valencia,46001,Valencia,Valencia
Ford,Tourneo Courier,Diésel,121500.0,95.0,manual,12990,Granada,18005,Granada,Granada
Ford,Tourneo Courier,Diésel,121500.0,95.0,manual,12990,Alicante,3010,Alicante,Alicante
Ford,Tourneo Courier,Diésel,121500.0,95.0,manual,12990,Alicante,3010,Murcia,Alicante
Ford,Tourneo Courier,Diésel,121500.0,95.0,manual,12990,Girona,17007,Girona,Girona
Ford,Tourneo Courier,Diésel,121500.0,95.0,manual,12990,Tarragona,43006,Tarragona,Tarragona
Ford,Tourneo Courier,Gasolina,50269.0,100.0,manual,241,Girona,17007,Girona,Girona
Ford,Tourneo Courier,Gasolina,50269.0,100.0,manual,246,Girona,17007,Girona,Girona
BMW,X2,Diésel,78130.0,190.0,automatic,28490,Sevilla,41005,Sevilla,Sevilla
BMW,X2,Diésel,78130.0,190.0,automatic,28490,Alicante,3010,Alicante,Alicante
BMW,X2,Diésel,78130.0,190.0,automatic,28490,Alicante,3010,Murcia,Alicante
BMW,X2,Diésel,78130.0,190.0,automatic,28490,Granada,18005,Granada,Granada
BMW,X2,Diésel,78130.0,190.0,automatic,28490,Málaga,29005,Málaga,Málaga
Volkswagen,T-Cross,Gasolina,31000.0,110.0,automatic,23900,Leganés,28911,Madrid,Leganés
Mazda,2,Gasolina,102000.0,103.0,manual,6990,Fuenlabrada,28943,Madrid,Fuenlabrada
Mazda,2,Gasolina,69406.0,90.0,manual,13599,Madrid,28014,Madrid,Madrid
Mazda,2,Gasolina,69406.0,90.0,manual,13299,Madrid,28014,Madrid,Madrid
Mazda,2,Gasolina,69406.0,90.0,manual,13599,Barcelona,8007,Barcelona,Barcelona
Mazda,2,Gasolina,69406.0,90.0,manual,13299,Barcelona,8007,Barcelona,Barcelona
Jaguar,XE,Diésel,86330.0,180.0,automatic,18490,Sevilla,41005,Sevilla,Sevilla
Jaguar,XE,Diésel,86330.0,180.0,automatic,18490,Almería,4006,Almería,Almería
Volkswagen,Arteon,Diésel,94752.0,150.0,automatic,25990,Vigo,36211,Pontevedra,Vigo
Volkswagen,Arteon,Diésel,124120.0,150.0,manual,19990,Xirivella,46950,Valencia,Xirivella
Volkswagen,Arteon,Gasolina,49986.0,150.0,manual,24990,Almería,4006,Almería,Almería
Volkswagen,Arteon,Gasolina,49986.0,150.0,manual,23990,Almería,4006,Almería,Almería
Mazda,CX-3,Diésel,83822.0,115.0,manual,19990,Madrid,28021,Madrid,Madrid
Mazda,CX-3,Diésel,83822.0,115.0,manual,18590,Madrid,28021,Madrid,Madrid
Mazda,CX-3,Diésel,108626.0,105.0,manual,15499,Madrid,28014,Madrid,Madrid
Volkswagen,Polo,Gasolina,126416.0,60.0,manual,7990,Bilbao,48004,Bizkaia,Bilbao
Volkswagen,Polo,Diésel,100000.0,75.0,manual,7990,Málaga,29005,Málaga,Málaga
Volkswagen,Polo,Gasolina,126416.0,60.0,manual,7990,Las Rozas de Madrid,28232,Madrid,Las Rozas de Madrid
Volkswagen,Polo,Gasolina,126416.0,60.0,manual,7990,Urbanizacion La Granjilla,28700,Madrid,Urbanizacion La Granjilla
Volkswagen,Polo,Gasolina,126416.0,60.0,manual,7990,Valencia,46001,Valencia,Valencia
Volkswagen,Polo,Diésel,295921.0,64.0,manual,1080,Madrid,28026,Madrid,Madrid
Volkswagen,Polo,Diésel,115000.0,80.0,manual,287,Barcelona,8007,Barcelona,Barcelona
Mazda,3,Gasolina,0.0,105.0,manual,6500,Barcelona,8009,Barcelona,Barcelona
Mazda,3,Gasolina,99174.0,120.0,manual,13499,Barcelona,8007,Barcelona,Barcelona
Mazda,CX-30,Gasolina,64140.0,180.0,automatic,27200,Estepona,29680,Málaga,Estepona
Mazda,CX-30,Gasolina,64140.0,180.0,automatic,27200,Mercado Parque Corredor del Henares,28850,Madrid,Mercado Parque Corredor del Henares
Mazda,CX-30,Gasolina,64140.0,180.0,automatic,27200,Murcia,30003,Murcia,Murcia
Mazda,CX-30,Gasolina,64140.0,180.0,automatic,27200,Granollers,8403,Barcelona,Granollers
Mazda,CX-30,Gasolina,64140.0,180.0,automatic,27200,Valdepeñas,13300,Ciudad Real,Valdepeñas
Mazda,CX-30,Gasolina,64140.0,180.0,automatic,27200,Valdepeñas,13300,Ciudad Real,Valdepeñas
Mazda,CX-30,Gasolina,64140.0,180.0,automatic,27200,Barcelona,8007,Barcelona,Barcelona
Mazda,CX-30,Gasolina,64140.0,180.0,automatic,27200,Las Rozas de Madrid,28232,Madrid,Las Rozas de Madrid
Mazda,CX-30,Gasolina,64140.0,180.0,automatic,27200,Santafe,18320,Granada,Santafe
Mazda,CX-30,Gasolina,64140.0,180.0,automatic,27200,Paterna,46980,Valencia,Paterna
Mazda,CX-30,Gasolina,64140.0,180.0,automatic,27200,Mercabilbao,48970,Bizkaia,Mercabilbao
Mazda,CX-30,Gasolina,64140.0,180.0,automatic,27200,Hidraulica Santillana,28770,Madrid,Hidraulica Santillana
Mazda,CX-30,Gasolina,64140.0,180.0,automatic,27200,Alcobendas,28100,Madrid,Alcobendas
Mazda,CX-30,Gasolina,64140.0,180.0,automatic,27200,Albacete,2001,Albacete,Albacete
Mazda,CX-30,Gasolina,64140.0,180.0,automatic,27200,Alzira,46600,Valencia,Alzira
Mazda,CX-30,Gasolina,64140.0,180.0,automatic,27200,Alzira,46600,Valencia,Alzira
Mazda,CX-30,Gasolina,64140.0,180.0,automatic,27200,Castello/Castellon de La Plana,12100,Castellón,Castello/Castellon de La Plana
Mazda,CX-30,Gasolina,64140.0,180.0,automatic,27200,Alicante,3007,Alicante,Alicante
Mazda,CX-30,Gasolina,64140.0,180.0,automatic,27200,Getafe,28906,Madrid,Getafe
Mazda,CX-30,Gasolina,64140.0,180.0,automatic,27200,Alameda del Obispo,14005,Córdoba,Alameda del Obispo
Jaguar,XE,Diésel,86330.0,180.0,automatic,18490,Granada,18005,Granada,Granada
Jaguar,XE,Diésel,86330.0,180.0,automatic,18490,Toledo,45002,Toledo,Toledo
BMW,Z3,Gasolina,83185.0,150.0,manual,10700,Sant Vicenç de Montalt,8394,Barcelona,Sant Vicenç de Montalt
BMW,Z3,Gasolina,83185.0,150.0,manual,10700,Olèrdola,8734,Barcelona,Olèrdola
BMW,Z3,Gasolina,83185.0,150.0,manual,10700,Olèrdola,8734,Barcelona,Olèrdola
BMW,Z3,Gasolina,83185.0,150.0,manual,10700,Colonia Pablo Iglesias,28520,Madrid,Colonia Pablo Iglesias
BMW,Z3,Gasolina,83185.0,150.0,manual,10700,Puerto de Sagunto,46520,Valencia,Puerto de Sagunto
Volkswagen,Golf Plus,Diésel,218000.0,140.0,manual,6699,El Prat de Llobregat,8820,Barcelona,El Prat de Llobregat
Volkswagen,Golf Plus,Diésel,156000.0,140.0,manual,10999,Vilatenim,17484,Girona,Vilatenim
Mazda,MX-5,Gasolina,6054.0,184.0,manual,34970,Pinto,28320,Madrid,Pinto
Mazda,MX-5,Gasolina,33000.0,160.0,manual,26690,Madrid,28044,Madrid,Madrid
Ford,Transit Courier,Diésel,101615.0,100.0,manual,14900,Valladolid,47011,Valladolid,Valladolid
Volkswagen,Transporter,Diésel,318.0,68.0,manual,2950,Mairena del Alcor,41510,Sevilla,Mairena del Alcor
Volkswagen,ID.3,Eléctrico,29864.0,204.0,automatic,36300,Huelva,21006,Huelva,Huelva
Peugeot,407,Diésel,230829.0,136.0,manual,2590,Madrid,28026,Madrid,Madrid
Peugeot,407,Diésel,290000.0,136.0,manual,1999,Barcelona,8015,Barcelona,Barcelona
Peugeot,Expert,Diésel,32182.0,120.0,manual,26790,Madrid,28021,Madrid,Madrid
Peugeot,Expert,Diésel,43378.0,102.0,manual,22200,Sant Fruitós de Bages,8272,Barcelona,Sant Fruitós de Bages
Dodge,Caliber,Diésel,154000.0,140.0,manual,20,La Canonja,43110,Tarragona,La Canonja
Peugeot,2008,Gasolina,98000.0,110.0,automatic,14990,Murcia,30005,Murcia,Murcia
Peugeot,2008,Diésel,90000.0,92.0,automatic,11490,Murcia,30005,Murcia,Murcia
Fiat,Freemont,Diésel,187000.0,140.0,manual,10900,Mejorada del Campo,28840,Madrid,Mejorada del Campo
Ford,Transit Custom,Diésel,189000.0,105.0,manual,19990,Camino Viejo de Callosa,3317,Alicante,Camino Viejo de Callosa
Volkswagen,Transporter T6,Diésel,128000.0,102.0,manual,25500,Sant Quirze de Besora,8580,Barcelona,Sant Quirze de Besora
Volkswagen,Touran,Diésel,96509.0,115.0,manual,20900,Barcelona,8008,Barcelona,Barcelona
Volkswagen,Touran,Diésel,96509.0,115.0,manual,20600,Barcelona,8008,Barcelona,Barcelona
Volkswagen,Touran,Diésel,109000.0,115.0,manual,458,Barcelona,8009,Barcelona,Barcelona
Volkswagen,Touran,Gasolina,21193.0,110.0,manual,27000,Málaga,29005,Málaga,Málaga
Volkswagen,Touran,Gasolina,21193.0,110.0,manual,21050,Málaga,29005,Málaga,Málaga
Ford,Tourneo Custom,Diésel,110999.0,130.0,manual,22990,Valencia,46001,Valencia,Valencia
Volkswagen,Touran,Gasolina,21193.0,110.0,manual,27000,Urbanizacion La Granjilla,28700,Madrid,Urbanizacion La Granjilla
Volkswagen,Touran,Gasolina,21193.0,110.0,manual,21050,Urbanizacion La Granjilla,28700,Madrid,Urbanizacion La Granjilla
Peugeot,508,Diésel,137381.0,130.0,manual,16990,Almería,4006,Almería,Almería
Peugeot,508,Diésel,137381.0,130.0,manual,15990,Almería,4006,Almería,Almería
Peugeot,508,Diésel,137381.0,130.0,manual,16990,Granada,18005,Granada,Granada
Peugeot,508,Diésel,137381.0,130.0,manual,15990,Granada,18005,Granada,Granada
Peugeot,508,Diésel,27369.0,130.0,automatic,25990,Alicante,3010,Alicante,Alicante
Peugeot,508,Diésel,27369.0,130.0,automatic,25990,Alicante,3010,Murcia,Alicante
Peugeot,508,Diésel,27369.0,130.0,automatic,25990,Sevilla,41017,Sevilla,Sevilla
Peugeot,508,Diésel,27369.0,130.0,automatic,25990,Granada,18005,Granada,Granada
Peugeot,508,Diésel,27369.0,130.0,automatic,25990,Badajoz,6003,Badajoz,Badajoz
Peugeot,508,Diésel,137381.0,130.0,manual,16990,Cáceres,10001,Cáceres,Cáceres
Peugeot,508,Diésel,137381.0,130.0,manual,15990,Cáceres,10001,Cáceres,Cáceres
Maserati,Coupe,Gasolina,67913.0,390.0,automatic,29900,Madrid,28015,Madrid,Madrid
Maserati,Coupe,Gasolina,71480.0,390.0,automatic,23500,Santa Maria del Aguila,4710,Almería,Santa Maria del Aguila
Maserati,Coupe,Gasolina,71480.0,390.0,automatic,23500,Sant Vicenç de Montalt,8394,Barcelona,Sant Vicenç de Montalt
Maserati,Coupe,Gasolina,99494.0,439.0,automatic,38900,Torremolinos,29620,Málaga,Torremolinos
Maserati,Coupe,Gasolina,99494.0,439.0,automatic,38900,Torremolinos,29620,Málaga,Torremolinos
Maserati,Coupe,Gasolina,99494.0,439.0,automatic,38900,Torremolinos,29620,Málaga,Torremolinos
Maserati,Coupe,Gasolina,99494.0,439.0,automatic,38900,Paterna,46980,Valencia,Paterna
Maserati,Coupe,Gasolina,99494.0,439.0,automatic,38900,Mercado Parque Corredor del Henares,28850,Madrid,Mercado Parque Corredor del Henares
Maserati,Coupe,Gasolina,99494.0,439.0,automatic,38900,Santiago de Compostela,15703,A Coruña,Santiago de Compostela
Maserati,Coupe,Gasolina,99494.0,439.0,automatic,38900,Badajoz,6008,Badajoz,Badajoz
Maserati,Coupe,Gasolina,99494.0,439.0,automatic,38900,Saladar,3700,Alicante,Saladar
Fiat,Talento,Diésel,79134.0,121.0,manual,25490,Madrid,28860,Madrid,Madrid
Peugeot,e-208,Eléctrico,35891.0,136.0,automatic,29250,Alzira,46600,Valencia,Alzira
Peugeot,e-208,Eléctrico,35891.0,136.0,automatic,29250,Alzira,46600,Valencia,Alzira
Volvo,S80,Diésel,398000.0,185.0,automatic,5890,Jaén,23008,Jaén,Jaén
Ford,Escort,Gasolina,79000.0,90.0,manual,1200,Murcia,30001,Murcia,Murcia
Peugeot,807,Diésel,214000.0,136.0,manual,5990,Vitoria-Gasteiz,1005,Álava,Vitoria-Gasteiz
Peugeot,807,Diésel,214000.0,136.0,manual,4990,Vitoria-Gasteiz,1005,Álava,Vitoria-Gasteiz
Volvo,S40,Gasolina,207000.0,125.0,manual,5200,Amposta,43870,Tarragona,Amposta
Fiat,500X,Diésel,145319.0,120.0,manual,12450,Saladar,3700,Alicante,Saladar
Fiat,500X,Diésel,145319.0,120.0,manual,12450,Granollers,8403,Barcelona,Granollers
Fiat,500X,Diésel,145319.0,120.0,manual,12450,Badajoz,6008,Badajoz,Badajoz
Fiat,500X,Diésel,145319.0,120.0,manual,12450,Barcelona,8007,Barcelona,Barcelona
Peugeot,Rifter,Diésel,66459.0,100.0,manual,24139,Collado Villalba,28400,Madrid,Collado Villalba
Peugeot,Rifter,Diésel,66459.0,100.0,manual,24139,Collado Villalba,28400,Madrid,Collado Villalba
Peugeot,Rifter,Diésel,49796.0,75.0,manual,15165,Almería,4001,Almería,Almería
Peugeot,Rifter,Diésel,66459.0,100.0,manual,24139,Mercado Parque Corredor del Henares,28850,Madrid,Mercado Parque Corredor del Henares
Peugeot,Rifter,Diésel,66459.0,100.0,manual,24139,Estepona,29680,Málaga,Estepona
Peugeot,Rifter,Diésel,66459.0,100.0,manual,24139,Saladar,3700,Alicante,Saladar
Peugeot,Rifter,Diésel,66459.0,100.0,manual,24139,Ciudad Real,13003,Ciudad Real,Ciudad Real
Peugeot,Rifter,Diésel,60000.0,100.0,manual,22990,Vigo,36211,Pontevedra,Vigo
Peugeot,Rifter,Diésel,66459.0,100.0,manual,24139,Badajoz,6008,Badajoz,Badajoz
Peugeot,Rifter,Diésel,60000.0,100.0,manual,22990,Murcia,30005,Murcia,Murcia
Peugeot,108,Gasolina,18048.0,72.0,manual,11990,Málaga,29006,Málaga,Málaga
Peugeot,108,Gasolina,67418.0,82.0,manual,10699,Madrid,28014,Madrid,Madrid
Peugeot,108,Gasolina,43000.0,82.0,manual,8490,Alicante,3010,Alicante,Alicante
Peugeot,108,Gasolina,43000.0,82.0,manual,8490,Alicante,3010,Murcia,Alicante
Peugeot,108,Gasolina,43000.0,82.0,manual,8490,Valencia,46001,Valencia,Valencia
Peugeot,108,Gasolina,4959.0,70.0,automatic,11499,Barcelona,8007,Barcelona,Barcelona
Peugeot,108,Gasolina,43000.0,82.0,manual,8490,Granada,18005,Granada,Granada
Peugeot,108,Gasolina,43000.0,82.0,manual,8490,Vigo,36211,Pontevedra,Vigo
Peugeot,108,Gasolina,18960.0,72.0,manual,11990,Bilbao,48004,Bizkaia,Bilbao
Peugeot,108,Gasolina,60518.0,82.0,manual,9599,Madrid,28014,Madrid,Madrid
Peugeot,108,Gasolina,43000.0,82.0,manual,8490,Bilbao,48004,Bizkaia,Bilbao
Peugeot,108,Gasolina,43000.0,82.0,manual,8490,Almería,4006,Almería,Almería
Volvo,S60,Diésel,226000.0,163.0,manual,5400,Poligono Fuente del Jarro,46988,Valencia,Poligono Fuente del Jarro
Volvo,XC40,Diésel,52000.0,150.0,automatic,31000,San Clemente,16600,Cuenca,San Clemente
Ford,EcoSport,Gasolina,38323.0,140.0,manual,18170,Mercado Parque Corredor del Henares,28850,Madrid,Mercado Parque Corredor del Henares
Ford,EcoSport,Gasolina,38323.0,140.0,manual,18170,Santa Maria del Aguila,4710,Almería,Santa Maria del Aguila
Ford,EcoSport,Gasolina,38323.0,140.0,manual,18170,Alcalá de Guadaíra,41500,Sevilla,Alcalá de Guadaíra
Ford,EcoSport,Gasolina,38323.0,140.0,manual,18170,Mercabilbao,48970,Bizkaia,Mercabilbao
Ford,EcoSport,Gasolina,90237.0,140.0,manual,17800,Saladar,3700,Alicante,Saladar
Ford,EcoSport,Gasolina,90237.0,140.0,manual,17800,Puerto de Sagunto,46520,Valencia,Puerto de Sagunto
Ford,EcoSport,Gasolina,90237.0,140.0,manual,17800,Estepona,29680,Málaga,Estepona
Ford,EcoSport,Gasolina,90237.0,140.0,manual,17800,Badajoz,6008,Badajoz,Badajoz
Ford,EcoSport,Gasolina,90237.0,140.0,manual,17800,Santafe,18320,Granada,Santafe
Porsche,Macan,Diésel,189000.0,258.0,automatic,37990,Fuenlabrada,28943,Madrid,Fuenlabrada
Porsche,Macan,Diésel,207000.0,250.0,automatic,38800,Barcelona,8006,Barcelona,Barcelona
Volkswagen,Eos,Diésel,112773.0,140.0,automatic,11999,Madrid,28014,Madrid,Madrid
Volkswagen,Eos,Diésel,112773.0,140.0,automatic,11999,Barcelona,8007,Barcelona,Barcelona
Ford,B-MAX,Diésel,68047.0,95.0,manual,12485,Saladar,3700,Alicante,Saladar
Ford,B-MAX,Diésel,68047.0,95.0,manual,12485,Granollers,8403,Barcelona,Granollers
Ford,B-MAX,Diésel,68047.0,95.0,manual,12485,Badajoz,6008,Badajoz,Badajoz
Porsche,Boxster,Gasolina,136900.0,252.0,manual,17900,Carretera de San Martin de La Vega,28320,Madrid,Carretera de San Martin de La Vega
Volkswagen,Crafter,Diésel,144599.0,140.0,manual,19990,Alicante,3010,Alicante,Alicante
Volkswagen,Crafter,Diésel,144599.0,140.0,manual,19990,Alicante,3010,Murcia,Alicante
Volkswagen,Crafter,Diésel,144599.0,140.0,manual,17990,Alicante,3010,Alicante,Alicante
Volkswagen,Crafter,Diésel,144599.0,140.0,manual,17990,Alicante,3010,Murcia,Alicante
Volkswagen,Crafter,Diésel,12257.0,102.0,manual,29990,Alicante,3010,Alicante,Alicante
Volkswagen,Crafter,Diésel,12257.0,102.0,manual,29990,Alicante,3010,Murcia,Alicante
Porsche,Cayenne,Gasolina,189900.0,340.0,automatic,8900,Mejorada del Campo,28840,Madrid,Mejorada del Campo
Volkswagen,Crafter,Diésel,144599.0,140.0,manual,19990,Sevilla,41005,Sevilla,Sevilla
Volkswagen,Crafter,Diésel,144599.0,140.0,manual,17990,Sevilla,41005,Sevilla,Sevilla
Opel,Zafira Tourer,Diésel,65000.0,120.0,manual,13490,Sevilla,41005,Sevilla,Sevilla
Volkswagen,Caddy,Diésel,131267.0,102.0,manual,13189,Mercado Parque Corredor del Henares,28850,Madrid,Mercado Parque Corredor del Henares
Volkswagen,Caddy,Diésel,124937.0,150.0,automatic,23299,Madrid,28014,Madrid,Madrid
Volkswagen,Caddy,Diésel,124937.0,150.0,automatic,22499,Madrid,28014,Madrid,Madrid
Ford,Mustang,Gasolina,32990.0,421.0,automatic,34490,Vigo,36211,Pontevedra,Vigo
Ford,Mustang,Gasolina,107619.0,314.0,manual,29490,Vigo,36211,Pontevedra,Vigo
Ford,Mustang,Gasolina,107619.0,314.0,manual,28490,Vigo,36211,Pontevedra,Vigo
Ford,Mustang,Gasolina,33800.0,314.0,manual,32490,Vigo,36211,Pontevedra,Vigo
Subaru,Impreza,Gasolina,189000.0,160.0,manual,6990,El Prat de Llobregat,8820,Barcelona,El Prat de Llobregat
Volkswagen,Amarok,Diésel,107097.0,204.0,automatic,36900,Alcalá de Guadaíra,41500,Sevilla,Alcalá de Guadaíra
Volkswagen,Amarok,Diésel,107097.0,204.0,automatic,36900,Valdepeñas,13300,Ciudad Real,Valdepeñas
Volkswagen,Amarok,Diésel,107097.0,204.0,automatic,36900,Valdepeñas,13300,Ciudad Real,Valdepeñas
Volkswagen,Amarok,Diésel,107097.0,204.0,automatic,36900,Granollers,8403,Barcelona,Granollers
Volkswagen,Amarok,Diésel,107097.0,204.0,automatic,36900,Getafe,28906,Madrid,Getafe
Volkswagen,Amarok,Diésel,107097.0,204.0,automatic,36900,Colonia Pablo Iglesias,28520,Madrid,Colonia Pablo Iglesias
Volkswagen,Amarok,Diésel,107097.0,204.0,automatic,36900,Barcelona,8007,Barcelona,Barcelona
Volkswagen,Amarok,Diésel,107097.0,204.0,automatic,36900,Atarrabia,31610,Navarra,Atarrabia
Volkswagen,Amarok,Diésel,107097.0,204.0,automatic,36900,Las Rozas de Madrid,28232,Madrid,Las Rozas de Madrid
Ford,Kuga,Diésel,122000.0,150.0,manual,14990,Granada,18005,Granada,Granada
Volkswagen,CC,Diésel,174400.0,140.0,automatic,11790,Bilbao,48004,Bizkaia,Bilbao
Volkswagen,CC,Diésel,89995.0,140.0,automatic,16490,Alicante,3010,Alicante,Alicante
Volkswagen,CC,Diésel,89995.0,140.0,automatic,16490,Alicante,3010,Murcia,Alicante
Volkswagen,CC,Diésel,89995.0,140.0,automatic,15990,Alicante,3010,Alicante,Alicante
Volkswagen,CC,Diésel,89995.0,140.0,automatic,15990,Alicante,3010,Murcia,Alicante
Volkswagen,CC,Diésel,150808.0,140.0,manual,13890,Alicante,3010,Alicante,Alicante
Volkswagen,CC,Diésel,150808.0,140.0,manual,13890,Alicante,3010,Murcia,Alicante
Volkswagen,CC,Diésel,89995.0,140.0,automatic,16490,Valencia,46001,Valencia,Valencia
Volkswagen,CC,Diésel,89995.0,140.0,automatic,15990,Valencia,46001,Valencia,Valencia
Suzuki,Jimny,Gasolina,50359.0,85.0,manual,17135,Badajoz,6008,Badajoz,Badajoz
Suzuki,Jimny,Gasolina,50359.0,85.0,manual,17135,Paterna,46980,Valencia,Paterna
Suzuki,Jimny,Gasolina,50359.0,85.0,manual,17135,Mercabilbao,48970,Bizkaia,Mercabilbao
Suzuki,Jimny,Gasolina,50359.0,85.0,manual,17135,Estepona,29680,Málaga,Estepona
Suzuki,Jimny,Gasolina,50359.0,85.0,manual,17135,Albacete,2001,Albacete,Albacete
Suzuki,Jimny,Gasolina,50359.0,85.0,manual,17135,Castello/Castellon de La Plana,12100,Castellón,Castello/Castellon de La Plana
Suzuki,Jimny,Gasolina,50359.0,85.0,manual,17135,Alameda del Obispo,14005,Córdoba,Alameda del Obispo
Volkswagen,Golf,Diésel,139191.0,150.0,automatic,23500,Benicarló,12580,Castellón,Benicarló
Volkswagen,Golf,Diésel,90831.0,150.0,manual,16490,Madrid,28021,Madrid,Madrid
Volkswagen,Golf,Gasolina,28246.0,230.0,manual,24990,Almería,4006,Almería,Almería
Volkswagen,ID.4,Eléctrico,0.0,204.0,automatic,495,El Papiol,8970,Barcelona,El Papiol
Volkswagen,Passat CC,Diésel,327000.0,140.0,manual,9490,Sevilla,41001,Sevilla,Sevilla
Volkswagen,Beetle,Gasolina,77588.0,105.0,manual,320,Barcelona,8007,Barcelona,Barcelona
Suzuki,Ignis,Gasolina,60242.0,90.0,automatic,14990,Málaga,29005,Málaga,Málaga
Opel,Crossland,Gasolina,2453.0,110.0,manual,22800,Inca,7300,Baleares,Inca
Opel,Crossland,Gasolina,50414.0,110.0,manual,18600,Santa Coloma de Gramenet,8921,Barcelona,Santa Coloma de Gramenet
Opel,Crossland,Gasolina,40461.0,110.0,manual,18800,Santa Coloma de Gramenet,8921,Barcelona,Santa Coloma de Gramenet
Opel,Crossland,Gasolina,42198.0,130.0,manual,18400,Santa Coloma de Gramenet,8921,Barcelona,Santa Coloma de Gramenet
Opel,Crossland,Gasolina,61464.0,110.0,manual,18100,Santa Coloma de Gramenet,8921,Barcelona,Santa Coloma de Gramenet
Suzuki,Ignis,Gasolina,60242.0,90.0,automatic,14990,Alicante,3010,Alicante,Alicante
Suzuki,Ignis,Gasolina,60242.0,90.0,automatic,14990,Alicante,3010,Murcia,Alicante
Volkswagen,Bora,Diésel,290000.0,130.0,manual,1450,Valdefuentes,28939,Madrid,Valdefuentes
Volkswagen,Bora,Diésel,290000.0,130.0,manual,1450,Valdefuentes,28939,Madrid,Valdefuentes
Opel,Crossland,Gasolina,41723.0,110.0,manual,19100,Santa Coloma de Gramenet,8921,Barcelona,Santa Coloma de Gramenet
Volkswagen,Bora,Gasolina,268719.0,116.0,manual,1500,La Poveda,28500,Madrid,La Poveda
Chrysler,Grand Voyager,Diésel,220000.0,150.0,automatic,4500,Tarragona,43005,Tarragona,Tarragona
Chrysler,Sebring,Gasolina,126894.0,141.0,manual,4800,Alcobendas,28100,Madrid,Alcobendas
Chrysler,Sebring,Gasolina,126894.0,141.0,manual,4800,Collado Villalba,28400,Madrid,Collado Villalba
Chrysler,Sebring,Gasolina,126894.0,141.0,manual,4800,Collado Villalba,28400,Madrid,Collado Villalba
Chrysler,Sebring,Gasolina,126894.0,141.0,manual,4800,Las Matas,28290,Madrid,Las Matas
Chrysler,Sebring,Gasolina,126894.0,141.0,manual,4800,Getafe,28901,Madrid,Getafe
Chrysler,Sebring,Gasolina,126894.0,141.0,manual,4800,Hidraulica Santillana,28770,Madrid,Hidraulica Santillana
DS,7 CROSSBACK,Gasolina,20350.0,130.0,automatic,31990,Lugar Nuevo de La Corona,46910,Valencia,Lugar Nuevo de La Corona
DS,7 CROSSBACK,Gasolina,20350.0,130.0,automatic,31990,Lugar Nuevo de La Corona,46910,Valencia,Lugar Nuevo de La Corona
DS,7 CROSSBACK,Gasolina,20350.0,130.0,automatic,31990,Lugar Nuevo de La Corona,46910,Valencia,Lugar Nuevo de La Corona
DS,7 CROSSBACK,Gasolina,20350.0,130.0,automatic,31990,Lugar Nuevo de La Corona,46910,Valencia,Lugar Nuevo de La Corona
DS,7 CROSSBACK,Diésel,36549.0,130.0,automatic,30990,Lugar Nuevo de La Corona,46910,Valencia,Lugar Nuevo de La Corona
DS,7 CROSSBACK,Diésel,36549.0,130.0,automatic,30990,Lugar Nuevo de La Corona,46910,Valencia,Lugar Nuevo de La Corona
DS,7 CROSSBACK,Diésel,36549.0,130.0,automatic,30990,Lugar Nuevo de La Corona,46910,Valencia,Lugar Nuevo de La Corona
DS,7 CROSSBACK,Diésel,36549.0,130.0,automatic,30990,Lugar Nuevo de La Corona,46910,Valencia,Lugar Nuevo de La Corona
Dacia,Dokker,Diésel,90000.0,75.0,manual,276,Sevilla,41018,Sevilla,Sevilla
Dacia,Dokker,Diésel,43637.0,75.0,manual,13899,Barcelona,8007,Barcelona,Barcelona
Dacia,Dokker,Diésel,115000.0,90.0,manual,15500,Torrejón de Ardoz,28850,Madrid,Torrejón de Ardoz
Dacia,Dokker,Otros,154891.0,98.0,manual,12535,Alcobendas,28100,Madrid,Alcobendas
Dacia,Dokker,Diésel,90000.0,75.0,manual,276,Valencia,46005,Valencia,Valencia
Dacia,Sandero,Gasolina,43000.0,91.0,manual,13990,Palau-Solita I Plegamans,8184,Barcelona,Palau-Solita I Plegamans
Dacia,Sandero,Gasolina,43000.0,91.0,manual,13990,Palau-Solita I Plegamans,8184,Barcelona,Palau-Solita I Plegamans
Dacia,Sandero,Diésel,230.0,90.0,manual,5490,Móstoles,28937,Madrid,Móstoles
Volkswagen,Scirocco,Gasolina,186000.0,122.0,manual,8990,Fuenlabrada,28946,Madrid,Fuenlabrada
Opel,Mokka X,Gasolina,34181.0,140.0,manual,14990,Valencia,46001,Valencia,Valencia
Opel,Mokka X,Gasolina,34181.0,140.0,manual,14990,Málaga,29005,Málaga,Málaga
Opel,Mokka X,Gasolina,66654.0,140.0,manual,15985,Vigo,36214,Pontevedra,Vigo
Opel,Mokka X,Gasolina,34181.0,140.0,manual,14990,Alicante,3010,Alicante,Alicante
Opel,Mokka X,Gasolina,34181.0,140.0,manual,14990,Alicante,3010,Murcia,Alicante
Dacia,Sandero,Otros,98469.0,90.0,manual,10990,Leganés,28915,Madrid,Leganés
Volkswagen,Sharan,Gasolina,210000.0,204.0,manual,6990,El Prat de Llobregat,8820,Barcelona,El Prat de Llobregat
Volkswagen,Sharan,Diésel,191000.0,140.0,manual,5900,Lorca,30800,Murcia,Lorca
Dacia,Lodgy,Otros,46600.0,102.0,manual,12490,Málaga,29005,Málaga,Málaga
BMW,X1,Gasolina,99950.0,140.0,manual,555,Barcelona,8007,Barcelona,Barcelona
Dacia,Duster,Diésel,38390.0,116.0,manual,20900,Santafe,18320,Granada,Santafe
Dacia,Duster,Gasolina,111772.0,125.0,manual,11715,Torremolinos,29620,Málaga,Torremolinos
Dacia,Duster,Gasolina,111772.0,125.0,manual,11715,Torremolinos,29620,Málaga,Torremolinos
Dacia,Duster,Gasolina,111772.0,125.0,manual,11715,Torremolinos,29620,Málaga,Torremolinos
Dacia,Duster,Diésel,89235.0,109.0,manual,11900,Torremolinos,29620,Málaga,Torremolinos
Dacia,Duster,Diésel,89235.0,109.0,manual,11900,Torremolinos,29620,Málaga,Torremolinos
Dacia,Duster,Diésel,89235.0,109.0,manual,11900,Torremolinos,29620,Málaga,Torremolinos
Dacia,Duster,Gasolina,111772.0,125.0,manual,11715,Olèrdola,8734,Barcelona,Olèrdola
Dacia,Duster,Gasolina,111772.0,125.0,manual,11715,Olèrdola,8734,Barcelona,Olèrdola
Dacia,Duster,Diésel,89235.0,109.0,manual,11900,Olèrdola,8734,Barcelona,Olèrdola
Dacia,Duster,Diésel,89235.0,109.0,manual,11900,Olèrdola,8734,Barcelona,Olèrdola
Dacia,Duster,Diésel,83460.0,107.0,manual,10900,Olèrdola,8734,Barcelona,Olèrdola
Dacia,Duster,Diésel,83460.0,107.0,manual,10900,Olèrdola,8734,Barcelona,Olèrdola
Dacia,Duster,Gasolina,111772.0,125.0,manual,11715,Mercado Parque Corredor del Henares,28850,Madrid,Mercado Parque Corredor del Henares
Volkswagen,Eos,Diésel,110810.0,140.0,automatic,12599,Santa Maria del Aguila,4710,Almería,Santa Maria del Aguila
Jaguar,E-Pace,Diésel,55394.0,150.0,manual,26490,Málaga,29005,Málaga,Málaga
Jaguar,E-Pace,Diésel,55394.0,150.0,manual,24890,Málaga,29005,Málaga,Málaga
Jaguar,E-Pace,Diésel,59823.0,180.0,automatic,32990,Palma de Mallorca,7003,Baleares,Palma de Mallorca
Jaguar,E-Pace,Diésel,59823.0,180.0,automatic,32990,Sevilla,41005,Sevilla,Sevilla
Jaguar,E-Pace,Diésel,70000.0,180.0,automatic,31990,Lucena,14900,Córdoba,Lucena
Jaguar,XF,Diésel,52334.0,180.0,automatic,25289,Zaragoza,50013,Zaragoza,Zaragoza
Jaguar,XF,Diésel,52334.0,180.0,automatic,25289,Alcalá de Guadaíra,41500,Sevilla,Alcalá de Guadaíra
Jaguar,XF,Diésel,52334.0,180.0,automatic,25289,Puerto de Sagunto,46520,Valencia,Puerto de Sagunto
Jaguar,XF,Diésel,52334.0,180.0,automatic,25289,Mercabilbao,48970,Bizkaia,Mercabilbao
Jaguar,XF,Diésel,52334.0,180.0,automatic,25289,Collado Villalba,28400,Madrid,Collado Villalba
Jaguar,XF,Diésel,52334.0,180.0,automatic,25289,Collado Villalba,28400,Madrid,Collado Villalba
Jaguar,XF,Diésel,52334.0,180.0,automatic,25289,Alcobendas,28100,Madrid,Alcobendas
Jaguar,F-Pace,Diésel,125026.0,180.0,automatic,32990,Sevilla,41017,Sevilla,Sevilla
Jaguar,F-Pace,Diésel,125026.0,180.0,automatic,32990,Granada,18005,Granada,Granada
Jaguar,F-Pace,Diésel,125026.0,180.0,automatic,32990,Valencia,46001,Valencia,Valencia
Jaguar,F-Pace,Diésel,125026.0,180.0,automatic,32990,Málaga,29005,Málaga,Málaga
Jaguar,F-Pace,Diésel,125026.0,180.0,automatic,32990,Murcia,30005,Murcia,Murcia
Jaguar,F-Pace,Diésel,107194.0,180.0,automatic,31912,Barcelona,8007,Barcelona,Barcelona
Jaguar,XJ,Gasolina,229000.0,237.0,automatic,4490,Granollers,8403,Barcelona,Granollers
Jaguar,XJ,Diésel,149123.0,275.0,automatic,24500,Alcalá de Henares,28806,Madrid,Alcalá de Henares
Jaguar,XE,Diésel,86330.0,180.0,automatic,18490,Murcia,30005,Murcia,Murcia
Jaguar,XE,Diésel,86330.0,180.0,automatic,18490,Málaga,29005,Málaga,Málaga
Jaguar,XJ,Diésel,165000.0,207.0,automatic,15500,Gamarra Mayor,1013,Álava,Gamarra Mayor
Lancia,Voyager,Diésel,180000.0,163.0,automatic,13490,Sant Boi de Llobregat,8830,Barcelona,Sant Boi de Llobregat
Lancia,Voyager,Diésel,178707.0,163.0,automatic,16280,Santafe,18320,Granada,Santafe
Lancia,Voyager,Diésel,178707.0,163.0,automatic,16280,Albacete,2001,Albacete,Albacete
Lancia,Voyager,Diésel,178707.0,163.0,automatic,16280,Santiago de Compostela,15703,A Coruña,Santiago de Compostela
Volkswagen,Arteon,Gasolina,76000.0,190.0,automatic,30900,Valdefuentes,28939,Madrid,Valdefuentes
Volkswagen,Arteon,Gasolina,76000.0,190.0,automatic,30900,Valdefuentes,28939,Madrid,Valdefuentes
Lancia,Voyager,Diésel,178707.0,163.0,automatic,16280,Alcobendas,28100,Madrid,Alcobendas
Lancia,Voyager,Diésel,178707.0,163.0,automatic,16280,Alameda del Obispo,14005,Córdoba,Alameda del Obispo
Lancia,Voyager,Diésel,178707.0,163.0,automatic,16280,Alzira,46600,Valencia,Alzira
Lancia,Voyager,Diésel,178707.0,163.0,automatic,16280,Alzira,46600,Valencia,Alzira
Lancia,Thema,Diésel,106292.0,239.0,automatic,15200,Sant Vicenç de Montalt,8394,Barcelona,Sant Vicenç de Montalt
Lancia,Thema,Diésel,106292.0,239.0,automatic,15200,Granollers,8403,Barcelona,Granollers
Lancia,Thema,Diésel,106292.0,239.0,automatic,15200,Murcia,30003,Murcia,Murcia
Lancia,Musa,Gasolina,185400.0,95.0,manual,4500,Málaga,29004,Málaga,Málaga
Lancia,Musa,Gasolina,97000.0,95.0,automatic,6400,Cornella de Llobregat,8940,Barcelona,Cornella de Llobregat
Volkswagen,Caddy,Diésel,103665.0,102.0,manual,12490,Madrid,28021,Madrid,Madrid
Volkswagen,Caddy,Diésel,48092.0,102.0,manual,21890,Camas,41900,Sevilla,Camas
Volkswagen,Caddy,Diésel,48092.0,102.0,manual,21900,Camas,41900,Sevilla,Camas
Lancia,Phedra,Diésel,146000.0,136.0,manual,8900,Valencia,46006,Valencia,Valencia
Lancia,Ypsilon,Gasolina,163635.0,95.0,automatic,65,Madrid,28042,Madrid,Madrid
Land Rover,Range Rover,Diésel,129078.0,272.0,automatic,16250,Alcobendas,28100,Madrid,Alcobendas
Land Rover,Range Rover,Diésel,129078.0,272.0,automatic,16250,Alicante,3007,Alicante,Alicante
Land Rover,Range Rover,Diésel,129078.0,272.0,automatic,16250,Alcalá de Guadaíra,41500,Sevilla,Alcalá de Guadaíra
Land Rover,Range Rover,Diésel,129078.0,272.0,automatic,16250,Puerto de Sagunto,46520,Valencia,Puerto de Sagunto
Land Rover,Range Rover,Diésel,129078.0,272.0,automatic,16250,Paterna,46980,Valencia,Paterna
Land Rover,Range Rover,Diésel,129078.0,272.0,automatic,16250,Zaragoza,50013,Zaragoza,Zaragoza
Land Rover,Range Rover Evoque,Diésel,107857.0,150.0,automatic,23900,Hidraulica Santillana,28770,Madrid,Hidraulica Santillana
Land Rover,Range Rover Evoque,Diésel,107857.0,150.0,automatic,23900,Alicante,3007,Alicante,Alicante
Land Rover,Range Rover Evoque,Diésel,117000.0,150.0,automatic,20900,Barcelona,8028,Barcelona,Barcelona
Land Rover,Freelander,Diésel,97886.0,160.0,manual,12900,Paterna,46980,Valencia,Paterna
Land Rover,Freelander,Diésel,97886.0,160.0,manual,12900,Getafe,28906,Madrid,Getafe
Land Rover,Freelander,Diésel,97886.0,160.0,manual,12900,Collado Villalba,28400,Madrid,Collado Villalba
Land Rover,Freelander,Diésel,97886.0,160.0,manual,12900,Collado Villalba,28400,Madrid,Collado Villalba
Mazda,CX-30,Gasolina,43589.0,122.0,manual,24955,Granollers,8403,Barcelona,Granollers
Opel,Astra,Gasolina,133000.0,90.0,manual,4500,Madrid,28017,Madrid,Madrid
Land Rover,Discovery Sport,Diésel,160631.0,180.0,automatic,20300,Collado Villalba,28400,Madrid,Collado Villalba
Land Rover,Discovery Sport,Diésel,160631.0,180.0,automatic,20300,Collado Villalba,28400,Madrid,Collado Villalba
Land Rover,Discovery Sport,Diésel,160631.0,180.0,automatic,20300,Hidraulica Santillana,28770,Madrid,Hidraulica Santillana
Land Rover,Discovery Sport,Diésel,160631.0,180.0,automatic,20300,Alcobendas,28100,Madrid,Alcobendas
Land Rover,Discovery Sport,Diésel,160631.0,180.0,automatic,20300,Castello/Castellon de La Plana,12100,Castellón,Castello/Castellon de La Plana
Land Rover,Discovery Sport,Diésel,160631.0,180.0,automatic,20300,Albacete,2001,Albacete,Albacete
Land Rover,Discovery Sport,Diésel,160631.0,180.0,automatic,20300,Alicante,3007,Alicante,Alicante
Land Rover,Discovery Sport,Diésel,160631.0,180.0,automatic,20300,Getafe,28906,Madrid,Getafe
Land Rover,Discovery Sport,Diésel,160631.0,180.0,automatic,20300,Alameda del Obispo,14005,Córdoba,Alameda del Obispo
Toyota,iQ,Gasolina,129000.0,68.0,automatic,7490,Lloret de Mar,17310,Girona,Lloret de Mar
Toyota,Auris,Diésel,105136.0,90.0,manual,9300,Casas de Don Gómez,10818,Cáceres,Casas de Don Gómez
Toyota,Auris,Diésel,105136.0,90.0,manual,9300,Casas de Don Gómez,10818,Cáceres,Casas de Don Gómez
Opel,Astra,Diésel,84861.0,110.0,manual,11500,Sevilla,41004,Sevilla,Sevilla
Opel,Astra,Diésel,84861.0,110.0,manual,10500,Sevilla,41004,Sevilla,Sevilla
Opel,Astra,Diésel,79744.0,110.0,manual,13500,Sevilla,41004,Sevilla,Sevilla
Opel,Astra,Diésel,79744.0,110.0,manual,12800,Sevilla,41004,Sevilla,Sevilla
Opel,Astra,Diésel,84861.0,110.0,manual,11500,Leganés,28914,Madrid,Leganés
Opel,Astra,Diésel,84861.0,110.0,manual,10500,Leganés,28914,Madrid,Leganés
Opel,Astra,Diésel,79744.0,110.0,manual,13500,Leganés,28914,Madrid,Leganés
Opel,Astra,Diésel,79744.0,110.0,manual,12800,Leganés,28914,Madrid,Leganés
Toyota,Auris,Diésel,121321.0,90.0,manual,11990,Santafe,18320,Granada,Santafe
Toyota,Auris,Diésel,121321.0,90.0,manual,11990,Estepona,29680,Málaga,Estepona
Toyota,Verso,Gasolina,53741.0,132.0,manual,16490,Vigo,36211,Pontevedra,Vigo
Toyota,Verso,Gasolina,53741.0,132.0,manual,16490,Almería,4006,Almería,Almería
Toyota,Verso,Gasolina,53741.0,132.0,manual,16490,Alicante,3010,Alicante,Alicante
Toyota,Verso,Gasolina,53741.0,132.0,manual,16490,Alicante,3010,Murcia,Alicante
Toyota,Verso,Gasolina,53741.0,132.0,manual,16490,Murcia,30005,Murcia,Murcia
Toyota,Yaris,Gasolina,17996.0,69.0,manual,11990,Palma de Mallorca,7003,Baleares,Palma de Mallorca
Toyota,MR2,Gasolina,233600.0,140.0,manual,7500,Sedaví,46910,Valencia,Sedaví
Toyota,MR2,Gasolina,233600.0,140.0,manual,7500,Sedaví,46910,Valencia,Sedaví
Toyota,MR2,Gasolina,233600.0,140.0,manual,7500,Sedaví,46910,Valencia,Sedaví
Toyota,MR2,Gasolina,233600.0,140.0,manual,7500,Sedaví,46910,Valencia,Sedaví
Toyota,Aygo,Gasolina,32889.0,69.0,automatic,11990,Valdepeñas,13300,Ciudad Real,Valdepeñas
Toyota,Aygo,Gasolina,32889.0,69.0,automatic,11990,Valdepeñas,13300,Ciudad Real,Valdepeñas
Toyota,Aygo,Gasolina,33120.0,69.0,manual,12900,Santiago de Compostela,15703,A Coruña,Santiago de Compostela
Toyota,Aygo,Gasolina,32889.0,69.0,automatic,11990,Santiago de Compostela,15703,A Coruña,Santiago de Compostela
Toyota,Aygo,Gasolina,33120.0,69.0,manual,12900,Ciudad Real,13003,Ciudad Real,Ciudad Real
Toyota,Aygo,Gasolina,33120.0,69.0,manual,12900,Sant Vicenç de Montalt,8394,Barcelona,Sant Vicenç de Montalt
Toyota,Aygo,Gasolina,32889.0,69.0,automatic,11990,Mercado Parque Corredor del Henares,28850,Madrid,Mercado Parque Corredor del Henares
Toyota,Aygo,Gasolina,33120.0,69.0,manual,12900,Colonia Pablo Iglesias,28520,Madrid,Colonia Pablo Iglesias
Toyota,Avensis,Diésel,239000.0,150.0,manual,6900,Madrid,28018,Madrid,Madrid
Volkswagen,Transporter T5,Diésel,279000.0,130.0,manual,15500,Tarragona,43006,Tarragona,Tarragona
Toyota,Corolla,Diésel,223000.0,90.0,manual,3800,Bertamirans,15220,A Coruña,Bertamirans
Mercedes-Benz,Clase E,Gasolina,114281.0,184.0,automatic,26290,Santa Maria del Aguila,4710,Almería,Santa Maria del Aguila
Mercedes-Benz,Clase E,Gasolina,114281.0,184.0,automatic,26290,Santiago de Compostela,15703,A Coruña,Santiago de Compostela
Toyota,Hilux,Diésel,108941.0,150.0,manual,27200,Collado Villalba,28400,Madrid,Collado Villalba
Toyota,Hilux,Diésel,108941.0,150.0,manual,27200,Collado Villalba,28400,Madrid,Collado Villalba
Toyota,Hilux,Diésel,108941.0,150.0,manual,27200,Majadahonda,28014,Madrid,Majadahonda
Toyota,Hilux,Diésel,185767.0,150.0,manual,21999,Tudela,31500,Navarra,Tudela
Toyota,Hilux,Diésel,69587.0,150.0,manual,27900,Almería,4001,Almería,Almería
Toyota,Hilux,Diésel,69587.0,150.0,manual,27900,Sevilla,41005,Sevilla,Sevilla
Toyota,Hilux,Diésel,69587.0,150.0,manual,27900,Cádiz,11006,Cádiz,Cádiz
Toyota,C-HR,Eléctrico,13199.0,184.0,automatic,31625,Barcelona,8007,Barcelona,Barcelona
Toyota,Land Cruiser,Diésel,244156.0,166.0,automatic,15250,Hidraulica Santillana,28770,Madrid,Hidraulica Santillana
Toyota,Land Cruiser,Diésel,153580.0,177.0,manual,30417,Torremolinos,29620,Málaga,Torremolinos
Toyota,Land Cruiser,Diésel,153580.0,177.0,manual,30417,Torremolinos,29620,Málaga,Torremolinos
Toyota,Land Cruiser,Diésel,153580.0,177.0,manual,30417,Torremolinos,29620,Málaga,Torremolinos
Toyota,Land Cruiser,Diésel,153580.0,177.0,manual,30417,Santiago de Compostela,15703,A Coruña,Santiago de Compostela
Toyota,Land Cruiser,Diésel,244156.0,166.0,automatic,15250,Zaragoza,50013,Zaragoza,Zaragoza
Toyota,Land Cruiser,Diésel,244156.0,166.0,automatic,15250,Mercado Parque Corredor del Henares,28850,Madrid,Mercado Parque Corredor del Henares
Toyota,Land Cruiser,Diésel,244156.0,166.0,automatic,15250,Santa Maria del Aguila,4710,Almería,Santa Maria del Aguila
Toyota,Land Cruiser,Diésel,244156.0,166.0,automatic,15250,Alcalá de Guadaíra,41500,Sevilla,Alcalá de Guadaíra
Mazda,MX-5,Gasolina,116753.0,146.0,manual,10990,Vigo,36214,Pontevedra,Vigo
Toyota,Land Cruiser,Diésel,244156.0,166.0,automatic,15250,Mercabilbao,48970,Bizkaia,Mercabilbao
Mazda,MX-5,Gasolina,116753.0,146.0,manual,10990,Granollers,8403,Barcelona,Granollers
Mazda,MX-5,Gasolina,116753.0,146.0,manual,10990,Barcelona,8007,Barcelona,Barcelona
Galloper,Super Exceed,Diésel,341000.0,115.0,manual,5800,Guardiola de Berguedà,8694,Barcelona,Guardiola de Berguedà
Galloper,Super Exceed,Diésel,341000.0,115.0,manual,5800,Guardiola de Berguedà,8694,Barcelona,Guardiola de Berguedà
Galloper,Super Exceed,Diésel,341000.0,115.0,manual,5950,Guardiola de Berguedà,8694,Barcelona,Guardiola de Berguedà
Galloper,Super Exceed,Diésel,341000.0,115.0,manual,5950,Guardiola de Berguedà,8694,Barcelona,Guardiola de Berguedà
Infiniti,QX30,Gasolina,62497.0,211.0,automatic,23990,Bilbao,48004,Bizkaia,Bilbao
Infiniti,QX30,Gasolina,62497.0,211.0,automatic,23990,Alicante,3010,Alicante,Alicante
Infiniti,QX30,Gasolina,62497.0,211.0,automatic,23990,Alicante,3010,Murcia,Alicante
Infiniti,QX30,Gasolina,62497.0,211.0,automatic,23990,Fuenlabrada,28947,Madrid,Fuenlabrada
Infiniti,QX30,Diésel,115358.0,170.0,automatic,19499,Barcelona,8007,Barcelona,Barcelona
Infiniti,QX30,Diésel,115358.0,170.0,automatic,19499,Madrid,28014,Madrid,Madrid
Infiniti,Q30,Gasolina,83640.0,122.0,manual,18975,Las Rozas de Madrid,28232,Madrid,Las Rozas de Madrid
Infiniti,Q30,Gasolina,83640.0,122.0,manual,18975,Ciudad Real,13003,Ciudad Real,Ciudad Real
Infiniti,Q30,Gasolina,83640.0,122.0,manual,18975,Granollers,8403,Barcelona,Granollers
Infiniti,Q30,Gasolina,83640.0,122.0,manual,18975,Alcobendas,28100,Madrid,Alcobendas
Infiniti,Q30,Gasolina,83640.0,122.0,manual,18975,Vigo,36214,Pontevedra,Vigo
Infiniti,Q30,Gasolina,83640.0,122.0,manual,18975,Collado Villalba,28400,Madrid,Collado Villalba
Infiniti,Q30,Gasolina,83640.0,122.0,manual,18975,Collado Villalba,28400,Madrid,Collado Villalba
Infiniti,QX70,Gasolina,118600.0,320.0,automatic,31050,Murcia,30003,Murcia,Murcia
Infiniti,QX70,Diésel,73501.0,238.0,automatic,23990,Palma de Mallorca,7003,Baleares,Palma de Mallorca
Infiniti,Q50,Diésel,128307.0,170.0,automatic,15785,Albacete,2001,Albacete,Albacete
Infiniti,Q50,Diésel,128307.0,170.0,automatic,15785,Alicante,3007,Alicante,Alicante
Infiniti,Q50,Diésel,128307.0,170.0,automatic,15785,Getafe,28906,Madrid,Getafe
Infiniti,Q50,Diésel,128307.0,170.0,automatic,15785,Torremolinos,29620,Málaga,Torremolinos
Infiniti,Q50,Diésel,128307.0,170.0,automatic,15785,Torremolinos,29620,Málaga,Torremolinos
Infiniti,Q50,Diésel,128307.0,170.0,automatic,15785,Torremolinos,29620,Málaga,Torremolinos
KIA,XCeed,Gasolina,24134.0,160.0,automatic,27990,Collado Villalba,28400,Madrid,Collado Villalba
KIA,XCeed,Gasolina,24134.0,160.0,automatic,27990,Collado Villalba,28400,Madrid,Collado Villalba
KIA,XCeed,Gasolina,24134.0,160.0,automatic,27990,Vigo,36214,Pontevedra,Vigo
KIA,XCeed,Gasolina,24134.0,160.0,automatic,27990,Mercado Parque Corredor del Henares,28850,Madrid,Mercado Parque Corredor del Henares
KIA,XCeed,Gasolina,24134.0,160.0,automatic,27990,Sant Vicenç de Montalt,8394,Barcelona,Sant Vicenç de Montalt
KIA,XCeed,Gasolina,24134.0,160.0,automatic,27990,Murcia,30003,Murcia,Murcia
KIA,XCeed,Gasolina,24134.0,160.0,automatic,27990,Granollers,8403,Barcelona,Granollers
KIA,Niro,Eléctrico,26452.0,141.0,automatic,28175,Vigo,36214,Pontevedra,Vigo
KIA,Niro,Eléctrico,26452.0,141.0,automatic,28175,Mercado Parque Corredor del Henares,28850,Madrid,Mercado Parque Corredor del Henares
KIA,Niro,Eléctrico,26452.0,141.0,automatic,28175,Granollers,8403,Barcelona,Granollers
KIA,Niro,Eléctrico,26452.0,141.0,automatic,28175,Alicante,3007,Alicante,Alicante
KIA,Niro,Eléctrico,26452.0,141.0,automatic,28175,Las Rozas de Madrid,28232,Madrid,Las Rozas de Madrid
KIA,Niro,Eléctrico,26452.0,141.0,automatic,28175,Valdepeñas,13300,Ciudad Real,Valdepeñas
KIA,Niro,Eléctrico,26452.0,141.0,automatic,28175,Valdepeñas,13300,Ciudad Real,Valdepeñas
KIA,Niro,Eléctrico,26452.0,141.0,automatic,28175,Mercabilbao,48970,Bizkaia,Mercabilbao
KIA,Niro,Eléctrico,26452.0,141.0,automatic,28175,Colonia Pablo Iglesias,28520,Madrid,Colonia Pablo Iglesias
KIA,Niro,Eléctrico,26452.0,141.0,automatic,28175,Zaragoza,50013,Zaragoza,Zaragoza
KIA,Optima,Diésel,174479.0,141.0,manual,16330,Santafe,18320,Granada,Santafe
KIA,Optima,Diésel,174479.0,141.0,manual,16330,Badajoz,6008,Badajoz,Badajoz
KIA,Optima,Eléctrico,139713.0,205.0,automatic,24035,Hidraulica Santillana,28770,Madrid,Hidraulica Santillana
KIA,Optima,Diésel,174479.0,141.0,manual,16330,Saladar,3700,Alicante,Saladar
KIA,Optima,Eléctrico,139713.0,205.0,automatic,24035,Mercabilbao,48970,Bizkaia,Mercabilbao
KIA,Venga,Gasolina,118740.0,90.0,manual,6990,Huelva,21004,Huelva,Huelva
KIA,Venga,Gasolina,118740.0,90.0,manual,6990,Vigo,36211,Pontevedra,Vigo
KIA,Venga,Gasolina,118740.0,90.0,manual,6990,Murcia,30005,Murcia,Murcia
KIA,Venga,Gasolina,118740.0,90.0,manual,6990,Valencia,46001,Valencia,Valencia
KIA,Venga,Gasolina,118740.0,90.0,manual,6990,Granada,18005,Granada,Granada
KIA,Venga,Gasolina,118740.0,90.0,manual,6990,Alicante,3010,Alicante,Alicante
KIA,Venga,Gasolina,118740.0,90.0,manual,6990,Alicante,3010,Murcia,Alicante
Volkswagen,Multivan,Diésel,170604.0,105.0,manual,11400,Baza,18800,Granada,Baza
KIA,Venga,Gasolina,118740.0,90.0,manual,6990,Cáceres,10001,Cáceres,Cáceres
KIA,ProCeed,Gasolina,19468.0,120.0,manual,24840,Sant Vicenç de Montalt,8394,Barcelona,Sant Vicenç de Montalt
KIA,Rio,Gasolina,49296.0,84.0,manual,184,Bormujos,41840,Sevilla,Bormujos
KIA,Rio,Gasolina,49296.0,84.0,manual,198,Bormujos,41840,Sevilla,Bormujos
KIA,Rio,Gasolina,140388.0,85.0,manual,7599,Barcelona,8007,Barcelona,Barcelona
KIA,Rio,Gasolina,30746.0,100.0,manual,16100,Alzira,46600,Valencia,Alzira
KIA,Rio,Gasolina,30746.0,100.0,manual,16100,Alzira,46600,Valencia,Alzira
KIA,Rio,Diésel,62111.0,90.0,manual,15295,Puerto de Sagunto,46520,Valencia,Puerto de Sagunto
KIA,Rio,Diésel,62111.0,90.0,manual,15295,Torremolinos,29620,Málaga,Torremolinos
KIA,Rio,Diésel,62111.0,90.0,manual,15295,Torremolinos,29620,Málaga,Torremolinos
KIA,Rio,Diésel,62111.0,90.0,manual,15295,Torremolinos,29620,Málaga,Torremolinos
KIA,Stinger,Gasolina,149000.0,370.0,automatic,32999,Villares de la Reina,37184,Salamanca,Villares de la Reina
Volkswagen,T-Cross,Gasolina,12900.0,95.0,manual,21700,Logroño,26009,La Rioja,Logroño
Volkswagen,T-Cross,Gasolina,21614.0,110.0,manual,22890,Logroño,26009,La Rioja,Logroño
Volkswagen,T-Cross,Gasolina,99950.0,95.0,manual,215,Madrid,28009,Madrid,Madrid
KIA,Stinger,Gasolina,66414.0,370.0,automatic,34490,Madrid,28021,Madrid,Madrid
KIA,Stinger,Gasolina,66414.0,370.0,automatic,33990,Madrid,28021,Madrid,Madrid
KIA,Stinger,Gasolina,66414.0,370.0,automatic,32990,Madrid,28021,Madrid,Madrid
KIA,Stinger,Gasolina,121377.0,370.0,automatic,28990,Estepona,29680,Málaga,Estepona
KIA,Stinger,Diésel,32733.0,200.0,automatic,25990,Jaén,23008,Jaén,Jaén
KIA,Soul,Eléctrico,79072.0,110.0,automatic,17050,Vigo,36214,Pontevedra,Vigo
KIA,Soul,Diésel,44800.0,128.0,manual,14499,Fuenlabrada,28941,Madrid,Fuenlabrada
KIA,Soul,Diésel,260000.0,128.0,manual,5499,Churriana de la Vega,18194,Granada,Churriana de la Vega
KIA,Soul,Diésel,260000.0,128.0,manual,5499,Churriana de la Vega,18194,Granada,Churriana de la Vega
KIA,Soul,Eléctrico,89000.0,110.0,automatic,21900,Velilla de San Antonio,28891,Madrid,Velilla de San Antonio
KIA,Soul,Eléctrico,23236.0,204.0,automatic,37990,Arriaga,48950,Bizkaia,Arriaga
KIA,Soul,Eléctrico,18045.0,204.0,automatic,35990,Arriaga,48950,Bizkaia,Arriaga
KIA,Ceed,Gasolina,93000.0,119.0,manual,209,Barcelona,8007,Barcelona,Barcelona
KIA,Ceed,Gasolina,93000.0,119.0,manual,318,Madrid,28006,Madrid,Madrid
KIA,Carens,Diésel,56529.0,141.0,automatic,17990,Granada,18005,Granada,Granada
KIA,Carens,Diésel,56529.0,141.0,automatic,17990,Murcia,30005,Murcia,Murcia
KIA,Carens,Diésel,56529.0,141.0,automatic,17990,Valencia,46001,Valencia,Valencia
KIA,Carens,Diésel,56529.0,141.0,automatic,17990,Málaga,29005,Málaga,Málaga
KIA,Carens,Diésel,60531.0,115.0,manual,12099,Barcelona,8007,Barcelona,Barcelona
KIA,Carens,Diésel,60531.0,115.0,manual,11999,Barcelona,8007,Barcelona,Barcelona
KIA,Carens,Diésel,60531.0,115.0,manual,11699,Barcelona,8007,Barcelona,Barcelona
KIA,Carens,Diésel,73728.0,115.0,manual,11899,Madrid,28014,Madrid,Madrid
KIA,Carens,Diésel,73728.0,115.0,manual,11899,Barcelona,8007,Barcelona,Barcelona
KIA,Sorento,Diésel,177280.0,200.0,manual,20185,Getafe,28906,Madrid,Getafe
KIA,Sorento,Diésel,120000.0,200.0,automatic,29990,Sevilla,41001,Sevilla,Sevilla
KIA,Stonic,Gasolina,24780.0,100.0,manual,17250,Zaragoza,50013,Zaragoza,Zaragoza
KIA,Stonic,Gasolina,33391.0,100.0,manual,18500,Santa Maria del Aguila,4710,Almería,Santa Maria del Aguila
KIA,Stonic,Gasolina,33391.0,100.0,manual,18500,Ciudad Real,13003,Ciudad Real,Ciudad Real
KIA,Stonic,Gasolina,33391.0,100.0,manual,18500,Santiago de Compostela,15703,A Coruña,Santiago de Compostela
KIA,Stonic,Diésel,59185.0,115.0,manual,16490,Madrid,28021,Madrid,Madrid
KIA,Stonic,Gasolina,62302.0,120.0,manual,15890,Madrid,28021,Madrid,Madrid
KIA,Stonic,Diésel,97994.0,110.0,manual,15790,Madrid,28021,Madrid,Madrid
KIA,Sportage,Diésel,62950.0,115.0,manual,17900,A Coruña,15003,A Coruña,A Coruña
KIA,Sportage,Diésel,62950.0,115.0,manual,17900,Santander,39002,Cantabria,Santander
KIA,Sportage,Diésel,62950.0,115.0,manual,17900,Madrid,28013,Madrid,Madrid
KIA,Sportage,Diésel,62950.0,115.0,manual,17900,Valencia,46003,Valencia,Valencia
KIA,Sportage,Diésel,62950.0,115.0,manual,17900,Sabadell,8203,Barcelona,Sabadell
Lexus,NX,Eléctrico,49148.0,197.0,automatic,36788,Vigo,36214,Pontevedra,Vigo
Lexus,NX,Eléctrico,49148.0,197.0,automatic,36788,Olèrdola,8734,Barcelona,Olèrdola
Lexus,NX,Eléctrico,49148.0,197.0,automatic,36788,Olèrdola,8734,Barcelona,Olèrdola
Lexus,NX,Eléctrico,49148.0,197.0,automatic,36788,Ciudad Real,13003,Ciudad Real,Ciudad Real
Lexus,RX,Eléctrico,97000.0,299.0,automatic,29500,Madrid,28015,Madrid,Madrid
Lexus,CT,Eléctrico,136000.0,136.0,automatic,15990,Bétera,46117,Valencia,Bétera
Lexus,CT,Eléctrico,82293.0,136.0,automatic,16400,Barcelona,8017,Barcelona,Barcelona
Lexus,RC,Eléctrico,75613.0,223.0,automatic,29800,Murcia,30003,Murcia,Murcia
Lexus,RC,Eléctrico,75613.0,223.0,automatic,29800,Ciudad Real,13003,Ciudad Real,Ciudad Real
Lexus,RC,Eléctrico,75613.0,223.0,automatic,29800,Granollers,8403,Barcelona,Granollers
Lexus,RC,Eléctrico,75613.0,223.0,automatic,29800,Puerto de Sagunto,46520,Valencia,Puerto de Sagunto
Lexus,RC,Eléctrico,75613.0,223.0,automatic,29800,Castello/Castellon de La Plana,12100,Castellón,Castello/Castellon de La Plana
Lexus,RC,Eléctrico,75613.0,223.0,automatic,29800,Atarrabia,31610,Navarra,Atarrabia
Lexus,RC,Eléctrico,75613.0,223.0,automatic,29800,Torremolinos,29620,Málaga,Torremolinos
Lexus,RC,Eléctrico,75613.0,223.0,automatic,29800,Torremolinos,29620,Málaga,Torremolinos
Lexus,RC,Eléctrico,75613.0,223.0,automatic,29800,Torremolinos,29620,Málaga,Torremolinos
Lexus,RC,Eléctrico,75613.0,223.0,automatic,29800,Alzira,46600,Valencia,Alzira
Lexus,RC,Eléctrico,75613.0,223.0,automatic,29800,Alzira,46600,Valencia,Alzira
Lexus,UX,Eléctrico,38634.0,184.0,automatic,29095,Albacete,2001,Albacete,Albacete
Lexus,GS,Eléctrico,48965.0,223.0,automatic,30950,Valdepeñas,13300,Ciudad Real,Valdepeñas
Lexus,GS,Eléctrico,48965.0,223.0,automatic,30950,Valdepeñas,13300,Ciudad Real,Valdepeñas
Lexus,GS,Eléctrico,48965.0,223.0,automatic,30950,Granollers,8403,Barcelona,Granollers
Lexus,GS,Eléctrico,48965.0,223.0,automatic,30950,Vigo,36214,Pontevedra,Vigo
Lexus,GS,Eléctrico,48965.0,223.0,automatic,30950,Atarrabia,31610,Navarra,Atarrabia
Lexus,IS,Eléctrico,143696.0,223.0,automatic,20130,Collado Villalba,28400,Madrid,Collado Villalba
Lexus,IS,Eléctrico,143696.0,223.0,automatic,20130,Collado Villalba,28400,Madrid,Collado Villalba
Lexus,IS,Eléctrico,143696.0,223.0,automatic,20130,Santafe,18320,Granada,Santafe
Lexus,IS,Eléctrico,143696.0,223.0,automatic,20130,Alcalá de Guadaíra,41500,Sevilla,Alcalá de Guadaíra
Lexus,IS,Eléctrico,143696.0,223.0,automatic,20130,Alzira,46600,Valencia,Alzira
Lexus,IS,Eléctrico,143696.0,223.0,automatic,20130,Alzira,46600,Valencia,Alzira
Lexus,IS,Eléctrico,143696.0,223.0,automatic,20130,Castello/Castellon de La Plana,12100,Castellón,Castello/Castellon de La Plana
Lexus,IS,Eléctrico,143696.0,223.0,automatic,20130,Alcobendas,28100,Madrid,Alcobendas
MG,ZS,Gasolina,2.0,106.0,manual,20500,Armentia,1007,Álava,Armentia
Mitsubishi,Outlander,Diésel,262611.0,150.0,manual,12375,Puerto de Sagunto,46520,Valencia,Puerto de Sagunto
Mitsubishi,Outlander,Diésel,262611.0,150.0,manual,12375,Atarrabia,31610,Navarra,Atarrabia
Mitsubishi,Outlander,Gasolina,27287.0,150.0,automatic,25875,Vigo,36214,Pontevedra,Vigo
Mitsubishi,Outlander,Eléctrico,39050.0,224.0,automatic,35075,Ciudad Real,13003,Ciudad Real,Ciudad Real
Mitsubishi,Outlander,Eléctrico,39050.0,224.0,automatic,35075,Valdepeñas,13300,Ciudad Real,Valdepeñas
Mitsubishi,Outlander,Eléctrico,39050.0,224.0,automatic,35075,Valdepeñas,13300,Ciudad Real,Valdepeñas
Mitsubishi,Outlander,Eléctrico,39050.0,224.0,automatic,35075,Mercado Parque Corredor del Henares,28850,Madrid,Mercado Parque Corredor del Henares
Mercedes-Benz,Clase E,Gasolina,114281.0,184.0,automatic,26290,Saladar,3700,Alicante,Saladar
Mitsubishi,Space Star,Gasolina,98400.0,80.0,manual,9290,Vigo,36211,Pontevedra,Vigo
Mitsubishi,Space Star,Gasolina,98400.0,80.0,manual,9290,Bilbao,48004,Bizkaia,Bilbao
Mitsubishi,Space Star,Gasolina,106985.0,80.0,manual,9490,Almería,4006,Almería,Almería
Mitsubishi,Space Star,Gasolina,98400.0,80.0,manual,9290,Almería,4006,Almería,Almería
Mitsubishi,L 200,Diésel,198000.0,154.0,manual,18800,Elda,3600,Alicante,Elda
Nissan,NV300,Diésel,99007.0,110.0,manual,21990,Málaga,29005,Málaga,Málaga
Nissan,NV300,Diésel,64396.0,95.0,manual,17900,Badajoz,6008,Badajoz,Badajoz
Nissan,NV300,Diésel,64396.0,95.0,manual,17900,Barcelona,8007,Barcelona,Barcelona
Nissan,Pulsar,Diésel,117495.0,110.0,manual,12500,Collado Villalba,28400,Madrid,Collado Villalba
Nissan,Pulsar,Diésel,117495.0,110.0,manual,12500,Collado Villalba,28400,Madrid,Collado Villalba
Nissan,Pulsar,Diésel,117495.0,110.0,manual,12500,Castello/Castellon de La Plana,12100,Castellón,Castello/Castellon de La Plana
Nissan,Pulsar,Diésel,120370.0,110.0,manual,12650,Alcalá de Guadaíra,41500,Sevilla,Alcalá de Guadaíra
Nissan,Pulsar,Diésel,117495.0,110.0,manual,12500,Albacete,2001,Albacete,Albacete
Nissan,Pulsar,Diésel,117495.0,110.0,manual,12500,Alzira,46600,Valencia,Alzira
Nissan,Pulsar,Diésel,117495.0,110.0,manual,12500,Alzira,46600,Valencia,Alzira
Nissan,Pulsar,Diésel,120370.0,110.0,manual,12650,Mercabilbao,48970,Bizkaia,Mercabilbao
Nissan,NV400,Diésel,157600.0,110.0,manual,16490,Granada,18005,Granada,Granada
Nissan,NV400,Diésel,157600.0,110.0,manual,16490,Almería,4006,Almería,Almería
Nissan,NV400,Diésel,157600.0,110.0,manual,16490,Sevilla,41005,Sevilla,Sevilla
Nissan,X-Trail,Diésel,110878.0,130.0,manual,18350,Badajoz,6008,Badajoz,Badajoz
Nissan,X-Trail,Gasolina,102700.0,160.0,automatic,22490,Almería,4006,Almería,Almería
Nissan,X-Trail,Gasolina,102700.0,160.0,automatic,21990,Almería,4006,Almería,Almería
Nissan,X-Trail,Gasolina,102700.0,160.0,automatic,22490,Bilbao,48004,Bizkaia,Bilbao
Nissan,X-Trail,Gasolina,102700.0,160.0,automatic,21990,Bilbao,48004,Bizkaia,Bilbao
Nissan,X-Trail,Gasolina,102700.0,160.0,automatic,22490,Salamanca,37008,Salamanca,Salamanca
Nissan,X-Trail,Gasolina,102700.0,160.0,automatic,22490,Salamanca,37008,Salamanca,Salamanca
Nissan,X-Trail,Gasolina,102700.0,160.0,automatic,21990,Salamanca,37008,Salamanca,Salamanca
Nissan,X-Trail,Gasolina,102700.0,160.0,automatic,21990,Salamanca,37008,Salamanca,Salamanca
Nissan,X-Trail,Gasolina,102700.0,160.0,automatic,22490,Granada,18005,Granada,Granada
Nissan,X-Trail,Gasolina,102700.0,160.0,automatic,21990,Granada,18005,Granada,Granada
Nissan,X-Trail,Gasolina,102700.0,160.0,automatic,22490,Valencia,46001,Valencia,Valencia
Nissan,X-Trail,Gasolina,102700.0,160.0,automatic,21990,Valencia,46001,Valencia,Valencia
Nissan,Evalia,Diésel,124000.0,110.0,manual,17990,El Aeroport del Prat,8820,Barcelona,El Aeroport del Prat
Nissan,Evalia,Eléctrico,10520.0,109.0,automatic,29900,Sevilla,41006,Sevilla,Sevilla
Mercedes-Benz,Clase E,Gasolina,114281.0,184.0,automatic,26290,Mercado Parque Corredor del Henares,28850,Madrid,Mercado Parque Corredor del Henares
Nissan,Terrano,Diésel,250000.0,154.0,manual,9900,Colonia Pablo Iglesias,28520,Madrid,Colonia Pablo Iglesias
Nissan,Terrano,Diésel,250000.0,154.0,manual,8900,Colonia Pablo Iglesias,28520,Madrid,Colonia Pablo Iglesias
Nissan,NV200,Diésel,102512.0,90.0,manual,15990,Granada,18005,Granada,Granada
Nissan,NV200,Diésel,59599.0,90.0,manual,17900,Barcelona,8007,Barcelona,Barcelona
Nissan,NV200,Diésel,87745.0,90.0,manual,19299,Barcelona,8007,Barcelona,Barcelona
Nissan,NV200,Diésel,87745.0,90.0,manual,19099,Barcelona,8007,Barcelona,Barcelona
Nissan,NV200,Diésel,87745.0,90.0,manual,19299,Madrid,28014,Madrid,Madrid
Nissan,NV200,Diésel,87745.0,90.0,manual,19099,Madrid,28014,Madrid,Madrid
Nissan,NV200,Diésel,94000.0,90.0,manual,15200,Sant Feliu de Llobregat,8980,Barcelona,Sant Feliu de Llobregat
Nissan,NP300 Navara,Diésel,30617.0,190.0,manual,25900,Gavarres,43120,Tarragona,Gavarres
Nissan,NP300 Navara,Diésel,40000.0,190.0,automatic,39990,Sevilla,41001,Sevilla,Sevilla
Volkswagen,Caravelle,Diésel,77700.0,102.0,manual,25990,Alicante,3010,Alicante,Alicante
Volkswagen,Caravelle,Diésel,77700.0,102.0,manual,25990,Alicante,3010,Murcia,Alicante
Volkswagen,Caravelle,Diésel,66403.0,150.0,automatic,28990,Vigo,36211,Pontevedra,Vigo
Volkswagen,Caravelle,Diésel,77700.0,102.0,manual,25990,Òrrius,8317,Barcelona,Òrrius
Volkswagen,Caravelle,Diésel,77700.0,102.0,manual,25990,Málaga,29005,Málaga,Málaga
Volkswagen,Caravelle,Diésel,66403.0,150.0,automatic,28990,Córdoba,14003,Córdoba,Córdoba
Volkswagen,Caravelle,Diésel,77700.0,102.0,manual,25990,Palau-Solita I Plegamans,8184,Barcelona,Palau-Solita I Plegamans
Volkswagen,Caravelle,Diésel,77700.0,102.0,manual,25990,Palau-Solita I Plegamans,8184,Barcelona,Palau-Solita I Plegamans
Nissan,370Z,Gasolina,13380.0,328.0,manual,32490,Alicante,3010,Alicante,Alicante
Nissan,370Z,Gasolina,13380.0,328.0,manual,32490,Alicante,3010,Murcia,Alicante
Nissan,370Z,Gasolina,13380.0,328.0,manual,31990,Alicante,3010,Alicante,Alicante
Nissan,370Z,Gasolina,13380.0,328.0,manual,31990,Alicante,3010,Murcia,Alicante
Nissan,370Z,Gasolina,20312.0,328.0,manual,34900,Sabadell,8201,Barcelona,Sabadell
Nissan,370Z,Gasolina,13380.0,328.0,manual,32490,Toledo,45002,Toledo,Toledo
Nissan,370Z,Gasolina,13380.0,328.0,manual,31990,Toledo,45002,Toledo,Toledo
Nissan,370Z,Gasolina,13380.0,328.0,manual,32490,Sevilla,41005,Sevilla,Sevilla
Nissan,370Z,Gasolina,13380.0,328.0,manual,31990,Sevilla,41005,Sevilla,Sevilla
Nissan,370Z,Gasolina,13380.0,328.0,manual,32490,Cáceres,10001,Cáceres,Cáceres
Nissan,370Z,Gasolina,13380.0,328.0,manual,31990,Cáceres,10001,Cáceres,Cáceres
Nissan,370Z,Gasolina,13380.0,328.0,manual,32490,Ciudad Real,13005,Ciudad Real,Ciudad Real
Nissan,370Z,Gasolina,13380.0,328.0,manual,31990,Ciudad Real,13005,Ciudad Real,Ciudad Real
Nissan,Navara,Diésel,162588.0,174.0,manual,10990,Alicante,3007,Alicante,Alicante
Nissan,Navara,Diésel,162588.0,174.0,manual,10990,Ciudad Real,13003,Ciudad Real,Ciudad Real
Nissan,Navara,Diésel,162588.0,174.0,manual,10990,Santiago de Compostela,15703,A Coruña,Santiago de Compostela
Nissan,Navara,Diésel,162588.0,174.0,manual,10990,Valdepeñas,13300,Ciudad Real,Valdepeñas
Nissan,Navara,Diésel,162588.0,174.0,manual,10990,Valdepeñas,13300,Ciudad Real,Valdepeñas
Nissan,Navara,Diésel,162588.0,174.0,manual,10990,Saladar,3700,Alicante,Saladar
Nissan,Juke,Diésel,115163.0,110.0,manual,10900,Santa Maria del Aguila,4710,Almería,Santa Maria del Aguila
Nissan,Juke,Diésel,59999.0,110.0,manual,13290,Málaga,29005,Málaga,Málaga
Nissan,Juke,Diésel,59999.0,110.0,manual,13290,Granada,18005,Granada,Granada
Nissan,Juke,Diésel,59999.0,110.0,manual,13290,Murcia,30005,Murcia,Murcia
Nissan,Juke,Gasolina,88464.0,115.0,manual,11880,Olèrdola,8734,Barcelona,Olèrdola
Nissan,Juke,Gasolina,88464.0,115.0,manual,11880,Olèrdola,8734,Barcelona,Olèrdola
Nissan,Juke,Diésel,115163.0,110.0,manual,10900,Olèrdola,8734,Barcelona,Olèrdola
Nissan,Juke,Diésel,115163.0,110.0,manual,10900,Olèrdola,8734,Barcelona,Olèrdola
Nissan,Juke,Diésel,59999.0,110.0,manual,13290,Alicante,3010,Alicante,Alicante
Nissan,Juke,Diésel,59999.0,110.0,manual,13290,Alicante,3010,Murcia,Alicante
Nissan,Eco T,Diésel,462000.0,108.0,manual,3000,Sant Andreu de la Barca,8740,Barcelona,Sant Andreu de la Barca
Nissan,Murano,Diésel,152201.0,190.0,automatic,14839,Mercado Parque Corredor del Henares,28850,Madrid,Mercado Parque Corredor del Henares
Nissan,Murano,Diésel,152201.0,190.0,automatic,14839,Badajoz,6008,Badajoz,Badajoz
Nissan,Murano,Diésel,152201.0,190.0,automatic,14839,Getafe,28906,Madrid,Getafe
Nissan,Murano,Diésel,152201.0,190.0,automatic,14839,Alzira,46600,Valencia,Alzira
Nissan,Murano,Diésel,152201.0,190.0,automatic,14839,Alzira,46600,Valencia,Alzira
Nissan,Murano,Diésel,152201.0,190.0,automatic,14839,Castello/Castellon de La Plana,12100,Castellón,Castello/Castellon de La Plana
Nissan,Pathfinder,Diésel,202359.0,171.0,automatic,12350,Olèrdola,8734,Barcelona,Olèrdola
Nissan,Pathfinder,Diésel,202359.0,171.0,automatic,12350,Olèrdola,8734,Barcelona,Olèrdola
Nissan,Micra,Gasolina,24569.0,100.0,manual,14938,Badajoz,6008,Badajoz,Badajoz
Nissan,Micra,Gasolina,38060.0,80.0,manual,6490,Vigo,36211,Pontevedra,Vigo
Nissan,Micra,Gasolina,38060.0,80.0,manual,6490,Murcia,30005,Murcia,Murcia
Nissan,Micra,Gasolina,38060.0,80.0,manual,6490,Valencia,46001,Valencia,Valencia
Nissan,Qashqai,Diésel,116450.0,110.0,manual,17290,Madrid,28021,Madrid,Madrid
Nissan,Qashqai,Diésel,138399.0,110.0,manual,9990,Alicante,3010,Alicante,Alicante
Nissan,Qashqai,Diésel,138399.0,110.0,manual,9990,Alicante,3010,Murcia,Alicante
Nissan,Qashqai,Diésel,138399.0,110.0,manual,9890,Alicante,3010,Alicante,Alicante
Nissan,Qashqai,Diésel,138399.0,110.0,manual,9890,Alicante,3010,Murcia,Alicante
Nissan,Qashqai,Diésel,22094.0,115.0,manual,19490,Alicante,3010,Alicante,Alicante
Nissan,Qashqai,Diésel,22094.0,115.0,manual,19490,Alicante,3010,Murcia,Alicante
Nissan,Qashqai,Gasolina,70922.0,115.0,automatic,15000,Alicante,3010,Alicante,Alicante
Nissan,Qashqai,Gasolina,70922.0,115.0,automatic,15000,Alicante,3010,Murcia,Alicante
Nissan,Primera,Gasolina,136000.0,109.0,manual,3400,Murcia,30003,Murcia,Murcia
Nissan,Primera,Gasolina,136000.0,109.0,manual,3400,Cúllar Vega,18195,Granada,Cúllar Vega
Renault,Captur,Gasolina,26290.0,90.0,manual,15525,Santiago de Compostela,15703,A Coruña,Santiago de Compostela
Renault,Captur,Gasolina,76000.0,89.0,manual,380,Barcelona,8009,Barcelona,Barcelona
Renault,Captur,Gasolina,90000.0,89.0,manual,318,Madrid,28006,Madrid,Madrid
Renault,Captur,Gasolina,85000.0,89.0,manual,328,Madrid,28006,Madrid,Madrid
Renault,Captur,Gasolina,85000.0,89.0,manual,328,Barcelona,8009,Barcelona,Barcelona
Renault,Captur,Gasolina,89000.0,89.0,manual,328,Sevilla,41018,Sevilla,Sevilla
Renault,Captur,Diésel,97542.0,90.0,manual,13628,Valdepeñas,13300,Ciudad Real,Valdepeñas
Renault,Captur,Diésel,97542.0,90.0,manual,13628,Valdepeñas,13300,Ciudad Real,Valdepeñas
Renault,Captur,Gasolina,26290.0,90.0,manual,15525,Valdepeñas,13300,Ciudad Real,Valdepeñas
Renault,Captur,Gasolina,26290.0,90.0,manual,15525,Valdepeñas,13300,Ciudad Real,Valdepeñas
Renault,Arkana,Gasolina,30440.0,140.0,automatic,30992,Santa Maria del Aguila,4710,Almería,Santa Maria del Aguila
Renault,Arkana,Gasolina,30440.0,140.0,automatic,30992,Hidraulica Santillana,28770,Madrid,Hidraulica Santillana
Renault,Arkana,Eléctrico,10.0,145.0,automatic,33490,Burgos,9007,Burgos,Burgos
Renault,Grand Scenic,Diésel,65609.0,110.0,manual,13900,Sant Vicenç de Montalt,8394,Barcelona,Sant Vicenç de Montalt
Renault,Grand Scenic,Gasolina,96223.0,115.0,manual,12900,Mercabilbao,48970,Bizkaia,Mercabilbao
Renault,Grand Scenic,Diésel,65609.0,110.0,manual,13900,Las Rozas de Madrid,28232,Madrid,Las Rozas de Madrid
Renault,Grand Scenic,Diésel,65609.0,110.0,manual,13900,Torremolinos,29620,Málaga,Torremolinos
Renault,Grand Scenic,Diésel,65609.0,110.0,manual,13900,Torremolinos,29620,Málaga,Torremolinos
Renault,Grand Scenic,Diésel,65609.0,110.0,manual,13900,Torremolinos,29620,Málaga,Torremolinos
Renault,Grand Scenic,Diésel,65609.0,110.0,manual,13900,Albacete,2001,Albacete,Albacete
Volkswagen,Golf Plus,Diésel,139000.0,140.0,manual,7990,Granollers,8401,Barcelona,Granollers
Renault,Kadjar,Gasolina,86031.0,140.0,manual,17790,Madrid,28021,Madrid,Madrid
Renault,Kadjar,Gasolina,8909.0,160.0,automatic,27990,Colonia Pablo Iglesias,28520,Madrid,Colonia Pablo Iglesias
Renault,Kadjar,Gasolina,8909.0,160.0,automatic,27990,Las Rozas de Madrid,28232,Madrid,Las Rozas de Madrid
Renault,Kadjar,Gasolina,8909.0,160.0,automatic,27990,Torremolinos,29620,Málaga,Torremolinos
Renault,Kadjar,Gasolina,8909.0,160.0,automatic,27990,Torremolinos,29620,Málaga,Torremolinos
Renault,Kadjar,Gasolina,8909.0,160.0,automatic,27990,Torremolinos,29620,Málaga,Torremolinos
Renault,Kadjar,Diésel,171000.0,130.0,manual,14690,Madrid,28014,Madrid,Madrid
Renault,Kadjar,Gasolina,8909.0,160.0,automatic,27990,Alameda del Obispo,14005,Córdoba,Alameda del Obispo
Renault,Kadjar,Gasolina,8909.0,160.0,automatic,27990,Valdepeñas,13300,Ciudad Real,Valdepeñas
Renault,Kadjar,Gasolina,8909.0,160.0,automatic,27990,Valdepeñas,13300,Ciudad Real,Valdepeñas
Renault,Kadjar,Gasolina,8909.0,160.0,automatic,27990,Saladar,3700,Alicante,Saladar
Renault,Kadjar,Gasolina,8909.0,160.0,automatic,27990,Mercado Parque Corredor del Henares,28850,Madrid,Mercado Parque Corredor del Henares
Renault,Kangoo,Diésel,190000.0,110.0,manual,7500,Bollullos de la Mitación,41110,Sevilla,Bollullos de la Mitación
Renault,Kangoo,Diésel,85000.0,75.0,manual,8500,Villanueva del Arzobispo,23330,Jaén,Villanueva del Arzobispo
Renault,Express,Diésel,70.0,95.0,manual,21490,Sant Boi de Llobregat,8830,Barcelona,Sant Boi de Llobregat
Renault,Express,Diésel,65.0,95.0,manual,21490,Sant Boi de Llobregat,8830,Barcelona,Sant Boi de Llobregat
Renault,Express,Diésel,1.0,95.0,manual,21490,Sant Boi de Llobregat,8830,Barcelona,Sant Boi de Llobregat
Renault,Trafic,Diésel,68600.0,120.0,manual,18890,Granada,18005,Granada,Granada
Renault,Trafic,Diésel,147980.0,125.0,manual,17990,Lugo,27001,Lugo,Lugo
Renault,Talisman,Diésel,126000.0,130.0,manual,12990,Granada,18005,Granada,Granada
Renault,Talisman,Diésel,126000.0,130.0,manual,12990,Girona,17007,Girona,Girona
Renault,Talisman,Diésel,126000.0,130.0,manual,12990,Bilbao,48004,Bizkaia,Bilbao
Renault,Talisman,Diésel,126000.0,130.0,manual,12990,Palma de Mallorca,7003,Baleares,Palma de Mallorca
Renault,Talisman,Diésel,126000.0,130.0,manual,12990,Òrrius,8317,Barcelona,Òrrius
BMW,X1,Diésel,69094.0,150.0,automatic,24437,Alameda del Obispo,14005,Córdoba,Alameda del Obispo
BMW,X1,Diésel,69094.0,150.0,automatic,24437,Alcobendas,28100,Madrid,Alcobendas
BMW,X1,Diésel,69094.0,150.0,automatic,24437,Alcalá de Guadaíra,41500,Sevilla,Alcalá de Guadaíra
Renault,Grand Espace,Diésel,225369.0,150.0,manual,3250,Paterna,46980,Valencia,Paterna
Renault,Grand Espace,Diésel,225369.0,150.0,manual,3250,Puerto de Sagunto,46520,Valencia,Puerto de Sagunto
Renault,Megane,Diésel,188000.0,85.0,manual,8500,Morales del Vino,49190,Zamora,Morales del Vino
Renault,Twingo,Gasolina,26327.0,90.0,manual,12420,Colonia Pablo Iglesias,28520,Madrid,Colonia Pablo Iglesias
Renault,Twingo,Gasolina,26327.0,90.0,manual,12420,Albacete,2001,Albacete,Albacete
Renault,Twingo,Gasolina,70000.0,110.0,manual,9790,Málaga,29005,Málaga,Málaga
Renault,Fluence,Diésel,299000.0,105.0,manual,5999,Villares de la Reina,37184,Salamanca,Villares de la Reina
Renault,Fluence,Diésel,192346.0,106.0,manual,5700,Arganda del Rey,28500,Madrid,Arganda del Rey
Renault,Fluence,Diésel,200000.0,110.0,manual,6990,Arriaga,1013,Álava,Arriaga
Renault,ZOE,Eléctrico,49717.0,92.0,automatic,18688,Olèrdola,8734,Barcelona,Olèrdola
Renault,ZOE,Eléctrico,49717.0,92.0,automatic,18688,Olèrdola,8734,Barcelona,Olèrdola
Renault,ZOE,Eléctrico,49717.0,92.0,automatic,18688,Albacete,2001,Albacete,Albacete
Renault,ZOE,Eléctrico,49717.0,92.0,automatic,18688,Alzira,46600,Valencia,Alzira
Renault,ZOE,Eléctrico,49717.0,92.0,automatic,18688,Alzira,46600,Valencia,Alzira
Renault,ZOE,Eléctrico,49717.0,92.0,automatic,18688,Alcobendas,28100,Madrid,Alcobendas
Renault,ZOE,Eléctrico,49717.0,92.0,automatic,18688,Hidraulica Santillana,28770,Madrid,Hidraulica Santillana
Renault,ZOE,Eléctrico,49717.0,92.0,automatic,18688,Castello/Castellon de La Plana,12100,Castellón,Castello/Castellon de La Plana
Renault,ZOE,Eléctrico,49717.0,92.0,automatic,18688,Badajoz,6008,Badajoz,Badajoz
Renault,ZOE,Eléctrico,49717.0,92.0,automatic,18688,Paterna,46980,Valencia,Paterna
Renault,Modus,Gasolina,194600.0,98.0,manual,2500,Pineda de Mar,8397,Barcelona,Pineda de Mar
Renault,Modus,Gasolina,194600.0,98.0,manual,2900,Pineda de Mar,8397,Barcelona,Pineda de Mar
Renault,Modus,Gasolina,215000.0,75.0,manual,1600,L'Hospitalet de Llobregat,8901,Barcelona,L'Hospitalet de Llobregat
Renault,Modus,Diésel,215000.0,85.0,manual,2900,Massanassa,46002,Valencia,Massanassa
Renault,Clio,Gasolina,26020.0,73.0,manual,10899,Madrid,28014,Madrid,Madrid
Renault,Clio,Gasolina,65714.0,73.0,manual,10599,Madrid,28014,Madrid,Madrid
Renault,Clio,Gasolina,65714.0,73.0,manual,10599,Barcelona,8007,Barcelona,Barcelona
Renault,Clio,Gasolina,39859.0,90.0,manual,12990,Granada,18005,Granada,Granada
Renault,Clio,Gasolina,81081.0,75.0,manual,9490,Vigo,36211,Pontevedra,Vigo
Renault,Clio,Gasolina,81081.0,75.0,manual,9490,Granada,18005,Granada,Granada
Renault,Clio,Gasolina,105.0,120.0,manual,10990,Pamplona/Iruña,31001,Navarra,Pamplona/Iruña
Renault,Clio,Gasolina,105.0,120.0,manual,10990,Alicante,3010,Alicante,Alicante
Renault,Clio,Gasolina,105.0,120.0,manual,10990,Alicante,3010,Murcia,Alicante
SEAT,Tarraco,Diésel,53300.0,150.0,manual,27990,Alicante,3010,Alicante,Alicante
SEAT,Tarraco,Diésel,53300.0,150.0,manual,27990,Alicante,3010,Murcia,Alicante
SEAT,Tarraco,Diésel,59995.0,150.0,manual,22890,Vigo,36211,Pontevedra,Vigo
SEAT,Tarraco,Diésel,59995.0,150.0,manual,22790,Vigo,36211,Pontevedra,Vigo
SEAT,Tarraco,Diésel,33150.0,190.0,automatic,34900,Martorell,8760,Barcelona,Martorell
SEAT,Toledo,Diésel,125908.0,105.0,manual,8990,Leioa,48940,Bizkaia,Leioa
SEAT,Leon,Gasolina,48428.0,150.0,manual,18850,Olèrdola,8734,Barcelona,Olèrdola
SEAT,Leon,Gasolina,48428.0,150.0,manual,18850,Olèrdola,8734,Barcelona,Olèrdola
SEAT,Leon,Gasolina,48428.0,150.0,manual,18850,Ciudad Real,13003,Ciudad Real,Ciudad Real
SEAT,Leon,Gasolina,48428.0,150.0,manual,18850,Getafe,28906,Madrid,Getafe
SEAT,Leon,Gasolina,48428.0,150.0,manual,18850,Santiago de Compostela,15703,A Coruña,Santiago de Compostela
SEAT,Leon,Gasolina,48428.0,150.0,manual,18850,Vigo,36214,Pontevedra,Vigo
SEAT,Leon,Gasolina,48428.0,150.0,manual,18850,Badajoz,6008,Badajoz,Badajoz
SEAT,Leon,Otros,30552.0,130.0,automatic,18990,Las Rozas de Madrid,28232,Madrid,Las Rozas de Madrid
SEAT,Ibiza,Gasolina,92017.0,95.0,manual,10990,Alicante,3010,Alicante,Alicante
SEAT,Ibiza,Gasolina,92017.0,95.0,manual,10990,Alicante,3010,Murcia,Alicante
SEAT,Ibiza,Gasolina,92017.0,95.0,manual,10990,Vigo,36211,Pontevedra,Vigo
SEAT,Ibiza,Diésel,66465.0,95.0,manual,14990,Alicante,3010,Alicante,Alicante
SEAT,Ibiza,Diésel,66465.0,95.0,manual,14990,Alicante,3010,Murcia,Alicante
SEAT,Ibiza,Diésel,66465.0,95.0,manual,13990,Alicante,3010,Alicante,Alicante
SEAT,Ibiza,Diésel,66465.0,95.0,manual,13990,Alicante,3010,Murcia,Alicante
SEAT,Ibiza,Diésel,66465.0,95.0,manual,14990,Vigo,36211,Pontevedra,Vigo
SEAT,Ibiza,Diésel,66465.0,95.0,manual,13990,Vigo,36211,Pontevedra,Vigo
SEAT,Ibiza,Gasolina,38800.0,115.0,manual,14990,Sevilla,41005,Sevilla,Sevilla
SEAT,Ibiza,Diésel,66465.0,95.0,manual,14990,Almería,4006,Almería,Almería
SEAT,Ibiza,Diésel,66465.0,95.0,manual,13990,Almería,4006,Almería,Almería
SEAT,Ibiza,Gasolina,38800.0,115.0,manual,14990,Vigo,36211,Pontevedra,Vigo
SEAT,Ibiza,Gasolina,38800.0,115.0,manual,14990,Alicante,3010,Alicante,Alicante
SEAT,Ibiza,Gasolina,38800.0,115.0,manual,14990,Alicante,3010,Murcia,Alicante
SEAT,Exeo,Diésel,79186.0,143.0,manual,11935,Paterna,46980,Valencia,Paterna
SEAT,Exeo,Diésel,79186.0,143.0,manual,11935,Torremolinos,29620,Málaga,Torremolinos
SEAT,Exeo,Diésel,79186.0,143.0,manual,11935,Torremolinos,29620,Málaga,Torremolinos
SEAT,Exeo,Diésel,79186.0,143.0,manual,11935,Torremolinos,29620,Málaga,Torremolinos
SEAT,Exeo,Diésel,79186.0,143.0,manual,11935,Getafe,28906,Madrid,Getafe
SEAT,Exeo,Diésel,79186.0,143.0,manual,11935,Las Rozas de Madrid,28232,Madrid,Las Rozas de Madrid
SEAT,Exeo,Diésel,79186.0,143.0,manual,11935,Collado Villalba,28400,Madrid,Collado Villalba
SEAT,Exeo,Diésel,79186.0,143.0,manual,11935,Collado Villalba,28400,Madrid,Collado Villalba
SEAT,Exeo,Diésel,79186.0,143.0,manual,11935,Hidraulica Santillana,28770,Madrid,Hidraulica Santillana
SEAT,Exeo,Diésel,146282.0,143.0,manual,9999,Barcelona,8007,Barcelona,Barcelona
Skoda,Kamiq,Gasolina,29094.0,110.0,manual,21100,Fornells de la Selva,17458,Girona,Fornells de la Selva
Skoda,Kamiq,Gasolina,34674.0,110.0,automatic,22600,Santa Coloma de Gramenet,8921,Barcelona,Santa Coloma de Gramenet
Skoda,Kamiq,Gasolina,29094.0,110.0,manual,21100,Santa Coloma de Gramenet,8921,Barcelona,Santa Coloma de Gramenet
Skoda,Kamiq,Gasolina,9651.0,110.0,manual,22500,Santa Coloma de Gramenet,8921,Barcelona,Santa Coloma de Gramenet
Skoda,Kamiq,Gasolina,30228.0,110.0,automatic,19999,Santa Coloma de Gramenet,8921,Barcelona,Santa Coloma de Gramenet
Skoda,Kamiq,Gasolina,35000.0,110.0,automatic,21900,Santa Coloma de Gramenet,8921,Barcelona,Santa Coloma de Gramenet
Skoda,Kamiq,Gasolina,38000.0,110.0,manual,19900,Santa Coloma de Gramenet,8921,Barcelona,Santa Coloma de Gramenet
Skoda,Kamiq,Gasolina,21639.0,110.0,manual,21600,Santa Coloma de Gramenet,8921,Barcelona,Santa Coloma de Gramenet
Skoda,Karoq,Gasolina,12104.0,150.0,automatic,25185,Santiago de Compostela,15703,A Coruña,Santiago de Compostela
Skoda,Karoq,Gasolina,12104.0,150.0,automatic,25185,Vigo,36214,Pontevedra,Vigo
Skoda,Karoq,Gasolina,12104.0,150.0,automatic,25185,Badajoz,6008,Badajoz,Badajoz
Skoda,Karoq,Gasolina,12104.0,150.0,automatic,25185,Saladar,3700,Alicante,Saladar
Skoda,Karoq,Gasolina,12104.0,150.0,automatic,25185,Murcia,30003,Murcia,Murcia
Skoda,Karoq,Gasolina,12104.0,150.0,automatic,25185,Olèrdola,8734,Barcelona,Olèrdola
Skoda,Karoq,Gasolina,12104.0,150.0,automatic,25185,Olèrdola,8734,Barcelona,Olèrdola
Skoda,Kodiaq,Diésel,26453.0,150.0,automatic,36800,Torremolinos,29620,Málaga,Torremolinos
Skoda,Kodiaq,Diésel,26453.0,150.0,automatic,36800,Torremolinos,29620,Málaga,Torremolinos
Skoda,Kodiaq,Diésel,26453.0,150.0,automatic,36800,Torremolinos,29620,Málaga,Torremolinos
Skoda,Kodiaq,Diésel,26453.0,150.0,automatic,36800,Granollers,8403,Barcelona,Granollers
Skoda,Kodiaq,Diésel,26453.0,150.0,automatic,36800,Vigo,36214,Pontevedra,Vigo
Skoda,Kodiaq,Diésel,26453.0,150.0,automatic,36800,Murcia,30003,Murcia,Murcia
Skoda,Kodiaq,Diésel,26453.0,150.0,automatic,36800,Atarrabia,31610,Navarra,Atarrabia
Skoda,Kodiaq,Diésel,26453.0,150.0,automatic,36800,Sant Vicenç de Montalt,8394,Barcelona,Sant Vicenç de Montalt
Skoda,Kodiaq,Diésel,26453.0,150.0,automatic,36800,Ciudad Real,13003,Ciudad Real,Ciudad Real
Skoda,Yeti,Diésel,121543.0,150.0,manual,15950,Alcalá de Guadaíra,41500,Sevilla,Alcalá de Guadaíra
Skoda,Yeti,Diésel,72200.0,110.0,manual,10500,Mataró,8302,Barcelona,Mataró
Skoda,Yeti,Diésel,121543.0,150.0,manual,15950,Granollers,8403,Barcelona,Granollers
Skoda,Yeti,Diésel,121543.0,150.0,manual,15950,Estepona,29680,Málaga,Estepona
Skoda,Yeti,Diésel,121543.0,150.0,manual,15950,Valdepeñas,13300,Ciudad Real,Valdepeñas
Skoda,Yeti,Diésel,121543.0,150.0,manual,15950,Valdepeñas,13300,Ciudad Real,Valdepeñas
Skoda,Yeti,Diésel,121543.0,150.0,manual,15950,Saladar,3700,Alicante,Saladar
Skoda,Yeti,Diésel,121543.0,150.0,manual,15950,Collado Villalba,28400,Madrid,Collado Villalba
Skoda,Yeti,Diésel,121543.0,150.0,manual,15950,Collado Villalba,28400,Madrid,Collado Villalba
Skoda,Yeti,Diésel,121543.0,150.0,manual,15950,Ciudad Real,13003,Ciudad Real,Ciudad Real
Skoda,Yeti,Diésel,121543.0,150.0,manual,15950,Alameda del Obispo,14005,Córdoba,Alameda del Obispo
Volvo,V90,Diésel,99950.0,149.0,manual,26450,Burjassot,46100,Valencia,Burjassot
Volvo,V90,Diésel,99950.0,149.0,manual,26450,Terrassa,8223,Barcelona,Terrassa
Volvo,V90,Diésel,99950.0,149.0,manual,26450,Bormujos,41930,Sevilla,Bormujos
Jeep,Patriot,Diésel,250000.0,140.0,manual,7490,Arbuio,48810,Bizkaia,Arbuio
Jeep,Compass,Diésel,27472.0,140.0,automatic,28635,Torremolinos,29620,Málaga,Torremolinos
Jeep,Compass,Diésel,27472.0,140.0,automatic,28635,Torremolinos,29620,Málaga,Torremolinos
Jeep,Compass,Diésel,27472.0,140.0,automatic,28635,Torremolinos,29620,Málaga,Torremolinos
Jeep,Compass,Diésel,27472.0,140.0,automatic,28635,Olèrdola,8734,Barcelona,Olèrdola
Jeep,Compass,Diésel,27472.0,140.0,automatic,28635,Olèrdola,8734,Barcelona,Olèrdola
Jeep,Renegade,Diésel,50000.0,105.0,manual,17990,Sevilla,41001,Sevilla,Sevilla
Jeep,Renegade,Gasolina,132569.0,120.0,manual,14990,Salamanca,37008,Salamanca,Salamanca
Jeep,Renegade,Gasolina,132569.0,120.0,manual,14990,Salamanca,37008,Salamanca,Salamanca
Jeep,Renegade,Gasolina,132569.0,120.0,manual,14490,Salamanca,37008,Salamanca,Salamanca
Jeep,Renegade,Gasolina,132569.0,120.0,manual,14490,Salamanca,37008,Salamanca,Salamanca
Jeep,Renegade,Gasolina,8670.0,150.0,automatic,29889,Puerto de Sagunto,46520,Valencia,Puerto de Sagunto
Jeep,Renegade,Gasolina,8670.0,150.0,automatic,29889,Alcobendas,28100,Madrid,Alcobendas
Jeep,Renegade,Gasolina,8670.0,150.0,automatic,29889,Ciudad Real,13003,Ciudad Real,Ciudad Real
Jeep,Wrangler,Diésel,79072.0,200.0,automatic,37900,Collado Villalba,28400,Madrid,Collado Villalba
Jeep,Wrangler,Diésel,79072.0,200.0,automatic,37900,Collado Villalba,28400,Madrid,Collado Villalba
Jeep,Wrangler,Diésel,79072.0,200.0,automatic,37900,Vigo,36214,Pontevedra,Vigo
Jeep,Wrangler,Diésel,79072.0,200.0,automatic,37900,Mercado Parque Corredor del Henares,28850,Madrid,Mercado Parque Corredor del Henares
Jeep,Wrangler,Diésel,79072.0,200.0,automatic,37900,Colonia Pablo Iglesias,28520,Madrid,Colonia Pablo Iglesias
Jeep,Wrangler,Diésel,79072.0,200.0,automatic,37900,Sant Vicenç de Montalt,8394,Barcelona,Sant Vicenç de Montalt
Jeep,Grand Cherokee,Diésel,177688.0,241.0,automatic,16990,Toledo,45002,Toledo,Toledo
Jeep,Grand Cherokee,Diésel,177688.0,241.0,automatic,16990,Alicante,3010,Alicante,Alicante
Jeep,Grand Cherokee,Diésel,177688.0,241.0,automatic,16990,Alicante,3010,Murcia,Alicante
Jeep,Grand Cherokee,Diésel,177688.0,241.0,automatic,16990,Fuenlabrada,28947,Madrid,Fuenlabrada
Opel,Grandland X,Diésel,43641.0,130.0,automatic,22989,Alicante,3007,Alicante,Alicante
Opel,Grandland X,Diésel,58500.0,120.0,manual,16990,Murcia,30005,Murcia,Murcia
Opel,Grandland X,Diésel,58500.0,120.0,manual,16990,Bilbao,48004,Bizkaia,Bilbao
Opel,Grandland X,Diésel,58500.0,120.0,manual,16990,Armentia,1007,Álava,Armentia
Opel,Grandland X,Diésel,51000.0,130.0,manual,496,Sevilla,41018,Sevilla,Sevilla
Opel,Grandland X,Diésel,51000.0,130.0,manual,280,Barcelona,8007,Barcelona,Barcelona
Opel,Astra,Gasolina,86000.0,149.0,manual,317,Barcelona,8009,Barcelona,Barcelona
Opel,Astra,Diésel,70988.0,110.0,manual,12990,Santiago de Compostela,15703,A Coruña,Santiago de Compostela
Opel,Astra,Diésel,70988.0,110.0,manual,12990,Mercado Parque Corredor del Henares,28850,Madrid,Mercado Parque Corredor del Henares
Opel,Movano,Diésel,142300.0,130.0,manual,22500,Getafe,28906,Madrid,Getafe
Opel,Movano,Diésel,142300.0,130.0,manual,22500,Collado Villalba,28400,Madrid,Collado Villalba
Opel,Movano,Diésel,142300.0,130.0,manual,22500,Collado Villalba,28400,Madrid,Collado Villalba
Opel,Movano,Diésel,142300.0,130.0,manual,22500,Alicante,3007,Alicante,Alicante
Volvo,XC70,Diésel,114292.0,163.0,manual,17875,Santafe,18320,Granada,Santafe
Volvo,XC70,Diésel,114292.0,163.0,manual,17875,Puerto de Sagunto,46520,Valencia,Puerto de Sagunto
Volvo,XC70,Diésel,114292.0,163.0,manual,17875,Murcia,30003,Murcia,Murcia
Volvo,XC70,Diésel,114292.0,163.0,manual,17875,Vigo,36214,Pontevedra,Vigo
Volvo,XC70,Diésel,114292.0,163.0,manual,17875,Ciudad Real,13003,Ciudad Real,Ciudad Real
Volvo,XC70,Diésel,114292.0,163.0,manual,17875,Granollers,8403,Barcelona,Granollers
Volvo,XC70,Diésel,114292.0,163.0,manual,17875,Torremolinos,29620,Málaga,Torremolinos
Volvo,XC70,Diésel,114292.0,163.0,manual,17875,Torremolinos,29620,Málaga,Torremolinos
Volvo,XC70,Diésel,114292.0,163.0,manual,17875,Torremolinos,29620,Málaga,Torremolinos
Opel,Cabrio,Gasolina,81577.0,170.0,automatic,14500,Alzira,46600,Valencia,Alzira
Opel,Cabrio,Gasolina,81577.0,170.0,automatic,14500,Alzira,46600,Valencia,Alzira
Opel,Cabrio,Gasolina,81577.0,170.0,automatic,14500,Ciudad Real,13003,Ciudad Real,Ciudad Real
Opel,Cabrio,Gasolina,81577.0,170.0,automatic,14500,Castello/Castellon de La Plana,12100,Castellón,Castello/Castellon de La Plana
Opel,Cabrio,Gasolina,81577.0,170.0,automatic,14500,Hidraulica Santillana,28770,Madrid,Hidraulica Santillana
Opel,Crossland,Diésel,3000.0,110.0,manual,22500,Ajalvir,28864,Madrid,Ajalvir
Opel,Crossland,Gasolina,1.0,130.0,automatic,25900,Santa Coloma de Gramenet,8921,Barcelona,Santa Coloma de Gramenet
Opel,Crossland,Gasolina,1.0,130.0,manual,23900,Santa Coloma de Gramenet,8921,Barcelona,Santa Coloma de Gramenet
Opel,Crossland,Gasolina,34502.0,110.0,manual,17900,Santa Coloma de Gramenet,8921,Barcelona,Santa Coloma de Gramenet
Opel,Combo,Diésel,100223.0,100.0,manual,14490,Málaga,29006,Málaga,Málaga
Opel,Combo,Diésel,48183.0,90.0,manual,11990,Antequera,29200,Málaga,Antequera
Opel,Combo,Diésel,48183.0,90.0,manual,12490,Antequera,29200,Málaga,Antequera
Opel,Combo,Diésel,48183.0,90.0,manual,11990,Málaga,29006,Málaga,Málaga
Opel,Vivaro,Diésel,104872.0,125.0,manual,14890,Almería,4006,Almería,Almería
Volvo,C30,Diésel,175000.0,136.0,manual,6499,Sant Cugat del Vallès,8172,Barcelona,Sant Cugat del Vallès
Opel,Agila,Gasolina,150000.0,86.0,manual,4100,Villena,3400,Alicante,Villena
Opel,Crossland X,Gasolina,15900.0,130.0,manual,17250,Cadrete,50420,Zaragoza,Cadrete
Opel,Crossland X,Gasolina,46969.0,130.0,manual,15975,Santafe,18320,Granada,Santafe
Opel,Crossland X,Gasolina,46969.0,130.0,manual,15975,Badajoz,6008,Badajoz,Badajoz
Opel,Combo Life,Diésel,40704.0,100.0,manual,18990,Almería,4006,Almería,Almería
Opel,Combo Life,Diésel,40704.0,100.0,manual,18990,Palma de Mallorca,7003,Baleares,Palma de Mallorca
Opel,Combo Life,Diésel,40704.0,100.0,manual,18990,Málaga,29005,Málaga,Málaga
Opel,Combo Life,Diésel,64131.0,102.0,manual,19900,Barcelona,8007,Barcelona,Barcelona
Opel,Antara,Diésel,93745.0,150.0,manual,8590,Torrejón de Ardoz,28850,Madrid,Torrejón de Ardoz
Opel,Antara,Diésel,93745.0,150.0,manual,7950,Torrejón de Ardoz,28850,Madrid,Torrejón de Ardoz
Opel,Corsa-e,Gasolina,133010.0,75.0,manual,6990,Sevilla,41005,Sevilla,Sevilla
Opel,Corsa-e,Gasolina,133010.0,75.0,manual,6990,Badajoz,6003,Badajoz,Badajoz
Opel,Zafira Tourer,Diésel,127378.0,165.0,manual,14289,Mercabilbao,48970,Bizkaia,Mercabilbao
Opel,Zafira Tourer,Diésel,127378.0,165.0,manual,14289,Alzira,46600,Valencia,Alzira
Opel,Zafira Tourer,Diésel,127378.0,165.0,manual,14289,Alzira,46600,Valencia,Alzira
Opel,Zafira Tourer,Diésel,100193.0,135.0,manual,13899,Barcelona,8007,Barcelona,Barcelona
Opel,Zafira Tourer,Diésel,48380.0,136.0,manual,14900,Torremolinos,29620,Málaga,Torremolinos
Opel,Zafira Tourer,Diésel,48380.0,136.0,manual,14900,Torremolinos,29620,Málaga,Torremolinos
Opel,Zafira Tourer,Diésel,48380.0,136.0,manual,14900,Torremolinos,29620,Málaga,Torremolinos
Opel,Mokka,Eléctrico,7614.0,136.0,automatic,30990,Alicante,3010,Alicante,Alicante
Opel,Mokka,Eléctrico,7614.0,136.0,automatic,30990,Alicante,3010,Murcia,Alicante
Opel,Mokka,Eléctrico,7614.0,136.0,automatic,30990,Murcia,30005,Murcia,Murcia
Opel,Mokka,Gasolina,31235.0,130.0,manual,22490,Madrid,28021,Madrid,Madrid
Opel,Mokka,Diésel,111730.0,136.0,manual,12535,Olèrdola,8734,Barcelona,Olèrdola
Opel,Mokka,Diésel,111730.0,136.0,manual,12535,Olèrdola,8734,Barcelona,Olèrdola
Opel,Mokka,Diésel,111730.0,136.0,manual,12535,Alameda del Obispo,14005,Córdoba,Alameda del Obispo
Opel,Insignia,Diésel,146166.0,170.0,automatic,13973,Saladar,3700,Alicante,Saladar
Opel,Insignia,Diésel,146166.0,170.0,automatic,13973,Mercado Parque Corredor del Henares,28850,Madrid,Mercado Parque Corredor del Henares
Opel,Insignia,Diésel,94687.0,170.0,automatic,16800,Sevilla,41004,Sevilla,Sevilla
Opel,Insignia,Diésel,146166.0,170.0,automatic,13973,Sant Vicenç de Montalt,8394,Barcelona,Sant Vicenç de Montalt
Opel,Insignia,Diésel,146166.0,170.0,automatic,13973,Granollers,8403,Barcelona,Granollers
Opel,Insignia,Diésel,146166.0,170.0,automatic,13973,Murcia,30003,Murcia,Murcia
Opel,Insignia,Diésel,146166.0,170.0,automatic,13973,Estepona,29680,Málaga,Estepona
Opel,Omega,Gasolina,330000.0,136.0,manual,1750,Valencia,46017,Valencia,Valencia
Opel,Corsa,Diésel,69942.0,95.0,manual,9490,Bilbao,48004,Bizkaia,Bilbao
Opel,Corsa,Gasolina,39543.0,75.0,manual,14433,Santiago de Compostela,15703,A Coruña,Santiago de Compostela
Opel,Corsa,Gasolina,26844.0,90.0,manual,12638,Valdepeñas,13300,Ciudad Real,Valdepeñas
Opel,Corsa,Gasolina,26844.0,90.0,manual,12638,Valdepeñas,13300,Ciudad Real,Valdepeñas
Opel,Corsa,Gasolina,25553.0,100.0,manual,15490,Madrid,28021,Madrid,Madrid
Opel,Corsa,Gasolina,26844.0,90.0,manual,12638,Saladar,3700,Alicante,Saladar
Opel,Corsa,Gasolina,26844.0,90.0,manual,12638,Mercado Parque Corredor del Henares,28850,Madrid,Mercado Parque Corredor del Henares
SsangYong,Tivoli,Gasolina,115453.0,128.0,manual,12990,Sevilla,41005,Sevilla,Sevilla
SsangYong,Tivoli,Gasolina,115453.0,128.0,manual,12490,Sevilla,41005,Sevilla,Sevilla
SsangYong,Tivoli,Gasolina,115453.0,128.0,manual,12990,Palma de Mallorca,7003,Baleares,Palma de Mallorca
SsangYong,Tivoli,Gasolina,115453.0,128.0,manual,12490,Palma de Mallorca,7003,Baleares,Palma de Mallorca
SsangYong,Tivoli,Gasolina,115453.0,128.0,manual,12990,Málaga,29005,Málaga,Málaga
SsangYong,Tivoli,Gasolina,115453.0,128.0,manual,12490,Málaga,29005,Málaga,Málaga
SsangYong,Tivoli,Gasolina,115453.0,128.0,manual,12990,Tarragona,43006,Tarragona,Tarragona
SsangYong,Tivoli,Gasolina,115453.0,128.0,manual,12490,Tarragona,43006,Tarragona,Tarragona
SsangYong,Tivoli,Otros,50352.0,128.0,manual,15985,Collado Villalba,28400,Madrid,Collado Villalba
SsangYong,Tivoli,Otros,50352.0,128.0,manual,15985,Collado Villalba,28400,Madrid,Collado Villalba
SsangYong,XLV,Diésel,69095.0,115.0,manual,16100,Granollers,8403,Barcelona,Granollers
SsangYong,XLV,Diésel,69095.0,115.0,manual,16100,Estepona,29680,Málaga,Estepona
SsangYong,XLV,Diésel,69095.0,115.0,manual,16100,Saladar,3700,Alicante,Saladar
SsangYong,XLV,Diésel,69095.0,115.0,manual,16100,Collado Villalba,28400,Madrid,Collado Villalba
SsangYong,XLV,Diésel,69095.0,115.0,manual,16100,Collado Villalba,28400,Madrid,Collado Villalba
SsangYong,XLV,Diésel,69095.0,115.0,manual,16100,Ciudad Real,13003,Ciudad Real,Ciudad Real
SsangYong,Korando,Diésel,125500.0,149.0,manual,12900,Mataró,8303,Barcelona,Mataró
Tata,Indica,Gasolina,145000.0,85.0,manual,2800,Bolaños de Calatrava,13260,Ciudad Real,Bolaños de Calatrava
Tata,Indica,Gasolina,145000.0,85.0,manual,2800,Bolaños de Calatrava,13260,Ciudad Real,Bolaños de Calatrava
Rover,25,Diésel,115874.0,100.0,manual,3800,Málaga,29006,Málaga,Málaga
Tesla,Model S,Eléctrico,130000.0,421.0,automatic,39990,Collado Villalba,28400,Madrid,Collado Villalba
Tesla,Model S,Eléctrico,130000.0,421.0,automatic,39990,Collado Villalba,28400,Madrid,Collado Villalba
Tesla,Model 3,Eléctrico,63141.0,306.0,automatic,37950,Alameda del Obispo,14005,Córdoba,Alameda del Obispo
Tesla,Model 3,Eléctrico,63141.0,306.0,automatic,37950,Mercado Parque Corredor del Henares,28850,Madrid,Mercado Parque Corredor del Henares
Tesla,Model 3,Eléctrico,63141.0,306.0,automatic,37950,Granollers,8403,Barcelona,Granollers
Tesla,Model 3,Eléctrico,63141.0,306.0,automatic,37950,Las Rozas de Madrid,28232,Madrid,Las Rozas de Madrid
BMW,X1,Diésel,69094.0,150.0,automatic,24437,Las Rozas de Madrid,28232,Madrid,Las Rozas de Madrid
BMW,X1,Diésel,69094.0,150.0,automatic,24437,Torremolinos,29620,Málaga,Torremolinos
BMW,X1,Diésel,69094.0,150.0,automatic,24437,Torremolinos,29620,Málaga,Torremolinos
BMW,X1,Diésel,69094.0,150.0,automatic,24437,Torremolinos,29620,Málaga,Torremolinos
Volvo,V70,Diésel,290000.0,163.0,manual,4300,Mijas,29650,Málaga,Mijas
Volvo,V70,Diésel,152156.0,185.0,automatic,10999,Illescas,45200,Toledo,Illescas
Peugeot,107,Gasolina,30755.0,68.0,manual,5999,Barcelona,8007,Barcelona,Barcelona
Alfa Romeo,Stelvio,Gasolina,65617.0,280.0,automatic,32990,Alicante,3010,Alicante,Alicante
Alfa Romeo,Stelvio,Gasolina,65617.0,280.0,automatic,32990,Alicante,3010,Murcia,Alicante
Alfa Romeo,Stelvio,Gasolina,54905.0,280.0,automatic,33990,Granada,18005,Granada,Granada
Alfa Romeo,Stelvio,Gasolina,54905.0,280.0,automatic,33990,Collado Villalba,28400,Madrid,Collado Villalba
Alfa Romeo,Stelvio,Gasolina,54905.0,280.0,automatic,33990,Collado Villalba,28400,Madrid,Collado Villalba
Alfa Romeo,Stelvio,Gasolina,54905.0,280.0,automatic,33990,Toledo,45002,Toledo,Toledo
Alfa Romeo,Stelvio,Gasolina,54905.0,280.0,automatic,33990,Valencia,46001,Valencia,Valencia
Alfa Romeo,Stelvio,Gasolina,54905.0,280.0,automatic,33990,Fuenlabrada,28947,Madrid,Fuenlabrada
Peugeot,Boxer,Diésel,170000.0,110.0,manual,14999,Daganzo de Arriba,28814,Madrid,Daganzo de Arriba
Abarth,500,Gasolina,67900.0,135.0,automatic,12800,Barcelona,8028,Barcelona,Barcelona
Abarth,500,Gasolina,26188.0,145.0,manual,16990,Málaga,29005,Málaga,Málaga
Abarth,500,Gasolina,31346.0,145.0,manual,18630,Ciudad Real,13003,Ciudad Real,Ciudad Real
Abarth,500,Gasolina,31346.0,145.0,manual,18630,Valdepeñas,13300,Ciudad Real,Valdepeñas
Abarth,500,Gasolina,31346.0,145.0,manual,18630,Valdepeñas,13300,Ciudad Real,Valdepeñas
Abarth,500,Gasolina,31346.0,145.0,manual,18630,Badajoz,6008,Badajoz,Badajoz
BMW,X1,Diésel,99000.0,150.0,manual,20490,Valencia,46001,Valencia,Valencia
Jaguar,E-Pace,Diésel,57500.0,150.0,manual,25990,Murcia,30005,Murcia,Murcia
Mazda,CX-3,Diésel,99463.0,105.0,automatic,13990,Valencia,46001,Valencia,Valencia
Mazda,CX-3,Gasolina,24443.0,121.0,manual,20600,Fornells de la Selva,17458,Girona,Fornells de la Selva
Mazda,CX-3,Gasolina,50434.0,121.0,manual,18900,Fornells de la Selva,17458,Girona,Fornells de la Selva
Land Rover,Discovery Sport,Diésel,160631.0,180.0,automatic,20300,Vigo,36214,Pontevedra,Vigo
Land Rover,Discovery Sport,Diésel,160631.0,180.0,automatic,20300,Santafe,18320,Granada,Santafe
Land Rover,Discovery Sport,Diésel,160631.0,180.0,automatic,20300,Alzira,46600,Valencia,Alzira
Land Rover,Discovery Sport,Diésel,160631.0,180.0,automatic,20300,Alzira,46600,Valencia,Alzira
Land Rover,Discovery Sport,Diésel,160631.0,180.0,automatic,20300,Torremolinos,29620,Málaga,Torremolinos
Land Rover,Discovery Sport,Diésel,160631.0,180.0,automatic,20300,Torremolinos,29620,Málaga,Torremolinos
Land Rover,Discovery Sport,Diésel,160631.0,180.0,automatic,20300,Torremolinos,29620,Málaga,Torremolinos
Mazda,2,Gasolina,26986.0,90.0,manual,14299,Barcelona,8007,Barcelona,Barcelona
Mazda,2,Gasolina,26986.0,90.0,manual,14299,Madrid,28014,Madrid,Madrid
Volkswagen,Amarok,Diésel,107097.0,204.0,automatic,36900,Castello/Castellon de La Plana,12100,Castellón,Castello/Castellon de La Plana
Volkswagen,Amarok,Diésel,107097.0,204.0,automatic,36900,Alicante,3007,Alicante,Alicante
Volkswagen,Amarok,Diésel,107097.0,204.0,automatic,36900,Alcobendas,28100,Madrid,Alcobendas
Land Rover,Range Rover Velar,Diésel,150000.0,180.0,automatic,39990,Ciudad Real,13001,Ciudad Real,Ciudad Real
Volkswagen,CC,Diésel,174400.0,140.0,automatic,11790,Valencia,46001,Valencia,Valencia
Volkswagen,CC,Diésel,150808.0,140.0,manual,13890,Valencia,46001,Valencia,Valencia
Volkswagen,CC,Diésel,89995.0,140.0,automatic,16490,Murcia,30005,Murcia,Murcia
Volkswagen,CC,Diésel,89995.0,140.0,automatic,15990,Murcia,30005,Murcia,Murcia
Toyota,Verso,Gasolina,53741.0,132.0,manual,16490,Sevilla,41005,Sevilla,Sevilla
Toyota,Verso,Gasolina,53741.0,132.0,manual,16490,Granada,18005,Granada,Granada
Volkswagen,CC,Diésel,89995.0,140.0,automatic,16490,Granada,18005,Granada,Granada
Volkswagen,CC,Diésel,89995.0,140.0,automatic,15990,Granada,18005,Granada,Granada
Volkswagen,CC,Diésel,174400.0,140.0,automatic,11790,Murcia,30005,Murcia,Murcia
Dacia,Dokker,Diésel,98674.0,90.0,manual,11500,Santiago de Compostela,15703,A Coruña,Santiago de Compostela
Dacia,Dokker,Diésel,98674.0,90.0,manual,11500,Castello/Castellon de La Plana,12100,Castellón,Castello/Castellon de La Plana
Dacia,Dokker,Diésel,98674.0,90.0,manual,11500,Albacete,2001,Albacete,Albacete
Dacia,Dokker,Diésel,98674.0,90.0,manual,11500,Alzira,46600,Valencia,Alzira
Dacia,Dokker,Diésel,98674.0,90.0,manual,11500,Alzira,46600,Valencia,Alzira
Mazda,5,Diésel,132000.0,143.0,manual,7790,Berga,8600,Barcelona,Berga
Mazda,5,Diésel,151000.0,145.0,manual,5900,Sant Adrià de Besòs,8930,Barcelona,Sant Adrià de Besòs
Toyota,Prius,Eléctrico,118876.0,122.0,automatic,17800,Girona,17005,Girona,Girona
Dacia,Dokker,Diésel,98674.0,90.0,manual,11500,Alicante,3007,Alicante,Alicante
Dacia,Dokker,Otros,154891.0,98.0,manual,12535,Alcalá de Guadaíra,41500,Sevilla,Alcalá de Guadaíra
Dacia,Dokker,Otros,154891.0,98.0,manual,12535,Castello/Castellon de La Plana,12100,Castellón,Castello/Castellon de La Plana
Mazda,CX-30,Gasolina,30061.0,180.0,automatic,28990,Zaragoza,50013,Zaragoza,Zaragoza
Mazda,CX-30,Gasolina,13168.0,122.0,manual,26990,Mercado Parque Corredor del Henares,28850,Madrid,Mercado Parque Corredor del Henares
Mazda,CX-30,Gasolina,30061.0,180.0,automatic,28990,Mercado Parque Corredor del Henares,28850,Madrid,Mercado Parque Corredor del Henares
Mazda,CX-30,Gasolina,13168.0,122.0,manual,26990,Granollers,8403,Barcelona,Granollers
Mazda,CX-30,Gasolina,13168.0,122.0,manual,26990,Vigo,36214,Pontevedra,Vigo
Mazda,CX-30,Gasolina,13168.0,122.0,manual,26990,Atarrabia,31610,Navarra,Atarrabia
Mazda,CX-30,Gasolina,13168.0,122.0,manual,26990,Olèrdola,8734,Barcelona,Olèrdola
Mazda,CX-30,Gasolina,13168.0,122.0,manual,26990,Olèrdola,8734,Barcelona,Olèrdola
Mazda,CX-30,Gasolina,30061.0,180.0,automatic,28990,Olèrdola,8734,Barcelona,Olèrdola
Mazda,CX-30,Gasolina,30061.0,180.0,automatic,28990,Olèrdola,8734,Barcelona,Olèrdola
Mazda,CX-30,Gasolina,13168.0,122.0,manual,26990,Sant Vicenç de Montalt,8394,Barcelona,Sant Vicenç de Montalt
Dacia,Sandero,Otros,98469.0,90.0,manual,10990,Valencia,28943,Madrid,Valencia
Dacia,Sandero,Otros,98469.0,90.0,manual,10990,Murcia,30004,Murcia,Murcia
Dacia,Sandero,Otros,98469.0,90.0,manual,10990,Ponferrada,28903,Madrid,Ponferrada
Dacia,Sandero,Otros,98469.0,90.0,manual,10990,Alcorcón,28924,Madrid,Alcorcón
Toyota,Land Cruiser 90,Diésel,229000.0,125.0,manual,11500,Villanueva del Arzobispo,23330,Jaén,Villanueva del Arzobispo
Dacia,Sandero,Otros,98469.0,90.0,manual,10990,Barcelona,8041,Barcelona,Barcelona
Dacia,Sandero,Diésel,121302.0,90.0,manual,11490,Madrid,28021,Madrid,Madrid
Dacia,Sandero,Diésel,121302.0,90.0,manual,11790,Madrid,28021,Madrid,Madrid
Dacia,Sandero,Diésel,121302.0,90.0,manual,11990,Madrid,28021,Madrid,Madrid
Dacia,Sandero,Gasolina,17669.0,73.0,manual,12790,Madrid,28021,Madrid,Madrid
Dacia,Sandero,Gasolina,17669.0,73.0,manual,12490,Madrid,28021,Madrid,Madrid
Dacia,Sandero,Gasolina,17669.0,73.0,manual,11990,Madrid,28021,Madrid,Madrid
Toyota,MR2,Gasolina,97876.0,140.0,manual,11990,Alzira,46600,Valencia,Alzira
Toyota,MR2,Gasolina,97876.0,140.0,manual,11990,Alzira,46600,Valencia,Alzira
Toyota,Land Cruiser,Diésel,153580.0,177.0,manual,30417,Albacete,2001,Albacete,Albacete
Toyota,Land Cruiser,Diésel,153580.0,177.0,manual,30417,Alicante,3007,Alicante,Alicante
Toyota,Land Cruiser,Diésel,153580.0,177.0,manual,30417,Alameda del Obispo,14005,Córdoba,Alameda del Obispo
Dacia,Lodgy,Diésel,98000.0,107.0,manual,11490,Málaga,29005,Málaga,Málaga
Dacia,Lodgy,Diésel,98142.0,107.0,manual,14990,Madrid,28021,Madrid,Madrid
Dacia,Lodgy,Diésel,98142.0,107.0,manual,14790,Madrid,28021,Madrid,Madrid
Dacia,Lodgy,Gasolina,50313.0,115.0,manual,15900,Barcelona,8007,Barcelona,Barcelona
Dacia,Lodgy,Diésel,23028.0,115.0,manual,19261,Esplugues de Llobregat,8950,Barcelona,Esplugues de Llobregat
Dacia,Lodgy,Diésel,98000.0,107.0,manual,11490,Las Rozas de Madrid,28232,Madrid,Las Rozas de Madrid
Dacia,Lodgy,Diésel,98000.0,107.0,manual,11490,Almería,4006,Almería,Almería
Infiniti,Q50,Eléctrico,31285.0,364.0,automatic,31900,Mercabilbao,48970,Bizkaia,Mercabilbao
Infiniti,Q50,Diésel,128307.0,170.0,automatic,15785,Colonia Pablo Iglesias,28520,Madrid,Colonia Pablo Iglesias
Infiniti,Q50,Diésel,128307.0,170.0,automatic,15785,Sant Vicenç de Montalt,8394,Barcelona,Sant Vicenç de Montalt
Infiniti,Q50,Diésel,128307.0,170.0,automatic,15785,Estepona,29680,Málaga,Estepona
Infiniti,Q50,Diésel,128307.0,170.0,automatic,15785,Murcia,30003,Murcia,Murcia
Infiniti,Q50,Diésel,128307.0,170.0,automatic,15785,Saladar,3700,Alicante,Saladar
Infiniti,Q50,Diésel,128307.0,170.0,automatic,15785,Ciudad Real,13003,Ciudad Real,Ciudad Real
Infiniti,Q50,Diésel,128307.0,170.0,automatic,15785,Valdepeñas,13300,Ciudad Real,Valdepeñas
Infiniti,Q50,Diésel,128307.0,170.0,automatic,15785,Valdepeñas,13300,Ciudad Real,Valdepeñas
Infiniti,Q50,Diésel,128307.0,170.0,automatic,15785,Badajoz,6008,Badajoz,Badajoz
KIA,Carens,Diésel,132738.0,136.0,manual,12098,Albacete,2001,Albacete,Albacete
KIA,Carens,Gasolina,32858.0,135.0,manual,15590,Madrid,28021,Madrid,Madrid
KIA,Carens,Diésel,52903.0,115.0,manual,14700,Torremolinos,29620,Málaga,Torremolinos
KIA,Carens,Diésel,52903.0,115.0,manual,14700,Torremolinos,29620,Málaga,Torremolinos
KIA,Carens,Diésel,52903.0,115.0,manual,14700,Torremolinos,29620,Málaga,Torremolinos
KIA,Carens,Diésel,52903.0,115.0,manual,14700,Mercado Parque Corredor del Henares,28850,Madrid,Mercado Parque Corredor del Henares
Infiniti,Q50,Diésel,128307.0,170.0,automatic,15785,Mercado Parque Corredor del Henares,28850,Madrid,Mercado Parque Corredor del Henares
Infiniti,Q50,Diésel,128307.0,170.0,automatic,15785,Granollers,8403,Barcelona,Granollers
Infiniti,Q50,Diésel,128307.0,170.0,automatic,15785,Barcelona,8007,Barcelona,Barcelona
Infiniti,Q50,Diésel,128307.0,170.0,automatic,15785,Olèrdola,8734,Barcelona,Olèrdola
Infiniti,Q50,Diésel,128307.0,170.0,automatic,15785,Olèrdola,8734,Barcelona,Olèrdola
Infiniti,Q50,Diésel,128307.0,170.0,automatic,15785,Santa Maria del Aguila,4710,Almería,Santa Maria del Aguila
Infiniti,Q50,Diésel,128307.0,170.0,automatic,15785,Las Rozas de Madrid,28232,Madrid,Las Rozas de Madrid
Infiniti,Q50,Diésel,128307.0,170.0,automatic,15785,Hidraulica Santillana,28770,Madrid,Hidraulica Santillana
Infiniti,Q50,Diésel,128307.0,170.0,automatic,15785,Alcobendas,28100,Madrid,Alcobendas
Infiniti,Q50,Diésel,128307.0,170.0,automatic,15785,Alzira,46600,Valencia,Alzira
Infiniti,Q50,Diésel,128307.0,170.0,automatic,15785,Alzira,46600,Valencia,Alzira
Infiniti,Q50,Diésel,128307.0,170.0,automatic,15785,Castello/Castellon de La Plana,12100,Castellón,Castello/Castellon de La Plana
Infiniti,Q50,Diésel,128307.0,170.0,automatic,15785,Alameda del Obispo,14005,Córdoba,Alameda del Obispo
Infiniti,Q50,Diésel,128307.0,170.0,automatic,15785,Santiago de Compostela,15703,A Coruña,Santiago de Compostela
Mitsubishi,Eclipse Cross,Gasolina,33000.0,163.0,automatic,23990,Fuenlabrada,28947,Madrid,Fuenlabrada
Mitsubishi,Eclipse Cross,Gasolina,42081.0,163.0,manual,22137,Saladar,3700,Alicante,Saladar
Mitsubishi,Eclipse Cross,Gasolina,42081.0,163.0,manual,22137,Granollers,8403,Barcelona,Granollers
Mitsubishi,Eclipse Cross,Gasolina,42081.0,163.0,manual,22137,Valdepeñas,13300,Ciudad Real,Valdepeñas
Mitsubishi,Eclipse Cross,Gasolina,42081.0,163.0,manual,22137,Valdepeñas,13300,Ciudad Real,Valdepeñas
Mitsubishi,Eclipse Cross,Gasolina,42081.0,163.0,manual,22137,Barcelona,8007,Barcelona,Barcelona
Mitsubishi,Eclipse Cross,Gasolina,42081.0,163.0,manual,22137,Santa Maria del Aguila,4710,Almería,Santa Maria del Aguila
Peugeot,Rifter,Diésel,107918.0,100.0,manual,18285,Zaragoza,50013,Zaragoza,Zaragoza
Peugeot,Rifter,Diésel,96567.0,100.0,manual,17990,Alicante,3010,Alicante,Alicante
Peugeot,Rifter,Diésel,96567.0,100.0,manual,17990,Alicante,3010,Murcia,Alicante
Peugeot,Rifter,Diésel,43106.0,130.0,manual,23575,Murcia,30003,Murcia,Murcia
Peugeot,Rifter,Diésel,96567.0,100.0,manual,17990,Cáceres,10001,Cáceres,Cáceres
Peugeot,Rifter,Diésel,43106.0,130.0,manual,23575,Olèrdola,8734,Barcelona,Olèrdola
Peugeot,Rifter,Diésel,43106.0,130.0,manual,23575,Olèrdola,8734,Barcelona,Olèrdola
Mazda,3,Gasolina,56787.0,120.0,manual,15990,Málaga,29005,Málaga,Málaga
Mazda,3,Diésel,134200.0,150.0,automatic,13490,Leioa,48940,Bizkaia,Leioa
Mazda,3,Diésel,41410.0,150.0,manual,19200,Fornells de la Selva,17458,Girona,Fornells de la Selva
KIA,XCeed,Gasolina,24134.0,160.0,automatic,27990,Colonia Pablo Iglesias,28520,Madrid,Colonia Pablo Iglesias
KIA,XCeed,Gasolina,24134.0,160.0,automatic,27990,Estepona,29680,Málaga,Estepona
KIA,XCeed,Gasolina,24134.0,160.0,automatic,27990,Saladar,3700,Alicante,Saladar
KIA,XCeed,Gasolina,24134.0,160.0,automatic,27990,Ciudad Real,13003,Ciudad Real,Ciudad Real
KIA,XCeed,Gasolina,24134.0,160.0,automatic,27990,Valdepeñas,13300,Ciudad Real,Valdepeñas
KIA,XCeed,Gasolina,24134.0,160.0,automatic,27990,Valdepeñas,13300,Ciudad Real,Valdepeñas
KIA,XCeed,Gasolina,24134.0,160.0,automatic,27990,Castello/Castellon de La Plana,12100,Castellón,Castello/Castellon de La Plana
KIA,Soul,Gasolina,35000.0,132.0,manual,11990,Ciudad Real,13005,Ciudad Real,Ciudad Real
KIA,Soul,Gasolina,35000.0,132.0,manual,11990,Sevilla,41005,Sevilla,Sevilla
KIA,Soul,Gasolina,35000.0,132.0,manual,11990,Almería,4006,Almería,Almería
KIA,Soul,Gasolina,35000.0,132.0,manual,11990,Vigo,36211,Pontevedra,Vigo
KIA,Soul,Gasolina,35000.0,132.0,manual,11990,Alicante,3010,Alicante,Alicante
KIA,Soul,Gasolina,35000.0,132.0,manual,11990,Alicante,3010,Murcia,Alicante
KIA,Soul,Gasolina,35000.0,132.0,manual,11990,Granada,18005,Granada,Granada
KIA,Soul,Gasolina,35000.0,132.0,manual,11990,Murcia,30005,Murcia,Murcia
KIA,Soul,Gasolina,35000.0,132.0,manual,11990,Málaga,29005,Málaga,Málaga
KIA,Soul,Gasolina,35000.0,132.0,manual,11990,Toledo,45002,Toledo,Toledo
KIA,Soul,Diésel,150407.0,128.0,manual,8990,A Coruña,15005,A Coruña,A Coruña
Audi,A8,Diésel,188410.0,250.0,automatic,22990,Murcia,30005,Murcia,Murcia
Audi,A8,Diésel,188410.0,250.0,automatic,22990,Valencia,46001,Valencia,Valencia
Opel,Corsa-e,Gasolina,133010.0,75.0,manual,6990,Huelva,21004,Huelva,Huelva
Opel,Corsa-e,Gasolina,133010.0,75.0,manual,6990,Bilbao,48004,Bizkaia,Bilbao
Opel,Corsa-e,Gasolina,133010.0,75.0,manual,6990,Murcia,30005,Murcia,Murcia
Opel,Corsa-e,Gasolina,133010.0,75.0,manual,6990,Cáceres,10001,Cáceres,Cáceres
Opel,Corsa-e,Gasolina,133010.0,75.0,manual,6990,Córdoba,14003,Córdoba,Córdoba
Opel,Corsa-e,Gasolina,133010.0,75.0,manual,6990,Málaga,29005,Málaga,Málaga
KIA,Rio,Gasolina,30746.0,100.0,manual,16100,Alicante,3007,Alicante,Alicante
SsangYong,Tivoli,Gasolina,77571.0,128.0,manual,13490,Valencia,46001,Valencia,Valencia
SsangYong,Tivoli,Gasolina,77571.0,128.0,manual,13490,Bilbao,48004,Bizkaia,Bilbao
SsangYong,Tivoli,Gasolina,77571.0,128.0,manual,13490,Alicante,3010,Alicante,Alicante
SsangYong,Tivoli,Gasolina,77571.0,128.0,manual,13490,Alicante,3010,Murcia,Alicante
SsangYong,Tivoli,Gasolina,93759.0,128.0,manual,13899,Barcelona,8007,Barcelona,Barcelona
SsangYong,Tivoli,Gasolina,77571.0,128.0,manual,13490,Tarragona,43006,Tarragona,Tarragona
SsangYong,Kyron,Diésel,237000.0,165.0,automatic,6499,Torrellano,3320,Alicante,Torrellano
Lexus,UX,Otros,13000.0,184.0,automatic,33900,Barcelona,8017,Barcelona,Barcelona
Lexus,IS,Eléctrico,143696.0,223.0,automatic,20130,Hidraulica Santillana,28770,Madrid,Hidraulica Santillana
Rover,45,Gasolina,83000.0,109.0,manual,2500,Granda,33199,Asturias,Granda
Rover,45,Gasolina,83000.0,109.0,manual,2500,Granda,33199,Asturias,Granda
Mitsubishi,Eclipse Cross,Gasolina,42081.0,163.0,manual,22137,Murcia,30003,Murcia,Murcia
Mitsubishi,Eclipse Cross,Gasolina,42081.0,163.0,manual,22137,Ciudad Real,13003,Ciudad Real,Ciudad Real
Mitsubishi,Eclipse Cross,Gasolina,42081.0,163.0,manual,22137,Badajoz,6008,Badajoz,Badajoz
Mitsubishi,Eclipse Cross,Gasolina,42081.0,163.0,manual,22137,Mercado Parque Corredor del Henares,28850,Madrid,Mercado Parque Corredor del Henares
Mitsubishi,Eclipse Cross,Gasolina,42081.0,163.0,manual,22137,Sant Vicenç de Montalt,8394,Barcelona,Sant Vicenç de Montalt
Mitsubishi,Eclipse Cross,Gasolina,42081.0,163.0,manual,22137,Olèrdola,8734,Barcelona,Olèrdola
Mitsubishi,Eclipse Cross,Gasolina,42081.0,163.0,manual,22137,Olèrdola,8734,Barcelona,Olèrdola
Mitsubishi,Eclipse Cross,Gasolina,42081.0,163.0,manual,22137,Alcobendas,28100,Madrid,Alcobendas
Mitsubishi,Eclipse Cross,Gasolina,42081.0,163.0,manual,22137,Alzira,46600,Valencia,Alzira
Mitsubishi,Eclipse Cross,Gasolina,42081.0,163.0,manual,22137,Alzira,46600,Valencia,Alzira
Mitsubishi,Eclipse Cross,Gasolina,42081.0,163.0,manual,22137,Castello/Castellon de La Plana,12100,Castellón,Castello/Castellon de La Plana
Mitsubishi,Eclipse Cross,Gasolina,42081.0,163.0,manual,22137,Albacete,2001,Albacete,Albacete
Mitsubishi,Eclipse Cross,Gasolina,42081.0,163.0,manual,22137,Alicante,3007,Alicante,Alicante
Mitsubishi,Eclipse Cross,Gasolina,42081.0,163.0,manual,22137,Getafe,28906,Madrid,Getafe
Mitsubishi,Eclipse Cross,Gasolina,42081.0,163.0,manual,22137,Alameda del Obispo,14005,Córdoba,Alameda del Obispo
Mitsubishi,Eclipse Cross,Gasolina,42081.0,163.0,manual,22137,Torremolinos,29620,Málaga,Torremolinos
Mitsubishi,Eclipse Cross,Gasolina,42081.0,163.0,manual,22137,Torremolinos,29620,Málaga,Torremolinos
Mitsubishi,Eclipse Cross,Gasolina,42081.0,163.0,manual,22137,Torremolinos,29620,Málaga,Torremolinos
Mitsubishi,Eclipse Cross,Gasolina,42081.0,163.0,manual,22137,Santiago de Compostela,15703,A Coruña,Santiago de Compostela
Rover,75,Diésel,179066.0,116.0,manual,1750,Santafe,18320,Granada,Santafe
Mitsubishi,Space Star,Gasolina,21053.0,71.0,manual,12799,Barcelona,8007,Barcelona,Barcelona
Mitsubishi,Space Star,Gasolina,94886.0,80.0,manual,10995,Mairena del Aljarafe,41927,Sevilla,Mairena del Aljarafe
Peugeot,Traveller,Diésel,59963.0,120.0,manual,25990,Sevilla,41005,Sevilla,Sevilla
Peugeot,Traveller,Diésel,59963.0,120.0,manual,24990,Sevilla,41005,Sevilla,Sevilla
Peugeot,Traveller,Diésel,59963.0,120.0,manual,25990,Málaga,29005,Málaga,Málaga
Peugeot,Traveller,Diésel,59963.0,120.0,manual,24990,Málaga,29005,Málaga,Málaga
Nissan,Primastar,Diésel,122000.0,100.0,manual,8900,Griñón,28977,Madrid,Griñón
Volvo,C30,Diésel,209747.0,136.0,manual,6900,Orbazai,27297,Lugo,Orbazai
Volvo,XC70,Gasolina,208800.0,210.0,manual,4995,Málaga,29004,Málaga,Málaga
Volvo,XC70,Diésel,114292.0,163.0,manual,17875,Saladar,3700,Alicante,Saladar
Volvo,XC70,Diésel,114292.0,163.0,manual,17875,Albacete,2001,Albacete,Albacete
Volvo,XC70,Diésel,114292.0,163.0,manual,17875,Alcobendas,28100,Madrid,Alcobendas
Volvo,XC70,Diésel,114292.0,163.0,manual,17875,Mercabilbao,48970,Bizkaia,Mercabilbao
Volvo,XC70,Diésel,114292.0,163.0,manual,17875,Paterna,46980,Valencia,Paterna
Volvo,XC70,Diésel,338000.0,163.0,automatic,5950,Coiros de Arriba,15316,A Coruña,Coiros de Arriba
Nissan,NV200,Diésel,45111.0,90.0,manual,16300,Málaga,29006,Málaga,Málaga
Nissan,NV200,Diésel,138000.0,90.0,manual,13500,Conil de la Frontera,11140,Cádiz,Conil de la Frontera
Volvo,XC70,Diésel,348000.0,181.0,automatic,13499,Bencarron,41710,Sevilla,Bencarron
Volvo,XC70,Diésel,174000.0,185.0,automatic,12990,Catarroja,46470,Valencia,Catarroja
Volvo,XC70,Diésel,174000.0,185.0,automatic,12990,Catarroja,46470,Valencia,Catarroja
Volvo,XC70,Diésel,174000.0,185.0,automatic,12990,Catarroja,46470,Valencia,Catarroja
Volvo,XC70,Diésel,174000.0,185.0,automatic,12990,Catarroja,46470,Valencia,Catarroja
Volvo,XC70,Diésel,114292.0,163.0,manual,17875,Alicante,3007,Alicante,Alicante
Volvo,XC70,Diésel,114292.0,163.0,manual,17875,Alzira,46600,Valencia,Alzira
Volvo,XC70,Diésel,114292.0,163.0,manual,17875,Alzira,46600,Valencia,Alzira
Volvo,XC70,Diésel,114292.0,163.0,manual,17875,Barcelona,8007,Barcelona,Barcelona
Volvo,XC70,Diésel,114292.0,163.0,manual,17875,Atarrabia,31610,Navarra,Atarrabia
Volvo,XC70,Diésel,114292.0,163.0,manual,17875,Zaragoza,50013,Zaragoza,Zaragoza
Volvo,XC70,Diésel,114292.0,163.0,manual,17875,Getafe,28906,Madrid,Getafe
Nissan,Note,Diésel,68976.0,90.0,manual,9899,Madrid,28014,Madrid,Madrid
Nissan,Note,Diésel,68976.0,90.0,manual,9899,Barcelona,8007,Barcelona,Barcelona
Volvo,XC70,Gasolina,293000.0,209.0,manual,6000,Museros,46136,Valencia,Museros
Volvo,XC70,Diésel,367000.0,185.0,manual,8500,Museros,46136,Valencia,Museros
Volvo,XC70,Diésel,348000.0,185.0,automatic,7500,Museros,46136,Valencia,Museros
Nissan,NV300,Diésel,117852.0,110.0,manual,17990,Granada,18005,Granada,Granada
Volvo,V90,Gasolina,69078.0,250.0,automatic,39000,Torremolinos,29620,Málaga,Torremolinos
Volvo,V90,Gasolina,69078.0,250.0,automatic,39000,Torremolinos,29620,Málaga,Torremolinos
Volvo,V90,Gasolina,69078.0,250.0,automatic,39000,Torremolinos,29620,Málaga,Torremolinos
Volvo,V90,Diésel,108000.0,149.0,manual,24950,Bormujos,41930,Sevilla,Bormujos
Volvo,V90,Diésel,108000.0,149.0,manual,22850,Bormujos,41930,Sevilla,Bormujos
Volvo,V90,Diésel,108000.0,149.0,manual,24950,Terrassa,8223,Barcelona,Terrassa
Volvo,V90,Diésel,108000.0,149.0,manual,22850,Terrassa,8223,Barcelona,Terrassa
Volvo,V90,Diésel,108000.0,149.0,manual,24950,Valdefuentes,28939,Madrid,Valdefuentes
Volvo,V90,Diésel,108000.0,149.0,manual,24950,Valdefuentes,28939,Madrid,Valdefuentes
Volvo,V90,Diésel,108000.0,149.0,manual,22850,Valdefuentes,28939,Madrid,Valdefuentes
Volvo,V90,Diésel,108000.0,149.0,manual,22850,Valdefuentes,28939,Madrid,Valdefuentes
Volvo,V90,Diésel,32000.0,190.0,automatic,39900,Las Rozas de Madrid,28232,Madrid,Las Rozas de Madrid
Volvo,V90,Diésel,73463.0,190.0,automatic,33090,Leganés,28916,Madrid,Leganés
Volvo,V90,Diésel,73463.0,190.0,automatic,33090,Madrid,28046,Madrid,Madrid
Volvo,V90,Diésel,73463.0,190.0,automatic,33090,Alcobendas,28100,Madrid,Alcobendas
Renault,Koleos,Diésel,79273.0,177.0,manual,23499,Madrid,28014,Madrid,Madrid
Renault,Koleos,Diésel,79273.0,177.0,manual,22999,Madrid,28014,Madrid,Madrid
Renault,Koleos,Diésel,79273.0,177.0,manual,23499,Barcelona,8007,Barcelona,Barcelona
Renault,Koleos,Diésel,79273.0,177.0,manual,22999,Barcelona,8007,Barcelona,Barcelona
Volvo,V90,Diésel,77000.0,150.0,automatic,36995,San Fernando de Henares,28830,Madrid,San Fernando de Henares
Volvo,V90,Diésel,62202.0,190.0,automatic,33900,Parque Empresarial La Moraleja,28108,Madrid,Parque Empresarial La Moraleja
Volvo,V90,Diésel,80200.0,190.0,automatic,34990,Bilbao,48004,Bizkaia,Bilbao
Volvo,V90,Diésel,80200.0,190.0,automatic,34990,Málaga,29005,Málaga,Málaga
Volvo,V90,Diésel,80200.0,190.0,automatic,34990,Sevilla,41005,Sevilla,Sevilla
Volvo,V90,Diésel,80200.0,190.0,automatic,34990,Alicante,3010,Alicante,Alicante
Volvo,V90,Diésel,80200.0,190.0,automatic,34990,Alicante,3010,Murcia,Alicante
Volvo,V90,Diésel,80200.0,190.0,automatic,34990,Murcia,30005,Murcia,Murcia
Volvo,V90,Diésel,80200.0,190.0,automatic,34990,Almería,4006,Almería,Almería
Volvo,V90,Diésel,80200.0,190.0,automatic,34990,Barrio Peral,30300,Murcia,Barrio Peral
Volvo,V90,Diésel,99729.0,190.0,automatic,32000,Torrejón de Ardoz,28850,Madrid,Torrejón de Ardoz
Volvo,V90,Diésel,126000.0,150.0,automatic,28995,Parets del Vallès,8150,Barcelona,Parets del Vallès
Volvo,V90,Diésel,89000.0,190.0,manual,33450,Zaragoza,50008,Zaragoza,Zaragoza
Volvo,V90,Diésel,111993.0,150.0,manual,20250,Agirre-Aperribai,48960,Bizkaia,Agirre-Aperribai
Volvo,V90,Diésel,111993.0,150.0,manual,20250,Sant Boi de Llobregat,8830,Barcelona,Sant Boi de Llobregat
Volvo,V90,Diésel,111993.0,150.0,manual,20250,Pamplona/Iruña,31003,Navarra,Pamplona/Iruña
Volvo,XC90,Diésel,201964.0,200.0,automatic,15990,Leganés,28916,Madrid,Leganés
Volvo,XC90,Diésel,201964.0,200.0,automatic,15990,Madrid,28046,Madrid,Madrid
Volvo,XC90,Diésel,201964.0,200.0,automatic,15990,Las Rozas de Madrid,28232,Madrid,Las Rozas de Madrid
Volvo,XC90,Diésel,108426.0,200.0,automatic,21690,Leganés,28916,Madrid,Leganés
Volvo,XC90,Diésel,108426.0,200.0,automatic,21690,Madrid,28046,Madrid,Madrid
Volvo,XC90,Diésel,108426.0,200.0,automatic,21690,Las Rozas de Madrid,28232,Madrid,Las Rozas de Madrid
Volvo,XC90,Diésel,108426.0,200.0,automatic,21690,Alcobendas,28100,Madrid,Alcobendas
Volvo,XC90,Diésel,204680.0,185.0,manual,11250,Vigo,36214,Pontevedra,Vigo
Volvo,XC90,Diésel,204680.0,185.0,manual,11250,Sant Vicenç de Montalt,8394,Barcelona,Sant Vicenç de Montalt
Jeep,Wrangler,Diésel,79072.0,200.0,automatic,37900,Estepona,29680,Málaga,Estepona
Jeep,Wrangler,Diésel,79072.0,200.0,automatic,37900,Puerto de Sagunto,46520,Valencia,Puerto de Sagunto
Abarth,595,Gasolina,36715.0,145.0,manual,18900,Badalona,8915,Barcelona,Badalona
Abarth,595,Gasolina,7000.0,180.0,automatic,29900,Alzira,46600,Valencia,Alzira
Abarth,595,Gasolina,7000.0,180.0,automatic,29900,Alzira,46600,Valencia,Alzira
Maserati,Coupe,Gasolina,71480.0,390.0,automatic,23500,Santiago de Compostela,15703,A Coruña,Santiago de Compostela
Abarth,595,Gasolina,20782.0,165.0,manual,22990,Rafelbuñol/Rafelbunyol,46138,Valencia,Rafelbuñol/Rafelbunyol
Toyota,Prius,Eléctrico,139000.0,136.0,automatic,10990,Granollers,8403,Barcelona,Granollers
Toyota,Prius,Eléctrico,164221.0,136.0,automatic,15900,Sant Vicenç de Montalt,8394,Barcelona,Sant Vicenç de Montalt
Abarth,595,Gasolina,56100.0,180.0,manual,20990,Jerez de la Frontera,11401,Cádiz,Jerez de la Frontera
Abarth,595,Gasolina,36700.0,145.0,manual,18900,Blanes,17300,Girona,Blanes
Toyota,Yaris,Gasolina,115000.0,86.0,manual,5999,Sabadell,8201,Barcelona,Sabadell
Opel,Mokka-e,Eléctrico,36073.0,136.0,automatic,27990,Poligono Industrial San Fernando,28830,Madrid,Poligono Industrial San Fernando
Opel,Meriva,Diésel,43335.0,110.0,manual,8990,Almería,4006,Almería,Almería
Toyota,Land Cruiser,Diésel,244156.0,166.0,automatic,15250,Paterna,46980,Valencia,Paterna
Toyota,Land Cruiser,Diésel,244156.0,166.0,automatic,15250,Saladar,3700,Alicante,Saladar
Toyota,Land Cruiser,Diésel,244156.0,166.0,automatic,15250,Puerto de Sagunto,46520,Valencia,Puerto de Sagunto
Toyota,Land Cruiser,Diésel,244156.0,166.0,automatic,15250,Estepona,29680,Málaga,Estepona
Toyota,Land Cruiser,Diésel,244156.0,166.0,automatic,15250,Badajoz,6008,Badajoz,Badajoz
Toyota,Land Cruiser,Diésel,244156.0,166.0,automatic,15250,Alzira,46600,Valencia,Alzira
Toyota,Land Cruiser,Diésel,244156.0,166.0,automatic,15250,Alzira,46600,Valencia,Alzira
Fiat,Punto Evo,Gasolina,71000.0,69.0,manual,6850,Madrid,28046,Madrid,Madrid
Mazda,6,Diésel,126989.0,150.0,automatic,15990,Bilbao,48004,Bizkaia,Bilbao
Mazda,6,Diésel,126989.0,150.0,automatic,15490,Bilbao,48004,Bizkaia,Bilbao
Mazda,6,Diésel,126989.0,150.0,automatic,15990,Almería,4006,Almería,Almería
Mazda,6,Diésel,126989.0,150.0,automatic,15490,Almería,4006,Almería,Almería
Mazda,6,Diésel,126989.0,150.0,automatic,15990,Murcia,30005,Murcia,Murcia
Mazda,6,Diésel,126989.0,150.0,automatic,15490,Murcia,30005,Murcia,Murcia
Mazda,6,Diésel,126989.0,150.0,automatic,15990,Valencia,46001,Valencia,Valencia
Mazda,6,Diésel,126989.0,150.0,automatic,15490,Valencia,46001,Valencia,Valencia
Alfa Romeo,Giulietta,Gasolina,20269.0,120.0,manual,18285,Mercabilbao,48970,Bizkaia,Mercabilbao
Alfa Romeo,Giulietta,Gasolina,20269.0,120.0,manual,18285,Alcalá de Guadaíra,41500,Sevilla,Alcalá de Guadaíra
Alfa Romeo,Giulietta,Gasolina,20269.0,120.0,manual,18285,Paterna,46980,Valencia,Paterna
Alfa Romeo,Giulietta,Gasolina,20269.0,120.0,manual,18285,Atarrabia,31610,Navarra,Atarrabia
Alfa Romeo,Giulietta,Gasolina,20269.0,120.0,manual,18285,Zaragoza,50013,Zaragoza,Zaragoza
Alfa Romeo,Giulietta,Diésel,115908.0,105.0,manual,8990,Alicante,3010,Alicante,Alicante
Alfa Romeo,Giulietta,Diésel,115908.0,105.0,manual,8990,Alicante,3010,Murcia,Alicante
Alfa Romeo,Giulietta,Diésel,115908.0,105.0,manual,8990,Vigo,36211,Pontevedra,Vigo
Alfa Romeo,Giulietta,Gasolina,20269.0,120.0,manual,18285,Alameda del Obispo,14005,Córdoba,Alameda del Obispo
SsangYong,Tivoli,Gasolina,38750.0,128.0,manual,14599,Madrid,28014,Madrid,Madrid
SsangYong,Tivoli,Otros,50352.0,128.0,manual,15985,Alcobendas,28100,Madrid,Alcobendas
SsangYong,Tivoli,Otros,50352.0,128.0,manual,15985,Albacete,2001,Albacete,Albacete
SsangYong,Tivoli,Otros,50352.0,128.0,manual,15985,Getafe,28906,Madrid,Getafe
Alfa Romeo,Giulietta,Diésel,115908.0,105.0,manual,8990,Ciudad Real,13005,Ciudad Real,Ciudad Real
Alfa Romeo,Giulietta,Diésel,115908.0,105.0,manual,8990,Murcia,30005,Murcia,Murcia
Alfa Romeo,Giulietta,Diésel,115908.0,105.0,manual,8990,Bilbao,48004,Bizkaia,Bilbao
Alfa Romeo,Giulietta,Diésel,115908.0,105.0,manual,8990,Sevilla,41005,Sevilla,Sevilla
Alfa Romeo,Giulietta,Diésel,115908.0,105.0,manual,8990,Málaga,29005,Málaga,Málaga
Alfa Romeo,Giulietta,Diésel,115908.0,105.0,manual,8990,Jaén,23008,Jaén,Jaén
Alfa Romeo,Giulietta,Gasolina,20269.0,120.0,manual,18285,Alcobendas,28100,Madrid,Alcobendas
Alfa Romeo,Giulietta,Gasolina,20269.0,120.0,manual,18285,Ciudad Real,13003,Ciudad Real,Ciudad Real
Alfa Romeo,Giulietta,Gasolina,20269.0,120.0,manual,18285,Getafe,28906,Madrid,Getafe
Alfa Romeo,Giulietta,Gasolina,20269.0,120.0,manual,18285,Albacete,2001,Albacete,Albacete
Alfa Romeo,Giulietta,Gasolina,20269.0,120.0,manual,18285,Hidraulica Santillana,28770,Madrid,Hidraulica Santillana
Alfa Romeo,Giulietta,Gasolina,20269.0,120.0,manual,18285,Badajoz,6008,Badajoz,Badajoz
Alfa Romeo,Giulietta,Diésel,76457.0,105.0,manual,9950,Las Rozas de Madrid,28232,Madrid,Las Rozas de Madrid
Alfa Romeo,Giulietta,Diésel,76457.0,105.0,manual,9950,Madrid,28046,Madrid,Madrid
Alfa Romeo,Giulietta,Diésel,115908.0,105.0,manual,8990,Almería,4006,Almería,Almería
Alfa Romeo,Giulietta,Gasolina,20269.0,120.0,manual,18285,Olèrdola,8734,Barcelona,Olèrdola
Alfa Romeo,Giulietta,Gasolina,20269.0,120.0,manual,18285,Olèrdola,8734,Barcelona,Olèrdola
Alfa Romeo,Giulietta,Gasolina,20269.0,120.0,manual,18285,Mercado Parque Corredor del Henares,28850,Madrid,Mercado Parque Corredor del Henares
Alfa Romeo,Giulietta,Gasolina,20269.0,120.0,manual,18285,Valdepeñas,13300,Ciudad Real,Valdepeñas
Alfa Romeo,Giulietta,Gasolina,20269.0,120.0,manual,18285,Valdepeñas,13300,Ciudad Real,Valdepeñas
Alfa Romeo,Giulietta,Gasolina,77638.0,120.0,manual,15870,Collado Villalba,28400,Madrid,Collado Villalba
Alfa Romeo,Giulietta,Gasolina,77638.0,120.0,manual,15870,Collado Villalba,28400,Madrid,Collado Villalba
Alfa Romeo,Giulietta,Gasolina,77638.0,120.0,manual,15870,Vigo,36214,Pontevedra,Vigo
Alfa Romeo,Giulietta,Gasolina,77638.0,120.0,manual,15870,Mercado Parque Corredor del Henares,28850,Madrid,Mercado Parque Corredor del Henares
Alfa Romeo,Giulietta,Gasolina,77638.0,120.0,manual,15870,Colonia Pablo Iglesias,28520,Madrid,Colonia Pablo Iglesias
Volvo,S40,Diésel,128138.0,136.0,manual,5900,Torremolinos,29620,Málaga,Torremolinos
Volvo,S40,Diésel,128138.0,136.0,manual,5900,Torremolinos,29620,Málaga,Torremolinos
Volvo,S40,Diésel,128138.0,136.0,manual,5900,Torremolinos,29620,Málaga,Torremolinos
Volvo,S40,Diésel,177145.0,109.0,manual,123,Madrid,28042,Madrid,Madrid
Volvo,C30,Diésel,335000.0,136.0,manual,3999,Manises,46940,Valencia,Manises
Infiniti,QX30,Gasolina,62497.0,211.0,automatic,23990,Colonia Pablo Iglesias,28520,Madrid,Colonia Pablo Iglesias
Infiniti,QX30,Gasolina,62497.0,211.0,automatic,23990,Camarma de Esteruelas,28816,Madrid,Camarma de Esteruelas
Infiniti,QX30,Gasolina,62497.0,211.0,automatic,23990,Camarma de Esteruelas,28816,Madrid,Camarma de Esteruelas
Infiniti,QX30,Gasolina,62497.0,211.0,automatic,23990,Collado Villalba,28400,Madrid,Collado Villalba
Infiniti,QX30,Gasolina,62497.0,211.0,automatic,23990,Collado Villalba,28400,Madrid,Collado Villalba
Infiniti,QX30,Gasolina,62497.0,211.0,automatic,23990,Almería,4006,Almería,Almería
Infiniti,QX30,Gasolina,62497.0,211.0,automatic,23990,Murcia,30005,Murcia,Murcia
Infiniti,QX30,Gasolina,62497.0,211.0,automatic,23990,Toledo,45002,Toledo,Toledo
Infiniti,QX30,Gasolina,62497.0,211.0,automatic,23990,Las Rozas de Madrid,28232,Madrid,Las Rozas de Madrid
Alfa Romeo,MiTO,Diésel,109300.0,85.0,manual,8990,Granada,18005,Granada,Granada
Alfa Romeo,MiTO,Diésel,109300.0,85.0,manual,8990,Sevilla,41005,Sevilla,Sevilla
Alfa Romeo,MiTO,Diésel,109300.0,85.0,manual,8990,Alicante,3010,Alicante,Alicante
Alfa Romeo,MiTO,Diésel,109300.0,85.0,manual,8990,Alicante,3010,Murcia,Alicante
Alfa Romeo,MiTO,Diésel,109300.0,85.0,manual,8990,Sevilla,41017,Sevilla,Sevilla
Alfa Romeo,MiTO,Diésel,109300.0,85.0,manual,8990,Murcia,30005,Murcia,Murcia
Alfa Romeo,MiTO,Diésel,109300.0,85.0,manual,8990,Bilbao,48004,Bizkaia,Bilbao
Alfa Romeo,MiTO,Diésel,109300.0,85.0,manual,8990,Valencia,46001,Valencia,Valencia
Alfa Romeo,MiTO,Diésel,109300.0,85.0,manual,8990,Cáceres,10001,Cáceres,Cáceres
Alfa Romeo,MiTO,Gasolina,106846.0,78.0,manual,10490,Madrid,28021,Madrid,Madrid
Alfa Romeo,MiTO,Gasolina,106846.0,78.0,manual,10190,Madrid,28021,Madrid,Madrid
Alfa Romeo,MiTO,Gasolina,106846.0,78.0,manual,9790,Madrid,28021,Madrid,Madrid
Alfa Romeo,MiTO,Gasolina,106846.0,78.0,manual,9390,Madrid,28021,Madrid,Madrid
Alfa Romeo,MiTO,Gasolina,70761.0,78.0,manual,11399,Barcelona,8007,Barcelona,Barcelona
Alfa Romeo,MiTO,Gasolina,70761.0,78.0,manual,11199,Barcelona,8007,Barcelona,Barcelona
Alfa Romeo,MiTO,Gasolina,70761.0,78.0,manual,11099,Barcelona,8007,Barcelona,Barcelona
Citroen,C1,Gasolina,18600.0,82.0,manual,9990,Sevilla,41005,Sevilla,Sevilla
Citroen,C1,Gasolina,18600.0,82.0,manual,9990,Almería,4006,Almería,Almería
Citroen,C1,Gasolina,18600.0,82.0,manual,9990,Alicante,3010,Alicante,Alicante
Citroen,C1,Gasolina,18600.0,82.0,manual,9990,Alicante,3010,Murcia,Alicante
Citroen,C1,Gasolina,18600.0,82.0,manual,9990,Granada,18005,Granada,Granada
BMW,X4,Diésel,166744.0,190.0,automatic,23990,Sevilla,41005,Sevilla,Sevilla
BMW,X4,Diésel,166744.0,190.0,automatic,23990,Castellón,12001,Castellón,Castellón
BMW,X4,Diésel,166744.0,190.0,automatic,23990,Almería,4006,Almería,Almería
BMW,X4,Diésel,166744.0,190.0,automatic,23990,Vigo,36211,Pontevedra,Vigo
BMW,X4,Diésel,166744.0,190.0,automatic,23990,Alicante,3010,Alicante,Alicante
BMW,X4,Diésel,166744.0,190.0,automatic,23990,Alicante,3010,Murcia,Alicante
BMW,X4,Diésel,166744.0,190.0,automatic,23990,Granada,18005,Granada,Granada
BMW,X4,Diésel,166744.0,190.0,automatic,23990,Murcia,30005,Murcia,Murcia
BMW,X4,Diésel,166744.0,190.0,automatic,23990,Málaga,29005,Málaga,Málaga
BMW,X4,Diésel,166744.0,190.0,automatic,23990,Valencia,46001,Valencia,Valencia
BMW,X4,Diésel,99990.0,190.0,automatic,38490,Tarragona,43006,Tarragona,Tarragona
BMW,X4,Diésel,166744.0,190.0,automatic,23990,Tarragona,43006,Tarragona,Tarragona
BMW,X4,Diésel,99990.0,190.0,automatic,38490,Palau-Solita I Plegamans,8184,Barcelona,Palau-Solita I Plegamans
BMW,X4,Diésel,99990.0,190.0,automatic,38490,Palau-Solita I Plegamans,8184,Barcelona,Palau-Solita I Plegamans
BMW,X4,Diésel,142000.0,190.0,automatic,32499,Torrellano,3320,Alicante,Torrellano
Alfa Romeo,156,Diésel,230000.0,115.0,manual,2490,Salamanca,37008,Salamanca,Salamanca
Alfa Romeo,156,Diésel,230000.0,115.0,manual,2490,Salamanca,37008,Salamanca,Salamanca
Audi,A7,Diésel,83996.0,218.0,automatic,35990,Bilbao,48004,Bizkaia,Bilbao
Audi,A7,Diésel,83996.0,218.0,automatic,35990,Málaga,29005,Málaga,Málaga
Audi,A7,Diésel,69990.0,320.0,automatic,37890,Salamanca,37008,Salamanca,Salamanca
Audi,A7,Diésel,69990.0,320.0,automatic,37890,Salamanca,37008,Salamanca,Salamanca
Audi,A7,Diésel,69990.0,320.0,automatic,39990,Salamanca,37008,Salamanca,Salamanca
Audi,A7,Diésel,69990.0,320.0,automatic,39990,Salamanca,37008,Salamanca,Salamanca
Audi,A7,Diésel,83996.0,218.0,automatic,35990,Sevilla,41005,Sevilla,Sevilla
Audi,A7,Diésel,83996.0,218.0,automatic,35990,Vigo,36211,Pontevedra,Vigo
Audi,A7,Diésel,83996.0,218.0,automatic,35990,Granada,18005,Granada,Granada
Audi,A7,Diésel,83996.0,218.0,automatic,35990,Jaén,23008,Jaén,Jaén
Volvo,S90,Diésel,193000.0,190.0,automatic,24900,Aljucer,30152,Murcia,Aljucer
Volvo,S90,Diésel,193000.0,190.0,automatic,25900,Aljucer,30152,Murcia,Aljucer
Audi,A7,Diésel,83996.0,218.0,automatic,35990,Murcia,30005,Murcia,Murcia
Audi,A7,Diésel,236803.0,245.0,automatic,17490,Almería,4006,Almería,Almería
Audi,A7,Diésel,236803.0,245.0,automatic,17490,Vigo,36211,Pontevedra,Vigo
Audi,A7,Diésel,236803.0,245.0,automatic,17490,Sevilla,41005,Sevilla,Sevilla
Audi,A3,Diésel,114377.0,116.0,automatic,19490,Málaga,29005,Málaga,Málaga
Audi,A3,Diésel,114377.0,116.0,automatic,19490,Vigo,36211,Pontevedra,Vigo
Audi,A3,Diésel,114377.0,116.0,automatic,19490,Alicante,3010,Alicante,Alicante
Audi,A3,Diésel,114377.0,116.0,automatic,19490,Alicante,3010,Murcia,Alicante
Audi,A3,Diésel,114377.0,116.0,automatic,19490,Almería,4006,Almería,Almería
Audi,A3,Diésel,148000.0,110.0,automatic,15560,Málaga,29005,Málaga,Málaga
Audi,A3,Diésel,163616.0,110.0,manual,11990,Málaga,29005,Málaga,Málaga
Audi,A3,Diésel,148000.0,110.0,automatic,15560,Urbanizacion La Granjilla,28700,Madrid,Urbanizacion La Granjilla
Volvo,V90,Diésel,46789.0,149.0,manual,29900,Valladolid,47011,Valladolid,Valladolid
Audi,A3,Diésel,114377.0,116.0,automatic,19490,Urbanizacion La Granjilla,28700,Madrid,Urbanizacion La Granjilla
Audi,A3,Diésel,114377.0,116.0,automatic,19490,Granada,18005,Granada,Granada
Audi,A3,Diésel,114377.0,116.0,automatic,19490,Murcia,30005,Murcia,Murcia
Audi,A3,Diésel,145980.0,105.0,manual,9999,Barcelona,8007,Barcelona,Barcelona
Audi,A3,Diésel,114377.0,116.0,automatic,19490,Toledo,45002,Toledo,Toledo
Audi,A3,Diésel,114377.0,116.0,automatic,19490,Villaviciosa de Odón,28670,Madrid,Villaviciosa de Odón
Volvo,XC40,Diésel,99950.0,190.0,automatic,28850,Bormujos,41930,Sevilla,Bormujos
Volvo,XC40,Diésel,99950.0,190.0,automatic,28850,Valdefuentes,28939,Madrid,Valdefuentes
Volvo,XC40,Diésel,99950.0,190.0,automatic,28850,Valdefuentes,28939,Madrid,Valdefuentes
Audi,A3,Diésel,114377.0,116.0,automatic,19490,Fuenlabrada,28947,Madrid,Fuenlabrada
Audi,A3,Diésel,114377.0,116.0,automatic,19490,Camarma de Esteruelas,28816,Madrid,Camarma de Esteruelas
Audi,A3,Diésel,114377.0,116.0,automatic,19490,Camarma de Esteruelas,28816,Madrid,Camarma de Esteruelas
Audi,A3,Gasolina,130000.0,300.0,automatic,23990,Colonia Pablo Iglesias,28520,Madrid,Colonia Pablo Iglesias
Audi,A3,Diésel,117371.0,116.0,manual,18990,Lebrija,41740,Sevilla,Lebrija
Audi,A3,Diésel,110000.0,116.0,manual,19499,Vega Santa Maria,23700,Jaén,Vega Santa Maria
Audi,A3,Diésel,178000.0,140.0,automatic,8800,Málaga,29006,Málaga,Málaga
Audi,A3,Gasolina,130000.0,300.0,automatic,23990,Almería,4006,Almería,Almería
Audi,A3,Diésel,87221.0,116.0,manual,20990,Almería,4006,Almería,Almería
Audi,A3,Diésel,217197.0,150.0,manual,12490,Almería,4006,Almería,Almería
Audi,A3,Gasolina,130000.0,300.0,automatic,23990,Toledo,45002,Toledo,Toledo
Audi,A3,Gasolina,130000.0,300.0,automatic,23990,Vigo,36211,Pontevedra,Vigo
Audi,A3,Diésel,87221.0,116.0,manual,20990,Alicante,3010,Alicante,Alicante
Audi,A3,Diésel,87221.0,116.0,manual,20990,Alicante,3010,Murcia,Alicante
Audi,Q5,Diésel,99950.0,149.0,manual,737,Madrid,28009,Madrid,Madrid
Audi,Q5,Diésel,99950.0,149.0,manual,701,Madrid,28009,Madrid,Madrid
Audi,Q5,Diésel,164135.0,170.0,automatic,17600,Puerto de Sagunto,46520,Valencia,Puerto de Sagunto
Audi,Q5,Diésel,164135.0,170.0,automatic,17600,Alcobendas,28100,Madrid,Alcobendas
Audi,Q5,Diésel,164135.0,170.0,automatic,17600,Torremolinos,29620,Málaga,Torremolinos
Audi,Q5,Diésel,164135.0,170.0,automatic,17600,Torremolinos,29620,Málaga,Torremolinos
Audi,Q5,Diésel,164135.0,170.0,automatic,17600,Torremolinos,29620,Málaga,Torremolinos
Audi,Q5,Diésel,164135.0,170.0,automatic,17600,Ciudad Real,13003,Ciudad Real,Ciudad Real
Audi,Q5,Diésel,164135.0,170.0,automatic,17600,Barcelona,8007,Barcelona,Barcelona
Audi,Q5,Diésel,164135.0,170.0,automatic,17600,Santiago de Compostela,15703,A Coruña,Santiago de Compostela
Audi,Q5,Diésel,164135.0,170.0,automatic,17600,Albacete,2001,Albacete,Albacete
Audi,Q5,Diésel,164135.0,170.0,automatic,17600,Vigo,36214,Pontevedra,Vigo
Audi,Q5,Diésel,164135.0,170.0,automatic,17600,Hidraulica Santillana,28770,Madrid,Hidraulica Santillana
Audi,Q5,Diésel,164135.0,170.0,automatic,17600,Badajoz,6008,Badajoz,Badajoz
Audi,Q5,Diésel,164135.0,170.0,automatic,17600,Zaragoza,50013,Zaragoza,Zaragoza
Audi,Q5,Diésel,157263.0,163.0,automatic,28490,Alicante,3010,Alicante,Alicante
Audi,Q5,Diésel,157263.0,163.0,automatic,28490,Alicante,3010,Murcia,Alicante
Audi,Q5,Diésel,91100.0,190.0,automatic,28990,Granada,18005,Granada,Granada
Audi,Q5,Diésel,157263.0,163.0,automatic,28490,Vigo,36211,Pontevedra,Vigo
Audi,Q5,Diésel,97900.0,150.0,manual,24990,Alicante,3010,Alicante,Alicante
Audi,Q5,Diésel,97900.0,150.0,manual,24990,Alicante,3010,Murcia,Alicante
Audi,Q5,Diésel,157263.0,163.0,automatic,28490,Granada,18005,Granada,Granada
Audi,Q5,Diésel,164135.0,170.0,automatic,17600,Alameda del Obispo,14005,Córdoba,Alameda del Obispo
Audi,Q5,Diésel,97900.0,150.0,manual,24990,Vigo,36211,Pontevedra,Vigo
Audi,Q5,Diésel,97900.0,150.0,manual,24990,Fuenlabrada,28947,Madrid,Fuenlabrada
Audi,Q5,Diésel,97900.0,150.0,manual,24990,Granada,18005,Granada,Granada
Audi,Q5,Diésel,97900.0,150.0,manual,24990,Colonia Pablo Iglesias,28520,Madrid,Colonia Pablo Iglesias
Audi,Q5,Diésel,157263.0,163.0,automatic,28490,Murcia,30005,Murcia,Murcia
Audi,Q5,Diésel,157263.0,163.0,automatic,28490,Bilbao,48004,Bizkaia,Bilbao
Audi,Q5,Diésel,91100.0,190.0,automatic,28990,Sevilla,41005,Sevilla,Sevilla
SsangYong,Tivoli,Gasolina,77571.0,128.0,manual,13490,Òrrius,8317,Barcelona,Òrrius
SsangYong,Tivoli,Gasolina,77571.0,128.0,manual,13490,Ullastrell,8231,Barcelona,Ullastrell
SsangYong,Tivoli,Gasolina,77571.0,128.0,manual,13490,Castellón,12001,Castellón,Castellón
SsangYong,Tivoli,Gasolina,77571.0,128.0,manual,13490,Granada,18005,Granada,Granada
SsangYong,Tivoli,Gasolina,77571.0,128.0,manual,13490,Palma de Mallorca,7003,Baleares,Palma de Mallorca
Audi,Q5,Diésel,97900.0,150.0,manual,24990,Murcia,30005,Murcia,Murcia
Audi,Q5,Diésel,97900.0,150.0,manual,24990,Bilbao,48004,Bizkaia,Bilbao
SsangYong,Kyron,Diésel,136000.0,141.0,manual,6990,Poligono Industrial Madanela,15800,A Coruña,Poligono Industrial Madanela
Audi,TT,Gasolina,166000.0,200.0,manual,11900,Constantí,43120,Tarragona,Constantí
Audi,Q3,Gasolina,36989.0,150.0,manual,28799,Madrid,28014,Madrid,Madrid
Audi,Q3,Gasolina,36989.0,150.0,manual,28799,Barcelona,8007,Barcelona,Barcelona
Audi,Q3,Diésel,36385.0,140.0,manual,20599,Barcelona,8007,Barcelona,Barcelona
Audi,Q3,Diésel,74710.0,140.0,manual,17599,Madrid,28014,Madrid,Madrid
Audi,Q3,Diésel,74710.0,140.0,manual,17199,Madrid,28014,Madrid,Madrid
Audi,Q3,Diésel,141668.0,150.0,automatic,18490,Armentia,1007,Álava,Armentia
Audi,Q3,Diésel,141668.0,150.0,automatic,17990,Armentia,1007,Álava,Armentia
Audi,Q3,Diésel,111000.0,150.0,automatic,19990,Fuenlabrada,28947,Madrid,Fuenlabrada
Audi,Q3,Diésel,111000.0,150.0,automatic,19990,Colonia Pablo Iglesias,28520,Madrid,Colonia Pablo Iglesias
Audi,Q3,Diésel,141668.0,150.0,automatic,18490,Murcia,30005,Murcia,Murcia
Audi,Q3,Diésel,141668.0,150.0,automatic,17990,Murcia,30005,Murcia,Murcia
Audi,Q3,Diésel,141668.0,150.0,automatic,18490,Bilbao,48004,Bizkaia,Bilbao
Audi,Q3,Diésel,141668.0,150.0,automatic,17990,Bilbao,48004,Bizkaia,Bilbao
Audi,A4 Allroad,Diésel,206000.0,190.0,automatic,28900,Alcorcón,28921,Madrid,Alcorcón
Audi,Q3,Diésel,141668.0,150.0,automatic,18490,Sevilla,41005,Sevilla,Sevilla
Audi,Q3,Diésel,141668.0,150.0,automatic,17990,Sevilla,41005,Sevilla,Sevilla
Audi,Q3,Diésel,141668.0,150.0,automatic,18490,Valencia,46001,Valencia,Valencia
Audi,Q3,Diésel,141668.0,150.0,automatic,17990,Valencia,46001,Valencia,Valencia
Audi,Q3,Diésel,124610.0,150.0,automatic,18990,Valencia,46001,Valencia,Valencia
Audi,Q3,Diésel,141668.0,150.0,automatic,18490,Málaga,29005,Málaga,Málaga
Audi,Q3,Diésel,141668.0,150.0,automatic,17990,Málaga,29005,Málaga,Málaga
Audi,Q3,Diésel,78359.0,150.0,manual,19799,Barcelona,8007,Barcelona,Barcelona
Audi,Q3,Diésel,78359.0,150.0,manual,19799,Madrid,28014,Madrid,Madrid
Audi,Q3,Diésel,109000.0,149.0,manual,617,Barcelona,8009,Barcelona,Barcelona
Audi,Q3,Diésel,112000.0,149.0,manual,605,Barcelona,8009,Barcelona,Barcelona
Audi,Q3,Diésel,112000.0,149.0,manual,582,Barcelona,8009,Barcelona,Barcelona
Audi,Q3,Diésel,67000.0,149.0,manual,306,Madrid,28009,Madrid,Madrid
Audi,Q3,Diésel,141668.0,150.0,automatic,18490,Santander,39010,Cantabria,Santander
Audi,Q3,Diésel,141668.0,150.0,automatic,17990,Santander,39010,Cantabria,Santander
Audi,Q3,Diésel,141668.0,150.0,automatic,18490,Almería,4006,Almería,Almería
Audi,Q3,Diésel,141668.0,150.0,automatic,17990,Almería,4006,Almería,Almería
Audi,Q3,Diésel,141668.0,150.0,automatic,18490,Oviedo,33003,Asturias,Oviedo
Audi,Q3,Diésel,141668.0,150.0,automatic,17990,Oviedo,33003,Asturias,Oviedo
Audi,Q3,Diésel,141668.0,150.0,automatic,18490,Alicante,3010,Alicante,Alicante
Audi,Q3,Diésel,141668.0,150.0,automatic,18490,Alicante,3010,Murcia,Alicante
Audi,Q3,Diésel,141668.0,150.0,automatic,17990,Alicante,3010,Alicante,Alicante
Audi,Q3,Diésel,141668.0,150.0,automatic,17990,Alicante,3010,Murcia,Alicante
Audi,Q3,Diésel,141668.0,150.0,automatic,18490,Vigo,36211,Pontevedra,Vigo
Audi,Q3,Diésel,141668.0,150.0,automatic,17990,Vigo,36211,Pontevedra,Vigo
Audi,SQ5,Diésel,124383.0,313.0,automatic,26990,Málaga,29005,Málaga,Málaga
Audi,SQ5,Diésel,124383.0,313.0,automatic,24490,Málaga,29005,Málaga,Málaga
Audi,SQ5,Diésel,124383.0,313.0,automatic,26990,Valencia,46001,Valencia,Valencia
Audi,SQ5,Diésel,124383.0,313.0,automatic,24490,Valencia,46001,Valencia,Valencia
Audi,Q7,Diésel,232757.0,340.0,automatic,20990,Almería,4006,Almería,Almería
Audi,Q7,Diésel,232757.0,340.0,automatic,20990,Bilbao,48004,Bizkaia,Bilbao
Audi,Q7,Diésel,180000.0,233.0,automatic,13500,Dos Hermanas,41700,Sevilla,Dos Hermanas
Audi,SQ5,Diésel,124383.0,313.0,automatic,26990,Murcia,30005,Murcia,Murcia
Audi,SQ5,Diésel,124383.0,313.0,automatic,24490,Murcia,30005,Murcia,Murcia
Audi,SQ5,Diésel,124383.0,313.0,automatic,26990,Granada,18005,Granada,Granada
Audi,SQ5,Diésel,124383.0,313.0,automatic,24490,Granada,18005,Granada,Granada
Audi,SQ5,Diésel,124383.0,313.0,automatic,26990,Sevilla,41005,Sevilla,Sevilla
Audi,SQ5,Diésel,124383.0,313.0,automatic,24490,Sevilla,41005,Sevilla,Sevilla
Infiniti,QX70,Gasolina,118600.0,320.0,automatic,31050,Vigo,36214,Pontevedra,Vigo
Infiniti,QX70,Gasolina,118600.0,320.0,automatic,31050,Saladar,3700,Alicante,Saladar
Audi,A6 Allroad,Diésel,159000.0,190.0,automatic,14990,Valencia,46025,Valencia,Valencia
Audi,A6 Allroad,Diésel,168000.0,218.0,automatic,26900,Mérida,6800,Badajoz,Mérida
Audi,A6 Allroad,Diésel,230000.0,240.0,automatic,9500,Coria del Río,41100,Sevilla,Coria del Río
Audi,A8,Diésel,188410.0,250.0,automatic,22990,Marbella,29601,Málaga,Marbella
Audi,A8,Diésel,188410.0,250.0,automatic,22990,Granada,18005,Granada,Granada
Audi,A8,Diésel,300000.0,326.0,automatic,11200,Santa Coloma de Gramenet,8921,Barcelona,Santa Coloma de Gramenet
Audi,A8,Diésel,275023.0,233.0,automatic,12490,Leganés,28916,Madrid,Leganés
Audi,A8,Diésel,275023.0,233.0,automatic,12490,Madrid,28046,Madrid,Madrid
Audi,A8,Diésel,275023.0,233.0,automatic,12490,Las Rozas de Madrid,28232,Madrid,Las Rozas de Madrid
Audi,A8,Diésel,275023.0,233.0,automatic,12490,Alcobendas,28100,Madrid,Alcobendas
KIA,Venga,Gasolina,69300.0,90.0,manual,8690,Ullastrell,8231,Barcelona,Ullastrell
KIA,Venga,Gasolina,69300.0,90.0,manual,8690,Alicante,3010,Alicante,Alicante
KIA,Venga,Gasolina,69300.0,90.0,manual,8690,Alicante,3010,Murcia,Alicante
KIA,Venga,Gasolina,69300.0,90.0,manual,8690,Málaga,29005,Málaga,Málaga
Audi,A8,Diésel,300000.0,233.0,automatic,6990,Tarragona,43005,Tarragona,Tarragona
Audi,S3,Gasolina,145995.0,300.0,automatic,19990,Málaga,29005,Málaga,Málaga
Audi,S3,Gasolina,145995.0,300.0,automatic,19990,Castellón,12001,Castellón,Castellón
Audi,S3,Gasolina,145995.0,300.0,automatic,19990,Palma de Mallorca,7003,Baleares,Palma de Mallorca
Audi,A1,Diésel,66257.0,90.0,automatic,15400,Mercado Parque Corredor del Henares,28850,Madrid,Mercado Parque Corredor del Henares
Audi,A1,Diésel,145471.0,90.0,manual,14087,Vigo,36214,Pontevedra,Vigo
Audi,A1,Diésel,145471.0,90.0,manual,14087,Sant Vicenç de Montalt,8394,Barcelona,Sant Vicenç de Montalt
Audi,A1,Diésel,66257.0,90.0,automatic,15400,Sant Vicenç de Montalt,8394,Barcelona,Sant Vicenç de Montalt
Audi,A1,Diésel,145471.0,90.0,manual,14087,Murcia,30003,Murcia,Murcia
Audi,A1,Diésel,145471.0,90.0,manual,14087,Olèrdola,8734,Barcelona,Olèrdola
Audi,A1,Diésel,145471.0,90.0,manual,14087,Olèrdola,8734,Barcelona,Olèrdola
Audi,A1,Gasolina,67672.0,95.0,manual,13990,Sevilla,41005,Sevilla,Sevilla
Audi,A1,Gasolina,67672.0,95.0,manual,13990,Alicante,3010,Alicante,Alicante
Audi,A1,Gasolina,67672.0,95.0,manual,13990,Alicante,3010,Murcia,Alicante
Audi,A1,Gasolina,67672.0,95.0,manual,13990,Vigo,36211,Pontevedra,Vigo
Nissan,NV300,Diésel,64396.0,95.0,manual,17900,Vigo,36214,Pontevedra,Vigo
Nissan,NV300,Diésel,64396.0,95.0,manual,17900,Saladar,3700,Alicante,Saladar
Nissan,NV300,Diésel,64396.0,95.0,manual,17900,Granollers,8403,Barcelona,Granollers
Audi,A1,Gasolina,67672.0,95.0,manual,13990,Almería,4006,Almería,Almería
Audi,A1,Gasolina,67672.0,95.0,manual,13990,Huelva,21004,Huelva,Huelva
Audi,A1,Gasolina,67672.0,95.0,manual,13990,Sevilla,41017,Sevilla,Sevilla
Audi,A1,Gasolina,67672.0,95.0,manual,13990,Valencia,46001,Valencia,Valencia
Audi,A1,Gasolina,67672.0,95.0,manual,13990,Málaga,29005,Málaga,Málaga
Audi,A1,Gasolina,67672.0,95.0,manual,13990,Badajoz,6003,Badajoz,Badajoz
Audi,A1,Gasolina,14000.0,116.0,manual,20900,Zaragoza,50001,Zaragoza,Zaragoza
Audi,A1,Gasolina,75000.0,95.0,manual,415,Madrid,28006,Madrid,Madrid
Audi,A1,Gasolina,25696.0,125.0,automatic,19990,Madrid,28021,Madrid,Madrid
Audi,A1,Gasolina,25696.0,125.0,automatic,18690,Madrid,28021,Madrid,Madrid
Audi,A1,Diésel,74796.0,90.0,manual,14990,Almería,4006,Almería,Almería
Audi,A1,Diésel,74796.0,90.0,manual,14990,Marbella,29601,Málaga,Marbella
Audi,A1,Diésel,77932.0,116.0,manual,15990,Alicante,3010,Alicante,Alicante
Audi,A1,Diésel,77932.0,116.0,manual,15990,Alicante,3010,Murcia,Alicante
Audi,A1,Diésel,74796.0,90.0,manual,14990,Alicante,3010,Alicante,Alicante
Audi,A1,Diésel,74796.0,90.0,manual,14990,Alicante,3010,Murcia,Alicante
Audi,A1,Diésel,77932.0,116.0,manual,15990,Granada,18005,Granada,Granada
Audi,A1,Diésel,74796.0,90.0,manual,14990,Vigo,36211,Pontevedra,Vigo
Audi,A1,Diésel,77932.0,116.0,manual,15990,Murcia,30005,Murcia,Murcia
Audi,A1,Diésel,74796.0,90.0,manual,14990,Murcia,30005,Murcia,Murcia
Audi,A1,Diésel,77932.0,116.0,manual,15990,Bilbao,48004,Bizkaia,Bilbao
Audi,A1,Diésel,74796.0,90.0,manual,14990,Bilbao,48004,Bizkaia,Bilbao
Audi,A1,Gasolina,64700.0,95.0,manual,17890,Sant Boi de Llobregat,8830,Barcelona,Sant Boi de Llobregat
Audi,A1,Diésel,74796.0,90.0,manual,14990,Algeciras,11202,Cádiz,Algeciras
Audi,A1,Diésel,77932.0,116.0,manual,15990,Jaén,23008,Jaén,Jaén
Audi,Q7,Diésel,232757.0,340.0,automatic,20990,Sevilla,41005,Sevilla,Sevilla
Audi,Q7,Diésel,232757.0,340.0,automatic,20990,Salamanca,37008,Salamanca,Salamanca
Audi,Q7,Diésel,232757.0,340.0,automatic,20990,Salamanca,37008,Salamanca,Salamanca
Audi,Q7,Diésel,232757.0,340.0,automatic,20990,Valladolid,47006,Valladolid,Valladolid
Audi,Q7,Diésel,232757.0,340.0,automatic,20990,Vigo,36211,Pontevedra,Vigo
Audi,Q7,Diésel,232757.0,340.0,automatic,20990,Murcia,30005,Murcia,Murcia
Audi,Q7,Diésel,232757.0,340.0,automatic,20990,Valencia,46001,Valencia,Valencia
Audi,Q7,Diésel,232757.0,340.0,automatic,20990,Granada,18005,Granada,Granada
Audi,Q7,Diésel,232757.0,340.0,automatic,20990,Alicante,3010,Alicante,Alicante
Audi,Q7,Diésel,232757.0,340.0,automatic,20990,Alicante,3010,Murcia,Alicante
Audi,Q7,Diésel,232757.0,340.0,automatic,20990,Cáceres,10001,Cáceres,Cáceres
Audi,Q7,Diésel,232757.0,340.0,automatic,20990,Oviedo,33003,Asturias,Oviedo
Audi,Q7,Diésel,232757.0,340.0,automatic,20990,Burgos,9004,Burgos,Burgos
Audi,Q7,Diésel,232757.0,340.0,automatic,20990,Burgos,9004,Burgos,Burgos
Mazda,MX-5,Gasolina,48904.0,131.0,manual,21045,Puerto de Sagunto,46520,Valencia,Puerto de Sagunto
Mazda,MX-5,Gasolina,48904.0,131.0,manual,21045,Murcia,30003,Murcia,Murcia
Mazda,MX-5,Gasolina,48904.0,131.0,manual,21045,Castello/Castellon de La Plana,12100,Castellón,Castello/Castellon de La Plana
Mazda,MX-5,Gasolina,48904.0,131.0,manual,21045,Alzira,46600,Valencia,Alzira
Mazda,MX-5,Gasolina,48904.0,131.0,manual,21045,Alzira,46600,Valencia,Alzira
Mazda,MX-5,Gasolina,48904.0,131.0,manual,21045,Alcobendas,28100,Madrid,Alcobendas
Mazda,MX-5,Gasolina,48904.0,131.0,manual,21045,Hidraulica Santillana,28770,Madrid,Hidraulica Santillana
Mazda,MX-5,Gasolina,48904.0,131.0,manual,21045,Albacete,2001,Albacete,Albacete
Audi,Q7,Diésel,195793.0,272.0,automatic,33590,Utrera,41710,Sevilla,Utrera
Mazda,6,Diésel,86112.0,150.0,automatic,17700,Santa Coloma de Gramenet,8921,Barcelona,Santa Coloma de Gramenet
Mazda,6,Diésel,86112.0,150.0,automatic,17700,Fornells de la Selva,17458,Girona,Fornells de la Selva
Audi,A4,Diésel,151214.0,150.0,manual,13990,Almería,4006,Almería,Almería
Audi,A4,Diésel,151214.0,150.0,manual,13990,Alicante,3010,Alicante,Alicante
Audi,A4,Diésel,151214.0,150.0,manual,13990,Alicante,3010,Murcia,Alicante
Audi,A4,Diésel,151214.0,150.0,manual,13990,Vigo,36211,Pontevedra,Vigo
Peugeot,807,Diésel,176000.0,120.0,manual,7250,Utrera,41710,Sevilla,Utrera
Audi,A4,Diésel,199751.0,136.0,manual,11990,Málaga,29005,Málaga,Málaga
Audi,A4,Diésel,151214.0,150.0,manual,13990,Murcia,30005,Murcia,Murcia
Audi,A4,Diésel,140000.0,177.0,automatic,18900,Monteagudo,30160,Murcia,Monteagudo
Audi,A4,Diésel,151214.0,150.0,manual,13990,Bilbao,48004,Bizkaia,Bilbao
Volvo,S90,Diésel,117311.0,190.0,automatic,37950,Vigo,36214,Pontevedra,Vigo
Volvo,S90,Diésel,117311.0,190.0,automatic,37950,Saladar,3700,Alicante,Saladar
Audi,A4,Diésel,151214.0,150.0,manual,13990,Ourense,32001,Ourense,Ourense
Audi,A4,Diésel,89000.0,130.0,manual,5999,Alcobendas,28100,Madrid,Alcobendas
Audi,A5,Diésel,195000.0,240.0,manual,16500,Xativa,46800,Valencia,Xativa
Audi,A5,Gasolina,186000.0,160.0,manual,10990,La Pobla de Vallbona,46185,Valencia,La Pobla de Vallbona
Audi,A5,Gasolina,186000.0,160.0,manual,10990,La Pobla de Vallbona,46185,Valencia,La Pobla de Vallbona
Audi,A5,Diésel,46061.0,150.0,manual,460,Barcelona,8007,Barcelona,Barcelona
Audi,A5,Diésel,46061.0,150.0,manual,510,Barcelona,8007,Barcelona,Barcelona
Audi,A5,Diésel,85789.0,190.0,manual,24990,Granada,18005,Granada,Granada
Audi,A5,Diésel,85789.0,190.0,manual,25990,Granada,18005,Granada,Granada
Audi,A5,Diésel,149000.0,190.0,automatic,19340,Urbanizacion La Granjilla,28700,Madrid,Urbanizacion La Granjilla
Audi,A5,Diésel,85789.0,190.0,manual,24990,Badajoz,6003,Badajoz,Badajoz
Audi,A5,Diésel,85789.0,190.0,manual,25990,Badajoz,6003,Badajoz,Badajoz
Audi,A5,Diésel,85789.0,190.0,manual,24990,Málaga,29005,Málaga,Málaga
Audi,A5,Diésel,85789.0,190.0,manual,25990,Málaga,29005,Málaga,Málaga
Audi,A5,Diésel,85789.0,190.0,manual,24990,Murcia,30005,Murcia,Murcia
Audi,A5,Diésel,85789.0,190.0,manual,25990,Murcia,30005,Murcia,Murcia
Audi,A5,Diésel,85789.0,190.0,manual,24990,Cáceres,10001,Cáceres,Cáceres
Audi,A5,Diésel,85789.0,190.0,manual,25990,Cáceres,10001,Cáceres,Cáceres
Audi,A5,Diésel,85789.0,190.0,manual,24990,Córdoba,14003,Córdoba,Córdoba
Audi,A5,Diésel,85789.0,190.0,manual,25990,Córdoba,14003,Córdoba,Córdoba
Audi,A5,Gasolina,76000.0,265.0,automatic,14500,Terrassa,8221,Barcelona,Terrassa
Audi,A5,Diésel,88478.0,190.0,manual,27900,Murcia,30005,Murcia,Murcia
Audi,A5,Diésel,106000.0,150.0,automatic,18990,Almería,4006,Almería,Almería
Audi,A5,Diésel,88478.0,190.0,manual,27900,Almería,4006,Almería,Almería
SEAT,Leon,Gasolina,22926.0,150.0,manual,27700,Santa Coloma de Gramenet,8921,Barcelona,Santa Coloma de Gramenet
SEAT,Leon,Gasolina,63491.0,150.0,automatic,23100,Santa Coloma de Gramenet,8921,Barcelona,Santa Coloma de Gramenet
Audi,A5,Diésel,106000.0,150.0,automatic,18990,Alicante,3010,Alicante,Alicante
Audi,A5,Diésel,106000.0,150.0,automatic,18990,Alicante,3010,Murcia,Alicante
Audi,A5,Diésel,106000.0,150.0,automatic,18990,Marbella,29601,Málaga,Marbella
Audi,A5,Diésel,106000.0,150.0,automatic,18990,Granada,18005,Granada,Granada
Audi,A5,Diésel,88478.0,190.0,manual,27900,Alicante,3010,Alicante,Alicante
Audi,A5,Diésel,88478.0,190.0,manual,27900,Alicante,3010,Murcia,Alicante
Audi,A5,Diésel,88478.0,190.0,manual,27900,Vigo,36211,Pontevedra,Vigo
Audi,A5,Diésel,88478.0,190.0,manual,27900,Granada,18005,Granada,Granada
Audi,A5,Diésel,106000.0,150.0,automatic,18990,Murcia,30005,Murcia,Murcia
Audi,A5,Diésel,106000.0,150.0,automatic,18990,Bilbao,48004,Bizkaia,Bilbao
Audi,A5,Diésel,106000.0,150.0,automatic,18990,Sevilla,41005,Sevilla,Sevilla
Audi,A5,Diésel,102000.0,190.0,automatic,23990,Málaga,29005,Málaga,Málaga
Audi,A5,Diésel,106000.0,150.0,automatic,18990,Málaga,29005,Málaga,Málaga
Audi,A5,Diésel,106000.0,150.0,automatic,18990,Algeciras,11202,Cádiz,Algeciras
Audi,A5,Diésel,88478.0,190.0,manual,27900,Ourense,32001,Ourense,Ourense
Audi,Q2,Diésel,87122.0,116.0,automatic,23800,Murcia,30001,Murcia,Murcia
Audi,Q2,Diésel,87122.0,116.0,automatic,23100,Murcia,30001,Murcia,Murcia
Audi,Q2,Diésel,41725.0,116.0,automatic,27900,Olèrdola,8734,Barcelona,Olèrdola
Audi,Q2,Diésel,41725.0,116.0,automatic,27900,Olèrdola,8734,Barcelona,Olèrdola
Audi,Q2,Diésel,97800.0,116.0,manual,18490,Ullastrell,8231,Barcelona,Ullastrell
Audi,Q2,Diésel,42713.0,116.0,automatic,25875,Mercado Parque Corredor del Henares,28850,Madrid,Mercado Parque Corredor del Henares
Audi,Q2,Diésel,42713.0,116.0,automatic,25875,Granollers,8403,Barcelona,Granollers
Audi,Q2,Diésel,42713.0,116.0,automatic,25875,Alicante,3007,Alicante,Alicante
Audi,Q2,Diésel,42713.0,116.0,automatic,25875,Alzira,46600,Valencia,Alzira
Audi,Q2,Diésel,42713.0,116.0,automatic,25875,Alzira,46600,Valencia,Alzira
Audi,Q2,Diésel,42713.0,116.0,automatic,25875,Las Rozas de Madrid,28232,Madrid,Las Rozas de Madrid
Audi,Q2,Diésel,42713.0,116.0,automatic,25875,Valdepeñas,13300,Ciudad Real,Valdepeñas
Audi,Q2,Diésel,42713.0,116.0,automatic,25875,Valdepeñas,13300,Ciudad Real,Valdepeñas
Audi,Q2,Diésel,42713.0,116.0,automatic,25875,Mercabilbao,48970,Bizkaia,Mercabilbao
Audi,Q2,Diésel,97800.0,116.0,manual,18490,Alicante,3010,Alicante,Alicante
Audi,Q2,Diésel,97800.0,116.0,manual,18490,Alicante,3010,Murcia,Alicante
Audi,Q2,Diésel,97800.0,116.0,manual,18490,Vigo,36211,Pontevedra,Vigo
Toyota,Prius,Eléctrico,180000.0,111.0,automatic,3999,Málaga,29006,Málaga,Málaga
Audi,Q2,Diésel,97800.0,116.0,manual,18490,Granada,18005,Granada,Granada
Audi,Q2,Diésel,97800.0,116.0,manual,18490,Málaga,29005,Málaga,Málaga
Skoda,Kodiaq,Diésel,26453.0,150.0,automatic,36800,Mercabilbao,48970,Bizkaia,Mercabilbao
Skoda,Kodiaq,Diésel,26453.0,150.0,automatic,36800,Valdepeñas,13300,Ciudad Real,Valdepeñas
Skoda,Kodiaq,Diésel,26453.0,150.0,automatic,36800,Valdepeñas,13300,Ciudad Real,Valdepeñas
Skoda,Kodiaq,Diésel,26453.0,150.0,automatic,36800,Olèrdola,8734,Barcelona,Olèrdola
Skoda,Kodiaq,Diésel,26453.0,150.0,automatic,36800,Olèrdola,8734,Barcelona,Olèrdola
Skoda,Kodiaq,Diésel,26453.0,150.0,automatic,36800,Alicante,3007,Alicante,Alicante
Skoda,Kodiaq,Gasolina,34000.0,150.0,automatic,28400,Santa Coloma de Gramenet,8921,Barcelona,Santa Coloma de Gramenet
Audi,Q2,Gasolina,10734.0,150.0,automatic,28999,Madrid,28014,Madrid,Madrid
Audi,Q2,Gasolina,10734.0,150.0,automatic,28999,Barcelona,8007,Barcelona,Barcelona
Rover,75,Diésel,220000.0,131.0,manual,1990,Badajoz,6009,Badajoz,Badajoz
Fiat,Fiorino,Diésel,101703.0,75.0,manual,7990,Valencia,46001,Valencia,Valencia
Fiat,Fiorino,Diésel,101703.0,75.0,manual,7990,Málaga,29005,Málaga,Málaga
Fiat,Fiorino,Diésel,101703.0,75.0,manual,7990,Alicante,3010,Alicante,Alicante
Fiat,Fiorino,Diésel,101703.0,75.0,manual,7990,Alicante,3010,Murcia,Alicante
Chevrolet,Trax,Diésel,130000.0,130.0,manual,9900,Valdemoro,28340,Madrid,Valdemoro
Audi,Q2,Diésel,109531.0,115.0,automatic,23399,Madrid,28014,Madrid,Madrid
Mercedes-Benz,Clase CLS,Gasolina,241000.0,292.0,automatic,9990,Barcelona,8038,Barcelona,Barcelona
Mercedes-Benz,Viano,Diésel,123000.0,163.0,manual,25800,Ugarte,48510,Bizkaia,Ugarte
Mercedes-Benz,Viano,Diésel,128894.0,204.0,automatic,17900,Santa Maria del Aguila,4710,Almería,Santa Maria del Aguila
Mercedes-Benz,Clase R,Diésel,250000.0,224.0,automatic,9990,Madrid,28009,Madrid,Madrid
Audi,Q2,Diésel,87122.0,116.0,automatic,23800,Madrid,28013,Madrid,Madrid
Audi,Q2,Diésel,87122.0,116.0,automatic,23100,Madrid,28013,Madrid,Madrid
Audi,Q2,Diésel,97800.0,116.0,manual,18490,Òrrius,8317,Barcelona,Òrrius
Audi,Q2,Diésel,97800.0,116.0,manual,18490,Palau-Solita I Plegamans,8184,Barcelona,Palau-Solita I Plegamans
Audi,Q2,Diésel,97800.0,116.0,manual,18490,Palau-Solita I Plegamans,8184,Barcelona,Palau-Solita I Plegamans
Audi,Q2,Diésel,66101.0,116.0,automatic,22990,Málaga,29004,Málaga,Málaga
Nissan,NV300,Diésel,23256.0,120.0,manual,21735,Sant Vicenç de Montalt,8394,Barcelona,Sant Vicenç de Montalt
SEAT,Leon,Diésel,248000.0,110.0,manual,7700,Mataró,8302,Barcelona,Mataró
SEAT,Leon,Diésel,248000.0,110.0,manual,7500,Mataró,8302,Barcelona,Mataró
Renault,Fluence,Diésel,160000.0,110.0,manual,5495,Los Combos,28938,Madrid,Los Combos
Skoda,Kamiq,Gasolina,31381.0,110.0,automatic,23100,Santa Coloma de Gramenet,8921,Barcelona,Santa Coloma de Gramenet
Skoda,Kamiq,Gasolina,35814.0,110.0,automatic,22500,Santa Coloma de Gramenet,8921,Barcelona,Santa Coloma de Gramenet
Skoda,Kamiq,Gasolina,30883.0,110.0,manual,22100,Santa Coloma de Gramenet,8921,Barcelona,Santa Coloma de Gramenet
Skoda,Kamiq,Gasolina,32333.0,110.0,manual,21900,Santa Coloma de Gramenet,8921,Barcelona,Santa Coloma de Gramenet
Audi,Q2,Diésel,87122.0,116.0,automatic,23800,Sevilla,41004,Sevilla,Sevilla
Audi,Q2,Diésel,87122.0,116.0,automatic,23100,Sevilla,41004,Sevilla,Sevilla
Audi,Q2,Diésel,87122.0,116.0,automatic,23800,Leganés,28911,Madrid,Leganés
Audi,Q2,Diésel,87122.0,116.0,automatic,23100,Leganés,28911,Madrid,Leganés
Audi,Q2,Diésel,87122.0,116.0,automatic,23800,Donostia-San Sebastián,20005,Gipuzkoa,Donostia-San Sebastián
Audi,Q2,Diésel,87122.0,116.0,automatic,23100,Donostia-San Sebastián,20005,Gipuzkoa,Donostia-San Sebastián
Audi,Q2,Diésel,87122.0,116.0,automatic,23800,Urbanitzacio El Medol,43150,Tarragona,Urbanitzacio El Medol
Audi,Q2,Diésel,87122.0,116.0,automatic,23100,Urbanitzacio El Medol,43150,Tarragona,Urbanitzacio El Medol
Audi,Q2,Diésel,87122.0,116.0,automatic,23800,A Coruña,15003,A Coruña,A Coruña
Audi,Q2,Diésel,87122.0,116.0,automatic,23100,A Coruña,15003,A Coruña,A Coruña
Audi,Q2,Diésel,87122.0,116.0,automatic,23800,Granada,18002,Granada,Granada
Audi,Q2,Diésel,87122.0,116.0,automatic,23100,Granada,18002,Granada,Granada
BMW,Z4,Gasolina,71671.0,170.0,manual,10990,Móstoles,28932,Madrid,Móstoles
BMW,Z4,Gasolina,71671.0,170.0,manual,12490,Móstoles,28932,Madrid,Móstoles
Audi,A6,Gasolina,144000.0,190.0,automatic,22500,Ciudad Deportiva del Jarama,28709,Madrid,Ciudad Deportiva del Jarama
Audi,A6,Diésel,237755.0,155.0,automatic,1750,Paterna,46980,Valencia,Paterna
Audi,A6,Diésel,237755.0,155.0,automatic,1750,Puerto de Sagunto,46520,Valencia,Puerto de Sagunto
Audi,A6,Diésel,89127.0,190.0,manual,24499,Barcelona,8007,Barcelona,Barcelona
Audi,A6,Diésel,89127.0,190.0,manual,24199,Barcelona,8007,Barcelona,Barcelona
Audi,A6,Diésel,163000.0,130.0,manual,3600,Madrid,28002,Madrid,Madrid
Audi,A6,Diésel,145000.0,272.0,automatic,26900,Plataforma Logistica Plaza,50197,Zaragoza,Plataforma Logistica Plaza
Audi,A6,Gasolina,194000.0,250.0,automatic,3990,La Puebla de Alfindén,50171,Zaragoza,La Puebla de Alfindén
Audi,A6,Diésel,217000.0,204.0,automatic,14390,Barcelona,8007,Barcelona,Barcelona
Audi,A6,Diésel,217000.0,204.0,automatic,14390,Madrid,28014,Madrid,Madrid
Audi,A6,Diésel,217000.0,204.0,automatic,14390,Zaragoza,50018,Zaragoza,Zaragoza
Audi,A6,Diésel,218000.0,233.0,automatic,8490,Daganzo de Arriba,28814,Madrid,Daganzo de Arriba
Citroen,DS5,Diésel,130000.0,114.0,automatic,13900,Dos Hermanas,41700,Sevilla,Dos Hermanas
Citroen,DS5,Diésel,99948.0,181.0,automatic,17490,Atarrabia,31610,Navarra,Atarrabia
Citroen,DS5,Diésel,99948.0,181.0,automatic,17490,Paterna,46980,Valencia,Paterna
Citroen,DS5,Diésel,99948.0,181.0,automatic,17490,Saladar,3700,Alicante,Saladar
Citroen,DS5,Diésel,99948.0,181.0,automatic,17490,Getafe,28906,Madrid,Getafe
Citroen,DS5,Diésel,99948.0,181.0,automatic,17490,Hidraulica Santillana,28770,Madrid,Hidraulica Santillana
Citroen,DS5,Diésel,99948.0,181.0,automatic,17490,Alicante,3007,Alicante,Alicante
Citroen,C5 Aircross,Diésel,75575.0,177.0,automatic,24490,Òrrius,8317,Barcelona,Òrrius
Citroen,C5 Aircross,Diésel,75575.0,177.0,automatic,24490,Vigo,36211,Pontevedra,Vigo
Citroen,C5 Aircross,Diésel,75575.0,177.0,automatic,24490,Ullastrell,8231,Barcelona,Ullastrell
Citroen,C5 Aircross,Diésel,75575.0,177.0,automatic,24490,Murcia,30005,Murcia,Murcia
Citroen,C5 Aircross,Diésel,75575.0,177.0,automatic,24490,Valencia,46001,Valencia,Valencia
Citroen,C5 Aircross,Diésel,75575.0,177.0,automatic,24490,Granada,18005,Granada,Granada
Citroen,C5 Aircross,Diésel,75575.0,177.0,automatic,24490,Bilbao,48004,Bizkaia,Bilbao
Nissan,Qashqai,Diésel,190000.0,150.0,automatic,10999,Arbuio,48810,Bizkaia,Arbuio
Opel,Cabrio,Gasolina,81577.0,170.0,automatic,14500,Valdepeñas,13300,Ciudad Real,Valdepeñas
Opel,Cabrio,Gasolina,81577.0,170.0,automatic,14500,Valdepeñas,13300,Ciudad Real,Valdepeñas
Opel,Cabrio,Gasolina,81577.0,170.0,automatic,14500,Murcia,30003,Murcia,Murcia
Opel,Cabrio,Gasolina,81577.0,170.0,automatic,14500,Atarrabia,31610,Navarra,Atarrabia
Opel,Cabrio,Gasolina,81577.0,170.0,automatic,14500,Sant Vicenç de Montalt,8394,Barcelona,Sant Vicenç de Montalt
Opel,Cabrio,Gasolina,81577.0,170.0,automatic,14500,Santa Maria del Aguila,4710,Almería,Santa Maria del Aguila
Opel,Cabrio,Gasolina,81577.0,170.0,automatic,14500,Mercabilbao,48970,Bizkaia,Mercabilbao
Opel,Cabrio,Gasolina,81577.0,170.0,automatic,14500,Saladar,3700,Alicante,Saladar
Opel,Cabrio,Gasolina,81577.0,170.0,automatic,14500,Estepona,29680,Málaga,Estepona
Opel,Cabrio,Gasolina,81577.0,170.0,automatic,14500,Albacete,2001,Albacete,Albacete
Opel,Cabrio,Gasolina,81577.0,170.0,automatic,14500,Alicante,3007,Alicante,Alicante
Opel,Cabrio,Gasolina,81577.0,170.0,automatic,14500,Colonia Pablo Iglesias,28520,Madrid,Colonia Pablo Iglesias
Lexus,CT,Otros,23562.0,136.0,automatic,24900,Barcelona,8017,Barcelona,Barcelona
Lexus,GS,Eléctrico,48965.0,223.0,automatic,30950,Santa Maria del Aguila,4710,Almería,Santa Maria del Aguila
Lexus,GS,Eléctrico,48965.0,223.0,automatic,30950,Paterna,46980,Valencia,Paterna
Lexus,GS,Eléctrico,48965.0,223.0,automatic,30950,Puerto de Sagunto,46520,Valencia,Puerto de Sagunto
Lexus,GS,Eléctrico,48965.0,223.0,automatic,30950,Badajoz,6008,Badajoz,Badajoz
Lexus,GS,Eléctrico,48965.0,223.0,automatic,30950,Santafe,18320,Granada,Santafe
Lexus,GS,Eléctrico,48965.0,223.0,automatic,30950,Murcia,30003,Murcia,Murcia
Lexus,GS,Eléctrico,48965.0,223.0,automatic,30950,Olèrdola,8734,Barcelona,Olèrdola
Lexus,GS,Eléctrico,48965.0,223.0,automatic,30950,Olèrdola,8734,Barcelona,Olèrdola
Lexus,GS,Eléctrico,48965.0,223.0,automatic,30950,Sant Vicenç de Montalt,8394,Barcelona,Sant Vicenç de Montalt
Lexus,GS,Eléctrico,48965.0,223.0,automatic,30950,Hidraulica Santillana,28770,Madrid,Hidraulica Santillana
Lexus,GS,Eléctrico,48965.0,223.0,automatic,30950,Albacete,2001,Albacete,Albacete
Lexus,GS,Eléctrico,48965.0,223.0,automatic,30950,Alzira,46600,Valencia,Alzira
Lexus,GS,Eléctrico,48965.0,223.0,automatic,30950,Alzira,46600,Valencia,Alzira
Lexus,GS,Eléctrico,48965.0,223.0,automatic,30950,Castello/Castellon de La Plana,12100,Castellón,Castello/Castellon de La Plana
Lexus,GS,Eléctrico,48965.0,223.0,automatic,30950,Alicante,3007,Alicante,Alicante
Lexus,GS,Eléctrico,48965.0,223.0,automatic,30950,Colonia Pablo Iglesias,28520,Madrid,Colonia Pablo Iglesias
Lexus,GS,Eléctrico,48965.0,223.0,automatic,30950,Las Rozas de Madrid,28232,Madrid,Las Rozas de Madrid
Lexus,GS,Eléctrico,48965.0,223.0,automatic,30950,Torremolinos,29620,Málaga,Torremolinos
Lexus,GS,Eléctrico,48965.0,223.0,automatic,30950,Torremolinos,29620,Málaga,Torremolinos
Lexus,GS,Eléctrico,48965.0,223.0,automatic,30950,Torremolinos,29620,Málaga,Torremolinos
KIA,Venga,Gasolina,118740.0,90.0,manual,6990,Sevilla,41005,Sevilla,Sevilla
KIA,Venga,Gasolina,118740.0,90.0,manual,6990,Almería,4006,Almería,Almería
KIA,Venga,Gasolina,118740.0,90.0,manual,6990,Bilbao,48004,Bizkaia,Bilbao
KIA,XCeed,Gasolina,34270.0,120.0,manual,19900,Sevilla,41006,Sevilla,Sevilla
Nissan,NP300 Navara,Diésel,180000.0,160.0,manual,25999,Arbuio,48810,Bizkaia,Arbuio
Citroen,DS5,Diésel,99948.0,181.0,automatic,17490,Mercado Parque Corredor del Henares,28850,Madrid,Mercado Parque Corredor del Henares
Citroen,DS5,Diésel,99948.0,181.0,automatic,17490,Albacete,2001,Albacete,Albacete
Citroen,DS5,Diésel,99948.0,181.0,automatic,17490,Olèrdola,8734,Barcelona,Olèrdola
Citroen,DS5,Diésel,99948.0,181.0,automatic,17490,Olèrdola,8734,Barcelona,Olèrdola
Citroen,DS5,Diésel,99948.0,181.0,automatic,17490,Vigo,36214,Pontevedra,Vigo
Infiniti,Q70,Diésel,92888.0,170.0,automatic,15799,Madrid,28014,Madrid,Madrid
Infiniti,Q70,Diésel,92888.0,170.0,automatic,15799,Barcelona,8007,Barcelona,Barcelona
Nissan,Primera,Diésel,170000.0,120.0,manual,2690,Terrassa,8221,Barcelona,Terrassa
Nissan,Primera,Diésel,237000.0,140.0,manual,2800,Orilla del Azarbe,30163,Murcia,Orilla del Azarbe
Hyundai,IONIQ,Eléctrico,19258.0,141.0,automatic,26910,Santa Maria del Aguila,4710,Almería,Santa Maria del Aguila
Hyundai,IONIQ,Eléctrico,19258.0,141.0,automatic,26910,Mercabilbao,48970,Bizkaia,Mercabilbao
Hyundai,IONIQ,Eléctrico,19258.0,141.0,automatic,26910,Saladar,3700,Alicante,Saladar
Hyundai,IONIQ,Eléctrico,19258.0,141.0,automatic,26910,Estepona,29680,Málaga,Estepona
Hyundai,IONIQ,Eléctrico,19258.0,141.0,automatic,26910,Santafe,18320,Granada,Santafe
Hyundai,IONIQ,Eléctrico,19258.0,141.0,automatic,26910,Vigo,36214,Pontevedra,Vigo
Hyundai,IONIQ,Eléctrico,19258.0,141.0,automatic,26910,Atarrabia,31610,Navarra,Atarrabia
Hyundai,IONIQ,Eléctrico,24086.0,141.0,automatic,24725,Sant Vicenç de Montalt,8394,Barcelona,Sant Vicenç de Montalt
Hyundai,IONIQ,Eléctrico,19258.0,141.0,automatic,26910,Ciudad Real,13003,Ciudad Real,Ciudad Real
Hyundai,IONIQ,Eléctrico,19258.0,141.0,automatic,26910,Hidraulica Santillana,28770,Madrid,Hidraulica Santillana
Hyundai,IONIQ,Eléctrico,19258.0,141.0,automatic,26910,Alzira,46600,Valencia,Alzira
Hyundai,IONIQ,Eléctrico,19258.0,141.0,automatic,26910,Alzira,46600,Valencia,Alzira
Hyundai,IONIQ,Eléctrico,19258.0,141.0,automatic,26910,Alicante,3007,Alicante,Alicante
Hyundai,IONIQ,Eléctrico,19258.0,141.0,automatic,26910,Alameda del Obispo,14005,Córdoba,Alameda del Obispo
Hyundai,Elantra,Gasolina,88863.0,128.0,manual,14375,Puerto de Sagunto,46520,Valencia,Puerto de Sagunto
Hyundai,Elantra,Gasolina,88863.0,128.0,manual,14375,Murcia,30003,Murcia,Murcia
Hyundai,Elantra,Gasolina,88863.0,128.0,manual,14375,Santiago de Compostela,15703,A Coruña,Santiago de Compostela
Hyundai,Elantra,Gasolina,88863.0,128.0,manual,14375,Alzira,46600,Valencia,Alzira
Hyundai,Elantra,Gasolina,88863.0,128.0,manual,14375,Alzira,46600,Valencia,Alzira
Hyundai,Elantra,Gasolina,88863.0,128.0,manual,14375,Castello/Castellon de La Plana,12100,Castellón,Castello/Castellon de La Plana
Hyundai,Elantra,Gasolina,88863.0,128.0,manual,14375,Las Rozas de Madrid,28232,Madrid,Las Rozas de Madrid
Honda,CR-Z,Gasolina,125000.0,125.0,manual,3990,La Puebla de Alfindén,50171,Zaragoza,La Puebla de Alfindén
Dodge,Nitro,Diésel,185000.0,177.0,manual,6999,Sabadell,8203,Barcelona,Sabadell
Dodge,Nitro,Diésel,185000.0,177.0,manual,9999,Sabadell,8203,Barcelona,Sabadell
CUPRA,Born,Eléctrico,15435.0,204.0,automatic,38999,Fornells de la Selva,17458,Girona,Fornells de la Selva
Citroen,C1,Gasolina,52559.0,82.0,manual,11599,Barcelona,8007,Barcelona,Barcelona
Citroen,C-Zero,Eléctrico,25000.0,67.0,automatic,13500,L'Hospitalet de Llobregat,8901,Barcelona,L'Hospitalet de Llobregat
Citroen,SpaceTourer,Diésel,78000.0,150.0,manual,30900,Mataró,8302,Barcelona,Mataró
Citroen,SpaceTourer,Diésel,61220.0,150.0,manual,32290,Sevilla,41005,Sevilla,Sevilla
Nissan,NV200,Diésel,117200.0,90.0,manual,14700,Trapaga-Causo,48510,Bizkaia,Trapaga-Causo
SsangYong,Korando,Diésel,141119.0,175.0,automatic,11872,Saladar,3700,Alicante,Saladar
BMW,X6,Diésel,231000.0,286.0,automatic,17990,Sevilla,41003,Sevilla,Sevilla
Fiat,Panda,Gasolina,63220.0,69.0,manual,9900,Santa Coloma de Gramenet,8921,Barcelona,Santa Coloma de Gramenet
Fiat,Panda,Gasolina,64882.0,69.0,manual,9900,Santa Coloma de Gramenet,8921,Barcelona,Santa Coloma de Gramenet
Citroen,DS5,Diésel,99948.0,181.0,automatic,17490,Puerto de Sagunto,46520,Valencia,Puerto de Sagunto
Citroen,DS5,Diésel,99948.0,181.0,automatic,17490,Granollers,8403,Barcelona,Granollers
Citroen,DS5,Diésel,99948.0,181.0,automatic,17490,Santafe,18320,Granada,Santafe
Citroen,DS5,Diésel,99948.0,181.0,automatic,17490,Colonia Pablo Iglesias,28520,Madrid,Colonia Pablo Iglesias
Ford,Tourneo Connect,Diésel,63000.0,120.0,automatic,23900,Mataró,8302,Barcelona,Mataró
Volkswagen,Caravelle,Diésel,270000.0,140.0,manual,24900,Valencia,46010,Valencia,Valencia
Volkswagen,Caravelle,Diésel,308000.0,174.0,automatic,10990,Gamarra Menor,1510,Álava,Gamarra Menor
Volkswagen,Caravelle,Diésel,308000.0,174.0,automatic,10990,Gamarra Menor,1510,Álava,Gamarra Menor
Volkswagen,Caravelle,Diésel,308000.0,174.0,automatic,10990,Gamarra Menor,1510,Álava,Gamarra Menor
DS,7 CROSSBACK,Diésel,68015.0,177.0,automatic,30999,Sevilla,41007,Sevilla,Sevilla
DS,7 CROSSBACK,Diésel,83000.0,177.0,automatic,27999,Bilbao,48004,Bizkaia,Bilbao
DS,5,Diésel,37000.0,120.0,manual,15900,Vilafranca del Penedès,8720,Barcelona,Vilafranca del Penedès
Toyota,Urban Cruiser,Diésel,122938.0,90.0,manual,9190,Torrejón de Ardoz,28850,Madrid,Torrejón de Ardoz
Toyota,Urban Cruiser,Gasolina,149999.0,100.0,manual,6990,Fuenlabrada,28946,Madrid,Fuenlabrada
Toyota,Urban Cruiser,Gasolina,149999.0,100.0,manual,6790,Fuenlabrada,28946,Madrid,Fuenlabrada
Toyota,Urban Cruiser,Gasolina,140700.0,100.0,manual,8800,Palmera,46714,Valencia,Palmera
Toyota,Yaris Cross,Eléctrico,12822.0,116.0,automatic,27890,Leganés,28916,Madrid,Leganés
Toyota,Yaris Cross,Eléctrico,12822.0,116.0,automatic,27890,Madrid,28046,Madrid,Madrid
Toyota,Yaris Cross,Eléctrico,12822.0,116.0,automatic,27890,Las Rozas de Madrid,28232,Madrid,Las Rozas de Madrid
Toyota,Yaris Cross,Eléctrico,12822.0,116.0,automatic,27890,Alcobendas,28100,Madrid,Alcobendas
Lancia,Delta,Gasolina,97800.0,200.0,automatic,12500,Los Montesinos,3187,Alicante,Los Montesinos
Lancia,Delta,Diésel,98000.0,120.0,manual,10490,Molins de Rei,8750,Barcelona,Molins de Rei
Lancia,Kappa,Gasolina,184575.0,175.0,manual,800,Robledo de Chavela,28294,Madrid,Robledo de Chavela
Lancia,Voyager,Diésel,260.0,163.0,automatic,9500,Sagunt/Sagunto,46500,Valencia,Sagunt/Sagunto
Dacia,Spring,Eléctrico,1.0,45.0,automatic,21290,Cieza,30530,Murcia,Cieza
Dacia,Logan,Otros,38463.0,90.0,manual,13685,Santa Maria del Aguila,4710,Almería,Santa Maria del Aguila
Dacia,Logan,Otros,38463.0,90.0,manual,13685,Ciudad Real,13003,Ciudad Real,Ciudad Real
Dacia,Logan,Otros,38463.0,90.0,manual,13685,Santiago de Compostela,15703,A Coruña,Santiago de Compostela
Dacia,Logan,Otros,38463.0,90.0,manual,13685,Valdepeñas,13300,Ciudad Real,Valdepeñas
Dacia,Logan,Otros,38463.0,90.0,manual,13685,Valdepeñas,13300,Ciudad Real,Valdepeñas
Dacia,Logan,Otros,38463.0,90.0,manual,13685,Saladar,3700,Alicante,Saladar
Dacia,Logan,Otros,38463.0,90.0,manual,13685,Vigo,36214,Pontevedra,Vigo
Dacia,Logan,Otros,38463.0,90.0,manual,13685,Sant Vicenç de Montalt,8394,Barcelona,Sant Vicenç de Montalt
Dacia,Logan,Otros,38463.0,90.0,manual,13685,Murcia,30003,Murcia,Murcia
Dacia,Logan,Otros,38463.0,90.0,manual,13685,Olèrdola,8734,Barcelona,Olèrdola
Dacia,Logan,Otros,38463.0,90.0,manual,13685,Olèrdola,8734,Barcelona,Olèrdola
Dacia,Sandero,Gasolina,16694.0,73.0,manual,12990,Madrid,28021,Madrid,Madrid
Dacia,Sandero,Gasolina,44115.0,73.0,manual,12247,Torremolinos,29620,Málaga,Torremolinos
Dacia,Sandero,Gasolina,44115.0,73.0,manual,12247,Torremolinos,29620,Málaga,Torremolinos
Dacia,Sandero,Gasolina,44115.0,73.0,manual,12247,Torremolinos,29620,Málaga,Torremolinos
Dacia,Sandero,Gasolina,43000.0,91.0,manual,13990,Almería,4006,Almería,Almería
Dacia,Sandero,Gasolina,43000.0,91.0,manual,13990,Ullastrell,8231,Barcelona,Ullastrell
Dacia,Sandero,Gasolina,43000.0,91.0,manual,13990,Alicante,3010,Alicante,Alicante
Dacia,Sandero,Gasolina,43000.0,91.0,manual,13990,Alicante,3010,Murcia,Alicante
Dacia,Sandero,Gasolina,43000.0,91.0,manual,13990,Vigo,36211,Pontevedra,Vigo
Chevrolet,Cruze,Diésel,132698.0,163.0,automatic,8290,Las Rozas de Madrid,28232,Madrid,Las Rozas de Madrid
Chevrolet,Cruze,Diésel,285000.0,163.0,automatic,2400,Poligono Industrial Aimayr,28330,Madrid,Poligono Industrial Aimayr
Chevrolet,Nubira,Gasolina,170963.0,121.0,manual,3990,Las Rozas de Madrid,28232,Madrid,Las Rozas de Madrid
Chevrolet,Nubira,Gasolina,170963.0,121.0,manual,3990,Alcobendas,28100,Madrid,Alcobendas
Chevrolet,Captiva,Diésel,138483.0,184.0,automatic,12400,Estepona,29680,Málaga,Estepona
Chevrolet,Captiva,Diésel,124743.0,185.0,manual,11599,Madrid,28014,Madrid,Madrid
Chevrolet,Captiva,Diésel,124743.0,185.0,manual,11499,Madrid,28014,Madrid,Madrid
Chevrolet,Spark,Gasolina,153738.0,82.0,manual,5399,Barcelona,8007,Barcelona,Barcelona
Chevrolet,Spark,Gasolina,79052.0,68.0,manual,4890,Sevilla,41006,Sevilla,Sevilla
Chevrolet,Orlando,Diésel,74533.0,163.0,automatic,12950,Granollers,8403,Barcelona,Granollers
Chevrolet,Orlando,Diésel,74533.0,163.0,automatic,12950,Estepona,29680,Málaga,Estepona
Chevrolet,Orlando,Diésel,74533.0,163.0,automatic,12950,Valdepeñas,13300,Ciudad Real,Valdepeñas
Chevrolet,Orlando,Diésel,74533.0,163.0,automatic,12950,Valdepeñas,13300,Ciudad Real,Valdepeñas
Chevrolet,Orlando,Diésel,74533.0,163.0,automatic,12950,Saladar,3700,Alicante,Saladar
Chevrolet,Orlando,Diésel,74533.0,163.0,automatic,12950,Collado Villalba,28400,Madrid,Collado Villalba
Chevrolet,Orlando,Diésel,74533.0,163.0,automatic,12950,Collado Villalba,28400,Madrid,Collado Villalba
Chevrolet,Orlando,Diésel,74533.0,163.0,automatic,12950,Santa Maria del Aguila,4710,Almería,Santa Maria del Aguila
Chevrolet,Orlando,Diésel,74533.0,163.0,automatic,12950,Alameda del Obispo,14005,Córdoba,Alameda del Obispo
Chevrolet,Corvette,Gasolina,23036.0,181.0,manual,20000,Collado Villalba,28400,Madrid,Collado Villalba
Chevrolet,Corvette,Gasolina,23036.0,181.0,manual,20000,Collado Villalba,28400,Madrid,Collado Villalba
Chevrolet,Corvette,Gasolina,23036.0,181.0,manual,20000,Getafe,28901,Madrid,Getafe
Chevrolet,Corvette,Gasolina,23036.0,181.0,manual,20000,Hidraulica Santillana,28770,Madrid,Hidraulica Santillana
Chevrolet,Corvette,Gasolina,23036.0,181.0,manual,20000,Las Matas,28290,Madrid,Las Matas
Chevrolet,Corvette,Gasolina,72000.0,235.0,automatic,13990,Piera,8784,Barcelona,Piera
Citroen,C4 Aircross,Diésel,126667.0,114.0,manual,12350,Atarrabia,31610,Navarra,Atarrabia
Citroen,C4 Aircross,Diésel,140381.0,114.0,manual,11990,Bilbao,48004,Bizkaia,Bilbao
Citroen,C6,Diésel,129000.0,170.0,automatic,7990,Leganés,28915,Madrid,Leganés
Citroen,C6,Diésel,129000.0,170.0,automatic,7990,Murcia,30004,Murcia,Murcia
Citroen,C6,Diésel,129000.0,170.0,automatic,7990,Parla,28700,Madrid,Parla
Citroen,C6,Diésel,129000.0,170.0,automatic,7990,Alcorcón,28924,Madrid,Alcorcón
Citroen,C6,Diésel,129000.0,170.0,automatic,7990,Getafe,28903,Madrid,Getafe
Citroen,C6,Diésel,129000.0,170.0,automatic,7990,Valencia,28943,Madrid,Valencia
Citroen,Grand C4 Picasso,Diésel,176906.0,115.0,manual,12300,Santiago de Compostela,15703,A Coruña,Santiago de Compostela
Citroen,Grand C4 Picasso,Diésel,176906.0,115.0,manual,12300,Valdepeñas,13300,Ciudad Real,Valdepeñas
Citroen,Grand C4 Picasso,Diésel,176906.0,115.0,manual,12300,Valdepeñas,13300,Ciudad Real,Valdepeñas
Citroen,Grand C4 Picasso,Diésel,176906.0,115.0,manual,12300,Ciudad Real,13003,Ciudad Real,Ciudad Real
Citroen,Grand C4 Picasso,Diésel,176906.0,115.0,manual,12300,Sant Vicenç de Montalt,8394,Barcelona,Sant Vicenç de Montalt
Citroen,Grand C4 Picasso,Diésel,142623.0,100.0,manual,12990,Sevilla,41005,Sevilla,Sevilla
Citroen,C3,Diésel,337401.0,92.0,manual,1640,Madrid,28026,Madrid,Madrid
Citroen,C3,Diésel,131263.0,70.0,manual,2480,Madrid,28026,Madrid,Madrid
Citroen,C3,Diésel,73000.0,99.0,manual,324,Valencia,46005,Valencia,Valencia
Citroen,C3,Gasolina,46000.0,81.0,manual,294,Madrid,28006,Madrid,Madrid
Citroen,C3,Gasolina,39000.0,82.0,manual,12995,Arganda del Rey,28500,Madrid,Arganda del Rey
Citroen,C3,Gasolina,20907.0,110.0,manual,16490,Madrid,28021,Madrid,Madrid
Citroen,C3,Gasolina,24888.0,68.0,manual,11690,Madrid,28021,Madrid,Madrid
Citroen,C-Élysée,Gasolina,79738.0,82.0,manual,10990,Madrid,28021,Madrid,Madrid
Citroen,C-Élysée,Diésel,55080.0,102.0,manual,13800,Santiago de Compostela,15703,A Coruña,Santiago de Compostela
Citroen,C-Élysée,Diésel,55080.0,102.0,manual,13800,Mercado Parque Corredor del Henares,28850,Madrid,Mercado Parque Corredor del Henares
Citroen,C-Élysée,Diésel,55080.0,102.0,manual,13800,Valdepeñas,13300,Ciudad Real,Valdepeñas
Citroen,C-Élysée,Diésel,55080.0,102.0,manual,13800,Valdepeñas,13300,Ciudad Real,Valdepeñas
Citroen,C-Élysée,Diésel,55080.0,102.0,manual,13800,Ciudad Real,13003,Ciudad Real,Ciudad Real
Citroen,C-Élysée,Diésel,55080.0,102.0,manual,13800,Estepona,29680,Málaga,Estepona
Citroen,C-Élysée,Diésel,55080.0,102.0,manual,13800,Santa Maria del Aguila,4710,Almería,Santa Maria del Aguila
Citroen,C-Élysée,Diésel,55080.0,102.0,manual,13800,Olèrdola,8734,Barcelona,Olèrdola
Citroen,C-Élysée,Diésel,55080.0,102.0,manual,13800,Olèrdola,8734,Barcelona,Olèrdola
Citroen,C-Élysée,Diésel,55080.0,102.0,manual,13800,Alameda del Obispo,14005,Córdoba,Alameda del Obispo
Citroen,DS4,Diésel,159550.0,181.0,automatic,13950,Sant Boi de Llobregat,8830,Barcelona,Sant Boi de Llobregat
Citroen,DS4,Diésel,121419.0,92.0,manual,11550,Granollers,8403,Barcelona,Granollers
Citroen,DS4,Diésel,121419.0,92.0,manual,11550,Estepona,29680,Málaga,Estepona
Citroen,C5 Aircross,Diésel,51079.0,131.0,manual,26490,Madrid,28021,Madrid,Madrid
Citroen,C5 Aircross,Diésel,102000.0,177.0,automatic,18990,Sevilla,41005,Sevilla,Sevilla
Citroen,C5 Aircross,Diésel,102000.0,177.0,automatic,18990,Bilbao,48004,Bizkaia,Bilbao
Citroen,C5 Aircross,Diésel,102000.0,177.0,automatic,18990,Vigo,36211,Pontevedra,Vigo
Citroen,C1,Gasolina,71560.0,72.0,automatic,12590,Madrid,28021,Madrid,Madrid
Citroen,C1,Gasolina,71560.0,72.0,automatic,12290,Madrid,28021,Madrid,Madrid
Citroen,C1,Gasolina,40796.0,72.0,manual,11900,Mairena del Aljarafe,41927,Sevilla,Mairena del Aljarafe
Citroen,C1,Gasolina,20876.0,72.0,manual,14892,Badajoz,6008,Badajoz,Badajoz
Citroen,DS5,Diésel,172996.0,179.0,automatic,13490,Gijón,33206,Asturias,Gijón
Citroen,DS5,Diésel,172996.0,179.0,automatic,12390,Valencia,46002,Valencia,Valencia
Citroen,DS5,Diésel,172996.0,179.0,automatic,12390,Sant Boi de Llobregat,8830,Barcelona,Sant Boi de Llobregat
Citroen,DS5,Diésel,172996.0,179.0,automatic,12390,Torrejón de Ardoz,28850,Madrid,Torrejón de Ardoz
CUPRA,Formentor,Gasolina,48620.0,150.0,automatic,25990,Mollet del Vallès,8100,Barcelona,Mollet del Vallès
Honda,Jazz,Gasolina,67379.0,100.0,manual,13999,Madrid,28014,Madrid,Madrid
Honda,Jazz,Gasolina,67379.0,100.0,manual,13899,Madrid,28014,Madrid,Madrid
Honda,Jazz,Gasolina,12580.0,102.0,automatic,18400,Zaragoza,50013,Zaragoza,Zaragoza
Hyundai,IONIQ,Eléctrico,38672.0,141.0,automatic,19550,Torremolinos,29620,Málaga,Torremolinos
Hyundai,IONIQ,Eléctrico,38672.0,141.0,automatic,19550,Torremolinos,29620,Málaga,Torremolinos
Hyundai,IONIQ,Eléctrico,38672.0,141.0,automatic,19550,Torremolinos,29620,Málaga,Torremolinos
Hyundai,Trajet,Diésel,232000.0,112.0,manual,4890,Barbastro,22300,Huesca,Barbastro
Hyundai,Trajet,Diésel,232000.0,112.0,manual,4990,Barbastro,22300,Huesca,Barbastro
Hyundai,Trajet,Gasolina,93000.0,136.0,manual,4850,Barcelona,8007,Barcelona,Barcelona
Hyundai,Trajet,Gasolina,93000.0,136.0,manual,4500,Barcelona,8007,Barcelona,Barcelona
Hyundai,Sonata,Diésel,148237.0,140.0,manual,6500,Zaragoza,50013,Zaragoza,Zaragoza
Hyundai,Getz,Gasolina,119777.0,66.0,manual,2190,Madrid,28026,Madrid,Madrid
Hyundai,i30,Diésel,110000.0,115.0,manual,332,Barcelona,8007,Barcelona,Barcelona
Hyundai,i30,Diésel,110000.0,115.0,manual,337,Barcelona,8009,Barcelona,Barcelona
Hyundai,i30,Gasolina,126583.0,100.0,manual,10190,Madrid,28021,Madrid,Madrid
Hyundai,i30,Diésel,79257.0,90.0,manual,12420,Santiago de Compostela,15703,A Coruña,Santiago de Compostela
Hyundai,i30,Diésel,53170.0,90.0,manual,12935,Santiago de Compostela,15703,A Coruña,Santiago de Compostela
Hyundai,i30,Diésel,79257.0,90.0,manual,12420,Valdepeñas,13300,Ciudad Real,Valdepeñas
Hyundai,i30,Diésel,79257.0,90.0,manual,12420,Valdepeñas,13300,Ciudad Real,Valdepeñas
Hyundai,i30,Diésel,79257.0,90.0,manual,12420,Ciudad Real,13003,Ciudad Real,Ciudad Real
Hyundai,i30,Diésel,79257.0,90.0,manual,12420,Estepona,29680,Málaga,Estepona
Hyundai,Kona,Gasolina,44455.0,120.0,manual,17825,Santa Maria del Aguila,4710,Almería,Santa Maria del Aguila
Hyundai,Kona,Gasolina,44455.0,120.0,manual,17825,Granollers,8403,Barcelona,Granollers
Hyundai,XG,Gasolina,78000.0,197.0,automatic,3750,Alcobendas,28100,Madrid,Alcobendas
Hyundai,Santa Fe,Diésel,52646.0,200.0,automatic,34890,Madrid,28021,Madrid,Madrid
Hyundai,Grand Santa Fe,Diésel,146370.0,197.0,automatic,20900,Zaragoza,50013,Zaragoza,Zaragoza
Hyundai,Grand Santa Fe,Diésel,146370.0,197.0,automatic,20900,Sant Vicenç de Montalt,8394,Barcelona,Sant Vicenç de Montalt
Hyundai,H350,Diésel,205000.0,150.0,manual,11600,Poligono Industrial San Fernando,28830,Madrid,Poligono Industrial San Fernando
Hyundai,H350,Diésel,69385.0,150.0,manual,16990,Vilagarcía de Arousa,36600,Pontevedra,Vilagarcía de Arousa
Hyundai,H350,Diésel,69385.0,150.0,manual,16890,Vilagarcía de Arousa,36600,Pontevedra,Vilagarcía de Arousa
Hyundai,H350,Diésel,69385.0,150.0,manual,16990,A Coruña,15005,A Coruña,A Coruña
Hyundai,H350,Diésel,69385.0,150.0,manual,16890,A Coruña,15005,A Coruña,A Coruña
Mercedes-Benz,SL,Gasolina,118264.0,306.0,automatic,36490,Fuenlabrada,28946,Madrid,Fuenlabrada
Jaguar,XF,Diésel,170477.0,180.0,automatic,21735,Santa Maria del Aguila,4710,Almería,Santa Maria del Aguila
Jaguar,XF,Diésel,52334.0,180.0,automatic,25289,Santa Maria del Aguila,4710,Almería,Santa Maria del Aguila
Jaguar,XF,Diésel,170477.0,180.0,automatic,21735,Ciudad Real,13003,Ciudad Real,Ciudad Real
Jaguar,XF,Diésel,170477.0,180.0,automatic,21735,Santiago de Compostela,15703,A Coruña,Santiago de Compostela
Jaguar,XF,Diésel,170477.0,180.0,automatic,21735,Valdepeñas,13300,Ciudad Real,Valdepeñas
Jaguar,XF,Diésel,170477.0,180.0,automatic,21735,Valdepeñas,13300,Ciudad Real,Valdepeñas
Jaguar,XF,Diésel,170477.0,180.0,automatic,21735,Saladar,3700,Alicante,Saladar
Jaguar,XF,Diésel,170477.0,180.0,automatic,21735,Mercado Parque Corredor del Henares,28850,Madrid,Mercado Parque Corredor del Henares
Mercedes-Benz,Clase CLS,Gasolina,199000.0,292.0,automatic,12950,Coiros de Arriba,15316,A Coruña,Coiros de Arriba
Jaguar,F-Pace,Diésel,107194.0,180.0,automatic,31912,Santa Maria del Aguila,4710,Almería,Santa Maria del Aguila
Jaguar,F-Pace,Diésel,107194.0,180.0,automatic,31912,Santiago de Compostela,15703,A Coruña,Santiago de Compostela
Jaguar,F-Pace,Diésel,107194.0,180.0,automatic,31912,Valdepeñas,13300,Ciudad Real,Valdepeñas
Jaguar,F-Pace,Diésel,107194.0,180.0,automatic,31912,Valdepeñas,13300,Ciudad Real,Valdepeñas
Jaguar,F-Pace,Diésel,107194.0,180.0,automatic,31912,Saladar,3700,Alicante,Saladar
Dacia,Dokker,Diésel,90000.0,75.0,manual,187,Madrid,28009,Madrid,Madrid
Dacia,Dokker,Otros,35481.0,109.0,manual,13590,Madrid,28021,Madrid,Madrid
Dacia,Dokker,Otros,98000.0,98.0,manual,10990,Alicante,3010,Alicante,Alicante
Dacia,Dokker,Otros,98000.0,98.0,manual,10990,Alicante,3010,Murcia,Alicante
Dacia,Dokker,Otros,98000.0,98.0,manual,10990,Almería,4006,Almería,Almería
Dacia,Dokker,Otros,98000.0,98.0,manual,10990,Ullastrell,8231,Barcelona,Ullastrell
Dacia,Jogger,Otros,6600.0,101.0,manual,269,Alzira,46600,Valencia,Alzira
Dacia,Jogger,Otros,6600.0,101.0,manual,269,Alzira,46600,Valencia,Alzira
Dacia,Jogger,Otros,12222.0,100.0,manual,19750,Esplugues de Llobregat,8950,Barcelona,Esplugues de Llobregat
Mercedes-Benz,Citan,Diésel,145000.0,90.0,manual,9900,San Sebastián de los Reyes,28707,Madrid,San Sebastián de los Reyes
Mercedes-Benz,Citan,Diésel,145000.0,90.0,manual,9900,San Sebastián de los Reyes,28707,Madrid,San Sebastián de los Reyes
Dacia,Duster,Diésel,143560.0,109.0,manual,13200,Santa Maria del Aguila,4710,Almería,Santa Maria del Aguila
Dacia,Duster,Diésel,143560.0,109.0,manual,13200,Ciudad Real,13003,Ciudad Real,Ciudad Real
Dacia,Duster,Diésel,143560.0,109.0,manual,13200,Santiago de Compostela,15703,A Coruña,Santiago de Compostela
Dacia,Duster,Diésel,143560.0,109.0,manual,13200,Saladar,3700,Alicante,Saladar
Citroen,DS5,Diésel,122260.0,150.0,manual,21990,Madrid,28046,Madrid,Madrid
Volkswagen,T-Roc,Diésel,48000.0,115.0,manual,280,Barcelona,8007,Barcelona,Barcelona
Volkswagen,T-Roc,Gasolina,92500.0,115.0,manual,19990,Málaga,29005,Málaga,Málaga
Volkswagen,T-Roc,Diésel,94000.0,150.0,automatic,25900,Velilla de San Antonio,28891,Madrid,Velilla de San Antonio
Volkswagen,T-Roc,Gasolina,63145.0,115.0,manual,21300,Camas,41900,Sevilla,Camas
Volkswagen,T-Roc,Gasolina,10745.0,150.0,manual,28500,Camas,41900,Sevilla,Camas
Volkswagen,T-Roc,Gasolina,11473.0,150.0,automatic,29500,Camas,41900,Sevilla,Camas
Volkswagen,Crafter,Diésel,158900.0,109.0,manual,18890,Oviedo,33003,Asturias,Oviedo
Volkswagen,Crafter,Diésel,178000.0,140.0,manual,24990,Castello/Castellon de La Plana,12100,Castellón,Castello/Castellon de La Plana
BMW,X5,Diésel,137000.0,258.0,automatic,32890,Madrid,28044,Madrid,Madrid
Volkswagen,Phaeton,Diésel,106111.0,245.0,automatic,23990,Alicante,3010,Alicante,Alicante
Volkswagen,Phaeton,Diésel,106111.0,245.0,automatic,23990,Alicante,3010,Murcia,Alicante
Volkswagen,Phaeton,Diésel,270000.0,240.0,manual,12400,La Canonja,43110,Tarragona,La Canonja
Mercedes-Benz,Clase CLA,Gasolina,66302.0,156.0,automatic,29325,Santiago de Compostela,15703,A Coruña,Santiago de Compostela
Mercedes-Benz,Clase CLA,Gasolina,66302.0,156.0,automatic,29325,Mercado Parque Corredor del Henares,28850,Madrid,Mercado Parque Corredor del Henares
Mercedes-Benz,Clase CLA,Gasolina,66302.0,156.0,automatic,29325,Ciudad Real,13003,Ciudad Real,Ciudad Real
Mercedes-Benz,Clase CLA,Gasolina,66302.0,156.0,automatic,29325,Sant Vicenç de Montalt,8394,Barcelona,Sant Vicenç de Montalt
Mercedes-Benz,Clase CLA,Gasolina,66302.0,156.0,automatic,29325,Olèrdola,8734,Barcelona,Olèrdola
Mercedes-Benz,Clase CLA,Gasolina,66302.0,156.0,automatic,29325,Olèrdola,8734,Barcelona,Olèrdola
Volkswagen,Scirocco,Gasolina,82500.0,125.0,manual,17990,Almería,4006,Almería,Almería
Volkswagen,Scirocco,Gasolina,82500.0,125.0,manual,17990,Ullastrell,8231,Barcelona,Ullastrell
Volkswagen,Scirocco,Gasolina,82500.0,125.0,manual,17990,Palma de Mallorca,7003,Baleares,Palma de Mallorca
Citroen,DS5,Diésel,99948.0,181.0,automatic,17490,Badajoz,6008,Badajoz,Badajoz
Citroen,DS5,Diésel,131863.0,120.0,manual,14199,Barcelona,8007,Barcelona,Barcelona
Citroen,DS5,Diésel,131863.0,120.0,manual,13899,Barcelona,8007,Barcelona,Barcelona
Citroen,DS5,Diésel,131863.0,120.0,manual,14199,Madrid,28014,Madrid,Madrid
Citroen,DS5,Diésel,131863.0,120.0,manual,13899,Madrid,28014,Madrid,Madrid
Volkswagen,Passat,Diésel,72000.0,149.0,manual,597,Valencia,46005,Valencia,Valencia
Volkswagen,Passat,Diésel,95000.0,149.0,manual,481,Madrid,28006,Madrid,Madrid
Volkswagen,Passat,Diésel,94000.0,149.0,manual,490,Sevilla,41018,Sevilla,Sevilla
Volkswagen,Passat,Diésel,117000.0,149.0,manual,450,Barcelona,8009,Barcelona,Barcelona
Volkswagen,ID.3,Eléctrico,29999.0,204.0,automatic,31990,Murcia,30005,Murcia,Murcia
Volkswagen,ID.3,Eléctrico,29999.0,204.0,automatic,30990,Murcia,30005,Murcia,Murcia
Volkswagen,ID.3,Eléctrico,29999.0,204.0,automatic,31990,Almería,4006,Almería,Almería
Volkswagen,ID.3,Eléctrico,29999.0,204.0,automatic,30990,Almería,4006,Almería,Almería
Volkswagen,ID.3,Eléctrico,29999.0,204.0,automatic,31990,Alicante,3010,Alicante,Alicante
Volkswagen,ID.3,Eléctrico,29999.0,204.0,automatic,31990,Alicante,3010,Murcia,Alicante
Volkswagen,ID.3,Eléctrico,29999.0,204.0,automatic,30990,Alicante,3010,Alicante,Alicante
Volkswagen,ID.3,Eléctrico,29999.0,204.0,automatic,30990,Alicante,3010,Murcia,Alicante
Volkswagen,ID.3,Eléctrico,29999.0,204.0,automatic,31990,Valencia,46001,Valencia,Valencia
Volkswagen,ID.3,Eléctrico,29999.0,204.0,automatic,30990,Valencia,46001,Valencia,Valencia
Volkswagen,LT35,Diésel,344000.0,109.0,manual,4500,Santa Perpètua de Mogoda,8130,Barcelona,Santa Perpètua de Mogoda
Volkswagen,Taigo,Gasolina,9000.0,110.0,automatic,29200,Barcelona,8950,Barcelona,Barcelona
Volkswagen,Taigo,Gasolina,9000.0,110.0,automatic,28500,Barcelona,8950,Barcelona,Barcelona
Volkswagen,Taigo,Gasolina,300.0,110.0,manual,29400,Manresa,8240,Barcelona,Manresa
Volkswagen,Taigo,Gasolina,14157.0,95.0,manual,21790,Madrid,28021,Madrid,Madrid
Volkswagen,Taigo,Gasolina,14157.0,95.0,manual,21490,Madrid,28021,Madrid,Madrid
Volkswagen,Taigo,Gasolina,3000.0,110.0,automatic,28990,Barcelona,8021,Barcelona,Barcelona
Volkswagen,Taigo,Gasolina,13162.0,110.0,automatic,25299,Barcelona,8007,Barcelona,Barcelona
Volkswagen,Taigo,Gasolina,13162.0,110.0,automatic,24999,Barcelona,8007,Barcelona,Barcelona
Volkswagen,Taigo,Gasolina,11943.0,95.0,manual,23990,Valladolid,47010,Valladolid,Valladolid
Volkswagen,Taigo,Gasolina,7346.0,95.0,manual,22500,Alfafar,46910,Valencia,Alfafar
Volkswagen,Taigo,Gasolina,7346.0,95.0,manual,22500,Alfafar,46910,Valencia,Alfafar
Volkswagen,Taigo,Gasolina,7346.0,95.0,manual,22500,Alfafar,46910,Valencia,Alfafar
Volkswagen,Taigo,Gasolina,7346.0,95.0,manual,22500,Alfafar,46910,Valencia,Alfafar
Subaru,XV,Gasolina,175000.0,150.0,automatic,11990,Tordera,8490,Barcelona,Tordera
Subaru,XV,Gasolina,79344.0,150.0,automatic,18990,Alcorcón,28924,Madrid,Alcorcón
Subaru,XV,Gasolina,79344.0,150.0,automatic,18990,Getafe,28903,Madrid,Getafe
Subaru,XV,Gasolina,79344.0,150.0,automatic,18990,Murcia,30004,Murcia,Murcia
Porsche,911,Gasolina,123586.0,300.0,automatic,34950,Barcelona,8006,Barcelona,Barcelona
Porsche,911,Gasolina,123586.0,300.0,automatic,34500,Barcelona,8006,Barcelona,Barcelona
Porsche,911,Gasolina,123586.0,300.0,automatic,34950,Madrid,28015,Madrid,Madrid
Porsche,911,Gasolina,123586.0,300.0,automatic,34500,Madrid,28015,Madrid,Madrid
Jaguar,XE,Diésel,86330.0,180.0,automatic,18490,Bilbao,48004,Bizkaia,Bilbao
Jaguar,XE,Diésel,59523.0,163.0,automatic,22990,Sevilla,41005,Sevilla,Sevilla
Jaguar,XE,Diésel,59523.0,163.0,automatic,22990,Almería,4006,Almería,Almería
Jaguar,XE,Diésel,59523.0,163.0,automatic,22990,Vigo,36211,Pontevedra,Vigo
Jaguar,XE,Diésel,59523.0,163.0,automatic,22990,Granada,18005,Granada,Granada
Lancia,Phedra,Diésel,160000.0,136.0,manual,5500,Cornella de Llobregat,8940,Barcelona,Cornella de Llobregat
Mercedes-Benz,Clase S,Gasolina,288000.0,224.0,automatic,4500,Guadassuar,46610,Valencia,Guadassuar
Porsche,Cayenne,Gasolina,199000.0,400.0,automatic,28490,Granollers,8403,Barcelona,Granollers
Peugeot,508,Diésel,131854.0,180.0,automatic,14490,Vigo,36211,Pontevedra,Vigo
Peugeot,508,Diésel,131854.0,180.0,automatic,14490,Granada,18005,Granada,Granada
Peugeot,508,Diésel,31341.0,130.0,automatic,25990,Málaga,29005,Málaga,Málaga
Peugeot,508,Diésel,131854.0,180.0,automatic,14490,Murcia,30005,Murcia,Murcia
Peugeot,508,Diésel,131854.0,180.0,automatic,14490,Camarma de Esteruelas,28816,Madrid,Camarma de Esteruelas
Peugeot,508,Diésel,131854.0,180.0,automatic,14490,Camarma de Esteruelas,28816,Madrid,Camarma de Esteruelas
Peugeot,508,Diésel,131854.0,180.0,automatic,14490,Collado Villalba,28400,Madrid,Collado Villalba
Peugeot,508,Diésel,131854.0,180.0,automatic,14490,Collado Villalba,28400,Madrid,Collado Villalba
Peugeot,3008,Diésel,112000.0,149.0,manual,502,Barcelona,8009,Barcelona,Barcelona
Peugeot,3008,Diésel,113000.0,130.0,manual,473,Madrid,28006,Madrid,Madrid
Peugeot,3008,Diésel,116000.0,130.0,manual,482,Barcelona,8009,Barcelona,Barcelona
Peugeot,3008,Diésel,113000.0,130.0,manual,482,Valencia,46005,Valencia,Valencia
Peugeot,3008,Gasolina,9368.0,130.0,automatic,30990,Madrid,28021,Madrid,Madrid
Peugeot,3008,Gasolina,9332.0,130.0,automatic,30990,Madrid,28021,Madrid,Madrid
Peugeot,3008,Diésel,33088.0,130.0,manual,27990,Madrid,28021,Madrid,Madrid
SsangYong,XLV,Diésel,69095.0,115.0,manual,16100,Torremolinos,29620,Málaga,Torremolinos
SsangYong,XLV,Diésel,69095.0,115.0,manual,16100,Torremolinos,29620,Málaga,Torremolinos
SsangYong,XLV,Diésel,69095.0,115.0,manual,16100,Torremolinos,29620,Málaga,Torremolinos
SsangYong,XLV,Diésel,69095.0,115.0,manual,16100,Sant Vicenç de Montalt,8394,Barcelona,Sant Vicenç de Montalt
SsangYong,Korando,Diésel,141119.0,175.0,automatic,11872,Santiago de Compostela,15703,A Coruña,Santiago de Compostela
SsangYong,Korando,Diésel,141119.0,175.0,automatic,11872,Mercado Parque Corredor del Henares,28850,Madrid,Mercado Parque Corredor del Henares
SsangYong,Korando,Diésel,141119.0,175.0,automatic,11872,Valdepeñas,13300,Ciudad Real,Valdepeñas
SsangYong,Korando,Diésel,141119.0,175.0,automatic,11872,Valdepeñas,13300,Ciudad Real,Valdepeñas
SsangYong,Korando,Diésel,141119.0,175.0,automatic,11872,Estepona,29680,Málaga,Estepona
SsangYong,Korando,Diésel,141119.0,175.0,automatic,11872,Ciudad Real,13003,Ciudad Real,Ciudad Real
SsangYong,Korando,Diésel,141119.0,175.0,automatic,11872,Sant Vicenç de Montalt,8394,Barcelona,Sant Vicenç de Montalt
SsangYong,Korando,Diésel,141119.0,175.0,automatic,11872,Olèrdola,8734,Barcelona,Olèrdola
SsangYong,Korando,Diésel,141119.0,175.0,automatic,11872,Olèrdola,8734,Barcelona,Olèrdola
SsangYong,Korando,Diésel,141119.0,175.0,automatic,11872,Alameda del Obispo,14005,Córdoba,Alameda del Obispo
SsangYong,Korando,Diésel,141119.0,175.0,automatic,11872,Alcobendas,28100,Madrid,Alcobendas
Opel,Cabrio,Gasolina,81577.0,170.0,automatic,14500,Santiago de Compostela,15703,A Coruña,Santiago de Compostela
Opel,Cabrio,Gasolina,81577.0,170.0,automatic,14500,Zaragoza,50013,Zaragoza,Zaragoza
Opel,Cabrio,Gasolina,81577.0,170.0,automatic,14500,Mercado Parque Corredor del Henares,28850,Madrid,Mercado Parque Corredor del Henares
Opel,Vivaro,Diésel,25780.0,125.0,manual,24990,Sevilla,41005,Sevilla,Sevilla
Opel,Vivaro,Diésel,25780.0,125.0,manual,24990,Alicante,3010,Alicante,Alicante
Opel,Vivaro,Diésel,25780.0,125.0,manual,24990,Alicante,3010,Murcia,Alicante
Opel,Vivaro,Diésel,25780.0,125.0,manual,24990,Almería,4006,Almería,Almería
Opel,Vivaro,Diésel,25780.0,125.0,manual,24990,Vigo,36211,Pontevedra,Vigo
Opel,Vivaro,Diésel,25780.0,125.0,manual,24990,Granada,18005,Granada,Granada
Opel,Vivaro,Diésel,25780.0,125.0,manual,24990,Ullastrell,8231,Barcelona,Ullastrell
Opel,KARL,Gasolina,51292.0,75.0,manual,8799,Barcelona,8007,Barcelona,Barcelona
Opel,KARL,Gasolina,51292.0,75.0,manual,8499,Barcelona,8007,Barcelona,Barcelona
Opel,KARL,Gasolina,51292.0,75.0,manual,8799,Madrid,28014,Madrid,Madrid
Opel,KARL,Gasolina,51292.0,75.0,manual,8499,Madrid,28014,Madrid,Madrid
Opel,KARL,Gasolina,85000.0,75.0,manual,7899,Marbella,29670,Málaga,Marbella
Opel,Corsa,Gasolina,39543.0,75.0,manual,14433,Vigo,36214,Pontevedra,Vigo
Opel,Corsa,Gasolina,20969.0,75.0,manual,14720,Sant Vicenç de Montalt,8394,Barcelona,Sant Vicenç de Montalt
Opel,Corsa,Gasolina,20969.0,75.0,manual,14720,Granollers,8403,Barcelona,Granollers
Opel,Corsa,Gasolina,26844.0,90.0,manual,12638,Murcia,30003,Murcia,Murcia
Opel,Corsa-e,Diésel,124900.0,95.0,manual,9900,O Porriño,36400,Pontevedra,O Porriño
Opel,Antara,Diésel,97306.0,163.0,manual,9899,Madrid,28014,Madrid,Madrid
Opel,Antara,Diésel,110000.0,163.0,automatic,12400,Sevilla,41005,Sevilla,Sevilla
Opel,Antara,Diésel,110000.0,163.0,automatic,12400,Vigo,36211,Pontevedra,Vigo
Opel,Antara,Diésel,110000.0,163.0,automatic,12400,Alicante,3010,Alicante,Alicante
Opel,Antara,Diésel,110000.0,163.0,automatic,12400,Alicante,3010,Murcia,Alicante
Opel,Antara,Diésel,110000.0,163.0,automatic,12400,Bilbao,48004,Bizkaia,Bilbao
Opel,Grandland,Diésel,1.0,130.0,automatic,31500,Sabadell,8201,Barcelona,Sabadell
Opel,Crossland X,Diésel,48000.0,102.0,manual,15990,Jaén,23008,Jaén,Jaén
Opel,Crossland X,Diésel,48000.0,102.0,manual,15990,Córdoba,14003,Córdoba,Córdoba
Opel,Crossland X,Diésel,48000.0,102.0,manual,15990,Valencia,46001,Valencia,Valencia
Opel,Crossland X,Diésel,48000.0,102.0,manual,15990,Málaga,29005,Málaga,Málaga
Opel,Crossland X,Diésel,48000.0,102.0,manual,15990,Bilbao,48004,Bizkaia,Bilbao
Opel,Combo-e Life,Diésel,91117.0,102.0,manual,19490,Móstoles,28932,Madrid,Móstoles
Opel,Speedster,Gasolina,105000.0,147.0,manual,23900,Valencia,46006,Valencia,Valencia
Opel,Mokka-e,Eléctrico,36073.0,136.0,automatic,27990,A Coruña,15003,A Coruña,A Coruña
Opel,Mokka-e,Eléctrico,100.0,136.0,automatic,37500,Gandia,46701,Valencia,Gandia
Opel,Mokka-e,Eléctrico,36073.0,136.0,automatic,27990,Santiago de Compostela,15890,A Coruña,Santiago de Compostela
Opel,Mokka-e,Eléctrico,36073.0,136.0,automatic,27990,Fortiñon,15168,A Coruña,Fortiñon
Opel,Mokka-e,Eléctrico,36073.0,136.0,automatic,27990,Pontevedra,36161,Pontevedra,Pontevedra
Opel,Mokka-e,Eléctrico,36073.0,136.0,automatic,27990,Molino de La Hoz,28290,Madrid,Molino de La Hoz
Opel,Meriva,Diésel,139000.0,110.0,manual,6950,Montmeló,8160,Barcelona,Montmeló
Opel,Meriva,Gasolina,137971.0,120.0,manual,7000,Vic,8500,Barcelona,Vic
Opel,Insignia,Diésel,57000.0,136.0,manual,235,Barcelona,8007,Barcelona,Barcelona
Opel,Insignia,Diésel,94687.0,170.0,automatic,16800,Viladecans,8840,Barcelona,Viladecans
Opel,Insignia,Diésel,146166.0,170.0,automatic,13973,Barcelona,8007,Barcelona,Barcelona
Opel,Insignia,Diésel,94687.0,170.0,automatic,16800,Urbanitzacio El Medol,43150,Tarragona,Urbanitzacio El Medol
Opel,Insignia,Diésel,146166.0,170.0,automatic,13973,Colonia Pablo Iglesias,28520,Madrid,Colonia Pablo Iglesias
Opel,Insignia,Diésel,94687.0,170.0,automatic,16800,Alcalá de Henares,28801,Madrid,Alcalá de Henares
Opel,Insignia,Diésel,94687.0,170.0,automatic,16800,Granada,18002,Granada,Granada
Opel,Movano,Diésel,142300.0,130.0,manual,22500,Santa Maria del Aguila,4710,Almería,Santa Maria del Aguila
Opel,Movano,Diésel,142300.0,130.0,manual,22500,Ciudad Real,13003,Ciudad Real,Ciudad Real
Opel,Movano,Diésel,142300.0,130.0,manual,22500,Santiago de Compostela,15703,A Coruña,Santiago de Compostela
Opel,Movano,Diésel,142300.0,130.0,manual,22500,Valdepeñas,13300,Ciudad Real,Valdepeñas
Opel,Movano,Diésel,142300.0,130.0,manual,22500,Valdepeñas,13300,Ciudad Real,Valdepeñas
Opel,Movano,Diésel,142300.0,130.0,manual,22500,Saladar,3700,Alicante,Saladar
Opel,Movano,Diésel,142300.0,130.0,manual,22500,Vigo,36214,Pontevedra,Vigo
Opel,Movano,Diésel,142300.0,130.0,manual,22500,Sant Vicenç de Montalt,8394,Barcelona,Sant Vicenç de Montalt
Opel,Movano,Diésel,142300.0,130.0,manual,22500,Granollers,8403,Barcelona,Granollers
Opel,Movano,Diésel,142300.0,130.0,manual,22500,Murcia,30003,Murcia,Murcia
Opel,ADAM,Gasolina,63183.0,70.0,manual,8999,Madrid,28014,Madrid,Madrid
Opel,ADAM,Gasolina,86312.0,87.0,manual,8290,Valencia,46001,Valencia,Valencia
Opel,ADAM,Gasolina,86312.0,87.0,manual,8290,Vigo,36211,Pontevedra,Vigo
Opel,ADAM,Gasolina,35679.0,100.0,manual,9199,Barcelona,8007,Barcelona,Barcelona
Opel,ADAM,Gasolina,35679.0,100.0,manual,8899,Barcelona,8007,Barcelona,Barcelona
Opel,Mokka,Gasolina,32252.0,130.0,manual,21490,Madrid,28021,Madrid,Madrid
Opel,Mokka,Gasolina,32252.0,130.0,manual,21190,Madrid,28021,Madrid,Madrid
Opel,Mokka,Gasolina,32252.0,130.0,manual,20790,Madrid,28021,Madrid,Madrid
Opel,Mokka,Diésel,130000.0,130.0,automatic,9990,Sevilla,41005,Sevilla,Sevilla
Opel,Mokka,Diésel,130000.0,130.0,automatic,9990,Alicante,3010,Alicante,Alicante
Opel,Mokka,Diésel,130000.0,130.0,automatic,9990,Alicante,3010,Murcia,Alicante
Opel,Mokka,Diésel,130000.0,130.0,automatic,9990,Vigo,36211,Pontevedra,Vigo
Opel,Mokka,Diésel,130000.0,130.0,automatic,9990,Almería,4006,Almería,Almería
Opel,Mokka,Eléctrico,17000.0,136.0,automatic,31900,Sevilla,41006,Sevilla,Sevilla
Opel,Mokka,Eléctrico,17000.0,136.0,automatic,31900,Dos Hermanas,41012,Sevilla,Dos Hermanas
SsangYong,Tivoli,Diésel,53934.0,115.0,manual,13899,Barcelona,8007,Barcelona,Barcelona
SsangYong,Tivoli,Gasolina,115453.0,128.0,manual,12990,Almería,4006,Almería,Almería
SsangYong,Tivoli,Gasolina,115453.0,128.0,manual,12490,Almería,4006,Almería,Almería
SsangYong,Tivoli,Gasolina,115453.0,128.0,manual,12990,Alicante,3010,Alicante,Alicante
SsangYong,Tivoli,Gasolina,115453.0,128.0,manual,12990,Alicante,3010,Murcia,Alicante
SsangYong,Tivoli,Gasolina,115453.0,128.0,manual,12490,Alicante,3010,Alicante,Alicante
SsangYong,Tivoli,Gasolina,115453.0,128.0,manual,12490,Alicante,3010,Murcia,Alicante
SsangYong,Tivoli,Gasolina,115453.0,128.0,manual,12990,Murcia,30005,Murcia,Murcia
SsangYong,Tivoli,Gasolina,115453.0,128.0,manual,12490,Murcia,30005,Murcia,Murcia
SsangYong,Tivoli,Gasolina,115453.0,128.0,manual,12990,Bilbao,48004,Bizkaia,Bilbao
SsangYong,Tivoli,Gasolina,115453.0,128.0,manual,12490,Bilbao,48004,Bizkaia,Bilbao
Opel,Grandland X,Diésel,99950.0,130.0,manual,454,Sevilla,41018,Sevilla,Sevilla
Opel,Grandland X,Diésel,30000.0,120.0,manual,15985,Sabadell,8201,Barcelona,Sabadell
Opel,Combo,Diésel,54000.0,100.0,manual,12790,Sevilla,41005,Sevilla,Sevilla
Opel,Combo,Diésel,54000.0,100.0,manual,12790,Vigo,36211,Pontevedra,Vigo
Opel,Combo,Diésel,54000.0,100.0,manual,12790,Bilbao,48004,Bizkaia,Bilbao
Opel,Combo,Diésel,54000.0,100.0,manual,12790,Ullastrell,8231,Barcelona,Ullastrell
Opel,Crossland,Gasolina,31959.0,130.0,manual,18990,Madrid,28021,Madrid,Madrid
Opel,Crossland,Gasolina,3.0,110.0,manual,19900,Arriaga,48950,Bizkaia,Arriaga
Opel,Crossland,Diésel,80000.0,110.0,manual,388,Sevilla,41018,Sevilla,Sevilla
Opel,Crossland,Diésel,80000.0,110.0,manual,384,Madrid,28009,Madrid,Madrid
Opel,Crossland,Diésel,75000.0,110.0,manual,209,Gandía,46701,Valencia,Gandía
Opel,Crossland,Diésel,75000.0,110.0,manual,389,Barcelona,8009,Barcelona,Barcelona
Opel,Crossland,Gasolina,31032.0,130.0,manual,16990,Madrid,28021,Madrid,Madrid
Opel,Crossland,Gasolina,31032.0,130.0,manual,17290,Madrid,28021,Madrid,Madrid
Opel,Crossland,Gasolina,3492.0,83.0,manual,17190,Almería,4006,Almería,Almería
Opel,Mokka X,Diésel,128792.0,136.0,manual,14390,Alcalá de Henares,28802,Madrid,Alcalá de Henares
Opel,Mokka X,Gasolina,108739.0,140.0,automatic,16990,Alicante,3010,Alicante,Alicante
Opel,Mokka X,Gasolina,108739.0,140.0,automatic,16990,Alicante,3010,Murcia,Alicante
Opel,Mokka X,Gasolina,108739.0,140.0,automatic,15990,Alicante,3010,Alicante,Alicante
Opel,Mokka X,Gasolina,108739.0,140.0,automatic,15990,Alicante,3010,Murcia,Alicante
Opel,Mokka X,Gasolina,71717.0,140.0,manual,14990,Almería,4006,Almería,Almería
Opel,Astra,Gasolina,33800.0,105.0,manual,13990,Alicante,3010,Alicante,Alicante
Opel,Astra,Gasolina,33800.0,105.0,manual,13990,Alicante,3010,Murcia,Alicante
Opel,Astra,Gasolina,33800.0,105.0,manual,13990,Bilbao,48004,Bizkaia,Bilbao
Opel,Zafira Tourer,Diésel,127378.0,165.0,manual,14289,Castello/Castellon de La Plana,12100,Castellón,Castello/Castellon de La Plana
Opel,Zafira Tourer,Diésel,127378.0,165.0,manual,14289,Santa Maria del Aguila,4710,Almería,Santa Maria del Aguila
Opel,Zafira Tourer,Diésel,127378.0,165.0,manual,14289,Ciudad Real,13003,Ciudad Real,Ciudad Real
Opel,Zafira Tourer,Diésel,127378.0,165.0,manual,14289,Valdepeñas,13300,Ciudad Real,Valdepeñas
Opel,Zafira Tourer,Diésel,127378.0,165.0,manual,14289,Valdepeñas,13300,Ciudad Real,Valdepeñas
Opel,Zafira Tourer,Diésel,127378.0,165.0,manual,14289,Saladar,3700,Alicante,Saladar
Opel,Zafira Tourer,Diésel,127378.0,165.0,manual,14289,Vigo,36214,Pontevedra,Vigo
Opel,Zafira Tourer,Diésel,127378.0,165.0,manual,14289,Granollers,8403,Barcelona,Granollers
Infiniti,EX30,Diésel,200000.0,238.0,automatic,13990,Fuenlabrada,28946,Madrid,Fuenlabrada
Infiniti,EX30,Diésel,148346.0,238.0,automatic,14490,Leioa,48940,Bizkaia,Leioa
Infiniti,EX30,Diésel,134200.0,238.0,manual,14850,Madrid,28046,Madrid,Madrid
Infiniti,EX30,Diésel,134200.0,238.0,manual,13950,Madrid,28046,Madrid,Madrid
Infiniti,EX30,Diésel,134200.0,238.0,manual,14850,Alcorcón,28923,Madrid,Alcorcón
Infiniti,EX30,Diésel,134200.0,238.0,manual,13950,Alcorcón,28923,Madrid,Alcorcón
Opel,Combo Life,Diésel,91600.0,102.0,manual,19900,Málaga,29006,Málaga,Málaga
Opel,Combo Life,Diésel,0.0,100.0,manual,24999,Pontevedra,36161,Pontevedra,Pontevedra
Opel,Combo Life,Diésel,0.0,100.0,manual,24999,Santiago de Compostela,15890,A Coruña,Santiago de Compostela
Opel,Combo Life,Diésel,0.0,100.0,manual,24999,Molino de La Hoz,28290,Madrid,Molino de La Hoz
Opel,Combo Life,Diésel,85227.0,131.0,automatic,20099,Madrid,28014,Madrid,Madrid
Opel,Combo Life,Diésel,85227.0,131.0,automatic,19799,Madrid,28014,Madrid,Madrid
SsangYong,Tivoli Grand,Gasolina,5.0,163.0,manual,21900,Barcelona,8018,Barcelona,Barcelona
Maserati,3200 GT,Gasolina,700.0,370.0,automatic,8600,Poligono Industrial Aimayr,28330,Madrid,Poligono Industrial Aimayr
Tata,Safari,Diésel,212837.0,87.0,manual,3670,Barrio de Porta,46930,Valencia,Barrio de Porta
Jeep,Wrangler,Diésel,103530.0,200.0,automatic,34990,Granada,18005,Granada,Granada
Jeep,Commander,Diésel,146566.0,218.0,automatic,12990,Utebo,50180,Zaragoza,Utebo
Skoda,Yeti,Gasolina,125738.0,105.0,automatic,12990,Madrid,28021,Madrid,Madrid
Jeep,Compass,Diésel,154341.0,136.0,manual,10800,Santiago de Compostela,15703,A Coruña,Santiago de Compostela
Jeep,Compass,Diésel,154341.0,136.0,manual,10800,Mercado Parque Corredor del Henares,28850,Madrid,Mercado Parque Corredor del Henares
Jeep,Compass,Diésel,154341.0,136.0,manual,10800,Valdepeñas,13300,Ciudad Real,Valdepeñas
Jeep,Compass,Diésel,154341.0,136.0,manual,10800,Valdepeñas,13300,Ciudad Real,Valdepeñas
Jeep,Compass,Diésel,154341.0,136.0,manual,10800,Ciudad Real,13003,Ciudad Real,Ciudad Real
Jeep,Compass,Diésel,154341.0,136.0,manual,10800,Estepona,29680,Málaga,Estepona
Jeep,Compass,Diésel,154341.0,136.0,manual,10800,Santa Maria del Aguila,4710,Almería,Santa Maria del Aguila
Jeep,Compass,Diésel,67660.0,120.0,manual,18990,Málaga,29005,Málaga,Málaga
Jeep,Compass,Diésel,154341.0,136.0,manual,10800,Olèrdola,8734,Barcelona,Olèrdola
Jeep,Compass,Diésel,154341.0,136.0,manual,10800,Olèrdola,8734,Barcelona,Olèrdola
Jeep,Renegade,Gasolina,22390.0,120.0,manual,17490,Sevilla,41005,Sevilla,Sevilla
Jeep,Renegade,Gasolina,22390.0,120.0,manual,17490,Almería,4006,Almería,Almería
Jeep,Renegade,Gasolina,22390.0,120.0,manual,17490,Vigo,36211,Pontevedra,Vigo
Jeep,Renegade,Gasolina,22390.0,120.0,manual,17490,Murcia,30005,Murcia,Murcia
Jeep,Renegade,Gasolina,22390.0,120.0,manual,17490,Urbanizacion La Granjilla,28700,Madrid,Urbanizacion La Granjilla
Jeep,Renegade,Gasolina,22390.0,120.0,manual,17490,Toledo,45002,Toledo,Toledo
Skoda,Karoq,Gasolina,75790.0,150.0,automatic,21790,Madrid,28021,Madrid,Madrid
Skoda,Karoq,Gasolina,75790.0,150.0,automatic,21390,Madrid,28021,Madrid,Madrid
Skoda,Karoq,Gasolina,114635.0,115.0,automatic,18490,Madrid,28021,Madrid,Madrid
Skoda,Karoq,Diésel,105913.0,150.0,manual,19490,Alicante,3010,Alicante,Alicante
Skoda,Karoq,Diésel,105913.0,150.0,manual,19490,Alicante,3010,Murcia,Alicante
Skoda,Karoq,Diésel,105913.0,150.0,manual,19490,Vigo,36211,Pontevedra,Vigo
Skoda,Karoq,Diésel,105913.0,150.0,manual,19490,Almería,4006,Almería,Almería
Skoda,Karoq,Diésel,105913.0,150.0,manual,19490,Bilbao,48004,Bizkaia,Bilbao
Infiniti,QX30,Diésel,163976.0,170.0,automatic,20010,Olèrdola,8734,Barcelona,Olèrdola
Infiniti,QX30,Diésel,163976.0,170.0,automatic,20010,Olèrdola,8734,Barcelona,Olèrdola
Infiniti,QX30,Diésel,163976.0,170.0,automatic,18860,Olèrdola,8734,Barcelona,Olèrdola
Infiniti,QX30,Diésel,163976.0,170.0,automatic,18860,Olèrdola,8734,Barcelona,Olèrdola
Infiniti,QX30,Diésel,61850.0,170.0,automatic,23490,Almería,4006,Almería,Almería
Infiniti,QX30,Diésel,61850.0,170.0,automatic,22490,Almería,4006,Almería,Almería
Skoda,Kodiaq,Diésel,26453.0,150.0,automatic,36800,Santiago de Compostela,15703,A Coruña,Santiago de Compostela
Skoda,Kodiaq,Diésel,114000.0,150.0,automatic,22500,Mataró,8302,Barcelona,Mataró
Skoda,Kodiaq,Diésel,26453.0,150.0,automatic,36800,Zaragoza,50013,Zaragoza,Zaragoza
Skoda,Kodiaq,Diésel,26453.0,150.0,automatic,36800,Mercado Parque Corredor del Henares,28850,Madrid,Mercado Parque Corredor del Henares
Skoda,Kodiaq,Diésel,26453.0,150.0,automatic,36800,Santa Maria del Aguila,4710,Almería,Santa Maria del Aguila
Hummer,H3,Gasolina,160000.0,245.0,automatic,19990,Parla,28980,Madrid,Parla
Hummer,H2,Gasolina,76000.0,322.0,automatic,35990,Marbella,29601,Málaga,Marbella
Skoda,Kamiq,Gasolina,56537.0,110.0,automatic,20990,Málaga,29005,Málaga,Málaga
Skoda,Kamiq,Gasolina,56537.0,110.0,automatic,19990,Málaga,29005,Málaga,Málaga
Skoda,Kamiq,Gasolina,8875.0,110.0,manual,21290,Leganés,28914,Madrid,Leganés
Skoda,Kamiq,Gasolina,18874.0,110.0,manual,21990,Sant Boi de Llobregat,8830,Barcelona,Sant Boi de Llobregat
Skoda,Octavia,Diésel,139000.0,110.0,manual,13900,Utrera,41710,Sevilla,Utrera
Skoda,Octavia,Diésel,240000.0,105.0,manual,6000,Tarragona,43005,Tarragona,Tarragona
Skoda,Octavia,Diésel,111000.0,115.0,manual,223,Gandía,46701,Valencia,Gandía
Skoda,Octavia,Diésel,164080.0,105.0,manual,6990,Almería,4006,Almería,Almería
Skoda,Octavia,Diésel,164080.0,105.0,manual,6990,Marbella,29601,Málaga,Marbella
Skoda,Octavia,Diésel,164080.0,105.0,manual,6990,Alicante,3010,Alicante,Alicante
Skoda,Octavia,Diésel,164080.0,105.0,manual,6990,Alicante,3010,Murcia,Alicante
Peugeot,406,Diésel,230126.0,110.0,manual,1690,Madrid,28026,Madrid,Madrid
Peugeot,2008,Gasolina,112000.0,130.0,manual,383,Madrid,28006,Madrid,Madrid
Peugeot,2008,Diésel,89000.0,100.0,manual,359,Valencia,46005,Valencia,Valencia
Peugeot,2008,Diésel,115000.0,99.0,manual,320,Valencia,46005,Valencia,Valencia
Peugeot,2008,Diésel,95000.0,100.0,manual,317,Barcelona,8009,Barcelona,Barcelona
Peugeot,Expert,Diésel,96000.0,95.0,manual,21000,Pinto,28320,Madrid,Pinto
Mercedes-Benz,Classe GLK,Diésel,110000.0,170.0,automatic,19900,Barcelona,8007,Barcelona,Barcelona
Mercedes-Benz,Classe GLK,Diésel,125800.0,231.0,automatic,16900,Sueca,46410,Valencia,Sueca
Mercedes-Benz,Classe GLK,Diésel,160000.0,170.0,automatic,16500,Santa Cruz Santa Cruz,30162,Murcia,Santa Cruz Santa Cruz
Citroen,C4,Diésel,227129.0,92.0,manual,2250,Madrid,28026,Madrid,Madrid
Citroen,C5,Diésel,146874.0,150.0,manual,14490,Sevilla,41005,Sevilla,Sevilla
Citroen,C5,Diésel,146874.0,150.0,manual,14490,Alicante,3010,Alicante,Alicante
Citroen,C5,Diésel,146874.0,150.0,manual,14490,Alicante,3010,Murcia,Alicante
Citroen,C5,Diésel,146874.0,150.0,manual,14490,Vigo,36211,Pontevedra,Vigo
Citroen,C5,Diésel,146874.0,150.0,manual,14490,Murcia,30005,Murcia,Murcia
Citroen,C5,Diésel,146874.0,150.0,manual,14490,Toledo,45002,Toledo,Toledo
Volvo,XC40,Diésel,145555.0,150.0,automatic,27500,Murcia,30100,Murcia,Murcia
Volvo,XC40,Diésel,99000.0,190.0,automatic,31900,Aeropuerto de Noain,31110,Navarra,Aeropuerto de Noain
Volvo,V90,Diésel,108000.0,149.0,manual,662,Sevilla,41018,Sevilla,Sevilla
Volvo,V90,Gasolina,69078.0,250.0,automatic,39000,Paterna,46980,Valencia,Paterna
Volvo,XC70,Diésel,240.0,185.0,automatic,6900,Valencia,46009,Valencia,Valencia
Volvo,S60,Diésel,154199.0,120.0,manual,14900,Murcia,30100,Murcia,Murcia
Volvo,S60,Diésel,456000.0,163.0,automatic,4990,Igualada,8700,Barcelona,Igualada
Volvo,V40,Diésel,72000.0,190.0,manual,567,Barcelona,8009,Barcelona,Barcelona
Volvo,V40,Diésel,99950.0,149.0,manual,442,Sevilla,41018,Sevilla,Sevilla
Volvo,V40,Diésel,310000.0,150.0,manual,6490,La Puebla de Alfindén,50171,Zaragoza,La Puebla de Alfindén
Santana,300,Diésel,280000.0,87.0,manual,5990,Gamarra Menor,1510,Álava,Gamarra Menor
Santana,300,Diésel,280000.0,87.0,manual,5990,Gamarra Menor,1510,Álava,Gamarra Menor
Santana,300,Diésel,280000.0,87.0,manual,5990,Gamarra Menor,1510,Álava,Gamarra Menor
Volvo,C30,Diésel,164068.0,136.0,manual,6890,Sevilla,41006,Sevilla,Sevilla
Volvo,C30,Diésel,87000.0,115.0,manual,9800,Campillos,3339,Alicante,Campillos
VAZ,110,Diésel,174239.0,94.0,manual,4990,Barrio de Porta,46930,Valencia,Barrio de Porta
Volvo,S40,Diésel,235553.0,115.0,manual,980,Madrid,28026,Madrid,Madrid
Volvo,S70,Gasolina,299000.0,140.0,manual,1500,Velilla de San Antonio,28891,Madrid,Velilla de San Antonio
Volvo,S90,Diésel,117311.0,190.0,automatic,37950,Santiago de Compostela,15703,A Coruña,Santiago de Compostela
Volvo,S90,Diésel,117311.0,190.0,automatic,37950,Mercado Parque Corredor del Henares,28850,Madrid,Mercado Parque Corredor del Henares
Volvo,S90,Diésel,117311.0,190.0,automatic,37950,Ciudad Real,13003,Ciudad Real,Ciudad Real
Volvo,S90,Diésel,117311.0,190.0,automatic,37950,Sant Vicenç de Montalt,8394,Barcelona,Sant Vicenç de Montalt
Volvo,S90,Diésel,117311.0,190.0,automatic,37950,Santa Maria del Aguila,4710,Almería,Santa Maria del Aguila
Volvo,S90,Diésel,117311.0,190.0,automatic,37950,Olèrdola,8734,Barcelona,Olèrdola
Volvo,S90,Diésel,117311.0,190.0,automatic,37950,Olèrdola,8734,Barcelona,Olèrdola
Volvo,V60,Diésel,120000.0,150.0,automatic,24500,Madrid,28008,Madrid,Madrid
Volvo,V60,Diésel,120000.0,150.0,automatic,23000,Madrid,28008,Madrid,Madrid
Volvo,V60,Diésel,150232.0,163.0,manual,13585,Ciudad Real,13003,Ciudad Real,Ciudad Real
Volvo,V60,Diésel,80000.0,150.0,manual,16950,Barcelona,8013,Barcelona,Barcelona
Volvo,V60,Diésel,99950.0,149.0,manual,483,Barcelona,8007,Barcelona,Barcelona
Chevrolet,Cruze,Diésel,205000.0,163.0,automatic,3600,Manises,46940,Valencia,Manises
MINI,Paceman,Diésel,152000.0,112.0,manual,12490,Castellón,12001,Castellón,Castellón
MINI,Paceman,Diésel,125000.0,122.0,manual,13900,Orbazai,27297,Lugo,Orbazai
MINI,Roadster,Gasolina,81000.0,122.0,manual,13495,Los Combos,28938,Madrid,Los Combos
Renault,ZOE,Eléctrico,49717.0,92.0,automatic,18688,Santiago de Compostela,15703,A Coruña,Santiago de Compostela
Renault,ZOE,Eléctrico,41853.0,88.0,automatic,12100,Paterna,46980,Valencia,Paterna
Renault,ZOE,Eléctrico,49717.0,92.0,automatic,18688,Las Rozas de Madrid,28232,Madrid,Las Rozas de Madrid
Renault,Twingo,Gasolina,26327.0,90.0,manual,12420,Hidraulica Santillana,28770,Madrid,Hidraulica Santillana
Renault,Twingo,Gasolina,149000.0,75.0,manual,3750,Móstoles,28936,Madrid,Móstoles
Renault,Twingo,Gasolina,26327.0,90.0,manual,12420,Santiago de Compostela,15703,A Coruña,Santiago de Compostela
Renault,Twingo,Gasolina,26327.0,90.0,manual,12420,Mercado Parque Corredor del Henares,28850,Madrid,Mercado Parque Corredor del Henares
Renault,Twingo,Gasolina,26327.0,90.0,manual,12420,Valdepeñas,13300,Ciudad Real,Valdepeñas
Renault,Twingo,Gasolina,26327.0,90.0,manual,12420,Valdepeñas,13300,Ciudad Real,Valdepeñas
Renault,Twingo,Gasolina,26327.0,90.0,manual,12420,Estepona,29680,Málaga,Estepona
SEAT,Ibiza,Gasolina,99950.0,115.0,manual,330,Barcelona,8009,Barcelona,Barcelona
SEAT,Ibiza,Gasolina,76967.0,80.0,manual,12550,Santa Maria del Aguila,4710,Almería,Santa Maria del Aguila
SEAT,Ibiza,Otros,99139.0,90.0,manual,13225,Santa Maria del Aguila,4710,Almería,Santa Maria del Aguila
SEAT,Ibiza,Otros,99139.0,90.0,manual,13225,Ciudad Real,13003,Ciudad Real,Ciudad Real
SEAT,Ibiza,Gasolina,76967.0,80.0,manual,12550,Santiago de Compostela,15703,A Coruña,Santiago de Compostela
SEAT,Ibiza,Otros,99139.0,90.0,manual,13225,Santiago de Compostela,15703,A Coruña,Santiago de Compostela
SEAT,Toledo,Diésel,55000.0,105.0,manual,12500,Poligono Industrial Madanela,15800,A Coruña,Poligono Industrial Madanela
Renault,Megane,Diésel,106227.0,115.0,manual,10990,Urbanizacion La Granjilla,28700,Madrid,Urbanizacion La Granjilla
Renault,Megane,Diésel,106227.0,115.0,manual,10990,Villaviciosa de Odón,28670,Madrid,Villaviciosa de Odón
Renault,Megane,Diésel,125493.0,110.0,manual,11990,Castellón,12001,Castellón,Castellón
Renault,Megane,Diésel,156000.0,90.0,manual,11900,Cádiz,11006,Cádiz,Cádiz
SEAT,Mii electric,Eléctrico,12000.0,83.0,automatic,25900,Blanes,17300,Girona,Blanes
Renault,Clio,Diésel,209000.0,65.0,manual,1500,Alcorcón,28924,Madrid,Alcorcón
Renault,Clio,Gasolina,19123.0,76.0,manual,13490,Lebrija,41740,Sevilla,Lebrija
Renault,Clio,Gasolina,97000.0,89.0,manual,267,Sevilla,41018,Sevilla,Sevilla
Renault,Clio,Gasolina,97000.0,89.0,manual,170,Gandía,46701,Valencia,Gandía
Renault,Clio,Gasolina,82000.0,89.0,manual,291,Valencia,46005,Valencia,Valencia
SEAT,Exeo,Diésel,79186.0,143.0,manual,11935,Santiago de Compostela,15703,A Coruña,Santiago de Compostela
SEAT,Exeo,Diésel,79186.0,143.0,manual,11935,Mercado Parque Corredor del Henares,28850,Madrid,Mercado Parque Corredor del Henares
SEAT,Exeo,Diésel,79186.0,143.0,manual,11935,Valdepeñas,13300,Ciudad Real,Valdepeñas
SEAT,Exeo,Diésel,79186.0,143.0,manual,11935,Valdepeñas,13300,Ciudad Real,Valdepeñas
SEAT,Exeo,Diésel,79186.0,143.0,manual,11935,Ciudad Real,13003,Ciudad Real,Ciudad Real
SEAT,Exeo,Diésel,79186.0,143.0,manual,11935,Estepona,29680,Málaga,Estepona
SEAT,Leon,Diésel,97000.0,115.0,manual,15500,Martorell,8760,Barcelona,Martorell
Renault,Grand Scenic,Gasolina,170000.0,110.0,manual,3800,Cornella de Llobregat,8940,Barcelona,Cornella de Llobregat
Renault,Grand Scenic,Diésel,114000.0,110.0,manual,228,Barcelona,8007,Barcelona,Barcelona
Renault,Grand Scenic,Diésel,47000.0,110.0,manual,255,Gandía,46701,Valencia,Gandía
Renault,Grand Scenic,Diésel,114000.0,110.0,manual,480,Madrid,28006,Madrid,Madrid
Renault,Grand Scenic,Diésel,65609.0,110.0,manual,13900,Ciudad Real,13003,Ciudad Real,Ciudad Real
Renault,Trafic,Diésel,68600.0,120.0,manual,18890,Alicante,3010,Alicante,Alicante
Renault,Trafic,Diésel,68600.0,120.0,manual,18890,Alicante,3010,Murcia,Alicante
Renault,Trafic,Diésel,68600.0,120.0,manual,18890,Oviedo,33003,Asturias,Oviedo
Renault,Trafic,Diésel,530000.0,115.0,manual,6500,Santa Perpètua de Mogoda,8130,Barcelona,Santa Perpètua de Mogoda
Renault,Espace,Diésel,155171.0,130.0,manual,14990,Vigo,36211,Pontevedra,Vigo
Renault,Espace,Diésel,155171.0,130.0,manual,14990,Alicante,3010,Alicante,Alicante
Renault,Espace,Diésel,155171.0,130.0,manual,14990,Alicante,3010,Murcia,Alicante
Renault,Espace,Diésel,155171.0,130.0,manual,14990,Almería,4006,Almería,Almería
Renault,Espace,Diésel,155171.0,130.0,manual,14990,Granada,18005,Granada,Granada
Renault,Espace,Diésel,155171.0,130.0,manual,14990,Murcia,30005,Murcia,Murcia
Chevrolet,Cruze,Gasolina,187234.0,124.0,manual,5190,Leganés,28916,Madrid,Leganés
Renault,Kadjar,Diésel,114000.0,110.0,manual,445,Barcelona,8007,Barcelona,Barcelona
Renault,Kadjar,Diésel,115000.0,110.0,manual,221,Gandía,46701,Valencia,Gandía
Renault,Kadjar,Diésel,115000.0,110.0,manual,468,Valencia,46005,Valencia,Valencia
Renault,Latitude,Diésel,298000.0,240.0,automatic,9800,Palencia,34002,Palencia,Palencia
Renault,Latitude,Diésel,118000.0,241.0,automatic,14999,Zaragoza,50004,Zaragoza,Zaragoza
Renault,Vel Satis,Diésel,199000.0,150.0,automatic,3499,Arroyomolinos,28939,Madrid,Arroyomolinos
Renault,Vel Satis,Diésel,199000.0,150.0,automatic,3499,Arroyomolinos,28939,Madrid,Arroyomolinos
Renault,Kangoo,Diésel,107000.0,75.0,manual,218,Madrid,28006,Madrid,Madrid
Renault,Kangoo,Diésel,107000.0,90.0,manual,10990,Sevilla,41005,Sevilla,Sevilla
Renault,Kangoo,Diésel,107000.0,90.0,manual,10990,Alicante,3010,Alicante,Alicante
Renault,Kangoo,Diésel,107000.0,90.0,manual,10990,Alicante,3010,Murcia,Alicante
Renault,Kangoo,Diésel,107000.0,90.0,manual,10990,Almería,4006,Almería,Almería
Renault,Kangoo,Diésel,107000.0,90.0,manual,10990,Bilbao,48004,Bizkaia,Bilbao
Renault,Express Van,Diésel,17000.0,75.0,manual,14990,Parets del Vallès,8150,Barcelona,Parets del Vallès
Renault,Express Van,Diésel,20000.0,75.0,manual,19850,Mataró,8302,Barcelona,Mataró
KIA,XCeed,Gasolina,44000.0,204.0,automatic,25990,Sevilla,41005,Sevilla,Sevilla
KIA,XCeed,Gasolina,44000.0,204.0,automatic,25990,Vigo,36211,Pontevedra,Vigo
KIA,XCeed,Gasolina,44000.0,204.0,automatic,25990,Almería,4006,Almería,Almería
KIA,XCeed,Gasolina,44000.0,204.0,automatic,25990,Ullastrell,8231,Barcelona,Ullastrell
KIA,XCeed,Gasolina,44000.0,204.0,automatic,25990,Òrrius,8317,Barcelona,Òrrius
KIA,XCeed,Gasolina,44000.0,204.0,automatic,25990,Palma de Mallorca,7003,Baleares,Palma de Mallorca
KIA,Carens,Diésel,132738.0,136.0,manual,12098,Santa Maria del Aguila,4710,Almería,Santa Maria del Aguila
KIA,Carens,Diésel,132738.0,136.0,manual,12098,Ciudad Real,13003,Ciudad Real,Ciudad Real
KIA,Carens,Diésel,68358.0,141.0,manual,18900,Ciudad Real,13003,Ciudad Real,Ciudad Real
KIA,Carens,Diésel,132738.0,136.0,manual,12098,Santiago de Compostela,15703,A Coruña,Santiago de Compostela
KIA,Carens,Diésel,132738.0,136.0,manual,12098,Valdepeñas,13300,Ciudad Real,Valdepeñas
KIA,Carens,Diésel,132738.0,136.0,manual,12098,Valdepeñas,13300,Ciudad Real,Valdepeñas
KIA,Carens,Diésel,132738.0,136.0,manual,12098,Saladar,3700,Alicante,Saladar
KIA,Carens,Diésel,132738.0,136.0,manual,12098,Mercado Parque Corredor del Henares,28850,Madrid,Mercado Parque Corredor del Henares
Infiniti,EX37,Gasolina,121244.0,320.0,automatic,15490,Valdefuentes,28939,Madrid,Valdefuentes
Infiniti,EX37,Gasolina,121244.0,320.0,automatic,15490,Valdefuentes,28939,Madrid,Valdefuentes
KIA,Stinger,Gasolina,121377.0,370.0,automatic,28990,Jaén,23008,Jaén,Jaén
KIA,Stinger,Gasolina,29823.0,245.0,automatic,37890,Arriaga,48950,Bizkaia,Arriaga
KIA,Stinger,Diésel,72188.0,200.0,automatic,30490,Madrid,28021,Madrid,Madrid
KIA,Niro,Eléctrico,26452.0,141.0,automatic,28175,Alameda del Obispo,14005,Córdoba,Alameda del Obispo
KIA,Niro,Eléctrico,82394.0,141.0,automatic,17900,Málaga,29015,Málaga,Málaga
KIA,Niro,Eléctrico,26452.0,141.0,automatic,28175,Murcia,30003,Murcia,Murcia
KIA,Niro,Eléctrico,26452.0,141.0,automatic,28175,Castello/Castellon de La Plana,12100,Castellón,Castello/Castellon de La Plana
KIA,Niro,Eléctrico,26452.0,141.0,automatic,28175,Olèrdola,8734,Barcelona,Olèrdola
KIA,Niro,Eléctrico,26452.0,141.0,automatic,28175,Olèrdola,8734,Barcelona,Olèrdola
Nissan,Townstar,Gasolina,707.0,130.0,manual,26900,Sant Boi de Llobregat,8830,Barcelona,Sant Boi de Llobregat
Nissan,Townstar,Gasolina,9780.0,130.0,manual,26900,Sant Boi de Llobregat,8830,Barcelona,Sant Boi de Llobregat
Nissan,Pixo,Gasolina,104341.0,68.0,manual,4700,Rivas Vaciamadrid,28521,Madrid,Rivas Vaciamadrid
Chevrolet,Cruze,Gasolina,187234.0,124.0,manual,5190,Madrid,28046,Madrid,Madrid
KIA,Pregio,Diésel,93000.0,83.0,manual,4999,Logroño,26001,La Rioja,Logroño
Infiniti,Q50,Eléctrico,31285.0,364.0,automatic,31900,Zaragoza,50013,Zaragoza,Zaragoza
Infiniti,Q50,Eléctrico,31285.0,364.0,automatic,31900,Santafe,18320,Granada,Santafe
KIA,Optima,Diésel,163900.0,141.0,automatic,12990,Málaga,29005,Málaga,Málaga
KIA,Optima,Diésel,163900.0,141.0,automatic,12990,Almería,4006,Almería,Almería
KIA,Optima,Diésel,163900.0,141.0,automatic,12990,Granada,18005,Granada,Granada
KIA,Optima,Diésel,16145.0,135.0,manual,20899,Madrid,28014,Madrid,Madrid
KIA,Optima,Diésel,16145.0,135.0,manual,20899,Barcelona,8007,Barcelona,Barcelona
KIA,Optima,Diésel,174479.0,141.0,manual,16330,Puerto de Sagunto,46520,Valencia,Puerto de Sagunto
Renault,Koleos,Diésel,227000.0,175.0,manual,4495,Parets del Vallès,8150,Barcelona,Parets del Vallès
Renault,Koleos,Diésel,149800.0,150.0,manual,10999,Villanueva de la Serena,6700,Badajoz,Villanueva de la Serena
KIA,Stonic,Gasolina,24780.0,100.0,manual,17250,Paterna,46980,Valencia,Paterna
KIA,Stonic,Gasolina,24780.0,100.0,manual,17250,Santiago de Compostela,15703,A Coruña,Santiago de Compostela
KIA,Stonic,Gasolina,24780.0,100.0,manual,17250,Mercado Parque Corredor del Henares,28850,Madrid,Mercado Parque Corredor del Henares
KIA,Stonic,Gasolina,24780.0,100.0,manual,17250,Valdepeñas,13300,Ciudad Real,Valdepeñas
KIA,Stonic,Gasolina,24780.0,100.0,manual,17250,Valdepeñas,13300,Ciudad Real,Valdepeñas
KIA,Stonic,Gasolina,24780.0,100.0,manual,17250,Ciudad Real,13003,Ciudad Real,Ciudad Real
KIA,Stonic,Gasolina,24780.0,100.0,manual,17250,Estepona,29680,Málaga,Estepona
KIA,Stonic,Gasolina,24780.0,100.0,manual,17250,Santa Maria del Aguila,4710,Almería,Santa Maria del Aguila
KIA,Stonic,Gasolina,24780.0,100.0,manual,17250,Olèrdola,8734,Barcelona,Olèrdola
KIA,Stonic,Gasolina,24780.0,100.0,manual,17250,Olèrdola,8734,Barcelona,Olèrdola
Chevrolet,Cruze,Gasolina,187234.0,124.0,manual,5190,Las Rozas de Madrid,28232,Madrid,Las Rozas de Madrid
DS,4,Diésel,79500.0,120.0,automatic,15500,Figueres,17600,Girona,Figueres
Renault,Captur,Gasolina,76000.0,89.0,manual,223,Barcelona,8007,Barcelona,Barcelona
Renault,Captur,Gasolina,103000.0,90.0,manual,13900,Valdemoro,28340,Madrid,Valdemoro
Renault,Captur,Gasolina,85000.0,89.0,manual,217,Barcelona,8007,Barcelona,Barcelona
Renault,Captur,Gasolina,81000.0,89.0,manual,217,Barcelona,8007,Barcelona,Barcelona
Renault,Captur,Gasolina,90000.0,89.0,manual,314,Barcelona,8007,Barcelona,Barcelona
Renault,Captur,Gasolina,90000.0,89.0,manual,209,Barcelona,8007,Barcelona,Barcelona
Renault,Captur,Gasolina,79000.0,89.0,manual,376,Barcelona,8007,Barcelona,Barcelona
Renault,Captur,Gasolina,93000.0,89.0,manual,314,Barcelona,8007,Barcelona,Barcelona
Renault,Captur,Gasolina,85000.0,89.0,manual,217,Gandía,46701,Valencia,Gandía
Renault,Captur,Gasolina,84000.0,89.0,manual,217,Gandía,46701,Valencia,Gandía
Renault,Scenic,Diésel,58710.0,95.0,manual,10850,Castello/Castellon de La Plana,12100,Castellón,Castello/Castellon de La Plana
Renault,Scenic,Diésel,58710.0,95.0,manual,10850,Torremolinos,29620,Málaga,Torremolinos
Renault,Scenic,Diésel,58710.0,95.0,manual,10850,Torremolinos,29620,Málaga,Torremolinos
Renault,Scenic,Diésel,58710.0,95.0,manual,10850,Torremolinos,29620,Málaga,Torremolinos
Renault,Scenic,Diésel,58710.0,95.0,manual,10850,Getafe,28906,Madrid,Getafe
Renault,Scenic,Diésel,58710.0,95.0,manual,10850,Zaragoza,50013,Zaragoza,Zaragoza
Renault,Scenic,Diésel,58710.0,95.0,manual,10850,Puerto de Sagunto,46520,Valencia,Puerto de Sagunto
Renault,Scenic,Diésel,58710.0,95.0,manual,10850,Atarrabia,31610,Navarra,Atarrabia
Renault,Fluence,Diésel,141000.0,110.0,manual,7399,Agirre-Aperribai,48960,Bizkaia,Agirre-Aperribai
Nissan,Note,Diésel,138199.0,90.0,manual,7990,Estepona,29680,Málaga,Estepona
Galloper,Super Exceed,Diésel,215000.0,99.0,manual,3790,Jaén,23008,Jaén,Jaén
Nissan,X-Trail,Diésel,109000.0,130.0,manual,294,Barcelona,8007,Barcelona,Barcelona
Nissan,X-Trail,Diésel,97000.0,130.0,manual,518,Barcelona,8009,Barcelona,Barcelona
Nissan,X-Trail,Diésel,97000.0,130.0,manual,490,Madrid,28006,Madrid,Madrid
Nissan,X-Trail,Diésel,48168.0,150.0,manual,25290,Madrid,28021,Madrid,Madrid
Nissan,X-Trail,Diésel,48168.0,150.0,manual,25590,Madrid,28021,Madrid,Madrid
Nissan,X-Trail,Diésel,88673.0,130.0,automatic,24490,Madrid,28021,Madrid,Madrid
Nissan,Juke,Gasolina,14655.0,114.0,manual,20490,Madrid,28021,Madrid,Madrid
Nissan,Juke,Gasolina,14655.0,114.0,manual,20790,Madrid,28021,Madrid,Madrid
Nissan,Juke,Gasolina,88464.0,115.0,manual,11880,Santiago de Compostela,15703,A Coruña,Santiago de Compostela
Nissan,Juke,Diésel,126428.0,110.0,manual,12535,Santiago de Compostela,15703,A Coruña,Santiago de Compostela
Nissan,Juke,Diésel,115163.0,110.0,manual,10900,Santiago de Compostela,15703,A Coruña,Santiago de Compostela
Nissan,Juke,Gasolina,88464.0,115.0,manual,11880,Mercado Parque Corredor del Henares,28850,Madrid,Mercado Parque Corredor del Henares
Nissan,Juke,Gasolina,88464.0,115.0,manual,11880,Estepona,29680,Málaga,Estepona
Nissan,Juke,Gasolina,88464.0,115.0,manual,11880,Ciudad Real,13003,Ciudad Real,Ciudad Real
Nissan,Juke,Gasolina,88464.0,115.0,manual,11880,Sant Vicenç de Montalt,8394,Barcelona,Sant Vicenç de Montalt
Nissan,Juke,Gasolina,88464.0,115.0,manual,11880,Santa Maria del Aguila,4710,Almería,Santa Maria del Aguila
Nissan,NT400 Cabstar,Diésel,299000.0,130.0,manual,19900,Santa Perpètua de Mogoda,8130,Barcelona,Santa Perpètua de Mogoda
Nissan,Tiida,Diésel,153813.0,106.0,manual,5700,La Poveda,28500,Madrid,La Poveda
Nissan,Tiida,Gasolina,170000.0,110.0,manual,2990,Badajoz,6009,Badajoz,Badajoz
Nissan,Tiida,Diésel,169000.0,105.0,manual,4250,Valencia,46025,Valencia,Valencia
Nissan,NV300,Diésel,23256.0,120.0,manual,21735,Torremolinos,29620,Málaga,Torremolinos
Nissan,NV300,Diésel,23256.0,120.0,manual,21735,Torremolinos,29620,Málaga,Torremolinos
Nissan,NV300,Diésel,23256.0,120.0,manual,21735,Torremolinos,29620,Málaga,Torremolinos
Nissan,NV300,Diésel,64396.0,95.0,manual,17900,Santiago de Compostela,15703,A Coruña,Santiago de Compostela
Nissan,NV300,Diésel,64396.0,95.0,manual,17900,Mercado Parque Corredor del Henares,28850,Madrid,Mercado Parque Corredor del Henares
Nissan,NV300,Diésel,64396.0,95.0,manual,17900,Valdepeñas,13300,Ciudad Real,Valdepeñas
Nissan,NV300,Diésel,64396.0,95.0,manual,17900,Valdepeñas,13300,Ciudad Real,Valdepeñas
Nissan,NV300,Diésel,64396.0,95.0,manual,17900,Ciudad Real,13003,Ciudad Real,Ciudad Real
Nissan,NV300,Diésel,64396.0,95.0,manual,17900,Estepona,29680,Málaga,Estepona
Nissan,NV300,Diésel,64396.0,95.0,manual,17900,Sant Vicenç de Montalt,8394,Barcelona,Sant Vicenç de Montalt
Nissan,NV300,Diésel,64396.0,95.0,manual,17900,Olèrdola,8734,Barcelona,Olèrdola
Nissan,NV300,Diésel,64396.0,95.0,manual,17900,Olèrdola,8734,Barcelona,Olèrdola
Nissan,NV300,Diésel,64396.0,95.0,manual,17900,Alameda del Obispo,14005,Córdoba,Alameda del Obispo
Nissan,Pick-up,Diésel,278000.0,133.0,manual,6500,Cuenca,16002,Cuenca,Cuenca
Nissan,NV200,Diésel,29445.0,90.0,manual,19990,Málaga,29005,Málaga,Málaga
Nissan,NV200,Diésel,134450.0,90.0,manual,11990,Murcia,30005,Murcia,Murcia
Nissan,NV200,Diésel,182710.0,110.0,manual,13500,Sant Vicenç dels Horts,8620,Barcelona,Sant Vicenç dels Horts
Nissan,NV200,Diésel,182710.0,110.0,manual,12485,Sant Vicenç dels Horts,8620,Barcelona,Sant Vicenç dels Horts
Nissan,Leaf,Eléctrico,104244.0,150.0,automatic,23490,Sevilla,41005,Sevilla,Sevilla
Chevrolet,Cruze,Diésel,109300.0,150.0,manual,8000,Roquetas de Mar,4740,Almería,Roquetas de Mar
Nissan,Primera,Gasolina,119000.0,109.0,manual,3499,Vega Santa Maria,23700,Jaén,Vega Santa Maria
Nissan,Evalia,Diésel,120000.0,110.0,manual,14490,Alicante,3010,Alicante,Alicante
Nissan,Evalia,Diésel,120000.0,110.0,manual,14490,Alicante,3010,Murcia,Alicante
Nissan,Navara,Diésel,162588.0,174.0,manual,10990,Atarrabia,31610,Navarra,Atarrabia
Nissan,Navara,Diésel,162588.0,174.0,manual,10990,Albacete,2001,Albacete,Albacete
Nissan,NP300 Navara,Diésel,80000.0,160.0,manual,19800,Alcalá de Henares,28801,Madrid,Alcalá de Henares
Nissan,NV400,Diésel,37000.0,136.0,manual,25132,Montcada i Reixac,8110,Barcelona,Montcada i Reixac
Nissan,Micra,Gasolina,52092.0,101.0,manual,12899,Madrid,28014,Madrid,Madrid
Nissan,Micra,Gasolina,52092.0,101.0,manual,12899,Barcelona,8007,Barcelona,Barcelona
Nissan,Pulsar,Diésel,117495.0,110.0,manual,12500,Santiago de Compostela,15703,A Coruña,Santiago de Compostela
Nissan,Pulsar,Diésel,120370.0,110.0,manual,12650,Santiago de Compostela,15703,A Coruña,Santiago de Compostela
Nissan,Pulsar,Diésel,117495.0,110.0,manual,12500,Valdepeñas,13300,Ciudad Real,Valdepeñas
Nissan,Pulsar,Diésel,117495.0,110.0,manual,12500,Valdepeñas,13300,Ciudad Real,Valdepeñas
Nissan,Pulsar,Diésel,117495.0,110.0,manual,12500,Ciudad Real,13003,Ciudad Real,Ciudad Real
Nissan,Pulsar,Diésel,117495.0,110.0,manual,12500,Sant Vicenç de Montalt,8394,Barcelona,Sant Vicenç de Montalt
Nissan,Pulsar,Diésel,120370.0,110.0,manual,12650,Mercado Parque Corredor del Henares,28850,Madrid,Mercado Parque Corredor del Henares
Nissan,Pulsar,Diésel,120370.0,110.0,manual,12650,Valdepeñas,13300,Ciudad Real,Valdepeñas
Nissan,Pulsar,Diésel,120370.0,110.0,manual,12650,Valdepeñas,13300,Ciudad Real,Valdepeñas
Nissan,Pathfinder,Gasolina,123000.0,150.0,automatic,6900,L'/Alqueria de La Condesa Alqueria de La Comtessa,46715,Valencia,L'/Alqueria de La Condesa Alqueria de La Comtessa
Nissan,Pathfinder,Diésel,247000.0,190.0,manual,12990,Torremolinos,29620,Málaga,Torremolinos
Nissan,Pathfinder,Diésel,247000.0,190.0,manual,12990,Torremolinos,29620,Málaga,Torremolinos
Nissan,Pathfinder,Diésel,247000.0,190.0,manual,12990,Torremolinos,29620,Málaga,Torremolinos
Nissan,370Z,Gasolina,69610.0,328.0,manual,26900,Sant Boi de Llobregat,8830,Barcelona,Sant Boi de Llobregat
Nissan,Kubistar,Gasolina,95000.0,60.0,manual,3600,Manresa,8240,Barcelona,Manresa
Nissan,Kubistar,Diésel,310000.0,65.0,manual,1950,Ripoll,17500,Girona,Ripoll
Nissan,Atleon,Diésel,109000.0,130.0,manual,21800,Alicante,3001,Alicante,Alicante
Nissan,NV250,Diésel,38000.0,95.0,manual,17521,Montcada i Reixac,8110,Barcelona,Montcada i Reixac
Nissan,NV250,Diésel,73857.0,95.0,manual,15990,Madrid,28021,Madrid,Madrid
Nissan,NV250,Diésel,73857.0,95.0,manual,15590,Madrid,28021,Madrid,Madrid
Nissan,NV250,Diésel,37502.0,116.0,manual,19500,Arriaga,48950,Bizkaia,Arriaga
Nissan,NV250,Diésel,37502.0,116.0,manual,16900,Madrid,28014,Madrid,Madrid
Mitsubishi,3000 GT,Gasolina,188000.0,162.0,automatic,7999,Muxa,27192,Lugo,Muxa
Mitsubishi,3000 GT,Gasolina,150000.0,300.0,manual,19990,Tordera,8490,Barcelona,Tordera
Mitsubishi,Outlander,Eléctrico,39050.0,224.0,automatic,35075,Santa Maria del Aguila,4710,Almería,Santa Maria del Aguila
Mitsubishi,Outlander,Diésel,262611.0,150.0,manual,12375,Santiago de Compostela,15703,A Coruña,Santiago de Compostela
Mitsubishi,Outlander,Diésel,262611.0,150.0,manual,12375,Mercado Parque Corredor del Henares,28850,Madrid,Mercado Parque Corredor del Henares
Mitsubishi,Outlander,Diésel,262611.0,150.0,manual,12375,Ciudad Real,13003,Ciudad Real,Ciudad Real
Mitsubishi,Outlander,Diésel,262611.0,150.0,manual,12375,Estepona,29680,Málaga,Estepona
Mitsubishi,Outlander,Diésel,262611.0,150.0,manual,12375,Santa Maria del Aguila,4710,Almería,Santa Maria del Aguila
Mitsubishi,Lancer,Diésel,280000.0,140.0,manual,4000,Torrejón de Ardoz,28850,Madrid,Torrejón de Ardoz
Mitsubishi,Space Wagon,Gasolina,203653.0,150.0,manual,3500,Valls,43800,Tarragona,Valls
Mitsubishi,Space Star,Gasolina,232000.0,82.0,manual,1500,Durango,48200,Bizkaia,Durango
Mitsubishi,Space Star,Gasolina,232000.0,82.0,manual,1500,Durango,48200,Bizkaia,Durango
Mitsubishi,Space Star,Gasolina,103804.0,80.0,manual,9490,Madrid,28021,Madrid,Madrid
Mitsubishi,Space Star,Gasolina,103804.0,80.0,manual,8990,Madrid,28021,Madrid,Madrid
Chevrolet,Cruze,Gasolina,173850.0,113.0,manual,6300,La Poveda,28500,Madrid,La Poveda
Nissan,Qashqai,Gasolina,100632.0,115.0,automatic,16490,Alicante,3010,Alicante,Alicante
Nissan,Qashqai,Gasolina,100632.0,115.0,automatic,16490,Alicante,3010,Murcia,Alicante
Nissan,Qashqai,Diésel,116450.0,110.0,manual,16490,Madrid,28021,Madrid,Madrid
Nissan,Qashqai,Diésel,175227.0,110.0,manual,11990,Santiago de Compostela,15703,A Coruña,Santiago de Compostela
MG,Marvel R,Eléctrico,0.0,179.0,automatic,39800,Toledo,45002,Toledo,Toledo
MG,ZR,Gasolina,95000.0,160.0,manual,4900,Palma de Mallorca,7004,Baleares,Palma de Mallorca
MG,TF,Gasolina,30889.0,116.0,manual,8990,Vilafranca del Penedès,8720,Barcelona,Vilafranca del Penedès
MG,EHS,Eléctrico,28000.0,258.0,automatic,22000,Villena,3400,Alicante,Villena
MG,EHS,Eléctrico,28000.0,258.0,automatic,19900,Villena,3400,Alicante,Villena
MG,EHS,Eléctrico,7.0,258.0,automatic,36290,Armentia,1007,Álava,Armentia
MG,ZS,Gasolina,10400.0,111.0,automatic,18490,Málaga,29005,Málaga,Málaga
MG,ZS,Gasolina,10400.0,111.0,automatic,18490,Castellón,12001,Castellón,Castellón
MG,ZS,Gasolina,10400.0,111.0,automatic,18490,Vigo,36211,Pontevedra,Vigo
Mitsubishi,L 200,Diésel,128000.0,154.0,manual,21999,Humanes de Madrid,28970,Madrid,Humanes de Madrid
Mitsubishi,L 200,Diésel,114000.0,136.0,manual,15499,Las Navas del Marqués,5230,Ávila,Las Navas del Marqués
Mitsubishi,Eclipse Cross,Gasolina,36040.0,163.0,automatic,24990,Sevilla,41005,Sevilla,Sevilla
Mitsubishi,Eclipse Cross,Gasolina,36040.0,163.0,automatic,24990,Bilbao,48004,Bizkaia,Bilbao
Mitsubishi,Eclipse Cross,Gasolina,36040.0,163.0,automatic,24990,Vigo,36211,Pontevedra,Vigo
Lexus,GS,Eléctrico,28171.0,223.0,automatic,29900,Torremolinos,29620,Málaga,Torremolinos
Lexus,GS,Eléctrico,28171.0,223.0,automatic,29900,Torremolinos,29620,Málaga,Torremolinos
Lexus,GS,Eléctrico,28171.0,223.0,automatic,29900,Torremolinos,29620,Málaga,Torremolinos
Lexus,NX,Eléctrico,49148.0,197.0,automatic,36788,Murcia,30003,Murcia,Murcia
Lexus,SC,Gasolina,25077.0,283.0,automatic,23800,Pla de na Tesa,7141,Baleares,Pla de na Tesa
Lexus,IS F,Gasolina,188000.0,423.0,manual,33000,Granollers,8401,Barcelona,Granollers
KIA,Venga,Gasolina,49887.0,90.0,manual,10500,L'Hospitalet de Llobregat,8901,Barcelona,L'Hospitalet de Llobregat
KIA,Venga,Diésel,131000.0,90.0,manual,7990,Poligono Industrial Madanela,15800,A Coruña,Poligono Industrial Madanela
KIA,Venga,Gasolina,69300.0,90.0,manual,8690,Almería,4006,Almería,Almería
KIA,Venga,Gasolina,69300.0,90.0,manual,8690,Òrrius,8317,Barcelona,Òrrius
KIA,Venga,Gasolina,69300.0,90.0,manual,8690,Sevilla,41005,Sevilla,Sevilla
KIA,Venga,Gasolina,69300.0,90.0,manual,8690,Vigo,36211,Pontevedra,Vigo
KIA,Venga,Gasolina,69300.0,90.0,manual,8690,Granada,18005,Granada,Granada
Volkswagen,Lupo,Diésel,116292.0,75.0,manual,1690,Madrid,28026,Madrid,Madrid
Chevrolet,Cruze,Diésel,212000.0,125.0,manual,5900,Alcalá de Henares,28801,Madrid,Alcalá de Henares
Hyundai,ix55,Diésel,187200.0,239.0,manual,12350,Alcorcón,28923,Madrid,Alcorcón
Hyundai,ix55,Diésel,220695.0,240.0,automatic,7290,Madrid,28046,Madrid,Madrid
Hyundai,ix55,Diésel,220695.0,240.0,automatic,7290,Las Rozas de Madrid,28232,Madrid,Las Rozas de Madrid
Mercedes-Benz,Clase B,Diésel,212741.0,136.0,manual,11935,Santiago de Compostela,15703,A Coruña,Santiago de Compostela
Mercedes-Benz,Clase B,Diésel,212741.0,136.0,manual,11935,Mercado Parque Corredor del Henares,28850,Madrid,Mercado Parque Corredor del Henares
Mercedes-Benz,Clase B,Diésel,212741.0,136.0,manual,11935,Valdepeñas,13300,Ciudad Real,Valdepeñas
Mercedes-Benz,Clase B,Diésel,212741.0,136.0,manual,11935,Valdepeñas,13300,Ciudad Real,Valdepeñas
Mercedes-Benz,Clase B,Diésel,212741.0,136.0,manual,11935,Ciudad Real,13003,Ciudad Real,Ciudad Real
Mercedes-Benz,Clase B,Diésel,212741.0,136.0,manual,11935,Estepona,29680,Málaga,Estepona
Mercedes-Benz,Clase B,Diésel,212741.0,136.0,manual,11935,Sant Vicenç de Montalt,8394,Barcelona,Sant Vicenç de Montalt
Mercedes-Benz,Clase B,Diésel,212741.0,136.0,manual,11935,Olèrdola,8734,Barcelona,Olèrdola
Mercedes-Benz,Clase B,Diésel,212741.0,136.0,manual,11935,Olèrdola,8734,Barcelona,Olèrdola
Mercedes-Benz,Clase B,Diésel,212741.0,136.0,manual,11935,Alameda del Obispo,14005,Córdoba,Alameda del Obispo
Mercedes-Benz,Clase B,Diésel,212741.0,136.0,manual,11935,Alcobendas,28100,Madrid,Alcobendas
Abarth,500,Gasolina,98956.0,145.0,manual,13490,Urbanizacion La Granjilla,28700,Madrid,Urbanizacion La Granjilla
Abarth,500,Gasolina,98956.0,145.0,manual,13490,Collado Villalba,28400,Madrid,Collado Villalba
Abarth,500,Gasolina,98956.0,145.0,manual,13490,Collado Villalba,28400,Madrid,Collado Villalba
Abarth,500,Gasolina,98956.0,145.0,manual,13490,Toledo,45002,Toledo,Toledo
Abarth,500,Gasolina,98956.0,145.0,manual,13490,Villaviciosa de Odón,28670,Madrid,Villaviciosa de Odón
Abarth,500,Gasolina,98956.0,145.0,manual,13490,Colonia Pablo Iglesias,28520,Madrid,Colonia Pablo Iglesias
Abarth,500,Gasolina,98956.0,145.0,manual,13490,Camarma de Esteruelas,28816,Madrid,Camarma de Esteruelas
Abarth,500,Gasolina,98956.0,145.0,manual,13490,Camarma de Esteruelas,28816,Madrid,Camarma de Esteruelas
Abarth,500,Gasolina,23435.0,165.0,manual,17990,Córdoba,14003,Córdoba,Córdoba
Abarth,595,Gasolina,9800.0,180.0,manual,25490,Torredembarra,43830,Tarragona,Torredembarra
Abarth,595,Gasolina,9690.0,180.0,manual,29900,Sabadell,8201,Barcelona,Sabadell
Alfa Romeo,MiTO,Diésel,109300.0,85.0,manual,8990,Málaga,29005,Málaga,Málaga
Alfa Romeo,MiTO,Diésel,169000.0,95.0,manual,6900,Cádiz,11006,Cádiz,Cádiz
Alfa Romeo,Spider,Gasolina,49456.0,166.0,manual,10990,Madrid,28015,Madrid,Madrid
Alfa Romeo,Spider,Diésel,116506.0,200.0,manual,12800,Collado Villalba,28400,Madrid,Collado Villalba
Alfa Romeo,Spider,Diésel,116506.0,200.0,manual,12800,Collado Villalba,28400,Madrid,Collado Villalba
Alfa Romeo,Spider,Diésel,116506.0,200.0,manual,12800,Valdepeñas,13300,Ciudad Real,Valdepeñas
Alfa Romeo,Spider,Diésel,116506.0,200.0,manual,12800,Valdepeñas,13300,Ciudad Real,Valdepeñas
Alfa Romeo,Spider,Diésel,116506.0,200.0,manual,12800,Estepona,29680,Málaga,Estepona
Alfa Romeo,Spider,Diésel,116506.0,200.0,manual,12800,Saladar,3700,Alicante,Saladar
Alfa Romeo,Stelvio,Diésel,40103.0,190.0,automatic,38525,Olèrdola,8734,Barcelona,Olèrdola
Alfa Romeo,Stelvio,Diésel,40103.0,190.0,automatic,38525,Olèrdola,8734,Barcelona,Olèrdola
Alfa Romeo,Stelvio,Diésel,40103.0,190.0,automatic,38525,Alameda del Obispo,14005,Córdoba,Alameda del Obispo
Alfa Romeo,Stelvio,Gasolina,91000.0,280.0,automatic,31000,Lugones,33420,Asturias,Lugones
Alfa Romeo,Giulietta,Diésel,84269.0,120.0,manual,15950,Estepona,29680,Málaga,Estepona
Alfa Romeo,Giulietta,Diésel,84269.0,120.0,manual,15950,Olèrdola,8734,Barcelona,Olèrdola
Alfa Romeo,Giulietta,Diésel,84269.0,120.0,manual,15950,Olèrdola,8734,Barcelona,Olèrdola
Alfa Romeo,Giulietta,Diésel,84269.0,120.0,manual,15950,Barcelona,8007,Barcelona,Barcelona
Alfa Romeo,Giulietta,Diésel,40254.0,120.0,manual,16999,Madrid,28014,Madrid,Madrid
Alfa Romeo,Giulietta,Diésel,40254.0,120.0,manual,16899,Madrid,28014,Madrid,Madrid
Alfa Romeo,Giulietta,Diésel,40254.0,120.0,manual,16999,Barcelona,8007,Barcelona,Barcelona
Alfa Romeo,Giulietta,Diésel,40254.0,120.0,manual,16899,Barcelona,8007,Barcelona,Barcelona
Alfa Romeo,Giulietta,Diésel,84269.0,120.0,manual,15950,Colonia Pablo Iglesias,28520,Madrid,Colonia Pablo Iglesias
Alfa Romeo,GTV,Gasolina,159500.0,150.0,manual,4700,Málaga,29004,Málaga,Málaga
Alfa Romeo,Giulia,Diésel,111486.0,180.0,automatic,21990,Madrid,28021,Madrid,Madrid
Alfa Romeo,Giulia,Diésel,83665.0,210.0,automatic,27490,Madrid,28021,Madrid,Madrid
Alfa Romeo,Tonale,Gasolina,1280.0,160.0,automatic,540,Tavernes de la Valldigna,46760,Valencia,Tavernes de la Valldigna
Alfa Romeo,Tonale,Gasolina,1280.0,160.0,automatic,540,Tavernes de la Valldigna,46760,Valencia,Tavernes de la Valldigna
Audi,Q2,Diésel,50172.0,116.0,automatic,26290,Madrid,28021,Madrid,Madrid
Audi,Q2,Diésel,50172.0,116.0,automatic,25690,Madrid,28021,Madrid,Madrid
Audi,Q2,Diésel,71126.0,150.0,automatic,31625,Santiago de Compostela,15703,A Coruña,Santiago de Compostela
Audi,Q2,Diésel,71126.0,150.0,automatic,31625,Mercado Parque Corredor del Henares,28850,Madrid,Mercado Parque Corredor del Henares
Audi,Q2,Diésel,71126.0,150.0,automatic,31625,Valdepeñas,13300,Ciudad Real,Valdepeñas
Audi,Q2,Diésel,71126.0,150.0,automatic,31625,Valdepeñas,13300,Ciudad Real,Valdepeñas
Audi,Q2,Diésel,71126.0,150.0,automatic,31625,Ciudad Real,13003,Ciudad Real,Ciudad Real
Audi,Q2,Diésel,71126.0,150.0,automatic,31625,Sant Vicenç de Montalt,8394,Barcelona,Sant Vicenç de Montalt
Audi,Q2,Diésel,71126.0,150.0,automatic,31625,Santa Maria del Aguila,4710,Almería,Santa Maria del Aguila
Audi,Q2,Diésel,71126.0,150.0,automatic,31625,Olèrdola,8734,Barcelona,Olèrdola
Audi,Q2,Diésel,71126.0,150.0,automatic,31625,Olèrdola,8734,Barcelona,Olèrdola
Audi,S8,Gasolina,156000.0,450.0,automatic,24500,Vilanova i la Geltrú,8800,Barcelona,Vilanova i la Geltrú
Audi,A5,Diésel,137669.0,150.0,automatic,27500,Benicarló,12580,Castellón,Benicarló
Audi,A5,Gasolina,89000.0,333.0,automatic,37990,Urbanizacion La Granjilla,28700,Madrid,Urbanizacion La Granjilla
Chevrolet,Cruze,Diésel,63533.0,163.0,manual,9999,Madrid,28014,Madrid,Madrid
Chevrolet,Cruze,Diésel,63533.0,163.0,manual,9999,Barcelona,8007,Barcelona,Barcelona
Audi,S3,Gasolina,140000.0,300.0,automatic,26500,Dos Hermanas,41700,Sevilla,Dos Hermanas
Audi,Q3,Diésel,112000.0,149.0,manual,301,Barcelona,8007,Barcelona,Barcelona
Audi,Q3,Diésel,112000.0,149.0,manual,578,Barcelona,8007,Barcelona,Barcelona
Audi,Q3,Gasolina,73730.0,150.0,automatic,32990,Madrid,28021,Madrid,Madrid
Audi,A3,Gasolina,39981.0,150.0,automatic,22990,Sevilla,41005,Sevilla,Sevilla
Audi,A3,Gasolina,39981.0,150.0,automatic,22990,Alicante,3010,Alicante,Alicante
Audi,A3,Gasolina,39981.0,150.0,automatic,22990,Alicante,3010,Murcia,Alicante
Audi,A3,Diésel,76227.0,110.0,manual,16190,Málaga,29005,Málaga,Málaga
Audi,A3,Gasolina,39981.0,150.0,automatic,22990,Almería,4006,Almería,Almería
Audi,Q5,Diésel,121500.0,190.0,automatic,24990,Sevilla,41005,Sevilla,Sevilla
Audi,Q5,Diésel,121500.0,190.0,automatic,24780,Sevilla,41005,Sevilla,Sevilla
Audi,Q5,Diésel,121500.0,190.0,automatic,24990,Alicante,3010,Alicante,Alicante
Audi,Q5,Diésel,121500.0,190.0,automatic,24990,Alicante,3010,Murcia,Alicante
Audi,Q5,Diésel,121500.0,190.0,automatic,24780,Alicante,3010,Alicante,Alicante
Audi,Q5,Diésel,121500.0,190.0,automatic,24780,Alicante,3010,Murcia,Alicante
Audi,Q5,Diésel,121500.0,190.0,automatic,24990,Bilbao,48004,Bizkaia,Bilbao
Audi,Q5,Diésel,121500.0,190.0,automatic,24780,Bilbao,48004,Bizkaia,Bilbao
Audi,Q5,Diésel,121500.0,190.0,automatic,24990,Almería,4006,Almería,Almería
Audi,Q5,Diésel,121500.0,190.0,automatic,24780,Almería,4006,Almería,Almería
Audi,Q5,Diésel,121500.0,190.0,automatic,24990,Valencia,46001,Valencia,Valencia
Audi,Q5,Diésel,121500.0,190.0,automatic,24780,Valencia,46001,Valencia,Valencia
Audi,Q5,Diésel,121500.0,190.0,automatic,24990,Málaga,29005,Málaga,Málaga
Audi,Q5,Diésel,121500.0,190.0,automatic,24780,Málaga,29005,Málaga,Málaga
Audi,Q5,Diésel,121500.0,190.0,automatic,24990,Vigo,36211,Pontevedra,Vigo
Audi,Q5,Diésel,121500.0,190.0,automatic,24780,Vigo,36211,Pontevedra,Vigo
Audi,A8,Diésel,188410.0,250.0,automatic,22990,Málaga,29005,Málaga,Málaga
Audi,S1,Gasolina,103050.0,231.0,manual,19990,Girona,17007,Girona,Girona
Audi,S1,Gasolina,103050.0,231.0,manual,19990,Tarragona,43006,Tarragona,Tarragona
Audi,A6,Diésel,98239.0,180.0,manual,10800,Santiago de Compostela,15703,A Coruña,Santiago de Compostela
Audi,A6,Diésel,98239.0,180.0,manual,10800,Mercado Parque Corredor del Henares,28850,Madrid,Mercado Parque Corredor del Henares
Audi,A6,Diésel,98239.0,180.0,manual,10800,Valdepeñas,13300,Ciudad Real,Valdepeñas
Audi,A6,Diésel,98239.0,180.0,manual,10800,Valdepeñas,13300,Ciudad Real,Valdepeñas
Audi,A6,Diésel,98239.0,180.0,manual,10800,Estepona,29680,Málaga,Estepona
Audi,A6,Diésel,98239.0,180.0,manual,10800,Sant Vicenç de Montalt,8394,Barcelona,Sant Vicenç de Montalt
Audi,A6,Diésel,98239.0,180.0,manual,10800,Santa Maria del Aguila,4710,Almería,Santa Maria del Aguila
Audi,A6,Diésel,54536.0,190.0,automatic,26990,Sevilla,41005,Sevilla,Sevilla
Audi,A6,Diésel,54536.0,190.0,automatic,25990,Sevilla,41005,Sevilla,Sevilla
Audi,A7,Diésel,191000.0,272.0,automatic,25790,Bilbao,48004,Bizkaia,Bilbao
Audi,A6 Allroad,Diésel,279000.0,180.0,manual,4500,La Estacada,30528,Murcia,La Estacada
Audi,A1,Diésel,22000.0,89.0,manual,484,Barcelona,8009,Barcelona,Barcelona
Audi,A1,Gasolina,75000.0,95.0,manual,415,Valencia,46005,Valencia,Valencia
Audi,A1,Gasolina,64656.0,95.0,manual,16490,Madrid,28021,Madrid,Madrid
Audi,A1,Gasolina,64656.0,95.0,manual,15990,Madrid,28021,Madrid,Madrid
Audi,A1,Gasolina,16100.0,110.0,manual,20790,Almería,4006,Almería,Almería
Audi,A4,Gasolina,148390.0,180.0,manual,10990,Mercado Parque Corredor del Henares,28850,Madrid,Mercado Parque Corredor del Henares
Audi,A4,Gasolina,148390.0,180.0,manual,10990,Vigo,36214,Pontevedra,Vigo
Audi,A4,Gasolina,148390.0,180.0,manual,10990,Sant Vicenç de Montalt,8394,Barcelona,Sant Vicenç de Montalt
Audi,A4,Diésel,121682.0,150.0,manual,17500,Granollers,8403,Barcelona,Granollers
Audi,A4,Gasolina,148390.0,180.0,manual,10990,Olèrdola,8734,Barcelona,Olèrdola
Audi,A4,Gasolina,148390.0,180.0,manual,10990,Olèrdola,8734,Barcelona,Olèrdola
Audi,A4,Diésel,96273.0,150.0,automatic,22990,Sevilla,41005,Sevilla,Sevilla
Chevrolet,Cruze,Diésel,155232.0,163.0,manual,7299,Madrid,28014,Madrid,Madrid
Audi,RS4,Gasolina,200000.0,420.0,manual,28900,O Birloque,15008,A Coruña,O Birloque
Audi,RS4,Gasolina,200000.0,420.0,manual,28900,O Birloque,15008,A Coruña,O Birloque
Audi,RS5,Gasolina,140000.0,450.0,automatic,34890,Bilbao,48004,Bizkaia,Bilbao
Bentley,Continental,Gasolina,67000.0,560.0,automatic,39900,Málaga,29006,Málaga,Málaga
Bentley,Continental,Gasolina,150000.0,560.0,automatic,36500,Cerdanyola del Vallès,8290,Barcelona,Cerdanyola del Vallès
Cadillac,Escalade,Gasolina,62000.0,409.0,automatic,38995,Tamaraceite,35018,Las Palmas,Tamaraceite
Cadillac,Seville,Gasolina,24600.0,279.0,automatic,7900,La Estacada,30528,Murcia,La Estacada
Cadillac,Seville,Gasolina,296000.0,305.0,automatic,5986,San Fernando de Henares,28830,Madrid,San Fernando de Henares
KIA,Rio,Gasolina,49296.0,84.0,manual,10390,Antequera,29200,Málaga,Antequera
KIA,Rio,Gasolina,49296.0,84.0,manual,10890,Antequera,29200,Málaga,Antequera
KIA,Rio,Gasolina,49256.0,84.0,manual,10390,Málaga,29006,Málaga,Málaga
KIA,Rio,Gasolina,103864.0,85.0,manual,7990,Sevilla,41005,Sevilla,Sevilla
KIA,Rio,Gasolina,103864.0,85.0,manual,6990,Sevilla,41005,Sevilla,Sevilla
Chevrolet,Camaro,Gasolina,60112.0,405.0,automatic,33550,Barcelona,8007,Barcelona,Barcelona
Chevrolet,Trax,Gasolina,55195.0,115.0,manual,13144,Granollers,8403,Barcelona,Granollers
Chevrolet,Trax,Gasolina,55195.0,115.0,manual,13144,Sant Vicenç de Montalt,8394,Barcelona,Sant Vicenç de Montalt
Citroen,C3 Picasso,Gasolina,45926.0,110.0,manual,12420,Santiago de Compostela,15703,A Coruña,Santiago de Compostela
Citroen,C3 Picasso,Gasolina,45926.0,110.0,manual,12420,Mercado Parque Corredor del Henares,28850,Madrid,Mercado Parque Corredor del Henares
Citroen,C3 Picasso,Gasolina,45926.0,110.0,manual,12420,Valdepeñas,13300,Ciudad Real,Valdepeñas
Citroen,C3 Picasso,Gasolina,45926.0,110.0,manual,12420,Valdepeñas,13300,Ciudad Real,Valdepeñas
Citroen,C3 Picasso,Gasolina,45926.0,110.0,manual,12420,Ciudad Real,13003,Ciudad Real,Ciudad Real
Citroen,C3 Picasso,Gasolina,45926.0,110.0,manual,12420,Estepona,29680,Málaga,Estepona
Citroen,C3 Picasso,Gasolina,45926.0,110.0,manual,12420,Santa Maria del Aguila,4710,Almería,Santa Maria del Aguila
Citroen,C3 Picasso,Gasolina,45926.0,110.0,manual,12420,Olèrdola,8734,Barcelona,Olèrdola
Citroen,C3 Picasso,Gasolina,45926.0,110.0,manual,12420,Olèrdola,8734,Barcelona,Olèrdola
Citroen,C3 Picasso,Gasolina,45926.0,110.0,manual,12420,Alameda del Obispo,14005,Córdoba,Alameda del Obispo
Citroen,C3 Picasso,Gasolina,45926.0,110.0,manual,12420,Alcobendas,28100,Madrid,Alcobendas
Citroen,Jumpy,Diésel,435000.0,130.0,manual,7990,Sant Quirze del Vallès,8192,Barcelona,Sant Quirze del Vallès
Citroen,Xsara,Diésel,223169.0,90.0,manual,2340,Madrid,28026,Madrid,Madrid
Citroen,Xsara,Diésel,230005.0,90.0,manual,1480,Madrid,28026,Madrid,Madrid
Citroen,XM,Gasolina,153994.0,168.0,automatic,4500,Sant Feliu de Llobregat,8980,Barcelona,Sant Feliu de Llobregat
Citroen,XM,Gasolina,80000.0,150.0,manual,11900,Sant Joan Despí,8970,Barcelona,Sant Joan Despí
Citroen,C-Crosser,Diésel,108131.0,156.0,manual,11500,Puerto de Sagunto,46520,Valencia,Puerto de Sagunto
Citroen,C-Crosser,Diésel,108131.0,156.0,manual,11500,Paterna,46980,Valencia,Paterna
Citroen,C-Crosser,Diésel,108131.0,156.0,manual,11500,Santiago de Compostela,15703,A Coruña,Santiago de Compostela
Citroen,C-Crosser,Diésel,108131.0,156.0,manual,11500,Badajoz,6008,Badajoz,Badajoz
Citroen,C-Crosser,Diésel,108131.0,156.0,manual,11500,Las Rozas de Madrid,28232,Madrid,Las Rozas de Madrid
Citroen,C-Crosser,Diésel,108131.0,156.0,manual,11500,Vigo,36214,Pontevedra,Vigo
Citroen,C-Crosser,Diésel,108131.0,156.0,manual,11500,Estepona,29680,Málaga,Estepona
Citroen,C-Crosser,Diésel,108131.0,156.0,manual,11500,Murcia,30003,Murcia,Murcia
Citroen,C2,Diésel,230.0,68.0,manual,1990,Pontevedra,36164,Pontevedra,Pontevedra
Citroen,C3 Aircross,Gasolina,48000.0,130.0,manual,419,Madrid,28006,Madrid,Madrid
Citroen,C3 Aircross,Diésel,110000.0,102.0,manual,381,Madrid,28006,Madrid,Madrid
Citroen,C3 Aircross,Gasolina,32102.0,110.0,manual,16990,Madrid,28021,Madrid,Madrid
Citroen,C3 Aircross,Gasolina,32102.0,110.0,manual,16490,Madrid,28021,Madrid,Madrid
Citroen,C3 Aircross,Gasolina,22000.0,110.0,manual,13990,Vigo,36211,Pontevedra,Vigo
Citroen,C4 SpaceTourer,Gasolina,87000.0,130.0,manual,422,Madrid,28006,Madrid,Madrid
Citroen,C4 SpaceTourer,Diésel,118000.0,130.0,manual,215,Madrid,28009,Madrid,Madrid
Citroen,C4 SpaceTourer,Gasolina,87000.0,130.0,manual,412,Barcelona,8009,Barcelona,Barcelona
Citroen,C4 SpaceTourer,Gasolina,77916.0,130.0,manual,18499,Barcelona,8007,Barcelona,Barcelona
Citroen,C4 SpaceTourer,Gasolina,77916.0,130.0,manual,18499,Madrid,28014,Madrid,Madrid
Citroen,DS3,Gasolina,77174.0,120.0,manual,12890,Madrid,28021,Madrid,Madrid
Citroen,DS3,Diésel,74724.0,68.0,manual,9999,Barcelona,8007,Barcelona,Barcelona
Citroen,DS3,Diésel,74724.0,68.0,manual,9799,Barcelona,8007,Barcelona,Barcelona
Citroen,Grand C4 SpaceTourer,Gasolina,99950.0,130.0,manual,421,Valencia,46005,Valencia,Valencia
Citroen,Grand C4 SpaceTourer,Gasolina,114000.0,130.0,manual,416,Madrid,28006,Madrid,Madrid
Citroen,Grand C4 SpaceTourer,Gasolina,64990.0,130.0,manual,17490,Sevilla,41005,Sevilla,Sevilla
Citroen,Grand C4 SpaceTourer,Gasolina,64990.0,130.0,manual,16990,Sevilla,41005,Sevilla,Sevilla
Citroen,Grand C4 SpaceTourer,Gasolina,64990.0,130.0,manual,17490,Alicante,3010,Alicante,Alicante
Citroen,Grand C4 SpaceTourer,Gasolina,64990.0,130.0,manual,17490,Alicante,3010,Murcia,Alicante
Citroen,Grand C4 SpaceTourer,Gasolina,64990.0,130.0,manual,16990,Alicante,3010,Alicante,Alicante
Citroen,Grand C4 SpaceTourer,Gasolina,64990.0,130.0,manual,16990,Alicante,3010,Murcia,Alicante
Citroen,Grand C4 SpaceTourer,Gasolina,64990.0,130.0,manual,17490,Vigo,36211,Pontevedra,Vigo
Citroen,Grand C4 SpaceTourer,Gasolina,64990.0,130.0,manual,16990,Vigo,36211,Pontevedra,Vigo
Citroen,Grand C4 SpaceTourer,Gasolina,64990.0,130.0,manual,17490,Granada,18005,Granada,Granada
Citroen,Grand C4 SpaceTourer,Gasolina,64990.0,130.0,manual,16990,Granada,18005,Granada,Granada
Citroen,Grand C4 SpaceTourer,Gasolina,64990.0,130.0,manual,17490,Murcia,30005,Murcia,Murcia
Citroen,Grand C4 SpaceTourer,Gasolina,64990.0,130.0,manual,16990,Murcia,30005,Murcia,Murcia
Citroen,C4 Cactus,Diésel,72000.0,102.0,manual,389,Barcelona,8009,Barcelona,Barcelona
Citroen,C4 Cactus,Diésel,114000.0,102.0,manual,324,Valencia,46005,Valencia,Valencia
Citroen,C4 Cactus,Diésel,91000.0,102.0,manual,326,Barcelona,8009,Barcelona,Barcelona
Citroen,C4 Cactus,Diésel,73000.0,99.0,manual,375,Valencia,46005,Valencia,Valencia
Citroen,E-Mehari,Eléctrico,4016.0,68.0,automatic,21275,Arriaga,48950,Bizkaia,Arriaga
Citroen,E-Mehari,Eléctrico,4016.0,68.0,automatic,21274,Arriaga,48950,Bizkaia,Arriaga
Citroen,C-Zero,Eléctrico,13000.0,67.0,automatic,12990,Alcorcón,28924,Madrid,Alcorcón
Citroen,C-Zero,Eléctrico,14416.0,67.0,automatic,14950,Sevilla,41007,Sevilla,Sevilla
Citroen,C-Zero,Eléctrico,15919.0,67.0,automatic,14490,Ponferrada,28903,Madrid,Ponferrada
Citroen,Jumper,Diésel,145368.0,130.0,manual,20990,Sevilla,41005,Sevilla,Sevilla
Citroen,Jumper,Diésel,145368.0,130.0,manual,20990,Almería,4006,Almería,Almería
Citroen,Jumper,Diésel,145368.0,130.0,manual,20990,Granada,18005,Granada,Granada
Citroen,Jumper,Diésel,145368.0,130.0,manual,20990,Urbanizacion La Granjilla,28700,Madrid,Urbanizacion La Granjilla
Citroen,SpaceTourer,Diésel,58821.0,150.0,manual,470,Algete,28110,Madrid,Algete
Citroen,SpaceTourer,Diésel,58821.0,150.0,manual,32650,Algete,28110,Madrid,Algete
Citroen,SpaceTourer,Diésel,46312.0,150.0,manual,33500,Castello/Castellon de La Plana,12100,Castellón,Castello/Castellon de La Plana
Citroen,SpaceTourer,Diésel,46312.0,150.0,manual,33500,Estepona,29680,Málaga,Estepona
Citroen,SpaceTourer,Diésel,46312.0,150.0,manual,33500,Barcelona,8007,Barcelona,Barcelona
Citroen,SpaceTourer,Diésel,46312.0,150.0,manual,33500,Las Rozas de Madrid,28232,Madrid,Las Rozas de Madrid
Citroen,SpaceTourer,Diésel,46312.0,150.0,manual,33500,Alameda del Obispo,14005,Córdoba,Alameda del Obispo
Citroen,C4 Picasso,Diésel,90852.0,115.0,manual,12089,Santiago de Compostela,15703,A Coruña,Santiago de Compostela
Citroen,C4 Picasso,Diésel,125267.0,115.0,manual,11950,Santiago de Compostela,15703,A Coruña,Santiago de Compostela
Citroen,C4 Picasso,Diésel,90852.0,115.0,manual,12089,Mercado Parque Corredor del Henares,28850,Madrid,Mercado Parque Corredor del Henares
Citroen,C4 Picasso,Diésel,90852.0,115.0,manual,12089,Valdepeñas,13300,Ciudad Real,Valdepeñas
Citroen,C4 Picasso,Diésel,90852.0,115.0,manual,12089,Valdepeñas,13300,Ciudad Real,Valdepeñas
Citroen,C4 Picasso,Diésel,90852.0,115.0,manual,12089,Estepona,29680,Málaga,Estepona
Citroen,C4 Picasso,Diésel,90852.0,115.0,manual,12089,Sant Vicenç de Montalt,8394,Barcelona,Sant Vicenç de Montalt
Citroen,C4 Picasso,Diésel,90852.0,115.0,manual,12089,Santa Maria del Aguila,4710,Almería,Santa Maria del Aguila
Citroen,C4 Picasso,Diésel,125267.0,115.0,manual,11950,Mercado Parque Corredor del Henares,28850,Madrid,Mercado Parque Corredor del Henares
Hyundai,Genesis Coupe,Gasolina,140000.0,303.0,manual,15990,Ciudad Real,13001,Ciudad Real,Ciudad Real
Honda,CR-V,Gasolina,33981.0,173.0,manual,24990,Almería,4006,Almería,Almería
Honda,CR-V,Diésel,163121.0,120.0,manual,10990,Almería,4006,Almería,Almería
Honda,CR-V,Gasolina,33981.0,173.0,manual,24990,Ullastrell,8231,Barcelona,Ullastrell
Honda,CR-V,Gasolina,33981.0,173.0,manual,24990,Palma de Mallorca,7003,Baleares,Palma de Mallorca
Honda,CR-V,Diésel,163121.0,120.0,manual,10990,Huelva,21004,Huelva,Huelva
Dodge,Nitro,Diésel,175000.0,177.0,manual,7990,Santander,39002,Cantabria,Santander
Dodge,Caliber,Diésel,217000.0,140.0,manual,3300,Villanueva de la Serena,6700,Badajoz,Villanueva de la Serena
CUPRA,Born,Eléctrico,7750.0,204.0,automatic,39990,Palma de Mallorca,7003,Baleares,Palma de Mallorca
CUPRA,Born,Eléctrico,7750.0,204.0,automatic,38990,Palma de Mallorca,7003,Baleares,Palma de Mallorca
CUPRA,Ateca,Gasolina,62000.0,300.0,automatic,33500,Montmeló,8160,Barcelona,Montmeló
CUPRA,Ateca,Gasolina,28076.0,300.0,automatic,33190,Bilbao,48004,Bizkaia,Bilbao
CUPRA,Ateca,Gasolina,45171.0,300.0,automatic,29990,Málaga,29005,Málaga,Málaga
Honda,Legend,Gasolina,149000.0,295.0,automatic,7990,Valencia,46025,Valencia,Valencia
Honda,Insight,Gasolina,194697.0,98.0,automatic,9390,Madrid,28046,Madrid,Madrid
Honda,Insight,Eléctrico,125000.0,98.0,automatic,8995,Sabadell,8204,Barcelona,Sabadell
Honda,Insight,Gasolina,194697.0,98.0,automatic,9390,Las Rozas de Madrid,28232,Madrid,Las Rozas de Madrid
Honda,Insight,Gasolina,194697.0,98.0,automatic,9390,Alcobendas,28100,Madrid,Alcobendas
Chevrolet,Kalos,Gasolina,179906.0,83.0,manual,1390,Madrid,28026,Madrid,Madrid
Hyundai,Elantra,Gasolina,110000.0,128.0,manual,13300,Ciudad Deportiva del Jarama,28709,Madrid,Ciudad Deportiva del Jarama
Hyundai,Elantra,Gasolina,147754.0,132.0,manual,7490,Bilbao,48004,Bizkaia,Bilbao
Hyundai,Elantra,Gasolina,147754.0,132.0,manual,7490,Alicante,3010,Alicante,Alicante
Hyundai,Elantra,Gasolina,147754.0,132.0,manual,7490,Alicante,3010,Murcia,Alicante
Honda,HR-V,Gasolina,44716.0,130.0,automatic,17490,Málaga,29005,Málaga,Málaga
Honda,HR-V,Gasolina,44716.0,130.0,automatic,16990,Málaga,29005,Málaga,Málaga
Honda,HR-V,Gasolina,46080.0,130.0,automatic,18899,Madrid,28014,Madrid,Madrid
Honda,HR-V,Gasolina,46080.0,130.0,automatic,18499,Madrid,28014,Madrid,Madrid
Honda,Civic,Diésel,117618.0,120.0,manual,12650,Valdepeñas,13300,Ciudad Real,Valdepeñas
Honda,Civic,Diésel,117618.0,120.0,manual,12650,Valdepeñas,13300,Ciudad Real,Valdepeñas
Honda,Civic,Diésel,117618.0,120.0,manual,12650,Estepona,29680,Málaga,Estepona
Honda,Civic,Diésel,117618.0,120.0,manual,12650,Sant Vicenç de Montalt,8394,Barcelona,Sant Vicenç de Montalt
Honda,Civic,Gasolina,86000.0,129.0,manual,16990,Sevilla,41005,Sevilla,Sevilla
Hyundai,ix20,Diésel,128328.0,90.0,manual,12250,Santiago de Compostela,15703,A Coruña,Santiago de Compostela
Hyundai,ix20,Diésel,128328.0,90.0,manual,12250,Mercado Parque Corredor del Henares,28850,Madrid,Mercado Parque Corredor del Henares
Hyundai,ix20,Diésel,128328.0,90.0,manual,12250,Valdepeñas,13300,Ciudad Real,Valdepeñas
Hyundai,ix20,Diésel,128328.0,90.0,manual,12250,Valdepeñas,13300,Ciudad Real,Valdepeñas
Hyundai,ix20,Diésel,128328.0,90.0,manual,12250,Ciudad Real,13003,Ciudad Real,Ciudad Real
Hyundai,ix20,Diésel,128328.0,90.0,manual,12250,Estepona,29680,Málaga,Estepona
Hyundai,ix20,Diésel,128328.0,90.0,manual,12250,Santa Maria del Aguila,4710,Almería,Santa Maria del Aguila
Hyundai,ix20,Gasolina,113447.0,90.0,manual,7700,Sevilla,41005,Sevilla,Sevilla
Hyundai,ix20,Gasolina,113447.0,90.0,manual,7700,Alicante,3010,Alicante,Alicante
Hyundai,ix20,Gasolina,113447.0,90.0,manual,7700,Alicante,3010,Murcia,Alicante
Hyundai,BAYON,Gasolina,3163.0,85.0,manual,17490,Santiago de Compostela,15890,A Coruña,Santiago de Compostela
Hyundai,BAYON,Gasolina,570.0,84.0,manual,15890,Sevilla,41005,Sevilla,Sevilla
Hyundai,i20,Diésel,78578.0,90.0,manual,12950,Olèrdola,8734,Barcelona,Olèrdola
Hyundai,i20,Diésel,78578.0,90.0,manual,12950,Olèrdola,8734,Barcelona,Olèrdola
Hyundai,i20,Diésel,78578.0,90.0,manual,12950,Alcobendas,28100,Madrid,Alcobendas
Hyundai,ix35,Diésel,169013.0,115.0,manual,11990,Santiago de Compostela,15703,A Coruña,Santiago de Compostela
Hyundai,ix35,Diésel,169013.0,115.0,manual,11990,Mercado Parque Corredor del Henares,28850,Madrid,Mercado Parque Corredor del Henares
Hyundai,ix35,Diésel,169013.0,115.0,manual,11990,Valdepeñas,13300,Ciudad Real,Valdepeñas
Hyundai,ix35,Diésel,169013.0,115.0,manual,11990,Valdepeñas,13300,Ciudad Real,Valdepeñas
Hyundai,ix35,Diésel,169013.0,115.0,manual,11990,Ciudad Real,13003,Ciudad Real,Ciudad Real
Hyundai,ix35,Diésel,169013.0,115.0,manual,11990,Estepona,29680,Málaga,Estepona
Hyundai,ix35,Diésel,169013.0,115.0,manual,11990,Sant Vicenç de Montalt,8394,Barcelona,Sant Vicenç de Montalt
Hyundai,ix35,Diésel,140000.0,115.0,manual,13990,Málaga,29005,Málaga,Málaga
Hyundai,ix35,Diésel,140000.0,115.0,manual,11990,Málaga,29005,Málaga,Málaga
Hyundai,ix35,Diésel,169013.0,115.0,manual,11990,Olèrdola,8734,Barcelona,Olèrdola
Hyundai,ix35,Diésel,169013.0,115.0,manual,11990,Olèrdola,8734,Barcelona,Olèrdola
Hyundai,ix35,Diésel,158348.0,116.0,manual,11990,Alzira,46600,Valencia,Alzira
Hyundai,ix35,Diésel,158348.0,116.0,manual,11990,Alzira,46600,Valencia,Alzira
Hyundai,i10,Gasolina,79396.0,87.0,manual,12638,Santa Maria del Aguila,4710,Almería,Santa Maria del Aguila
Hyundai,i10,Gasolina,79396.0,87.0,manual,12638,Vigo,36214,Pontevedra,Vigo
Hyundai,Tucson,Gasolina,44120.0,131.0,manual,18900,Santa Maria del Aguila,4710,Almería,Santa Maria del Aguila
Hyundai,Tucson,Gasolina,34576.0,131.0,manual,19538,Santa Maria del Aguila,4710,Almería,Santa Maria del Aguila
Hyundai,Tucson,Gasolina,34576.0,131.0,manual,19538,Ciudad Real,13003,Ciudad Real,Ciudad Real
Hyundai,Grandeur,Diésel,22437.0,155.0,automatic,9900,Málaga,29006,Málaga,Málaga
Hyundai,i40,Diésel,113298.0,136.0,manual,12089,Collado Villalba,28400,Madrid,Collado Villalba
Hyundai,i40,Diésel,113298.0,136.0,manual,12089,Collado Villalba,28400,Madrid,Collado Villalba
Hyundai,i40,Diésel,113298.0,136.0,manual,12089,Las Rozas de Madrid,28232,Madrid,Las Rozas de Madrid
Hyundai,i40,Diésel,113298.0,136.0,manual,12089,Alcalá de Guadaíra,41500,Sevilla,Alcalá de Guadaíra
Hyundai,i40,Diésel,113298.0,136.0,manual,12089,Torremolinos,29620,Málaga,Torremolinos
Hyundai,i40,Diésel,113298.0,136.0,manual,12089,Torremolinos,29620,Málaga,Torremolinos
Hyundai,i40,Diésel,113298.0,136.0,manual,12089,Torremolinos,29620,Málaga,Torremolinos
BMW,Serie 4,Gasolina,51000.0,184.0,manual,32970,Pinto,28320,Madrid,Pinto
BMW,Serie 4,Diésel,87315.0,190.0,automatic,31990,Madrid,28021,Madrid,Madrid
BMW,Serie 4,Diésel,87315.0,190.0,automatic,32290,Madrid,28021,Madrid,Madrid
BMW,Serie 4,Diésel,83300.0,184.0,manual,17990,Sevilla,41005,Sevilla,Sevilla
BMW,Serie 4,Diésel,83300.0,184.0,manual,17990,Alicante,3010,Alicante,Alicante
BMW,Serie 4,Diésel,83300.0,184.0,manual,17990,Alicante,3010,Murcia,Alicante
BMW,Serie 4,Diésel,83300.0,184.0,manual,17990,Bilbao,48004,Bizkaia,Bilbao
BMW,Serie 4,Diésel,83300.0,184.0,manual,17990,Almería,4006,Almería,Almería
BMW,X2,Diésel,77468.0,150.0,automatic,27140,Santa Maria del Aguila,4710,Almería,Santa Maria del Aguila
BMW,X2,Diésel,77468.0,150.0,automatic,27140,Ciudad Real,13003,Ciudad Real,Ciudad Real
BMW,X2,Diésel,40557.0,150.0,automatic,27887,Ciudad Real,13003,Ciudad Real,Ciudad Real
Fiat,500X,Gasolina,73618.0,140.0,automatic,16100,Valladolid,47004,Valladolid,Valladolid
Fiat,500X,Gasolina,73618.0,140.0,automatic,16100,Barcelona,8013,Barcelona,Barcelona
Fiat,500X,Gasolina,73618.0,140.0,automatic,16100,Urbanitzacio El Medol,43150,Tarragona,Urbanitzacio El Medol
Fiat,500X,Gasolina,73618.0,140.0,automatic,16100,Alcalá de Henares,28801,Madrid,Alcalá de Henares
BMW,X4,Diésel,94400.0,190.0,automatic,36990,Salamanca,37003,Salamanca,Salamanca
BMW,X4,Diésel,90000.0,190.0,automatic,31500,Tarazona,50500,Zaragoza,Tarazona
BMW,X4,Diésel,102013.0,190.0,automatic,32590,Málaga,29004,Málaga,Málaga
Fiat,Talento,Diésel,148101.0,120.0,manual,19990,Sevilla,41005,Sevilla,Sevilla
Fiat,Talento,Diésel,148101.0,120.0,manual,19990,Alicante,3010,Alicante,Alicante
Fiat,Talento,Diésel,148101.0,120.0,manual,19990,Alicante,3010,Murcia,Alicante
Fiat,Talento,Diésel,148101.0,120.0,manual,19990,Almería,4006,Almería,Almería
Fiat,Talento,Diésel,148101.0,120.0,manual,19990,Granada,18005,Granada,Granada
Fiat,Talento,Diésel,148101.0,120.0,manual,19990,Marbella,29601,Málaga,Marbella
Fiat,500L,Diésel,74000.0,119.0,manual,401,Madrid,28006,Madrid,Madrid
Fiat,500L,Gasolina,103755.0,95.0,manual,12639,Mercado Parque Corredor del Henares,28850,Madrid,Mercado Parque Corredor del Henares
Fiat,500L,Gasolina,65756.0,95.0,manual,12600,Mercado Parque Corredor del Henares,28850,Madrid,Mercado Parque Corredor del Henares
Fiat,500L,Gasolina,103755.0,95.0,manual,12639,Valdepeñas,13300,Ciudad Real,Valdepeñas
Fiat,500L,Gasolina,103755.0,95.0,manual,12639,Valdepeñas,13300,Ciudad Real,Valdepeñas
Fiat,500L,Gasolina,65756.0,95.0,manual,12600,Valdepeñas,13300,Ciudad Real,Valdepeñas
Fiat,500L,Gasolina,65756.0,95.0,manual,12600,Valdepeñas,13300,Ciudad Real,Valdepeñas
Fiat,500L,Gasolina,65756.0,95.0,manual,12600,Ciudad Real,13003,Ciudad Real,Ciudad Real
Fiat,500L,Gasolina,103755.0,95.0,manual,12639,Estepona,29680,Málaga,Estepona
BMW,X6,Diésel,92000.0,381.0,automatic,34490,Las Vegas,14900,Córdoba,Las Vegas
Fiat,Sedici,Diésel,197000.0,120.0,manual,3999,Sant Cugat del Vallès,8172,Barcelona,Sant Cugat del Vallès
Mercedes-Benz,CL Coupe,Gasolina,138000.0,388.0,automatic,22990,Sevilla,41001,Sevilla,Sevilla
Ford,Grand C-MAX,Diésel,99950.0,149.0,manual,455,Madrid,28006,Madrid,Madrid
Ford,Grand C-MAX,Diésel,99950.0,149.0,manual,213,Gandía,46701,Valencia,Gandía
Ford,Grand C-MAX,Diésel,82000.0,119.0,manual,395,Valencia,46005,Valencia,Valencia
Ford,Grand C-MAX,Diésel,82000.0,119.0,manual,208,Madrid,28009,Madrid,Madrid
Ford,Grand C-MAX,Diésel,99950.0,119.0,manual,422,Madrid,28006,Madrid,Madrid
Ford,Grand C-MAX,Diésel,99950.0,149.0,manual,410,Madrid,28006,Madrid,Madrid
Mercedes-Benz,Clase C,Gasolina,109334.0,143.0,manual,7290,Las Rozas de Madrid,28232,Madrid,Las Rozas de Madrid
Mercedes-Benz,Clase C,Gasolina,109334.0,143.0,manual,7290,Madrid,28046,Madrid,Madrid
Mercedes-Benz,Clase C,Gasolina,109334.0,143.0,manual,7290,Alcobendas,28100,Madrid,Alcobendas
Ford,B-MAX,Diésel,68047.0,95.0,manual,12485,Valdepeñas,13300,Ciudad Real,Valdepeñas
Ford,B-MAX,Diésel,68047.0,95.0,manual,12485,Valdepeñas,13300,Ciudad Real,Valdepeñas
Ford,B-MAX,Diésel,68047.0,95.0,manual,12485,Ciudad Real,13003,Ciudad Real,Ciudad Real
Ford,B-MAX,Diésel,68047.0,95.0,manual,12485,Estepona,29680,Málaga,Estepona
Ford,B-MAX,Diésel,68047.0,95.0,manual,12485,Sant Vicenç de Montalt,8394,Barcelona,Sant Vicenç de Montalt
Ford,B-MAX,Diésel,68047.0,95.0,manual,12485,Olèrdola,8734,Barcelona,Olèrdola
Ford,B-MAX,Diésel,68047.0,95.0,manual,12485,Olèrdola,8734,Barcelona,Olèrdola
Ford,B-MAX,Diésel,68047.0,95.0,manual,12485,Alcobendas,28100,Madrid,Alcobendas
Ford,B-MAX,Diésel,68047.0,95.0,manual,12485,Alameda del Obispo,14005,Córdoba,Alameda del Obispo
Ford,Transit Connect,Diésel,170000.0,90.0,manual,4999,Sant Vicent del Raspeig,3690,Alicante,Sant Vicent del Raspeig
Fiat,e-Doblò,Eléctrico,10.0,136.0,automatic,34500,Alicante,3008,Alicante,Alicante
Mercedes-Benz,Clase A,Diésel,82262.0,136.0,automatic,22425,Santiago de Compostela,15703,A Coruña,Santiago de Compostela
Mercedes-Benz,Clase A,Diésel,82262.0,136.0,automatic,22425,Mercado Parque Corredor del Henares,28850,Madrid,Mercado Parque Corredor del Henares
Mercedes-Benz,Clase A,Diésel,82262.0,136.0,automatic,22425,Ciudad Real,13003,Ciudad Real,Ciudad Real
Mercedes-Benz,Clase A,Diésel,82262.0,136.0,automatic,22425,Sant Vicenç de Montalt,8394,Barcelona,Sant Vicenç de Montalt
Mercedes-Benz,Clase A,Diésel,82262.0,136.0,automatic,22425,Olèrdola,8734,Barcelona,Olèrdola
Mercedes-Benz,Clase A,Diésel,82262.0,136.0,automatic,22425,Olèrdola,8734,Barcelona,Olèrdola
Mercedes-Benz,Clase A,Diésel,82262.0,136.0,automatic,22425,Alcobendas,28100,Madrid,Alcobendas
Mercedes-Benz,Classe X,Diésel,45000.0,190.0,manual,39990,Madrid,28045,Madrid,Madrid
Mercedes-Benz,Clase CLC,Diésel,112976.0,150.0,automatic,10990,Santiago de Compostela,15703,A Coruña,Santiago de Compostela
Mercedes-Benz,Clase CLC,Diésel,112976.0,150.0,automatic,10990,Mercado Parque Corredor del Henares,28850,Madrid,Mercado Parque Corredor del Henares
Mercedes-Benz,Clase CLC,Diésel,112976.0,150.0,automatic,10990,Valdepeñas,13300,Ciudad Real,Valdepeñas
Mercedes-Benz,Clase CLC,Diésel,112976.0,150.0,automatic,10990,Valdepeñas,13300,Ciudad Real,Valdepeñas
Mercedes-Benz,Clase CLC,Diésel,112976.0,150.0,automatic,10990,Ciudad Real,13003,Ciudad Real,Ciudad Real
Mercedes-Benz,Clase CLC,Diésel,112976.0,150.0,automatic,10990,Estepona,29680,Málaga,Estepona
Mercedes-Benz,Clase CLC,Diésel,112976.0,150.0,automatic,10990,Santa Maria del Aguila,4710,Almería,Santa Maria del Aguila
Mercedes-Benz,Clase CLC,Diésel,112976.0,150.0,automatic,10990,Olèrdola,8734,Barcelona,Olèrdola
Mercedes-Benz,Clase CLC,Diésel,112976.0,150.0,automatic,10990,Olèrdola,8734,Barcelona,Olèrdola
Mercedes-Benz,Clase CLC,Diésel,112976.0,150.0,automatic,10990,Alameda del Obispo,14005,Córdoba,Alameda del Obispo
Mercedes-Benz,Clase CLC,Diésel,112976.0,150.0,automatic,10990,Alcobendas,28100,Madrid,Alcobendas
Mercedes-Benz,SLK,Gasolina,89000.0,136.0,manual,6900,Barcelona,8013,Barcelona,Barcelona
Mercedes-Benz,SLK,Gasolina,199000.0,197.0,manual,6490,Móstoles,28936,Madrid,Móstoles
Mercedes-Benz,GLA,Diésel,75215.0,170.0,automatic,29990,Antequera,29200,Málaga,Antequera
Mercedes-Benz,GLA,Diésel,75215.0,170.0,automatic,30990,Antequera,29200,Málaga,Antequera
BMW,X3,Diésel,58000.0,190.0,manual,739,Madrid,28006,Madrid,Madrid
BMW,X3,Diésel,144183.0,150.0,manual,10900,Santiago de Compostela,15703,A Coruña,Santiago de Compostela
BMW,X3,Diésel,163454.0,190.0,automatic,21850,Santiago de Compostela,15703,A Coruña,Santiago de Compostela
BMW,X3,Diésel,144183.0,150.0,manual,10900,Mercado Parque Corredor del Henares,28850,Madrid,Mercado Parque Corredor del Henares
BMW,X3,Diésel,144183.0,150.0,manual,10900,Valdepeñas,13300,Ciudad Real,Valdepeñas
BMW,X3,Diésel,144183.0,150.0,manual,10900,Valdepeñas,13300,Ciudad Real,Valdepeñas
BMW,X3,Diésel,144183.0,150.0,manual,10900,Ciudad Real,13003,Ciudad Real,Ciudad Real
BMW,X3,Diésel,144183.0,150.0,manual,10900,Sant Vicenç de Montalt,8394,Barcelona,Sant Vicenç de Montalt
BMW,X3,Diésel,144183.0,150.0,manual,10900,Santa Maria del Aguila,4710,Almería,Santa Maria del Aguila
BMW,X3,Diésel,163454.0,190.0,automatic,21850,Mercado Parque Corredor del Henares,28850,Madrid,Mercado Parque Corredor del Henares
BMW,i3,Otros,119000.0,170.0,automatic,24900,Poligono Fuente del Jarro,46988,Valencia,Poligono Fuente del Jarro
BMW,X1,Diésel,118000.0,136.0,manual,542,Madrid,28006,Madrid,Madrid
BMW,X1,Diésel,78750.0,150.0,manual,24900,Parque Empresarial La Moraleja,28108,Madrid,Parque Empresarial La Moraleja
BMW,X1,Diésel,0.0,143.0,manual,15200,Rivas Vaciamadrid,28521,Madrid,Rivas Vaciamadrid
BMW,X1,Diésel,53808.0,150.0,manual,24690,Madrid,28021,Madrid,Madrid
BMW,X1,Diésel,51725.0,150.0,automatic,24990,Madrid,28021,Madrid,Madrid
BMW,X1,Diésel,69094.0,150.0,automatic,24437,Santiago de Compostela,15703,A Coruña,Santiago de Compostela
BMW,Serie 5,Diésel,110000.0,136.0,manual,537,Valencia,46005,Valencia,Valencia
BMW,Serie 5,Diésel,147278.0,190.0,automatic,20790,Santiago de Compostela,15703,A Coruña,Santiago de Compostela
BMW,Serie 5,Diésel,147278.0,190.0,automatic,20790,Valdepeñas,13300,Ciudad Real,Valdepeñas
BMW,Serie 5,Diésel,147278.0,190.0,automatic,20790,Valdepeñas,13300,Ciudad Real,Valdepeñas
BMW,Serie 5,Diésel,147278.0,190.0,automatic,20790,Ciudad Real,13003,Ciudad Real,Ciudad Real
BMW,Serie 5,Diésel,147278.0,190.0,automatic,20790,Estepona,29680,Málaga,Estepona
BMW,Z3,Gasolina,14520.0,170.0,manual,22990,Barcelona,8029,Barcelona,Barcelona
BMW,Z3,Gasolina,83185.0,150.0,manual,10700,Santa Maria del Aguila,4710,Almería,Santa Maria del Aguila
BMW,Serie 3,Gasolina,160799.0,115.0,manual,2680,Madrid,28026,Madrid,Madrid
BMW,Serie 3,Diésel,99950.0,163.0,manual,540,Barcelona,8009,Barcelona,Barcelona
BMW,Serie 3,Diésel,101909.0,163.0,manual,13900,Santiago de Compostela,15703,A Coruña,Santiago de Compostela
BMW,Serie 3,Diésel,101909.0,163.0,manual,13900,Mercado Parque Corredor del Henares,28850,Madrid,Mercado Parque Corredor del Henares
BMW,Serie 2,Diésel,227429.0,116.0,manual,12089,Santiago de Compostela,15703,A Coruña,Santiago de Compostela
BMW,Serie 2,Diésel,227429.0,116.0,manual,12089,Mercado Parque Corredor del Henares,28850,Madrid,Mercado Parque Corredor del Henares
BMW,Serie 2,Diésel,227429.0,116.0,manual,12089,Valdepeñas,13300,Ciudad Real,Valdepeñas
BMW,Serie 2,Diésel,227429.0,116.0,manual,12089,Valdepeñas,13300,Ciudad Real,Valdepeñas
BMW,Serie 2,Diésel,227429.0,116.0,manual,12089,Ciudad Real,13003,Ciudad Real,Ciudad Real
BMW,Serie 2,Diésel,227429.0,116.0,manual,12089,Estepona,29680,Málaga,Estepona
BMW,Serie 2,Diésel,227429.0,116.0,manual,12089,Santa Maria del Aguila,4710,Almería,Santa Maria del Aguila
BMW,Serie 2,Diésel,227429.0,116.0,manual,12089,Alameda del Obispo,14005,Córdoba,Alameda del Obispo
BMW,Serie 1,Gasolina,12615.0,136.0,manual,25190,Madrid,28021,Madrid,Madrid
BMW,Serie 1,Gasolina,12615.0,136.0,manual,24990,Madrid,28021,Madrid,Madrid
BMW,Serie 1,Gasolina,107983.0,109.0,manual,16990,Madrid,28021,Madrid,Madrid
BMW,Serie 1,Diésel,133329.0,177.0,automatic,12200,Santiago de Compostela,15703,A Coruña,Santiago de Compostela
BMW,Serie 1,Diésel,133329.0,177.0,automatic,12200,Mercado Parque Corredor del Henares,28850,Madrid,Mercado Parque Corredor del Henares
BMW,Serie 1,Diésel,133329.0,177.0,automatic,12200,Valdepeñas,13300,Ciudad Real,Valdepeñas
BMW,Serie 1,Diésel,133329.0,177.0,automatic,12200,Valdepeñas,13300,Ciudad Real,Valdepeñas
BMW,Serie 1,Diésel,133329.0,177.0,automatic,12200,Ciudad Real,13003,Ciudad Real,Ciudad Real
BMW,Serie 1,Diésel,133329.0,177.0,automatic,12200,Sant Vicenç de Montalt,8394,Barcelona,Sant Vicenç de Montalt
BMW,Serie 1,Diésel,133329.0,177.0,automatic,12200,Santa Maria del Aguila,4710,Almería,Santa Maria del Aguila
BMW,Serie 1,Gasolina,66062.0,140.0,automatic,26990,Sevilla,41005,Sevilla,Sevilla
Fiat,Multipla,Diésel,237000.0,115.0,manual,4500,Santander,39011,Cantabria,Santander
Fiat,Fullback,Diésel,108000.0,181.0,manual,22850,Terrassa,8223,Barcelona,Terrassa
Fiat,Fullback,Diésel,108000.0,181.0,manual,22850,Valdefuentes,28939,Madrid,Valdefuentes
Fiat,Fullback,Diésel,108000.0,181.0,manual,22850,Valdefuentes,28939,Madrid,Valdefuentes
Fiat,Fullback,Diésel,108000.0,181.0,manual,22850,Burjassot,46100,Valencia,Burjassot
Fiat,Fullback,Diésel,29100.0,154.0,manual,23900,Valencia,46002,Valencia,Valencia
Fiat,Fullback,Diésel,108000.0,181.0,manual,23850,Burjassot,46100,Valencia,Burjassot
Fiat,Barchetta,Gasolina,69000.0,130.0,manual,4990,Fuenlabrada,28946,Madrid,Fuenlabrada
Fiat,Tipo,Gasolina,47100.0,120.0,manual,11990,Sevilla,41005,Sevilla,Sevilla
Fiat,Tipo,Gasolina,47100.0,120.0,manual,11990,Almería,4006,Almería,Almería
Fiat,Tipo,Gasolina,47100.0,120.0,manual,11990,Vigo,36211,Pontevedra,Vigo
Fiat,Tipo,Gasolina,47100.0,120.0,manual,11990,Granada,18005,Granada,Granada
Fiat,Stilo,Gasolina,90193.0,103.0,manual,1690,Madrid,28026,Madrid,Madrid
Fiat,Croma,Diésel,288961.0,150.0,automatic,3400,La Poveda,28500,Madrid,La Poveda
Fiat,Qubo,Diésel,37294.0,95.0,manual,15500,L'Hospitalet de Llobregat,8901,Barcelona,L'Hospitalet de Llobregat
Fiat,500,Gasolina,53000.0,69.0,manual,304,Barcelona,8007,Barcelona,Barcelona
Fiat,500,Gasolina,58000.0,69.0,manual,202,Barcelona,8007,Barcelona,Barcelona
Fiat,500,Gasolina,55000.0,69.0,manual,308,Valencia,46005,Valencia,Valencia
Fiat,500,Gasolina,49000.0,69.0,manual,312,Barcelona,8009,Barcelona,Barcelona
Fiat,500,Gasolina,59985.0,69.0,manual,9990,Sevilla,41005,Sevilla,Sevilla
Fiat,500,Gasolina,59985.0,69.0,manual,9990,Alicante,3010,Alicante,Alicante
Fiat,500,Gasolina,59985.0,69.0,manual,9990,Alicante,3010,Murcia,Alicante
Fiat,124 Spider,Gasolina,33900.0,140.0,manual,20499,Rubí,8191,Barcelona,Rubí
Ford,C-MAX,Diésel,82124.0,120.0,manual,15200,Santa Maria del Aguila,4710,Almería,Santa Maria del Aguila
Ford,C-MAX,Diésel,81159.0,120.0,manual,16990,Santa Maria del Aguila,4710,Almería,Santa Maria del Aguila
Ford,C-MAX,Diésel,82124.0,120.0,manual,15200,Ciudad Real,13003,Ciudad Real,Ciudad Real
Ford,C-MAX,Diésel,81159.0,120.0,manual,16990,Ciudad Real,13003,Ciudad Real,Ciudad Real
Ford,C-MAX,Diésel,82124.0,120.0,manual,15200,Santiago de Compostela,15703,A Coruña,Santiago de Compostela
Ford,C-MAX,Diésel,81159.0,120.0,manual,16990,Santiago de Compostela,15703,A Coruña,Santiago de Compostela
Ford,C-MAX,Diésel,82124.0,120.0,manual,15200,Valdepeñas,13300,Ciudad Real,Valdepeñas
Ford,C-MAX,Diésel,82124.0,120.0,manual,15200,Valdepeñas,13300,Ciudad Real,Valdepeñas
Ford,C-MAX,Diésel,81159.0,120.0,manual,16990,Valdepeñas,13300,Ciudad Real,Valdepeñas
Ford,C-MAX,Diésel,81159.0,120.0,manual,16990,Valdepeñas,13300,Ciudad Real,Valdepeñas
Ford,Tourneo Connect,Diésel,47075.0,100.0,manual,9990,Sevilla,41005,Sevilla,Sevilla
Ford,Tourneo Connect,Diésel,47075.0,100.0,manual,9990,Vigo,36211,Pontevedra,Vigo
Ford,Tourneo Connect,Diésel,47075.0,100.0,manual,9990,Alicante,3010,Alicante,Alicante
Ford,Tourneo Connect,Diésel,47075.0,100.0,manual,9990,Alicante,3010,Murcia,Alicante
Ford,Tourneo Connect,Diésel,47075.0,100.0,manual,9990,Almería,4006,Almería,Almería
Ford,Tourneo Connect,Diésel,57300.0,120.0,manual,21490,Almería,4006,Almería,Almería
Ford,Tourneo Connect,Diésel,47075.0,100.0,manual,9990,Bilbao,48004,Bizkaia,Bilbao
Ford,Tourneo Courier,Gasolina,133079.0,100.0,manual,10990,Madrid,28021,Madrid,Madrid
Ford,Tourneo Courier,Diésel,33000.0,95.0,manual,13200,Bormujos,41930,Sevilla,Bormujos
Ford,Tourneo Courier,Diésel,27000.0,75.0,manual,16500,Oliva,46780,Valencia,Oliva
Ford,Ka,Gasolina,32000.0,69.0,manual,4990,Almería,4006,Almería,Almería
Ford,Ka,Gasolina,32000.0,69.0,manual,4990,Alicante,3010,Alicante,Alicante
Ford,Ka,Gasolina,32000.0,69.0,manual,4990,Alicante,3010,Murcia,Alicante
Ford,Fusion,Gasolina,141000.0,100.0,manual,2600,Sant Vicenç dels Horts,8620,Barcelona,Sant Vicenç dels Horts
Ford,Fusion,Gasolina,141000.0,100.0,manual,2500,Sant Vicenç dels Horts,8620,Barcelona,Sant Vicenç dels Horts
Ford,Focus,Gasolina,67000.0,125.0,manual,240,Madrid,28009,Madrid,Madrid
Ford,Focus,Gasolina,112000.0,125.0,manual,326,Madrid,28009,Madrid,Madrid
Ford,Mondeo,Diésel,96000.0,149.0,manual,445,Madrid,28006,Madrid,Madrid
Ford,Mondeo,Diésel,95000.0,149.0,manual,455,Valencia,46005,Valencia,Valencia
Ford,Mondeo,Diésel,205500.0,120.0,manual,9990,Almería,4006,Almería,Almería
Ford,Mondeo,Diésel,205500.0,120.0,manual,9990,Alicante,3010,Alicante,Alicante
Ford,Mondeo,Diésel,205500.0,120.0,manual,9990,Alicante,3010,Murcia,Alicante
Ford,Mondeo,Diésel,205500.0,120.0,manual,9990,Granada,18005,Granada,Granada
Ford,Mondeo,Diésel,205500.0,120.0,manual,9990,Murcia,30005,Murcia,Murcia
Ford,Mondeo,Diésel,205500.0,120.0,manual,9990,Bilbao,48004,Bizkaia,Bilbao
Ford,Explorer,Gasolina,97086.0,290.0,automatic,21490,Elx/Elche,3201,Alicante,Elx/Elche
Ford,Transit Courier,Diésel,28124.0,100.0,manual,17500,Torremolinos,29620,Málaga,Torremolinos
Ford,Transit Courier,Diésel,28124.0,100.0,manual,17500,Torremolinos,29620,Málaga,Torremolinos
Ford,Transit Courier,Diésel,28124.0,100.0,manual,17500,Torremolinos,29620,Málaga,Torremolinos
Ford,Transit Courier,Diésel,120234.0,75.0,manual,9490,Almería,4006,Almería,Almería
Ford,Transit Courier,Diésel,28124.0,100.0,manual,17500,Olèrdola,8734,Barcelona,Olèrdola
Ford,Transit Courier,Diésel,28124.0,100.0,manual,17500,Olèrdola,8734,Barcelona,Olèrdola
Ford,Transit Courier,Diésel,120234.0,75.0,manual,9490,Toledo,45002,Toledo,Toledo
Ford,Transit Courier,Diésel,120234.0,75.0,manual,9490,Vigo,36211,Pontevedra,Vigo
Ford,Transit Courier,Diésel,120234.0,75.0,manual,9490,Granada,18005,Granada,Granada
Ford,Transit Custom,Diésel,26343.0,130.0,manual,29900,Puerto de Sagunto,46520,Valencia,Puerto de Sagunto
Ford,Transit Custom,Diésel,26343.0,130.0,manual,29900,Alcobendas,28100,Madrid,Alcobendas
Ford,Transit Custom,Diésel,26343.0,130.0,manual,29900,Torremolinos,29620,Málaga,Torremolinos
Ford,Transit Custom,Diésel,26343.0,130.0,manual,29900,Torremolinos,29620,Málaga,Torremolinos
Ford,Transit Custom,Diésel,26343.0,130.0,manual,29900,Torremolinos,29620,Málaga,Torremolinos
Ford,Transit Custom,Diésel,26343.0,130.0,manual,29900,Ciudad Real,13003,Ciudad Real,Ciudad Real
Ford,Transit Custom,Diésel,26343.0,130.0,manual,29900,Barcelona,8007,Barcelona,Barcelona
Ford,Transit Custom,Diésel,26343.0,130.0,manual,29900,Santiago de Compostela,15703,A Coruña,Santiago de Compostela
Ford,Transit Custom,Diésel,26343.0,130.0,manual,29900,Albacete,2001,Albacete,Albacete
Ford,Transit Custom,Diésel,26343.0,130.0,manual,29900,Vigo,36214,Pontevedra,Vigo
Ford,Tourneo Custom,Diésel,110999.0,130.0,manual,22990,Santander,39010,Cantabria,Santander
Ford,Tourneo Custom,Diésel,110999.0,130.0,manual,22990,Alicante,3010,Alicante,Alicante
Ford,Tourneo Custom,Diésel,110999.0,130.0,manual,22990,Alicante,3010,Murcia,Alicante
Ford,Tourneo Custom,Diésel,110999.0,130.0,manual,22990,Vigo,36211,Pontevedra,Vigo
Ford,Tourneo Custom,Diésel,110999.0,130.0,manual,22990,Granada,18005,Granada,Granada
Ford,Tourneo Custom,Diésel,110999.0,130.0,manual,22990,Murcia,30005,Murcia,Murcia
Ford,Tourneo Custom,Diésel,110999.0,130.0,manual,22990,Bilbao,48004,Bizkaia,Bilbao
Ford,Galaxy,Diésel,197000.0,140.0,manual,6990,Alcorcón,28924,Madrid,Alcorcón
Ford,Fiesta,Gasolina,99000.0,69.0,manual,252,Barcelona,8007,Barcelona,Barcelona
Ford,Fiesta,Gasolina,84000.0,100.0,manual,208,Gandía,46701,Valencia,Gandía
Ford,Fiesta,Gasolina,86000.0,100.0,manual,208,Madrid,28009,Madrid,Madrid
Ford,Fiesta,Gasolina,86000.0,100.0,manual,318,Madrid,28006,Madrid,Madrid
Ford,Fiesta,Gasolina,81000.0,100.0,manual,318,Sevilla,41018,Sevilla,Sevilla
Ford,Fiesta,Gasolina,67110.0,140.0,manual,13990,Sevilla,41005,Sevilla,Sevilla
Ford,Fiesta,Gasolina,67110.0,140.0,manual,13990,Alicante,3010,Alicante,Alicante
Ford,Fiesta,Gasolina,67110.0,140.0,manual,13990,Alicante,3010,Murcia,Alicante
KIA,e-Niro,Eléctrico,23245.0,204.0,automatic,32900,A Coruña,15003,A Coruña,A Coruña
KIA,e-Niro,Eléctrico,23245.0,204.0,automatic,32900,Poligono Industrial San Fernando,28830,Madrid,Poligono Industrial San Fernando
Lexus,RC,Eléctrico,75613.0,223.0,automatic,29800,Alcalá de Guadaíra,41500,Sevilla,Alcalá de Guadaíra
KIA,Sportage,Diésel,51000.0,115.0,manual,500,Valencia,46005,Valencia,Valencia
KIA,Sportage,Diésel,88944.0,115.0,manual,14990,Sevilla,41005,Sevilla,Sevilla
KIA,Sportage,Diésel,88944.0,115.0,manual,14990,Alicante,3010,Alicante,Alicante
KIA,Sportage,Diésel,88944.0,115.0,manual,14990,Alicante,3010,Murcia,Alicante
KIA,Sportage,Diésel,88944.0,115.0,manual,14990,Almería,4006,Almería,Almería
KIA,Picanto,Gasolina,2697.0,84.0,manual,13699,Barcelona,8007,Barcelona,Barcelona
KIA,Picanto,Gasolina,2697.0,84.0,manual,13399,Barcelona,8007,Barcelona,Barcelona
KIA,Picanto,Gasolina,8900.0,67.0,manual,12500,Castelldefels,8860,Barcelona,Castelldefels
KIA,Picanto,Gasolina,8675.0,67.0,manual,12500,El Aeroport del Prat,8820,Barcelona,El Aeroport del Prat
KIA,Picanto,Gasolina,3732.0,84.0,automatic,17399,Barcelona,8007,Barcelona,Barcelona
KIA,Ceed,Gasolina,129949.0,120.0,manual,12823,Saladar,3700,Alicante,Saladar
KIA,Ceed,Gasolina,37063.0,204.0,automatic,21735,Saladar,3700,Alicante,Saladar
KIA,Ceed,Gasolina,37063.0,204.0,automatic,21735,Mercado Parque Corredor del Henares,28850,Madrid,Mercado Parque Corredor del Henares
KIA,Ceed,Gasolina,129949.0,120.0,manual,12823,Vigo,36214,Pontevedra,Vigo
KIA,Ceed,Gasolina,129949.0,120.0,manual,12823,Sant Vicenç de Montalt,8394,Barcelona,Sant Vicenç de Montalt
KIA,Soul,Gasolina,53933.0,135.0,manual,12899,Madrid,28014,Madrid,Madrid
KIA,Soul,Gasolina,53933.0,135.0,manual,12299,Madrid,28014,Madrid,Madrid
KIA,Soul,Diésel,150407.0,128.0,manual,8990,Vilagarcía de Arousa,36600,Pontevedra,Vilagarcía de Arousa
KIA,Soul,Gasolina,35000.0,132.0,manual,11990,Bilbao,48004,Bizkaia,Bilbao
KIA,ProCeed,Gasolina,51249.0,120.0,manual,23563,Torremolinos,29620,Málaga,Torremolinos
KIA,ProCeed,Gasolina,51249.0,120.0,manual,23563,Torremolinos,29620,Málaga,Torremolinos
KIA,ProCeed,Gasolina,51249.0,120.0,manual,23563,Torremolinos,29620,Málaga,Torremolinos
KIA,ProCeed,Gasolina,51249.0,120.0,manual,23563,Sant Vicenç de Montalt,8394,Barcelona,Sant Vicenç de Montalt
Land Rover,Discovery Sport,Diésel,77000.0,150.0,automatic,27500,Carrión de los Céspedes,41820,Sevilla,Carrión de los Céspedes
Land Rover,Discovery Sport,Diésel,77000.0,150.0,automatic,27199,Carrión de los Céspedes,41820,Sevilla,Carrión de los Céspedes
Land Rover,Discovery Sport,Diésel,77000.0,150.0,automatic,27100,Carrión de los Céspedes,41820,Sevilla,Carrión de los Céspedes
Land Rover,Discovery Sport,Diésel,85848.0,180.0,automatic,28000,Alcobendas,28100,Madrid,Alcobendas
Land Rover,Discovery Sport,Diésel,85848.0,180.0,automatic,27900,Alcobendas,28100,Madrid,Alcobendas
KIA,Sorento,Diésel,177280.0,200.0,manual,20185,Santa Maria del Aguila,4710,Almería,Santa Maria del Aguila
KIA,Sorento,Diésel,177280.0,200.0,manual,20185,Ciudad Real,13003,Ciudad Real,Ciudad Real
KIA,Sorento,Diésel,177280.0,200.0,manual,20185,Santiago de Compostela,15703,A Coruña,Santiago de Compostela
KIA,Sorento,Diésel,177280.0,200.0,manual,20185,Mercado Parque Corredor del Henares,28850,Madrid,Mercado Parque Corredor del Henares
KIA,Sorento,Diésel,177280.0,200.0,manual,20185,Sant Vicenç de Montalt,8394,Barcelona,Sant Vicenç de Montalt
KIA,Shuma,Gasolina,199000.0,101.0,manual,2200,Velilla de San Antonio,28891,Madrid,Velilla de San Antonio
Infiniti,FX30,Diésel,190000.0,238.0,automatic,16999,Arbuio,48810,Bizkaia,Arbuio
Infiniti,FX30,Diésel,150000.0,238.0,automatic,22900,Monteagudo,30160,Murcia,Monteagudo
Infiniti,FX30,Diésel,169000.0,238.0,automatic,22900,Alcantarilla,30820,Murcia,Alcantarilla
Infiniti,Q60,Gasolina,48000.0,405.0,automatic,39995,San Fernando de Henares,28830,Madrid,San Fernando de Henares
Infiniti,Q60,Gasolina,77776.0,211.0,automatic,27990,Madrid,28021,Madrid,Madrid
Infiniti,Q60,Gasolina,77776.0,211.0,automatic,28290,Madrid,28021,Madrid,Madrid
Infiniti,Q60,Gasolina,77776.0,211.0,automatic,28490,Madrid,28021,Madrid,Madrid
Infiniti,Q60,Gasolina,39000.0,211.0,automatic,30995,Sangonera La Seca,30835,Murcia,Sangonera La Seca
Infiniti,Q60,Gasolina,39000.0,211.0,automatic,30995,Sangonera La Seca,30835,Murcia,Sangonera La Seca
Infiniti,Q60,Gasolina,185000.0,320.0,automatic,19490,Granollers,8403,Barcelona,Granollers
Infiniti,QX70,Gasolina,118600.0,320.0,automatic,31050,Santiago de Compostela,15703,A Coruña,Santiago de Compostela
Infiniti,QX70,Gasolina,118600.0,320.0,automatic,31050,Atarrabia,31610,Navarra,Atarrabia
Infiniti,QX70,Gasolina,118600.0,320.0,automatic,31050,Mercado Parque Corredor del Henares,28850,Madrid,Mercado Parque Corredor del Henares
Infiniti,G37,Gasolina,200000.0,320.0,automatic,16500,Madrid,28031,Madrid,Madrid
Infiniti,Q30,Diésel,37530.0,170.0,automatic,19990,Alicante,3010,Alicante,Alicante
Infiniti,Q30,Diésel,37530.0,170.0,automatic,19990,Alicante,3010,Murcia,Alicante
Infiniti,Q70,Diésel,119998.0,170.0,automatic,16990,Alicante,3010,Alicante,Alicante
Infiniti,Q70,Diésel,119998.0,170.0,automatic,16990,Alicante,3010,Murcia,Alicante
Infiniti,Q70,Diésel,119998.0,170.0,automatic,15990,Alicante,3010,Alicante,Alicante
Infiniti,Q70,Diésel,119998.0,170.0,automatic,15990,Alicante,3010,Murcia,Alicante
Infiniti,Q70,Diésel,119998.0,170.0,automatic,16990,Bilbao,48004,Bizkaia,Bilbao
Infiniti,Q70,Diésel,119998.0,170.0,automatic,15990,Bilbao,48004,Bizkaia,Bilbao
Infiniti,QX50,Diésel,123293.0,238.0,automatic,18650,Pamplona/Iruña,31003,Navarra,Pamplona/Iruña
Infiniti,QX50,Diésel,123293.0,238.0,automatic,18650,Valencia,46002,Valencia,Valencia
Infiniti,QX50,Diésel,123293.0,238.0,automatic,18650,Sevilla,41006,Sevilla,Sevilla
Infiniti,QX50,Diésel,123293.0,238.0,automatic,18650,Agirre-Aperribai,48960,Bizkaia,Agirre-Aperribai
Infiniti,QX50,Diésel,123293.0,238.0,automatic,18650,Torrejón de Ardoz,28850,Madrid,Torrejón de Ardoz
Infiniti,QX50,Diésel,92000.0,238.0,manual,20850,Alcorcón,28923,Madrid,Alcorcón
Infiniti,QX50,Diésel,92000.0,238.0,manual,20350,Alcorcón,28923,Madrid,Alcorcón
Infiniti,QX50,Diésel,92000.0,238.0,manual,20850,Los Negrales,28430,Madrid,Los Negrales
Infiniti,QX50,Diésel,92000.0,238.0,manual,20850,Los Negrales,28430,Madrid,Los Negrales
Infiniti,QX50,Diésel,92000.0,238.0,manual,20350,Los Negrales,28430,Madrid,Los Negrales
Infiniti,QX50,Diésel,92000.0,238.0,manual,20350,Los Negrales,28430,Madrid,Los Negrales
Infiniti,QX50,Diésel,92000.0,238.0,manual,20850,Madrid,28046,Madrid,Madrid
Infiniti,QX50,Diésel,92000.0,238.0,manual,20350,Madrid,28046,Madrid,Madrid
Toyota,Auris,Diésel,150000.0,90.0,manual,11500,Sant Fruitós de Bages,8272,Barcelona,Sant Fruitós de Bages
Toyota,Auris,Diésel,121321.0,90.0,manual,11990,Santa Maria del Aguila,4710,Almería,Santa Maria del Aguila
Toyota,Auris,Diésel,121321.0,90.0,manual,11990,Ciudad Real,13003,Ciudad Real,Ciudad Real
Toyota,Auris,Diésel,121321.0,90.0,manual,11990,Santiago de Compostela,15703,A Coruña,Santiago de Compostela
Toyota,Auris,Diésel,121321.0,90.0,manual,11990,Mercado Parque Corredor del Henares,28850,Madrid,Mercado Parque Corredor del Henares
Toyota,Auris,Diésel,121321.0,90.0,manual,11990,Sant Vicenç de Montalt,8394,Barcelona,Sant Vicenç de Montalt
Toyota,Auris,Diésel,121321.0,90.0,manual,11990,Olèrdola,8734,Barcelona,Olèrdola
Toyota,Auris,Diésel,121321.0,90.0,manual,11990,Olèrdola,8734,Barcelona,Olèrdola
Toyota,C-HR,Eléctrico,80799.0,122.0,automatic,22500,Santa Maria del Aguila,4710,Almería,Santa Maria del Aguila
Toyota,C-HR,Eléctrico,13199.0,184.0,automatic,31625,Santa Maria del Aguila,4710,Almería,Santa Maria del Aguila
Toyota,C-HR,Eléctrico,13199.0,184.0,automatic,31625,Ciudad Real,13003,Ciudad Real,Ciudad Real
Toyota,C-HR,Eléctrico,13199.0,184.0,automatic,31625,Santiago de Compostela,15703,A Coruña,Santiago de Compostela
Toyota,C-HR,Eléctrico,13199.0,184.0,automatic,31625,Valdepeñas,13300,Ciudad Real,Valdepeñas
Toyota,C-HR,Eléctrico,13199.0,184.0,automatic,31625,Valdepeñas,13300,Ciudad Real,Valdepeñas
Toyota,C-HR,Eléctrico,80799.0,122.0,automatic,22500,Saladar,3700,Alicante,Saladar
Toyota,iQ,Gasolina,100500.0,68.0,manual,7850,Los Negrales,28430,Madrid,Los Negrales
Toyota,iQ,Gasolina,100500.0,68.0,manual,7850,Los Negrales,28430,Madrid,Los Negrales
Toyota,iQ,Gasolina,100500.0,68.0,manual,7250,Los Negrales,28430,Madrid,Los Negrales
Toyota,iQ,Gasolina,100500.0,68.0,manual,7250,Los Negrales,28430,Madrid,Los Negrales
Toyota,iQ,Gasolina,118000.0,98.0,manual,8900,Sabadell,8201,Barcelona,Sabadell
Toyota,Land Cruiser 150,Diésel,140000.0,177.0,manual,26000,Almagro,13270,Ciudad Real,Almagro
Toyota,Land Cruiser 150,Diésel,333000.0,190.0,automatic,24999,Poligono Industrial Ajalvir,28864,Madrid,Poligono Industrial Ajalvir
Toyota,Prius,Eléctrico,164221.0,136.0,automatic,15900,Torremolinos,29620,Málaga,Torremolinos
Toyota,Prius,Eléctrico,164221.0,136.0,automatic,15900,Torremolinos,29620,Málaga,Torremolinos
Toyota,Prius,Eléctrico,164221.0,136.0,automatic,15900,Torremolinos,29620,Málaga,Torremolinos
Toyota,Yaris,Eléctrico,52418.0,100.0,automatic,15525,Santa Maria del Aguila,4710,Almería,Santa Maria del Aguila
Toyota,Yaris,Eléctrico,52418.0,100.0,automatic,15525,Ciudad Real,13003,Ciudad Real,Ciudad Real
Toyota,Yaris,Eléctrico,52418.0,100.0,automatic,15525,Santiago de Compostela,15703,A Coruña,Santiago de Compostela
Toyota,Yaris,Eléctrico,52418.0,100.0,automatic,15525,Valdepeñas,13300,Ciudad Real,Valdepeñas
Toyota,Yaris,Eléctrico,52418.0,100.0,automatic,15525,Valdepeñas,13300,Ciudad Real,Valdepeñas
Toyota,MR2,Gasolina,97876.0,140.0,manual,11990,Alameda del Obispo,14005,Córdoba,Alameda del Obispo
Toyota,Land Cruiser,Diésel,301000.0,163.0,manual,14500,Úbeda,23400,Jaén,Úbeda
Toyota,Land Cruiser,Diésel,189000.0,163.0,manual,17900,Villanueva del Arzobispo,23330,Jaén,Villanueva del Arzobispo
Toyota,Land Cruiser,Diésel,153580.0,177.0,manual,30417,Collado Villalba,28400,Madrid,Collado Villalba
Toyota,Land Cruiser,Diésel,153580.0,177.0,manual,30417,Collado Villalba,28400,Madrid,Collado Villalba
Toyota,Land Cruiser,Diésel,42987.0,177.0,manual,35990,Málaga,29005,Málaga,Málaga
Toyota,Aygo,Gasolina,76160.0,69.0,manual,8990,Marbella,29601,Málaga,Marbella
Toyota,Hilux,Diésel,23824.0,144.0,manual,29000,Andújar,23740,Jaén,Andújar
Toyota,Land Cruiser 200,Diésel,281000.0,286.0,automatic,29999,Torrellano,3320,Alicante,Torrellano
Land Rover,Discovery,Diésel,270000.0,245.0,automatic,13999,Almagro,13270,Ciudad Real,Almagro
Land Rover,Freelander,Diésel,97886.0,160.0,manual,12900,Santa Maria del Aguila,4710,Almería,Santa Maria del Aguila
Land Rover,Freelander,Diésel,97886.0,160.0,manual,12900,Ciudad Real,13003,Ciudad Real,Ciudad Real
Land Rover,Freelander,Diésel,97886.0,160.0,manual,12900,Santiago de Compostela,15703,A Coruña,Santiago de Compostela
Land Rover,Freelander,Diésel,97886.0,160.0,manual,12900,Valdepeñas,13300,Ciudad Real,Valdepeñas
Land Rover,Freelander,Diésel,97886.0,160.0,manual,12900,Valdepeñas,13300,Ciudad Real,Valdepeñas
Land Rover,Freelander,Diésel,97886.0,160.0,manual,12900,Mercado Parque Corredor del Henares,28850,Madrid,Mercado Parque Corredor del Henares
Land Rover,Freelander,Diésel,97886.0,160.0,manual,12900,Vigo,36214,Pontevedra,Vigo
Land Rover,Freelander,Diésel,97886.0,160.0,manual,12900,Sant Vicenç de Montalt,8394,Barcelona,Sant Vicenç de Montalt
Land Rover,Freelander,Diésel,97886.0,160.0,manual,12900,Granollers,8403,Barcelona,Granollers
Land Rover,Range Rover Evoque,Diésel,107857.0,150.0,automatic,23900,Santa Maria del Aguila,4710,Almería,Santa Maria del Aguila
Land Rover,Range Rover Evoque,Diésel,107857.0,150.0,automatic,23900,Ciudad Real,13003,Ciudad Real,Ciudad Real
Land Rover,Range Rover Evoque,Diésel,107857.0,150.0,automatic,23900,Saladar,3700,Alicante,Saladar
Land Rover,Range Rover Evoque,Diésel,107857.0,150.0,automatic,23900,Vigo,36214,Pontevedra,Vigo
Land Rover,Range Rover Evoque,Diésel,107857.0,150.0,automatic,23900,Sant Vicenç de Montalt,8394,Barcelona,Sant Vicenç de Montalt
Toyota,Camry,Gasolina,110514.0,134.0,automatic,4900,Robledo de Chavela,28294,Madrid,Robledo de Chavela
Toyota,Camry,Eléctrico,35000.0,218.0,automatic,32490,Igualada,8700,Barcelona,Igualada
Lancia,Ypsilon,Gasolina,144181.0,69.0,manual,5990,Almería,4006,Almería,Almería
Lancia,Ypsilon,Gasolina,144181.0,69.0,manual,5990,Vigo,36211,Pontevedra,Vigo
Lancia,Ypsilon,Gasolina,144181.0,69.0,manual,5990,Granada,18005,Granada,Granada
Lancia,Ypsilon,Gasolina,69736.0,70.0,manual,7599,Madrid,28014,Madrid,Madrid
Lancia,Ypsilon,Gasolina,69736.0,70.0,manual,7599,Barcelona,8007,Barcelona,Barcelona
Jaguar,E-Pace,Gasolina,57800.0,249.0,automatic,31500,Valencia,46002,Valencia,Valencia
Jaguar,E-Pace,Diésel,79300.0,180.0,automatic,31900,Barcelona,8036,Barcelona,Barcelona
Jaguar,E-Pace,Diésel,55394.0,150.0,manual,26490,Murcia,30005,Murcia,Murcia
Jaguar,E-Pace,Diésel,55394.0,150.0,manual,24890,Murcia,30005,Murcia,Murcia
Jaguar,E-Pace,Diésel,55394.0,150.0,manual,26490,Sevilla,41005,Sevilla,Sevilla
Jaguar,E-Pace,Diésel,55394.0,150.0,manual,24890,Sevilla,41005,Sevilla,Sevilla
Jaguar,XKR,Gasolina,224000.0,370.0,automatic,17400,Torremolinos,29620,Málaga,Torremolinos
Jaguar,XKR,Gasolina,224000.0,370.0,automatic,17400,Torremolinos,29620,Málaga,Torremolinos
Jaguar,XKR,Gasolina,224000.0,370.0,automatic,17400,Torremolinos,29620,Málaga,Torremolinos
Jaguar,XJ,Diésel,150000.0,275.0,automatic,15000,El Esparragal,30163,Murcia,El Esparragal
Jaguar,XK Series,Gasolina,89000.0,385.0,automatic,26990,Marbella,29601,Málaga,Marbella
Jaguar,XK Series,Gasolina,151000.0,298.0,automatic,20890,Barcelona,8006,Barcelona,Barcelona
Jaguar,XK Series,Gasolina,151000.0,298.0,automatic,20890,Madrid,28015,Madrid,Madrid
Jaguar,XK Series,Gasolina,133207.0,363.0,automatic,22990,Barcelona,8006,Barcelona,Barcelona
Jaguar,XK Series,Gasolina,133207.0,363.0,automatic,22500,Barcelona,8006,Barcelona,Barcelona
Isuzu,NLR,Diésel,144000.0,150.0,manual,18900,Pola de Siero,33510,Asturias,Pola de Siero
Daewoo,Tacuma,Gasolina,215000.0,121.0,manual,1990,Granollers,8401,Barcelona,Granollers
Dacia,Lodgy,Gasolina,43300.0,131.0,manual,17999,Madrid,28014,Madrid,Madrid
Dacia,Lodgy,Gasolina,43300.0,131.0,manual,17799,Madrid,28014,Madrid,Madrid
Dacia,Lodgy,Diésel,79920.0,107.0,manual,13999,Madrid,28014,Madrid,Madrid
DS,3 CROSSBACK,Gasolina,69887.0,131.0,automatic,24995,Móstoles,28934,Madrid,Móstoles
DS,3 CROSSBACK,Gasolina,32000.0,102.0,manual,22990,Cogullada,46749,Valencia,Cogullada
DS,3 CROSSBACK,Gasolina,59997.0,131.0,automatic,26400,Sedaví,46910,Valencia,Sedaví
DS,3 CROSSBACK,Gasolina,59997.0,131.0,automatic,26400,Sedaví,46910,Valencia,Sedaví
DS,3 CROSSBACK,Gasolina,59997.0,131.0,automatic,26400,Sedaví,46910,Valencia,Sedaví
DS,3 CROSSBACK,Gasolina,59997.0,131.0,automatic,26400,Sedaví,46910,Valencia,Sedaví
DS,3 CROSSBACK,Gasolina,15000.0,102.0,manual,23990,Arriaga,1013,Álava,Arriaga
DS,3 CROSSBACK,Gasolina,20000.0,102.0,manual,21990,Parla,28984,Madrid,Parla
DS,3,Gasolina,50000.0,82.0,manual,12990,Vigo,36209,Pontevedra,Vigo
Corvette,Corvette,Gasolina,109314.0,400.0,automatic,33000,Colonia Pablo Iglesias,28520,Madrid,Colonia Pablo Iglesias
DS,7 CROSSBACK,Diésel,77500.0,129.0,manual,26900,Arriaga,48950,Bizkaia,Arriaga
DS,7 CROSSBACK,Diésel,177884.0,129.0,manual,16500,Xirivella,46950,Valencia,Xirivella
DS,7 CROSSBACK,Diésel,25076.0,129.0,manual,30800,Mairena del Aljarafe,41927,Sevilla,Mairena del Aljarafe
DS,7 CROSSBACK,Diésel,34771.0,129.0,manual,30000,Mairena del Aljarafe,41927,Sevilla,Mairena del Aljarafe
Chrysler,Sebring,Diésel,190000.0,140.0,manual,7999,Las Chafiras,38639,Santa Cruz de Tenerife,Las Chafiras
Chrysler,Sebring,Diésel,190000.0,140.0,manual,7999,Las Chafiras,38639,Santa Cruz de Tenerife,Las Chafiras
Chrysler,Sebring,Diésel,190000.0,140.0,manual,7999,Las Chafiras,38639,Santa Cruz de Tenerife,Las Chafiras
Chrysler,Sebring,Diésel,211900.0,140.0,manual,6500,La Pobla de Vallbona,46185,Valencia,La Pobla de Vallbona
Chrysler,Sebring,Diésel,211900.0,140.0,manual,6500,La Pobla de Vallbona,46185,Valencia,La Pobla de Vallbona
Volkswagen,Amarok,Diésel,200000.0,180.0,manual,20000,Barcelona,8006,Barcelona,Barcelona
Volkswagen,Amarok,Diésel,107097.0,204.0,automatic,36900,Saladar,3700,Alicante,Saladar
Volkswagen,Amarok,Diésel,107097.0,204.0,automatic,36900,Estepona,29680,Málaga,Estepona
Volkswagen,Amarok,Diésel,107097.0,204.0,automatic,36900,Vigo,36214,Pontevedra,Vigo
Volkswagen,Amarok,Diésel,107097.0,204.0,automatic,36900,Murcia,30003,Murcia,Murcia
Volkswagen,Amarok,Diésel,107097.0,204.0,automatic,36900,Santiago de Compostela,15703,A Coruña,Santiago de Compostela
Volkswagen,Amarok,Diésel,107097.0,204.0,automatic,36900,Santafe,18320,Granada,Santafe
Volkswagen,Tiguan,Gasolina,30000.0,130.0,manual,565,Madrid,28006,Madrid,Madrid
Volkswagen,Tiguan,Diésel,22730.0,150.0,automatic,30790,Madrid,28021,Madrid,Madrid
Volkswagen,Tiguan,Diésel,97810.0,190.0,automatic,30690,Madrid,28021,Madrid,Madrid
Volkswagen,Tiguan,Gasolina,38781.0,130.0,manual,29200,Santiago de Compostela,15703,A Coruña,Santiago de Compostela
Volkswagen,Tiguan,Gasolina,145548.0,150.0,manual,10900,Mercado Parque Corredor del Henares,28850,Madrid,Mercado Parque Corredor del Henares
Ford,Transit,Diésel,43000.0,130.0,manual,26785,Montcada i Reixac,8110,Barcelona,Montcada i Reixac
Ford,Transit,Diésel,135003.0,130.0,manual,23900,Sevilla,41004,Sevilla,Sevilla
Ford,Transit,Diésel,135003.0,130.0,manual,23900,Barcelona,8008,Barcelona,Barcelona
Ford,Transit,Diésel,135003.0,130.0,manual,23900,Barcelona,8013,Barcelona,Barcelona
Ford,Transit,Diésel,135003.0,130.0,manual,23900,Almería,4001,Almería,Almería
Ford,Edge,Diésel,118734.0,240.0,automatic,31900,Olèrdola,8734,Barcelona,Olèrdola
Ford,Edge,Diésel,118734.0,240.0,automatic,31900,Olèrdola,8734,Barcelona,Olèrdola
Ford,Edge,Diésel,68938.0,210.0,automatic,31450,Valladolid,47003,Valladolid,Valladolid
Ford,EcoSport,Gasolina,74011.0,110.0,manual,10999,Madrid,28014,Madrid,Madrid
Ford,EcoSport,Gasolina,74011.0,110.0,manual,10799,Madrid,28014,Madrid,Madrid
Ford,EcoSport,Gasolina,46628.0,125.0,manual,19499,Barcelona,8007,Barcelona,Barcelona
Ford,EcoSport,Gasolina,46628.0,125.0,manual,19099,Barcelona,8007,Barcelona,Barcelona
Ford,EcoSport,Gasolina,46628.0,125.0,manual,19499,Madrid,28014,Madrid,Madrid
Ford,EcoSport,Gasolina,46628.0,125.0,manual,19099,Madrid,28014,Madrid,Madrid
Ford,EcoSport,Gasolina,24165.0,125.0,manual,16990,Madrid,28021,Madrid,Madrid
Ford,EcoSport,Diésel,115865.0,91.0,manual,11935,Santiago de Compostela,15703,A Coruña,Santiago de Compostela
Ford,Kuga,Diésel,53000.0,149.0,manual,583,Barcelona,8007,Barcelona,Barcelona
Ford,Kuga,Diésel,53000.0,149.0,manual,346,Gandía,46701,Valencia,Gandía
Ford,Kuga,Diésel,81000.0,149.0,manual,516,Madrid,28009,Madrid,Madrid
Ford,Kuga,Diésel,63000.0,149.0,manual,605,Madrid,28006,Madrid,Madrid
Mazda,CX-9,Gasolina,180000.0,277.0,automatic,19900,Torremolinos,29620,Málaga,Torremolinos
Mazda,CX-9,Gasolina,180000.0,277.0,automatic,19900,Torremolinos,29620,Málaga,Torremolinos
Mazda,CX-9,Gasolina,180000.0,277.0,automatic,19900,Torremolinos,29620,Málaga,Torremolinos
Mazda,CX-9,Gasolina,67468.0,273.0,automatic,20680,Mercado Parque Corredor del Henares,28850,Madrid,Mercado Parque Corredor del Henares
Mazda,Premacy,Gasolina,199000.0,100.0,manual,2400,Sant Adrià de Besòs,8930,Barcelona,Sant Adrià de Besòs
Mazda,Premacy,Gasolina,199000.0,100.0,manual,1999,Sant Adrià de Besòs,8930,Barcelona,Sant Adrià de Besòs
Mazda,CX-3,Diésel,99463.0,105.0,automatic,13990,Murcia,30005,Murcia,Murcia
Mazda,CX-3,Diésel,99463.0,105.0,automatic,13990,Salamanca,37008,Salamanca,Salamanca
Mazda,CX-3,Diésel,99463.0,105.0,automatic,13990,Salamanca,37008,Salamanca,Salamanca
Mazda,CX-3,Diésel,72370.0,105.0,manual,18975,Santa Maria del Aguila,4710,Almería,Santa Maria del Aguila
Mazda,CX-3,Diésel,72370.0,105.0,manual,18975,Santiago de Compostela,15703,A Coruña,Santiago de Compostela
Mazda,CX-3,Diésel,72370.0,105.0,manual,18975,Saladar,3700,Alicante,Saladar
Mazda,323,Diésel,135000.0,100.0,manual,3499,Sant Vicent del Raspeig,3690,Alicante,Sant Vicent del Raspeig
Mazda,323,Diésel,135000.0,100.0,manual,3199,Sant Vicent del Raspeig,3690,Alicante,Sant Vicent del Raspeig
Mazda,5,Diésel,63563.0,115.0,manual,12299,Madrid,28014,Madrid,Madrid
Mazda,3,Gasolina,56787.0,120.0,manual,15990,Fuenlabrada,28947,Madrid,Fuenlabrada
Mazda,3,Gasolina,56787.0,120.0,manual,15990,Colonia Pablo Iglesias,28520,Madrid,Colonia Pablo Iglesias
Mazda,3,Gasolina,56787.0,120.0,manual,15990,Bilbao,48004,Bizkaia,Bilbao
Mazda,3,Gasolina,56787.0,120.0,manual,15990,Camarma de Esteruelas,28816,Madrid,Camarma de Esteruelas
Mazda,3,Gasolina,56787.0,120.0,manual,15990,Camarma de Esteruelas,28816,Madrid,Camarma de Esteruelas
Mazda,3,Gasolina,56787.0,120.0,manual,15990,Las Rozas de Madrid,28232,Madrid,Las Rozas de Madrid
Mazda,3,Gasolina,56787.0,120.0,manual,15990,Collado Villalba,28400,Madrid,Collado Villalba
Mazda,3,Gasolina,56787.0,120.0,manual,15990,Collado Villalba,28400,Madrid,Collado Villalba
Mazda,CX-30,Gasolina,43589.0,122.0,manual,24955,Ciudad Real,13003,Ciudad Real,Ciudad Real
Mazda,CX-30,Gasolina,43589.0,122.0,manual,24955,Estepona,29680,Málaga,Estepona
Mazda,CX-30,Gasolina,43589.0,122.0,manual,24955,Olèrdola,8734,Barcelona,Olèrdola
Mazda,CX-30,Gasolina,43589.0,122.0,manual,24955,Olèrdola,8734,Barcelona,Olèrdola
Mazda,CX-30,Gasolina,43589.0,122.0,manual,24955,Alameda del Obispo,14005,Córdoba,Alameda del Obispo
Mazda,CX-30,Gasolina,43589.0,122.0,manual,24955,Alcalá de Guadaíra,41500,Sevilla,Alcalá de Guadaíra
Mazda,CX-30,Gasolina,43589.0,122.0,manual,24955,Las Rozas de Madrid,28232,Madrid,Las Rozas de Madrid
Mazda,6,Diésel,115000.0,149.0,manual,461,Valencia,46005,Valencia,Valencia
Mazda,6,Diésel,98000.0,149.0,manual,459,Barcelona,8007,Barcelona,Barcelona
Mazda,6,Diésel,98000.0,149.0,manual,255,Gandía,46701,Valencia,Gandía
Mazda,6,Diésel,99950.0,149.0,manual,518,Madrid,28009,Madrid,Madrid
Mazda,6,Diésel,99950.0,149.0,manual,523,Sevilla,41018,Sevilla,Sevilla
Mazda,MX-30,Eléctrico,29407.0,146.0,automatic,25990,Madrid,28021,Madrid,Madrid
Mazda,MX-30,Eléctrico,29407.0,146.0,automatic,26190,Madrid,28021,Madrid,Madrid
Mazda,MX-30,Eléctrico,29407.0,146.0,automatic,24990,Madrid,28021,Madrid,Madrid
Mazda,MX-30,Eléctrico,29407.0,146.0,automatic,25290,Madrid,28021,Madrid,Madrid
Mazda,MX-30,Eléctrico,25012.0,143.0,automatic,396,Toledo,45002,Toledo,Toledo
Mazda,MX-30,Eléctrico,9785.0,145.0,automatic,26500,Pineda de Mar,8397,Barcelona,Pineda de Mar
Mazda,MX-30,Eléctrico,9785.0,145.0,automatic,24500,Pineda de Mar,8397,Barcelona,Pineda de Mar
Mazda,MX-5,Gasolina,116753.0,146.0,manual,10990,Alcalá de Guadaíra,41500,Sevilla,Alcalá de Guadaíra
Mazda,MX-5,Gasolina,116753.0,146.0,manual,10990,Castello/Castellon de La Plana,12100,Castellón,Castello/Castellon de La Plana
Mazda,MX-5,Gasolina,116753.0,146.0,manual,10990,Las Rozas de Madrid,28232,Madrid,Las Rozas de Madrid
Mazda,MX-5,Gasolina,116753.0,146.0,manual,10990,Torremolinos,29620,Málaga,Torremolinos
Mazda,MX-5,Gasolina,116753.0,146.0,manual,10990,Torremolinos,29620,Málaga,Torremolinos
Mazda,MX-5,Gasolina,116753.0,146.0,manual,10990,Torremolinos,29620,Málaga,Torremolinos
Mazda,MX-5,Gasolina,116753.0,146.0,manual,10990,Getafe,28906,Madrid,Getafe
Mazda,MX-5,Gasolina,116753.0,146.0,manual,10990,Collado Villalba,28400,Madrid,Collado Villalba
Mazda,MX-5,Gasolina,116753.0,146.0,manual,10990,Collado Villalba,28400,Madrid,Collado Villalba
Mazda,MX-5,Gasolina,116753.0,146.0,manual,10990,Santafe,18320,Granada,Santafe
Mazda,CX-7,Diésel,211839.0,173.0,manual,9890,Silla,46460,Valencia,Silla
Mazda,CX-7,Diésel,280525.0,173.0,manual,6890,Granada,18005,Granada,Granada
Mazda,CX-5,Diésel,233965.0,150.0,automatic,9990,Toledo,45002,Toledo,Toledo
Mazda,CX-5,Diésel,233965.0,150.0,automatic,9990,Alicante,3010,Alicante,Alicante
Mazda,CX-5,Diésel,233965.0,150.0,automatic,9990,Alicante,3010,Murcia,Alicante
Mazda,CX-5,Gasolina,27531.0,165.0,manual,23499,Madrid,28014,Madrid,Madrid
Mazda,CX-5,Diésel,233965.0,150.0,automatic,9990,Vigo,36211,Pontevedra,Vigo
Mazda,CX-5,Diésel,233965.0,150.0,automatic,9990,Granada,18005,Granada,Granada
Chevrolet,Orlando,Diésel,117100.0,130.0,manual,11340,Ávila,5001,Ávila,Ávila
Chevrolet,Orlando,Diésel,117100.0,130.0,manual,11230,Ávila,5001,Ávila,Ávila
Peugeot,208,Diésel,74044.0,99.0,manual,10990,Alicante,3010,Alicante,Alicante
Peugeot,208,Diésel,74044.0,99.0,manual,10990,Alicante,3010,Murcia,Alicante
Peugeot,208,Gasolina,38640.0,110.0,automatic,11990,Alicante,3010,Alicante,Alicante
Peugeot,208,Gasolina,38640.0,110.0,automatic,11990,Alicante,3010,Murcia,Alicante
Peugeot,208,Gasolina,91774.0,110.0,manual,10499,Madrid,28014,Madrid,Madrid
Peugeot,308,Gasolina,73591.0,110.0,manual,14375,Santa Maria del Aguila,4710,Almería,Santa Maria del Aguila
Peugeot,308,Gasolina,73591.0,110.0,manual,14375,Ciudad Real,13003,Ciudad Real,Ciudad Real
Peugeot,308,Gasolina,73591.0,110.0,manual,14375,Valdepeñas,13300,Ciudad Real,Valdepeñas
Peugeot,308,Gasolina,73591.0,110.0,manual,14375,Valdepeñas,13300,Ciudad Real,Valdepeñas
Peugeot,308,Gasolina,18496.0,110.0,manual,16790,Madrid,28021,Madrid,Madrid
Peugeot,308,Gasolina,33813.0,130.0,manual,16990,Madrid,28021,Madrid,Madrid
Peugeot,308,Gasolina,33813.0,130.0,manual,17190,Madrid,28021,Madrid,Madrid
Peugeot,308,Gasolina,73591.0,110.0,manual,14375,Saladar,3700,Alicante,Saladar
Peugeot,308,Gasolina,73591.0,110.0,manual,14375,Mercado Parque Corredor del Henares,28850,Madrid,Mercado Parque Corredor del Henares
Peugeot,e-2008,Eléctrico,30481.0,136.0,automatic,29900,Barcelona,8007,Barcelona,Barcelona
Peugeot,e-2008,Eléctrico,30481.0,136.0,automatic,29900,Mercabilbao,48970,Bizkaia,Mercabilbao
Peugeot,4007,Diésel,236000.0,156.0,manual,8990,Poligono Los Villares Reina,37184,Salamanca,Poligono Los Villares Reina
Peugeot,4007,Diésel,195000.0,156.0,automatic,9500,Pineda de Mar,8397,Barcelona,Pineda de Mar
Peugeot,307,Gasolina,85000.0,110.0,manual,2990,Sant Joan Despí,8970,Barcelona,Sant Joan Despí
Peugeot,307,Diésel,464000.0,90.0,manual,1990,Málaga,29010,Málaga,Málaga
Peugeot,307,Diésel,464000.0,90.0,manual,1990,Málaga,29010,Málaga,Málaga
Peugeot,408,Gasolina,1.0,130.0,automatic,29990,Leganés,28914,Madrid,Leganés
Peugeot,107,Gasolina,30755.0,68.0,manual,5999,Madrid,28014,Madrid,Madrid
Peugeot,108,Gasolina,39469.0,72.0,manual,12592,Atarrabia,31610,Navarra,Atarrabia
Peugeot,108,Gasolina,39469.0,72.0,manual,12592,Mercabilbao,48970,Bizkaia,Mercabilbao
Peugeot,108,Gasolina,39469.0,72.0,manual,12592,Zaragoza,50013,Zaragoza,Zaragoza
Peugeot,108,Gasolina,5620.0,72.0,manual,12764,Olèrdola,8734,Barcelona,Olèrdola
Peugeot,108,Gasolina,5620.0,72.0,manual,12764,Olèrdola,8734,Barcelona,Olèrdola
Peugeot,Rifter,Diésel,109922.0,100.0,manual,18490,Madrid,28021,Madrid,Madrid
Peugeot,Rifter,Diésel,109922.0,100.0,manual,18190,Madrid,28021,Madrid,Madrid
Peugeot,Rifter,Diésel,84923.0,100.0,manual,20750,Alcalá de Guadaíra,41500,Sevilla,Alcalá de Guadaíra
Peugeot,Rifter,Diésel,58000.0,130.0,manual,25500,Barcelona,8915,Barcelona,Barcelona
Peugeot,Rifter,Diésel,58000.0,130.0,manual,23900,Barcelona,8915,Barcelona,Barcelona
Peugeot,5008,Diésel,63152.0,130.0,manual,23899,Madrid,28014,Madrid,Madrid
Peugeot,5008,Diésel,63152.0,130.0,manual,23899,Barcelona,8007,Barcelona,Barcelona
Peugeot,5008,Gasolina,61845.0,130.0,manual,22490,Alicante,3010,Alicante,Alicante
Peugeot,5008,Gasolina,61845.0,130.0,manual,22490,Alicante,3010,Murcia,Alicante
Peugeot,5008,Gasolina,61845.0,130.0,manual,22490,Vigo,36211,Pontevedra,Vigo
Peugeot,Bipper,Diésel,133000.0,68.0,manual,5990,Valencia,46002,Valencia,Valencia
Peugeot,Traveller,Diésel,24468.0,120.0,manual,35800,Santiago de Compostela,15703,A Coruña,Santiago de Compostela
Peugeot,Traveller,Diésel,114540.0,120.0,manual,19900,Badajoz,6007,Badajoz,Badajoz
Peugeot,Traveller,Diésel,114540.0,120.0,manual,22300,Badajoz,6007,Badajoz,Badajoz
Peugeot,Traveller,Diésel,59963.0,120.0,manual,25990,Valencia,46001,Valencia,Valencia
Peugeot,Traveller,Diésel,59963.0,120.0,manual,24990,Valencia,46001,Valencia,Valencia
Peugeot,Partner,Diésel,157147.0,98.0,manual,14938,Vigo,36214,Pontevedra,Vigo
Peugeot,Partner,Diésel,157147.0,98.0,manual,14938,Sant Vicenç de Montalt,8394,Barcelona,Sant Vicenç de Montalt
Peugeot,Partner,Diésel,157147.0,98.0,manual,14938,Murcia,30003,Murcia,Murcia
Peugeot,Partner,Diésel,157147.0,98.0,manual,14938,Olèrdola,8734,Barcelona,Olèrdola
Peugeot,Partner,Diésel,157147.0,98.0,manual,14938,Olèrdola,8734,Barcelona,Olèrdola
Peugeot,Partner,Diésel,147690.0,110.0,manual,8990,Vigo,36211,Pontevedra,Vigo
Peugeot,Partner,Diésel,147690.0,110.0,manual,9490,Vigo,36211,Pontevedra,Vigo
Porsche,Macan,Diésel,177126.0,258.0,automatic,30990,Almería,4006,Almería,Almería
Porsche,Macan,Diésel,177126.0,258.0,automatic,30990,Ullastrell,8231,Barcelona,Ullastrell
Porsche,Macan,Diésel,177126.0,258.0,automatic,30990,Alicante,3010,Alicante,Alicante
Porsche,Macan,Diésel,177126.0,258.0,automatic,30990,Alicante,3010,Murcia,Alicante
Porsche,Macan,Diésel,177126.0,258.0,automatic,30990,Vigo,36211,Pontevedra,Vigo
Porsche,Macan,Diésel,177126.0,258.0,automatic,30990,Granada,18005,Granada,Granada
Porsche,Panamera,Gasolina,142149.0,400.0,automatic,26990,Sevilla,41005,Sevilla,Sevilla
Porsche,Panamera,Diésel,159000.0,250.0,automatic,34900,Monteagudo,30160,Murcia,Monteagudo
Porsche,Boxster,Gasolina,99000.0,260.0,manual,16999,El Cigarral,29120,Málaga,El Cigarral
Porsche,Cayman,Gasolina,96810.0,295.0,automatic,29990,Fuenlabrada,28946,Madrid,Fuenlabrada
Porsche,Cayman,Gasolina,127033.0,245.0,automatic,26450,Alcobendas,28100,Madrid,Alcobendas
Chevrolet,Orlando,Diésel,130000.0,130.0,manual,8999,Alcobendas,28100,Madrid,Alcobendas
Subaru,Legacy,Diésel,240000.0,150.0,manual,6000,Manlleu,8560,Barcelona,Manlleu
Subaru,Levorg,Gasolina,48000.0,170.0,automatic,20990,Murcia,30005,Murcia,Murcia
Subaru,Levorg,Gasolina,48000.0,170.0,automatic,20990,Girona,17007,Girona,Girona
Subaru,Levorg,Gasolina,48000.0,170.0,automatic,20990,Almería,4006,Almería,Almería
Subaru,Levorg,Gasolina,48000.0,170.0,automatic,20990,Valencia,46001,Valencia,Valencia
Subaru,Levorg,Gasolina,48000.0,170.0,automatic,20990,Ullastrell,8231,Barcelona,Ullastrell
Suzuki,Jimny,Gasolina,50359.0,85.0,manual,17135,Alzira,46600,Valencia,Alzira
Suzuki,Jimny,Gasolina,50359.0,85.0,manual,17135,Alzira,46600,Valencia,Alzira
Suzuki,Jimny,Gasolina,50359.0,85.0,manual,17135,Alicante,3007,Alicante,Alicante
Suzuki,Jimny,Gasolina,50359.0,85.0,manual,17135,Getafe,28906,Madrid,Getafe
Suzuki,Jimny,Gasolina,50359.0,85.0,manual,17135,Torremolinos,29620,Málaga,Torremolinos
Suzuki,Jimny,Gasolina,50359.0,85.0,manual,17135,Torremolinos,29620,Málaga,Torremolinos
Suzuki,Jimny,Gasolina,50359.0,85.0,manual,17135,Torremolinos,29620,Málaga,Torremolinos
Suzuki,Jimny,Gasolina,50359.0,85.0,manual,17135,Santiago de Compostela,15703,A Coruña,Santiago de Compostela
Suzuki,Jimny,Gasolina,20.0,102.0,manual,25495,Mairena del Aljarafe,41927,Sevilla,Mairena del Aljarafe
Suzuki,Baleno,Gasolina,75109.0,111.0,manual,12363,Mercabilbao,48970,Bizkaia,Mercabilbao
Suzuki,Baleno,Gasolina,75109.0,111.0,manual,12363,Santafe,18320,Granada,Santafe
Suzuki,Baleno,Gasolina,75109.0,111.0,manual,12363,Zaragoza,50013,Zaragoza,Zaragoza
Suzuki,Baleno,Gasolina,75109.0,111.0,manual,12363,Puerto de Sagunto,46520,Valencia,Puerto de Sagunto
Suzuki,Baleno,Gasolina,75109.0,111.0,manual,12363,Castello/Castellon de La Plana,12100,Castellón,Castello/Castellon de La Plana
Suzuki,Baleno,Gasolina,75109.0,111.0,manual,12363,Colonia Pablo Iglesias,28520,Madrid,Colonia Pablo Iglesias
Suzuki,Baleno,Gasolina,75109.0,111.0,manual,12363,Albacete,2001,Albacete,Albacete
Suzuki,Baleno,Gasolina,75109.0,111.0,manual,12363,Alzira,46600,Valencia,Alzira
Suzuki,Baleno,Gasolina,75109.0,111.0,manual,12363,Alzira,46600,Valencia,Alzira
Suzuki,Baleno,Gasolina,75109.0,111.0,manual,12363,Alicante,3007,Alicante,Alicante
Suzuki,Vitara,Gasolina,99001.0,111.0,manual,14490,Granada,18005,Granada,Granada
Suzuki,Vitara,Gasolina,99001.0,111.0,manual,14490,Murcia,30005,Murcia,Murcia
Suzuki,Vitara,Gasolina,99001.0,111.0,manual,14490,Toledo,45002,Toledo,Toledo
Suzuki,Vitara,Gasolina,99001.0,111.0,manual,14490,Ciudad Real,13005,Ciudad Real,Ciudad Real
Suzuki,Grand Vitara,Diésel,145300.0,129.0,manual,11500,Palamós,17230,Girona,Palamós
Suzuki,Grand Vitara XL-7,Diésel,116985.0,110.0,manual,8900,A Coruña,15190,A Coruña,A Coruña
Suzuki,Ignis,Gasolina,36509.0,90.0,manual,10990,Murcia,30005,Murcia,Murcia
Suzuki,Ignis,Gasolina,60242.0,90.0,automatic,14990,Bilbao,48004,Bizkaia,Bilbao
Suzuki,Ignis,Gasolina,60242.0,90.0,automatic,14990,Castellón,12001,Castellón,Castellón
Suzuki,Ignis,Gasolina,60242.0,90.0,automatic,14990,Sevilla,41005,Sevilla,Sevilla
Volkswagen,Jetta,Diésel,108981.0,110.0,manual,8990,Marbella,29601,Málaga,Marbella
Volkswagen,Jetta,Diésel,108981.0,110.0,manual,8990,Murcia,30005,Murcia,Murcia
Volkswagen,Jetta,Diésel,108981.0,110.0,manual,8990,Algeciras,11202,Cádiz,Algeciras
Volkswagen,Eos,Diésel,190100.0,140.0,manual,8200,Catarroja,46470,Valencia,Catarroja
Volkswagen,Eos,Diésel,190100.0,140.0,manual,8200,Catarroja,46470,Valencia,Catarroja
Volkswagen,Eos,Diésel,190100.0,140.0,manual,8200,Catarroja,46470,Valencia,Catarroja
Volkswagen,Eos,Diésel,190100.0,140.0,manual,8200,Catarroja,46470,Valencia,Catarroja
Volkswagen,Beetle,Diésel,29112.0,105.0,manual,14900,Olèrdola,8734,Barcelona,Olèrdola
Volkswagen,Beetle,Diésel,29112.0,105.0,manual,14900,Olèrdola,8734,Barcelona,Olèrdola
Volkswagen,Beetle,Diésel,29112.0,105.0,manual,14900,Colonia Pablo Iglesias,28520,Madrid,Colonia Pablo Iglesias
Volkswagen,Beetle,Diésel,29112.0,105.0,manual,14900,Alameda del Obispo,14005,Córdoba,Alameda del Obispo
Volkswagen,Beetle,Diésel,29112.0,105.0,manual,14900,Mercabilbao,48970,Bizkaia,Mercabilbao
Volkswagen,Beetle,Diésel,190000.0,105.0,manual,8490,Collado Villalba,28400,Madrid,Collado Villalba
Volkswagen,Beetle,Diésel,190000.0,105.0,manual,8490,Collado Villalba,28400,Madrid,Collado Villalba
Volkswagen,Touran,Diésel,119149.0,115.0,automatic,17990,Granada,18005,Granada,Granada
Volkswagen,Touran,Diésel,119149.0,115.0,automatic,17990,Valencia,46001,Valencia,Valencia
Volkswagen,Touran,Diésel,119149.0,115.0,automatic,17990,Murcia,30005,Murcia,Murcia
Volkswagen,Touran,Diésel,130615.0,104.0,automatic,15990,Barcelona,8007,Barcelona,Barcelona
Volkswagen,Touran,Diésel,130615.0,104.0,automatic,15990,Madrid,28014,Madrid,Madrid
Volkswagen,Arteon,Diésel,43500.0,150.0,automatic,29990,Granada,18005,Granada,Granada
Volkswagen,Arteon,Diésel,43500.0,150.0,automatic,29990,Murcia,30005,Murcia,Murcia
Volkswagen,Arteon,Diésel,43500.0,150.0,automatic,29990,Cáceres,10001,Cáceres,Cáceres
Volkswagen,Arteon,Diésel,43500.0,150.0,automatic,29990,Sevilla,41005,Sevilla,Sevilla
Volkswagen,Arteon,Diésel,43500.0,150.0,automatic,29990,Valencia,46001,Valencia,Valencia
Volkswagen,Arteon,Diésel,43500.0,150.0,automatic,29990,Badajoz,6003,Badajoz,Badajoz
Volkswagen,Caddy,Diésel,80517.0,102.0,manual,18099,Madrid,28014,Madrid,Madrid
Volkswagen,Caddy,Diésel,80517.0,102.0,manual,18099,Barcelona,8007,Barcelona,Barcelona
Volkswagen,Golf,Gasolina,30250.0,150.0,automatic,24900,Sabadell,8201,Barcelona,Sabadell
Volkswagen,Tiguan Allspace,Diésel,79000.0,149.0,manual,660,Madrid,28009,Madrid,Madrid
Volkswagen,Tiguan Allspace,Diésel,113000.0,149.0,manual,652,Sevilla,41018,Sevilla,Sevilla
Volkswagen,Tiguan Allspace,Diésel,79000.0,149.0,manual,664,Valencia,46005,Valencia,Valencia
Volkswagen,Tiguan Allspace,Diésel,48030.0,150.0,automatic,32490,Madrid,28021,Madrid,Madrid
Volkswagen,Tiguan Allspace,Diésel,48030.0,150.0,automatic,31990,Madrid,28021,Madrid,Madrid
Volkswagen,Tiguan Allspace,Gasolina,98000.0,190.0,automatic,35990,Bekea,48960,Bizkaia,Bekea
Volkswagen,Caravelle,Diésel,76480.0,150.0,automatic,33990,Sevilla,41005,Sevilla,Sevilla
Volkswagen,Caravelle,Diésel,76480.0,150.0,automatic,33990,Alicante,3010,Alicante,Alicante
Volkswagen,Caravelle,Diésel,76480.0,150.0,automatic,33990,Alicante,3010,Murcia,Alicante
Volkswagen,Caravelle,Diésel,76480.0,150.0,automatic,33990,Bilbao,48004,Bizkaia,Bilbao
Volkswagen,Fox,Gasolina,214000.0,75.0,manual,4450,Montmeló,8160,Barcelona,Montmeló
Volkswagen,Fox,Gasolina,214000.0,75.0,manual,4250,Montmeló,8160,Barcelona,Montmeló
Volkswagen,Transporter T5,Diésel,246000.0,130.0,manual,7850,Montblanc,43400,Tarragona,Montblanc
Volkswagen,Transporter T5,Diésel,212000.0,102.0,manual,23900,Prado del Rey,11660,Cádiz,Prado del Rey
Volkswagen,CC,Diésel,150808.0,140.0,manual,13890,Sevilla,41005,Sevilla,Sevilla
Volkswagen,Polo,Gasolina,95706.0,90.0,manual,13490,Santiago de Compostela,15703,A Coruña,Santiago de Compostela
Volkswagen,Polo,Gasolina,95706.0,90.0,manual,13490,Valdepeñas,13300,Ciudad Real,Valdepeñas
Volkswagen,Polo,Gasolina,95706.0,90.0,manual,13490,Valdepeñas,13300,Ciudad Real,Valdepeñas
Volkswagen,Polo,Diésel,87486.0,95.0,manual,15490,Madrid,28021,Madrid,Madrid
Volkswagen,Polo,Gasolina,43041.0,80.0,manual,15590,Madrid,28021,Madrid,Madrid
Volkswagen,Polo,Gasolina,43041.0,80.0,manual,15290,Madrid,28021,Madrid,Madrid
Volkswagen,T-Cross,Gasolina,90000.0,95.0,manual,219,Barcelona,8007,Barcelona,Barcelona
Volkswagen,T-Cross,Gasolina,99950.0,95.0,manual,405,Valencia,46005,Valencia,Valencia
Volkswagen,T-Cross,Gasolina,48969.0,115.0,automatic,19990,Madrid,28021,Madrid,Madrid
Volkswagen,Golf Sportsvan,Diésel,119678.0,110.0,manual,12990,Almería,4006,Almería,Almería
Volkswagen,Golf Sportsvan,Diésel,119678.0,110.0,manual,12990,Marbella,29601,Málaga,Marbella
Volkswagen,Golf Sportsvan,Diésel,119678.0,110.0,manual,12990,Alicante,3010,Alicante,Alicante
Volkswagen,Golf Sportsvan,Diésel,119678.0,110.0,manual,12990,Alicante,3010,Murcia,Alicante
Alfa Romeo,Giulia,Diésel,99950.0,136.0,manual,523,Sevilla,41018,Sevilla,Sevilla
Volkswagen,Golf Sportsvan,Diésel,119678.0,110.0,manual,12990,Vigo,36211,Pontevedra,Vigo
Volkswagen,Golf Sportsvan,Diésel,119678.0,110.0,manual,12990,Granada,18005,Granada,Granada
Volkswagen,Golf Sportsvan,Diésel,119678.0,110.0,manual,12990,Murcia,30005,Murcia,Murcia
Chevrolet,Orlando,Diésel,136000.0,130.0,manual,8990,El Peñón,29130,Málaga,El Peñón
Volkswagen,Touareg,Diésel,192376.0,204.0,automatic,17990,Sevilla,41005,Sevilla,Sevilla
Volkswagen,Touareg,Diésel,192376.0,204.0,automatic,17990,Vigo,36211,Pontevedra,Vigo
Volkswagen,Touareg,Diésel,192376.0,204.0,automatic,17990,Alicante,3010,Alicante,Alicante
Volkswagen,Touareg,Diésel,192376.0,204.0,automatic,17990,Alicante,3010,Murcia,Alicante
Volkswagen,Touareg,Diésel,192376.0,204.0,automatic,17990,Almería,4006,Almería,Almería
Volkswagen,Touareg,Diésel,192376.0,204.0,automatic,17990,Sevilla,41017,Sevilla,Sevilla
Volkswagen,Touareg,Diésel,192376.0,204.0,automatic,17990,Huelva,21004,Huelva,Huelva
BMW,Z4,Gasolina,270000.0,150.0,manual,7999,Alicante,3006,Alicante,Alicante
Alfa Romeo,Tonale,Gasolina,1300.0,160.0,automatic,39900,Tavernes de la Valldigna,46760,Valencia,Tavernes de la Valldigna
Alfa Romeo,Tonale,Gasolina,1300.0,160.0,automatic,39900,Tavernes de la Valldigna,46760,Valencia,Tavernes de la Valldigna
Volvo,XC40,Diésel,40210.0,150.0,automatic,33900,Parque Empresarial La Moraleja,28108,Madrid,Parque Empresarial La Moraleja
Volvo,XC40,Gasolina,30934.0,129.0,automatic,38500,Murcia,30100,Murcia,Murcia
Chevrolet,Captiva,Diésel,138483.0,184.0,automatic,12400,Alcobendas,28100,Madrid,Alcobendas
Chevrolet,Captiva,Diésel,151854.0,184.0,automatic,11390,Leganés,28916,Madrid,Leganés
Volvo,V90,Diésel,108000.0,149.0,manual,662,Madrid,28006,Madrid,Madrid
Volvo,V90,Diésel,99950.0,149.0,manual,26450,Valdefuentes,28939,Madrid,Valdefuentes
Volvo,V90,Diésel,99950.0,149.0,manual,26450,Valdefuentes,28939,Madrid,Valdefuentes
Chevrolet,Captiva,Diésel,151854.0,184.0,automatic,11390,Madrid,28046,Madrid,Madrid
Chevrolet,Captiva,Diésel,151854.0,184.0,automatic,11390,Las Rozas de Madrid,28232,Madrid,Las Rozas de Madrid
Chevrolet,Captiva,Diésel,151854.0,184.0,automatic,11390,Alcobendas,28100,Madrid,Alcobendas
Audi,A4 Allroad,Diésel,212000.0,245.0,automatic,16999,Bencarron,41710,Sevilla,Bencarron
Citroen,Xsara,Diésel,170000.0,90.0,manual,2500,Vinaros,12500,Castellón,Vinaros
Audi,Q7,Diésel,217000.0,326.0,automatic,15890,Madrid,28014,Madrid,Madrid
Citroen,C4 Picasso,Gasolina,122228.0,165.0,automatic,15900,Hidraulica Santillana,28770,Madrid,Hidraulica Santillana
Fiat,Ducato,Diésel,391000.0,157.0,manual,8360,Berga,8600,Barcelona,Berga
Hyundai,Kona,Gasolina,41163.0,120.0,manual,15990,Villaviciosa de Odón,28670,Madrid,Villaviciosa de Odón
Hyundai,Kona,Gasolina,41163.0,120.0,manual,15990,Las Rozas de Madrid,28232,Madrid,Las Rozas de Madrid
Hyundai,Kona,Gasolina,41163.0,120.0,manual,15990,Fuenlabrada,28947,Madrid,Fuenlabrada
Hyundai,Kona,Gasolina,41163.0,120.0,manual,15990,Camarma de Esteruelas,28816,Madrid,Camarma de Esteruelas
Hyundai,Kona,Gasolina,41163.0,120.0,manual,15990,Camarma de Esteruelas,28816,Madrid,Camarma de Esteruelas
Chevrolet,Cruze,Gasolina,74470.0,113.0,manual,6990,Leioa,48940,Bizkaia,Leioa
Chevrolet,Cruze,Gasolina,102093.0,117.0,manual,8099,Madrid,28014,Madrid,Madrid
Chevrolet,Cruze,Gasolina,102093.0,117.0,manual,8099,Barcelona,8007,Barcelona,Barcelona
Citroen,Nemo,Diésel,135000.0,75.0,manual,6999,Catarroja,46470,Valencia,Catarroja
Citroen,Nemo,Diésel,135000.0,75.0,manual,6999,Catarroja,46470,Valencia,Catarroja
Citroen,Nemo,Diésel,135000.0,75.0,manual,6999,Catarroja,46470,Valencia,Catarroja
Citroen,Nemo,Diésel,135000.0,75.0,manual,6999,Catarroja,46470,Valencia,Catarroja
Citroen,Nemo,Diésel,109000.0,75.0,manual,6850,Navalcarnero,28600,Madrid,Navalcarnero
Volvo,C70,Gasolina,169000.0,140.0,automatic,9990,Valdemoro,28340,Madrid,Valdemoro
Fiat,Ducato,Diésel,380000.0,130.0,manual,10500,La Puebla del Río,41130,Sevilla,La Puebla del Río
Chevrolet,Trax,Diésel,113934.0,130.0,manual,10799,Madrid,28014,Madrid,Madrid
Chevrolet,Trax,Diésel,113934.0,130.0,manual,10799,Barcelona,8007,Barcelona,Barcelona
Fiat,Panda,Diésel,208000.0,75.0,manual,5495,Los Combos,28938,Madrid,Los Combos
Fiat,Panda,Gasolina,66328.0,69.0,manual,9900,Santa Coloma de Gramenet,8921,Barcelona,Santa Coloma de Gramenet
Citroen,C3 Picasso,Diésel,87450.0,92.0,manual,12900,Mairena del Aljarafe,41927,Sevilla,Mairena del Aljarafe
Citroen,C3 Picasso,Diésel,124174.0,92.0,manual,9199,Barcelona,8007,Barcelona,Barcelona
Citroen,C3 Picasso,Diésel,124174.0,92.0,manual,9199,Madrid,28014,Madrid,Madrid
Citroen,C3 Picasso,Gasolina,60000.0,95.0,automatic,8200,Algeciras,11201,Cádiz,Algeciras
Citroen,C3 Picasso,Gasolina,169119.0,120.0,manual,7900,Mollet del Vallès,8100,Barcelona,Mollet del Vallès
Citroen,C3 Picasso,Diésel,240000.0,92.0,manual,5590,Terrassa,8221,Barcelona,Terrassa
Chevrolet,Spark,Gasolina,99000.0,81.0,manual,4800,Humanes de Madrid,28970,Madrid,Humanes de Madrid
Citroen,C3 Picasso,Gasolina,116034.0,110.0,manual,9690,Torrejón de Ardoz,28850,Madrid,Torrejón de Ardoz
Citroen,C3 Picasso,Gasolina,116034.0,110.0,manual,9690,Sant Boi de Llobregat,8830,Barcelona,Sant Boi de Llobregat
Citroen,C3 Picasso,Gasolina,145100.0,95.0,manual,7400,Los Montesinos,3187,Alicante,Los Montesinos
Citroen,C3 Picasso,Gasolina,112065.0,120.0,automatic,7490,Vigo,36211,Pontevedra,Vigo
Citroen,C3 Picasso,Gasolina,112065.0,120.0,automatic,7490,Tarragona,43006,Tarragona,Tarragona
Citroen,C3 Picasso,Diésel,59000.0,99.0,manual,13250,Navalcarnero,28600,Madrid,Navalcarnero
Citroen,C3,Diésel,117300.0,99.0,manual,11990,Murcia,30005,Murcia,Murcia
Citroen,C3,Gasolina,43000.0,83.0,manual,12990,Murcia,30005,Murcia,Murcia
Citroen,C3,Diésel,117300.0,99.0,manual,11990,Valencia,46001,Valencia,Valencia
Citroen,C3,Diésel,117300.0,99.0,manual,11990,Málaga,29005,Málaga,Málaga
Fiat,Panda,Gasolina,130000.0,60.0,manual,3500,Yecla,30510,Murcia,Yecla
Fiat,Panda,Gasolina,64000.0,60.0,manual,3900,La Papiola,43178,Tarragona,La Papiola
Citroen,Nemo,Diésel,203000.0,75.0,manual,4990,Collado Villalba,28400,Madrid,Collado Villalba
Citroen,Nemo,Diésel,203000.0,75.0,manual,4990,Collado Villalba,28400,Madrid,Collado Villalba
Citroen,C4 Aircross,Diésel,52000.0,114.0,manual,14080,Palma de Mallorca,7003,Baleares,Palma de Mallorca
Citroen,C4 Aircross,Diésel,135000.0,114.0,manual,14995,Sabadell,8204,Barcelona,Sabadell
Fiat,Panda,Gasolina,127000.0,60.0,manual,4900,Terrassa,8221,Barcelona,Terrassa
Chevrolet,Aveo,Gasolina,84000.0,86.0,manual,6390,Martiartu,48480,Bizkaia,Martiartu
Chevrolet,Aveo,Gasolina,84000.0,86.0,manual,6390,Martiartu,48480,Bizkaia,Martiartu
Fiat,Panda,Gasolina,103582.0,85.0,manual,12400,Badajoz,6008,Badajoz,Badajoz
Fiat,Panda,Gasolina,103582.0,85.0,manual,12400,Sevilla,41005,Sevilla,Sevilla
Fiat,Panda,Gasolina,103582.0,85.0,manual,12400,Almería,4001,Almería,Almería
Fiat,Panda,Gasolina,68629.0,69.0,manual,10900,Inca,7300,Baleares,Inca
Fiat,Panda,Gasolina,70306.0,69.0,manual,10900,Inca,7300,Baleares,Inca
Fiat,Panda,Gasolina,50144.0,90.0,manual,17380,Casserres,8693,Barcelona,Casserres
Fiat,Panda,Gasolina,55000.0,69.0,manual,11990,Alicante,3007,Alicante,Alicante
Citroen,C3 Aircross,Diésel,110000.0,102.0,manual,381,Sevilla,41018,Sevilla,Sevilla
Citroen,C3 Aircross,Diésel,45891.0,102.0,manual,15490,Murcia,30005,Murcia,Murcia
Citroen,C3 Aircross,Diésel,34652.0,120.0,automatic,16399,Barcelona,8007,Barcelona,Barcelona
Citroen,C3 Aircross,Diésel,45891.0,102.0,manual,15490,Bilbao,48004,Bizkaia,Bilbao
Citroen,C3 Aircross,Diésel,45891.0,102.0,manual,15490,Almería,4006,Almería,Almería
Citroen,C3 Aircross,Gasolina,39433.0,110.0,manual,16962,Alcobendas,28100,Madrid,Alcobendas
Citroen,C3 Aircross,Gasolina,39433.0,110.0,manual,16962,Badajoz,6008,Badajoz,Badajoz
Citroen,C3 Aircross,Gasolina,39433.0,110.0,manual,16962,Alicante,3007,Alicante,Alicante
Citroen,C3 Aircross,Gasolina,39433.0,110.0,manual,16962,Hidraulica Santillana,28770,Madrid,Hidraulica Santillana
Citroen,C4 SpaceTourer,Diésel,118000.0,130.0,manual,405,Barcelona,8009,Barcelona,Barcelona
Fiat,Panda,Gasolina,31502.0,69.0,manual,188,Tarragona,43002,Tarragona,Tarragona
Citroen,DS3,Diésel,74724.0,68.0,manual,9999,Madrid,28014,Madrid,Madrid
Citroen,DS3,Diésel,74724.0,68.0,manual,9799,Madrid,28014,Madrid,Madrid
Skoda,Yeti,Diésel,161994.0,110.0,manual,11490,León,24003,León,León
Skoda,Yeti,Diésel,161994.0,110.0,manual,11490,León,24003,León,León
Skoda,Yeti,Diésel,161994.0,110.0,manual,11290,León,24003,León,León
Skoda,Yeti,Diésel,161994.0,110.0,manual,11290,León,24003,León,León
Citroen,DS4,Diésel,159550.0,181.0,automatic,13950,Sevilla,41006,Sevilla,Sevilla
Citroen,DS4,Diésel,159550.0,181.0,automatic,13950,Torrejón de Ardoz,28850,Madrid,Torrejón de Ardoz
Citroen,DS4,Diésel,159550.0,181.0,automatic,13950,Valencia,46002,Valencia,Valencia
SEAT,Mii electric,Eléctrico,11500.0,83.0,automatic,23900,Barcelona,8013,Barcelona,Barcelona
Abarth,595,Gasolina,63202.0,165.0,manual,22900,Riba-Roja de Turia,46190,Valencia,Riba-Roja de Turia
Citroen,C4 SpaceTourer,Diésel,59960.0,120.0,manual,19953,Castello/Castellon de La Plana,12100,Castellón,Castello/Castellon de La Plana
Citroen,C4 SpaceTourer,Diésel,59960.0,120.0,manual,19953,Alzira,46600,Valencia,Alzira
Citroen,C4 SpaceTourer,Diésel,59960.0,120.0,manual,19953,Alzira,46600,Valencia,Alzira
Citroen,C4 SpaceTourer,Diésel,59960.0,120.0,manual,19953,Torremolinos,29620,Málaga,Torremolinos
Citroen,C4 SpaceTourer,Diésel,59960.0,120.0,manual,19953,Torremolinos,29620,Málaga,Torremolinos
Citroen,C4 SpaceTourer,Diésel,59960.0,120.0,manual,19953,Torremolinos,29620,Málaga,Torremolinos
Citroen,C4 SpaceTourer,Diésel,101606.0,130.0,automatic,19500,Dos Hermanas,41012,Sevilla,Dos Hermanas
Citroen,C4 SpaceTourer,Diésel,123556.0,116.0,manual,12690,Sant Boi de Llobregat,8830,Barcelona,Sant Boi de Llobregat
Citroen,C4 SpaceTourer,Diésel,118000.0,130.0,manual,15950,Burjassot,46100,Valencia,Burjassot
Citroen,C4 SpaceTourer,Diésel,56252.0,130.0,manual,20950,Sant Boi de Llobregat,8830,Barcelona,Sant Boi de Llobregat
Citroen,C4 SpaceTourer,Diésel,77753.0,120.0,automatic,16590,Sant Boi de Llobregat,8830,Barcelona,Sant Boi de Llobregat
Citroen,C4 SpaceTourer,Gasolina,115159.0,130.0,manual,17450,Olèrdola,8734,Barcelona,Olèrdola
Citroen,C4 SpaceTourer,Gasolina,115159.0,130.0,manual,17450,Olèrdola,8734,Barcelona,Olèrdola
Citroen,C4 SpaceTourer,Gasolina,115159.0,130.0,manual,17450,Santa Maria del Aguila,4710,Almería,Santa Maria del Aguila
Citroen,C4 SpaceTourer,Gasolina,115159.0,130.0,manual,17450,Sant Vicenç de Montalt,8394,Barcelona,Sant Vicenç de Montalt
Citroen,C4 SpaceTourer,Diésel,73988.0,120.0,manual,18950,Sant Boi de Llobregat,8830,Barcelona,Sant Boi de Llobregat
Citroen,C4 SpaceTourer,Diésel,148388.0,116.0,automatic,14890,Gijón,33206,Asturias,Gijón
Citroen,C4 SpaceTourer,Diésel,59000.0,130.0,manual,16490,Valencia,46001,Valencia,Valencia
Citroen,C4 SpaceTourer,Diésel,59000.0,130.0,manual,16490,Bilbao,48004,Bizkaia,Bilbao
Citroen,C4 SpaceTourer,Diésel,59000.0,130.0,manual,16490,Collado Villalba,28400,Madrid,Collado Villalba
Citroen,C4 SpaceTourer,Diésel,59000.0,130.0,manual,16490,Collado Villalba,28400,Madrid,Collado Villalba
Citroen,C4 SpaceTourer,Diésel,59000.0,130.0,manual,16490,Málaga,29005,Málaga,Málaga
Citroen,C4 SpaceTourer,Diésel,59000.0,130.0,manual,16490,Toledo,45002,Toledo,Toledo
Citroen,C4 SpaceTourer,Diésel,59000.0,130.0,manual,16490,Las Rozas de Madrid,28232,Madrid,Las Rozas de Madrid
Citroen,C4 SpaceTourer,Diésel,59000.0,130.0,manual,16490,Villaviciosa de Odón,28670,Madrid,Villaviciosa de Odón
Citroen,C4 SpaceTourer,Diésel,59000.0,130.0,manual,16490,Urbanizacion La Granjilla,28700,Madrid,Urbanizacion La Granjilla
Honda,HR-V,Gasolina,77000.0,130.0,automatic,20450,Ciudad Real,13003,Ciudad Real,Ciudad Real
Honda,HR-V,Gasolina,77000.0,130.0,automatic,20450,Santa Maria del Aguila,4710,Almería,Santa Maria del Aguila
Honda,HR-V,Gasolina,77000.0,130.0,automatic,20450,Vigo,36214,Pontevedra,Vigo
Honda,HR-V,Gasolina,77000.0,130.0,automatic,20450,Estepona,29680,Málaga,Estepona
Honda,HR-V,Gasolina,77000.0,130.0,automatic,20450,Barcelona,8007,Barcelona,Barcelona
Honda,HR-V,Gasolina,77000.0,130.0,automatic,20450,Puerto de Sagunto,46520,Valencia,Puerto de Sagunto
Honda,HR-V,Gasolina,77000.0,130.0,automatic,20450,Albacete,2001,Albacete,Albacete
Honda,HR-V,Gasolina,77000.0,130.0,automatic,20450,Alzira,46600,Valencia,Alzira
Honda,HR-V,Gasolina,77000.0,130.0,automatic,20450,Alzira,46600,Valencia,Alzira
Honda,HR-V,Gasolina,77000.0,130.0,automatic,20450,Badajoz,6008,Badajoz,Badajoz
Honda,HR-V,Gasolina,77000.0,130.0,automatic,20450,Alcalá de Guadaíra,41500,Sevilla,Alcalá de Guadaíra
BMW,Z4,Gasolina,160408.0,231.0,manual,13900,Santiago de Compostela,15703,A Coruña,Santiago de Compostela
Citroen,Berlingo,Diésel,47000.0,102.0,manual,22990,Bilbao,48004,Bizkaia,Bilbao
Citroen,Berlingo,Diésel,47000.0,102.0,manual,22890,Bilbao,48004,Bizkaia,Bilbao
Citroen,Berlingo,Diésel,78639.0,102.0,manual,18490,Almería,4006,Almería,Almería
Citroen,Berlingo,Diésel,110360.0,99.0,manual,14990,Málaga,29005,Málaga,Málaga
Citroen,Berlingo,Diésel,110360.0,99.0,manual,13990,Málaga,29005,Málaga,Málaga
Citroen,Berlingo,Diésel,150000.0,75.0,manual,7300,Donostia-San Sebastián,20016,Gipuzkoa,Donostia-San Sebastián
Citroen,Berlingo,Diésel,148065.0,99.0,manual,15099,Barcelona,8007,Barcelona,Barcelona
Citroen,Berlingo,Diésel,148065.0,99.0,manual,14699,Barcelona,8007,Barcelona,Barcelona
Citroen,Berlingo,Diésel,79800.0,102.0,manual,22490,Villaviciosa de Odón,28670,Madrid,Villaviciosa de Odón
Citroen,Berlingo,Diésel,79800.0,102.0,manual,22490,Urbanizacion La Granjilla,28700,Madrid,Urbanizacion La Granjilla
Renault,Talisman,Diésel,90987.0,131.0,manual,15790,Sevilla,41006,Sevilla,Sevilla
Citroen,SpaceTourer,Diésel,75000.0,115.0,manual,24490,Durango,48200,Bizkaia,Durango
Citroen,SpaceTourer,Diésel,75000.0,115.0,manual,24490,Durango,48200,Bizkaia,Durango
Citroen,SpaceTourer,Diésel,55940.0,115.0,manual,23990,Barrio Peral,30300,Murcia,Barrio Peral
Citroen,SpaceTourer,Diésel,55940.0,115.0,manual,22990,Barrio Peral,30300,Murcia,Barrio Peral
Citroen,SpaceTourer,Diésel,58218.0,150.0,manual,29955,Antequera,29200,Málaga,Antequera
Citroen,SpaceTourer,Diésel,58218.0,150.0,manual,33350,Antequera,29200,Málaga,Antequera
Citroen,SpaceTourer,Diésel,91327.0,115.0,manual,29850,Santa Maria del Aguila,4710,Almería,Santa Maria del Aguila
Citroen,SpaceTourer,Diésel,91327.0,115.0,manual,29850,Saladar,3700,Alicante,Saladar
Citroen,SpaceTourer,Diésel,91327.0,115.0,manual,29850,Granollers,8403,Barcelona,Granollers
Citroen,SpaceTourer,Diésel,89000.0,150.0,manual,26900,El Prat de Llobregat,8820,Barcelona,El Prat de Llobregat
Hyundai,H-1,Gasolina,160000.0,112.0,manual,3990,Arriaga,1013,Álava,Arriaga
Hyundai,H-1,Diésel,105000.0,140.0,manual,6499,Albal,46470,Valencia,Albal
Hyundai,H-1,Diésel,105000.0,140.0,manual,6499,Albal,46470,Valencia,Albal
Hyundai,H-1,Diésel,105000.0,140.0,manual,6499,Albal,46470,Valencia,Albal
Hyundai,H-1,Diésel,105000.0,140.0,manual,6499,Albal,46470,Valencia,Albal
Ford,Puma,Gasolina,39150.0,125.0,manual,23862,Santa Maria del Aguila,4710,Almería,Santa Maria del Aguila
Ford,Puma,Gasolina,39150.0,125.0,manual,23862,Santiago de Compostela,15703,A Coruña,Santiago de Compostela
Ford,Puma,Gasolina,39150.0,125.0,manual,23862,Saladar,3700,Alicante,Saladar
Ford,Puma,Gasolina,39150.0,125.0,manual,23862,Mercado Parque Corredor del Henares,28850,Madrid,Mercado Parque Corredor del Henares
Ford,Puma,Gasolina,39150.0,125.0,manual,23862,Sant Vicenç de Montalt,8394,Barcelona,Sant Vicenç de Montalt
Ford,Puma,Gasolina,39150.0,125.0,manual,23862,Murcia,30003,Murcia,Murcia
Ford,Puma,Gasolina,39150.0,125.0,manual,23862,Olèrdola,8734,Barcelona,Olèrdola
Ford,Puma,Gasolina,39150.0,125.0,manual,23862,Olèrdola,8734,Barcelona,Olèrdola
CUPRA,Ateca,Gasolina,17277.0,300.0,automatic,35790,Alicante,3010,Alicante,Alicante
CUPRA,Ateca,Gasolina,17277.0,300.0,automatic,35790,Alicante,3010,Murcia,Alicante
CUPRA,Ateca,Gasolina,17277.0,300.0,automatic,35790,Murcia,30005,Murcia,Murcia
CUPRA,Ateca,Gasolina,17310.0,300.0,automatic,33990,Donostia-San Sebastián,20006,Gipuzkoa,Donostia-San Sebastián
CUPRA,Ateca,Gasolina,28076.0,300.0,automatic,33190,Oviedo,33003,Asturias,Oviedo
CUPRA,Ateca,Gasolina,28076.0,300.0,automatic,33190,Valencia,46001,Valencia,Valencia
CUPRA,Ateca,Gasolina,17310.0,300.0,automatic,33990,Armentia,1007,Álava,Armentia
CUPRA,Ateca,Gasolina,28076.0,300.0,automatic,33190,Málaga,29005,Málaga,Málaga
CUPRA,Ateca,Gasolina,28076.0,300.0,automatic,33190,Vigo,36211,Pontevedra,Vigo
CUPRA,Ateca,Gasolina,28076.0,300.0,automatic,33190,Granada,18005,Granada,Granada
CUPRA,Ateca,Gasolina,51251.0,300.0,automatic,31990,Alicante,3010,Alicante,Alicante
CUPRA,Ateca,Gasolina,51251.0,300.0,automatic,31990,Alicante,3010,Murcia,Alicante
CUPRA,Ateca,Gasolina,17310.0,300.0,automatic,33990,Alicante,3010,Alicante,Alicante
CUPRA,Ateca,Gasolina,17310.0,300.0,automatic,33990,Alicante,3010,Murcia,Alicante
CUPRA,Ateca,Gasolina,30000.0,300.0,automatic,34900,Barcelona,8007,Barcelona,Barcelona
CUPRA,Ateca,Gasolina,17310.0,300.0,automatic,33990,Vigo,36211,Pontevedra,Vigo
CUPRA,Ateca,Gasolina,17310.0,300.0,automatic,33990,Sevilla,41005,Sevilla,Sevilla
CUPRA,Ateca,Gasolina,17310.0,300.0,automatic,33990,Murcia,30005,Murcia,Murcia
Volkswagen,Golf,Eléctrico,54866.0,136.0,automatic,25990,Alcorcón,28924,Madrid,Alcorcón
Volkswagen,Golf,Diésel,55087.0,150.0,automatic,25990,Almagro,13270,Ciudad Real,Almagro
Honda,HR-V,Gasolina,46800.0,130.0,manual,19990,Castellón,12001,Castellón,Castellón
Honda,HR-V,Gasolina,22226.0,130.0,manual,21990,Madrid,28046,Madrid,Madrid
Honda,HR-V,Gasolina,22226.0,130.0,manual,21990,Alcobendas,28100,Madrid,Alcobendas
Honda,HR-V,Gasolina,22226.0,130.0,manual,21990,Leganés,28916,Madrid,Leganés
Honda,HR-V,Gasolina,30000.0,130.0,automatic,24990,Alicante,3010,Alicante,Alicante
Honda,HR-V,Gasolina,30000.0,130.0,automatic,24990,Alicante,3010,Murcia,Alicante
Honda,HR-V,Gasolina,30000.0,130.0,automatic,24990,Valencia,46001,Valencia,Valencia
Hyundai,IONIQ,Eléctrico,124097.0,141.0,automatic,17690,Valencia,28943,Madrid,Valencia
Hyundai,IONIQ,Otros,84030.0,105.0,automatic,265,Algete,28110,Madrid,Algete
Hyundai,ix35,Diésel,183322.0,115.0,manual,12430,Barcelona,8007,Barcelona,Barcelona
Hyundai,ix35,Diésel,183322.0,115.0,manual,12430,Las Rozas de Madrid,28232,Madrid,Las Rozas de Madrid
Hyundai,ix35,Diésel,183322.0,115.0,manual,12430,Sant Vicenç de Montalt,8394,Barcelona,Sant Vicenç de Montalt
Hyundai,ix35,Diésel,119077.0,115.0,manual,13200,Hidraulica Santillana,28770,Madrid,Hidraulica Santillana
Hyundai,ix35,Diésel,119077.0,115.0,manual,13200,Alzira,46600,Valencia,Alzira
Hyundai,ix35,Diésel,119077.0,115.0,manual,13200,Alzira,46600,Valencia,Alzira
Hyundai,i20,Gasolina,59437.0,75.0,manual,12390,Valencia,46001,Valencia,Valencia
Hyundai,Coupe,Gasolina,181000.0,105.0,manual,1800,Cornella de Llobregat,8940,Barcelona,Cornella de Llobregat
Volkswagen,Golf,Diésel,207000.0,110.0,manual,8500,Lorca,30800,Murcia,Lorca
Lexus,CT,Eléctrico,49404.0,136.0,automatic,24750,Collado Villalba,28400,Madrid,Collado Villalba
Lexus,CT,Eléctrico,49404.0,136.0,automatic,24750,Collado Villalba,28400,Madrid,Collado Villalba
Lexus,CT,Eléctrico,49404.0,136.0,automatic,24750,Badajoz,6008,Badajoz,Badajoz
Lexus,UX,Eléctrico,38634.0,184.0,automatic,29095,Santafe,18320,Granada,Santafe
Lexus,UX,Eléctrico,38634.0,184.0,automatic,29095,Olèrdola,8734,Barcelona,Olèrdola
Lexus,UX,Eléctrico,38634.0,184.0,automatic,29095,Olèrdola,8734,Barcelona,Olèrdola
Lexus,UX,Eléctrico,38634.0,184.0,automatic,29095,Alameda del Obispo,14005,Córdoba,Alameda del Obispo
Lexus,UX,Eléctrico,38634.0,184.0,automatic,29095,Alcobendas,28100,Madrid,Alcobendas
Lexus,UX,Eléctrico,38634.0,184.0,automatic,29095,Paterna,46980,Valencia,Paterna
Lexus,UX,Eléctrico,38634.0,184.0,automatic,29095,Torremolinos,29620,Málaga,Torremolinos
Lexus,UX,Eléctrico,38634.0,184.0,automatic,29095,Torremolinos,29620,Málaga,Torremolinos
Lexus,UX,Eléctrico,38634.0,184.0,automatic,29095,Torremolinos,29620,Málaga,Torremolinos
Lexus,UX,Eléctrico,38634.0,184.0,automatic,29095,Alzira,46600,Valencia,Alzira
Lexus,UX,Eléctrico,38634.0,184.0,automatic,29095,Alzira,46600,Valencia,Alzira
Lexus,UX,Eléctrico,38634.0,184.0,automatic,29095,Collado Villalba,28400,Madrid,Collado Villalba
Lexus,UX,Eléctrico,38634.0,184.0,automatic,29095,Collado Villalba,28400,Madrid,Collado Villalba
Mercedes-Benz,Clase E,Gasolina,108151.0,204.0,automatic,18150,Paterna,46980,Valencia,Paterna
Mercedes-Benz,Clase E,Gasolina,108151.0,204.0,automatic,18150,Barcelona,8007,Barcelona,Barcelona
Jaguar,XE,Diésel,79799.0,180.0,automatic,21900,Santiago de Compostela,15703,A Coruña,Santiago de Compostela
Jaguar,XE,Diésel,79799.0,180.0,automatic,21900,Badajoz,6008,Badajoz,Badajoz
Jaguar,XE,Diésel,79799.0,180.0,automatic,21900,Las Rozas de Madrid,28232,Madrid,Las Rozas de Madrid
Jaguar,XE,Diésel,79799.0,180.0,automatic,21900,Vigo,36214,Pontevedra,Vigo
Jaguar,XE,Diésel,79799.0,180.0,automatic,21900,Estepona,29680,Málaga,Estepona
Jaguar,XE,Diésel,79799.0,180.0,automatic,21900,Olèrdola,8734,Barcelona,Olèrdola
Jaguar,XE,Diésel,79799.0,180.0,automatic,21900,Olèrdola,8734,Barcelona,Olèrdola
Jaguar,XE,Diésel,79799.0,180.0,automatic,21900,Santa Maria del Aguila,4710,Almería,Santa Maria del Aguila
Jaguar,XE,Diésel,79799.0,180.0,automatic,21900,Albacete,2001,Albacete,Albacete
Mercedes-Benz,Clase CLS,Diésel,121925.0,265.0,automatic,26990,Madrid,28015,Madrid,Madrid
Mercedes-Benz,Clase CLS,Diésel,121925.0,265.0,automatic,25490,Madrid,28015,Madrid,Madrid
Mercedes-Benz,Clase CLS,Gasolina,151492.0,476.0,automatic,18699,Santa Maria del Aguila,4710,Almería,Santa Maria del Aguila
Mercedes-Benz,Clase CLS,Diésel,96100.0,224.0,automatic,16700,Vic,8500,Barcelona,Vic
Ford,Puma,Gasolina,10093.0,200.0,manual,27490,Málaga,29005,Málaga,Málaga
Citroen,DS4,Diésel,100264.0,114.0,manual,13090,Santa Maria del Aguila,4710,Almería,Santa Maria del Aguila
Citroen,DS4,Diésel,100264.0,114.0,manual,13090,Vigo,36214,Pontevedra,Vigo
Citroen,DS4,Diésel,100264.0,114.0,manual,13090,Paterna,46980,Valencia,Paterna
Citroen,DS4,Diésel,100264.0,114.0,manual,13090,Alicante,3007,Alicante,Alicante
Citroen,DS4,Diésel,100264.0,114.0,manual,13090,Alcobendas,28100,Madrid,Alcobendas
Citroen,DS4,Diésel,107400.0,163.0,manual,8990,Ullastrell,8231,Barcelona,Ullastrell
Citroen,DS4,Diésel,107400.0,163.0,manual,8990,Palau-Solita I Plegamans,8184,Barcelona,Palau-Solita I Plegamans
Citroen,DS4,Diésel,107400.0,163.0,manual,8990,Palau-Solita I Plegamans,8184,Barcelona,Palau-Solita I Plegamans
Ford,Puma,Gasolina,39150.0,125.0,manual,23862,Alameda del Obispo,14005,Córdoba,Alameda del Obispo
Mercedes-Benz,Clase C,Diésel,105474.0,170.0,manual,22250,Paterna,46980,Valencia,Paterna
Mercedes-Benz,Clase C,Diésel,105474.0,170.0,manual,22250,Mercabilbao,48970,Bizkaia,Mercabilbao
BMW,X1,Diésel,56000.0,190.0,manual,27450,Burjassot,46100,Valencia,Burjassot
BMW,X1,Diésel,56000.0,190.0,manual,26450,Burjassot,46100,Valencia,Burjassot
BMW,X5,Diésel,309000.0,218.0,manual,6890,Berga,8600,Barcelona,Berga
Mercedes-Benz,CL Coupe,Gasolina,177000.0,388.0,automatic,22490,La / Nucia-Hill Nucia Hills,3530,Alicante,La / Nucia-Hill Nucia Hills
Mercedes-Benz,CL Coupe,Gasolina,103000.0,388.0,automatic,21990,El Aeroport del Prat,8820,Barcelona,El Aeroport del Prat
Volkswagen,Golf,Diésel,124000.0,115.0,automatic,19990,Alqueria,29130,Málaga,Alqueria
Volkswagen,Golf,Diésel,124000.0,115.0,automatic,19490,Alqueria,29130,Málaga,Alqueria
BMW,X6,Diésel,196644.0,306.0,automatic,21995,Sax,3630,Alicante,Sax
Jaguar,E-Pace,Diésel,55394.0,150.0,manual,26490,Granada,18005,Granada,Granada
Jaguar,E-Pace,Diésel,55394.0,150.0,manual,24890,Granada,18005,Granada,Granada
Jaguar,E-Pace,Diésel,57500.0,150.0,manual,25990,Granada,18005,Granada,Granada
Jaguar,E-Pace,Diésel,59823.0,180.0,automatic,32990,Murcia,30005,Murcia,Murcia
Jaguar,E-Pace,Diésel,57500.0,150.0,manual,25990,Málaga,29005,Málaga,Málaga
Jaguar,E-Pace,Diésel,59823.0,180.0,automatic,32990,Málaga,29005,Málaga,Málaga
Jaguar,E-Pace,Diésel,57500.0,150.0,manual,25990,Sevilla,41005,Sevilla,Sevilla
Jaguar,E-Pace,Diésel,57500.0,150.0,manual,25990,Almería,4006,Almería,Almería
Jaguar,E-Pace,Diésel,70900.0,150.0,automatic,29900,Málaga,29004,Málaga,Málaga
Volkswagen,Golf,Diésel,69278.0,150.0,automatic,22990,Bilbao,48004,Bizkaia,Bilbao
Volkswagen,Golf,Diésel,31505.0,150.0,automatic,26990,León,24003,León,León
Volkswagen,Golf,Diésel,31505.0,150.0,automatic,26990,León,24003,León,León
Volkswagen,Golf,Diésel,31505.0,150.0,automatic,26490,León,24003,León,León
Volkswagen,Golf,Diésel,31505.0,150.0,automatic,26490,León,24003,León,León
Volkswagen,Golf,Gasolina,8737.0,110.0,manual,20990,Badajoz,6003,Badajoz,Badajoz
Volkswagen,Golf,Gasolina,8737.0,110.0,manual,21990,Badajoz,6003,Badajoz,Badajoz
Volkswagen,Golf,Diésel,147990.0,150.0,automatic,16990,León,24003,León,León
Volkswagen,Golf,Diésel,147990.0,150.0,automatic,16990,León,24003,León,León
Volkswagen,Golf,Gasolina,69244.0,230.0,automatic,23990,Bilbao,48004,Bizkaia,Bilbao
BMW,X4,Diésel,121818.0,190.0,automatic,29400,Alicante,3010,Alicante,Alicante
BMW,X4,Diésel,121818.0,190.0,automatic,29400,Alicante,3010,Murcia,Alicante
BMW,X4,Diésel,121818.0,190.0,automatic,28900,Alicante,3010,Alicante,Alicante
BMW,X4,Diésel,121818.0,190.0,automatic,28900,Alicante,3010,Murcia,Alicante
BMW,X4,Diésel,121818.0,190.0,automatic,29400,Málaga,29005,Málaga,Málaga
BMW,X4,Diésel,121818.0,190.0,automatic,28900,Málaga,29005,Málaga,Málaga
BMW,X4,Diésel,121818.0,190.0,automatic,29400,Granada,18005,Granada,Granada
BMW,X4,Diésel,121818.0,190.0,automatic,28900,Granada,18005,Granada,Granada
BMW,X4,Diésel,121818.0,190.0,automatic,29400,Vigo,36211,Pontevedra,Vigo
BMW,X4,Diésel,121818.0,190.0,automatic,28900,Vigo,36211,Pontevedra,Vigo
BMW,X4,Gasolina,72126.0,245.0,automatic,26990,Murcia,30005,Murcia,Murcia
BMW,X4,Gasolina,72126.0,245.0,automatic,26990,Bilbao,48004,Bizkaia,Bilbao
BMW,X4,Diésel,121818.0,190.0,automatic,29400,Tarragona,43006,Tarragona,Tarragona
BMW,X4,Diésel,121818.0,190.0,automatic,28900,Tarragona,43006,Tarragona,Tarragona
BMW,X4,Diésel,121818.0,190.0,automatic,29400,Ullastrell,8231,Barcelona,Ullastrell
BMW,X4,Diésel,121818.0,190.0,automatic,28900,Ullastrell,8231,Barcelona,Ullastrell
BMW,X4,Diésel,121818.0,190.0,automatic,29400,Girona,17007,Girona,Girona
BMW,X4,Diésel,121818.0,190.0,automatic,28900,Girona,17007,Girona,Girona
BMW,X4,Diésel,130000.0,190.0,manual,27990,Torredonjimeno,23650,Jaén,Torredonjimeno
Jaguar,XJ,Gasolina,224458.0,258.0,automatic,8990,La Pobla de Vallbona,46185,Valencia,La Pobla de Vallbona
Jaguar,XJ,Gasolina,224458.0,258.0,automatic,8990,La Pobla de Vallbona,46185,Valencia,La Pobla de Vallbona
Jaguar,XJ,Gasolina,251000.0,284.0,automatic,3900,Urduliz,48610,Bizkaia,Urduliz
Jaguar,XJ,Diésel,150000.0,207.0,automatic,7800,Murcia,30006,Murcia,Murcia
Jaguar,XJ,Gasolina,164032.0,275.0,automatic,21850,Alcorcón,28923,Madrid,Alcorcón
Jaguar,S-Type,Gasolina,119000.0,238.0,automatic,4500,Badalona,8913,Barcelona,Badalona
Jaguar,S-Type,Diésel,151305.0,207.0,manual,5600,Alcorcón,28921,Madrid,Alcorcón
Ford,Puma,Gasolina,39150.0,125.0,manual,23862,Atarrabia,31610,Navarra,Atarrabia
Ford,Puma,Gasolina,39150.0,125.0,manual,23862,Mercabilbao,48970,Bizkaia,Mercabilbao
Ford,Puma,Gasolina,39150.0,125.0,manual,23862,Alzira,46600,Valencia,Alzira
Ford,Puma,Gasolina,39150.0,125.0,manual,23862,Alzira,46600,Valencia,Alzira
Ford,Puma,Gasolina,39150.0,125.0,manual,23862,Albacete,2001,Albacete,Albacete
Ford,Puma,Gasolina,39150.0,125.0,manual,23862,Badajoz,6008,Badajoz,Badajoz
Jaguar,S-Type,Gasolina,158500.0,395.0,automatic,7850,Los Negrales,28430,Madrid,Los Negrales
Jaguar,S-Type,Gasolina,158500.0,395.0,automatic,7850,Los Negrales,28430,Madrid,Los Negrales
Lancia,Voyager,Diésel,178707.0,163.0,automatic,16280,Getafe,28906,Madrid,Getafe
Lancia,Voyager,Diésel,178707.0,163.0,automatic,16280,Puerto de Sagunto,46520,Valencia,Puerto de Sagunto
Lancia,Voyager,Diésel,178707.0,163.0,automatic,16280,Alicante,3007,Alicante,Alicante
Lancia,Voyager,Diésel,149000.0,178.0,automatic,260,Sabadell,8201,Barcelona,Sabadell
Fiat,Fiorino,Diésel,111000.0,80.0,manual,205,Barcelona,8007,Barcelona,Barcelona
Fiat,Fiorino,Diésel,111000.0,80.0,manual,154,Barcelona,8007,Barcelona,Barcelona
Volkswagen,Golf,Diésel,28783.0,115.0,automatic,28990,Barcelona,8036,Barcelona,Barcelona
Volkswagen,Golf,Eléctrico,29376.0,110.0,automatic,26990,Barcelona,8036,Barcelona,Barcelona
Volkswagen,Golf,Gasolina,32628.0,245.0,automatic,28990,Barcelona,8036,Barcelona,Barcelona
Daewoo,Matiz,Gasolina,118000.0,63.0,manual,2199,Elx/Elche,3296,Alicante,Elx/Elche
Fiat,Panda,Gasolina,103582.0,85.0,manual,12400,Cádiz,11006,Cádiz,Cádiz
Fiat,Panda,Gasolina,31502.0,69.0,manual,188,Girona,17005,Girona,Girona
Ford,Grand C-MAX,Diésel,225424.0,120.0,manual,12300,La Poveda,28500,Madrid,La Poveda
Ford,Grand C-MAX,Diésel,225424.0,120.0,manual,12000,La Poveda,28500,Madrid,La Poveda
Ford,Grand C-MAX,Gasolina,110000.0,125.0,manual,9500,Almería,4006,Almería,Almería
Dacia,Sandero,Gasolina,89216.0,75.0,manual,6490,Valencia,46002,Valencia,Valencia
Dacia,Sandero,Diésel,77076.0,95.0,manual,12290,Madrid,28021,Madrid,Madrid
Dacia,Sandero,Gasolina,11999.0,90.0,manual,11490,Santander,39010,Cantabria,Santander
Dacia,Sandero,Gasolina,11999.0,90.0,manual,11490,Oviedo,33003,Asturias,Oviedo
Dacia,Sandero,Gasolina,11999.0,90.0,manual,11490,Armentia,1007,Álava,Armentia
Fiat,Tipo,Otros,186132.0,120.0,manual,7990,Bilbao,48004,Bizkaia,Bilbao
Fiat,Tipo,Otros,186132.0,120.0,manual,7490,Bilbao,48004,Bizkaia,Bilbao
Fiat,Talento,Diésel,53250.0,120.0,manual,23990,Vigo,36211,Pontevedra,Vigo
Fiat,Talento,Diésel,53250.0,120.0,manual,23990,Bilbao,48004,Bizkaia,Bilbao
Fiat,Talento,Diésel,53250.0,120.0,manual,23990,Valencia,46001,Valencia,Valencia
Fiat,Talento,Diésel,53250.0,120.0,manual,23990,Fuenlabrada,28947,Madrid,Fuenlabrada
Fiat,Talento,Diésel,53250.0,120.0,manual,23990,Colonia Pablo Iglesias,28520,Madrid,Colonia Pablo Iglesias
Fiat,Talento,Diésel,53250.0,120.0,manual,23990,Toledo,45002,Toledo,Toledo
Dacia,Lodgy,Otros,46600.0,102.0,manual,12490,Almería,4006,Almería,Almería
Dacia,Lodgy,Otros,46600.0,102.0,manual,12490,Castellón,12001,Castellón,Castellón
Dacia,Lodgy,Otros,46600.0,102.0,manual,12490,Sevilla,41005,Sevilla,Sevilla
Dacia,Lodgy,Otros,46600.0,102.0,manual,12490,Alicante,3010,Alicante,Alicante
Dacia,Lodgy,Otros,46600.0,102.0,manual,12490,Alicante,3010,Murcia,Alicante
Dacia,Lodgy,Otros,46600.0,102.0,manual,12490,Vigo,36211,Pontevedra,Vigo
Dacia,Lodgy,Otros,46600.0,102.0,manual,12490,Granada,18005,Granada,Granada
Dacia,Lodgy,Diésel,98000.0,107.0,manual,11490,Urbanizacion La Granjilla,28700,Madrid,Urbanizacion La Granjilla
Dacia,Lodgy,Gasolina,140000.0,115.0,manual,8900,Barcelona,8006,Barcelona,Barcelona
Dacia,Lodgy,Diésel,98000.0,107.0,manual,11490,Fuenlabrada,28947,Madrid,Fuenlabrada
Dacia,Lodgy,Diésel,109000.0,107.0,manual,10390,Murcia,30005,Murcia,Murcia
Dacia,Lodgy,Diésel,98000.0,107.0,manual,11490,Collado Villalba,28400,Madrid,Collado Villalba
Dacia,Lodgy,Diésel,98000.0,107.0,manual,11490,Collado Villalba,28400,Madrid,Collado Villalba
Dacia,Lodgy,Diésel,109000.0,107.0,manual,10390,Almería,4006,Almería,Almería
Ford,Puma,Gasolina,39150.0,125.0,manual,23862,Hidraulica Santillana,28770,Madrid,Hidraulica Santillana
Ford,Puma,Gasolina,39150.0,125.0,manual,23862,Alicante,3007,Alicante,Alicante
Renault,Kadjar,Diésel,61597.0,115.0,manual,25070,Mercabilbao,48970,Bizkaia,Mercabilbao
Renault,Kadjar,Diésel,61597.0,115.0,manual,25070,Santafe,18320,Granada,Santafe
Renault,Kadjar,Diésel,61597.0,115.0,manual,25070,Getafe,28906,Madrid,Getafe
Ford,Ranger,Diésel,95472.0,150.0,manual,20300,Valdepeñas,13300,Ciudad Real,Valdepeñas
Ford,Ranger,Diésel,95472.0,150.0,manual,20300,Valdepeñas,13300,Ciudad Real,Valdepeñas
Ford,Ranger,Diésel,95472.0,150.0,manual,20300,Estepona,29680,Málaga,Estepona
Ford,Ranger,Diésel,95472.0,150.0,manual,20300,Alicante,3007,Alicante,Alicante
Ford,Ranger,Diésel,95472.0,150.0,manual,20300,Castello/Castellon de La Plana,12100,Castellón,Castello/Castellon de La Plana
Ford,Ranger,Diésel,95472.0,150.0,manual,20300,Alameda del Obispo,14005,Córdoba,Alameda del Obispo
Ford,Ranger,Diésel,95472.0,150.0,manual,20300,Las Rozas de Madrid,28232,Madrid,Las Rozas de Madrid
Renault,Kadjar,Diésel,42648.0,131.0,manual,18590,Valencia,46002,Valencia,Valencia
Renault,Kadjar,Diésel,42648.0,131.0,manual,18590,Sant Boi de Llobregat,8830,Barcelona,Sant Boi de Llobregat
Renault,Kadjar,Diésel,42648.0,131.0,manual,18590,Sevilla,41006,Sevilla,Sevilla
Renault,Kadjar,Diésel,42648.0,131.0,manual,18590,Torrejón de Ardoz,28850,Madrid,Torrejón de Ardoz
Renault,Kadjar,Diésel,102767.0,110.0,automatic,14990,Valencia,46001,Valencia,Valencia
Renault,Kadjar,Diésel,102767.0,110.0,automatic,14990,Sevilla,41005,Sevilla,Sevilla
Renault,Kadjar,Diésel,102767.0,110.0,automatic,14990,Villaviciosa de Odón,28670,Madrid,Villaviciosa de Odón
Renault,Kadjar,Diésel,102767.0,110.0,automatic,14990,Urbanizacion La Granjilla,28700,Madrid,Urbanizacion La Granjilla
Ford,Transit Connect,Diésel,104272.0,100.0,manual,16900,Santa Maria del Aguila,4710,Almería,Santa Maria del Aguila
Ford,Transit Connect,Diésel,104272.0,100.0,manual,16900,Saladar,3700,Alicante,Saladar
Ford,Transit Connect,Diésel,104272.0,100.0,manual,16900,Alzira,46600,Valencia,Alzira
Ford,Transit Connect,Diésel,104272.0,100.0,manual,16900,Alzira,46600,Valencia,Alzira
Ford,Transit Connect,Diésel,104272.0,100.0,manual,16900,Puerto de Sagunto,46520,Valencia,Puerto de Sagunto
Ford,Transit Connect,Diésel,104272.0,100.0,manual,16900,Mercabilbao,48970,Bizkaia,Mercabilbao
Ford,Transit Connect,Diésel,104272.0,100.0,manual,16900,Collado Villalba,28400,Madrid,Collado Villalba
Ford,Transit Connect,Diésel,104272.0,100.0,manual,16900,Collado Villalba,28400,Madrid,Collado Villalba
Ford,Transit Connect,Diésel,117000.0,75.0,manual,14500,Torrejón de Ardoz,28850,Madrid,Torrejón de Ardoz
Renault,Kadjar,Diésel,39289.0,115.0,manual,18990,Camarma de Esteruelas,28816,Madrid,Camarma de Esteruelas
Renault,Kadjar,Diésel,39289.0,115.0,manual,18990,Camarma de Esteruelas,28816,Madrid,Camarma de Esteruelas
Renault,Kadjar,Diésel,116000.0,130.0,manual,16950,Navalcarnero,28600,Madrid,Navalcarnero
Ford,Puma,Diésel,26827.0,120.0,manual,21490,Alicante,3010,Alicante,Alicante
Ford,Puma,Diésel,26827.0,120.0,manual,21490,Alicante,3010,Murcia,Alicante
Ford,Puma,Diésel,26827.0,120.0,manual,20990,Alicante,3010,Alicante,Alicante
Ford,Puma,Diésel,26827.0,120.0,manual,20990,Alicante,3010,Murcia,Alicante
Renault,Espace,Diésel,155168.0,160.0,automatic,18500,Aizoain,31195,Navarra,Aizoain
Renault,Espace,Diésel,155168.0,160.0,automatic,18500,Aizoain,31195,Navarra,Aizoain
Renault,Espace,Diésel,129990.0,160.0,automatic,19490,Ciudad Real,13005,Ciudad Real,Ciudad Real
BMW,Serie 4,Diésel,103000.0,190.0,automatic,22306,Gavarres,43120,Tarragona,Gavarres
BMW,Serie 4,Diésel,107900.0,190.0,automatic,26990,Castello/Castellon de La Plana,12100,Castellón,Castello/Castellon de La Plana
Porsche,Panamera,Gasolina,140000.0,400.0,manual,34999,Sevilla,41016,Sevilla,Sevilla
Porsche,Panamera,Gasolina,134106.0,400.0,automatic,30990,Cáceres,10001,Cáceres,Cáceres
Peugeot,5008,Diésel,44040.0,180.0,automatic,34900,Sant Feliu de Llobregat,8980,Barcelona,Sant Feliu de Llobregat
Peugeot,5008,Diésel,40858.0,130.0,manual,31900,Antequera,29200,Málaga,Antequera
Peugeot,5008,Diésel,40858.0,130.0,manual,33900,Antequera,29200,Málaga,Antequera
Peugeot,5008,Diésel,67100.0,130.0,manual,25900,Antequera,29200,Málaga,Antequera
Peugeot,5008,Diésel,67100.0,130.0,manual,27400,Antequera,29200,Málaga,Antequera
Peugeot,5008,Diésel,45865.0,130.0,automatic,32000,Cieza,30530,Murcia,Cieza
Renault,Captur,Diésel,64618.0,90.0,manual,11890,Sevilla,41006,Sevilla,Sevilla
Renault,Koleos,Diésel,125000.0,150.0,manual,9900,La Puebla de Alfindén,50171,Zaragoza,La Puebla de Alfindén
Renault,Koleos,Diésel,87500.0,175.0,automatic,21290,Almería,4006,Almería,Almería
Renault,Koleos,Diésel,87500.0,175.0,automatic,21290,Bilbao,48004,Bizkaia,Bilbao
Renault,Koleos,Diésel,87500.0,175.0,automatic,21290,Málaga,29005,Málaga,Málaga
Renault,Koleos,Diésel,87500.0,175.0,automatic,21290,Camarma de Esteruelas,28816,Madrid,Camarma de Esteruelas
Renault,Koleos,Diésel,87500.0,175.0,automatic,21290,Camarma de Esteruelas,28816,Madrid,Camarma de Esteruelas
BMW,Serie 4,Diésel,67000.0,313.0,automatic,27990,Murcia,30005,Murcia,Murcia
BMW,Serie 4,Diésel,67000.0,313.0,automatic,27990,Granada,18005,Granada,Granada
Volkswagen,T-Roc,Gasolina,69868.0,150.0,manual,23990,Málaga,29005,Málaga,Málaga
Volkswagen,T-Roc,Gasolina,69868.0,150.0,manual,23990,Valencia,46001,Valencia,Valencia
Ford,Puma,Gasolina,28000.0,200.0,manual,28900,Valdemoro,28340,Madrid,Valdemoro
Volkswagen,T-Roc,Gasolina,16581.0,115.0,manual,19290,Murcia,30005,Murcia,Murcia
Mazda,6,Diésel,115000.0,149.0,manual,266,Madrid,28009,Madrid,Madrid
Chrysler,300 C,Diésel,236000.0,218.0,automatic,9500,Palmera,46714,Valencia,Palmera
BMW,Serie 4,Diésel,121190.0,190.0,manual,23490,Sevilla,41005,Sevilla,Sevilla
Audi,A6 Allroad,Diésel,249000.0,272.0,automatic,24999,San Sebastián de Los Reyes,28703,Madrid,San Sebastián de Los Reyes
Audi,A6 Allroad,Diésel,149000.0,190.0,automatic,28900,Toledo,45002,Toledo,Toledo
Audi,A6 Allroad,Diésel,141804.0,313.0,automatic,27900,Olèrdola,8734,Barcelona,Olèrdola
Audi,A6 Allroad,Diésel,141804.0,313.0,automatic,27900,Olèrdola,8734,Barcelona,Olèrdola
Audi,A6 Allroad,Diésel,438000.0,180.0,manual,6200,La Zubia,18140,Granada,La Zubia
Audi,A6 Allroad,Diésel,438000.0,180.0,manual,6200,La Zubia,18140,Guadalajara,La Zubia
Porsche,Cayman,Gasolina,236900.0,245.0,manual,20900,Massanassa,46470,Valencia,Massanassa
Porsche,Cayman,Gasolina,236900.0,245.0,manual,20900,Massanassa,46470,Valencia,Massanassa
Porsche,Cayman,Gasolina,236900.0,245.0,manual,20900,Massanassa,46470,Valencia,Massanassa
Porsche,Cayman,Gasolina,236900.0,245.0,manual,20900,Massanassa,46470,Valencia,Massanassa
Porsche,Cayman,Gasolina,185000.0,295.0,manual,28999,Terrassa,8223,Barcelona,Terrassa
Nissan,Murano,Diésel,237000.0,190.0,automatic,11200,Valencia,46003,Valencia,Valencia
Nissan,Murano,Diésel,152201.0,190.0,automatic,14839,Santiago de Compostela,15703,A Coruña,Santiago de Compostela
Nissan,Murano,Diésel,152201.0,190.0,automatic,14839,Saladar,3700,Alicante,Saladar
Nissan,Murano,Diésel,152201.0,190.0,automatic,14839,Estepona,29680,Málaga,Estepona
Nissan,Murano,Diésel,152201.0,190.0,automatic,14839,Colonia Pablo Iglesias,28520,Madrid,Colonia Pablo Iglesias
Nissan,Murano,Diésel,152201.0,190.0,automatic,14839,Torremolinos,29620,Málaga,Torremolinos
Nissan,Murano,Diésel,152201.0,190.0,automatic,14839,Torremolinos,29620,Málaga,Torremolinos
Nissan,Murano,Diésel,152201.0,190.0,automatic,14839,Torremolinos,29620,Málaga,Torremolinos
Nissan,Murano,Diésel,152201.0,190.0,automatic,14839,Alameda del Obispo,14005,Córdoba,Alameda del Obispo
Nissan,Murano,Diésel,152201.0,190.0,automatic,14839,Vigo,36214,Pontevedra,Vigo
Nissan,Terrano,Diésel,215000.0,100.0,manual,3500,Begíjar,23520,Jaén,Begíjar
Mazda,CX-7,Diésel,138420.0,173.0,manual,9900,O Rio Da Ucha,36634,Pontevedra,O Rio Da Ucha
Nissan,Terrano,Diésel,249000.0,125.0,manual,7500,Sant Pau de Segúries,17864,Girona,Sant Pau de Segúries
Nissan,Terrano,Diésel,210000.0,154.0,manual,9780,Santa Coloma de Gramenet,8921,Barcelona,Santa Coloma de Gramenet
Nissan,Terrano,Diésel,275900.0,154.0,manual,7200,Murcia,30003,Murcia,Murcia
Nissan,Note,Gasolina,128000.0,80.0,manual,8990,Alicante,3010,Alicante,Alicante
Nissan,Note,Gasolina,128000.0,80.0,manual,8990,Alicante,3010,Murcia,Alicante
Nissan,Note,Gasolina,56000.0,88.0,manual,7990,San Bizenti-Barakaldo,48902,Bizkaia,San Bizenti-Barakaldo
Nissan,Note,Gasolina,128000.0,80.0,manual,8990,Sevilla,41005,Sevilla,Sevilla
Nissan,Leaf,Eléctrico,45060.0,150.0,automatic,20490,Alicante,3010,Alicante,Alicante
Nissan,Leaf,Eléctrico,45060.0,150.0,automatic,20490,Alicante,3010,Murcia,Alicante
Nissan,Leaf,Eléctrico,69600.0,109.0,automatic,12990,Alicante,3010,Alicante,Alicante
Nissan,Leaf,Eléctrico,69600.0,109.0,automatic,12990,Alicante,3010,Murcia,Alicante
Nissan,Leaf,Eléctrico,49742.0,109.0,automatic,16042,Zaragoza,50013,Zaragoza,Zaragoza
BMW,Serie 5,Diésel,147278.0,190.0,automatic,20790,Alicante,3007,Alicante,Alicante
BMW,Serie 5,Diésel,147278.0,190.0,automatic,20790,Hidraulica Santillana,28770,Madrid,Hidraulica Santillana
Nissan,NV200,Diésel,52957.0,90.0,manual,19899,Barcelona,8007,Barcelona,Barcelona
Nissan,NV200,Diésel,52957.0,90.0,manual,19699,Barcelona,8007,Barcelona,Barcelona
Nissan,NV200,Diésel,190000.0,90.0,manual,11990,Murcia,30005,Murcia,Murcia
Nissan,NV200,Diésel,190000.0,90.0,manual,11990,Granada,18005,Granada,Granada
Nissan,NV200,Diésel,190000.0,90.0,manual,11990,Bilbao,48004,Bizkaia,Bilbao
Nissan,NV200,Diésel,207874.0,90.0,manual,8990,Toledo,45002,Toledo,Toledo
Nissan,NV200,Diésel,207874.0,90.0,manual,8990,Colonia Pablo Iglesias,28520,Madrid,Colonia Pablo Iglesias
Nissan,NV200,Diésel,102512.0,90.0,manual,15990,Vigo,36211,Pontevedra,Vigo
Nissan,NV200,Diésel,160000.0,110.0,manual,10490,Sevilla,41007,Sevilla,Sevilla
Nissan,370Z,Gasolina,17310.0,328.0,automatic,34900,Sabadell,8201,Barcelona,Sabadell
Nissan,Pathfinder,Diésel,225000.0,171.0,manual,10990,Granollers,8403,Barcelona,Granollers
BMW,Serie 4,Diésel,259000.0,143.0,manual,15990,Caldes de Montbui,8140,Barcelona,Caldes de Montbui
Peugeot,Boxer,Diésel,153528.0,130.0,manual,19990,Alzira,46600,Valencia,Alzira
Peugeot,Boxer,Diésel,153528.0,130.0,manual,19990,Alzira,46600,Valencia,Alzira
Nissan,Pathfinder,Diésel,202984.0,171.0,manual,10990,Utebo,50180,Zaragoza,Utebo
Volkswagen,Golf,Gasolina,253526.0,122.0,manual,7340,Sant Boi de Llobregat,8830,Barcelona,Sant Boi de Llobregat
Mitsubishi,Lancer,Diésel,298000.0,140.0,manual,4300,La Pobla de Vallbona,46185,Valencia,La Pobla de Vallbona
Mitsubishi,Lancer,Diésel,298000.0,140.0,manual,4300,La Pobla de Vallbona,46185,Valencia,La Pobla de Vallbona
Mitsubishi,Lancer,Diésel,285000.0,140.0,manual,4990,Móstoles,28936,Madrid,Móstoles
Mitsubishi,Lancer,Diésel,255862.0,140.0,manual,4700,Albacete,2005,Albacete,Albacete
Mitsubishi,Space Star,Gasolina,106985.0,80.0,manual,9490,Vigo,36211,Pontevedra,Vigo
Mitsubishi,Space Star,Gasolina,39000.0,80.0,manual,10990,Bilbao,48004,Bizkaia,Bilbao
Mitsubishi,Space Star,Gasolina,39000.0,80.0,manual,10990,Almería,4006,Almería,Almería
Mitsubishi,Space Star,Gasolina,39000.0,80.0,manual,10990,Palma de Mallorca,7003,Baleares,Palma de Mallorca
Mitsubishi,Space Star,Gasolina,39000.0,80.0,manual,10990,Málaga,29005,Málaga,Málaga
Mitsubishi,Space Star,Gasolina,106985.0,80.0,manual,9490,Palma de Mallorca,7003,Baleares,Palma de Mallorca
Mitsubishi,Space Star,Gasolina,106985.0,80.0,manual,9490,Málaga,29005,Málaga,Málaga
Mitsubishi,Eclipse Cross,Gasolina,11039.0,163.0,manual,22990,Sevilla,41005,Sevilla,Sevilla
Peugeot,RCZ,Gasolina,94693.0,200.0,manual,18990,Leganés,28916,Madrid,Leganés
Peugeot,e-208,Eléctrico,9000.0,136.0,automatic,32900,Vilanova i la Geltrú,8800,Barcelona,Vilanova i la Geltrú
Lexus,GS,Eléctrico,28171.0,223.0,automatic,29900,Badajoz,6008,Badajoz,Badajoz
Lexus,GS,Eléctrico,28171.0,223.0,automatic,29900,Mercabilbao,48970,Bizkaia,Mercabilbao
Lexus,RC,Eléctrico,75613.0,223.0,automatic,29800,Santafe,18320,Granada,Santafe
Lexus,RC,Eléctrico,75613.0,223.0,automatic,29800,Collado Villalba,28400,Madrid,Collado Villalba
Lexus,RC,Eléctrico,75613.0,223.0,automatic,29800,Collado Villalba,28400,Madrid,Collado Villalba
Lexus,RC,Eléctrico,75613.0,223.0,automatic,29800,Barcelona,8007,Barcelona,Barcelona
Lexus,RC,Eléctrico,75613.0,223.0,automatic,29800,Saladar,3700,Alicante,Saladar
Lexus,RC,Eléctrico,75613.0,223.0,automatic,29800,Estepona,29680,Málaga,Estepona
Lexus,RC,Eléctrico,75613.0,223.0,automatic,29800,Alcobendas,28100,Madrid,Alcobendas
Lexus,RC,Eléctrico,75613.0,223.0,automatic,29800,Hidraulica Santillana,28770,Madrid,Hidraulica Santillana
BMW,Serie 5,Diésel,107000.0,190.0,manual,346,Madrid,28009,Madrid,Madrid
BMW,Serie 4,Diésel,81770.0,258.0,automatic,33390,Silla,46460,Valencia,Silla
Peugeot,Traveller,Diésel,24468.0,120.0,manual,35800,Olèrdola,8734,Barcelona,Olèrdola
Peugeot,Traveller,Diésel,24468.0,120.0,manual,35800,Olèrdola,8734,Barcelona,Olèrdola
Peugeot,Traveller,Diésel,24468.0,120.0,manual,35800,Paterna,46980,Valencia,Paterna
Peugeot,Traveller,Diésel,24468.0,120.0,manual,35800,Vigo,36214,Pontevedra,Vigo
Peugeot,Traveller,Diésel,24468.0,120.0,manual,35800,Alicante,3007,Alicante,Alicante
Peugeot,Traveller,Diésel,43017.0,150.0,manual,34999,Madrid,28014,Madrid,Madrid
KIA,Stonic,Diésel,56000.0,110.0,manual,14900,Alicante,3010,Alicante,Alicante
KIA,Stonic,Diésel,56000.0,110.0,manual,14900,Alicante,3010,Murcia,Alicante
KIA,Stonic,Diésel,56000.0,110.0,manual,14750,Alicante,3010,Alicante,Alicante
KIA,Stonic,Diésel,56000.0,110.0,manual,14750,Alicante,3010,Murcia,Alicante
KIA,Stonic,Diésel,56000.0,110.0,manual,14900,Bilbao,48004,Bizkaia,Bilbao
KIA,Stonic,Diésel,56000.0,110.0,manual,14750,Bilbao,48004,Bizkaia,Bilbao
KIA,Stonic,Gasolina,87058.0,120.0,manual,14360,Bacarot,3114,Alicante,Bacarot
BMW,Serie 4,Diésel,117365.0,190.0,automatic,19990,Valencia,46001,Valencia,Valencia
KIA,Sportage,Otros,94000.0,136.0,manual,22900,Utrera,41710,Sevilla,Utrera
KIA,Sportage,Gasolina,49000.0,132.0,manual,17500,Montmeló,8160,Barcelona,Montmeló
BMW,Serie 4,Diésel,119500.0,184.0,automatic,17990,Almería,4006,Almería,Almería
Subaru,XV,Gasolina,39000.0,114.0,manual,17300,Barcelona,8027,Barcelona,Barcelona
KIA,Soul,Eléctrico,79072.0,110.0,automatic,17050,Torremolinos,29620,Málaga,Torremolinos
KIA,Soul,Eléctrico,79072.0,110.0,automatic,17050,Torremolinos,29620,Málaga,Torremolinos
KIA,Soul,Eléctrico,79072.0,110.0,automatic,17050,Torremolinos,29620,Málaga,Torremolinos
KIA,Soul,Eléctrico,79072.0,110.0,automatic,17050,Getafe,28906,Madrid,Getafe
KIA,Soul,Eléctrico,79072.0,110.0,automatic,17050,Hidraulica Santillana,28770,Madrid,Hidraulica Santillana
KIA,Soul,Eléctrico,22372.0,204.0,automatic,35900,Arriaga,48950,Bizkaia,Arriaga
KIA,Carens,Diésel,75000.0,115.0,manual,14450,Manises,46940,Valencia,Manises
Suzuki,Vitara,Diésel,61882.0,120.0,manual,16390,Mercado Parque Corredor del Henares,28850,Madrid,Mercado Parque Corredor del Henares
Suzuki,Vitara,Diésel,61882.0,120.0,manual,16390,Valdepeñas,13300,Ciudad Real,Valdepeñas
Suzuki,Vitara,Diésel,61882.0,120.0,manual,16390,Valdepeñas,13300,Ciudad Real,Valdepeñas
Suzuki,Vitara,Diésel,61882.0,120.0,manual,16390,Granollers,8403,Barcelona,Granollers
Suzuki,Vitara,Diésel,61882.0,120.0,manual,16390,Estepona,29680,Málaga,Estepona
Suzuki,Vitara,Diésel,61882.0,120.0,manual,16390,Olèrdola,8734,Barcelona,Olèrdola
Suzuki,Vitara,Diésel,61882.0,120.0,manual,16390,Olèrdola,8734,Barcelona,Olèrdola
Suzuki,Vitara,Diésel,61882.0,120.0,manual,16390,Alcobendas,28100,Madrid,Alcobendas
Suzuki,Vitara,Diésel,61882.0,120.0,manual,16390,Colonia Pablo Iglesias,28520,Madrid,Colonia Pablo Iglesias
Suzuki,Grand Vitara,Gasolina,200000.0,106.0,manual,4500,Trasona,33468,Asturias,Trasona
Suzuki,Grand Vitara,Gasolina,200000.0,106.0,manual,4500,Trasona,33468,Asturias,Trasona
KIA,Carens,Diésel,63470.0,115.0,manual,15190,Bilbao,48004,Bizkaia,Bilbao
KIA,Carens,Diésel,63470.0,115.0,manual,14900,Bilbao,48004,Bizkaia,Bilbao
KIA,Carens,Diésel,63470.0,115.0,manual,15190,Murcia,30005,Murcia,Murcia
KIA,Carens,Diésel,63470.0,115.0,manual,14900,Murcia,30005,Murcia,Murcia
KIA,Carens,Diésel,63470.0,115.0,manual,15190,Almería,4006,Almería,Almería
KIA,Carens,Diésel,63470.0,115.0,manual,14900,Almería,4006,Almería,Almería
Infiniti,Q30,Diésel,83833.0,109.0,automatic,15490,Sevilla,41006,Sevilla,Sevilla
Infiniti,Q30,Diésel,47603.0,170.0,automatic,19990,Sevilla,41005,Sevilla,Sevilla
BMW,Serie 4,Diésel,36706.0,150.0,automatic,24890,Murcia,30005,Murcia,Murcia
Infiniti,Q30,Diésel,52856.0,170.0,automatic,350,Algete,28110,Madrid,Algete
Infiniti,Q30,Gasolina,83900.0,156.0,automatic,18850,Madrid,28046,Madrid,Madrid
Infiniti,Q30,Diésel,52856.0,170.0,automatic,25490,Murcia,30001,Murcia,Murcia
Infiniti,Q30,Gasolina,83640.0,122.0,manual,18975,Saladar,3700,Alicante,Saladar
Infiniti,Q30,Diésel,52800.0,170.0,manual,23990,Antequera,29200,Málaga,Antequera
Infiniti,QX30,Diésel,163976.0,170.0,automatic,18860,Sant Vicenç de Montalt,8394,Barcelona,Sant Vicenç de Montalt
Infiniti,QX30,Diésel,58715.0,170.0,automatic,23800,Sant Vicenç de Montalt,8394,Barcelona,Sant Vicenç de Montalt
Infiniti,QX30,Diésel,163976.0,170.0,automatic,18860,Vigo,36214,Pontevedra,Vigo
Infiniti,QX30,Diésel,163976.0,170.0,automatic,18860,Saladar,3700,Alicante,Saladar
BMW,Serie 5,Diésel,47000.0,190.0,automatic,32490,Fuenlabrada,28947,Madrid,Fuenlabrada
Volkswagen,Scirocco,Gasolina,55581.0,125.0,manual,21505,Mercado Parque Corredor del Henares,28850,Madrid,Mercado Parque Corredor del Henares
Volkswagen,Scirocco,Gasolina,55581.0,125.0,manual,21505,Valdepeñas,13300,Ciudad Real,Valdepeñas
Volkswagen,Scirocco,Gasolina,55581.0,125.0,manual,21505,Valdepeñas,13300,Ciudad Real,Valdepeñas
Volkswagen,Scirocco,Gasolina,55581.0,125.0,manual,21505,Granollers,8403,Barcelona,Granollers
Volkswagen,Scirocco,Gasolina,55581.0,125.0,manual,21505,Saladar,3700,Alicante,Saladar
Volkswagen,Scirocco,Gasolina,55581.0,125.0,manual,21505,Olèrdola,8734,Barcelona,Olèrdola
Volkswagen,Scirocco,Gasolina,55581.0,125.0,manual,21505,Olèrdola,8734,Barcelona,Olèrdola
Volkswagen,Scirocco,Gasolina,55581.0,125.0,manual,21505,Badajoz,6008,Badajoz,Badajoz
Volkswagen,Scirocco,Gasolina,55581.0,125.0,manual,21505,Hidraulica Santillana,28770,Madrid,Hidraulica Santillana
Volkswagen,Scirocco,Gasolina,55581.0,125.0,manual,21505,Alicante,3007,Alicante,Alicante
Volkswagen,Scirocco,Gasolina,55581.0,125.0,manual,21505,Zaragoza,50013,Zaragoza,Zaragoza
Volkswagen,Scirocco,Gasolina,55581.0,125.0,manual,21505,Alcalá de Guadaíra,41500,Sevilla,Alcalá de Guadaíra
Volkswagen,Scirocco,Gasolina,55581.0,125.0,manual,21505,Collado Villalba,28400,Madrid,Collado Villalba
Volkswagen,Scirocco,Gasolina,55581.0,125.0,manual,21505,Collado Villalba,28400,Madrid,Collado Villalba
Volkswagen,Scirocco,Gasolina,55581.0,125.0,manual,21505,Torremolinos,29620,Málaga,Torremolinos
Volkswagen,Scirocco,Gasolina,55581.0,125.0,manual,21505,Torremolinos,29620,Málaga,Torremolinos
Volkswagen,Scirocco,Gasolina,55581.0,125.0,manual,21505,Torremolinos,29620,Málaga,Torremolinos
Volkswagen,Scirocco,Gasolina,55581.0,125.0,manual,21505,Colonia Pablo Iglesias,28520,Madrid,Colonia Pablo Iglesias
Toyota,Yaris,Gasolina,51959.0,69.0,manual,11990,Málaga,29005,Málaga,Málaga
Volkswagen,Sharan,Diésel,34000.0,150.0,manual,34999,Valencia,46002,Valencia,Valencia
Toyota,Land Cruiser 150,Diésel,113610.0,173.0,manual,28250,Mungia,48100,Bizkaia,Mungia
Toyota,Land Cruiser 150,Diésel,200000.0,190.0,manual,24990,Ciudad Real,13001,Ciudad Real,Ciudad Real
Toyota,Land Cruiser 150,Diésel,178000.0,177.0,manual,24990,Cabrera de Mar,8349,Barcelona,Cabrera de Mar
Toyota,Land Cruiser 150,Diésel,76000.0,177.0,manual,29990,Cabrera de Mar,8349,Barcelona,Cabrera de Mar
Mazda,626,Gasolina,216600.0,136.0,manual,2500,Alicante,3004,Alicante,Alicante
Mazda,626,Gasolina,216600.0,136.0,manual,2500,Valencia,46003,Valencia,Valencia
Mazda,626,Gasolina,216600.0,136.0,manual,2500,Llano de Brujas,30161,Murcia,Llano de Brujas
Volkswagen,Jetta,Diésel,92000.0,105.0,manual,6995,Los Combos,28938,Madrid,Los Combos
Volkswagen,Jetta,Diésel,267000.0,105.0,manual,4599,Torrellano,3320,Alicante,Torrellano
Toyota,Aygo,Gasolina,23864.0,72.0,manual,11490,Málaga,29005,Málaga,Málaga
Toyota,Aygo,Gasolina,74500.0,69.0,manual,8990,Gandia,46701,Valencia,Gandia
Toyota,Verso,Diésel,176450.0,126.0,manual,7950,Fuenlabrada,28945,Madrid,Fuenlabrada
Toyota,Verso,Diésel,97228.0,112.0,manual,15390,Madrid,28021,Madrid,Madrid
Toyota,Verso,Diésel,97228.0,112.0,manual,15590,Madrid,28021,Madrid,Madrid
Toyota,Verso,Gasolina,190437.0,147.0,automatic,9990,Alcalá de Henares,28807,Madrid,Alcalá de Henares
Toyota,Verso,Gasolina,190437.0,147.0,automatic,9990,Alcalá de Henares,28807,Madrid,Alcalá de Henares
Toyota,Verso,Gasolina,117408.0,132.0,manual,15799,Madrid,28014,Madrid,Madrid
Toyota,Verso,Diésel,163688.0,112.0,manual,11890,Sevilla,41006,Sevilla,Sevilla
Toyota,Verso,Diésel,163688.0,112.0,manual,11890,Torrejón de Ardoz,28850,Madrid,Torrejón de Ardoz
Toyota,Hilux,Diésel,56000.0,150.0,manual,31990,Cabrera de Mar,8349,Barcelona,Cabrera de Mar
Toyota,Hilux,Diésel,47920.0,144.0,manual,24990,Estepona,29680,Málaga,Estepona
Toyota,Hilux,Diésel,47920.0,144.0,manual,24990,Jaén,23008,Jaén,Jaén
Land Rover,Range Rover,Gasolina,182700.0,224.0,automatic,5999,Palamós,17230,Girona,Palamós
BMW,Serie 4,Diésel,150000.0,150.0,manual,15990,Vigo,36211,Pontevedra,Vigo
BMW,Serie 4,Diésel,150000.0,150.0,manual,15990,Alicante,3010,Alicante,Alicante
BMW,Serie 4,Diésel,150000.0,150.0,manual,15990,Alicante,3010,Murcia,Alicante
Land Rover,Range Rover,Diésel,129078.0,272.0,automatic,16250,Badajoz,6008,Badajoz,Badajoz
Land Rover,Range Rover,Diésel,129078.0,272.0,automatic,16250,Santafe,18320,Granada,Santafe
Volkswagen,Multivan,Diésel,239000.0,131.0,manual,24990,Mosteiron,15168,A Coruña,Mosteiron
Volkswagen,Crafter,Diésel,95000.0,122.0,manual,24990,Alicante,3010,Alicante,Alicante
Volkswagen,Crafter,Diésel,95000.0,122.0,manual,24990,Alicante,3010,Murcia,Alicante
Volkswagen,Crafter,Diésel,95000.0,122.0,manual,24990,Castellón,12001,Castellón,Castellón
Volkswagen,Crafter,Diésel,95000.0,122.0,manual,24990,Sevilla,41005,Sevilla,Sevilla
Volkswagen,Crafter,Diésel,144599.0,140.0,manual,19990,Bilbao,48004,Bizkaia,Bilbao
Volkswagen,Crafter,Diésel,144599.0,140.0,manual,17990,Bilbao,48004,Bizkaia,Bilbao
Volkswagen,Crafter,Diésel,95000.0,122.0,manual,24990,Murcia,30005,Murcia,Murcia
Mazda,2,Gasolina,45861.0,90.0,manual,12790,Alicante,3010,Alicante,Alicante
Mazda,2,Gasolina,45861.0,90.0,manual,12790,Alicante,3010,Murcia,Alicante
Mazda,2,Gasolina,45861.0,90.0,manual,12790,Valencia,46001,Valencia,Valencia
Mazda,2,Gasolina,134800.0,90.0,manual,11490,Vigo,36211,Pontevedra,Vigo
Mazda,2,Gasolina,45861.0,90.0,manual,12790,Granada,18005,Granada,Granada
Mazda,2,Gasolina,45861.0,90.0,manual,12790,Vigo,36211,Pontevedra,Vigo
Mazda,2,Gasolina,45861.0,90.0,manual,12790,Vilagarcía de Arousa,36600,Pontevedra,Vilagarcía de Arousa
Mazda,2,Gasolina,28498.0,90.0,manual,14799,Barcelona,8007,Barcelona,Barcelona
Mazda,2,Gasolina,38687.0,75.0,manual,12990,Camarma de Esteruelas,28816,Madrid,Camarma de Esteruelas
Mazda,2,Gasolina,38687.0,75.0,manual,12990,Camarma de Esteruelas,28816,Madrid,Camarma de Esteruelas
Mazda,2,Gasolina,38687.0,75.0,manual,12990,Villaviciosa de Odón,28670,Madrid,Villaviciosa de Odón
Mazda,2,Gasolina,38687.0,75.0,manual,12990,Bilbao,48004,Bizkaia,Bilbao
BMW,Serie 4,Diésel,108761.0,190.0,manual,22390,Las Rozas de Madrid,28232,Madrid,Las Rozas de Madrid
BMW,Serie 4,Diésel,162000.0,150.0,manual,16990,Palma de Mallorca,7003,Baleares,Palma de Mallorca
BMW,Serie 4,Diésel,162000.0,150.0,manual,16990,Elx/Elche,3201,Alicante,Elx/Elche
Mazda,CX-9,Gasolina,74500.0,277.0,automatic,20850,Fornells de la Selva,17458,Girona,Fornells de la Selva
Mazda,CX-9,Gasolina,74000.0,277.0,automatic,20850,Fornells de la Selva,17458,Girona,Fornells de la Selva
Mazda,5,Diésel,108000.0,115.0,manual,10990,Tarragona,43006,Tarragona,Tarragona
Mazda,5,Diésel,108000.0,115.0,manual,10990,Castellón,12001,Castellón,Castellón
Mazda,5,Diésel,108000.0,115.0,manual,10990,Silla,46460,Valencia,Silla
Mazda,5,Diésel,248000.0,143.0,manual,3290,La Roca del Vallès,8430,Barcelona,La Roca del Vallès
Mazda,5,Diésel,140630.0,116.0,manual,12690,Valencia,46002,Valencia,Valencia
Mazda,5,Diésel,140630.0,116.0,manual,12690,Sant Boi de Llobregat,8830,Barcelona,Sant Boi de Llobregat
Mazda,5,Diésel,140630.0,116.0,manual,12690,Sevilla,41006,Sevilla,Sevilla
BMW,Serie 4,Diésel,83579.0,190.0,automatic,26890,Almería,4006,Almería,Almería
BMW,Serie 4,Diésel,124430.0,184.0,automatic,17990,Almería,4006,Almería,Almería
BMW,Serie 4,Gasolina,127189.0,184.0,automatic,16990,Málaga,29005,Málaga,Málaga
BMW,Serie 4,Diésel,55690.0,190.0,automatic,27190,Málaga,29005,Málaga,Málaga
BMW,Serie 4,Diésel,95000.0,190.0,automatic,27490,Málaga,29005,Málaga,Málaga
BMW,Serie 4,Diésel,37000.0,150.0,automatic,25990,Sevilla,41005,Sevilla,Sevilla
Mazda,6,Diésel,128000.0,175.0,automatic,14990,Fuenlabrada,28943,Madrid,Fuenlabrada
Mazda,6,Diésel,59000.0,150.0,manual,20995,San Fernando de Henares,28830,Madrid,San Fernando de Henares
Mazda,6,Diésel,59000.0,150.0,manual,20995,Parets del Vallès,8150,Barcelona,Parets del Vallès
Mazda,CX-5,Diésel,119607.0,150.0,manual,16788,Hidraulica Santillana,28770,Madrid,Hidraulica Santillana
BMW,Serie 4,Diésel,109525.0,313.0,automatic,29900,Alicante,3007,Alicante,Alicante
Mazda,CX-7,Diésel,280525.0,173.0,manual,6890,Gandia,46701,Valencia,Gandia
Mazda,CX-7,Diésel,211839.0,173.0,manual,9890,Sevilla,41005,Sevilla,Sevilla
Mazda,CX-7,Diésel,211839.0,173.0,manual,9890,Bilbao,48004,Bizkaia,Bilbao
Mazda,CX-7,Diésel,211839.0,173.0,manual,9890,Almería,4006,Almería,Almería
BMW,Serie 4,Diésel,30009.0,150.0,automatic,30500,Granollers,8403,Barcelona,Granollers
Mazda,CX-7,Diésel,280525.0,173.0,manual,6890,Málaga,29005,Málaga,Málaga
Peugeot,407,Diésel,133000.0,204.0,automatic,5999,Vilanoveta,8812,Barcelona,Vilanoveta
Ford,Edge,Diésel,113900.0,210.0,automatic,29990,Málaga,29005,Málaga,Málaga
Ford,Edge,Diésel,113900.0,210.0,automatic,29990,Granada,18005,Granada,Granada
Ford,Edge,Diésel,113900.0,210.0,automatic,29990,Valencia,46001,Valencia,Valencia
Ford,Edge,Diésel,113900.0,210.0,automatic,29990,Urbanizacion La Granjilla,28700,Madrid,Urbanizacion La Granjilla
Ford,Edge,Diésel,68938.0,210.0,automatic,31450,Barcelona,8041,Barcelona,Barcelona
Ford,Edge,Diésel,68938.0,210.0,automatic,31450,Leganés,28915,Madrid,Leganés
Ford,Edge,Diésel,174895.0,210.0,automatic,21900,Santiago de Compostela,15703,A Coruña,Santiago de Compostela
Ford,Edge,Diésel,174895.0,210.0,automatic,21900,Mercado Parque Corredor del Henares,28850,Madrid,Mercado Parque Corredor del Henares
Ford,Edge,Diésel,174895.0,210.0,automatic,21900,Estepona,29680,Málaga,Estepona
Ford,Edge,Diésel,118000.0,180.0,manual,22990,La Serna,28500,Madrid,La Serna
Ford,Edge,Diésel,174895.0,210.0,automatic,21900,Vigo,36214,Pontevedra,Vigo
Ford,Edge,Diésel,174895.0,210.0,automatic,21900,Granollers,8403,Barcelona,Granollers
Ford,Edge,Diésel,72700.0,210.0,automatic,33990,Madrid,28043,Madrid,Madrid
Ford,Edge,Diésel,174895.0,210.0,automatic,21900,Albacete,2001,Albacete,Albacete
Ford,Edge,Diésel,174895.0,210.0,automatic,21900,Puerto de Sagunto,46520,Valencia,Puerto de Sagunto
Ford,Edge,Diésel,174895.0,210.0,automatic,21900,Zaragoza,50013,Zaragoza,Zaragoza
Ford,Edge,Diésel,142767.0,210.0,automatic,22490,Bilbao,48004,Bizkaia,Bilbao
Ford,Edge,Diésel,142767.0,210.0,automatic,22490,Urbanizacion La Granjilla,28700,Madrid,Urbanizacion La Granjilla
Ford,Edge,Diésel,142767.0,210.0,automatic,22490,Fuenlabrada,28947,Madrid,Fuenlabrada
Ford,Edge,Diésel,174895.0,210.0,automatic,21900,Murcia,30003,Murcia,Murcia
Ford,Edge,Diésel,174895.0,210.0,automatic,21900,Alicante,3007,Alicante,Alicante
Ford,Edge,Diésel,174895.0,210.0,automatic,21900,Alameda del Obispo,14005,Córdoba,Alameda del Obispo
Ford,Edge,Diésel,174895.0,210.0,automatic,21900,Alcalá de Guadaíra,41500,Sevilla,Alcalá de Guadaíra
Ford,Edge,Diésel,174895.0,210.0,automatic,21900,Torremolinos,29620,Málaga,Torremolinos
Ford,Edge,Diésel,174895.0,210.0,automatic,21900,Torremolinos,29620,Málaga,Torremolinos
Ford,Edge,Diésel,174895.0,210.0,automatic,21900,Torremolinos,29620,Málaga,Torremolinos
Ford,Edge,Diésel,174895.0,210.0,automatic,21900,Barcelona,8007,Barcelona,Barcelona
Ford,Edge,Diésel,174895.0,210.0,automatic,21900,Getafe,28906,Madrid,Getafe
Peugeot,Expert,Diésel,122000.0,115.0,manual,18990,Parla,28984,Madrid,Parla
Peugeot,Expert,Diésel,18036.0,120.0,manual,29785,Colonia Pablo Iglesias,28520,Madrid,Colonia Pablo Iglesias
Peugeot,Expert,Diésel,18036.0,120.0,manual,29785,Olèrdola,8734,Barcelona,Olèrdola
Peugeot,Expert,Diésel,18036.0,120.0,manual,29785,Olèrdola,8734,Barcelona,Olèrdola
Peugeot,Expert,Diésel,127811.0,95.0,manual,20999,Bilbao,48006,Bizkaia,Bilbao
Peugeot,Expert,Diésel,385000.0,110.0,manual,5100,Santa Rosa,33690,Asturias,Santa Rosa
BMW,Serie 5,Diésel,165000.0,218.0,automatic,19990,Alicante,3010,Alicante,Alicante
BMW,Serie 5,Diésel,165000.0,218.0,automatic,19990,Alicante,3010,Murcia,Alicante
BMW,Serie 5,Diésel,165000.0,218.0,automatic,19990,Palma de Mallorca,7003,Baleares,Palma de Mallorca
Opel,Antara,Diésel,227000.0,163.0,manual,9800,Torrefarrera,25123,Lleida,Torrefarrera
Peugeot,406,Gasolina,204906.0,117.0,manual,1390,Madrid,28026,Madrid,Madrid
Peugeot,Boxer,Diésel,120000.0,130.0,manual,27900,La Puebla de Alfindén,50171,Zaragoza,La Puebla de Alfindén
Peugeot,Boxer,Diésel,490150.0,120.0,manual,9983,Girona,17005,Girona,Girona
Peugeot,Boxer,Diésel,86638.0,130.0,manual,22988,Puerto de Sagunto,46520,Valencia,Puerto de Sagunto
Peugeot,Boxer,Diésel,86638.0,130.0,manual,22988,Mercado Parque Corredor del Henares,28850,Madrid,Mercado Parque Corredor del Henares
Peugeot,Boxer,Diésel,86638.0,130.0,manual,22988,Paterna,46980,Valencia,Paterna
Peugeot,Boxer,Diésel,86638.0,130.0,manual,22988,Badajoz,6008,Badajoz,Badajoz
Peugeot,Boxer,Diésel,86638.0,130.0,manual,22988,Las Rozas de Madrid,28232,Madrid,Las Rozas de Madrid
Peugeot,Boxer,Diésel,86638.0,130.0,manual,22988,Estepona,29680,Málaga,Estepona
Jaguar,E-Pace,Diésel,52866.0,150.0,manual,29670,Castello/Castellon de La Plana,12100,Castellón,Castello/Castellon de La Plana
Jaguar,E-Pace,Diésel,52866.0,150.0,manual,29670,Getafe,28906,Madrid,Getafe
Peugeot,Boxer,Diésel,133250.0,130.0,manual,21400,Aldaia,46960,Valencia,Aldaia
Peugeot,Boxer,Diésel,133250.0,130.0,manual,20800,Aldaia,46960,Valencia,Aldaia
Peugeot,Boxer,Diésel,180000.0,100.0,manual,11000,Roquetas de Mar,4740,Almería,Roquetas de Mar
BMW,Serie 4,Diésel,121697.0,258.0,automatic,30990,Murcia,30004,Murcia,Murcia
Ford,Explorer,Gasolina,97086.0,290.0,automatic,21490,Vigo,36211,Pontevedra,Vigo
BMW,Serie 4,Diésel,121697.0,258.0,automatic,30990,Valladolid,47003,Valladolid,Valladolid
BMW,Serie 4,Diésel,121697.0,258.0,automatic,30990,Leganés,28915,Madrid,Leganés
BMW,Serie 4,Diésel,114009.0,258.0,automatic,30980,Parla,28700,Madrid,Parla
BMW,Serie 4,Diésel,114009.0,258.0,automatic,30980,Fuenlabrada,28943,Madrid,Fuenlabrada
Lancia,Thesis,Diésel,102312.0,185.0,automatic,8000,Arganda del Rey,28500,Madrid,Arganda del Rey
BMW,Serie 4,Diésel,127049.0,184.0,automatic,20500,Valdepeñas,13300,Ciudad Real,Valdepeñas
BMW,Serie 4,Diésel,127049.0,184.0,automatic,20500,Valdepeñas,13300,Ciudad Real,Valdepeñas
Ford,Transit Custom,Diésel,68204.0,130.0,manual,27600,Santafe,18320,Granada,Santafe
Ford,Transit Custom,Diésel,68204.0,130.0,manual,27600,Zaragoza,50013,Zaragoza,Zaragoza
Ford,Transit Custom,Diésel,68204.0,130.0,manual,27600,Paterna,46980,Valencia,Paterna
Ford,Transit Custom,Diésel,10171.0,130.0,manual,36800,Sant Vicenç de Montalt,8394,Barcelona,Sant Vicenç de Montalt
Ford,Transit Custom,Diésel,10171.0,130.0,manual,36800,Paterna,46980,Valencia,Paterna
Ford,Transit Custom,Diésel,10171.0,130.0,manual,36800,Albacete,2001,Albacete,Albacete
Ford,Transit Custom,Diésel,10171.0,130.0,manual,36800,Alzira,46600,Valencia,Alzira
Ford,Transit Custom,Diésel,10171.0,130.0,manual,36800,Alzira,46600,Valencia,Alzira
Ford,Transit Custom,Diésel,10171.0,130.0,manual,36800,Puerto de Sagunto,46520,Valencia,Puerto de Sagunto
Ford,Transit Custom,Diésel,10171.0,130.0,manual,36800,Alcobendas,28100,Madrid,Alcobendas
Ford,Transit Custom,Diésel,10171.0,130.0,manual,36800,Mercabilbao,48970,Bizkaia,Mercabilbao
Ford,Transit Custom,Diésel,10171.0,130.0,manual,36800,Alicante,3007,Alicante,Alicante
Peugeot,607,Diésel,260000.0,136.0,manual,3200,Alcañiz,44600,Teruel,Alcañiz
Peugeot,607,Diésel,208400.0,136.0,manual,3450,Madrid,28046,Madrid,Madrid
Volkswagen,Transporter,Diésel,129995.0,114.0,manual,17900,Vigo,36204,Pontevedra,Vigo
Volkswagen,Transporter,Diésel,129995.0,114.0,manual,17900,A Coruña,15001,A Coruña,A Coruña
BMW,Serie 4,Diésel,57749.0,258.0,automatic,36480,Alcorcón,28924,Madrid,Alcorcón
Peugeot,1007,Gasolina,127418.0,74.0,manual,4650,Alicante,3009,Alicante,Alicante
Peugeot,1007,Diésel,196000.0,75.0,manual,3000,Manises,46940,Valencia,Manises
Land Rover,Range Rover Velar,Diésel,164000.0,180.0,automatic,36900,Alcalá de Henares,28803,Madrid,Alcalá de Henares
Land Rover,Range Rover Velar,Diésel,164000.0,180.0,automatic,37900,Alcalá de Henares,28803,Madrid,Alcalá de Henares
Peugeot,1007,Diésel,143000.0,68.0,manual,4990,Málaga,29006,Málaga,Málaga
BMW,Serie 5,Diésel,69247.0,184.0,automatic,21890,Sant Vicenç de Montalt,8394,Barcelona,Sant Vicenç de Montalt
Toyota,Aygo,Gasolina,91495.0,69.0,manual,10690,Madrid,28021,Madrid,Madrid
Peugeot,3008,Diésel,67247.0,179.0,automatic,26390,Sevilla,41006,Sevilla,Sevilla
Toyota,Land Cruiser 150,Diésel,106569.0,177.0,manual,29990,Aizoain,31195,Navarra,Aizoain
Toyota,Land Cruiser 150,Diésel,106569.0,177.0,manual,29990,Aizoain,31195,Navarra,Aizoain
Ford,Ka,Gasolina,72631.0,70.0,manual,7699,Madrid,28014,Madrid,Madrid
Ford,Ka,Gasolina,72631.0,70.0,manual,7699,Barcelona,8007,Barcelona,Barcelona
Ford,Ka,Gasolina,100606.0,69.0,manual,5990,Málaga,29005,Málaga,Málaga
Ford,Ka,Diésel,104000.0,75.0,manual,4900,Oviedo,33011,Asturias,Oviedo
Ford,Ka,Gasolina,106000.0,69.0,manual,6999,Santa Pola,3130,Alicante,Santa Pola
Ford,Ka,Gasolina,19648.0,69.0,manual,6990,Alicante,3010,Alicante,Alicante
Ford,Ka,Gasolina,19648.0,69.0,manual,6990,Alicante,3010,Murcia,Alicante
Ford,Ka,Gasolina,82770.0,69.0,manual,6990,Alicante,3010,Alicante,Alicante
Ford,Ka,Gasolina,82770.0,69.0,manual,6990,Alicante,3010,Murcia,Alicante
Ford,Ka,Gasolina,82770.0,69.0,manual,5990,Alicante,3010,Alicante,Alicante
Ford,Ka,Gasolina,82770.0,69.0,manual,5990,Alicante,3010,Murcia,Alicante
Ford,Ka,Gasolina,19648.0,69.0,manual,6990,Valencia,46001,Valencia,Valencia
Ford,Ka,Gasolina,19648.0,69.0,manual,6990,Granada,18005,Granada,Granada
Ford,Ka,Gasolina,82770.0,69.0,manual,6990,Murcia,30005,Murcia,Murcia
Ford,Ka,Gasolina,82770.0,69.0,manual,5990,Murcia,30005,Murcia,Murcia
Volkswagen,Golf,Diésel,134726.0,110.0,manual,10980,León,24003,León,León
Volkswagen,Golf,Diésel,134726.0,110.0,manual,10980,León,24003,León,León
Volkswagen,Golf,Diésel,134726.0,110.0,manual,10990,León,24003,León,León
Volkswagen,Golf,Diésel,134726.0,110.0,manual,10990,León,24003,León,León
Volkswagen,Golf,Diésel,132435.0,115.0,manual,16700,Vigo,36204,Pontevedra,Vigo
Peugeot,107,Gasolina,99842.0,68.0,manual,4990,Mataró,8302,Barcelona,Mataró
Peugeot,107,Gasolina,131000.0,68.0,manual,4800,Constantí,43120,Tarragona,Constantí
Peugeot,107,Gasolina,180000.0,68.0,manual,4499,Los Garres,30158,Murcia,Los Garres
Peugeot,107,Gasolina,109000.0,68.0,manual,3999,Albal,46470,Valencia,Albal
Peugeot,107,Gasolina,109000.0,68.0,manual,3999,Albal,46470,Valencia,Albal
Peugeot,107,Gasolina,109000.0,68.0,manual,3999,Albal,46470,Valencia,Albal
Peugeot,107,Gasolina,109000.0,68.0,manual,3999,Albal,46470,Valencia,Albal
Peugeot,107,Gasolina,90000.0,68.0,manual,5999,Albal,46470,Valencia,Albal
Peugeot,107,Gasolina,90000.0,68.0,manual,5999,Albal,46470,Valencia,Albal
Peugeot,107,Gasolina,90000.0,68.0,manual,5999,Albal,46470,Valencia,Albal
Peugeot,107,Gasolina,90000.0,68.0,manual,5999,Albal,46470,Valencia,Albal
Ford,S-MAX,Diésel,84183.0,163.0,automatic,17900,Santa Maria del Aguila,4710,Almería,Santa Maria del Aguila
Ford,S-MAX,Diésel,84183.0,163.0,automatic,17900,Albacete,2001,Albacete,Albacete
Ford,S-MAX,Diésel,84183.0,163.0,automatic,17900,Murcia,30003,Murcia,Murcia
Ford,S-MAX,Diésel,84183.0,163.0,automatic,17900,Torremolinos,29620,Málaga,Torremolinos
Ford,S-MAX,Diésel,84183.0,163.0,automatic,17900,Torremolinos,29620,Málaga,Torremolinos
Ford,S-MAX,Diésel,84183.0,163.0,automatic,17900,Torremolinos,29620,Málaga,Torremolinos
Ford,S-MAX,Diésel,84183.0,163.0,automatic,17900,Alzira,46600,Valencia,Alzira
Ford,S-MAX,Diésel,84183.0,163.0,automatic,17900,Alzira,46600,Valencia,Alzira
Ford,S-MAX,Diésel,84183.0,163.0,automatic,17900,Hidraulica Santillana,28770,Madrid,Hidraulica Santillana
Ford,S-MAX,Diésel,84183.0,163.0,automatic,17900,Alameda del Obispo,14005,Córdoba,Alameda del Obispo
Ford,S-MAX,Diésel,107157.0,180.0,automatic,25561,Málaga,29004,Málaga,Málaga
Ford,S-MAX,Diésel,210000.0,140.0,manual,5899,Madrid,28005,Madrid,Madrid
Ford,S-MAX,Diésel,143184.0,140.0,automatic,11300,Alameda del Obispo,14005,Córdoba,Alameda del Obispo
Ford,S-MAX,Diésel,143184.0,140.0,automatic,11300,Santafe,18320,Granada,Santafe
Ford,S-MAX,Diésel,143184.0,140.0,automatic,11300,Collado Villalba,28400,Madrid,Collado Villalba
Ford,S-MAX,Diésel,143184.0,140.0,automatic,11300,Collado Villalba,28400,Madrid,Collado Villalba
Ford,S-MAX,Diésel,143184.0,140.0,automatic,11300,Alcobendas,28100,Madrid,Alcobendas
Ford,S-MAX,Diésel,143184.0,140.0,automatic,11300,Torremolinos,29620,Málaga,Torremolinos
Ford,S-MAX,Diésel,143184.0,140.0,automatic,11300,Torremolinos,29620,Málaga,Torremolinos
Ford,S-MAX,Diésel,143184.0,140.0,automatic,11300,Torremolinos,29620,Málaga,Torremolinos
Nissan,370Z,Gasolina,59900.0,330.0,manual,27900,Montmeló,8160,Barcelona,Montmeló
DS,7 CROSSBACK,Diésel,63000.0,177.0,automatic,28475,Caspe,50700,Zaragoza,Caspe
DS,7 CROSSBACK,Diésel,96000.0,177.0,automatic,29900,Málaga,29006,Málaga,Málaga
DS,7 CROSSBACK,Diésel,76236.0,177.0,automatic,27900,Alcalá de Henares,28807,Madrid,Alcalá de Henares
DS,7 CROSSBACK,Diésel,76236.0,177.0,automatic,27900,Alcalá de Henares,28807,Madrid,Alcalá de Henares
DS,7 CROSSBACK,Gasolina,25000.0,181.0,automatic,33990,Parla,28984,Madrid,Parla
Peugeot,Partner,Diésel,114833.0,75.0,manual,9950,Valencia,46002,Valencia,Valencia
Peugeot,Partner,Diésel,105047.0,75.0,manual,12190,Valencia,46002,Valencia,Valencia
Ford,Grand C-MAX,Gasolina,110000.0,125.0,manual,9500,Urbanizacion La Granjilla,28700,Madrid,Urbanizacion La Granjilla
Ford,Grand C-MAX,Gasolina,110000.0,125.0,manual,9500,Murcia,30005,Murcia,Murcia
Chrysler,Sebring,Gasolina,123000.0,141.0,automatic,2850,Barcelona,8015,Barcelona,Barcelona
Chrysler,Sebring,Gasolina,126894.0,141.0,manual,4800,Colonia Pablo Iglesias,28520,Madrid,Colonia Pablo Iglesias
Ford,Grand C-MAX,Gasolina,110000.0,125.0,manual,9500,Granada,18005,Granada,Granada
Ford,Grand C-MAX,Gasolina,110000.0,125.0,manual,9500,Collado Villalba,28400,Madrid,Collado Villalba
Ford,Grand C-MAX,Gasolina,110000.0,125.0,manual,9500,Collado Villalba,28400,Madrid,Collado Villalba
Ford,Grand C-MAX,Gasolina,110000.0,125.0,manual,9500,Valencia,46001,Valencia,Valencia
Ford,Grand C-MAX,Gasolina,110000.0,125.0,manual,9500,Villaviciosa de Odón,28670,Madrid,Villaviciosa de Odón
Ford,Grand C-MAX,Gasolina,110000.0,125.0,manual,9500,Fuenlabrada,28947,Madrid,Fuenlabrada
Ford,Grand C-MAX,Gasolina,110000.0,125.0,manual,9500,Colonia Pablo Iglesias,28520,Madrid,Colonia Pablo Iglesias
Chrysler,PT Cruiser,Gasolina,143900.0,141.0,automatic,3700,Málaga,29004,Málaga,Málaga
Chrysler,PT Cruiser,Gasolina,120000.0,141.0,automatic,4200,Villaviciosa de Odón,28670,Madrid,Villaviciosa de Odón
Volkswagen,Tiguan,Diésel,72286.0,110.0,manual,20300,Valdepeñas,13300,Ciudad Real,Valdepeñas
Volkswagen,Tiguan,Diésel,72286.0,110.0,manual,20300,Valdepeñas,13300,Ciudad Real,Valdepeñas
Volkswagen,Golf Sportsvan,Diésel,52509.0,115.0,manual,369,Madrid,28014,Madrid,Madrid
Volkswagen,Golf Sportsvan,Gasolina,128815.0,150.0,automatic,15199,Madrid,28014,Madrid,Madrid
Volkswagen,Golf Sportsvan,Gasolina,128815.0,150.0,automatic,15199,Barcelona,8007,Barcelona,Barcelona
Volkswagen,Golf Sportsvan,Diésel,91620.0,150.0,manual,17995,Zaragoza,50017,Zaragoza,Zaragoza
Volkswagen,Golf Sportsvan,Diésel,59000.0,115.0,manual,19999,Alcalá de Guadaíra,41500,Sevilla,Alcalá de Guadaíra
Volkswagen,Golf Sportsvan,Gasolina,95313.0,150.0,automatic,16899,Barcelona,8007,Barcelona,Barcelona
Volkswagen,Golf Sportsvan,Gasolina,95313.0,150.0,automatic,16899,Madrid,28014,Madrid,Madrid
Volkswagen,Golf Sportsvan,Diésel,126000.0,115.0,manual,18600,Sevilla,41018,Sevilla,Sevilla
Volkswagen,Golf Sportsvan,Diésel,126000.0,115.0,manual,18600,Cúllar Vega,18195,Granada,Cúllar Vega
Volkswagen,Golf Sportsvan,Diésel,126000.0,115.0,manual,18600,Murcia,30003,Murcia,Murcia
Renault,Koleos,Diésel,60654.0,175.0,automatic,29590,Esplugues de Llobregat,8950,Barcelona,Esplugues de Llobregat
Volkswagen,Golf Sportsvan,Gasolina,115354.0,130.0,manual,19780,Santa Maria del Aguila,4710,Almería,Santa Maria del Aguila
Volkswagen,Golf Sportsvan,Gasolina,115354.0,130.0,manual,19780,Sant Vicenç de Montalt,8394,Barcelona,Sant Vicenç de Montalt
Volkswagen,Golf Sportsvan,Gasolina,60354.0,110.0,manual,14680,Collado Villalba,28400,Madrid,Collado Villalba
Volkswagen,Golf Sportsvan,Gasolina,60354.0,110.0,manual,14680,Collado Villalba,28400,Madrid,Collado Villalba
Volkswagen,Golf Sportsvan,Gasolina,60354.0,110.0,manual,14680,Mercado Parque Corredor del Henares,28850,Madrid,Mercado Parque Corredor del Henares
Volkswagen,Golf Sportsvan,Diésel,81324.0,150.0,automatic,14890,Sant Boi de Llobregat,8830,Barcelona,Sant Boi de Llobregat
Volkswagen,Golf Sportsvan,Diésel,173000.0,110.0,automatic,12499,Llerona,8520,Barcelona,Llerona
Volkswagen,Golf Sportsvan,Diésel,167000.0,110.0,manual,11900,Úbeda,23400,Jaén,Úbeda
Volkswagen,Golf Sportsvan,Gasolina,73859.0,110.0,manual,15900,San Fernando de Henares,28830,Madrid,San Fernando de Henares
Volkswagen,Golf Sportsvan,Gasolina,115354.0,130.0,manual,19780,Alicante,3007,Alicante,Alicante
Volkswagen,Golf Sportsvan,Gasolina,115354.0,130.0,manual,19780,Colonia Pablo Iglesias,28520,Madrid,Colonia Pablo Iglesias
Volkswagen,Golf Plus,Diésel,740000.0,115.0,manual,6990,Camping Costa Blanca,43850,Tarragona,Camping Costa Blanca
Volkswagen,Golf Plus,Diésel,185000.0,105.0,manual,6990,Málaga,29006,Málaga,Málaga
Ford,Grand C-MAX,Diésel,145325.0,120.0,manual,14290,Vigo,36211,Pontevedra,Vigo
Ford,Grand C-MAX,Diésel,145325.0,120.0,manual,14290,Murcia,30005,Murcia,Murcia
KIA,Venga,Gasolina,5977.0,90.0,manual,13915,Las Rozas de Madrid,28232,Madrid,Las Rozas de Madrid
KIA,Venga,Gasolina,5977.0,90.0,manual,13915,Alameda del Obispo,14005,Córdoba,Alameda del Obispo
Subaru,XV,Gasolina,55007.0,115.0,automatic,22099,Barcelona,8007,Barcelona,Barcelona
Subaru,XV,Gasolina,33374.0,156.0,automatic,23900,San Fernando de Henares,28830,Madrid,San Fernando de Henares
Subaru,XV,Gasolina,33374.0,156.0,automatic,23900,Poligono Industrial San Fernando,28830,Madrid,Poligono Industrial San Fernando
Subaru,XV,Gasolina,33374.0,156.0,automatic,23900,A Coruña,15003,A Coruña,A Coruña
Subaru,XV,Gasolina,142694.0,114.0,manual,15890,Sevilla,41006,Sevilla,Sevilla
Subaru,XV,Gasolina,15.0,114.0,automatic,28500,Badalona,8912,Barcelona,Badalona
Subaru,XV,Diésel,124297.0,147.0,manual,13690,Valencia,46002,Valencia,Valencia
Subaru,XV,Diésel,124297.0,147.0,manual,13690,Agirre-Aperribai,48960,Bizkaia,Agirre-Aperribai
Saab,09-may,Gasolina,149000.0,150.0,manual,2990,La Roca del Vallès,8430,Barcelona,La Roca del Vallès
Ford,Grand C-MAX,Diésel,145325.0,120.0,manual,14290,Oviedo,33003,Asturias,Oviedo
Ford,Grand C-MAX,Diésel,82000.0,119.0,manual,391,Barcelona,8007,Barcelona,Barcelona
Ford,Grand C-MAX,Diésel,99950.0,119.0,manual,422,Barcelona,8009,Barcelona,Barcelona
Ford,Grand C-MAX,Diésel,99950.0,149.0,manual,410,Barcelona,8009,Barcelona,Barcelona
Renault,ZOE,Eléctrico,49717.0,92.0,automatic,18688,Granollers,8403,Barcelona,Granollers
Renault,ZOE,Eléctrico,49717.0,92.0,automatic,18688,Puerto de Sagunto,46520,Valencia,Puerto de Sagunto
Renault,ZOE,Eléctrico,49717.0,92.0,automatic,18688,Santafe,18320,Granada,Santafe
Renault,ZOE,Eléctrico,49717.0,92.0,automatic,18688,Mercabilbao,48970,Bizkaia,Mercabilbao
Renault,ZOE,Eléctrico,49717.0,92.0,automatic,18688,Alameda del Obispo,14005,Córdoba,Alameda del Obispo
Renault,ZOE,Eléctrico,49717.0,92.0,automatic,18688,Getafe,28906,Madrid,Getafe
Volvo,XC40,Diésel,60000.0,190.0,automatic,32990,Sant Boi de Llobregat,8830,Barcelona,Sant Boi de Llobregat
Volvo,XC40,Diésel,25162.0,150.0,manual,29990,Vigo,36211,Pontevedra,Vigo
Volvo,XC40,Diésel,25162.0,150.0,manual,29990,Silla,46460,Valencia,Silla
Volvo,XC40,Diésel,64133.0,190.0,automatic,29490,Valencia,46001,Valencia,Valencia
Volvo,V40,Diésel,96280.0,150.0,manual,16800,Madrid,28018,Madrid,Madrid
Volvo,V40,Diésel,72120.0,115.0,manual,11890,Sevilla,41006,Sevilla,Sevilla
Skoda,Yeti,Diésel,161994.0,110.0,manual,11490,Bilbao,48004,Bizkaia,Bilbao
Skoda,Yeti,Diésel,161994.0,110.0,manual,11290,Bilbao,48004,Bizkaia,Bilbao
Skoda,Yeti,Diésel,161994.0,110.0,manual,11490,Oviedo,33003,Asturias,Oviedo
Skoda,Yeti,Diésel,161994.0,110.0,manual,11290,Oviedo,33003,Asturias,Oviedo
Skoda,Yeti,Diésel,161994.0,110.0,manual,11490,Málaga,29005,Málaga,Málaga
Skoda,Yeti,Diésel,161994.0,110.0,manual,11290,Málaga,29005,Málaga,Málaga
Volvo,V90,Gasolina,69078.0,250.0,automatic,39000,Ciudad Real,13003,Ciudad Real,Ciudad Real
Volvo,V90,Gasolina,69078.0,250.0,automatic,39000,Valdepeñas,13300,Ciudad Real,Valdepeñas
Volvo,V90,Gasolina,69078.0,250.0,automatic,39000,Valdepeñas,13300,Ciudad Real,Valdepeñas
Volvo,V90,Gasolina,69078.0,250.0,automatic,39000,Santafe,18320,Granada,Santafe
Volvo,V90,Gasolina,69078.0,250.0,automatic,39000,Barcelona,8007,Barcelona,Barcelona
Volvo,V90,Gasolina,69078.0,250.0,automatic,39000,Zaragoza,50013,Zaragoza,Zaragoza
Jeep,Compass,Gasolina,42990.0,140.0,manual,17990,Málaga,29005,Málaga,Málaga
Volvo,V90,Diésel,108000.0,149.0,manual,24950,Burjassot,46100,Valencia,Burjassot
Volvo,V90,Diésel,108000.0,149.0,manual,22850,Burjassot,46100,Valencia,Burjassot
Volvo,V90,Diésel,73463.0,190.0,automatic,33090,Las Rozas de Madrid,28232,Madrid,Las Rozas de Madrid
Volvo,V90,Diésel,126000.0,150.0,automatic,28995,San Fernando de Henares,28830,Madrid,San Fernando de Henares
Volvo,V90,Diésel,111993.0,150.0,manual,20250,Valencia,46002,Valencia,Valencia
Volvo,V90,Diésel,111993.0,150.0,manual,20250,Bacarot,3114,Alicante,Bacarot
Volvo,V90,Diésel,111993.0,150.0,manual,20250,Sevilla,41006,Sevilla,Sevilla
Ford,Grand C-MAX,Gasolina,88761.0,125.0,manual,15799,Madrid,28014,Madrid,Madrid
Ford,Grand C-MAX,Gasolina,88761.0,125.0,manual,15799,Barcelona,8007,Barcelona,Barcelona
Volvo,XC70,Diésel,280000.0,185.0,automatic,8999,Bencarron,41710,Sevilla,Bencarron
Volvo,XC70,Diésel,165000.0,181.0,automatic,16500,Torrelavega,39300,Cantabria,Torrelavega
Volvo,XC70,Diésel,114292.0,163.0,manual,17875,Alameda del Obispo,14005,Córdoba,Alameda del Obispo
Volvo,XC70,Diésel,114292.0,163.0,manual,17875,Estepona,29680,Málaga,Estepona
Volvo,XC70,Diésel,114292.0,163.0,manual,17875,Alcalá de Guadaíra,41500,Sevilla,Alcalá de Guadaíra
Volvo,XC70,Diésel,114292.0,163.0,manual,17875,Collado Villalba,28400,Madrid,Collado Villalba
Volvo,XC70,Diésel,114292.0,163.0,manual,17875,Collado Villalba,28400,Madrid,Collado Villalba
Volvo,XC70,Diésel,114292.0,163.0,manual,17875,Castello/Castellon de La Plana,12100,Castellón,Castello/Castellon de La Plana
Volvo,XC70,Diésel,114292.0,163.0,manual,17875,Hidraulica Santillana,28770,Madrid,Hidraulica Santillana
Volvo,XC70,Diésel,114292.0,163.0,manual,17875,Colonia Pablo Iglesias,28520,Madrid,Colonia Pablo Iglesias
Volvo,XC70,Diésel,114292.0,163.0,manual,17875,Las Rozas de Madrid,28232,Madrid,Las Rozas de Madrid
Opel,Astra,Diésel,210000.0,100.0,manual,2700,Valladolid,47014,Valladolid,Valladolid
Volvo,XC90,Diésel,189000.0,235.0,automatic,36987,Majadahonda,28222,Madrid,Majadahonda
Volvo,XC90,Diésel,319000.0,185.0,automatic,8490,Móstoles,28936,Madrid,Móstoles
Volvo,XC90,Diésel,201964.0,200.0,automatic,15990,Alcobendas,28100,Madrid,Alcobendas
Volvo,XC90,Diésel,204680.0,185.0,manual,11250,Granollers,8403,Barcelona,Granollers
Volvo,XC90,Diésel,204680.0,185.0,manual,11250,Las Rozas de Madrid,28232,Madrid,Las Rozas de Madrid
Maserati,Ghibli,Gasolina,120000.0,350.0,automatic,39990,Málaga,29005,Málaga,Málaga
Opel,Grandland X,Diésel,33989.0,130.0,manual,22500,Sant Vicenç de Montalt,8394,Barcelona,Sant Vicenç de Montalt
Opel,Grandland X,Diésel,33989.0,130.0,manual,22500,Santa Maria del Aguila,4710,Almería,Santa Maria del Aguila
Volvo,V50,Diésel,252000.0,136.0,automatic,5790,Fuenlabrada,28946,Madrid,Fuenlabrada
Volvo,V50,Diésel,294000.0,136.0,manual,2750,Poligono Da Louzaneta,27297,Lugo,Poligono Da Louzaneta
Volvo,V50,Diésel,207000.0,136.0,automatic,6400,Mejorada del Campo,28840,Madrid,Mejorada del Campo
Volvo,S90,Diésel,89172.0,150.0,automatic,35490,Madrid,28021,Madrid,Madrid
Volvo,S90,Diésel,89172.0,150.0,automatic,34490,Madrid,28021,Madrid,Madrid
Volvo,C30,Diésel,170000.0,109.0,manual,6990,Valdefuentes,28939,Madrid,Valdefuentes
Volvo,C30,Diésel,170000.0,109.0,manual,6990,Valdefuentes,28939,Madrid,Valdefuentes
Galloper,Exceed,Diésel,200000.0,105.0,manual,3950,Zamora,49004,Zamora,Zamora
Opel,Corsa-e,Eléctrico,2170.0,136.0,automatic,27900,Alicante,3007,Alicante,Alicante
Opel,Corsa-e,Eléctrico,2170.0,136.0,automatic,27900,Puerto de Sagunto,46520,Valencia,Puerto de Sagunto
Opel,Corsa-e,Eléctrico,2170.0,136.0,automatic,27900,Albacete,2001,Albacete,Albacete
Opel,Corsa-e,Eléctrico,2170.0,136.0,automatic,27900,Torremolinos,29620,Málaga,Torremolinos
Opel,Corsa-e,Eléctrico,2170.0,136.0,automatic,27900,Torremolinos,29620,Málaga,Torremolinos
Opel,Corsa-e,Eléctrico,2170.0,136.0,automatic,27900,Torremolinos,29620,Málaga,Torremolinos
Opel,Corsa-e,Eléctrico,2170.0,136.0,automatic,27900,Alameda del Obispo,14005,Córdoba,Alameda del Obispo
Opel,Corsa-e,Eléctrico,2170.0,136.0,automatic,27900,Atarrabia,31610,Navarra,Atarrabia
Opel,Corsa-e,Eléctrico,2170.0,136.0,automatic,27900,Granollers,8403,Barcelona,Granollers
Opel,Corsa-e,Eléctrico,59000.0,136.0,automatic,23800,Berga,8600,Barcelona,Berga
Opel,Corsa-e,Eléctrico,2170.0,136.0,automatic,27900,Santiago de Compostela,15703,A Coruña,Santiago de Compostela
Opel,Corsa-e,Eléctrico,2170.0,136.0,automatic,27900,Saladar,3700,Alicante,Saladar
Toyota,Land Cruiser 100,Diésel,305000.0,204.0,automatic,24990,Sant Cugat del Vallès,8172,Barcelona,Sant Cugat del Vallès
Toyota,Land Cruiser 100,Diésel,234000.0,204.0,automatic,29900,Sunbilla,31791,Navarra,Sunbilla
SsangYong,XLV,Diésel,76400.0,115.0,manual,15650,Madrid,28046,Madrid,Madrid
Fiat,Fiorino,Diésel,101703.0,75.0,manual,7990,Murcia,30005,Murcia,Murcia
Toyota,Auris,Diésel,122122.0,90.0,manual,10599,Barcelona,8007,Barcelona,Barcelona
Fiat,Fiorino,Diésel,55636.0,75.0,manual,7490,Castellón,12001,Castellón,Castellón
Fiat,Fiorino,Diésel,55636.0,75.0,manual,7490,Murcia,30005,Murcia,Murcia
Fiat,Fiorino,Diésel,101703.0,75.0,manual,7990,Granada,18005,Granada,Granada
Fiat,Fiorino,Diésel,55636.0,75.0,manual,7490,Valencia,46001,Valencia,Valencia
Fiat,Fiorino,Diésel,101703.0,75.0,manual,7990,Bilbao,48004,Bizkaia,Bilbao
Fiat,Fiorino,Diésel,55636.0,75.0,manual,7490,Granada,18005,Granada,Granada
Toyota,MR2,Gasolina,97876.0,140.0,manual,11990,Alcalá de Guadaíra,41500,Sevilla,Alcalá de Guadaíra
Toyota,MR2,Gasolina,97876.0,140.0,manual,11990,Puerto de Sagunto,46520,Valencia,Puerto de Sagunto
Toyota,MR2,Gasolina,97876.0,140.0,manual,11990,Mercabilbao,48970,Bizkaia,Mercabilbao
Toyota,MR2,Gasolina,97876.0,140.0,manual,11990,Estepona,29680,Málaga,Estepona
Toyota,MR2,Gasolina,97876.0,140.0,manual,11990,Atarrabia,31610,Navarra,Atarrabia
Toyota,MR2,Gasolina,97876.0,140.0,manual,11990,Albacete,2001,Albacete,Albacete
Toyota,MR2,Gasolina,97876.0,140.0,manual,11990,Las Rozas de Madrid,28232,Madrid,Las Rozas de Madrid
Fiat,Fiorino,Diésel,55636.0,75.0,manual,7490,Bilbao,48004,Bizkaia,Bilbao
Fiat,Fiorino,Diésel,55636.0,75.0,manual,7490,Alicante,3010,Alicante,Alicante
Fiat,Fiorino,Diésel,55636.0,75.0,manual,7490,Alicante,3010,Murcia,Alicante
Fiat,Fiorino,Diésel,150507.0,80.0,manual,6570,Cádiz,11006,Cádiz,Cádiz
Toyota,Land Cruiser 90,Diésel,580000.0,125.0,manual,7499,El Guincho,38639,Santa Cruz de Tenerife,El Guincho
Toyota,Land Cruiser 90,Diésel,580000.0,125.0,manual,7499,El Guincho,38639,Santa Cruz de Tenerife,El Guincho
Toyota,Land Cruiser 90,Diésel,580000.0,125.0,manual,7499,El Guincho,38639,Santa Cruz de Tenerife,El Guincho
Toyota,Land Cruiser 90,Gasolina,275000.0,178.0,manual,8999,Humanes de Madrid,28970,Madrid,Humanes de Madrid
Tesla,Model 3,Eléctrico,21000.0,325.0,automatic,39900,Mairena del Aljarafe,41927,Sevilla,Mairena del Aljarafe
Fiat,Fiorino,Diésel,114298.0,80.0,manual,6983,Madrid,28014,Madrid,Madrid
Fiat,Fiorino,Diésel,114298.0,80.0,manual,6983,Cádiz,11006,Cádiz,Cádiz
Fiat,Fiorino,Diésel,98100.0,80.0,manual,8750,Los Negrales,28430,Madrid,Los Negrales
Fiat,Fiorino,Diésel,98100.0,80.0,manual,8750,Los Negrales,28430,Madrid,Los Negrales
Fiat,Fiorino,Diésel,98100.0,80.0,manual,8750,Madrid,28046,Madrid,Madrid
Abarth,500,Gasolina,99995.0,140.0,automatic,13490,Alicante,3010,Alicante,Alicante
Abarth,500,Gasolina,99995.0,140.0,automatic,13490,Alicante,3010,Murcia,Alicante
Fiat,Fiorino,Diésel,98100.0,80.0,manual,8750,Alcorcón,28923,Madrid,Alcorcón
Alfa Romeo,MiTO,Diésel,168000.0,120.0,manual,7000,Rutis,15174,A Coruña,Rutis
Citroen,C1,Gasolina,72660.0,68.0,manual,5899,Barcelona,8007,Barcelona,Barcelona
Citroen,C1,Gasolina,72660.0,68.0,manual,5499,Barcelona,8007,Barcelona,Barcelona
Citroen,C1,Gasolina,60000.0,72.0,automatic,12990,Sevilla,41001,Sevilla,Sevilla
Mercedes-Benz,Clase C,Diésel,79000.0,194.0,automatic,29500,Elda,3600,Alicante,Elda
Mercedes-Benz,Clase C,Diésel,79000.0,194.0,automatic,29900,Elda,3600,Alicante,Elda
Mercedes-Benz,Clase C,Diésel,50039.0,160.0,automatic,36685,Santa Maria del Aguila,4710,Almería,Santa Maria del Aguila
Mercedes-Benz,Clase C,Gasolina,79994.0,211.0,automatic,27600,Almería,4001,Almería,Almería
Mercedes-Benz,Clase C,Gasolina,126856.0,143.0,manual,6950,Las Rozas de Madrid,28232,Madrid,Las Rozas de Madrid
Toyota,Prius,Eléctrico,164221.0,136.0,automatic,15900,Puerto de Sagunto,46520,Valencia,Puerto de Sagunto
Toyota,Prius,Eléctrico,44945.0,122.0,automatic,22900,Poligono Tres Caminos,11100,Cádiz,Poligono Tres Caminos
CUPRA,Formentor,Gasolina,24963.0,150.0,manual,27995,Mairena del Aljarafe,41927,Sevilla,Mairena del Aljarafe
CUPRA,Formentor,Gasolina,5707.0,150.0,manual,30490,Sabadell,8205,Barcelona,Sabadell
Fiat,Freemont,Diésel,127840.0,140.0,manual,10590,Sant Boi de Llobregat,8830,Barcelona,Sant Boi de Llobregat
Fiat,Freemont,Diésel,127840.0,140.0,manual,10590,Valencia,46002,Valencia,Valencia
Fiat,Freemont,Diésel,127840.0,140.0,manual,10590,Sevilla,41006,Sevilla,Sevilla
Mercedes-Benz,Clase C,Gasolina,79994.0,211.0,automatic,27600,A Coruña,15003,A Coruña,A Coruña
Mercedes-Benz,Clase C,Gasolina,79994.0,211.0,automatic,27600,Donostia-San Sebastián,20005,Gipuzkoa,Donostia-San Sebastián
Mercedes-Benz,Clase C,Gasolina,79994.0,211.0,automatic,27600,Santander,39002,Cantabria,Santander
Mercedes-Benz,Clase C,Diésel,50039.0,160.0,automatic,36685,Ciudad Real,13003,Ciudad Real,Ciudad Real
Mercedes-Benz,Clase C,Diésel,50039.0,160.0,automatic,36685,Santiago de Compostela,15703,A Coruña,Santiago de Compostela
Mercedes-Benz,Clase C,Gasolina,79994.0,211.0,automatic,27600,Valladolid,47004,Valladolid,Valladolid
BMW,Serie 6,Gasolina,161000.0,272.0,automatic,16500,Málaga,29006,Málaga,Málaga
Volvo,V90,Diésel,108000.0,149.0,manual,334,Gandía,46701,Valencia,Gandía
Mercedes-Benz,Clase C,Diésel,50039.0,160.0,automatic,36685,Granollers,8403,Barcelona,Granollers
Mercedes-Benz,Clase C,Diésel,50039.0,160.0,automatic,36685,Sant Vicenç de Montalt,8394,Barcelona,Sant Vicenç de Montalt
Mercedes-Benz,Clase C,Gasolina,79994.0,211.0,automatic,27600,Barcelona,8008,Barcelona,Barcelona
Mercedes-Benz,Clase C,Diésel,85829.0,170.0,automatic,35995,Puerto de Sagunto,46520,Valencia,Puerto de Sagunto
Mercedes-Benz,CLK,Gasolina,226097.0,170.0,manual,6500,La Pobla de Vallbona,46185,Valencia,La Pobla de Vallbona
Mercedes-Benz,CLK,Gasolina,226097.0,170.0,manual,6500,La Pobla de Vallbona,46185,Valencia,La Pobla de Vallbona
Nissan,Qashqai,Diésel,160344.0,110.0,manual,11990,Castellón,12001,Castellón,Castellón
Nissan,Qashqai,Diésel,160344.0,110.0,manual,11990,Silla,46460,Valencia,Silla
Mercedes-Benz,CLK,Gasolina,103000.0,163.0,manual,5500,Guadassuar,46610,Valencia,Guadassuar
Mercedes-Benz,CLK,Gasolina,270000.0,218.0,automatic,2000,El Esparragal,30163,Murcia,El Esparragal
Lancia,Ypsilon,Gasolina,131500.0,69.0,manual,4500,Valencia,46002,Valencia,Valencia
Nissan,Qashqai,Diésel,141790.0,150.0,manual,19590,Gijón,33206,Asturias,Gijón
SEAT,Leon,Diésel,150567.0,105.0,manual,10399,Madrid,28014,Madrid,Madrid
BMW,Serie 7,Diésel,250000.0,306.0,automatic,23990,Parla,28980,Madrid,Parla
BMW,Serie 7,Gasolina,161600.0,193.0,automatic,5000,Granda,33199,Asturias,Granda
BMW,Serie 7,Gasolina,161600.0,193.0,automatic,5000,Granda,33199,Asturias,Granda
Renault,Megane,Diésel,171527.0,110.0,manual,14000,Benicarló,12580,Castellón,Benicarló
Citroen,C4 SpaceTourer,Diésel,59000.0,130.0,manual,16490,Colonia Pablo Iglesias,28520,Madrid,Colonia Pablo Iglesias
Citroen,C4 SpaceTourer,Diésel,59000.0,130.0,manual,16490,Camarma de Esteruelas,28816,Madrid,Camarma de Esteruelas
Citroen,C4 SpaceTourer,Diésel,59000.0,130.0,manual,16490,Camarma de Esteruelas,28816,Madrid,Camarma de Esteruelas
Citroen,C4 SpaceTourer,Diésel,59000.0,130.0,manual,16490,Fuenlabrada,28947,Madrid,Fuenlabrada
Citroen,C8,Diésel,282000.0,138.0,manual,4990,Getafe,28906,Madrid,Getafe
Citroen,C8,Diésel,282000.0,138.0,manual,4490,Getafe,28906,Madrid,Getafe
Citroen,C8,Diésel,250000.0,138.0,manual,6500,Aranjuez,28300,Madrid,Aranjuez
Renault,Express,Diésel,278.0,75.0,manual,19990,Madrid,28021,Madrid,Madrid
Citroen,Grand C4 Picasso,Gasolina,72524.0,130.0,manual,15350,Estepona,29680,Málaga,Estepona
Citroen,Grand C4 Picasso,Gasolina,72524.0,130.0,manual,15350,Murcia,30003,Murcia,Murcia
Citroen,Grand C4 Picasso,Gasolina,72524.0,130.0,manual,15350,Olèrdola,8734,Barcelona,Olèrdola
Citroen,Grand C4 Picasso,Gasolina,72524.0,130.0,manual,15350,Olèrdola,8734,Barcelona,Olèrdola
Citroen,Grand C4 Picasso,Gasolina,72524.0,130.0,manual,15350,Castello/Castellon de La Plana,12100,Castellón,Castello/Castellon de La Plana
Citroen,Grand C4 Picasso,Gasolina,69995.0,130.0,manual,16990,Almería,4006,Almería,Almería
Citroen,Grand C4 Picasso,Gasolina,72524.0,130.0,manual,15350,Mercado Parque Corredor del Henares,28850,Madrid,Mercado Parque Corredor del Henares
Citroen,Grand C4 Picasso,Gasolina,72524.0,130.0,manual,15350,Granollers,8403,Barcelona,Granollers
Citroen,Grand C4 Picasso,Gasolina,72524.0,130.0,manual,15350,Alzira,46600,Valencia,Alzira
Citroen,Grand C4 Picasso,Gasolina,72524.0,130.0,manual,15350,Alzira,46600,Valencia,Alzira
Citroen,Grand C4 Picasso,Gasolina,72524.0,130.0,manual,15350,Valdepeñas,13300,Ciudad Real,Valdepeñas
Citroen,Grand C4 Picasso,Gasolina,72524.0,130.0,manual,15350,Valdepeñas,13300,Ciudad Real,Valdepeñas
Citroen,Grand C4 Picasso,Gasolina,69995.0,130.0,manual,16990,Toledo,45002,Toledo,Toledo
Citroen,Grand C4 Picasso,Gasolina,72524.0,130.0,manual,15350,Colonia Pablo Iglesias,28520,Madrid,Colonia Pablo Iglesias
Citroen,Grand C4 Picasso,Gasolina,72524.0,130.0,manual,15350,Alcalá de Guadaíra,41500,Sevilla,Alcalá de Guadaíra
Citroen,Grand C4 Picasso,Gasolina,72524.0,130.0,manual,15350,Paterna,46980,Valencia,Paterna
Citroen,Grand C4 Picasso,Diésel,271672.0,110.0,manual,3700,Valdecuenca,44122,Teruel,Valdecuenca
Citroen,Grand C4 Picasso,Diésel,271672.0,110.0,manual,3700,Valdecuenca,44122,Teruel,Valdecuenca
Citroen,Grand C4 Picasso,Diésel,271672.0,110.0,manual,3700,Valdecuenca,44122,Teruel,Valdecuenca
Citroen,Grand C4 Picasso,Diésel,244771.0,112.0,manual,3190,Madrid,28026,Madrid,Madrid
Citroen,Grand C4 Picasso,Gasolina,72524.0,130.0,manual,15350,Alcobendas,28100,Madrid,Alcobendas
Citroen,Grand C4 Picasso,Diésel,123136.0,115.0,automatic,12650,Torremolinos,29620,Málaga,Torremolinos
Citroen,Grand C4 Picasso,Diésel,123136.0,115.0,automatic,12650,Torremolinos,29620,Málaga,Torremolinos
Citroen,Grand C4 Picasso,Diésel,123136.0,115.0,automatic,12650,Torremolinos,29620,Málaga,Torremolinos
Citroen,Grand C4 Picasso,Diésel,140364.0,150.0,manual,15900,Torremolinos,29620,Málaga,Torremolinos
Citroen,Grand C4 Picasso,Diésel,140364.0,150.0,manual,15900,Torremolinos,29620,Málaga,Torremolinos
Citroen,Grand C4 Picasso,Diésel,140364.0,150.0,manual,15900,Torremolinos,29620,Málaga,Torremolinos
Citroen,Grand C4 Picasso,Gasolina,72524.0,130.0,manual,15350,Barcelona,8007,Barcelona,Barcelona
Citroen,Grand C4 Picasso,Gasolina,72524.0,130.0,manual,15350,Santiago de Compostela,15703,A Coruña,Santiago de Compostela
Citroen,Grand C4 Picasso,Gasolina,72524.0,130.0,manual,15350,Vigo,36214,Pontevedra,Vigo
Citroen,Grand C4 Picasso,Gasolina,72524.0,130.0,manual,15350,Badajoz,6008,Badajoz,Badajoz
Citroen,Grand C4 Picasso,Gasolina,72524.0,130.0,manual,15350,Saladar,3700,Alicante,Saladar
Citroen,Grand C4 Picasso,Diésel,123136.0,115.0,automatic,12650,Olèrdola,8734,Barcelona,Olèrdola
Citroen,Grand C4 Picasso,Diésel,123136.0,115.0,automatic,12650,Olèrdola,8734,Barcelona,Olèrdola
Citroen,Grand C4 Picasso,Gasolina,69995.0,130.0,manual,16990,Alicante,3010,Alicante,Alicante
Citroen,Grand C4 Picasso,Gasolina,69995.0,130.0,manual,16990,Alicante,3010,Murcia,Alicante
Citroen,Grand C4 Picasso,Gasolina,69995.0,130.0,manual,16990,Vigo,36211,Pontevedra,Vigo
Citroen,Grand C4 Picasso,Gasolina,69995.0,130.0,manual,16990,Granada,18005,Granada,Granada
Citroen,Grand C4 Picasso,Diésel,120486.0,120.0,automatic,14599,Barcelona,8007,Barcelona,Barcelona
Citroen,Grand C4 Picasso,Diésel,96390.0,120.0,manual,15699,Madrid,28014,Madrid,Madrid
Citroen,Grand C4 Picasso,Diésel,96390.0,120.0,manual,15399,Madrid,28014,Madrid,Madrid
Opel,ADAM,Gasolina,79146.0,100.0,manual,10990,Madrid,28021,Madrid,Madrid
Citroen,Xantia,Diésel,153640.0,92.0,manual,1500,Granda,33199,Asturias,Granda
Citroen,Xantia,Diésel,153640.0,92.0,manual,1500,Granda,33199,Asturias,Granda
Citroen,Saxo,Gasolina,170000.0,60.0,manual,900,Aljucer,30152,Murcia,Aljucer
Citroen,Saxo,Gasolina,170000.0,60.0,manual,750,Aljucer,30152,Murcia,Aljucer
Citroen,C3 Aircross,Diésel,53027.0,102.0,manual,18200,Olèrdola,8734,Barcelona,Olèrdola
Citroen,C3 Aircross,Diésel,53027.0,102.0,manual,18200,Olèrdola,8734,Barcelona,Olèrdola
Citroen,C3 Aircross,Gasolina,22593.0,110.0,manual,17480,Vigo,36214,Pontevedra,Vigo
Citroen,C3 Aircross,Gasolina,22593.0,110.0,manual,17480,Mercado Parque Corredor del Henares,28850,Madrid,Mercado Parque Corredor del Henares
Citroen,C3 Aircross,Gasolina,22593.0,110.0,manual,17480,Colonia Pablo Iglesias,28520,Madrid,Colonia Pablo Iglesias
Citroen,C3 Aircross,Diésel,53027.0,102.0,manual,18200,Colonia Pablo Iglesias,28520,Madrid,Colonia Pablo Iglesias
Citroen,C3 Picasso,Diésel,110333.0,99.0,manual,8990,Bilbao,48004,Bizkaia,Bilbao
Citroen,C3 Picasso,Diésel,110333.0,99.0,manual,8990,Sevilla,41005,Sevilla,Sevilla
Citroen,C3 Picasso,Gasolina,116034.0,110.0,manual,9690,Valencia,46002,Valencia,Valencia
Citroen,C3 Picasso,Gasolina,116034.0,110.0,manual,9690,Sevilla,41006,Sevilla,Sevilla
Citroen,C3 Picasso,Diésel,136296.0,114.0,manual,11990,La Canonja,43110,Tarragona,La Canonja
Citroen,C3 Picasso,Gasolina,112065.0,120.0,automatic,7490,Almería,4006,Almería,Almería
Citroen,C3 Picasso,Gasolina,112065.0,120.0,automatic,7490,Castellón,12001,Castellón,Castellón
Citroen,C3 Picasso,Gasolina,112065.0,120.0,automatic,7490,Valencia,46001,Valencia,Valencia
Citroen,C3 Picasso,Gasolina,112065.0,120.0,automatic,7490,Palma de Mallorca,7003,Baleares,Palma de Mallorca
Citroen,C3 Picasso,Gasolina,109000.0,110.0,manual,9950,Navalcarnero,28600,Madrid,Navalcarnero
Citroen,C3 Picasso,Diésel,172025.0,92.0,manual,6800,Alicante,3010,Alicante,Alicante
Citroen,C3 Picasso,Diésel,172025.0,92.0,manual,6800,Alicante,3010,Murcia,Alicante
Citroen,Nemo,Diésel,180000.0,75.0,manual,5500,Aranjuez,28300,Madrid,Aranjuez
Citroen,Nemo,Diésel,256052.0,75.0,manual,5990,Casas de Don Gómez,10818,Cáceres,Casas de Don Gómez
Citroen,Nemo,Diésel,256052.0,75.0,manual,5990,Casas de Don Gómez,10818,Cáceres,Casas de Don Gómez
Nissan,Terrano II,Diésel,205000.0,125.0,manual,5295,Almargen,29330,Málaga,Almargen
Nissan,Terrano II,Diésel,205000.0,125.0,manual,4995,Almargen,29330,Málaga,Almargen
Citroen,Nemo,Diésel,116000.0,75.0,manual,7190,Alcalá de Henares,28801,Madrid,Alcalá de Henares
Citroen,Nemo,Diésel,104000.0,80.0,manual,9900,Sabadell,8203,Barcelona,Sabadell
Citroen,Nemo,Diésel,231000.0,68.0,manual,5500,Torrelodones,28250,Madrid,Torrelodones
Citroen,Nemo,Diésel,231000.0,68.0,manual,5500,Torrelodones,28250,Madrid,Torrelodones
Citroen,Nemo,Diésel,81350.0,75.0,manual,6990,Málaga,29005,Málaga,Málaga
Citroen,Nemo,Diésel,81350.0,75.0,manual,6990,Sevilla,41017,Sevilla,Sevilla
Citroen,Nemo,Diésel,81350.0,75.0,manual,6990,Granada,18005,Granada,Granada
Citroen,Nemo,Diésel,81350.0,75.0,manual,6990,Vigo,36211,Pontevedra,Vigo
Citroen,Nemo,Diésel,81350.0,75.0,manual,6990,Bilbao,48004,Bizkaia,Bilbao
Citroen,Nemo,Diésel,81350.0,75.0,manual,6990,Almería,4006,Almería,Almería
Citroen,Nemo,Diésel,81350.0,75.0,manual,6990,Ciudad Real,13005,Ciudad Real,Ciudad Real
Citroen,Grand C4 SpaceTourer,Diésel,90930.0,130.0,manual,17400,Barcelona,8013,Barcelona,Barcelona
Citroen,Grand C4 SpaceTourer,Diésel,90930.0,130.0,manual,17400,Valencia,46003,Valencia,Valencia
Citroen,Grand C4 SpaceTourer,Diésel,90930.0,130.0,manual,17400,Málaga,29015,Málaga,Málaga
Citroen,Grand C4 SpaceTourer,Diésel,90930.0,130.0,manual,17400,Leganés,28914,Madrid,Leganés
Citroen,Grand C4 SpaceTourer,Diésel,90930.0,130.0,manual,17400,Leganés,28911,Madrid,Leganés
Citroen,Grand C4 SpaceTourer,Diésel,90930.0,130.0,manual,17400,Móstoles,28931,Madrid,Móstoles
Citroen,Grand C4 SpaceTourer,Gasolina,99950.0,130.0,manual,418,Madrid,28009,Madrid,Madrid
Citroen,Grand C4 SpaceTourer,Diésel,120911.0,130.0,manual,17900,Ciudad Real,13003,Ciudad Real,Ciudad Real
Citroen,Grand C4 SpaceTourer,Diésel,120911.0,130.0,manual,17900,Getafe,28906,Madrid,Getafe
Citroen,Grand C4 SpaceTourer,Diésel,120911.0,130.0,manual,17900,Santiago de Compostela,15703,A Coruña,Santiago de Compostela
Citroen,Grand C4 SpaceTourer,Diésel,120911.0,130.0,manual,17900,Vigo,36214,Pontevedra,Vigo
Citroen,Grand C4 SpaceTourer,Diésel,120911.0,130.0,manual,17900,Badajoz,6008,Badajoz,Badajoz
Citroen,Grand C4 SpaceTourer,Diésel,120911.0,130.0,manual,17900,Santafe,18320,Granada,Santafe
Citroen,Grand C4 SpaceTourer,Diésel,120911.0,130.0,manual,17900,Castello/Castellon de La Plana,12100,Castellón,Castello/Castellon de La Plana
Citroen,Grand C4 SpaceTourer,Diésel,120911.0,130.0,manual,17900,Olèrdola,8734,Barcelona,Olèrdola
Citroen,Grand C4 SpaceTourer,Diésel,120911.0,130.0,manual,17900,Olèrdola,8734,Barcelona,Olèrdola
Citroen,Grand C4 SpaceTourer,Diésel,64790.0,120.0,manual,17499,Madrid,28014,Madrid,Madrid
Citroen,Grand C4 SpaceTourer,Diésel,64790.0,120.0,manual,17499,Barcelona,8007,Barcelona,Barcelona
Citroen,Grand C4 SpaceTourer,Diésel,90930.0,130.0,manual,17400,A Coruña,15003,A Coruña,A Coruña
Citroen,Grand C4 SpaceTourer,Diésel,90930.0,130.0,manual,17400,Donostia-San Sebastián,20005,Gipuzkoa,Donostia-San Sebastián
Citroen,Grand C4 SpaceTourer,Diésel,90930.0,130.0,manual,17400,Zaragoza,50003,Zaragoza,Zaragoza
Citroen,Grand C4 SpaceTourer,Diésel,111829.0,130.0,manual,17790,Madrid,28021,Madrid,Madrid
Citroen,Grand C4 SpaceTourer,Gasolina,23721.0,130.0,manual,22425,Mercado Parque Corredor del Henares,28850,Madrid,Mercado Parque Corredor del Henares
Citroen,C1,Gasolina,20876.0,72.0,manual,14892,Murcia,30003,Murcia,Murcia
Citroen,C1,Gasolina,20876.0,72.0,manual,14892,Olèrdola,8734,Barcelona,Olèrdola
Citroen,C1,Gasolina,20876.0,72.0,manual,14892,Olèrdola,8734,Barcelona,Olèrdola
Citroen,C1,Gasolina,20876.0,72.0,manual,14892,Barcelona,8007,Barcelona,Barcelona
Citroen,C1,Gasolina,20876.0,72.0,manual,14892,Atarrabia,31610,Navarra,Atarrabia
Citroen,C1,Gasolina,20876.0,72.0,manual,14892,Alameda del Obispo,14005,Córdoba,Alameda del Obispo
Citroen,C1,Gasolina,20876.0,72.0,manual,14892,Mercabilbao,48970,Bizkaia,Mercabilbao
Citroen,C1,Gasolina,20876.0,72.0,manual,14892,Zaragoza,50013,Zaragoza,Zaragoza
Citroen,C1,Gasolina,20876.0,72.0,manual,14892,Alzira,46600,Valencia,Alzira
Citroen,C1,Gasolina,20876.0,72.0,manual,14892,Alzira,46600,Valencia,Alzira
Citroen,C1,Gasolina,72660.0,68.0,manual,5899,Madrid,28014,Madrid,Madrid
Citroen,C1,Gasolina,72660.0,68.0,manual,5499,Madrid,28014,Madrid,Madrid
Citroen,C1,Gasolina,18600.0,82.0,manual,9990,Málaga,29005,Málaga,Málaga
Citroen,C1,Gasolina,18600.0,82.0,manual,9990,Valencia,46001,Valencia,Valencia
Citroen,C1,Gasolina,52559.0,82.0,manual,11599,Madrid,28014,Madrid,Madrid
Citroen,C1,Gasolina,41145.0,72.0,manual,10990,Bigues,8415,Barcelona,Bigues
Citroen,C1,Gasolina,41145.0,72.0,manual,9990,Bigues,8415,Barcelona,Bigues
Citroen,C1,Gasolina,15500.0,68.0,manual,5990,Navalcarnero,28600,Madrid,Navalcarnero
Citroen,C3,Diésel,107635.0,70.0,manual,2890,Madrid,28026,Madrid,Madrid
Citroen,C3,Diésel,179317.0,92.0,manual,8900,Lebrija,41740,Sevilla,Lebrija
Nissan,Atleon,Diésel,250000.0,150.0,manual,17000,Sant Vicenç dels Horts,8620,Barcelona,Sant Vicenç dels Horts
Citroen,C3,Diésel,66089.0,92.0,manual,10190,Lebrija,41740,Sevilla,Lebrija
Citroen,C3,Gasolina,25000.0,110.0,manual,16900,Ajalvir,28864,Madrid,Ajalvir
Citroen,C3,Diésel,73000.0,99.0,manual,324,Sevilla,41018,Sevilla,Sevilla
Citroen,C3,Diésel,73000.0,99.0,manual,209,Gandía,46701,Valencia,Gandía
Citroen,C3,Gasolina,46000.0,81.0,manual,304,Valencia,46005,Valencia,Valencia
Citroen,C3,Gasolina,41573.0,82.0,manual,13455,Puerto de Sagunto,46520,Valencia,Puerto de Sagunto
Citroen,C3,Diésel,50163.0,75.0,manual,11200,Rivas Vaciamadrid,28521,Madrid,Rivas Vaciamadrid
Citroen,C3,Gasolina,46685.0,82.0,manual,12900,Torremolinos,29620,Málaga,Torremolinos
Citroen,C3,Gasolina,46685.0,82.0,manual,12900,Torremolinos,29620,Málaga,Torremolinos
Citroen,C3,Gasolina,46685.0,82.0,manual,12900,Torremolinos,29620,Málaga,Torremolinos
Citroen,C3,Gasolina,41573.0,82.0,manual,13455,Torremolinos,29620,Málaga,Torremolinos
Citroen,C3,Gasolina,41573.0,82.0,manual,13455,Torremolinos,29620,Málaga,Torremolinos
Citroen,C3,Gasolina,41573.0,82.0,manual,13455,Torremolinos,29620,Málaga,Torremolinos
Citroen,C3,Gasolina,41573.0,82.0,manual,13455,Ciudad Real,13003,Ciudad Real,Ciudad Real
Citroen,C3,Gasolina,41573.0,82.0,manual,13455,Barcelona,8007,Barcelona,Barcelona
Citroen,C3,Gasolina,41573.0,82.0,manual,13455,Santiago de Compostela,15703,A Coruña,Santiago de Compostela
Citroen,C3,Gasolina,41573.0,82.0,manual,13455,Albacete,2001,Albacete,Albacete
Citroen,C3,Gasolina,41573.0,82.0,manual,13455,Vigo,36214,Pontevedra,Vigo
Citroen,C3,Gasolina,41573.0,82.0,manual,13455,Badajoz,6008,Badajoz,Badajoz
Citroen,C3,Gasolina,134583.0,95.0,automatic,8290,Madrid,28046,Madrid,Madrid
Citroen,C3,Gasolina,25000.0,110.0,manual,14990,Almería,4006,Almería,Almería
Citroen,C3,Diésel,117300.0,99.0,manual,11990,Sevilla,41005,Sevilla,Sevilla
Citroen,C3,Diésel,117300.0,99.0,manual,11990,Vigo,36211,Pontevedra,Vigo
Citroen,C3,Gasolina,43000.0,83.0,manual,12990,Sevilla,41005,Sevilla,Sevilla
Citroen,C3,Gasolina,61685.0,82.0,manual,10990,Vigo,36211,Pontevedra,Vigo
Citroen,C3,Diésel,117300.0,99.0,manual,11990,Alicante,3010,Alicante,Alicante
Citroen,C3,Diésel,117300.0,99.0,manual,11990,Alicante,3010,Murcia,Alicante
Citroen,C3,Gasolina,43000.0,83.0,manual,12990,Vigo,36211,Pontevedra,Vigo
Citroen,C3,Gasolina,43000.0,83.0,manual,12990,Alicante,3010,Alicante,Alicante
Citroen,C3,Gasolina,43000.0,83.0,manual,12990,Alicante,3010,Murcia,Alicante
Citroen,C3,Diésel,117300.0,99.0,manual,11990,Almería,4006,Almería,Almería
Citroen,C3,Gasolina,25000.0,110.0,manual,14990,Bilbao,48004,Bizkaia,Bilbao
Citroen,C3,Gasolina,43000.0,83.0,manual,12990,Almería,4006,Almería,Almería
Citroen,C3,Diésel,117300.0,99.0,manual,11990,Bilbao,48004,Bizkaia,Bilbao
Citroen,C3,Gasolina,57300.0,82.0,manual,8990,Òrrius,8317,Barcelona,Òrrius
Citroen,Jumpy,Diésel,93000.0,100.0,manual,18450,Burjassot,46100,Valencia,Burjassot
Citroen,Jumpy,Diésel,93000.0,100.0,manual,18450,Valdefuentes,28939,Madrid,Valdefuentes
Citroen,Jumpy,Diésel,93000.0,100.0,manual,18450,Valdefuentes,28939,Madrid,Valdefuentes
Citroen,Jumpy,Diésel,93000.0,100.0,manual,18450,Terrassa,8223,Barcelona,Terrassa
Citroen,Jumpy,Diésel,26000.0,120.0,manual,36300,Sant Fruitós de Bages,8272,Barcelona,Sant Fruitós de Bages
Citroen,Jumpy,Diésel,147000.0,122.0,manual,14500,Pamplona/Iruña,31006,Navarra,Pamplona/Iruña
Citroen,Jumpy,Diésel,95000.0,120.0,manual,23990,Parla,28984,Madrid,Parla
Citroen,Jumpy,Diésel,102380.0,95.0,manual,20585,Albacete,2001,Albacete,Albacete
Citroen,Jumpy,Diésel,102380.0,95.0,manual,20585,Vigo,36214,Pontevedra,Vigo
Citroen,Jumpy,Diésel,102380.0,95.0,manual,20585,Badajoz,6008,Badajoz,Badajoz
Citroen,Jumpy,Diésel,102380.0,95.0,manual,20585,Saladar,3700,Alicante,Saladar
Citroen,Jumpy,Diésel,102380.0,95.0,manual,20585,Santafe,18320,Granada,Santafe
Citroen,Jumpy,Diésel,102380.0,95.0,manual,20585,Murcia,30003,Murcia,Murcia
Citroen,Jumpy,Diésel,102380.0,95.0,manual,20585,Olèrdola,8734,Barcelona,Olèrdola
Citroen,Jumpy,Diésel,102380.0,95.0,manual,20585,Olèrdola,8734,Barcelona,Olèrdola
Citroen,Jumpy,Diésel,102380.0,95.0,manual,20585,Mercado Parque Corredor del Henares,28850,Madrid,Mercado Parque Corredor del Henares
Citroen,Jumpy,Diésel,102380.0,95.0,manual,20585,Granollers,8403,Barcelona,Granollers
Citroen,Jumpy,Diésel,192.0,150.0,manual,14500,Montequinto,41089,Sevilla,Montequinto
Citroen,Jumpy,Diésel,81000.0,102.0,manual,20990,San Luis de Sabinillas,29692,Málaga,San Luis de Sabinillas
Citroen,Jumpy,Diésel,81000.0,102.0,manual,20990,San Luis de Sabinillas,29692,Málaga,San Luis de Sabinillas
Citroen,C2,Gasolina,103.0,60.0,manual,3890,Martiartu,48480,Bizkaia,Martiartu
Citroen,C2,Gasolina,103.0,60.0,manual,3890,Martiartu,48480,Bizkaia,Martiartu
Citroen,C2,Diésel,261880.0,70.0,manual,1600,Madrid,28026,Madrid,Madrid
Citroen,C4 SpaceTourer,Diésel,154779.0,130.0,manual,16490,Madrid,28021,Madrid,Madrid
Citroen,C4 SpaceTourer,Diésel,83928.0,131.0,manual,19499,Barcelona,8007,Barcelona,Barcelona
Citroen,C4 SpaceTourer,Diésel,37240.0,131.0,manual,20699,Barcelona,8007,Barcelona,Barcelona
Citroen,C4 SpaceTourer,Diésel,83928.0,131.0,manual,19499,Madrid,28014,Madrid,Madrid
Citroen,C4 SpaceTourer,Diésel,37240.0,131.0,manual,20699,Madrid,28014,Madrid,Madrid
Citroen,C4 SpaceTourer,Diésel,123758.0,120.0,manual,14890,Gijón,33206,Asturias,Gijón
Citroen,C4 SpaceTourer,Diésel,123758.0,120.0,manual,13890,Sevilla,41006,Sevilla,Sevilla
Citroen,C4 SpaceTourer,Diésel,123758.0,120.0,manual,13890,Torrejón de Ardoz,28850,Madrid,Torrejón de Ardoz
Citroen,C4 SpaceTourer,Diésel,123758.0,120.0,manual,13890,Valencia,46002,Valencia,Valencia
Citroen,C4 SpaceTourer,Diésel,123758.0,120.0,manual,13890,Sant Boi de Llobregat,8830,Barcelona,Sant Boi de Llobregat
Citroen,C4 SpaceTourer,Diésel,100304.0,120.0,automatic,16905,Olèrdola,8734,Barcelona,Olèrdola
Citroen,C4 SpaceTourer,Diésel,100304.0,120.0,automatic,16905,Olèrdola,8734,Barcelona,Olèrdola
Citroen,C4 SpaceTourer,Diésel,100304.0,120.0,automatic,16905,Santa Maria del Aguila,4710,Almería,Santa Maria del Aguila
Citroen,C4 SpaceTourer,Diésel,100304.0,120.0,automatic,16905,Sant Vicenç de Montalt,8394,Barcelona,Sant Vicenç de Montalt
Citroen,C4 SpaceTourer,Diésel,47855.0,120.0,manual,17767,Murcia,30003,Murcia,Murcia
Citroen,C4 SpaceTourer,Diésel,148388.0,116.0,automatic,13690,Valencia,46002,Valencia,Valencia
Citroen,C4 SpaceTourer,Diésel,148388.0,116.0,automatic,13690,Sevilla,41006,Sevilla,Sevilla
Citroen,C4 SpaceTourer,Diésel,148388.0,116.0,automatic,13690,Sant Boi de Llobregat,8830,Barcelona,Sant Boi de Llobregat
Citroen,C4 SpaceTourer,Diésel,148388.0,116.0,automatic,13690,Torrejón de Ardoz,28850,Madrid,Torrejón de Ardoz
Citroen,C4 SpaceTourer,Gasolina,82000.0,165.0,automatic,20400,Sedaví,46910,Valencia,Sedaví
Citroen,C4 SpaceTourer,Gasolina,82000.0,165.0,automatic,20400,Sedaví,46910,Valencia,Sedaví
Citroen,C4 SpaceTourer,Gasolina,82000.0,165.0,automatic,20400,Sedaví,46910,Valencia,Sedaví
Citroen,C4 SpaceTourer,Gasolina,82000.0,165.0,automatic,20400,Sedaví,46910,Valencia,Sedaví
Citroen,C4 SpaceTourer,Diésel,102990.0,120.0,manual,15990,San Sebastián de Los Reyes,28700,Madrid,San Sebastián de Los Reyes
Citroen,C4 SpaceTourer,Diésel,53266.0,131.0,manual,22900,Torrent,46900,Valencia,Torrent
Citroen,C4 SpaceTourer,Diésel,53266.0,131.0,manual,20900,Torrent,46900,Valencia,Torrent
Citroen,C4 SpaceTourer,Diésel,192091.0,120.0,manual,11990,Móstoles,28932,Madrid,Móstoles
Citroen,C4 SpaceTourer,Diésel,59000.0,130.0,manual,16490,Granada,18005,Granada,Granada
Citroen,C4 SpaceTourer,Diésel,59000.0,130.0,manual,16490,Vigo,36211,Pontevedra,Vigo
Citroen,C4 SpaceTourer,Diésel,59000.0,130.0,manual,16490,Sevilla,41005,Sevilla,Sevilla
Citroen,C4 SpaceTourer,Diésel,59000.0,130.0,manual,16490,Murcia,30005,Murcia,Murcia
Citroen,C4 SpaceTourer,Diésel,59000.0,130.0,manual,16490,Almería,4006,Almería,Almería
Citroen,C4 SpaceTourer,Diésel,59000.0,130.0,manual,16490,Alicante,3010,Alicante,Alicante
Citroen,C4 SpaceTourer,Diésel,59000.0,130.0,manual,16490,Alicante,3010,Murcia,Alicante
Citroen,C3 Aircross,Diésel,53027.0,102.0,manual,18200,Sant Vicenç de Montalt,8394,Barcelona,Sant Vicenç de Montalt
Citroen,C3 Aircross,Diésel,53027.0,102.0,manual,18200,Estepona,29680,Málaga,Estepona
Citroen,C3 Aircross,Diésel,53027.0,102.0,manual,18200,Murcia,30003,Murcia,Murcia
Citroen,C3 Aircross,Gasolina,22593.0,110.0,manual,17480,Granollers,8403,Barcelona,Granollers
Citroen,C3 Aircross,Diésel,53027.0,102.0,manual,18200,Saladar,3700,Alicante,Saladar
Citroen,C3 Aircross,Gasolina,22593.0,110.0,manual,17480,Ciudad Real,13003,Ciudad Real,Ciudad Real
Citroen,C3 Aircross,Gasolina,22593.0,110.0,manual,17480,Valdepeñas,13300,Ciudad Real,Valdepeñas
Citroen,C3 Aircross,Gasolina,22593.0,110.0,manual,17480,Valdepeñas,13300,Ciudad Real,Valdepeñas
Citroen,C3 Aircross,Diésel,53027.0,102.0,manual,18200,Santa Maria del Aguila,4710,Almería,Santa Maria del Aguila
Citroen,C3 Aircross,Diésel,53027.0,102.0,manual,18200,Las Rozas de Madrid,28232,Madrid,Las Rozas de Madrid
Citroen,C3 Aircross,Gasolina,22593.0,110.0,manual,17480,Paterna,46980,Valencia,Paterna
Citroen,C3 Aircross,Gasolina,22593.0,110.0,manual,17480,Alcalá de Guadaíra,41500,Sevilla,Alcalá de Guadaíra
Citroen,C3 Aircross,Gasolina,22593.0,110.0,manual,17480,Puerto de Sagunto,46520,Valencia,Puerto de Sagunto
Citroen,C3 Aircross,Gasolina,48000.0,130.0,manual,419,Sevilla,41018,Sevilla,Sevilla
Citroen,C3 Aircross,Diésel,45891.0,102.0,manual,15490,Vigo,36211,Pontevedra,Vigo
Citroen,C3 Aircross,Diésel,34652.0,120.0,automatic,16399,Madrid,28014,Madrid,Madrid
Citroen,C3 Aircross,Gasolina,39433.0,110.0,manual,16962,Olèrdola,8734,Barcelona,Olèrdola
Citroen,C3 Aircross,Gasolina,39433.0,110.0,manual,16962,Olèrdola,8734,Barcelona,Olèrdola
Citroen,C3 Aircross,Diésel,45891.0,102.0,manual,15490,Valencia,46001,Valencia,Valencia
Citroen,C3 Aircross,Diésel,45891.0,102.0,manual,15490,Palma de Mallorca,7003,Baleares,Palma de Mallorca
Citroen,C3 Aircross,Gasolina,39433.0,110.0,manual,16962,Alzira,46600,Valencia,Alzira
Citroen,C3 Aircross,Gasolina,39433.0,110.0,manual,16962,Alzira,46600,Valencia,Alzira
Citroen,C3 Aircross,Gasolina,39433.0,110.0,manual,16962,Castello/Castellon de La Plana,12100,Castellón,Castello/Castellon de La Plana
Citroen,C3 Aircross,Gasolina,39433.0,110.0,manual,16962,Albacete,2001,Albacete,Albacete
Citroen,SpaceTourer,Diésel,61220.0,150.0,manual,32290,Málaga,29005,Málaga,Málaga
Citroen,SpaceTourer,Diésel,75000.0,115.0,manual,24490,Santander,39010,Cantabria,Santander
Citroen,SpaceTourer,Diésel,75000.0,115.0,manual,24490,Armentia,1007,Álava,Armentia
Citroen,SpaceTourer,Diésel,75000.0,115.0,manual,24490,Pamplona/Iruña,31001,Navarra,Pamplona/Iruña
Citroen,SpaceTourer,Diésel,75000.0,115.0,manual,24490,Donostia-San Sebastián,20006,Gipuzkoa,Donostia-San Sebastián
Citroen,SpaceTourer,Diésel,55940.0,115.0,manual,23990,Estepona,29680,Málaga,Estepona
Citroen,SpaceTourer,Diésel,55940.0,115.0,manual,22990,Estepona,29680,Málaga,Estepona
Citroen,SpaceTourer,Diésel,91327.0,115.0,manual,29850,Mercado Parque Corredor del Henares,28850,Madrid,Mercado Parque Corredor del Henares
Citroen,SpaceTourer,Diésel,91327.0,115.0,manual,29850,Collado Villalba,28400,Madrid,Collado Villalba
Citroen,SpaceTourer,Diésel,91327.0,115.0,manual,29850,Collado Villalba,28400,Madrid,Collado Villalba
Citroen,SpaceTourer,Diésel,91327.0,115.0,manual,29850,Sant Vicenç de Montalt,8394,Barcelona,Sant Vicenç de Montalt
Citroen,SpaceTourer,Diésel,91327.0,115.0,manual,29850,Ciudad Real,13003,Ciudad Real,Ciudad Real
Citroen,SpaceTourer,Diésel,91327.0,115.0,manual,29850,Estepona,29680,Málaga,Estepona
Citroen,SpaceTourer,Diésel,91327.0,115.0,manual,29850,Getafe,28906,Madrid,Getafe
Citroen,SpaceTourer,Diésel,91327.0,115.0,manual,29850,Colonia Pablo Iglesias,28520,Madrid,Colonia Pablo Iglesias
KIA,Stinger,Diésel,32733.0,200.0,automatic,25990,Alicante,3010,Alicante,Alicante
KIA,Stinger,Diésel,32733.0,200.0,automatic,25990,Alicante,3010,Murcia,Alicante
KIA,Stinger,Diésel,32733.0,200.0,automatic,25990,Murcia,30005,Murcia,Murcia
KIA,Stinger,Diésel,32733.0,200.0,automatic,25990,Almería,4006,Almería,Almería
Citroen,SpaceTourer,Diésel,91327.0,115.0,manual,29850,Torremolinos,29620,Málaga,Torremolinos
Citroen,SpaceTourer,Diésel,91327.0,115.0,manual,29850,Torremolinos,29620,Málaga,Torremolinos
Citroen,SpaceTourer,Diésel,91327.0,115.0,manual,29850,Torremolinos,29620,Málaga,Torremolinos
Citroen,SpaceTourer,Diésel,78540.0,150.0,manual,31700,Lleida,25001,Lleida,Lleida
Citroen,Jumper,Diésel,98886.0,110.0,manual,16900,Getafe,28906,Madrid,Getafe
Citroen,Jumper,Diésel,98886.0,110.0,manual,16900,Zaragoza,50013,Zaragoza,Zaragoza
Citroen,Jumper,Diésel,98886.0,110.0,manual,16900,Alameda del Obispo,14005,Córdoba,Alameda del Obispo
Citroen,Jumper,Diésel,253054.0,160.0,manual,17490,Colonia Pablo Iglesias,28520,Madrid,Colonia Pablo Iglesias
Citroen,Jumper,Diésel,253054.0,160.0,manual,17490,Bilbao,48004,Bizkaia,Bilbao
Citroen,Jumper,Diésel,253054.0,160.0,manual,17490,Sevilla,41005,Sevilla,Sevilla
Citroen,Jumper,Diésel,253054.0,160.0,manual,17490,Málaga,29005,Málaga,Málaga
Citroen,Jumper,Diésel,253054.0,160.0,manual,17490,Camarma de Esteruelas,28816,Madrid,Camarma de Esteruelas
Citroen,Jumper,Diésel,253054.0,160.0,manual,17490,Camarma de Esteruelas,28816,Madrid,Camarma de Esteruelas
Citroen,Jumper,Diésel,253054.0,160.0,manual,17490,Collado Villalba,28400,Madrid,Collado Villalba
Citroen,Jumper,Diésel,253054.0,160.0,manual,17490,Collado Villalba,28400,Madrid,Collado Villalba
Citroen,Jumper,Diésel,98886.0,110.0,manual,16900,Albacete,2001,Albacete,Albacete
Citroen,Jumper,Diésel,98886.0,110.0,manual,16900,Vigo,36214,Pontevedra,Vigo
Citroen,Jumper,Diésel,98886.0,110.0,manual,16900,Hidraulica Santillana,28770,Madrid,Hidraulica Santillana
Mercedes-Benz,GLA,Diésel,53000.0,170.0,automatic,27500,Arenys de Mar,8350,Barcelona,Arenys de Mar
Mercedes-Benz,GLA,Diésel,53000.0,170.0,automatic,27500,Arenys de Mar,8350,Barcelona,Arenys de Mar
Citroen,Jumper,Diésel,98886.0,110.0,manual,16900,Badajoz,6008,Badajoz,Badajoz
Citroen,Jumper,Diésel,98886.0,110.0,manual,16900,Santafe,18320,Granada,Santafe
Citroen,Jumper,Diésel,98886.0,110.0,manual,16900,Murcia,30003,Murcia,Murcia
Citroen,Jumper,Diésel,98886.0,110.0,manual,16900,Castello/Castellon de La Plana,12100,Castellón,Castello/Castellon de La Plana
Citroen,Jumper,Diésel,98886.0,110.0,manual,16900,Olèrdola,8734,Barcelona,Olèrdola
Citroen,Jumper,Diésel,98886.0,110.0,manual,16900,Olèrdola,8734,Barcelona,Olèrdola
Citroen,Jumper,Diésel,98886.0,110.0,manual,16900,Mercado Parque Corredor del Henares,28850,Madrid,Mercado Parque Corredor del Henares
Citroen,Jumper,Diésel,98886.0,110.0,manual,16900,Granollers,8403,Barcelona,Granollers
Citroen,Jumper,Diésel,98886.0,110.0,manual,16900,Alzira,46600,Valencia,Alzira
Citroen,Jumper,Diésel,98886.0,110.0,manual,16900,Alzira,46600,Valencia,Alzira
Citroen,Jumper,Diésel,98886.0,110.0,manual,16900,Alicante,3007,Alicante,Alicante
Citroen,C4,Gasolina,4849.0,130.0,manual,21990,Madrid,28021,Madrid,Madrid
Jaguar,X-Type,Diésel,353722.0,130.0,manual,1590,Madrid,28026,Madrid,Madrid
Citroen,C4,Gasolina,24019.0,130.0,automatic,23920,Barcelona,8007,Barcelona,Barcelona
Citroen,C4,Gasolina,24019.0,130.0,automatic,23920,Getafe,28906,Madrid,Getafe
Citroen,C4,Diésel,128651.0,114.0,manual,8490,Málaga,29005,Málaga,Málaga
Citroen,C4,Gasolina,106410.0,110.0,manual,10990,Jaén,23008,Jaén,Jaén
Citroen,C4,Diésel,160000.0,120.0,manual,13900,Santiago de Compostela,15707,A Coruña,Santiago de Compostela
Citroen,C4,Gasolina,70000.0,120.0,manual,7495,Madrid,28043,Madrid,Madrid
Dacia,Sandero,Gasolina,109000.0,90.0,manual,7990,Bilbao,48004,Bizkaia,Bilbao
Citroen,C4,Gasolina,102654.0,110.0,manual,8990,Badajoz,6003,Badajoz,Badajoz
Citroen,C4,Diésel,86435.0,120.0,manual,10340,Urbanizacion La Granjilla,28700,Madrid,Urbanizacion La Granjilla
Citroen,C4,Diésel,86435.0,120.0,manual,10340,Granada,18005,Granada,Granada
Citroen,C4,Gasolina,102654.0,110.0,manual,8990,Murcia,30005,Murcia,Murcia
Citroen,C4,Diésel,86435.0,120.0,manual,10340,Murcia,30005,Murcia,Murcia
Citroen,C4,Gasolina,102654.0,110.0,manual,8990,Málaga,29005,Málaga,Málaga
Citroen,C4,Diésel,86435.0,120.0,manual,10340,Valencia,46001,Valencia,Valencia
Citroen,C4,Diésel,86435.0,120.0,manual,10340,Málaga,29005,Málaga,Málaga
Citroen,DS3,Diésel,72870.0,92.0,manual,9450,Las Rozas de Madrid,28232,Madrid,Las Rozas de Madrid
Citroen,DS3,Diésel,61834.0,68.0,manual,9850,Las Rozas de Madrid,28232,Madrid,Las Rozas de Madrid
Citroen,DS3,Diésel,41582.0,92.0,manual,10190,Leganés,28916,Madrid,Leganés
Citroen,DS3,Diésel,41582.0,92.0,manual,10190,Madrid,28046,Madrid,Madrid
Citroen,C5 Aircross,Gasolina,68805.0,131.0,manual,18490,Granada,18005,Granada,Granada
Citroen,C5 Aircross,Gasolina,68805.0,131.0,manual,18490,Murcia,30005,Murcia,Murcia
Citroen,C5 Aircross,Gasolina,24259.0,131.0,manual,23920,Barcelona,8007,Barcelona,Barcelona
Citroen,C5 Aircross,Gasolina,17486.0,131.0,manual,22990,Alicante,3010,Alicante,Alicante
Citroen,C5 Aircross,Gasolina,17486.0,131.0,manual,22990,Alicante,3010,Murcia,Alicante
Citroen,C5 Aircross,Gasolina,17486.0,131.0,manual,22990,Vigo,36211,Pontevedra,Vigo
Citroen,C5 Aircross,Gasolina,17486.0,131.0,manual,22990,Granada,18005,Granada,Granada
Citroen,C5 Aircross,Gasolina,17486.0,131.0,manual,22990,Murcia,30005,Murcia,Murcia
Citroen,C5 Aircross,Gasolina,17486.0,131.0,manual,22990,Bilbao,48004,Bizkaia,Bilbao
Citroen,C5 Aircross,Gasolina,17486.0,131.0,manual,22990,Jaén,23008,Jaén,Jaén
Citroen,C5 Aircross,Gasolina,17486.0,131.0,manual,22990,Sevilla,41005,Sevilla,Sevilla
Citroen,C5 Aircross,Diésel,75575.0,177.0,automatic,24490,Sevilla,41005,Sevilla,Sevilla
Citroen,C5 Aircross,Diésel,75575.0,177.0,automatic,24490,Almería,4006,Almería,Almería
Citroen,C5 Aircross,Gasolina,17486.0,131.0,manual,22990,Valencia,46001,Valencia,Valencia
Citroen,C5 Aircross,Gasolina,17486.0,131.0,manual,22990,Málaga,29005,Málaga,Málaga
Citroen,Berlingo,Diésel,94414.0,102.0,manual,17500,Antequera,29200,Málaga,Antequera
Citroen,Berlingo,Diésel,94414.0,102.0,manual,18500,Antequera,29200,Málaga,Antequera
Citroen,Berlingo,Diésel,39177.0,100.0,manual,21505,Olèrdola,8734,Barcelona,Olèrdola
Citroen,Berlingo,Diésel,39177.0,100.0,manual,21505,Olèrdola,8734,Barcelona,Olèrdola
Citroen,Berlingo,Diésel,110000.0,75.0,manual,187,Barcelona,8007,Barcelona,Barcelona
Citroen,Berlingo,Diésel,110000.0,75.0,manual,253,Madrid,28006,Madrid,Madrid
Citroen,Berlingo,Diésel,39177.0,100.0,manual,21505,Puerto de Sagunto,46520,Valencia,Puerto de Sagunto
Citroen,Berlingo,Diésel,39177.0,100.0,manual,21505,Torremolinos,29620,Málaga,Torremolinos
Citroen,Berlingo,Diésel,39177.0,100.0,manual,21505,Torremolinos,29620,Málaga,Torremolinos
Citroen,Berlingo,Diésel,39177.0,100.0,manual,21505,Torremolinos,29620,Málaga,Torremolinos
Citroen,Berlingo,Diésel,39177.0,100.0,manual,21505,Ciudad Real,13003,Ciudad Real,Ciudad Real
Citroen,Berlingo,Diésel,39177.0,100.0,manual,21505,Barcelona,8007,Barcelona,Barcelona
Citroen,Berlingo,Diésel,39177.0,100.0,manual,21505,Getafe,28906,Madrid,Getafe
Citroen,Berlingo,Diésel,39177.0,100.0,manual,21505,Albacete,2001,Albacete,Albacete
Citroen,Berlingo,Diésel,39177.0,100.0,manual,21505,Vigo,36214,Pontevedra,Vigo
Citroen,Berlingo,Diésel,39177.0,100.0,manual,21505,Hidraulica Santillana,28770,Madrid,Hidraulica Santillana
Citroen,Berlingo,Diésel,39177.0,100.0,manual,21505,Badajoz,6008,Badajoz,Badajoz
Citroen,Berlingo,Diésel,58980.0,102.0,manual,17990,Almería,4006,Almería,Almería
Citroen,Berlingo,Diésel,39177.0,100.0,manual,21505,Santafe,18320,Granada,Santafe
Citroen,Berlingo,Diésel,39177.0,100.0,manual,21505,Murcia,30003,Murcia,Murcia
Citroen,Berlingo,Diésel,39177.0,100.0,manual,21505,Castello/Castellon de La Plana,12100,Castellón,Castello/Castellon de La Plana
Citroen,Berlingo,Diésel,34470.0,102.0,manual,20399,Madrid,28014,Madrid,Madrid
Citroen,Berlingo,Diésel,34470.0,102.0,manual,20399,Barcelona,8007,Barcelona,Barcelona
Citroen,Berlingo,Diésel,72447.0,102.0,manual,21999,Madrid,28014,Madrid,Madrid
Citroen,Berlingo,Diésel,72447.0,102.0,manual,21999,Barcelona,8007,Barcelona,Barcelona
Citroen,Berlingo,Diésel,75548.0,102.0,manual,22999,Madrid,28014,Madrid,Madrid
Citroen,Berlingo,Diésel,58525.0,100.0,manual,15990,Málaga,29005,Málaga,Málaga
Citroen,Berlingo,Diésel,75548.0,102.0,manual,22999,Barcelona,8007,Barcelona,Barcelona
Citroen,Berlingo,Diésel,58980.0,102.0,manual,17990,Málaga,29005,Málaga,Málaga
Citroen,Berlingo,Diésel,82900.0,100.0,manual,18790,Málaga,29005,Málaga,Málaga
Citroen,DS4,Diésel,100264.0,114.0,manual,13090,Saladar,3700,Alicante,Saladar
Citroen,DS4,Diésel,215000.0,110.0,manual,8800,Griñón,28971,Madrid,Griñón
Citroen,DS4,Diésel,100264.0,114.0,manual,13090,Badajoz,6008,Badajoz,Badajoz
Citroen,DS4,Diésel,100264.0,114.0,manual,13090,Olèrdola,8734,Barcelona,Olèrdola
Citroen,DS4,Diésel,100264.0,114.0,manual,13090,Olèrdola,8734,Barcelona,Olèrdola
Citroen,DS4,Diésel,100264.0,114.0,manual,13090,Colonia Pablo Iglesias,28520,Madrid,Colonia Pablo Iglesias
Citroen,DS4,Diésel,100264.0,114.0,manual,13090,Santafe,18320,Granada,Santafe
Citroen,DS4,Diésel,100264.0,114.0,manual,13090,Santiago de Compostela,15703,A Coruña,Santiago de Compostela
Citroen,DS4,Diésel,100264.0,114.0,manual,13090,Puerto de Sagunto,46520,Valencia,Puerto de Sagunto
Citroen,DS4,Diésel,100264.0,114.0,manual,13090,Hidraulica Santillana,28770,Madrid,Hidraulica Santillana
Citroen,DS4,Diésel,100264.0,114.0,manual,13090,Albacete,2001,Albacete,Albacete
Citroen,DS4,Diésel,100264.0,114.0,manual,13090,Castello/Castellon de La Plana,12100,Castellón,Castello/Castellon de La Plana
Citroen,DS4,Diésel,100264.0,114.0,manual,13090,Mercabilbao,48970,Bizkaia,Mercabilbao
Citroen,DS4,Diésel,100264.0,114.0,manual,13090,Alcalá de Guadaíra,41500,Sevilla,Alcalá de Guadaíra
Citroen,DS4,Diésel,100264.0,114.0,manual,13090,Zaragoza,50013,Zaragoza,Zaragoza
Citroen,DS4,Diésel,100264.0,114.0,manual,13090,Atarrabia,31610,Navarra,Atarrabia
Citroen,DS4,Diésel,100264.0,114.0,manual,13090,Barcelona,8007,Barcelona,Barcelona
Citroen,DS4,Diésel,100264.0,114.0,manual,13090,Alameda del Obispo,14005,Córdoba,Alameda del Obispo
Citroen,DS4,Diésel,100264.0,114.0,manual,13090,Alzira,46600,Valencia,Alzira
Citroen,DS4,Diésel,100264.0,114.0,manual,13090,Alzira,46600,Valencia,Alzira
Citroen,DS4,Diésel,100264.0,114.0,manual,13090,Torremolinos,29620,Málaga,Torremolinos
Citroen,DS4,Diésel,100264.0,114.0,manual,13090,Torremolinos,29620,Málaga,Torremolinos
Citroen,DS4,Diésel,100264.0,114.0,manual,13090,Torremolinos,29620,Málaga,Torremolinos
Citroen,DS4,Diésel,127420.0,92.0,manual,11299,Barcelona,8007,Barcelona,Barcelona
Citroen,DS4,Diésel,127420.0,92.0,manual,11299,Madrid,28014,Madrid,Madrid
Citroen,DS4,Gasolina,104288.0,120.0,manual,10699,Barcelona,8007,Barcelona,Barcelona
Citroen,DS4,Gasolina,104288.0,120.0,manual,10699,Madrid,28014,Madrid,Madrid
Citroen,DS4,Diésel,152124.0,163.0,manual,11000,Cieza,30530,Murcia,Cieza
Citroen,DS4,Diésel,79241.0,163.0,manual,11699,Barcelona,8007,Barcelona,Barcelona
Citroen,DS4,Diésel,79241.0,163.0,manual,11699,Madrid,28014,Madrid,Madrid
Citroen,DS4,Diésel,107400.0,163.0,manual,8990,Òrrius,8317,Barcelona,Òrrius
Citroen,DS4,Diésel,107400.0,163.0,manual,8990,Girona,17007,Girona,Girona
Citroen,DS4,Diésel,107400.0,163.0,manual,8990,Tarragona,43006,Tarragona,Tarragona
Citroen,DS4,Gasolina,124939.0,120.0,manual,12350,Gijón,33206,Asturias,Gijón
Mercedes-Benz,GLA,Diésel,76000.0,136.0,automatic,22900,Málaga,29006,Málaga,Málaga
Mercedes-Benz,GLA,Diésel,30000.0,136.0,automatic,26990,Ciudad Real,13001,Ciudad Real,Ciudad Real
Saab,09-mar,Gasolina,127603.0,150.0,manual,3500,Vilanoveta,8812,Barcelona,Vilanoveta
Saab,09-mar,Diésel,125000.0,150.0,manual,6500,Málaga,29010,Málaga,Málaga
Saab,09-mar,Diésel,125000.0,150.0,manual,6500,Málaga,29010,Málaga,Málaga
DS,7 CROSSBACK,Diésel,77500.0,130.0,manual,26900,Arriaga,48950,Bizkaia,Arriaga
Saab,09-mar,Diésel,125000.0,150.0,manual,7399,El Cigarral,29120,Málaga,El Cigarral
Volkswagen,Transporter T6,Diésel,22560.0,84.0,manual,27000,Torrejón de Ardoz,28850,Madrid,Torrejón de Ardoz
Volkswagen,Transporter T5,Diésel,197000.0,104.0,manual,9499,Calahorra,26500,La Rioja,Calahorra
Volkswagen,Transporter T5,Diésel,265000.0,130.0,manual,8499,Paracuellos de Jarama,28860,Madrid,Paracuellos de Jarama
Citroen,C4 Picasso,Diésel,66000.0,99.0,manual,14999,Alcalá de Guadaíra,41500,Sevilla,Alcalá de Guadaíra
Citroen,C4 Picasso,Diésel,198000.0,112.0,automatic,4800,La Solana,13240,Ciudad Real,La Solana
KIA,Venga,Gasolina,48607.0,124.0,manual,13800,Getafe,28906,Madrid,Getafe
Citroen,C4 Picasso,Diésel,131000.0,115.0,manual,13600,Madrid,28010,Madrid,Madrid
Citroen,C4 Picasso,Diésel,275000.0,109.0,manual,3999,Málaga,29006,Málaga,Málaga
Citroen,C4 Picasso,Diésel,76476.0,150.0,automatic,16990,Almería,4006,Almería,Almería
Citroen,C4 Picasso,Diésel,76476.0,150.0,automatic,16990,Alicante,3010,Alicante,Alicante
Citroen,C4 Picasso,Diésel,76476.0,150.0,automatic,16990,Alicante,3010,Murcia,Alicante
Citroen,C4 Picasso,Diésel,76476.0,150.0,automatic,16990,Granada,18005,Granada,Granada
Citroen,C4 Picasso,Gasolina,65396.0,130.0,manual,18199,Madrid,28014,Madrid,Madrid
Citroen,C4 Picasso,Gasolina,65396.0,130.0,manual,18199,Barcelona,8007,Barcelona,Barcelona
Citroen,C4 Picasso,Diésel,76476.0,150.0,automatic,16990,Murcia,30005,Murcia,Murcia
Citroen,C4 Picasso,Diésel,76476.0,150.0,automatic,16990,Bilbao,48004,Bizkaia,Bilbao
Citroen,C4 Picasso,Diésel,203000.0,112.0,automatic,5990,Málaga,29005,Málaga,Málaga
Citroen,C4 Picasso,Diésel,76476.0,150.0,automatic,16990,Valencia,46001,Valencia,Valencia
Citroen,C4 Picasso,Diésel,76476.0,150.0,automatic,16990,Badajoz,6003,Badajoz,Badajoz
Citroen,C4 Picasso,Diésel,76476.0,150.0,automatic,16990,Málaga,29005,Málaga,Málaga
Citroen,C4 Picasso,Diésel,76476.0,150.0,automatic,16990,Huelva,21004,Huelva,Huelva
Citroen,C4 Picasso,Diésel,76476.0,150.0,automatic,16990,Sevilla,41017,Sevilla,Sevilla
Citroen,C4 Picasso,Diésel,140000.0,110.0,manual,5800,Algeciras,11201,Cádiz,Algeciras
Saab,09-may,Diésel,100000.0,160.0,automatic,12000,El Esparragal,30163,Murcia,El Esparragal
Saab,09-may,Diésel,100000.0,160.0,automatic,11500,El Esparragal,30163,Murcia,El Esparragal
Mercedes-Benz,GLA,Gasolina,23181.0,122.0,manual,418,Girona,17007,Girona,Girona
Mercedes-Benz,GLA,Gasolina,23181.0,122.0,manual,27790,Girona,17007,Girona,Girona
Mercedes-Benz,GLA,Diésel,125927.0,136.0,manual,23985,Alaquas,46970,Valencia,Alaquas
Citroen,C-Élysée,Gasolina,37949.0,82.0,manual,12990,Sevilla,41017,Sevilla,Sevilla
Citroen,C-Élysée,Diésel,6228.0,102.0,manual,15180,Granollers,8403,Barcelona,Granollers
Citroen,C-Élysée,Diésel,6228.0,102.0,manual,15180,Estepona,29680,Málaga,Estepona
Citroen,C-Élysée,Diésel,6228.0,102.0,manual,15180,Olèrdola,8734,Barcelona,Olèrdola
Citroen,C-Élysée,Diésel,6228.0,102.0,manual,15180,Olèrdola,8734,Barcelona,Olèrdola
Citroen,C-Élysée,Gasolina,37949.0,82.0,manual,12990,Sevilla,41005,Sevilla,Sevilla
Citroen,C-Élysée,Gasolina,37949.0,82.0,manual,12990,Vigo,36211,Pontevedra,Vigo
Citroen,C-Élysée,Gasolina,37949.0,82.0,manual,12990,Almería,4006,Almería,Almería
Citroen,C-Élysée,Diésel,97583.0,100.0,manual,6990,Vigo,36211,Pontevedra,Vigo
Citroen,C-Élysée,Diésel,97583.0,100.0,manual,6990,Alicante,3010,Alicante,Alicante
Citroen,C-Élysée,Diésel,97583.0,100.0,manual,6990,Alicante,3010,Murcia,Alicante
Citroen,C-Élysée,Gasolina,37949.0,82.0,manual,12990,Bilbao,48004,Bizkaia,Bilbao
Abarth,500,Gasolina,23435.0,165.0,manual,17990,Huelva,21004,Huelva,Huelva
Abarth,500,Gasolina,23435.0,165.0,manual,17990,Almería,4006,Almería,Almería
Citroen,C-Élysée,Gasolina,37949.0,82.0,manual,12990,Badajoz,6003,Badajoz,Badajoz
Citroen,C-Élysée,Gasolina,37949.0,82.0,manual,12990,Granada,18005,Granada,Granada
Citroen,C-Élysée,Diésel,97583.0,100.0,manual,6990,Jaén,23008,Jaén,Jaén
Citroen,C-Élysée,Gasolina,37949.0,82.0,manual,12990,Valencia,46001,Valencia,Valencia
Citroen,C-Élysée,Gasolina,37949.0,82.0,manual,12990,Murcia,30005,Murcia,Murcia
Citroen,C-Élysée,Diésel,97583.0,100.0,manual,6990,Granada,18005,Granada,Granada
Citroen,C-Élysée,Diésel,125424.0,102.0,manual,11990,Madrid,28021,Madrid,Madrid
Citroen,C-Élysée,Diésel,61359.0,102.0,manual,11490,Madrid,28021,Madrid,Madrid
Citroen,C-Élysée,Gasolina,66654.0,82.0,manual,10490,Sevilla,41005,Sevilla,Sevilla
Citroen,C-Élysée,Gasolina,66654.0,82.0,manual,10490,Almería,4006,Almería,Almería
Citroen,C-Élysée,Gasolina,66654.0,82.0,manual,10490,Alicante,3010,Alicante,Alicante
Citroen,C-Élysée,Gasolina,66654.0,82.0,manual,10490,Alicante,3010,Murcia,Alicante
Citroen,C-Élysée,Gasolina,66654.0,82.0,manual,10490,Granada,18005,Granada,Granada
Citroen,C-Élysée,Gasolina,66654.0,82.0,manual,10490,Girona,17007,Girona,Girona
Abarth,500,Gasolina,40600.0,134.0,manual,17690,Barcelona,8007,Barcelona,Barcelona
Abarth,500,Gasolina,23435.0,165.0,manual,17990,Alicante,3010,Alicante,Alicante
Abarth,500,Gasolina,23435.0,165.0,manual,17990,Alicante,3010,Murcia,Alicante
Abarth,500,Gasolina,23435.0,165.0,manual,17990,Vigo,36211,Pontevedra,Vigo
Citroen,C-Élysée,Gasolina,66654.0,82.0,manual,10490,Málaga,29005,Málaga,Málaga
Citroen,C-Élysée,Gasolina,66654.0,82.0,manual,10490,Palma de Mallorca,7003,Baleares,Palma de Mallorca
Citroen,C5,Diésel,222476.0,138.0,manual,6900,La Pobla de Vallbona,46185,Valencia,La Pobla de Vallbona
Citroen,C5,Diésel,222476.0,138.0,manual,6900,La Pobla de Vallbona,46185,Valencia,La Pobla de Vallbona
Citroen,C5,Diésel,189612.0,136.0,manual,5990,Almagro,13270,Ciudad Real,Almagro
Citroen,C5,Diésel,199000.0,140.0,manual,5499,Albal,46470,Valencia,Albal
Citroen,C5,Diésel,199000.0,140.0,manual,5499,Albal,46470,Valencia,Albal
Citroen,C5,Diésel,199000.0,140.0,manual,5499,Albal,46470,Valencia,Albal
Citroen,C5,Diésel,199000.0,140.0,manual,5499,Albal,46470,Valencia,Albal
Citroen,C5,Diésel,136000.0,112.0,automatic,8400,Barcelona,8028,Barcelona,Barcelona
Alfa Romeo,MiTO,Diésel,109300.0,85.0,manual,8990,Almería,4006,Almería,Almería
Citroen,C4 Cactus,Diésel,88953.0,99.0,manual,13900,Badajoz,6008,Badajoz,Badajoz
Citroen,C4 Cactus,Diésel,88953.0,99.0,manual,13900,Alameda del Obispo,14005,Córdoba,Alameda del Obispo
Citroen,C4 Cactus,Diésel,63357.0,100.0,manual,12999,Barcelona,8007,Barcelona,Barcelona
Citroen,C4 Cactus,Diésel,63357.0,100.0,manual,12999,Madrid,28014,Madrid,Madrid
Citroen,C4 Cactus,Gasolina,116265.0,82.0,manual,8800,Palma de Mallorca,7003,Baleares,Palma de Mallorca
Citroen,C4 Cactus,Diésel,135000.0,100.0,manual,9490,Collado Villalba,28400,Madrid,Collado Villalba
Citroen,C4 Cactus,Diésel,135000.0,100.0,manual,9490,Collado Villalba,28400,Madrid,Collado Villalba
Citroen,C4 Cactus,Gasolina,62441.0,110.0,automatic,15300,A Coruña,15003,A Coruña,A Coruña
Citroen,C4 Cactus,Diésel,91000.0,102.0,manual,326,Madrid,28006,Madrid,Madrid
Citroen,C4 Cactus,Diésel,73000.0,99.0,manual,368,Madrid,28006,Madrid,Madrid
Citroen,C4 Cactus,Diésel,114000.0,102.0,manual,320,Barcelona,8009,Barcelona,Barcelona
Alfa Romeo,GTV,Gasolina,34584.0,144.0,manual,4500,Orbazai,27297,Lugo,Orbazai
Citroen,C4 Cactus,Diésel,88953.0,99.0,manual,13900,Puerto de Sagunto,46520,Valencia,Puerto de Sagunto
Citroen,C4 Cactus,Gasolina,51477.0,110.0,manual,14590,Madrid,28021,Madrid,Madrid
Citroen,C4 Cactus,Diésel,88953.0,99.0,manual,13900,Torremolinos,29620,Málaga,Torremolinos
Citroen,C4 Cactus,Diésel,88953.0,99.0,manual,13900,Torremolinos,29620,Málaga,Torremolinos
Citroen,C4 Cactus,Diésel,88953.0,99.0,manual,13900,Torremolinos,29620,Málaga,Torremolinos
Citroen,C4 Cactus,Diésel,88953.0,99.0,manual,13900,Barcelona,8007,Barcelona,Barcelona
Alfa Romeo,GTV,Gasolina,32238.0,160.0,manual,30000,Vilanova i la Geltrú,8800,Barcelona,Vilanova i la Geltrú
Mercedes-Benz,GLA,Diésel,61900.0,170.0,automatic,27500,Parets del Vallès,8150,Barcelona,Parets del Vallès
Mercedes-Benz,GLA,Diésel,61900.0,170.0,automatic,26500,Parets del Vallès,8150,Barcelona,Parets del Vallès
Mercedes-Benz,GLA,Diésel,85000.0,136.0,automatic,24990,Parla,28984,Madrid,Parla
Citroen,C4 Cactus,Diésel,88953.0,99.0,manual,13900,Getafe,28906,Madrid,Getafe
Citroen,C4 Cactus,Diésel,88953.0,99.0,manual,13900,Santiago de Compostela,15703,A Coruña,Santiago de Compostela
Citroen,C4 Cactus,Diésel,88953.0,99.0,manual,13900,Albacete,2001,Albacete,Albacete
Citroen,C4 Cactus,Diésel,88953.0,99.0,manual,13900,Vigo,36214,Pontevedra,Vigo
Citroen,C4 Cactus,Diésel,88953.0,99.0,manual,13900,Hidraulica Santillana,28770,Madrid,Hidraulica Santillana
Citroen,C4 Cactus,Diésel,88953.0,99.0,manual,13900,Saladar,3700,Alicante,Saladar
Citroen,C4 Cactus,Diésel,88953.0,99.0,manual,13900,Santafe,18320,Granada,Santafe
Alfa Romeo,Giulia,Diésel,71764.0,180.0,automatic,23990,Vigo,36211,Pontevedra,Vigo
Citroen,C4 Cactus,Diésel,88953.0,99.0,manual,13900,Murcia,30003,Murcia,Murcia
Citroen,C4 Cactus,Diésel,88953.0,99.0,manual,13900,Olèrdola,8734,Barcelona,Olèrdola
Citroen,C4 Cactus,Diésel,88953.0,99.0,manual,13900,Olèrdola,8734,Barcelona,Olèrdola
Citroen,C4 Cactus,Diésel,88953.0,99.0,manual,13900,Castello/Castellon de La Plana,12100,Castellón,Castello/Castellon de La Plana
Alfa Romeo,Giulia,Diésel,118600.0,180.0,automatic,23490,Murcia,30005,Murcia,Murcia
Citroen,C4 Cactus,Diésel,88953.0,99.0,manual,13900,Mercado Parque Corredor del Henares,28850,Madrid,Mercado Parque Corredor del Henares
CUPRA,Leon,Gasolina,17500.0,300.0,automatic,38690,Carretera Castro de Elviña,15008,A Coruña,Carretera Castro de Elviña
CUPRA,Leon,Gasolina,17500.0,300.0,automatic,38690,Carretera Castro de Elviña,15008,A Coruña,Carretera Castro de Elviña
CUPRA,Formentor,Diésel,3300.0,150.0,automatic,36490,Barcelona,8007,Barcelona,Barcelona
CUPRA,Formentor,Diésel,3300.0,150.0,automatic,33990,Barcelona,8007,Barcelona,Barcelona
CUPRA,Formentor,Gasolina,10.0,190.0,automatic,38900,Santa Coloma de Gramenet,8921,Barcelona,Santa Coloma de Gramenet
CUPRA,Formentor,Gasolina,5697.0,190.0,automatic,38900,Santa Coloma de Gramenet,8921,Barcelona,Santa Coloma de Gramenet
CUPRA,Formentor,Gasolina,8300.0,190.0,automatic,37900,Fornells de la Selva,17458,Girona,Fornells de la Selva
CUPRA,Formentor,Gasolina,7368.0,190.0,automatic,38900,Santa Coloma de Gramenet,8921,Barcelona,Santa Coloma de Gramenet
CUPRA,Formentor,Gasolina,6200.0,150.0,automatic,35400,Fornells de la Selva,17458,Girona,Fornells de la Selva
CUPRA,Formentor,Gasolina,15696.0,150.0,automatic,32100,Fornells de la Selva,17458,Girona,Fornells de la Selva
Audi,Q2,Diésel,71126.0,150.0,automatic,31625,Alameda del Obispo,14005,Córdoba,Alameda del Obispo
Audi,Q2,Diésel,71126.0,150.0,automatic,31625,Alcobendas,28100,Madrid,Alcobendas
Audi,Q2,Diésel,71126.0,150.0,automatic,31625,Castello/Castellon de La Plana,12100,Castellón,Castello/Castellon de La Plana
Audi,Q2,Diésel,71126.0,150.0,automatic,31625,Las Rozas de Madrid,28232,Madrid,Las Rozas de Madrid
CUPRA,Formentor,Gasolina,4300.0,150.0,automatic,35900,Sant Boi de Llobregat,8830,Barcelona,Sant Boi de Llobregat
CUPRA,Formentor,Gasolina,13000.0,150.0,manual,29900,Zaragoza,50001,Zaragoza,Zaragoza
CUPRA,Formentor,Gasolina,21100.0,150.0,manual,23890,Tarragona,43006,Tarragona,Tarragona
CUPRA,Formentor,Gasolina,21100.0,150.0,manual,23890,Mollet del Vallès,8100,Barcelona,Mollet del Vallès
Audi,Q2,Diésel,71126.0,150.0,automatic,31625,Torremolinos,29620,Málaga,Torremolinos
Audi,Q2,Diésel,71126.0,150.0,automatic,31625,Torremolinos,29620,Málaga,Torremolinos
Audi,Q2,Diésel,71126.0,150.0,automatic,31625,Torremolinos,29620,Málaga,Torremolinos
Audi,Q2,Diésel,71126.0,150.0,automatic,31625,Collado Villalba,28400,Madrid,Collado Villalba
Audi,Q2,Diésel,71126.0,150.0,automatic,31625,Collado Villalba,28400,Madrid,Collado Villalba
Audi,Q2,Diésel,71126.0,150.0,automatic,31625,Getafe,28906,Madrid,Getafe
CUPRA,Formentor,Diésel,18000.0,150.0,automatic,37900,Lleida,25001,Lleida,Lleida
CUPRA,Formentor,Gasolina,10965.0,190.0,automatic,37900,Santa Coloma de Gramenet,8921,Barcelona,Santa Coloma de Gramenet
CUPRA,Formentor,Gasolina,11649.0,190.0,automatic,37900,Santa Coloma de Gramenet,8921,Barcelona,Santa Coloma de Gramenet
Audi,Q2,Diésel,71126.0,150.0,automatic,31625,Colonia Pablo Iglesias,28520,Madrid,Colonia Pablo Iglesias
CUPRA,Born,Eléctrico,300.0,204.0,automatic,39900,Barcelona,8005,Barcelona,Barcelona
CUPRA,Born,Eléctrico,7750.0,204.0,automatic,39990,Castellón,12001,Castellón,Castellón
CUPRA,Born,Eléctrico,7750.0,204.0,automatic,38990,Castellón,12001,Castellón,Castellón
CUPRA,Born,Eléctrico,7750.0,204.0,automatic,39990,Bilbao,48004,Bizkaia,Bilbao
CUPRA,Born,Eléctrico,7750.0,204.0,automatic,38990,Bilbao,48004,Bizkaia,Bilbao
CUPRA,Born,Eléctrico,7750.0,204.0,automatic,39990,Almería,4006,Almería,Almería
CUPRA,Born,Eléctrico,7750.0,204.0,automatic,38990,Almería,4006,Almería,Almería
CUPRA,Ateca,Gasolina,51251.0,300.0,automatic,31990,Algeciras,11202,Cádiz,Algeciras
CUPRA,Ateca,Gasolina,51251.0,300.0,automatic,31990,Vigo,36211,Pontevedra,Vigo
CUPRA,Ateca,Gasolina,51251.0,300.0,automatic,31990,Estepona,29680,Málaga,Estepona
CUPRA,Ateca,Gasolina,51251.0,300.0,automatic,31990,Valencia,46001,Valencia,Valencia
CUPRA,Ateca,Gasolina,51251.0,300.0,automatic,31990,Granada,18005,Granada,Granada
CUPRA,Ateca,Gasolina,51251.0,300.0,automatic,31990,Sevilla,41005,Sevilla,Sevilla
CUPRA,Ateca,Gasolina,51251.0,300.0,automatic,31990,Málaga,29005,Málaga,Málaga
CUPRA,Ateca,Gasolina,29233.0,300.0,automatic,33990,Tarragona,43006,Tarragona,Tarragona
CUPRA,Ateca,Gasolina,17310.0,300.0,automatic,33990,Málaga,29005,Málaga,Málaga
CUPRA,Ateca,Gasolina,17310.0,300.0,automatic,33990,Bilbao,48004,Bizkaia,Bilbao
Audi,S8,Gasolina,71800.0,450.0,automatic,28000,Vilanova i la Geltrú,8800,Barcelona,Vilanova i la Geltrú
Audi,S8,Gasolina,250000.0,360571.0,automatic,6000,Albacete,2001,Albacete,Albacete
CUPRA,Ateca,Gasolina,26079.0,300.0,automatic,35990,Madrid,28021,Madrid,Madrid
CUPRA,Ateca,Gasolina,28076.0,300.0,automatic,33190,Valladolid,47006,Valladolid,Valladolid
CUPRA,Ateca,Gasolina,28076.0,300.0,automatic,33190,Burgos,9004,Burgos,Burgos
CUPRA,Ateca,Gasolina,28076.0,300.0,automatic,33190,Burgos,9004,Burgos,Burgos
CUPRA,Ateca,Gasolina,28076.0,300.0,automatic,33190,Sevilla,41005,Sevilla,Sevilla
CUPRA,Ateca,Gasolina,28076.0,300.0,automatic,33190,Murcia,30005,Murcia,Murcia
CUPRA,Ateca,Gasolina,17310.0,300.0,automatic,33990,Pamplona/Iruña,31001,Navarra,Pamplona/Iruña
CUPRA,Ateca,Gasolina,17310.0,300.0,automatic,33990,Almería,4006,Almería,Almería
CUPRA,Ateca,Gasolina,17310.0,300.0,automatic,33990,Valencia,46001,Valencia,Valencia
CUPRA,Ateca,Gasolina,17310.0,300.0,automatic,33990,Granada,18005,Granada,Granada
Dodge,Nitro,Diésel,119153.0,177.0,manual,11900,Albacete,2001,Albacete,Albacete
Dodge,Nitro,Diésel,119153.0,177.0,manual,11900,Paterna,46980,Valencia,Paterna
Dodge,Nitro,Diésel,119153.0,177.0,manual,11900,Alicante,3007,Alicante,Alicante
Dodge,Journey,Diésel,135000.0,140.0,automatic,9500,Villaviciosa de Odón,28670,Madrid,Villaviciosa de Odón
Dodge,Journey,Diésel,132000.0,140.0,automatic,9899,Arroyomolinos,28939,Madrid,Arroyomolinos
Dodge,Journey,Diésel,132000.0,140.0,automatic,9899,Arroyomolinos,28939,Madrid,Arroyomolinos
CUPRA,Leon,Gasolina,32850.0,300.0,automatic,37900,Molins de Rei,8750,Barcelona,Molins de Rei
CUPRA,Leon,Otros,1890.0,150.0,automatic,32900,Lugo,27001,Lugo,Lugo
Dodge,Journey,Diésel,62000.0,140.0,manual,8500,Begíjar,23520,Jaén,Begíjar
Dodge,Journey,Diésel,222000.0,140.0,manual,6995,Benidorm,3501,Alicante,Benidorm
Dodge,Journey,Diésel,131800.0,140.0,manual,9450,Madrid,28046,Madrid,Madrid
Dodge,Journey,Diésel,131800.0,140.0,manual,8500,Madrid,28046,Madrid,Madrid
Dodge,Journey,Diésel,131800.0,140.0,manual,9450,Los Negrales,28430,Madrid,Los Negrales
Dodge,Journey,Diésel,131800.0,140.0,manual,9450,Los Negrales,28430,Madrid,Los Negrales
Dodge,Journey,Diésel,131800.0,140.0,manual,8500,Los Negrales,28430,Madrid,Los Negrales
Dodge,Journey,Diésel,131800.0,140.0,manual,8500,Los Negrales,28430,Madrid,Los Negrales
Dodge,Journey,Diésel,131800.0,140.0,manual,9450,Alcorcón,28923,Madrid,Alcorcón
Dodge,Journey,Diésel,131800.0,140.0,manual,8500,Alcorcón,28923,Madrid,Alcorcón
Mercedes-Benz,Sprinter,Diésel,160000.0,129.0,manual,21900,Nogueirosa,15612,A Coruña,Nogueirosa
Honda,CR-V,Diésel,131300.0,150.0,automatic,14390,Oviedo,33003,Asturias,Oviedo
Honda,CR-V,Diésel,162262.0,150.0,automatic,16854,Albacete,2001,Albacete,Albacete
Honda,CR-V,Diésel,162262.0,150.0,automatic,16854,Collado Villalba,28400,Madrid,Collado Villalba
Honda,CR-V,Diésel,162262.0,150.0,automatic,16854,Collado Villalba,28400,Madrid,Collado Villalba
Honda,CR-V,Diésel,162262.0,150.0,automatic,16854,Vigo,36214,Pontevedra,Vigo
Honda,CR-V,Diésel,162262.0,150.0,automatic,16854,Sant Vicenç de Montalt,8394,Barcelona,Sant Vicenç de Montalt
Honda,CR-V,Diésel,162262.0,150.0,automatic,16854,Estepona,29680,Málaga,Estepona
Honda,CR-V,Diésel,162262.0,150.0,automatic,16854,Saladar,3700,Alicante,Saladar
Honda,CR-V,Diésel,162262.0,150.0,automatic,16854,Ciudad Real,13003,Ciudad Real,Ciudad Real
Honda,CR-V,Diésel,162262.0,150.0,automatic,16854,Badajoz,6008,Badajoz,Badajoz
Honda,CR-V,Diésel,162262.0,150.0,automatic,16854,Olèrdola,8734,Barcelona,Olèrdola
Honda,CR-V,Diésel,162262.0,150.0,automatic,16854,Olèrdola,8734,Barcelona,Olèrdola
Honda,CR-V,Diésel,162262.0,150.0,automatic,16854,Santa Maria del Aguila,4710,Almería,Santa Maria del Aguila
Honda,CR-V,Diésel,162262.0,150.0,automatic,16854,Paterna,46980,Valencia,Paterna
Honda,CR-V,Diésel,162262.0,150.0,automatic,16854,Alcalá de Guadaíra,41500,Sevilla,Alcalá de Guadaíra
Honda,CR-V,Diésel,162262.0,150.0,automatic,16854,Zaragoza,50013,Zaragoza,Zaragoza
Honda,CR-V,Diésel,162262.0,150.0,automatic,16854,Puerto de Sagunto,46520,Valencia,Puerto de Sagunto
Honda,CR-V,Diésel,162262.0,150.0,automatic,16854,Hidraulica Santillana,28770,Madrid,Hidraulica Santillana
Honda,CR-V,Diésel,220000.0,150.0,manual,5000,El Papiolet,43713,Tarragona,El Papiolet
Mercedes-Benz,Clase CLA,Diésel,46322.0,136.0,automatic,30475,Alameda del Obispo,14005,Córdoba,Alameda del Obispo
Mercedes-Benz,Clase CLA,Diésel,46322.0,136.0,automatic,30475,Santa Maria del Aguila,4710,Almería,Santa Maria del Aguila
Mercedes-Benz,Clase CLA,Diésel,46322.0,136.0,automatic,30475,Ciudad Real,13003,Ciudad Real,Ciudad Real
Honda,Accord,Gasolina,200000.0,156.0,manual,8700,Barcelona,8014,Barcelona,Barcelona
Honda,Accord,Diésel,177000.0,150.0,manual,10900,Moguer,21800,Huelva,Moguer
Honda,Accord,Diésel,177000.0,150.0,manual,10900,Moguer,21800,Huelva,Moguer
Honda,Accord,Gasolina,147000.0,136.0,manual,2650,Villena,3400,Alicante,Villena
Alfa Romeo,Giulietta,Diésel,109451.0,120.0,manual,13690,Vilagarcía de Arousa,36600,Pontevedra,Vilagarcía de Arousa
Honda,HR-V,Gasolina,30474.0,130.0,manual,20585,Atarrabia,31610,Navarra,Atarrabia
Honda,HR-V,Gasolina,30474.0,130.0,manual,20585,Santafe,18320,Granada,Santafe
Honda,HR-V,Gasolina,30474.0,130.0,manual,20585,Puerto de Sagunto,46520,Valencia,Puerto de Sagunto
Honda,HR-V,Gasolina,30474.0,130.0,manual,20585,Zaragoza,50013,Zaragoza,Zaragoza
Honda,HR-V,Gasolina,77000.0,130.0,automatic,20450,Sant Vicenç de Montalt,8394,Barcelona,Sant Vicenç de Montalt
Honda,HR-V,Gasolina,77000.0,130.0,automatic,20450,Mercado Parque Corredor del Henares,28850,Madrid,Mercado Parque Corredor del Henares
Honda,HR-V,Gasolina,77000.0,130.0,automatic,20450,Valdepeñas,13300,Ciudad Real,Valdepeñas
Honda,HR-V,Gasolina,77000.0,130.0,automatic,20450,Valdepeñas,13300,Ciudad Real,Valdepeñas
Mercedes-Benz,Clase CLA,Diésel,46322.0,136.0,automatic,30475,Mercado Parque Corredor del Henares,28850,Madrid,Mercado Parque Corredor del Henares
Mercedes-Benz,Clase CLA,Diésel,46322.0,136.0,automatic,30475,Vigo,36214,Pontevedra,Vigo
Mercedes-Benz,Clase CLA,Diésel,46322.0,136.0,automatic,30475,Sant Vicenç de Montalt,8394,Barcelona,Sant Vicenç de Montalt
Audi,S5,Gasolina,170000.0,354.0,manual,18500,Alcorcón,28921,Madrid,Alcorcón
Honda,HR-V,Gasolina,77000.0,130.0,automatic,20450,Granollers,8403,Barcelona,Granollers
Honda,HR-V,Gasolina,77000.0,130.0,automatic,20450,Murcia,30003,Murcia,Murcia
Honda,HR-V,Gasolina,77000.0,130.0,automatic,20450,Saladar,3700,Alicante,Saladar
Honda,HR-V,Gasolina,77000.0,130.0,automatic,20450,Olèrdola,8734,Barcelona,Olèrdola
Honda,HR-V,Gasolina,77000.0,130.0,automatic,20450,Olèrdola,8734,Barcelona,Olèrdola
Honda,HR-V,Gasolina,77000.0,130.0,automatic,20450,Hidraulica Santillana,28770,Madrid,Hidraulica Santillana
Honda,HR-V,Gasolina,77000.0,130.0,automatic,20450,Zaragoza,50013,Zaragoza,Zaragoza
Honda,HR-V,Gasolina,77000.0,130.0,automatic,20450,Alcobendas,28100,Madrid,Alcobendas
Honda,HR-V,Gasolina,77000.0,130.0,automatic,20450,Alicante,3007,Alicante,Alicante
Audi,Q3,Diésel,74710.0,140.0,manual,17599,Barcelona,8007,Barcelona,Barcelona
Audi,Q3,Diésel,74710.0,140.0,manual,17199,Barcelona,8007,Barcelona,Barcelona
Audi,Q3,Gasolina,63105.0,150.0,automatic,21499,Barcelona,8007,Barcelona,Barcelona
Audi,Q3,Gasolina,63105.0,150.0,automatic,20999,Barcelona,8007,Barcelona,Barcelona
Audi,Q3,Diésel,171059.0,177.0,automatic,17500,Colonia Pablo Iglesias,28520,Madrid,Colonia Pablo Iglesias
Honda,FR-V,Diésel,225000.0,140.0,manual,4990,Granollers,8403,Barcelona,Granollers
Honda,FR-V,Diésel,199000.0,140.0,manual,5990,Granollers,8403,Barcelona,Granollers
Honda,Civic,Gasolina,30548.0,129.0,manual,18090,Las Rozas de Madrid,28232,Madrid,Las Rozas de Madrid
Honda,Civic,Gasolina,30548.0,129.0,manual,18090,Collado Villalba,28400,Madrid,Collado Villalba
Honda,Civic,Gasolina,30548.0,129.0,manual,18090,Collado Villalba,28400,Madrid,Collado Villalba
Honda,Civic,Gasolina,80000.0,129.0,manual,15890,Armentia,1007,Álava,Armentia
Honda,Civic,Gasolina,30548.0,129.0,manual,18090,Villaviciosa de Odón,28670,Madrid,Villaviciosa de Odón
Honda,Civic,Gasolina,324251.0,140.0,manual,4999,Móstoles,28936,Madrid,Móstoles
Audi,Q3,Diésel,171059.0,177.0,automatic,17500,Torremolinos,29620,Málaga,Torremolinos
Audi,Q3,Diésel,171059.0,177.0,automatic,17500,Torremolinos,29620,Málaga,Torremolinos
Audi,Q3,Diésel,171059.0,177.0,automatic,17500,Torremolinos,29620,Málaga,Torremolinos
Audi,Q3,Diésel,171059.0,177.0,automatic,17500,Alameda del Obispo,14005,Córdoba,Alameda del Obispo
Mercedes-Benz,Clase CLA,Diésel,43782.0,136.0,manual,378,Girona,17007,Girona,Girona
Mercedes-Benz,Clase CLA,Diésel,43782.0,136.0,manual,24800,Girona,17007,Girona,Girona
Honda,Civic,Gasolina,80000.0,129.0,manual,15890,Almería,4006,Almería,Almería
Honda,Civic,Gasolina,30548.0,129.0,manual,18090,Toledo,45002,Toledo,Toledo
Honda,Civic,Gasolina,30548.0,129.0,manual,18090,Vigo,36211,Pontevedra,Vigo
Honda,Civic,Gasolina,30548.0,129.0,manual,18090,Granada,18005,Granada,Granada
Honda,Civic,Gasolina,80000.0,129.0,manual,15890,Alicante,3010,Alicante,Alicante
Honda,Civic,Gasolina,80000.0,129.0,manual,15890,Alicante,3010,Murcia,Alicante
Honda,Civic,Gasolina,80000.0,129.0,manual,15890,Pamplona/Iruña,31001,Navarra,Pamplona/Iruña
Honda,Civic,Gasolina,69967.0,182.0,automatic,22499,Madrid,28014,Madrid,Madrid
Honda,Civic,Gasolina,80000.0,129.0,manual,15890,Vigo,36211,Pontevedra,Vigo
Honda,Civic,Gasolina,80000.0,129.0,manual,15890,Granada,18005,Granada,Granada
Honda,Civic,Gasolina,30548.0,129.0,manual,18090,Murcia,30005,Murcia,Murcia
Honda,Civic,Gasolina,30548.0,129.0,manual,18090,Valencia,46001,Valencia,Valencia
Honda,Civic,Gasolina,80000.0,129.0,manual,15890,Murcia,30005,Murcia,Murcia
Honda,Civic,Gasolina,80000.0,129.0,manual,15890,Bilbao,48004,Bizkaia,Bilbao
Audi,A3,Gasolina,39981.0,150.0,automatic,22990,Valencia,46001,Valencia,Valencia
Audi,A3,Gasolina,39981.0,150.0,automatic,22990,Vigo,36211,Pontevedra,Vigo
Audi,A3,Gasolina,39981.0,150.0,automatic,22990,Granada,18005,Granada,Granada
Honda,Jazz,Gasolina,157869.0,102.0,manual,8990,Sevilla,41005,Sevilla,Sevilla
Honda,Jazz,Gasolina,34430.0,102.0,manual,13299,Madrid,28014,Madrid,Madrid
Honda,Jazz,Gasolina,34430.0,102.0,manual,12899,Madrid,28014,Madrid,Madrid
Honda,Jazz,Gasolina,86557.0,100.0,automatic,13499,Madrid,28014,Madrid,Madrid
Honda,Jazz,Gasolina,86557.0,100.0,automatic,13499,Barcelona,8007,Barcelona,Barcelona
Audi,A3,Gasolina,39981.0,150.0,automatic,22990,Murcia,30005,Murcia,Murcia
Audi,A3,Diésel,76227.0,110.0,manual,16190,Urbanizacion La Granjilla,28700,Madrid,Urbanizacion La Granjilla
Honda,Jazz,Gasolina,157869.0,102.0,manual,8990,Ullastrell,8231,Barcelona,Ullastrell
Honda,Jazz,Gasolina,157869.0,102.0,manual,8990,Palau-Solita I Plegamans,8184,Barcelona,Palau-Solita I Plegamans
Honda,Jazz,Gasolina,157869.0,102.0,manual,8990,Palau-Solita I Plegamans,8184,Barcelona,Palau-Solita I Plegamans
Honda,Jazz,Gasolina,157869.0,102.0,manual,8990,Girona,17007,Girona,Girona
Honda,Jazz,Gasolina,72179.0,102.0,automatic,12276,Madrid,28009,Madrid,Madrid
Honda,Jazz,Gasolina,72179.0,102.0,automatic,12276,Alcalá de Guadaíra,41500,Sevilla,Alcalá de Guadaíra
Honda,Jazz,Gasolina,72179.0,102.0,automatic,12276,Málaga,29004,Málaga,Málaga
Honda,Jazz,Gasolina,157869.0,102.0,manual,8990,Valencia,46001,Valencia,Valencia
Honda,Jazz,Gasolina,157869.0,102.0,manual,8990,Murcia,30005,Murcia,Murcia
Honda,Jazz,Gasolina,157869.0,102.0,manual,8990,Granada,18005,Granada,Granada
Audi,Q5,Diésel,121500.0,190.0,automatic,24990,Murcia,30005,Murcia,Murcia
Audi,Q5,Diésel,121500.0,190.0,automatic,24780,Murcia,30005,Murcia,Murcia
Audi,Q5,Diésel,121500.0,190.0,automatic,24990,Ullastrell,8231,Barcelona,Ullastrell
Audi,Q5,Diésel,121500.0,190.0,automatic,24780,Ullastrell,8231,Barcelona,Ullastrell
Audi,Q5,Diésel,121500.0,190.0,automatic,24990,Òrrius,8317,Barcelona,Òrrius
Audi,Q5,Diésel,121500.0,190.0,automatic,24780,Òrrius,8317,Barcelona,Òrrius
Audi,Q5,Diésel,121500.0,190.0,automatic,24990,Palma de Mallorca,7003,Baleares,Palma de Mallorca
Audi,Q5,Diésel,121500.0,190.0,automatic,24780,Palma de Mallorca,7003,Baleares,Palma de Mallorca
Audi,Q5,Diésel,121500.0,190.0,automatic,24990,Tarragona,43006,Tarragona,Tarragona
Audi,Q5,Diésel,121500.0,190.0,automatic,24780,Tarragona,43006,Tarragona,Tarragona
Honda,Jazz,Gasolina,157869.0,102.0,manual,8990,Bilbao,48004,Bizkaia,Bilbao
Honda,Jazz,Gasolina,76128.0,102.0,manual,13800,Tora,25750,Lleida,Tora
Honda,Jazz,Gasolina,157869.0,102.0,manual,8990,Almería,4006,Almería,Almería
Honda,Jazz,Gasolina,157869.0,102.0,manual,8990,Málaga,29005,Málaga,Málaga
Maserati,Ghibli,Diésel,102000.0,275.0,automatic,33990,Armunia,24009,León,Armunia
Maserati,Ghibli,Diésel,102000.0,275.0,automatic,33990,Armunia,24009,León,Armunia
Audi,Q5,Diésel,121500.0,190.0,automatic,24990,Palau-Solita I Plegamans,8184,Barcelona,Palau-Solita I Plegamans
Audi,Q5,Diésel,121500.0,190.0,automatic,24990,Palau-Solita I Plegamans,8184,Barcelona,Palau-Solita I Plegamans
Audi,Q5,Diésel,121500.0,190.0,automatic,24780,Palau-Solita I Plegamans,8184,Barcelona,Palau-Solita I Plegamans
Audi,Q5,Diésel,121500.0,190.0,automatic,24780,Palau-Solita I Plegamans,8184,Barcelona,Palau-Solita I Plegamans
Audi,Q5,Diésel,121500.0,190.0,automatic,24990,Girona,17007,Girona,Girona
Audi,Q5,Diésel,121500.0,190.0,automatic,24780,Girona,17007,Girona,Girona
Hyundai,Coupe,Gasolina,231484.0,116.0,manual,2500,Badajoz,6003,Badajoz,Badajoz
SsangYong,Kyron,Diésel,299950.0,141.0,manual,3950,Valdefuentes,28939,Madrid,Valdefuentes
SsangYong,Kyron,Diésel,299950.0,141.0,manual,3950,Valdefuentes,28939,Madrid,Valdefuentes
Hyundai,Santa Fe,Diésel,89000.0,200.0,automatic,34500,Coslada,28823,Madrid,Coslada
Hyundai,Santa Fe,Diésel,85645.0,200.0,manual,20990,Sevilla,41005,Sevilla,Sevilla
Hyundai,Santa Fe,Diésel,60000.0,197.0,manual,19990,Almería,4006,Almería,Almería
Hyundai,Santa Fe,Diésel,60000.0,197.0,manual,19990,Vigo,36211,Pontevedra,Vigo
Hyundai,Santa Fe,Diésel,85645.0,200.0,manual,20990,Valencia,46001,Valencia,Valencia
Hyundai,Santa Fe,Diésel,85645.0,200.0,manual,20990,Málaga,29005,Málaga,Málaga
Hyundai,Santa Fe,Diésel,85645.0,200.0,manual,20990,Sevilla,41017,Sevilla,Sevilla
Hyundai,Santa Fe,Diésel,60000.0,197.0,manual,19990,Valencia,46001,Valencia,Valencia
Hyundai,Santa Fe,Diésel,60000.0,197.0,manual,19990,Alicante,3010,Alicante,Alicante
Hyundai,Santa Fe,Diésel,60000.0,197.0,manual,19990,Alicante,3010,Murcia,Alicante
Hyundai,Santa Fe,Diésel,60000.0,197.0,manual,19990,Armentia,1007,Álava,Armentia
Hyundai,Santa Fe,Diésel,60000.0,197.0,manual,19990,Burgos,9004,Burgos,Burgos
Hyundai,Santa Fe,Diésel,60000.0,197.0,manual,19990,Burgos,9004,Burgos,Burgos
Mercedes-Benz,Clase CLA,Gasolina,55428.0,122.0,automatic,29785,Collado Villalba,28400,Madrid,Collado Villalba
Mercedes-Benz,Clase CLA,Gasolina,55428.0,122.0,automatic,29785,Collado Villalba,28400,Madrid,Collado Villalba
Hyundai,ix20,Gasolina,180000.0,90.0,manual,6490,Valdefuentes,28939,Madrid,Valdefuentes
Hyundai,ix20,Gasolina,180000.0,90.0,manual,6490,Valdefuentes,28939,Madrid,Valdefuentes
Hyundai,ix20,Diésel,128328.0,90.0,manual,12250,Badajoz,6008,Badajoz,Badajoz
Hyundai,ix20,Diésel,128328.0,90.0,manual,12250,Barcelona,8007,Barcelona,Barcelona
Audi,A4 Allroad,Diésel,149865.0,177.0,automatic,17199,Barcelona,8007,Barcelona,Barcelona
Hyundai,ix20,Diésel,96783.0,128.0,manual,13990,Santa Maria del Aguila,4710,Almería,Santa Maria del Aguila
Hyundai,ix20,Diésel,96783.0,128.0,manual,13990,Albacete,2001,Albacete,Albacete
Hyundai,ix20,Diésel,96783.0,128.0,manual,13990,Hidraulica Santillana,28770,Madrid,Hidraulica Santillana
Hyundai,ix20,Diésel,96783.0,128.0,manual,13990,Alameda del Obispo,14005,Córdoba,Alameda del Obispo
Hyundai,ix20,Diésel,96783.0,128.0,manual,13990,Alzira,46600,Valencia,Alzira
Hyundai,ix20,Diésel,96783.0,128.0,manual,13990,Alzira,46600,Valencia,Alzira
Hyundai,ix20,Diésel,96783.0,128.0,manual,13990,Torremolinos,29620,Málaga,Torremolinos
Hyundai,ix20,Diésel,96783.0,128.0,manual,13990,Torremolinos,29620,Málaga,Torremolinos
Hyundai,ix20,Diésel,96783.0,128.0,manual,13990,Torremolinos,29620,Málaga,Torremolinos
Hyundai,ix20,Diésel,96783.0,128.0,manual,13990,Collado Villalba,28400,Madrid,Collado Villalba
Hyundai,ix20,Diésel,96783.0,128.0,manual,13990,Collado Villalba,28400,Madrid,Collado Villalba
Hyundai,ix20,Diésel,96783.0,128.0,manual,13990,Castello/Castellon de La Plana,12100,Castellón,Castello/Castellon de La Plana
Hyundai,ix20,Diésel,96783.0,128.0,manual,13990,Vigo,36214,Pontevedra,Vigo
Hyundai,ix20,Diésel,96783.0,128.0,manual,13990,Barcelona,8007,Barcelona,Barcelona
Hyundai,ix20,Diésel,96783.0,128.0,manual,13990,Alicante,3007,Alicante,Alicante
Hyundai,ix20,Gasolina,7320.0,126.0,automatic,14400,Òrrius,8317,Barcelona,Òrrius
Audi,A6 Allroad,Diésel,185000.0,272.0,manual,27990,Vigo,36209,Pontevedra,Vigo
Hyundai,ix20,Diésel,96783.0,128.0,manual,13990,Colonia Pablo Iglesias,28520,Madrid,Colonia Pablo Iglesias
Hyundai,ix20,Diésel,96783.0,128.0,manual,13990,Santafe,18320,Granada,Santafe
Hyundai,ix20,Diésel,96783.0,128.0,manual,13990,Getafe,28906,Madrid,Getafe
Hyundai,ix20,Diésel,96783.0,128.0,manual,13990,Mercabilbao,48970,Bizkaia,Mercabilbao
Hyundai,ix20,Diésel,96783.0,128.0,manual,13990,Atarrabia,31610,Navarra,Atarrabia
Hyundai,ix20,Diésel,96783.0,128.0,manual,13990,Alcalá de Guadaíra,41500,Sevilla,Alcalá de Guadaíra
Audi,A6 Allroad,Diésel,219000.0,204.0,automatic,18490,Granollers,8403,Barcelona,Granollers
Hyundai,ix20,Diésel,96783.0,128.0,manual,13990,Puerto de Sagunto,46520,Valencia,Puerto de Sagunto
Hyundai,ix20,Diésel,96783.0,128.0,manual,13990,Paterna,46980,Valencia,Paterna
Hyundai,ix20,Diésel,96783.0,128.0,manual,13990,Santiago de Compostela,15703,A Coruña,Santiago de Compostela
Hyundai,ix20,Diésel,96783.0,128.0,manual,13990,Badajoz,6008,Badajoz,Badajoz
Hyundai,ix20,Diésel,96783.0,128.0,manual,13990,Zaragoza,50013,Zaragoza,Zaragoza
Hyundai,ix20,Diésel,96783.0,128.0,manual,13990,Ciudad Real,13003,Ciudad Real,Ciudad Real
Hyundai,ix20,Diésel,96783.0,128.0,manual,13990,Granollers,8403,Barcelona,Granollers
Hyundai,ix20,Diésel,96783.0,128.0,manual,13990,Alcobendas,28100,Madrid,Alcobendas
Hyundai,Tucson,Gasolina,34576.0,131.0,manual,19538,Estepona,29680,Málaga,Estepona
Hyundai,Tucson,Diésel,57000.0,115.0,manual,486,Barcelona,8009,Barcelona,Barcelona
Audi,A7,Diésel,191000.0,272.0,automatic,25790,Almería,4006,Almería,Almería
Hyundai,Tucson,Gasolina,46764.0,150.0,manual,25890,Madrid,28021,Madrid,Madrid
Hyundai,Tucson,Gasolina,46764.0,150.0,manual,25390,Madrid,28021,Madrid,Madrid
Hyundai,Tucson,Diésel,160000.0,140.0,manual,6900,Badajoz,6001,Badajoz,Badajoz
Hyundai,Tucson,Diésel,11000.0,116.0,manual,25450,Igualada,8700,Barcelona,Igualada
Hyundai,Tucson,Gasolina,20836.0,150.0,automatic,33235,Hidraulica Santillana,28770,Madrid,Hidraulica Santillana
Hyundai,Tucson,Gasolina,20836.0,150.0,automatic,33235,Badajoz,6008,Badajoz,Badajoz
Hyundai,Tucson,Gasolina,20836.0,150.0,automatic,33235,Saladar,3700,Alicante,Saladar
Alfa Romeo,MiTO,Diésel,150001.0,90.0,manual,7500,Pamplona/Iruña,31001,Navarra,Pamplona/Iruña
Hyundai,Tucson,Gasolina,88313.0,176.0,automatic,22000,Leganés,28914,Madrid,Leganés
Hyundai,Tucson,Gasolina,88313.0,176.0,automatic,22000,Toledo,45002,Toledo,Toledo
Hyundai,Tucson,Gasolina,88313.0,176.0,automatic,22000,Viladecans,8840,Barcelona,Viladecans
Hyundai,Tucson,Gasolina,105773.0,131.0,manual,14850,Olèrdola,8734,Barcelona,Olèrdola
Hyundai,Tucson,Gasolina,105773.0,131.0,manual,14850,Olèrdola,8734,Barcelona,Olèrdola
Hyundai,Tucson,Diésel,75870.0,115.0,manual,15990,Almería,4006,Almería,Almería
Mercedes-Benz,Clase CLA,Gasolina,55428.0,122.0,automatic,29785,Alcalá de Guadaíra,41500,Sevilla,Alcalá de Guadaíra
Mercedes-Benz,Clase CLA,Gasolina,55428.0,122.0,automatic,29785,Hidraulica Santillana,28770,Madrid,Hidraulica Santillana
Mercedes-Benz,Clase CLA,Gasolina,55428.0,122.0,automatic,29785,Alcobendas,28100,Madrid,Alcobendas
Audi,A2,Diésel,219000.0,75.0,manual,4900,Velilla de San Antonio,28891,Madrid,Velilla de San Antonio
Hyundai,Tucson,Gasolina,105773.0,131.0,manual,14850,Mercado Parque Corredor del Henares,28850,Madrid,Mercado Parque Corredor del Henares
Hyundai,Tucson,Gasolina,20836.0,150.0,automatic,33235,Castello/Castellon de La Plana,12100,Castellón,Castello/Castellon de La Plana
Hyundai,Tucson,Diésel,113254.0,115.0,manual,18950,Valdepeñas,13300,Ciudad Real,Valdepeñas
Hyundai,Tucson,Diésel,113254.0,115.0,manual,18950,Valdepeñas,13300,Ciudad Real,Valdepeñas
Hyundai,Tucson,Gasolina,88313.0,176.0,automatic,22000,Valladolid,47004,Valladolid,Valladolid
Hyundai,Tucson,Gasolina,20836.0,150.0,automatic,33235,Mercado Parque Corredor del Henares,28850,Madrid,Mercado Parque Corredor del Henares
Hyundai,Tucson,Gasolina,88313.0,176.0,automatic,22000,Barcelona,8013,Barcelona,Barcelona
Hyundai,Tucson,Gasolina,20836.0,150.0,automatic,33235,Granollers,8403,Barcelona,Granollers
Hyundai,Tucson,Diésel,75870.0,115.0,manual,15990,Marbella,29601,Málaga,Marbella
Mercedes-Benz,Clase CLA,Gasolina,55428.0,122.0,automatic,29785,Albacete,2001,Albacete,Albacete
Mercedes-Benz,Clase CLA,Gasolina,55428.0,122.0,automatic,29785,Alzira,46600,Valencia,Alzira
Mercedes-Benz,Clase CLA,Gasolina,55428.0,122.0,automatic,29785,Alzira,46600,Valencia,Alzira
Audi,A1,Gasolina,16100.0,110.0,manual,20790,Valencia,46001,Valencia,Valencia
Audi,A1,Gasolina,16100.0,110.0,manual,20790,Granada,18005,Granada,Granada
Audi,A1,Gasolina,16100.0,110.0,manual,20790,Ullastrell,8231,Barcelona,Ullastrell
Audi,A1,Gasolina,16100.0,110.0,manual,20790,Òrrius,8317,Barcelona,Òrrius
Audi,A1,Gasolina,16100.0,110.0,manual,20790,Palma de Mallorca,7003,Baleares,Palma de Mallorca
Audi,A1,Gasolina,16100.0,110.0,manual,20790,Palau-Solita I Plegamans,8184,Barcelona,Palau-Solita I Plegamans
Audi,A1,Gasolina,16100.0,110.0,manual,20790,Palau-Solita I Plegamans,8184,Barcelona,Palau-Solita I Plegamans
Audi,Q5,Diésel,76707.0,136.0,manual,29490,Málaga,29004,Málaga,Málaga
Hyundai,Matrix,Diésel,164000.0,102.0,manual,3199,Los Garres,30158,Murcia,Los Garres
Hyundai,Elantra,Gasolina,88863.0,128.0,manual,14375,Albacete,2001,Albacete,Albacete
Hyundai,Elantra,Gasolina,88863.0,128.0,manual,14375,Alicante,3007,Alicante,Alicante
Hyundai,Elantra,Gasolina,88863.0,128.0,manual,14375,Hidraulica Santillana,28770,Madrid,Hidraulica Santillana
Hyundai,Elantra,Gasolina,88863.0,128.0,manual,14375,Alameda del Obispo,14005,Córdoba,Alameda del Obispo
Hyundai,Elantra,Gasolina,88863.0,128.0,manual,14375,Colonia Pablo Iglesias,28520,Madrid,Colonia Pablo Iglesias
Hyundai,Elantra,Gasolina,88863.0,128.0,manual,14375,Torremolinos,29620,Málaga,Torremolinos
Hyundai,Elantra,Gasolina,88863.0,128.0,manual,14375,Torremolinos,29620,Málaga,Torremolinos
Hyundai,Elantra,Gasolina,88863.0,128.0,manual,14375,Torremolinos,29620,Málaga,Torremolinos
Hyundai,Elantra,Diésel,62000.0,136.0,manual,16900,El Campello,3560,Alicante,El Campello
Hyundai,Elantra,Gasolina,88863.0,128.0,manual,14375,Badajoz,6008,Badajoz,Badajoz
Hyundai,Elantra,Gasolina,88863.0,128.0,manual,14375,Santafe,18320,Granada,Santafe
Hyundai,Elantra,Gasolina,88863.0,128.0,manual,14375,Valdepeñas,13300,Ciudad Real,Valdepeñas
Hyundai,Elantra,Gasolina,88863.0,128.0,manual,14375,Valdepeñas,13300,Ciudad Real,Valdepeñas
Hyundai,Elantra,Gasolina,88863.0,128.0,manual,14375,Granollers,8403,Barcelona,Granollers
Hyundai,Elantra,Gasolina,88863.0,128.0,manual,14375,Vigo,36214,Pontevedra,Vigo
Hyundai,Elantra,Gasolina,88863.0,128.0,manual,14375,Atarrabia,31610,Navarra,Atarrabia
Hyundai,Elantra,Gasolina,88863.0,128.0,manual,14375,Olèrdola,8734,Barcelona,Olèrdola
Hyundai,Elantra,Gasolina,88863.0,128.0,manual,14375,Olèrdola,8734,Barcelona,Olèrdola
Audi,S4,Gasolina,130000.0,333.0,automatic,22900,Santa Cruz Santa Cruz,30162,Murcia,Santa Cruz Santa Cruz
Audi,S4,Gasolina,230000.0,333.0,automatic,14500,Cuéllar,40200,Segovia,Cuéllar
Hyundai,Elantra,Gasolina,88863.0,128.0,manual,14375,Sant Vicenç de Montalt,8394,Barcelona,Sant Vicenç de Montalt
Hyundai,Elantra,Gasolina,88863.0,128.0,manual,14375,Ciudad Real,13003,Ciudad Real,Ciudad Real
Hyundai,Elantra,Gasolina,88863.0,128.0,manual,14375,Alcobendas,28100,Madrid,Alcobendas
Hyundai,Elantra,Gasolina,44200.0,107.0,manual,4400,Sedaví,46910,Valencia,Sedaví
Hyundai,Elantra,Gasolina,44200.0,107.0,manual,4400,Sedaví,46910,Valencia,Sedaví
Hyundai,Elantra,Gasolina,44200.0,107.0,manual,4400,Sedaví,46910,Valencia,Sedaví
Hyundai,Elantra,Gasolina,44200.0,107.0,manual,4400,Sedaví,46910,Valencia,Sedaví
Hyundai,Elantra,Gasolina,99791.0,132.0,manual,9099,Barcelona,8007,Barcelona,Barcelona
Hyundai,Elantra,Gasolina,99791.0,132.0,manual,8899,Barcelona,8007,Barcelona,Barcelona
Hyundai,Elantra,Gasolina,99791.0,132.0,manual,8599,Barcelona,8007,Barcelona,Barcelona
Hyundai,Elantra,Diésel,133814.0,136.0,manual,14950,Getafe,28906,Madrid,Getafe
Hyundai,Elantra,Diésel,133814.0,136.0,manual,14950,Las Rozas de Madrid,28232,Madrid,Las Rozas de Madrid
Hyundai,Elantra,Diésel,133814.0,136.0,manual,14950,Ciudad Real,13003,Ciudad Real,Ciudad Real
Hyundai,Elantra,Diésel,133814.0,136.0,manual,14950,Mercado Parque Corredor del Henares,28850,Madrid,Mercado Parque Corredor del Henares
Hyundai,Elantra,Diésel,133814.0,136.0,manual,14950,Granollers,8403,Barcelona,Granollers
Hyundai,Elantra,Diésel,133814.0,136.0,manual,14950,Murcia,30003,Murcia,Murcia
Hyundai,Elantra,Diésel,133814.0,136.0,manual,14950,Saladar,3700,Alicante,Saladar
Hyundai,Elantra,Diésel,133814.0,136.0,manual,14950,Estepona,29680,Málaga,Estepona
Hyundai,Elantra,Diésel,133814.0,136.0,manual,14950,Sant Vicenç de Montalt,8394,Barcelona,Sant Vicenç de Montalt
Hyundai,Elantra,Diésel,133814.0,136.0,manual,14950,Santa Maria del Aguila,4710,Almería,Santa Maria del Aguila
Hyundai,Elantra,Diésel,133814.0,136.0,manual,14950,Alzira,46600,Valencia,Alzira
Hyundai,Elantra,Diésel,133814.0,136.0,manual,14950,Alzira,46600,Valencia,Alzira
Mercedes-Benz,Clase CLA,Gasolina,55428.0,122.0,automatic,29785,Alicante,3007,Alicante,Alicante
Mercedes-Benz,Clase CLA,Gasolina,55428.0,122.0,automatic,29785,Alameda del Obispo,14005,Córdoba,Alameda del Obispo
Mercedes-Benz,Clase CLA,Gasolina,55428.0,122.0,automatic,29785,Torremolinos,29620,Málaga,Torremolinos
Mercedes-Benz,Clase CLA,Gasolina,55428.0,122.0,automatic,29785,Torremolinos,29620,Málaga,Torremolinos
Mercedes-Benz,Clase CLA,Gasolina,55428.0,122.0,automatic,29785,Torremolinos,29620,Málaga,Torremolinos
Hyundai,Grand Santa Fe,Diésel,146370.0,197.0,automatic,20900,Getafe,28906,Madrid,Getafe
Mercedes-Benz,Clase CLA,Gasolina,55428.0,122.0,automatic,29785,Santiago de Compostela,15703,A Coruña,Santiago de Compostela
Mercedes-Benz,Clase CLA,Diésel,43782.0,136.0,manual,24500,Murcia,30007,Murcia,Murcia
Hyundai,Accent,Gasolina,191443.0,97.0,manual,2990,Utebo,50180,Zaragoza,Utebo
Audi,Q3,Diésel,163253.0,150.0,manual,22900,Badajoz,6004,Badajoz,Badajoz
Mercedes-Benz,SL,Gasolina,95000.0,612.0,automatic,39900,Marbella,29660,Málaga,Marbella
Audi,A4,Diésel,96273.0,150.0,automatic,22990,Alicante,3010,Alicante,Alicante
Audi,A4,Diésel,96273.0,150.0,automatic,22990,Alicante,3010,Murcia,Alicante
Audi,A4,Diésel,96273.0,150.0,automatic,22990,Bilbao,48004,Bizkaia,Bilbao
Audi,A4,Diésel,81780.0,150.0,automatic,18990,Málaga,29005,Málaga,Málaga
Hyundai,i40,Diésel,166999.0,115.0,manual,9990,Collado Villalba,28400,Madrid,Collado Villalba
Hyundai,i40,Diésel,166999.0,115.0,manual,9990,Collado Villalba,28400,Madrid,Collado Villalba
Hyundai,i40,Diésel,166999.0,115.0,manual,9990,Urbanizacion La Granjilla,28700,Madrid,Urbanizacion La Granjilla
Hyundai,i40,Diésel,166999.0,115.0,manual,9990,Villaviciosa de Odón,28670,Madrid,Villaviciosa de Odón
Hyundai,i40,Diésel,117981.0,141.0,manual,15900,Sant Cugat del Vallès,8172,Barcelona,Sant Cugat del Vallès
Hyundai,i40,Diésel,117981.0,141.0,manual,15900,Barcelona,8008,Barcelona,Barcelona
Hyundai,i40,Diésel,117981.0,141.0,manual,15900,Barcelona,8013,Barcelona,Barcelona
Hyundai,i40,Diésel,113298.0,136.0,manual,12089,Getafe,28906,Madrid,Getafe
Hyundai,i40,Diésel,34342.0,115.0,manual,16280,Mercado Parque Corredor del Henares,28850,Madrid,Mercado Parque Corredor del Henares
Hyundai,i40,Diésel,128000.0,115.0,manual,12590,Vigo,36211,Pontevedra,Vigo
Hyundai,i40,Diésel,128000.0,115.0,manual,12590,Granada,18005,Granada,Granada
Hyundai,i40,Diésel,113298.0,136.0,manual,12089,Valdepeñas,13300,Ciudad Real,Valdepeñas
Hyundai,i40,Diésel,113298.0,136.0,manual,12089,Valdepeñas,13300,Ciudad Real,Valdepeñas
Hyundai,i40,Diésel,113298.0,136.0,manual,12089,Santiago de Compostela,15703,A Coruña,Santiago de Compostela
Hyundai,i40,Diésel,128000.0,115.0,manual,12590,Málaga,29005,Málaga,Málaga
Hyundai,i40,Diésel,113298.0,136.0,manual,12089,Olèrdola,8734,Barcelona,Olèrdola
Hyundai,i40,Diésel,113298.0,136.0,manual,12089,Olèrdola,8734,Barcelona,Olèrdola
Hyundai,i40,Diésel,113298.0,136.0,manual,12089,Santafe,18320,Granada,Santafe
Audi,A8,Diésel,188410.0,250.0,automatic,22990,Sevilla,41005,Sevilla,Sevilla
Audi,A8,Diésel,188410.0,250.0,automatic,22990,Bilbao,48004,Bizkaia,Bilbao
Hyundai,i40,Diésel,113298.0,136.0,manual,12089,Alcobendas,28100,Madrid,Alcobendas
Hyundai,i40,Diésel,113298.0,136.0,manual,12089,Mercabilbao,48970,Bizkaia,Mercabilbao
Hyundai,i40,Diésel,113298.0,136.0,manual,12089,Alicante,3007,Alicante,Alicante
Hyundai,i40,Diésel,113298.0,136.0,manual,12089,Alzira,46600,Valencia,Alzira
Hyundai,i40,Diésel,113298.0,136.0,manual,12089,Alzira,46600,Valencia,Alzira
Audi,RS5,Gasolina,125000.0,450.0,manual,32000,Lorquí,30564,Murcia,Lorquí
Hyundai,i30,Gasolina,60000.0,119.0,manual,208,Madrid,28009,Madrid,Madrid
Hyundai,i30,Gasolina,88000.0,119.0,manual,385,Madrid,28006,Madrid,Madrid
Hyundai,i30,Diésel,110000.0,115.0,manual,337,Sevilla,41018,Sevilla,Sevilla
Hyundai,i30,Diésel,93839.0,110.0,manual,15513,Santa Maria del Aguila,4710,Almería,Santa Maria del Aguila
Hyundai,i30,Diésel,93839.0,110.0,manual,15513,Ciudad Real,13003,Ciudad Real,Ciudad Real
Hyundai,i30,Diésel,93839.0,110.0,manual,15513,Santiago de Compostela,15703,A Coruña,Santiago de Compostela
Hyundai,i30,Diésel,93839.0,110.0,manual,15513,Valdepeñas,13300,Ciudad Real,Valdepeñas
Hyundai,i30,Diésel,93839.0,110.0,manual,15513,Valdepeñas,13300,Ciudad Real,Valdepeñas
Hyundai,i30,Diésel,93839.0,110.0,manual,15513,Saladar,3700,Alicante,Saladar
Hyundai,i30,Diésel,93839.0,110.0,manual,15513,Olèrdola,8734,Barcelona,Olèrdola
Hyundai,i30,Diésel,93839.0,110.0,manual,15513,Olèrdola,8734,Barcelona,Olèrdola
Hyundai,i30,Gasolina,25735.0,250.0,manual,22490,Sevilla,41005,Sevilla,Sevilla
Hyundai,i30,Gasolina,25735.0,250.0,manual,22490,Alicante,3010,Alicante,Alicante
Hyundai,i30,Gasolina,25735.0,250.0,manual,22490,Alicante,3010,Murcia,Alicante
Audi,A7,Diésel,69990.0,320.0,automatic,37890,Oviedo,33003,Asturias,Oviedo
Audi,A7,Diésel,69990.0,320.0,automatic,39990,Oviedo,33003,Asturias,Oviedo
Audi,A7,Diésel,69990.0,320.0,automatic,37890,Burgos,9004,Burgos,Burgos
Audi,A7,Diésel,69990.0,320.0,automatic,37890,Burgos,9004,Burgos,Burgos
Audi,A7,Diésel,69990.0,320.0,automatic,39990,Burgos,9004,Burgos,Burgos
Audi,A7,Diésel,69990.0,320.0,automatic,39990,Burgos,9004,Burgos,Burgos
Audi,A7,Diésel,83996.0,218.0,automatic,35990,Valencia,46001,Valencia,Valencia
Audi,A7,Diésel,69990.0,320.0,automatic,37890,Valladolid,47006,Valladolid,Valladolid
Audi,A7,Diésel,69990.0,320.0,automatic,39990,Valladolid,47006,Valladolid,Valladolid
Hyundai,i30,Gasolina,25735.0,250.0,manual,22490,Vigo,36211,Pontevedra,Vigo
Hyundai,i30,Gasolina,25735.0,250.0,manual,22490,Almería,4006,Almería,Almería
Hyundai,i30,Gasolina,25735.0,250.0,manual,22490,Ullastrell,8231,Barcelona,Ullastrell
Hyundai,i30,Gasolina,25735.0,250.0,manual,22490,Òrrius,8317,Barcelona,Òrrius
Hyundai,i30,Gasolina,5681.0,120.0,manual,19435,Vigo,36214,Pontevedra,Vigo
Hyundai,i30,Gasolina,5681.0,120.0,manual,19435,Sant Vicenç de Montalt,8394,Barcelona,Sant Vicenç de Montalt
Hyundai,i30,Diésel,93839.0,110.0,manual,15513,Murcia,30003,Murcia,Murcia
Hyundai,i30,Gasolina,5681.0,120.0,manual,19435,Estepona,29680,Málaga,Estepona
Hyundai,i30,Diésel,93839.0,110.0,manual,15513,Mercado Parque Corredor del Henares,28850,Madrid,Mercado Parque Corredor del Henares
Hyundai,i30,Gasolina,5681.0,120.0,manual,19435,Mercado Parque Corredor del Henares,28850,Madrid,Mercado Parque Corredor del Henares
Hyundai,i30,Diésel,61581.0,136.0,automatic,18900,Alicante,3007,Alicante,Alicante
Bentley,Continental,Gasolina,124000.0,560.0,automatic,37900,Granollers,8401,Barcelona,Granollers
Audi,A1,Gasolina,23590.0,116.0,manual,20490,Vigo,36211,Pontevedra,Vigo
Hyundai,i30,Gasolina,32257.0,120.0,manual,16990,Marbella,29601,Málaga,Marbella
Hyundai,i30,Gasolina,45637.0,120.0,manual,13990,Alicante,3010,Alicante,Alicante
Hyundai,i30,Gasolina,45637.0,120.0,manual,13990,Alicante,3010,Murcia,Alicante
Hyundai,i30,Gasolina,45637.0,120.0,manual,13990,Vigo,36211,Pontevedra,Vigo
Hyundai,i30,Gasolina,45637.0,120.0,manual,13990,Granada,18005,Granada,Granada
Hyundai,i30,Diésel,104522.0,110.0,manual,13299,Barcelona,8007,Barcelona,Barcelona
Hyundai,i30,Diésel,128467.0,90.0,manual,11199,Barcelona,8007,Barcelona,Barcelona
Hyundai,ix35,Diésel,169013.0,115.0,manual,13189,Las Rozas de Madrid,28232,Madrid,Las Rozas de Madrid
Hyundai,ix35,Diésel,169013.0,115.0,manual,13189,Sant Vicenç de Montalt,8394,Barcelona,Sant Vicenç de Montalt
Hyundai,ix35,Diésel,169013.0,115.0,manual,13189,Murcia,30003,Murcia,Murcia
Hyundai,ix35,Diésel,169013.0,115.0,manual,13189,Estepona,29680,Málaga,Estepona
Hyundai,ix35,Diésel,169013.0,115.0,manual,13189,Olèrdola,8734,Barcelona,Olèrdola
Hyundai,ix35,Diésel,169013.0,115.0,manual,13189,Olèrdola,8734,Barcelona,Olèrdola
Hyundai,ix35,Diésel,169013.0,115.0,manual,13189,Barcelona,8007,Barcelona,Barcelona
Hyundai,ix35,Diésel,46374.0,115.0,manual,14999,Barcelona,8007,Barcelona,Barcelona
Hyundai,ix35,Diésel,46374.0,115.0,manual,14599,Barcelona,8007,Barcelona,Barcelona
Hyundai,ix35,Diésel,77832.0,115.0,manual,12099,Madrid,28014,Madrid,Madrid
Hyundai,ix35,Diésel,77832.0,115.0,manual,12099,Barcelona,8007,Barcelona,Barcelona
Hyundai,ix35,Diésel,169013.0,115.0,manual,13189,Colonia Pablo Iglesias,28520,Madrid,Colonia Pablo Iglesias
Hyundai,ix35,Diésel,169013.0,115.0,manual,13189,Alameda del Obispo,14005,Córdoba,Alameda del Obispo
Hyundai,ix35,Diésel,169013.0,115.0,manual,13189,Zaragoza,50013,Zaragoza,Zaragoza
Hyundai,ix35,Diésel,169013.0,115.0,manual,13189,Santafe,18320,Granada,Santafe
Hyundai,ix35,Diésel,169013.0,115.0,manual,13189,Puerto de Sagunto,46520,Valencia,Puerto de Sagunto
Hyundai,ix35,Diésel,169013.0,115.0,manual,13189,Paterna,46980,Valencia,Paterna
Hyundai,ix35,Diésel,169013.0,115.0,manual,13189,Getafe,28906,Madrid,Getafe
Hyundai,ix35,Diésel,152769.0,115.0,manual,10899,Barcelona,8007,Barcelona,Barcelona
Hyundai,ix35,Diésel,152769.0,115.0,manual,10699,Barcelona,8007,Barcelona,Barcelona
Hyundai,ix35,Diésel,152769.0,115.0,manual,10899,Madrid,28014,Madrid,Madrid
Hyundai,ix35,Diésel,152769.0,115.0,manual,10699,Madrid,28014,Madrid,Madrid
Hyundai,ix35,Diésel,169013.0,115.0,manual,13189,Mercabilbao,48970,Bizkaia,Mercabilbao
Hyundai,ix35,Diésel,169013.0,115.0,manual,13189,Albacete,2001,Albacete,Albacete
Hyundai,ix35,Diésel,169013.0,115.0,manual,13189,Castello/Castellon de La Plana,12100,Castellón,Castello/Castellon de La Plana
Hyundai,ix35,Diésel,169013.0,115.0,manual,13189,Badajoz,6008,Badajoz,Badajoz
Hyundai,ix35,Diésel,169013.0,115.0,manual,13189,Alicante,3007,Alicante,Alicante
Hyundai,ix35,Diésel,169013.0,115.0,manual,13189,Hidraulica Santillana,28770,Madrid,Hidraulica Santillana
Hyundai,ix35,Diésel,111064.0,115.0,manual,12299,Madrid,28014,Madrid,Madrid
Hyundai,ix35,Diésel,111064.0,115.0,manual,12299,Barcelona,8007,Barcelona,Barcelona
Hyundai,ix35,Diésel,103000.0,116.0,manual,11500,Cornella del Terri,17844,Girona,Cornella del Terri
Mercedes-Benz,GLE,Diésel,115000.0,204.0,automatic,39999,"Carretera del Km. 17,500 Al 22,600 Madrid-Colmenar Viejo",28760,Madrid,"Carretera del Km. 17,500 Al 22,600 Madrid-Colmenar Viejo"
Mercedes-Benz,GLE,Diésel,115000.0,204.0,automatic,35999,"Carretera del Km. 17,500 Al 22,600 Madrid-Colmenar Viejo",28760,Madrid,"Carretera del Km. 17,500 Al 22,600 Madrid-Colmenar Viejo"
Hyundai,Kona,Gasolina,42088.0,120.0,manual,15990,Málaga,29005,Málaga,Málaga
Hyundai,Kona,Gasolina,41163.0,120.0,manual,15990,Colonia Pablo Iglesias,28520,Madrid,Colonia Pablo Iglesias
Hyundai,Kona,Eléctrico,9000.0,136.0,automatic,31900,Ajalvir,28864,Madrid,Ajalvir
Hyundai,Kona,Gasolina,169.0,120.0,manual,21838,Alcobendas,28100,Madrid,Alcobendas
Hyundai,Kona,Gasolina,169.0,120.0,manual,21838,Ciudad Real,13003,Ciudad Real,Ciudad Real
Hyundai,Kona,Gasolina,169.0,120.0,manual,21838,Getafe,28906,Madrid,Getafe
Hyundai,Kona,Gasolina,169.0,120.0,manual,21838,Santiago de Compostela,15703,A Coruña,Santiago de Compostela
Hyundai,Kona,Gasolina,169.0,120.0,manual,21838,Vigo,36214,Pontevedra,Vigo
Hyundai,Kona,Gasolina,169.0,120.0,manual,21838,Badajoz,6008,Badajoz,Badajoz
Hyundai,Kona,Gasolina,169.0,120.0,manual,21838,Santafe,18320,Granada,Santafe
Hyundai,Kona,Gasolina,169.0,120.0,manual,21838,Murcia,30003,Murcia,Murcia
Hyundai,Kona,Gasolina,169.0,120.0,manual,21838,Olèrdola,8734,Barcelona,Olèrdola
Hyundai,Kona,Gasolina,169.0,120.0,manual,21838,Olèrdola,8734,Barcelona,Olèrdola
Hyundai,Kona,Gasolina,169.0,120.0,manual,21838,Granollers,8403,Barcelona,Granollers
Hyundai,Kona,Gasolina,169.0,120.0,manual,21838,Alzira,46600,Valencia,Alzira
Hyundai,Kona,Gasolina,169.0,120.0,manual,21838,Alzira,46600,Valencia,Alzira
Hyundai,Kona,Gasolina,169.0,120.0,manual,21838,Las Rozas de Madrid,28232,Madrid,Las Rozas de Madrid
Hyundai,Kona,Gasolina,169.0,120.0,manual,21838,Zaragoza,50013,Zaragoza,Zaragoza
Hyundai,Kona,Gasolina,169.0,120.0,manual,21838,Paterna,46980,Valencia,Paterna
Hyundai,Kona,Gasolina,169.0,120.0,manual,21838,Alcalá de Guadaíra,41500,Sevilla,Alcalá de Guadaíra
Hyundai,Kona,Gasolina,169.0,120.0,manual,21838,Alameda del Obispo,14005,Córdoba,Alameda del Obispo
Hyundai,Kona,Gasolina,41163.0,120.0,manual,15990,Almería,4006,Almería,Almería
Chevrolet,Cruze,Gasolina,126000.0,113.0,manual,5990,Torremolinos,29620,Málaga,Torremolinos
Chevrolet,Cruze,Gasolina,126000.0,113.0,manual,5990,Torremolinos,29620,Málaga,Torremolinos
Chevrolet,Cruze,Gasolina,126000.0,113.0,manual,5990,Torremolinos,29620,Málaga,Torremolinos
Hyundai,BAYON,Gasolina,4920.0,85.0,manual,17490,San Fernando de Henares,28830,Madrid,San Fernando de Henares
Hyundai,BAYON,Gasolina,3163.0,85.0,manual,17490,San Fernando de Henares,28830,Madrid,San Fernando de Henares
Hyundai,BAYON,Gasolina,4381.0,85.0,manual,17490,San Fernando de Henares,28830,Madrid,San Fernando de Henares
Hyundai,BAYON,Gasolina,3540.0,85.0,manual,17490,San Fernando de Henares,28830,Madrid,San Fernando de Henares
Hyundai,BAYON,Gasolina,3068.0,85.0,manual,17490,Pontevedra,36161,Pontevedra,Pontevedra
Hyundai,BAYON,Gasolina,3163.0,85.0,manual,17490,Pontevedra,36161,Pontevedra,Pontevedra
Hyundai,BAYON,Gasolina,4381.0,85.0,manual,17490,Pontevedra,36161,Pontevedra,Pontevedra
Hyundai,BAYON,Gasolina,3540.0,85.0,manual,17490,Pontevedra,36161,Pontevedra,Pontevedra
Hyundai,BAYON,Gasolina,3068.0,85.0,manual,17490,Molino de La Hoz,28290,Madrid,Molino de La Hoz
Hyundai,BAYON,Gasolina,3163.0,85.0,manual,17490,Molino de La Hoz,28290,Madrid,Molino de La Hoz
Hyundai,BAYON,Gasolina,4381.0,85.0,manual,17490,Molino de La Hoz,28290,Madrid,Molino de La Hoz
Hyundai,BAYON,Gasolina,3540.0,85.0,manual,17490,Molino de La Hoz,28290,Madrid,Molino de La Hoz
Audi,A4,Diésel,150000.0,143.0,manual,15499,El Cigarral,29120,Málaga,El Cigarral
Hyundai,BAYON,Gasolina,3068.0,85.0,manual,17490,Poligono Industrial San Fernando,28830,Madrid,Poligono Industrial San Fernando
Audi,A4,Diésel,248288.0,136.0,manual,9950,Alicante,3009,Alicante,Alicante
Hyundai,Getz,Gasolina,246000.0,63.0,manual,2299,Fuenlabrada,28941,Madrid,Fuenlabrada
Chevrolet,Aveo,Gasolina,90000.0,84.0,manual,4900,Ciudad Deportiva del Jarama,28709,Madrid,Ciudad Deportiva del Jarama
Chevrolet,Camaro,Gasolina,60112.0,405.0,automatic,33550,Sant Vicenç de Montalt,8394,Barcelona,Sant Vicenç de Montalt
Chevrolet,Camaro,Gasolina,60112.0,405.0,automatic,33550,Castello/Castellon de La Plana,12100,Castellón,Castello/Castellon de La Plana
Chevrolet,Camaro,Gasolina,60112.0,405.0,automatic,33550,Mercabilbao,48970,Bizkaia,Mercabilbao
Chevrolet,Camaro,Gasolina,60112.0,405.0,automatic,33550,Santafe,18320,Granada,Santafe
Chevrolet,Camaro,Gasolina,60112.0,405.0,automatic,33550,Collado Villalba,28400,Madrid,Collado Villalba
Chevrolet,Camaro,Gasolina,60112.0,405.0,automatic,33550,Collado Villalba,28400,Madrid,Collado Villalba
Chevrolet,Camaro,Gasolina,60112.0,405.0,automatic,33550,Alameda del Obispo,14005,Córdoba,Alameda del Obispo
Chevrolet,Camaro,Gasolina,60112.0,405.0,automatic,33550,Santa Maria del Aguila,4710,Almería,Santa Maria del Aguila
Hyundai,Veloster,Gasolina,140886.0,140.0,manual,10900,Olías del Rey,45280,Toledo,Olías del Rey
Hyundai,i10,Gasolina,48230.0,66.0,manual,7400,Málaga,29005,Málaga,Málaga
Hyundai,i10,Gasolina,79396.0,87.0,manual,12638,Alcalá de Guadaíra,41500,Sevilla,Alcalá de Guadaíra
Hyundai,i10,Gasolina,79396.0,87.0,manual,12638,Las Rozas de Madrid,28232,Madrid,Las Rozas de Madrid
Hyundai,i10,Gasolina,79396.0,87.0,manual,12638,Getafe,28906,Madrid,Getafe
Chevrolet,Camaro,Gasolina,60112.0,405.0,automatic,33550,Olèrdola,8734,Barcelona,Olèrdola
Chevrolet,Camaro,Gasolina,60112.0,405.0,automatic,33550,Olèrdola,8734,Barcelona,Olèrdola
Chevrolet,Captiva,Diésel,124743.0,185.0,manual,11599,Barcelona,8007,Barcelona,Barcelona
Chevrolet,Captiva,Diésel,124743.0,185.0,manual,11499,Barcelona,8007,Barcelona,Barcelona
Chevrolet,Captiva,Diésel,138483.0,184.0,automatic,12400,Alzira,46600,Valencia,Alzira
Chevrolet,Captiva,Diésel,138483.0,184.0,automatic,12400,Alzira,46600,Valencia,Alzira
Chevrolet,Captiva,Diésel,138483.0,184.0,automatic,12400,Badajoz,6008,Badajoz,Badajoz
Chevrolet,Captiva,Diésel,138483.0,184.0,automatic,12400,Alicante,3007,Alicante,Alicante
Chevrolet,Captiva,Diésel,138483.0,184.0,automatic,12400,Santafe,18320,Granada,Santafe
Hyundai,i10,Gasolina,79396.0,87.0,manual,12638,Puerto de Sagunto,46520,Valencia,Puerto de Sagunto
Hyundai,i10,Gasolina,79396.0,87.0,manual,12638,Alzira,46600,Valencia,Alzira
Hyundai,i10,Gasolina,79396.0,87.0,manual,12638,Alzira,46600,Valencia,Alzira
Hyundai,i10,Gasolina,79396.0,87.0,manual,12638,Albacete,2001,Albacete,Albacete
Hyundai,i10,Gasolina,84731.0,67.0,manual,8999,Madrid,28014,Madrid,Madrid
Hyundai,i10,Gasolina,12641.0,67.0,manual,7990,Xirivella,46950,Valencia,Xirivella
Hyundai,i10,Gasolina,96000.0,66.0,manual,240,Sevilla,41018,Sevilla,Sevilla
Hyundai,i10,Gasolina,96000.0,66.0,manual,236,Barcelona,8007,Barcelona,Barcelona
Hyundai,i10,Gasolina,94000.0,66.0,manual,181,Madrid,28009,Madrid,Madrid
Chevrolet,Captiva,Diésel,360000.0,150.0,automatic,6500,Linares,23700,Jaén,Linares
Hyundai,i10,Gasolina,94000.0,66.0,manual,240,Valencia,46005,Valencia,Valencia
Hyundai,i10,Gasolina,94925.0,70.0,manual,5599,Barcelona,8007,Barcelona,Barcelona
Hyundai,i10,Gasolina,61281.0,66.0,manual,8990,Málaga,29005,Málaga,Málaga
Hyundai,i10,Gasolina,24978.0,66.0,manual,9950,Málaga,29006,Málaga,Málaga
Hyundai,i10,Gasolina,35397.0,67.0,manual,12490,Murcia,30007,Murcia,Murcia
Hyundai,IONIQ,Eléctrico,19258.0,141.0,automatic,26910,Zaragoza,50013,Zaragoza,Zaragoza
Hyundai,IONIQ,Eléctrico,19258.0,141.0,automatic,26910,Mercado Parque Corredor del Henares,28850,Madrid,Mercado Parque Corredor del Henares
Hyundai,IONIQ,Eléctrico,19258.0,141.0,automatic,26910,Alcalá de Guadaíra,41500,Sevilla,Alcalá de Guadaíra
Hyundai,IONIQ,Eléctrico,19258.0,141.0,automatic,26910,Paterna,46980,Valencia,Paterna
Hyundai,IONIQ,Eléctrico,19258.0,141.0,automatic,26910,Puerto de Sagunto,46520,Valencia,Puerto de Sagunto
Hyundai,IONIQ,Eléctrico,19258.0,141.0,automatic,26910,Badajoz,6008,Badajoz,Badajoz
Hyundai,IONIQ,Eléctrico,19258.0,141.0,automatic,26910,Valdepeñas,13300,Ciudad Real,Valdepeñas
Hyundai,IONIQ,Eléctrico,19258.0,141.0,automatic,26910,Valdepeñas,13300,Ciudad Real,Valdepeñas
Hyundai,IONIQ,Eléctrico,19258.0,141.0,automatic,26910,Granollers,8403,Barcelona,Granollers
Hyundai,IONIQ,Eléctrico,19258.0,141.0,automatic,26910,Murcia,30003,Murcia,Murcia
Hyundai,IONIQ,Eléctrico,19258.0,141.0,automatic,26910,Olèrdola,8734,Barcelona,Olèrdola
Hyundai,IONIQ,Eléctrico,19258.0,141.0,automatic,26910,Olèrdola,8734,Barcelona,Olèrdola
Chevrolet,Spark,Gasolina,108000.0,68.0,manual,4900,El Puerto de Santa María,11500,Cádiz,El Puerto de Santa María
Hyundai,IONIQ,Eléctrico,38672.0,141.0,automatic,19550,Sant Vicenç de Montalt,8394,Barcelona,Sant Vicenç de Montalt
Hyundai,IONIQ,Eléctrico,19258.0,141.0,automatic,26910,Sant Vicenç de Montalt,8394,Barcelona,Sant Vicenç de Montalt
Hyundai,IONIQ,Eléctrico,19258.0,141.0,automatic,26910,Torremolinos,29620,Málaga,Torremolinos
Hyundai,IONIQ,Eléctrico,19258.0,141.0,automatic,26910,Torremolinos,29620,Málaga,Torremolinos
Hyundai,IONIQ,Eléctrico,19258.0,141.0,automatic,26910,Torremolinos,29620,Málaga,Torremolinos
Hyundai,IONIQ,Gasolina,78895.0,141.0,automatic,22840,Santafe,18320,Granada,Santafe
Hyundai,IONIQ,Eléctrico,124097.0,141.0,automatic,17690,Getafe,28903,Madrid,Getafe
Hyundai,IONIQ,Eléctrico,124097.0,141.0,automatic,17690,Leganés,28915,Madrid,Leganés
Hyundai,IONIQ,Eléctrico,124097.0,141.0,automatic,17690,San Sebastián de Los Reyes,28700,Madrid,San Sebastián de Los Reyes
Hyundai,IONIQ,Eléctrico,124097.0,141.0,automatic,17690,Murcia,30004,Murcia,Murcia
Hyundai,IONIQ,Eléctrico,124097.0,141.0,automatic,17690,Alcorcón,28924,Madrid,Alcorcón
Hyundai,IONIQ,Eléctrico,124097.0,141.0,automatic,17690,Barcelona,8041,Barcelona,Barcelona
Hyundai,IONIQ,Eléctrico,86863.0,105.0,automatic,290,Elx/Elche,3204,Alicante,Elx/Elche
Hyundai,IONIQ,Eléctrico,86863.0,105.0,automatic,318,Elx/Elche,3204,Alicante,Elx/Elche
Chevrolet,Orlando,Diésel,56378.0,131.0,manual,12500,L'Hospitalet de Llobregat,8901,Barcelona,L'Hospitalet de Llobregat
Chevrolet,Orlando,Diésel,74533.0,163.0,automatic,12950,Torremolinos,29620,Málaga,Torremolinos
Chevrolet,Orlando,Diésel,74533.0,163.0,automatic,12950,Torremolinos,29620,Málaga,Torremolinos
Chevrolet,Orlando,Diésel,74533.0,163.0,automatic,12950,Torremolinos,29620,Málaga,Torremolinos
Chevrolet,Orlando,Diésel,74533.0,163.0,automatic,12950,Murcia,30003,Murcia,Murcia
Chevrolet,Orlando,Diésel,74533.0,163.0,automatic,12950,Vigo,36214,Pontevedra,Vigo
Citroen,Jumpy,Diésel,93000.0,100.0,manual,18450,Bormujos,41930,Sevilla,Bormujos
Citroen,Jumpy,Diésel,110000.0,115.0,manual,18500,Barcelona,8005,Barcelona,Barcelona
Citroen,Jumpy,Diésel,46427.0,115.0,manual,28900,Madrid,28014,Madrid,Madrid
Chevrolet,Orlando,Diésel,74533.0,163.0,automatic,12950,Colonia Pablo Iglesias,28520,Madrid,Colonia Pablo Iglesias
Chevrolet,Corvette,Gasolina,125000.0,250.0,automatic,18800,Las Rozas de Madrid,28232,Madrid,Las Rozas de Madrid
Hyundai,i20,Diésel,73914.0,75.0,manual,9799,Madrid,28014,Madrid,Madrid
Hyundai,i20,Diésel,73914.0,75.0,manual,9799,Barcelona,8007,Barcelona,Barcelona
Hyundai,i20,Diésel,78578.0,90.0,manual,12950,Colonia Pablo Iglesias,28520,Madrid,Colonia Pablo Iglesias
Hyundai,i20,Diésel,78578.0,90.0,manual,12950,Atarrabia,31610,Navarra,Atarrabia
Hyundai,i20,Diésel,78578.0,90.0,manual,12950,Mercabilbao,48970,Bizkaia,Mercabilbao
Hyundai,i20,Diésel,78578.0,90.0,manual,12950,Zaragoza,50013,Zaragoza,Zaragoza
Hyundai,i20,Diésel,78578.0,90.0,manual,12950,Santafe,18320,Granada,Santafe
Hyundai,i20,Diésel,105000.0,75.0,manual,10900,Santa Coloma de Gramenet,8922,Barcelona,Santa Coloma de Gramenet
Hyundai,i20,Diésel,105000.0,75.0,manual,10500,Santa Coloma de Gramenet,8922,Barcelona,Santa Coloma de Gramenet
Audi,Q2,Diésel,60050.0,115.0,manual,22599,Madrid,28014,Madrid,Madrid
Hyundai,i20,Gasolina,162115.0,100.0,manual,9300,Lebrija,41740,Sevilla,Lebrija
Hyundai,i20,Gasolina,510.0,84.0,manual,16585,Sabadell,8201,Barcelona,Sabadell
Hyundai,i20,Gasolina,24712.0,101.0,manual,14099,Madrid,28014,Madrid,Madrid
Hyundai,i20,Gasolina,24712.0,101.0,manual,14099,Barcelona,8007,Barcelona,Barcelona
Hyundai,i20,Gasolina,44021.0,84.0,manual,12990,Málaga,29005,Málaga,Málaga
Audi,Q2,Gasolina,122206.0,116.0,automatic,22137,Alameda del Obispo,14005,Córdoba,Alameda del Obispo
Hyundai,i20,Gasolina,510.0,84.0,manual,16585,Sant Boi de Llobregat,8830,Barcelona,Sant Boi de Llobregat
Hyundai,i20,Gasolina,89000.0,85.0,manual,7500,Alcobendas,28100,Madrid,Alcobendas
Hyundai,i20,Gasolina,10579.0,84.0,manual,13490,Bilbao,48004,Bizkaia,Bilbao
Hyundai,i20,Gasolina,10579.0,84.0,manual,13490,Almería,4006,Almería,Almería
Hyundai,i20,Gasolina,10579.0,84.0,manual,13490,Vigo,36211,Pontevedra,Vigo
Hyundai,i20,Gasolina,10579.0,84.0,manual,13490,Alicante,3010,Alicante,Alicante
Hyundai,i20,Gasolina,10579.0,84.0,manual,13490,Alicante,3010,Murcia,Alicante
Citroen,Nemo,Diésel,200000.0,80.0,manual,7990,Cáceres,10001,Cáceres,Cáceres
Hyundai,i20,Gasolina,10579.0,84.0,manual,13490,Murcia,30005,Murcia,Murcia
Hyundai,i20,Gasolina,10579.0,84.0,manual,13490,Granada,18005,Granada,Granada
Hyundai,i20,Gasolina,10579.0,84.0,manual,13490,Málaga,29005,Málaga,Málaga
Audi,Q2,Diésel,104309.0,116.0,manual,21700,A Coruña,15001,A Coruña,A Coruña
Audi,Q2,Diésel,69000.0,116.0,manual,24500,Zaragoza,50001,Zaragoza,Zaragoza
Hyundai,i20,Gasolina,10579.0,84.0,manual,13490,Ourense,32001,Ourense,Ourense
Hyundai,Atos Prime,Gasolina,175000.0,63.0,manual,2990,Elx/Elche,3296,Alicante,Elx/Elche
Hyundai,Atos,Gasolina,150000.0,55.0,manual,2795,Reus,43204,Tarragona,Reus
Hyundai,Atos,Gasolina,76800.0,63.0,manual,3900,Santafe,18320,Granada,Santafe
Hyundai,Atos,Gasolina,46000.0,55.0,manual,3290,Villena,3400,Alicante,Villena
Hyundai,Atos,Gasolina,46000.0,55.0,manual,3150,Villena,3400,Alicante,Villena
Hyundai,Atos,Gasolina,46000.0,55.0,manual,2999,Villena,3400,Alicante,Villena
Citroen,Grand C4 SpaceTourer,Gasolina,23721.0,130.0,manual,22425,Granollers,8403,Barcelona,Granollers
Citroen,C4 Aircross,Diésel,126667.0,114.0,manual,12350,Saladar,3700,Alicante,Saladar
Citroen,C4 Aircross,Diésel,126667.0,114.0,manual,12350,Vigo,36214,Pontevedra,Vigo
Citroen,C4 Aircross,Diésel,126667.0,114.0,manual,12350,Olèrdola,8734,Barcelona,Olèrdola
Citroen,C4 Aircross,Diésel,126667.0,114.0,manual,12350,Olèrdola,8734,Barcelona,Olèrdola
Citroen,C4 Aircross,Diésel,126667.0,114.0,manual,12350,Granollers,8403,Barcelona,Granollers
Mazda,3,Gasolina,99174.0,120.0,manual,13499,Madrid,28014,Madrid,Madrid
Citroen,C4 Aircross,Diésel,126667.0,114.0,manual,12350,Murcia,30003,Murcia,Murcia
Citroen,C4 Aircross,Diésel,126667.0,114.0,manual,12350,Santa Maria del Aguila,4710,Almería,Santa Maria del Aguila
Citroen,C3 Picasso,Gasolina,45926.0,110.0,manual,12420,Alcalá de Guadaíra,41500,Sevilla,Alcalá de Guadaíra
Citroen,C3 Picasso,Gasolina,45926.0,110.0,manual,12420,Santafe,18320,Granada,Santafe
Citroen,C3 Picasso,Gasolina,45926.0,110.0,manual,12420,Zaragoza,50013,Zaragoza,Zaragoza
Audi,A6,Diésel,114000.0,177.0,manual,15990,Dos Hermanas,41703,Sevilla,Dos Hermanas
Mazda,3,Diésel,95700.0,105.0,manual,12800,Aspe,3680,Alicante,Aspe
Mazda,3,Diésel,163627.0,150.0,manual,8750,La Pobla de Vallbona,46185,Valencia,La Pobla de Vallbona
Mazda,3,Diésel,163627.0,150.0,manual,8750,La Pobla de Vallbona,46185,Valencia,La Pobla de Vallbona
Citroen,C3 Picasso,Gasolina,45926.0,110.0,manual,12420,Paterna,46980,Valencia,Paterna
Citroen,C3 Picasso,Gasolina,45926.0,110.0,manual,12420,Puerto de Sagunto,46520,Valencia,Puerto de Sagunto
Citroen,C3 Picasso,Gasolina,45926.0,110.0,manual,12420,Torremolinos,29620,Málaga,Torremolinos
Citroen,C3 Picasso,Gasolina,45926.0,110.0,manual,12420,Torremolinos,29620,Málaga,Torremolinos
Citroen,C3 Picasso,Gasolina,45926.0,110.0,manual,12420,Torremolinos,29620,Málaga,Torremolinos
Citroen,C3 Picasso,Gasolina,45926.0,110.0,manual,12420,Getafe,28906,Madrid,Getafe
Citroen,C3 Picasso,Gasolina,45926.0,110.0,manual,12420,Las Rozas de Madrid,28232,Madrid,Las Rozas de Madrid
Mazda,3,Gasolina,56787.0,120.0,manual,15990,Sevilla,41005,Sevilla,Sevilla
Mazda,3,Gasolina,56787.0,120.0,manual,15990,Valencia,46001,Valencia,Valencia
Mazda,3,Gasolina,56787.0,120.0,manual,15990,Urbanizacion La Granjilla,28700,Madrid,Urbanizacion La Granjilla
Mazda,3,Gasolina,56787.0,120.0,manual,15990,Villaviciosa de Odón,28670,Madrid,Villaviciosa de Odón
Mazda,3,Gasolina,35800.0,180.0,manual,22990,Móstoles,28932,Madrid,Móstoles
Citroen,Jumpy,Diésel,102380.0,95.0,manual,20585,Puerto de Sagunto,46520,Valencia,Puerto de Sagunto
Mazda,3,Diésel,41410.0,150.0,manual,19200,Santa Coloma de Gramenet,8921,Barcelona,Santa Coloma de Gramenet
Citroen,Jumpy,Diésel,102380.0,95.0,manual,20585,Alcobendas,28100,Madrid,Alcobendas
Citroen,Jumpy,Diésel,102380.0,95.0,manual,20585,Torremolinos,29620,Málaga,Torremolinos
Citroen,Jumpy,Diésel,102380.0,95.0,manual,20585,Torremolinos,29620,Málaga,Torremolinos
Citroen,Jumpy,Diésel,102380.0,95.0,manual,20585,Torremolinos,29620,Málaga,Torremolinos
Citroen,Jumpy,Diésel,102380.0,95.0,manual,20585,Barcelona,8007,Barcelona,Barcelona
Citroen,Grand C4 Picasso,Diésel,142623.0,100.0,manual,12990,Almería,4006,Almería,Almería
Citroen,Grand C4 Picasso,Diésel,142623.0,100.0,manual,12990,Granada,18005,Granada,Granada
Citroen,Grand C4 Picasso,Diésel,142623.0,100.0,manual,12990,Valencia,46001,Valencia,Valencia
Mercedes-Benz,Citan,Diésel,133000.0,75.0,manual,11900,Marbella,29670,Málaga,Marbella
Mercedes-Benz,Citan,Diésel,132000.0,90.0,manual,9900,Pamplona/Iruña,31006,Navarra,Pamplona/Iruña
Mercedes-Benz,Citan,Diésel,125000.0,90.0,manual,7500,Constantí,43120,Tarragona,Constantí
Mercedes-Benz,Citan,Diésel,111000.0,90.0,manual,12900,Málaga,29006,Málaga,Málaga
Mercedes-Benz,Citan,Diésel,169000.0,90.0,manual,11475,Palencia,34002,Palencia,Palencia
Mercedes-Benz,Citan,Diésel,170000.0,90.0,manual,10995,El Moli d'en Rovira,8720,Barcelona,El Moli d'en Rovira
CUPRA,Formentor,Gasolina,34000.0,310.0,automatic,39950,Torrellano,3320,Alicante,Torrellano
CUPRA,Formentor,Gasolina,13510.0,150.0,manual,29900,Tarragona,43005,Tarragona,Tarragona
Mercedes-Benz,Clase CLC,Diésel,112242.0,150.0,automatic,10990,Mercabilbao,48970,Bizkaia,Mercabilbao
Mercedes-Benz,Clase CLC,Diésel,112242.0,150.0,automatic,10990,Santafe,18320,Granada,Santafe
Mercedes-Benz,Clase CLC,Diésel,237500.0,122.0,manual,7100,Úbeda,23400,Jaén,Úbeda
Mercedes-Benz,Clase CLC,Gasolina,247588.0,143.0,manual,5990,Collado Villalba,28400,Madrid,Collado Villalba
Mercedes-Benz,Clase CLC,Gasolina,247588.0,143.0,manual,5990,Collado Villalba,28400,Madrid,Collado Villalba
Mercedes-Benz,Clase CLC,Diésel,112976.0,150.0,automatic,10990,Vigo,36214,Pontevedra,Vigo
Mercedes-Benz,Clase CLC,Diésel,112976.0,150.0,automatic,10990,Barcelona,8007,Barcelona,Barcelona
Mercedes-Benz,Clase CLC,Gasolina,160000.0,272.0,automatic,13900,Sabadell,8206,Barcelona,Sabadell
Mercedes-Benz,Clase CLC,Gasolina,160000.0,272.0,automatic,13899,Sabadell,8206,Barcelona,Sabadell
Mercedes-Benz,Clase CLC,Diésel,112242.0,150.0,automatic,10990,Alicante,3007,Alicante,Alicante
Mercedes-Benz,Clase CLC,Diésel,112242.0,150.0,automatic,10990,Alcalá de Guadaíra,41500,Sevilla,Alcalá de Guadaíra
Citroen,C5,Diésel,146874.0,150.0,manual,14490,Bilbao,48004,Bizkaia,Bilbao
Citroen,C5,Diésel,146874.0,150.0,manual,14490,Málaga,29005,Málaga,Málaga
Citroen,C5,Diésel,146874.0,150.0,manual,14490,Colonia Pablo Iglesias,28520,Madrid,Colonia Pablo Iglesias
Citroen,C5,Diésel,146874.0,150.0,manual,14490,Fuenlabrada,28947,Madrid,Fuenlabrada
Citroen,C5,Diésel,146874.0,150.0,manual,14490,Camarma de Esteruelas,28816,Madrid,Camarma de Esteruelas
Citroen,C5,Diésel,146874.0,150.0,manual,14490,Camarma de Esteruelas,28816,Madrid,Camarma de Esteruelas
Dodge,Caliber,Diésel,57400.0,140.0,manual,8499,Torrejón de Ardoz,28850,Madrid,Torrejón de Ardoz
Dodge,Caliber,Diésel,57400.0,140.0,manual,7499,Torrejón de Ardoz,28850,Madrid,Torrejón de Ardoz
Mercedes-Benz,Clase CLC,Gasolina,209000.0,143.0,manual,8999,Villares de la Reina,37184,Salamanca,Villares de la Reina
Mercedes-Benz,GLA,Diésel,72000.0,170.0,manual,24500,La Borbolla,33820,Asturias,La Borbolla
Mercedes-Benz,GLA,Gasolina,90000.0,381.0,automatic,37990,Sevilla,41001,Sevilla,Sevilla
Chevrolet,Cruze,Diésel,113952.0,163.0,manual,7899,Barcelona,8007,Barcelona,Barcelona
Mercedes-Benz,GLA,Diésel,42000.0,136.0,automatic,24000,Vilanoveta,8812,Barcelona,Vilanoveta
Citroen,C4,Diésel,230000.0,110.0,manual,2500,Terrassa,8221,Barcelona,Terrassa
Mercedes-Benz,Classe GLK,Diésel,248000.0,170.0,automatic,15980,Madrid,28036,Madrid,Madrid
Citroen,C8,Diésel,181000.0,136.0,manual,11900,Málaga,29006,Málaga,Málaga
Peugeot,3008,Diésel,77974.0,130.0,manual,19990,Granada,18005,Granada,Granada
Peugeot,3008,Diésel,89990.0,130.0,automatic,19490,Colonia Pablo Iglesias,28520,Madrid,Colonia Pablo Iglesias
Peugeot,3008,Diésel,82220.0,130.0,automatic,21990,Burgos,9004,Burgos,Burgos
Peugeot,3008,Diésel,82220.0,130.0,automatic,21990,Burgos,9004,Burgos,Burgos
Peugeot,3008,Diésel,89990.0,130.0,automatic,19490,Collado Villalba,28400,Madrid,Collado Villalba
Peugeot,3008,Diésel,89990.0,130.0,automatic,19490,Collado Villalba,28400,Madrid,Collado Villalba
Peugeot,3008,Diésel,89990.0,130.0,automatic,19490,Urbanizacion La Granjilla,28700,Madrid,Urbanizacion La Granjilla
Peugeot,3008,Diésel,77974.0,130.0,manual,19990,Ourense,32001,Ourense,Ourense
Peugeot,3008,Diésel,190000.0,131.0,manual,14500,Daganzo de Arriba,28814,Madrid,Daganzo de Arriba
Peugeot,3008,Diésel,112000.0,149.0,manual,498,Barcelona,8007,Barcelona,Barcelona
Peugeot,3008,Diésel,115000.0,130.0,manual,470,Valencia,46005,Valencia,Valencia
Citroen,C-Crosser,Diésel,108131.0,156.0,manual,11500,Barcelona,8007,Barcelona,Barcelona
Citroen,C-Crosser,Diésel,108131.0,156.0,manual,11500,Mercabilbao,48970,Bizkaia,Mercabilbao
Citroen,C-Crosser,Diésel,108131.0,156.0,manual,11500,Atarrabia,31610,Navarra,Atarrabia
Citroen,C-Crosser,Diésel,108131.0,156.0,manual,11500,Mercado Parque Corredor del Henares,28850,Madrid,Mercado Parque Corredor del Henares
Peugeot,3008,Diésel,113000.0,130.0,manual,469,Madrid,28009,Madrid,Madrid
Peugeot,3008,Diésel,113000.0,130.0,manual,261,Madrid,28009,Madrid,Madrid
Peugeot,3008,Diésel,113000.0,130.0,manual,459,Madrid,28009,Madrid,Madrid
Peugeot,3008,Diésel,86000.0,130.0,manual,522,Barcelona,8009,Barcelona,Barcelona
Peugeot,3008,Diésel,116000.0,130.0,manual,473,Madrid,28006,Madrid,Madrid
Chevrolet,Trax,Gasolina,122910.0,116.0,manual,9750,Bacarot,3114,Alicante,Bacarot
Chevrolet,Trax,Gasolina,122910.0,116.0,manual,9750,Sevilla,41006,Sevilla,Sevilla
Chevrolet,Trax,Gasolina,122910.0,116.0,manual,9750,Pamplona/Iruña,31003,Navarra,Pamplona/Iruña
Chevrolet,Trax,Gasolina,122910.0,116.0,manual,9750,Torrejón de Ardoz,28850,Madrid,Torrejón de Ardoz
Citroen,C-Crosser,Diésel,108131.0,156.0,manual,11500,Zaragoza,50013,Zaragoza,Zaragoza
Mercedes-Benz,Clase A,Diésel,133282.0,109.0,automatic,6490,Bonrepos I Mirambell,46131,Valencia,Bonrepos I Mirambell
Mercedes-Benz,Clase A,Diésel,133282.0,109.0,automatic,6490,Bonrepos I Mirambell,46131,Valencia,Bonrepos I Mirambell
Mercedes-Benz,Clase A,Gasolina,24400.0,136.0,automatic,31990,Vila-Real/Villarreal,12540,Castellón,Vila-Real/Villarreal
Citroen,C2,Gasolina,79000.0,90.0,automatic,4990,Camping Costa Blanca,43850,Tarragona,Camping Costa Blanca
Citroen,C2,Gasolina,79000.0,90.0,automatic,4490,Camping Costa Blanca,43850,Tarragona,Camping Costa Blanca
Peugeot,3008,Diésel,113000.0,130.0,manual,482,Sevilla,41018,Sevilla,Sevilla
Peugeot,3008,Diésel,133998.0,120.0,manual,12089,Santa Maria del Aguila,4710,Almería,Santa Maria del Aguila
Mercedes-Benz,Clase A,Diésel,360000.0,136.0,automatic,12000,Utrera,41710,Sevilla,Utrera
Maserati,Ghibli,Diésel,98021.0,275.0,automatic,33990,Villaviciosa de Odón,28670,Madrid,Villaviciosa de Odón
Hyundai,Sonata,Diésel,172443.0,140.0,manual,5750,Elda,3600,Alicante,Elda
Maserati,Ghibli,Diésel,98021.0,275.0,automatic,33990,Urbanizacion La Granjilla,28700,Madrid,Urbanizacion La Granjilla
Mercedes-Benz,Clase A,Gasolina,151000.0,95.0,automatic,2700,Poligono Industrial Aimayr,28330,Madrid,Poligono Industrial Aimayr
Mercedes-Benz,Clase A,Gasolina,151000.0,95.0,automatic,3200,Poligono Industrial Aimayr,28330,Madrid,Poligono Industrial Aimayr
Maserati,Ghibli,Diésel,116204.0,275.0,automatic,38990,Camarma de Esteruelas,28816,Madrid,Camarma de Esteruelas
Maserati,Ghibli,Diésel,116204.0,275.0,automatic,38990,Camarma de Esteruelas,28816,Madrid,Camarma de Esteruelas
Citroen,C3,Gasolina,74339.0,82.0,manual,11990,Málaga,29005,Málaga,Málaga
Mercedes-Benz,Clase A,Gasolina,61989.0,163.0,automatic,30450,Badajoz,6008,Badajoz,Badajoz
Mercedes-Benz,Clase A,Gasolina,61989.0,163.0,automatic,30450,Collado Villalba,28400,Madrid,Collado Villalba
Mercedes-Benz,Clase A,Gasolina,61989.0,163.0,automatic,30450,Collado Villalba,28400,Madrid,Collado Villalba
Mercedes-Benz,Clase A,Gasolina,61989.0,163.0,automatic,30450,Vigo,36214,Pontevedra,Vigo
Mercedes-Benz,Clase A,Eléctrico,30685.0,218.0,automatic,37835,Vigo,36214,Pontevedra,Vigo
Mercedes-Benz,Clase A,Gasolina,61989.0,163.0,automatic,30450,Mercado Parque Corredor del Henares,28850,Madrid,Mercado Parque Corredor del Henares
Mercedes-Benz,Clase A,Gasolina,61989.0,163.0,automatic,30450,Colonia Pablo Iglesias,28520,Madrid,Colonia Pablo Iglesias
Peugeot,3008,Diésel,133998.0,120.0,manual,12089,Ciudad Real,13003,Ciudad Real,Ciudad Real
Peugeot,3008,Diésel,131248.0,130.0,manual,19290,Madrid,28021,Madrid,Madrid
Peugeot,3008,Diésel,131248.0,130.0,manual,18990,Madrid,28021,Madrid,Madrid
Peugeot,3008,Diésel,133998.0,120.0,manual,12089,Valdepeñas,13300,Ciudad Real,Valdepeñas
Peugeot,3008,Diésel,133998.0,120.0,manual,12089,Valdepeñas,13300,Ciudad Real,Valdepeñas
Mercedes-Benz,Sprinter,Diésel,243000.0,129.0,manual,14900,Poligono Fuente del Jarro,46988,Valencia,Poligono Fuente del Jarro
Citroen,Grand C4 Picasso,Diésel,121750.0,120.0,manual,17599,Barcelona,8007,Barcelona,Barcelona
Citroen,Grand C4 Picasso,Gasolina,109277.0,130.0,manual,14250,Santafe,18320,Granada,Santafe
Hyundai,Terracan,Diésel,225000.0,150.0,manual,4900,Alcaudete,23660,Jaén,Alcaudete
Citroen,Grand C4 Picasso,Gasolina,199714.0,165.0,automatic,12490,Las Rozas de Madrid,28232,Madrid,Las Rozas de Madrid
Citroen,C3 Aircross,Gasolina,22000.0,110.0,manual,13990,Murcia,30005,Murcia,Murcia
Citroen,C3 Aircross,Gasolina,22000.0,110.0,manual,13990,Òrrius,8317,Barcelona,Òrrius
Citroen,C3 Aircross,Gasolina,22000.0,110.0,manual,13990,Valencia,46001,Valencia,Valencia
Citroen,C3 Aircross,Gasolina,22000.0,110.0,manual,13990,Málaga,29005,Málaga,Málaga
Citroen,C3 Aircross,Gasolina,22000.0,110.0,manual,13990,Palma de Mallorca,7003,Baleares,Palma de Mallorca
Citroen,C3 Aircross,Gasolina,22000.0,110.0,manual,13990,Tarragona,43006,Tarragona,Tarragona
Mercedes-Benz,Sprinter,Diésel,229000.0,110.0,automatic,11900,Santa Perpètua de Mogoda,8130,Barcelona,Santa Perpètua de Mogoda
Mercedes-Benz,Sprinter,Diésel,350105.0,150.0,manual,16500,Sevilla,41007,Sevilla,Sevilla
Citroen,C4 SpaceTourer,Diésel,59960.0,120.0,manual,19953,Albacete,2001,Albacete,Albacete
Citroen,C4 SpaceTourer,Diésel,81000.0,130.0,automatic,17850,Burjassot,46100,Valencia,Burjassot
Citroen,C4 SpaceTourer,Diésel,81000.0,130.0,automatic,17850,Terrassa,8223,Barcelona,Terrassa
Citroen,Grand C4 Picasso,Gasolina,110738.0,130.0,manual,15985,Murcia,30003,Murcia,Murcia
Peugeot,3008,Gasolina,69966.0,130.0,manual,12490,Madrid,28021,Madrid,Madrid
Peugeot,3008,Diésel,133998.0,120.0,manual,12089,Saladar,3700,Alicante,Saladar
Citroen,C4 SpaceTourer,Diésel,77753.0,120.0,automatic,16590,Valencia,46002,Valencia,Valencia
Citroen,C4 SpaceTourer,Diésel,77753.0,120.0,automatic,18590,Gijón,33206,Asturias,Gijón
Citroen,C4 SpaceTourer,Diésel,77753.0,120.0,automatic,16590,Sevilla,41006,Sevilla,Sevilla
Citroen,Grand C4 SpaceTourer,Diésel,102356.0,130.0,manual,18400,Murcia,30003,Murcia,Murcia
Citroen,Grand C4 SpaceTourer,Diésel,121821.0,150.0,manual,20500,A Coruña,15001,A Coruña,A Coruña
Citroen,Grand C4 SpaceTourer,Diésel,85000.0,120.0,manual,20990,Parla,28984,Madrid,Parla
Peugeot,107,Gasolina,169000.0,68.0,manual,3650,Valencia,46025,Valencia,Valencia
Mercedes-Benz,Clase V,Diésel,63000.0,204.0,automatic,39500,Madrid,28002,Madrid,Madrid
Mercedes-Benz,Clase V,Diésel,197000.0,122.0,manual,9700,Padul,18640,Granada,Padul
Citroen,Grand C4 SpaceTourer,Gasolina,64990.0,130.0,manual,17490,Toledo,45002,Toledo,Toledo
Citroen,Grand C4 SpaceTourer,Gasolina,64990.0,130.0,manual,16990,Toledo,45002,Toledo,Toledo
Citroen,Grand C4 SpaceTourer,Gasolina,64990.0,130.0,manual,17490,Collado Villalba,28400,Madrid,Collado Villalba
Citroen,Grand C4 SpaceTourer,Gasolina,64990.0,130.0,manual,17490,Collado Villalba,28400,Madrid,Collado Villalba
Citroen,Grand C4 SpaceTourer,Gasolina,64990.0,130.0,manual,16990,Collado Villalba,28400,Madrid,Collado Villalba
Citroen,Grand C4 SpaceTourer,Gasolina,64990.0,130.0,manual,16990,Collado Villalba,28400,Madrid,Collado Villalba
Citroen,Grand C4 SpaceTourer,Gasolina,64990.0,130.0,manual,17490,Bilbao,48004,Bizkaia,Bilbao
Citroen,Grand C4 SpaceTourer,Gasolina,64990.0,130.0,manual,16990,Bilbao,48004,Bizkaia,Bilbao
Citroen,Grand C4 SpaceTourer,Gasolina,64990.0,130.0,manual,17490,Valencia,46001,Valencia,Valencia
Citroen,Grand C4 SpaceTourer,Gasolina,64990.0,130.0,manual,16990,Valencia,46001,Valencia,Valencia
Mercedes-Benz,Clase CLS,Diésel,263000.0,224.0,automatic,10999,Agirre-Aperribai,48960,Bizkaia,Agirre-Aperribai
Citroen,Grand C4 SpaceTourer,Gasolina,64990.0,130.0,manual,17490,Colonia Pablo Iglesias,28520,Madrid,Colonia Pablo Iglesias
Citroen,Grand C4 SpaceTourer,Gasolina,64990.0,130.0,manual,16990,Colonia Pablo Iglesias,28520,Madrid,Colonia Pablo Iglesias
Citroen,Grand C4 SpaceTourer,Gasolina,64990.0,130.0,manual,17490,Villaviciosa de Odón,28670,Madrid,Villaviciosa de Odón
Citroen,Grand C4 SpaceTourer,Gasolina,64990.0,130.0,manual,16990,Villaviciosa de Odón,28670,Madrid,Villaviciosa de Odón
Mercedes-Benz,Clase CLS,Gasolina,189000.0,306.0,automatic,14990,Poligono Los Villares Reina,37184,Salamanca,Poligono Los Villares Reina
Mercedes-Benz,Clase CLS,Diésel,121925.0,265.0,automatic,26990,Barcelona,8006,Barcelona,Barcelona
Mercedes-Benz,Clase CLS,Diésel,121925.0,265.0,automatic,25490,Barcelona,8006,Barcelona,Barcelona
Mercedes-Benz,Clase CLS,Diésel,208000.0,204.0,automatic,16999,Úbeda,23400,Jaén,Úbeda
Mercedes-Benz,Clase CLS,Gasolina,151492.0,476.0,automatic,18699,Olèrdola,8734,Barcelona,Olèrdola
Mercedes-Benz,Clase CLS,Gasolina,151492.0,476.0,automatic,18699,Olèrdola,8734,Barcelona,Olèrdola
Mercedes-Benz,Clase CLS,Gasolina,151492.0,476.0,automatic,18699,Sant Vicenç de Montalt,8394,Barcelona,Sant Vicenç de Montalt
Citroen,DS4,Diésel,121419.0,92.0,manual,11550,Valdepeñas,13300,Ciudad Real,Valdepeñas
Citroen,DS4,Diésel,121419.0,92.0,manual,11550,Valdepeñas,13300,Ciudad Real,Valdepeñas
Citroen,DS4,Diésel,121419.0,92.0,manual,11550,Saladar,3700,Alicante,Saladar
Citroen,DS4,Diésel,121419.0,92.0,manual,11550,Murcia,30003,Murcia,Murcia
Mercedes-Benz,Clase CLS,Diésel,184700.0,224.0,automatic,15900,Leioa,48940,Bizkaia,Leioa
Mercedes-Benz,Clase B,Gasolina,89499.0,156.0,automatic,16989,Santa Maria del Aguila,4710,Almería,Santa Maria del Aguila
Mercedes-Benz,Clase B,Gasolina,89499.0,156.0,automatic,16989,Santiago de Compostela,15703,A Coruña,Santiago de Compostela
Mercedes-Benz,Clase B,Gasolina,89499.0,156.0,automatic,16989,Hidraulica Santillana,28770,Madrid,Hidraulica Santillana
Mercedes-Benz,Clase B,Gasolina,89499.0,156.0,automatic,16989,Badajoz,6008,Badajoz,Badajoz
Mercedes-Benz,Clase B,Gasolina,89499.0,156.0,automatic,16989,Getafe,28906,Madrid,Getafe
Mercedes-Benz,Classe GLK,Diésel,214000.0,170.0,manual,12800,Coria,10800,Cáceres,Coria
Mercedes-Benz,Clase CLS,Diésel,256425.0,224.0,automatic,10900,Albolote,18220,Granada,Albolote
Citroen,DS4,Diésel,121419.0,92.0,manual,11550,Ciudad Real,13003,Ciudad Real,Ciudad Real
Citroen,DS4,Diésel,121419.0,92.0,manual,11550,Vigo,36214,Pontevedra,Vigo
Citroen,DS4,Diésel,121419.0,92.0,manual,11550,Getafe,28906,Madrid,Getafe
Peugeot,107,Diésel,194000.0,54.0,manual,3490,Gallecs,8104,Barcelona,Gallecs
Mercedes-Benz,Clase B,Gasolina,89499.0,156.0,automatic,16989,Sant Vicenç de Montalt,8394,Barcelona,Sant Vicenç de Montalt
Mercedes-Benz,Clase B,Diésel,81003.0,150.0,automatic,29555,Collado Villalba,28400,Madrid,Collado Villalba
Mercedes-Benz,Clase B,Diésel,81003.0,150.0,automatic,29555,Collado Villalba,28400,Madrid,Collado Villalba
Mercedes-Benz,Clase B,Diésel,59480.0,136.0,automatic,23800,Vigo,36214,Pontevedra,Vigo
Mercedes-Benz,Clase B,Diésel,81003.0,150.0,automatic,29555,Vigo,36214,Pontevedra,Vigo
Mercedes-Benz,Clase B,Diésel,45061.0,150.0,automatic,29555,Mercado Parque Corredor del Henares,28850,Madrid,Mercado Parque Corredor del Henares
Mercedes-Benz,Clase B,Diésel,81003.0,150.0,automatic,29555,Mercado Parque Corredor del Henares,28850,Madrid,Mercado Parque Corredor del Henares
Mercedes-Benz,Clase B,Diésel,81003.0,150.0,automatic,29555,Colonia Pablo Iglesias,28520,Madrid,Colonia Pablo Iglesias
Mercedes-Benz,Clase B,Diésel,59480.0,136.0,automatic,23800,Sant Vicenç de Montalt,8394,Barcelona,Sant Vicenç de Montalt
Mercedes-Benz,Clase B,Diésel,81003.0,150.0,automatic,29555,Sant Vicenç de Montalt,8394,Barcelona,Sant Vicenç de Montalt
Mercedes-Benz,Clase B,Diésel,45061.0,150.0,automatic,29555,Estepona,29680,Málaga,Estepona
Mercedes-Benz,Clase B,Diésel,81003.0,150.0,automatic,29555,Estepona,29680,Málaga,Estepona
Mercedes-Benz,Clase B,Diésel,45061.0,150.0,automatic,29555,Murcia,30003,Murcia,Murcia
Citroen,C-Élysée,Diésel,55080.0,102.0,manual,13800,Alcobendas,28100,Madrid,Alcobendas
Citroen,C-Élysée,Diésel,55080.0,102.0,manual,13800,Alcalá de Guadaíra,41500,Sevilla,Alcalá de Guadaíra
Citroen,C-Élysée,Diésel,55080.0,102.0,manual,13800,Torremolinos,29620,Málaga,Torremolinos
Citroen,C-Élysée,Diésel,55080.0,102.0,manual,13800,Torremolinos,29620,Málaga,Torremolinos
Citroen,C-Élysée,Diésel,55080.0,102.0,manual,13800,Torremolinos,29620,Málaga,Torremolinos
Citroen,C-Élysée,Diésel,55080.0,102.0,manual,13800,Collado Villalba,28400,Madrid,Collado Villalba
Citroen,C-Élysée,Diésel,55080.0,102.0,manual,13800,Collado Villalba,28400,Madrid,Collado Villalba
Citroen,C-Élysée,Diésel,55080.0,102.0,manual,13800,Getafe,28906,Madrid,Getafe
Citroen,C-Élysée,Diésel,55080.0,102.0,manual,13800,Colonia Pablo Iglesias,28520,Madrid,Colonia Pablo Iglesias
Mercedes-Benz,Clase B,Diésel,59480.0,136.0,automatic,23800,Granollers,8403,Barcelona,Granollers
Mercedes-Benz,Clase B,Diésel,81003.0,150.0,automatic,29555,Murcia,30003,Murcia,Murcia
Mercedes-Benz,Clase B,Diésel,178559.0,109.0,automatic,8900,Palafolls,8389,Barcelona,Palafolls
Mercedes-Benz,Clase B,Diésel,49800.0,136.0,automatic,23399,Reus,43202,Tarragona,Reus
Mercedes-Benz,Clase B,Diésel,49800.0,136.0,automatic,23999,Reus,43202,Tarragona,Reus
Mercedes-Benz,Clase B,Diésel,55000.0,136.0,manual,24999,Madrid,28017,Madrid,Madrid
Mercedes-Benz,Clase B,Diésel,45061.0,150.0,automatic,29555,Granollers,8403,Barcelona,Granollers
Mercedes-Benz,Clase B,Diésel,81003.0,150.0,automatic,29555,Granollers,8403,Barcelona,Granollers
Citroen,C5 Aircross,Diésel,102000.0,177.0,automatic,18990,Granada,18005,Granada,Granada
Citroen,C5 Aircross,Diésel,102000.0,177.0,automatic,18990,Murcia,30005,Murcia,Murcia
Citroen,C5 Aircross,Diésel,102000.0,177.0,automatic,18990,Málaga,29005,Málaga,Málaga
Citroen,C5 Aircross,Gasolina,39787.0,131.0,manual,22425,Olèrdola,8734,Barcelona,Olèrdola
Citroen,C5 Aircross,Gasolina,39787.0,131.0,manual,22425,Olèrdola,8734,Barcelona,Olèrdola
Citroen,C5 Aircross,Gasolina,24259.0,131.0,manual,23920,Valdepeñas,13300,Ciudad Real,Valdepeñas
Citroen,C5 Aircross,Gasolina,24259.0,131.0,manual,23920,Valdepeñas,13300,Ciudad Real,Valdepeñas
Citroen,C5 Aircross,Gasolina,39787.0,131.0,manual,22425,Mercado Parque Corredor del Henares,28850,Madrid,Mercado Parque Corredor del Henares
Mercedes-Benz,Clase B,Diésel,81003.0,150.0,automatic,29555,Ciudad Real,13003,Ciudad Real,Ciudad Real
Mercedes-Benz,Clase B,Diésel,45061.0,150.0,automatic,29555,Valdepeñas,13300,Ciudad Real,Valdepeñas
Mercedes-Benz,Clase B,Diésel,45061.0,150.0,automatic,29555,Valdepeñas,13300,Ciudad Real,Valdepeñas
Mercedes-Benz,Clase B,Diésel,81003.0,150.0,automatic,29555,Valdepeñas,13300,Ciudad Real,Valdepeñas
Mercedes-Benz,Clase B,Diésel,81003.0,150.0,automatic,29555,Valdepeñas,13300,Ciudad Real,Valdepeñas
Mercedes-Benz,CLK,Diésel,240000.0,170.0,automatic,6499,Marbella,29670,Málaga,Marbella
Citroen,SpaceTourer,Diésel,61220.0,150.0,manual,32290,Alicante,3010,Alicante,Alicante
Citroen,SpaceTourer,Diésel,61220.0,150.0,manual,32290,Alicante,3010,Murcia,Alicante
Citroen,SpaceTourer,Diésel,61220.0,150.0,manual,32290,Granada,18005,Granada,Granada
Mercedes-Benz,Viano,Diésel,136875.0,204.0,automatic,27600,Mosteiron,15168,A Coruña,Mosteiron
Mercedes-Benz,Viano,Diésel,128894.0,204.0,automatic,17900,Puerto de Sagunto,46520,Valencia,Puerto de Sagunto
Mercedes-Benz,Viano,Diésel,128894.0,204.0,automatic,17900,Alcalá de Guadaíra,41500,Sevilla,Alcalá de Guadaíra
Mercedes-Benz,Viano,Diésel,128894.0,204.0,automatic,17900,Estepona,29680,Málaga,Estepona
Mercedes-Benz,Viano,Diésel,128894.0,204.0,automatic,17900,Colonia Pablo Iglesias,28520,Madrid,Colonia Pablo Iglesias
Mercedes-Benz,Viano,Diésel,128894.0,204.0,automatic,17900,Zaragoza,50013,Zaragoza,Zaragoza
Mercedes-Benz,Viano,Diésel,128894.0,204.0,automatic,17900,Paterna,46980,Valencia,Paterna
Mercedes-Benz,Viano,Diésel,128894.0,204.0,automatic,17900,Alameda del Obispo,14005,Córdoba,Alameda del Obispo
Citroen,SpaceTourer,Diésel,61220.0,150.0,manual,32290,Bilbao,48004,Bizkaia,Bilbao
Citroen,SpaceTourer,Diésel,61220.0,150.0,manual,32290,Ourense,32001,Ourense,Ourense
Mercedes-Benz,Viano,Diésel,244000.0,204.0,automatic,18900,Vinaros,12500,Castellón,Vinaros
Mercedes-Benz,Viano,Diésel,228000.0,204.0,automatic,15990,Santa Cruz de Bezana,39100,Cantabria,Santa Cruz de Bezana
Citroen,C4 Cactus,Diésel,17674.0,120.0,automatic,18900,Santiago de Compostela,15703,A Coruña,Santiago de Compostela
Citroen,C4 Cactus,Diésel,131105.0,100.0,automatic,12420,Valdepeñas,13300,Ciudad Real,Valdepeñas
Citroen,C4 Cactus,Diésel,131105.0,100.0,automatic,12420,Valdepeñas,13300,Ciudad Real,Valdepeñas
Citroen,C4 Cactus,Diésel,131105.0,100.0,automatic,12420,Estepona,29680,Málaga,Estepona
Citroen,C4 Cactus,Diésel,131105.0,100.0,automatic,12420,Santa Maria del Aguila,4710,Almería,Santa Maria del Aguila
Mercedes-Benz,Viano,Diésel,128894.0,204.0,automatic,17900,Alcobendas,28100,Madrid,Alcobendas
Mercedes-Benz,Viano,Diésel,128894.0,204.0,automatic,17900,Torremolinos,29620,Málaga,Torremolinos
Mercedes-Benz,Viano,Diésel,128894.0,204.0,automatic,17900,Torremolinos,29620,Málaga,Torremolinos
Mercedes-Benz,Viano,Diésel,128894.0,204.0,automatic,17900,Torremolinos,29620,Málaga,Torremolinos
Citroen,C4 SpaceTourer,Gasolina,104387.0,131.0,manual,15490,Agirre-Aperribai,48960,Bizkaia,Agirre-Aperribai
Citroen,C4 SpaceTourer,Gasolina,104387.0,131.0,manual,15490,Valencia,46002,Valencia,Valencia
Citroen,C4 SpaceTourer,Gasolina,104387.0,131.0,manual,15490,Pamplona/Iruña,31003,Navarra,Pamplona/Iruña
Citroen,C4 SpaceTourer,Gasolina,104387.0,131.0,manual,15490,Bacarot,3114,Alicante,Bacarot
Citroen,C4 Cactus,Diésel,17674.0,120.0,automatic,18900,Mercado Parque Corredor del Henares,28850,Madrid,Mercado Parque Corredor del Henares
Citroen,C4 Cactus,Diésel,17674.0,120.0,automatic,18900,Valdepeñas,13300,Ciudad Real,Valdepeñas
Citroen,C4 Cactus,Diésel,17674.0,120.0,automatic,18900,Valdepeñas,13300,Ciudad Real,Valdepeñas
Citroen,C4 Cactus,Diésel,17674.0,120.0,automatic,18900,Ciudad Real,13003,Ciudad Real,Ciudad Real
Mercedes-Benz,Viano,Diésel,128894.0,204.0,automatic,17900,Ciudad Real,13003,Ciudad Real,Ciudad Real
Mercedes-Benz,Viano,Diésel,128894.0,204.0,automatic,17900,Barcelona,8007,Barcelona,Barcelona
Peugeot,107,Diésel,130000.0,54.0,manual,4999,Albal,46470,Valencia,Albal
Peugeot,107,Diésel,130000.0,54.0,manual,4999,Albal,46470,Valencia,Albal
Peugeot,107,Diésel,130000.0,54.0,manual,4999,Albal,46470,Valencia,Albal
Peugeot,107,Diésel,130000.0,54.0,manual,4999,Albal,46470,Valencia,Albal
Mercedes-Benz,Viano,Diésel,128894.0,204.0,automatic,17900,Santiago de Compostela,15703,A Coruña,Santiago de Compostela
Mercedes-Benz,Viano,Diésel,128894.0,204.0,automatic,17900,Albacete,2001,Albacete,Albacete
Mercedes-Benz,Viano,Diésel,128894.0,204.0,automatic,17900,Vigo,36214,Pontevedra,Vigo
Mercedes-Benz,Viano,Diésel,128894.0,204.0,automatic,17900,Hidraulica Santillana,28770,Madrid,Hidraulica Santillana
Mercedes-Benz,Clase S,Diésel,340000.0,235.0,automatic,10999,Villares de la Reina,37184,Salamanca,Villares de la Reina
Mercedes-Benz,Viano,Diésel,128894.0,204.0,automatic,17900,Badajoz,6008,Badajoz,Badajoz
Nissan,Micra,Gasolina,147022.0,80.0,manual,6690,Alicante,3010,Alicante,Alicante
Nissan,Micra,Gasolina,147022.0,80.0,manual,6690,Alicante,3010,Murcia,Alicante
Nissan,Micra,Gasolina,147022.0,80.0,manual,6690,Almería,4006,Almería,Almería
Nissan,Micra,Gasolina,147022.0,80.0,manual,6690,Sevilla,41005,Sevilla,Sevilla
Nissan,Micra,Gasolina,147022.0,80.0,manual,6690,Vigo,36211,Pontevedra,Vigo
Citroen,C3 Aircross,Diésel,131346.0,120.0,manual,12990,Urbanizacion La Granjilla,28700,Madrid,Urbanizacion La Granjilla
Citroen,C3 Aircross,Diésel,131346.0,120.0,manual,12990,Colonia Pablo Iglesias,28520,Madrid,Colonia Pablo Iglesias
Citroen,C3 Aircross,Diésel,131346.0,120.0,manual,12990,Las Rozas de Madrid,28232,Madrid,Las Rozas de Madrid
Mercedes-Benz,SLC,Gasolina,89000.0,156.0,manual,32400,Barcelona,8026,Barcelona,Barcelona
Mercedes-Benz,Vito,Diésel,400000.0,115.0,manual,5999,Úbeda,23400,Jaén,Úbeda
Mercedes-Benz,Vito,Diésel,176852.0,122.0,manual,14000,Illescas,45200,Toledo,Illescas
Citroen,C3 Aircross,Diésel,83484.0,102.0,manual,17595,Badajoz,6008,Badajoz,Badajoz
Mercedes-Benz,GLA,Gasolina,22000.0,122.0,manual,29000,Lugones,33420,Asturias,Lugones
Mercedes-Benz,GLA,Diésel,30900.0,156.0,automatic,29800,Partida Los Pinos,3710,Alicante,Partida Los Pinos
Mercedes-Benz,GLA,Diésel,166000.0,136.0,automatic,18800,Fuenlabrada,28944,Madrid,Fuenlabrada
Citroen,C3 Aircross,Gasolina,21757.0,110.0,manual,18170,Alcobendas,28100,Madrid,Alcobendas
Citroen,C3 Aircross,Gasolina,21757.0,110.0,manual,18170,Alzira,46600,Valencia,Alzira
Citroen,C3 Aircross,Gasolina,21757.0,110.0,manual,18170,Alzira,46600,Valencia,Alzira
Citroen,Jumper,Diésel,145368.0,130.0,manual,20990,Collado Villalba,28400,Madrid,Collado Villalba
Citroen,Jumper,Diésel,145368.0,130.0,manual,20990,Collado Villalba,28400,Madrid,Collado Villalba
Citroen,Jumper,Diésel,145368.0,130.0,manual,20990,Bilbao,48004,Bizkaia,Bilbao
Citroen,Jumper,Diésel,145368.0,130.0,manual,20990,Málaga,29005,Málaga,Málaga
Citroen,Jumper,Diésel,145368.0,130.0,manual,20990,Colonia Pablo Iglesias,28520,Madrid,Colonia Pablo Iglesias
Citroen,Jumper,Diésel,145368.0,130.0,manual,20990,Fuenlabrada,28947,Madrid,Fuenlabrada
Citroen,Jumper,Diésel,145368.0,130.0,manual,20990,Camarma de Esteruelas,28816,Madrid,Camarma de Esteruelas
Citroen,Jumper,Diésel,145368.0,130.0,manual,20990,Camarma de Esteruelas,28816,Madrid,Camarma de Esteruelas
Citroen,C3 Aircross,Diésel,26000.0,102.0,manual,17900,Barcelona,8007,Barcelona,Barcelona
Peugeot,107,Gasolina,90000.0,68.0,manual,3990,Viladecans,8840,Barcelona,Viladecans
Citroen,C3 Aircross,Gasolina,46000.0,110.0,automatic,17990,Sant Boi de Llobregat,8830,Barcelona,Sant Boi de Llobregat
Citroen,C3 Aircross,Diésel,129000.0,99.0,manual,12750,Navalcarnero,28600,Madrid,Navalcarnero
Mercedes-Benz,Vito,Diésel,299000.0,114.0,manual,16500,Santa Perpètua de Mogoda,8130,Barcelona,Santa Perpètua de Mogoda
Peugeot,107,Gasolina,108798.0,68.0,manual,3999,Móstoles,28936,Madrid,Móstoles
BMW,X3,Diésel,94963.0,190.0,automatic,29990,Madrid,28021,Madrid,Madrid
Mercedes-Benz,CL Coupe,Gasolina,466000.0,525.0,automatic,19990,Fuenlabrada,28943,Madrid,Fuenlabrada
Mercedes-Benz,CL Coupe,Gasolina,225000.0,388.0,automatic,15000,Rubians,36619,Pontevedra,Rubians
Mercedes-Benz,CL Coupe,Gasolina,225000.0,388.0,automatic,14000,Rubians,36619,Pontevedra,Rubians
Mercedes-Benz,CL Coupe,Gasolina,152000.0,388.0,automatic,22900,Valencia,46018,Valencia,Valencia
Mercedes-Benz,CL Coupe,Gasolina,175000.0,306.0,automatic,8999,Fuenlabrada,28941,Madrid,Fuenlabrada
Mercedes-Benz,CL Coupe,Gasolina,185000.0,306.0,automatic,9990,Sevilla,41001,Sevilla,Sevilla
Mercedes-Benz,CL Coupe,Gasolina,133000.0,388.0,automatic,19950,El Tosalet,3700,Alicante,El Tosalet
Mercedes-Benz,CL Coupe,Gasolina,130000.0,388.0,automatic,16990,Torrevieja,3183,Alicante,Torrevieja
Mercedes-Benz,SLK,Gasolina,83.0,184.0,automatic,19900,Barcelona,8026,Barcelona,Barcelona
Mercedes-Benz,SLK,Gasolina,71000.0,163.0,automatic,11500,Sant Cugat del Vallès,8172,Barcelona,Sant Cugat del Vallès
Mercedes-Benz,SLK,Gasolina,71000.0,163.0,automatic,11499,Sant Cugat del Vallès,8172,Barcelona,Sant Cugat del Vallès
Mercedes-Benz,SLK,Diésel,89000.0,204.0,automatic,28900,Alzira,46600,Valencia,Alzira
Mercedes-Benz,SLK,Diésel,89000.0,204.0,automatic,28900,Alzira,46600,Valencia,Alzira
Citroen,C4,Gasolina,66000.0,110.0,manual,5199,Llerona,8520,Barcelona,Llerona
Saab,09-may,Gasolina,181000.0,150.0,manual,1990,Ávila,5001,Ávila,Ávila
Citroen,C4,Gasolina,23966.0,130.0,manual,20950,Colonia Pablo Iglesias,28520,Madrid,Colonia Pablo Iglesias
Citroen,C4,Gasolina,68.0,90.0,manual,5990,Barbera del Valles,8210,Barcelona,Barbera del Valles
Mercedes-Benz,SLK,Gasolina,73000.0,193.0,automatic,6500,La Canonja,43110,Tarragona,La Canonja
BMW,X6,Diésel,199000.0,306.0,automatic,21950,Orihuela,3300,Alicante,Orihuela
Citroen,C4,Diésel,76603.0,99.0,manual,11190,Fuenlabrada,28947,Madrid,Fuenlabrada
Citroen,C4,Diésel,76603.0,99.0,manual,11190,Las Rozas de Madrid,28232,Madrid,Las Rozas de Madrid
Citroen,C4,Diésel,76603.0,99.0,manual,11190,Colonia Pablo Iglesias,28520,Madrid,Colonia Pablo Iglesias
Mercedes-Benz,SLK,Gasolina,182000.0,163.0,manual,9999,Terrassa,8220,Barcelona,Terrassa
BMW,Serie 7,Diésel,168000.0,245.0,automatic,16990,Madrid,28019,Madrid,Madrid
Citroen,C4,Diésel,25576.0,110.0,manual,19900,Pontevedra,36161,Pontevedra,Pontevedra
Citroen,C4,Gasolina,117308.0,120.0,manual,8299,Madrid,28014,Madrid,Madrid
Citroen,C4,Diésel,108112.0,120.0,manual,12980,Estepona,29680,Málaga,Estepona
Mercedes-Benz,Clase R,Diésel,225000.0,224.0,automatic,10500,Úbeda,23400,Jaén,Úbeda
BMW,Serie 4,Diésel,126853.0,150.0,automatic,23299,Madrid,28014,Madrid,Madrid
BMW,Serie 4,Diésel,87293.0,313.0,automatic,39990,Madrid,28046,Madrid,Madrid
Citroen,C5 Aircross,Diésel,29128.0,131.0,manual,21890,Sevilla,41006,Sevilla,Sevilla
Fiat,Fiorino,Diésel,150507.0,80.0,manual,6570,Sevilla,41005,Sevilla,Sevilla
Citroen,C5 Aircross,Diésel,5937.0,131.0,manual,26990,Almería,4006,Almería,Almería
Citroen,C5 Aircross,Diésel,5937.0,131.0,manual,26990,Vigo,36211,Pontevedra,Vigo
Citroen,C5 Aircross,Diésel,5937.0,131.0,manual,26990,Alicante,3010,Alicante,Alicante
Citroen,C5 Aircross,Diésel,5937.0,131.0,manual,26990,Alicante,3010,Murcia,Alicante
BMW,Serie 4,Diésel,126853.0,150.0,automatic,23299,Barcelona,8007,Barcelona,Barcelona
Citroen,C5 Aircross,Diésel,3.0,130.0,manual,28950,Badalona,8912,Barcelona,Badalona
BMW,Serie 1,Diésel,165468.0,143.0,manual,14520,Santa Maria del Aguila,4710,Almería,Santa Maria del Aguila
BMW,Serie 1,Diésel,109147.0,150.0,manual,18285,Santa Maria del Aguila,4710,Almería,Santa Maria del Aguila
BMW,Serie 1,Diésel,165468.0,143.0,manual,14520,Ciudad Real,13003,Ciudad Real,Ciudad Real
BMW,Serie 1,Diésel,109147.0,150.0,manual,18285,Ciudad Real,13003,Ciudad Real,Ciudad Real
BMW,Serie 1,Gasolina,60252.0,136.0,automatic,29450,Ciudad Real,13003,Ciudad Real,Ciudad Real
BMW,Serie 1,Diésel,165468.0,143.0,manual,14520,Santiago de Compostela,15703,A Coruña,Santiago de Compostela
BMW,Serie 1,Diésel,109147.0,150.0,manual,18285,Santiago de Compostela,15703,A Coruña,Santiago de Compostela
BMW,Serie 1,Gasolina,60252.0,136.0,automatic,29450,Santiago de Compostela,15703,A Coruña,Santiago de Compostela
BMW,Serie 1,Diésel,165468.0,143.0,manual,14520,Valdepeñas,13300,Ciudad Real,Valdepeñas
BMW,Serie 1,Diésel,165468.0,143.0,manual,14520,Valdepeñas,13300,Ciudad Real,Valdepeñas
BMW,Serie 1,Diésel,109147.0,150.0,manual,18285,Valdepeñas,13300,Ciudad Real,Valdepeñas
BMW,Serie 1,Diésel,109147.0,150.0,manual,18285,Valdepeñas,13300,Ciudad Real,Valdepeñas
BMW,Serie 1,Diésel,67242.0,150.0,manual,19990,Madrid,28021,Madrid,Madrid
BMW,Serie 1,Gasolina,43040.0,136.0,automatic,29750,Valdepeñas,13300,Ciudad Real,Valdepeñas
BMW,Serie 1,Gasolina,43040.0,136.0,automatic,29750,Valdepeñas,13300,Ciudad Real,Valdepeñas
BMW,Serie 1,Diésel,165468.0,143.0,manual,14520,Saladar,3700,Alicante,Saladar
BMW,Serie 1,Diésel,165468.0,143.0,manual,14520,Mercado Parque Corredor del Henares,28850,Madrid,Mercado Parque Corredor del Henares
BMW,Serie 1,Diésel,109147.0,150.0,manual,18285,Saladar,3700,Alicante,Saladar
Fiat,Freemont,Diésel,126715.0,170.0,automatic,13990,Valencia,46001,Valencia,Valencia
Fiat,Freemont,Diésel,126715.0,170.0,automatic,13990,Alicante,3010,Alicante,Alicante
Fiat,Freemont,Diésel,126715.0,170.0,automatic,13990,Alicante,3010,Murcia,Alicante
Fiat,Freemont,Diésel,126715.0,170.0,automatic,13990,Málaga,29005,Málaga,Málaga
Fiat,Freemont,Diésel,126715.0,170.0,automatic,13990,Sevilla,41005,Sevilla,Sevilla
Fiat,Freemont,Diésel,126715.0,170.0,automatic,13990,Vigo,36211,Pontevedra,Vigo
Fiat,Freemont,Diésel,126715.0,170.0,automatic,13990,Granada,18005,Granada,Granada
Fiat,Freemont,Diésel,126715.0,170.0,automatic,13990,Jaén,23008,Jaén,Jaén
BMW,Serie 1,Diésel,109147.0,150.0,manual,18285,Mercado Parque Corredor del Henares,28850,Madrid,Mercado Parque Corredor del Henares
BMW,Serie 1,Diésel,165468.0,143.0,manual,14520,Vigo,36214,Pontevedra,Vigo
BMW,Serie 1,Diésel,109147.0,150.0,manual,18285,Vigo,36214,Pontevedra,Vigo
BMW,Serie 1,Diésel,165468.0,143.0,manual,14520,Sant Vicenç de Montalt,8394,Barcelona,Sant Vicenç de Montalt
BMW,Serie 1,Diésel,109147.0,150.0,manual,18285,Sant Vicenç de Montalt,8394,Barcelona,Sant Vicenç de Montalt
BMW,Serie 1,Gasolina,102005.0,136.0,manual,13750,Zaragoza,50013,Zaragoza,Zaragoza
BMW,Serie 1,Gasolina,102005.0,136.0,manual,13750,Olèrdola,8734,Barcelona,Olèrdola
BMW,Serie 1,Gasolina,102005.0,136.0,manual,13750,Olèrdola,8734,Barcelona,Olèrdola
BMW,Serie 1,Gasolina,102005.0,136.0,manual,13750,Sant Vicenç de Montalt,8394,Barcelona,Sant Vicenç de Montalt
BMW,Serie 1,Diésel,207976.0,116.0,automatic,16215,Sant Vicenç de Montalt,8394,Barcelona,Sant Vicenç de Montalt
BMW,Serie 1,Diésel,106741.0,190.0,manual,18499,Madrid,28014,Madrid,Madrid
BMW,Serie 1,Diésel,151484.0,143.0,automatic,14499,Madrid,28014,Madrid,Madrid
BMW,Serie 1,Diésel,151484.0,143.0,automatic,14499,Barcelona,8007,Barcelona,Barcelona
BMW,Serie 6,Diésel,119000.0,313.0,automatic,38900,Málaga,29002,Málaga,Málaga
BMW,Serie 6,Diésel,99000.0,313.0,automatic,32999,Torrellano,3320,Alicante,Torrellano
Citroen,Berlingo,Diésel,154825.0,75.0,manual,10800,Pontevedra,36161,Pontevedra,Pontevedra
BMW,Serie 6,Gasolina,203000.0,333.0,automatic,8300,Sant Adrià de Besòs,8930,Barcelona,Sant Adrià de Besòs
BMW,Serie 6,Gasolina,295000.0,258.0,automatic,8499,Griñón,28971,Madrid,Griñón
Fiat,Talento,Diésel,80500.0,120.0,manual,16890,Vigo,36211,Pontevedra,Vigo
BMW,Serie 6,Gasolina,109000.0,320.0,automatic,32900,Marbella,29660,Málaga,Marbella
BMW,Serie 6,Gasolina,109000.0,320.0,automatic,28900,Marbella,29660,Málaga,Marbella
BMW,Serie 6,Gasolina,115744.0,450.0,automatic,39990,Las Rozas de Madrid,28232,Madrid,Las Rozas de Madrid
BMW,Serie 6,Gasolina,115744.0,450.0,automatic,39990,Leganés,28916,Madrid,Leganés
Fiat,Linea,Diésel,120000.0,90.0,manual,4400,Ciudad Deportiva del Jarama,28709,Madrid,Ciudad Deportiva del Jarama
Fiat,Linea,Diésel,134000.0,105.0,manual,6300,Torrejón de Ardoz,28850,Madrid,Torrejón de Ardoz
Peugeot,307,Diésel,200000.0,110.0,manual,2000,Alcorcón,28924,Madrid,Alcorcón
BMW,Serie 3,Diésel,101909.0,163.0,manual,13900,Castello/Castellon de La Plana,12100,Castellón,Castello/Castellon de La Plana
BMW,Serie 3,Diésel,64345.0,143.0,manual,19580,Valdepeñas,13300,Ciudad Real,Valdepeñas
BMW,Serie 3,Diésel,64345.0,143.0,manual,19580,Valdepeñas,13300,Ciudad Real,Valdepeñas
BMW,Serie 3,Diésel,70847.0,116.0,manual,18700,Valdepeñas,13300,Ciudad Real,Valdepeñas
BMW,Serie 3,Diésel,70847.0,116.0,manual,18700,Valdepeñas,13300,Ciudad Real,Valdepeñas
Toyota,GR Supra,Gasolina,125000.0,235.0,manual,7000,Vilobí d'Onyar,17185,Girona,Vilobí d'Onyar
BMW,Serie 3,Diésel,133446.0,163.0,manual,7990,Utebo,50180,Zaragoza,Utebo
BMW,Serie 3,Diésel,70847.0,116.0,manual,18700,Saladar,3700,Alicante,Saladar
BMW,Serie 3,Diésel,70847.0,116.0,manual,18700,Mercado Parque Corredor del Henares,28850,Madrid,Mercado Parque Corredor del Henares
BMW,Serie 3,Diésel,70847.0,116.0,manual,18700,Vigo,36214,Pontevedra,Vigo
Skoda,Yeti,Diésel,121543.0,150.0,manual,15950,Santa Maria del Aguila,4710,Almería,Santa Maria del Aguila
Skoda,Yeti,Diésel,121543.0,150.0,manual,15950,Murcia,30003,Murcia,Murcia
Skoda,Yeti,Diésel,121543.0,150.0,manual,15950,Vigo,36214,Pontevedra,Vigo
Skoda,Yeti,Diésel,121543.0,150.0,manual,15950,Colonia Pablo Iglesias,28520,Madrid,Colonia Pablo Iglesias
Citroen,C4 Picasso,Diésel,69290.0,111.0,automatic,9290,Sant Boi de Llobregat,8830,Barcelona,Sant Boi de Llobregat
Citroen,C4 Picasso,Diésel,69290.0,111.0,automatic,9290,Sevilla,41006,Sevilla,Sevilla
BMW,Serie 3,Diésel,70847.0,116.0,manual,18700,Sant Vicenç de Montalt,8394,Barcelona,Sant Vicenç de Montalt
BMW,Serie 3,Diésel,70847.0,116.0,manual,18700,Granollers,8403,Barcelona,Granollers
BMW,Serie 3,Diésel,220000.0,177.0,manual,7200,Churra Cabezo de Torres,30110,Murcia,Churra Cabezo de Torres
BMW,Serie 3,Gasolina,160000.0,143.0,manual,3800,Sevilla,41001,Sevilla,Sevilla
BMW,Serie 3,Diésel,99950.0,163.0,manual,306,Barcelona,8007,Barcelona,Barcelona
BMW,Serie 3,Diésel,99950.0,163.0,manual,306,Gandía,46701,Valencia,Gandía
BMW,Serie 3,Diésel,112000.0,190.0,manual,266,Madrid,28009,Madrid,Madrid
Ford,Ranger,Diésel,74000.0,160.0,manual,27900,Castelldefels,8860,Barcelona,Castelldefels
Ford,Ranger,Diésel,149000.0,150.0,manual,14999,Villanueva del Arzobispo,23330,Jaén,Villanueva del Arzobispo
BMW,Serie 3,Diésel,70847.0,116.0,manual,18700,Santa Maria del Aguila,4710,Almería,Santa Maria del Aguila
Ford,Tourneo Courier,Gasolina,20097.0,100.0,manual,15200,Granollers,8403,Barcelona,Granollers
Ford,Tourneo Courier,Gasolina,20097.0,100.0,manual,15200,Santa Maria del Aguila,4710,Almería,Santa Maria del Aguila
Ford,Tourneo Courier,Diésel,164308.0,95.0,manual,11490,Almería,4006,Almería,Almería
Ford,Tourneo Courier,Diésel,164308.0,95.0,manual,11490,Sevilla,41005,Sevilla,Sevilla
Ford,Tourneo Courier,Diésel,164308.0,95.0,manual,11490,Vigo,36211,Pontevedra,Vigo
Ford,Tourneo Courier,Gasolina,20097.0,100.0,manual,15200,Colonia Pablo Iglesias,28520,Madrid,Colonia Pablo Iglesias
Ford,Tourneo Courier,Diésel,164308.0,95.0,manual,11490,Granada,18005,Granada,Granada
BMW,Serie 3,Diésel,70847.0,116.0,manual,18700,Ciudad Real,13003,Ciudad Real,Ciudad Real
BMW,Serie 3,Diésel,70847.0,116.0,manual,18700,Santiago de Compostela,15703,A Coruña,Santiago de Compostela
Lancia,Voyager,Diésel,139000.0,163.0,automatic,15990,Arroyomolinos,28939,Madrid,Arroyomolinos
Lancia,Voyager,Diésel,139000.0,163.0,automatic,15990,Arroyomolinos,28939,Madrid,Arroyomolinos
Lancia,Voyager,Diésel,178707.0,163.0,automatic,16280,Las Rozas de Madrid,28232,Madrid,Las Rozas de Madrid
Lancia,Voyager,Diésel,178707.0,163.0,automatic,16280,Castello/Castellon de La Plana,12100,Castellón,Castello/Castellon de La Plana
BMW,X2,Diésel,77468.0,150.0,automatic,27140,Zaragoza,50013,Zaragoza,Zaragoza
BMW,X2,Diésel,77468.0,150.0,automatic,27140,Alameda del Obispo,14005,Córdoba,Alameda del Obispo
BMW,X2,Diésel,77468.0,150.0,automatic,27140,Alcalá de Guadaíra,41500,Sevilla,Alcalá de Guadaíra
BMW,X2,Diésel,77468.0,150.0,automatic,27140,Puerto de Sagunto,46520,Valencia,Puerto de Sagunto
BMW,X2,Diésel,30500.0,150.0,manual,37500,Fornells de la Selva,17458,Girona,Fornells de la Selva
BMW,X2,Gasolina,86263.0,192.0,automatic,28990,Sevilla,41005,Sevilla,Sevilla
BMW,X2,Gasolina,86263.0,192.0,automatic,28990,Almería,4006,Almería,Almería
BMW,X2,Gasolina,86263.0,192.0,automatic,28990,Vigo,36211,Pontevedra,Vigo
BMW,X2,Gasolina,86263.0,192.0,automatic,28990,Murcia,30005,Murcia,Murcia
BMW,X2,Gasolina,86263.0,192.0,automatic,28990,Málaga,29005,Málaga,Málaga
BMW,X2,Gasolina,86263.0,192.0,automatic,28990,Granada,18005,Granada,Granada
BMW,X2,Gasolina,86263.0,192.0,automatic,28990,Bilbao,48004,Bizkaia,Bilbao
BMW,X2,Gasolina,86263.0,192.0,automatic,28990,Armentia,1007,Álava,Armentia
BMW,X2,Gasolina,86263.0,192.0,automatic,28990,Oviedo,33003,Asturias,Oviedo
BMW,X2,Diésel,110000.0,150.0,manual,25499,Alcobendas,28100,Madrid,Alcobendas
Nissan,Primera,Gasolina,136000.0,109.0,manual,3400,Sevilla,41018,Sevilla,Sevilla
Nissan,Primera,Gasolina,136000.0,109.0,manual,3400,Madrid,28010,Madrid,Madrid
Ford,Mondeo,Eléctrico,136000.0,187.0,automatic,19899,Madrid,28005,Madrid,Madrid
BMW,X2,Diésel,78130.0,190.0,automatic,28490,Almería,4006,Almería,Almería
BMW,X2,Diésel,78130.0,190.0,automatic,28490,Vigo,36211,Pontevedra,Vigo
Ford,Puma,Gasolina,54782.0,125.0,manual,17990,Alicante,3010,Alicante,Alicante
Ford,Puma,Gasolina,54782.0,125.0,manual,17990,Alicante,3010,Murcia,Alicante
Ford,Puma,Gasolina,54782.0,125.0,manual,17490,Alicante,3010,Alicante,Alicante
Ford,Puma,Gasolina,54782.0,125.0,manual,17490,Alicante,3010,Murcia,Alicante
BMW,X2,Diésel,78130.0,190.0,automatic,28490,Valencia,46001,Valencia,Valencia
BMW,X2,Diésel,78130.0,190.0,automatic,28490,Bilbao,48004,Bizkaia,Bilbao
BMW,X2,Diésel,78130.0,190.0,automatic,28490,Murcia,30005,Murcia,Murcia
BMW,X2,Diésel,78130.0,190.0,automatic,28490,Palma de Mallorca,7003,Baleares,Palma de Mallorca
BMW,i3,Eléctrico,55000.0,170.0,automatic,26990,Getafe,28906,Madrid,Getafe
BMW,i3,Eléctrico,14500.0,170.0,automatic,32990,Málaga,29004,Málaga,Málaga
BMW,i3,Otros,86000.0,170.0,automatic,24900,Valdemoro,28340,Madrid,Valdemoro
Ford,Mustang,Gasolina,57260.0,418.0,manual,36500,Alcobendas,28100,Madrid,Alcobendas
Ford,Mustang,Gasolina,57260.0,418.0,manual,36500,Valdepeñas,13300,Ciudad Real,Valdepeñas
Ford,Mustang,Gasolina,57260.0,418.0,manual,36500,Valdepeñas,13300,Ciudad Real,Valdepeñas
Ford,Mustang,Gasolina,57260.0,418.0,manual,36500,Sant Vicenç de Montalt,8394,Barcelona,Sant Vicenç de Montalt
Ford,Mustang,Gasolina,57260.0,418.0,manual,36500,Castello/Castellon de La Plana,12100,Castellón,Castello/Castellon de La Plana
Ford,Mustang,Gasolina,57260.0,418.0,manual,36500,Vigo,36214,Pontevedra,Vigo
Ford,Mustang,Gasolina,57260.0,418.0,manual,36500,Barcelona,8007,Barcelona,Barcelona
Ford,Mustang,Gasolina,57260.0,418.0,manual,36500,Estepona,29680,Málaga,Estepona
Ford,Mustang,Gasolina,57260.0,418.0,manual,36500,Alicante,3007,Alicante,Alicante
Ford,Mustang,Gasolina,57260.0,418.0,manual,36500,Olèrdola,8734,Barcelona,Olèrdola
Ford,Mustang,Gasolina,57260.0,418.0,manual,36500,Olèrdola,8734,Barcelona,Olèrdola
Ford,Mustang,Gasolina,57260.0,418.0,manual,36500,Saladar,3700,Alicante,Saladar
BMW,i3,Eléctrico,29309.0,184.0,automatic,29990,Bigues,8415,Barcelona,Bigues
BMW,i3,Eléctrico,27600.0,170.0,automatic,28990,Barcelona,8007,Barcelona,Barcelona
BMW,i3,Eléctrico,27600.0,170.0,automatic,26400,Barcelona,8007,Barcelona,Barcelona
Citroen,C4 Aircross,Diésel,57053.0,114.0,manual,15698,Colonia Pablo Iglesias,28520,Madrid,Colonia Pablo Iglesias
Citroen,C4 Aircross,Diésel,57053.0,114.0,manual,15698,Las Rozas de Madrid,28232,Madrid,Las Rozas de Madrid
Citroen,C4 Aircross,Diésel,99000.0,114.0,manual,13490,San Juan Mozarrifar,50820,Zaragoza,San Juan Mozarrifar
BMW,i3,Eléctrico,59651.0,170.0,automatic,23345,Ciudad Real,13003,Ciudad Real,Ciudad Real
BMW,i3,Eléctrico,59651.0,170.0,automatic,23345,Saladar,3700,Alicante,Saladar
BMW,i3,Eléctrico,59651.0,170.0,automatic,23345,Vigo,36214,Pontevedra,Vigo
BMW,i3,Eléctrico,59651.0,170.0,automatic,23345,Paterna,46980,Valencia,Paterna
BMW,i3,Eléctrico,59651.0,170.0,automatic,23345,Mercabilbao,48970,Bizkaia,Mercabilbao
BMW,i3,Eléctrico,59651.0,170.0,automatic,23345,Granollers,8403,Barcelona,Granollers
BMW,X5,Diésel,94990.0,258.0,automatic,37290,Granada,18005,Granada,Granada
BMW,X5,Diésel,94990.0,258.0,automatic,37290,Valencia,46001,Valencia,Valencia
BMW,X5,Diésel,94990.0,258.0,automatic,37290,Málaga,29005,Málaga,Málaga
BMW,X5,Diésel,94990.0,258.0,automatic,37290,Las Rozas de Madrid,28232,Madrid,Las Rozas de Madrid
Citroen,C4 Cactus,Gasolina,25421.0,130.0,manual,16590,Sevilla,41006,Sevilla,Sevilla
Citroen,C4 Cactus,Gasolina,68586.0,110.0,automatic,12990,Sevilla,41005,Sevilla,Sevilla
Citroen,C4 Cactus,Gasolina,68586.0,110.0,automatic,12990,Vigo,36211,Pontevedra,Vigo
Citroen,C4 Cactus,Gasolina,68586.0,110.0,automatic,12990,Granada,18005,Granada,Granada
Citroen,C4 Cactus,Gasolina,25421.0,130.0,manual,16590,Sant Boi de Llobregat,8830,Barcelona,Sant Boi de Llobregat
Citroen,C4 Cactus,Gasolina,25421.0,130.0,manual,16590,Valencia,46002,Valencia,Valencia
Citroen,C4 Cactus,Diésel,13780.0,102.0,manual,16490,Valencia,46002,Valencia,Valencia
BMW,X5,Diésel,94990.0,258.0,automatic,37290,Urbanizacion La Granjilla,28700,Madrid,Urbanizacion La Granjilla
BMW,X5,Diésel,94990.0,258.0,automatic,37290,Murcia,30005,Murcia,Murcia
BMW,X5,Diésel,94990.0,258.0,automatic,37290,Toledo,45002,Toledo,Toledo
BMW,X5,Diésel,94990.0,258.0,automatic,37290,Villaviciosa de Odón,28670,Madrid,Villaviciosa de Odón
Citroen,C4 Cactus,Gasolina,98000.0,82.0,manual,9490,El Prat de Llobregat,8820,Barcelona,El Prat de Llobregat
BMW,X5,Diésel,94990.0,258.0,automatic,37290,Colonia Pablo Iglesias,28520,Madrid,Colonia Pablo Iglesias
BMW,X5,Diésel,94990.0,258.0,automatic,37290,Fuenlabrada,28947,Madrid,Fuenlabrada
BMW,X5,Diésel,94990.0,258.0,automatic,37290,Camarma de Esteruelas,28816,Madrid,Camarma de Esteruelas
BMW,X5,Diésel,94990.0,258.0,automatic,37290,Camarma de Esteruelas,28816,Madrid,Camarma de Esteruelas
BMW,X5,Diésel,157616.0,245.0,automatic,19500,Santa Maria del Aguila,4710,Almería,Santa Maria del Aguila
Citroen,C4 Cactus,Diésel,83800.0,99.0,manual,13490,Lleida,25001,Lleida,Lleida
BMW,X5,Diésel,262195.0,218.0,automatic,20990,Sevilla,41005,Sevilla,Sevilla
BMW,X5,Diésel,262195.0,218.0,automatic,20990,Valencia,46001,Valencia,Valencia
BMW,X5,Diésel,262195.0,218.0,automatic,20990,Málaga,29005,Málaga,Málaga
Citroen,C4 Cactus,Diésel,139332.0,100.0,manual,11990,Bilbao,48004,Bizkaia,Bilbao
Dacia,Logan,Otros,38463.0,90.0,manual,13685,Colonia Pablo Iglesias,28520,Madrid,Colonia Pablo Iglesias
Dacia,Logan,Otros,38463.0,90.0,manual,13685,Atarrabia,31610,Navarra,Atarrabia
Dacia,Logan,Otros,38463.0,90.0,manual,13685,Alameda del Obispo,14005,Córdoba,Alameda del Obispo
Dacia,Logan,Otros,38463.0,90.0,manual,13685,Mercabilbao,48970,Bizkaia,Mercabilbao
Ford,Grand C-MAX,Diésel,99950.0,119.0,manual,422,Sevilla,41018,Sevilla,Sevilla
Citroen,C4 Cactus,Diésel,121000.0,102.0,manual,13800,Úbeda,23400,Jaén,Úbeda
Dacia,Logan,Gasolina,35340.0,75.0,manual,8500,L'Hospitalet de Llobregat,8901,Barcelona,L'Hospitalet de Llobregat
Dacia,Logan,Gasolina,177995.0,75.0,manual,5950,Madrid,28046,Madrid,Madrid
Dacia,Logan,Gasolina,177995.0,75.0,manual,5950,Alcobendas,28100,Madrid,Alcobendas
BMW,X5,Diésel,149606.0,245.0,automatic,21099,Madrid,28014,Madrid,Madrid
BMW,X5,Diésel,149606.0,245.0,automatic,21099,Barcelona,8007,Barcelona,Barcelona
BMW,X5,Diésel,157616.0,245.0,automatic,19500,Sant Vicenç de Montalt,8394,Barcelona,Sant Vicenç de Montalt
Citroen,C4 Cactus,Diésel,132825.0,99.0,manual,13300,Sevilla,41007,Sevilla,Sevilla
BMW,X5,Diésel,268000.0,235.0,automatic,12990,Tordera,8490,Barcelona,Tordera
CUPRA,Leon,Gasolina,19000.0,245.0,automatic,37990,Sabadell,8203,Barcelona,Sabadell
CUPRA,Leon,Otros,24567.0,245.0,automatic,35900,Barcelona,8007,Barcelona,Barcelona
CUPRA,Formentor,Gasolina,13812.0,150.0,manual,26399,Barcelona,8007,Barcelona,Barcelona
BMW,X3,Diésel,145941.0,190.0,automatic,22500,Mercado Parque Corredor del Henares,28850,Madrid,Mercado Parque Corredor del Henares
BMW,X3,Diésel,108000.0,149.0,manual,387,Barcelona,8007,Barcelona,Barcelona
BMW,X3,Diésel,108000.0,149.0,manual,387,Gandía,46701,Valencia,Gandía
CUPRA,Formentor,Diésel,17020.0,150.0,manual,33900,Martorell,8760,Barcelona,Martorell
BMW,X3,Diésel,58000.0,190.0,manual,739,Valencia,46005,Valencia,Valencia
Peugeot,RCZ,Gasolina,98499.0,156.0,manual,11999,Madrid,28014,Madrid,Madrid
BMW,X3,Diésel,198000.0,177.0,manual,7499,Llerona,8520,Barcelona,Llerona
Peugeot,RCZ,Diésel,145689.0,163.0,manual,12990,Granollers,8403,Barcelona,Granollers
BMW,X3,Diésel,145941.0,190.0,automatic,22500,Getafe,28906,Madrid,Getafe
BMW,X3,Diésel,142056.0,184.0,manual,19580,Santiago de Compostela,15703,A Coruña,Santiago de Compostela
BMW,X3,Diésel,142056.0,184.0,manual,19580,Albacete,2001,Albacete,Albacete
BMW,X3,Diésel,145941.0,190.0,automatic,22500,Santiago de Compostela,15703,A Coruña,Santiago de Compostela
Peugeot,RCZ,Diésel,145689.0,163.0,manual,12990,Alcobendas,28100,Madrid,Alcobendas
BMW,X3,Diésel,145941.0,190.0,automatic,22500,Albacete,2001,Albacete,Albacete
BMW,X3,Diésel,142056.0,184.0,manual,19580,Vigo,36214,Pontevedra,Vigo
BMW,X3,Diésel,142056.0,184.0,manual,19580,Hidraulica Santillana,28770,Madrid,Hidraulica Santillana
Peugeot,RCZ,Diésel,145689.0,163.0,manual,12990,Valdepeñas,13300,Ciudad Real,Valdepeñas
Peugeot,RCZ,Diésel,145689.0,163.0,manual,12990,Valdepeñas,13300,Ciudad Real,Valdepeñas
Peugeot,RCZ,Diésel,145689.0,163.0,manual,12990,Castello/Castellon de La Plana,12100,Castellón,Castello/Castellon de La Plana
BMW,X3,Diésel,145941.0,190.0,automatic,22500,Hidraulica Santillana,28770,Madrid,Hidraulica Santillana
BMW,X3,Diésel,142056.0,184.0,manual,19580,Badajoz,6008,Badajoz,Badajoz
BMW,X3,Diésel,145941.0,190.0,automatic,22500,Badajoz,6008,Badajoz,Badajoz
BMW,X3,Diésel,142056.0,184.0,manual,19580,Saladar,3700,Alicante,Saladar
Peugeot,RCZ,Diésel,145689.0,163.0,manual,12990,Vigo,36214,Pontevedra,Vigo
Peugeot,RCZ,Diésel,145689.0,163.0,manual,12990,Estepona,29680,Málaga,Estepona
Peugeot,RCZ,Diésel,145689.0,163.0,manual,12990,Alicante,3007,Alicante,Alicante
Peugeot,RCZ,Diésel,145689.0,163.0,manual,12990,Olèrdola,8734,Barcelona,Olèrdola
Peugeot,RCZ,Diésel,145689.0,163.0,manual,12990,Olèrdola,8734,Barcelona,Olèrdola
BMW,X3,Diésel,145941.0,190.0,automatic,22500,Saladar,3700,Alicante,Saladar
BMW,X3,Diésel,142056.0,184.0,manual,19580,Santafe,18320,Granada,Santafe
BMW,X3,Diésel,145941.0,190.0,automatic,22500,Santafe,18320,Granada,Santafe
Peugeot,RCZ,Diésel,145689.0,163.0,manual,12990,Saladar,3700,Alicante,Saladar
Peugeot,RCZ,Diésel,145689.0,163.0,manual,12990,Albacete,2001,Albacete,Albacete
BMW,X3,Gasolina,152181.0,272.0,manual,11900,Olèrdola,8734,Barcelona,Olèrdola
BMW,X3,Gasolina,152181.0,272.0,manual,11900,Olèrdola,8734,Barcelona,Olèrdola
BMW,X3,Diésel,142056.0,184.0,manual,19580,Murcia,30003,Murcia,Murcia
BMW,X3,Diésel,145941.0,190.0,automatic,22500,Murcia,30003,Murcia,Murcia
BMW,X3,Gasolina,152181.0,272.0,manual,11900,Mercado Parque Corredor del Henares,28850,Madrid,Mercado Parque Corredor del Henares
Peugeot,RCZ,Diésel,145689.0,163.0,manual,12990,Murcia,30003,Murcia,Murcia
Peugeot,RCZ,Diésel,145689.0,163.0,manual,12990,Hidraulica Santillana,28770,Madrid,Hidraulica Santillana
Peugeot,RCZ,Diésel,145689.0,163.0,manual,12990,Alameda del Obispo,14005,Córdoba,Alameda del Obispo
BMW,X3,Diésel,142056.0,184.0,manual,19580,Castello/Castellon de La Plana,12100,Castellón,Castello/Castellon de La Plana
BMW,X3,Diésel,145941.0,190.0,automatic,22500,Castello/Castellon de La Plana,12100,Castellón,Castello/Castellon de La Plana
BMW,X3,Diésel,145941.0,190.0,automatic,22500,Olèrdola,8734,Barcelona,Olèrdola
BMW,X3,Diésel,145941.0,190.0,automatic,22500,Olèrdola,8734,Barcelona,Olèrdola
BMW,X3,Diésel,142056.0,184.0,manual,19580,Mercado Parque Corredor del Henares,28850,Madrid,Mercado Parque Corredor del Henares
BMW,X3,Diésel,145941.0,190.0,automatic,22500,Paterna,46980,Valencia,Paterna
BMW,X3,Diésel,145941.0,190.0,automatic,22500,Atarrabia,31610,Navarra,Atarrabia
Peugeot,RCZ,Diésel,145689.0,163.0,manual,12990,Alzira,46600,Valencia,Alzira
Peugeot,RCZ,Diésel,145689.0,163.0,manual,12990,Alzira,46600,Valencia,Alzira
Peugeot,RCZ,Diésel,145689.0,163.0,manual,12990,Collado Villalba,28400,Madrid,Collado Villalba
Peugeot,RCZ,Diésel,145689.0,163.0,manual,12990,Collado Villalba,28400,Madrid,Collado Villalba
BMW,Serie 2,Diésel,70385.0,150.0,manual,22885,Ciudad Real,13003,Ciudad Real,Ciudad Real
BMW,Serie 2,Diésel,33695.0,150.0,automatic,22500,Valladolid,47004,Valladolid,Valladolid
BMW,Serie 2,Diésel,227429.0,116.0,manual,12089,Saladar,3700,Alicante,Saladar
Chrysler,300 M,Gasolina,134200.0,204.0,automatic,2500,Málaga,29004,Málaga,Málaga
BMW,Serie 2,Diésel,227429.0,116.0,manual,12089,Vigo,36214,Pontevedra,Vigo
BMW,Serie 2,Diésel,227429.0,116.0,manual,12089,Murcia,30003,Murcia,Murcia
BMW,Serie 2,Diésel,70385.0,150.0,manual,22885,Granollers,8403,Barcelona,Granollers
BMW,Serie 2,Diésel,70385.0,150.0,manual,22885,Murcia,30003,Murcia,Murcia
Mazda,CX-3,Gasolina,49900.0,121.0,manual,18490,Móstoles,28933,Madrid,Móstoles
BMW,Serie 2,Diésel,33695.0,150.0,automatic,22500,Almería,4001,Almería,Almería
BMW,Serie 2,Diésel,227429.0,116.0,manual,12089,Colonia Pablo Iglesias,28520,Madrid,Colonia Pablo Iglesias
BMW,Serie 2,Diésel,33695.0,150.0,automatic,22500,Granada,18002,Granada,Granada
BMW,Serie 2,Diésel,33695.0,150.0,automatic,22500,Santander,39002,Cantabria,Santander
BMW,Serie 2,Diésel,227429.0,116.0,manual,12089,Atarrabia,31610,Navarra,Atarrabia
Peugeot,RCZ,Gasolina,98499.0,156.0,manual,11999,Barcelona,8007,Barcelona,Barcelona
Peugeot,RCZ,Diésel,145689.0,163.0,manual,12990,Santafe,18320,Granada,Santafe
Peugeot,RCZ,Diésel,145689.0,163.0,manual,12990,Getafe,28906,Madrid,Getafe
Peugeot,RCZ,Diésel,145689.0,163.0,manual,12990,Mercabilbao,48970,Bizkaia,Mercabilbao
Peugeot,RCZ,Diésel,145689.0,163.0,manual,12990,Mercado Parque Corredor del Henares,28850,Madrid,Mercado Parque Corredor del Henares
BMW,Serie 2,Diésel,154564.0,150.0,manual,13530,Santafe,18320,Granada,Santafe
BMW,Serie 2,Diésel,154564.0,150.0,manual,13530,Valdepeñas,13300,Ciudad Real,Valdepeñas
BMW,Serie 2,Diésel,154564.0,150.0,manual,13530,Valdepeñas,13300,Ciudad Real,Valdepeñas
BMW,Serie 2,Diésel,53134.0,150.0,manual,21275,Badajoz,6008,Badajoz,Badajoz
BMW,Serie 2,Diésel,56400.0,150.0,automatic,24990,Valencia,46001,Valencia,Valencia
Peugeot,RCZ,Diésel,145689.0,163.0,manual,12990,Alcalá de Guadaíra,41500,Sevilla,Alcalá de Guadaíra
Peugeot,RCZ,Diésel,145689.0,163.0,manual,12990,Puerto de Sagunto,46520,Valencia,Puerto de Sagunto
Peugeot,RCZ,Diésel,145689.0,163.0,manual,12990,Paterna,46980,Valencia,Paterna
BMW,Serie 2,Diésel,53134.0,150.0,manual,21275,Valdepeñas,13300,Ciudad Real,Valdepeñas
BMW,Serie 2,Diésel,53134.0,150.0,manual,21275,Valdepeñas,13300,Ciudad Real,Valdepeñas
BMW,Serie 2,Diésel,53134.0,150.0,manual,21275,Santafe,18320,Granada,Santafe
BMW,Serie 2,Diésel,154564.0,150.0,manual,13530,Granollers,8403,Barcelona,Granollers
BMW,Serie 2,Diésel,53134.0,150.0,manual,21275,Granollers,8403,Barcelona,Granollers
BMW,Serie 2,Diésel,154564.0,150.0,manual,13530,Vigo,36214,Pontevedra,Vigo
Peugeot,2008,Gasolina,59981.0,100.0,manual,16990,Murcia,30005,Murcia,Murcia
Peugeot,2008,Diésel,155499.0,100.0,manual,8990,Bilbao,48004,Bizkaia,Bilbao
Peugeot,2008,Diésel,79440.0,100.0,manual,11990,Valencia,46001,Valencia,Valencia
Peugeot,2008,Gasolina,59981.0,100.0,manual,16990,Bilbao,48004,Bizkaia,Bilbao
Mazda,6,Diésel,99950.0,149.0,manual,253,Gandía,46701,Valencia,Gandía
Mazda,6,Diésel,126989.0,150.0,automatic,15990,Pamplona/Iruña,31001,Navarra,Pamplona/Iruña
Mazda,6,Diésel,126989.0,150.0,automatic,15490,Pamplona/Iruña,31001,Navarra,Pamplona/Iruña
BMW,X4,Diésel,94000.0,190.0,automatic,27499,Reus,43201,Tarragona,Reus
BMW,X4,Diésel,99990.0,190.0,automatic,38490,Sevilla,41005,Sevilla,Sevilla
BMW,X4,Diésel,99990.0,190.0,automatic,38490,Ullastrell,8231,Barcelona,Ullastrell
BMW,X4,Diésel,99990.0,190.0,automatic,38490,Almería,4006,Almería,Almería
BMW,X4,Diésel,99990.0,190.0,automatic,38490,Vigo,36211,Pontevedra,Vigo
Peugeot,2008,Diésel,155499.0,100.0,manual,8990,Badajoz,6003,Badajoz,Badajoz
Peugeot,2008,Diésel,79440.0,100.0,manual,11990,Málaga,29005,Málaga,Málaga
Peugeot,2008,Gasolina,59981.0,100.0,manual,16990,Algeciras,11202,Cádiz,Algeciras
BMW,X4,Diésel,99990.0,190.0,automatic,38490,Alicante,3010,Alicante,Alicante
BMW,X4,Diésel,99990.0,190.0,automatic,38490,Alicante,3010,Murcia,Alicante
BMW,X4,Diésel,99990.0,190.0,automatic,38490,Granada,18005,Granada,Granada
BMW,X4,Diésel,99990.0,190.0,automatic,38490,Òrrius,8317,Barcelona,Òrrius
BMW,X4,Diésel,99990.0,190.0,automatic,38490,Murcia,30005,Murcia,Murcia
BMW,X4,Diésel,99990.0,190.0,automatic,38490,Girona,17007,Girona,Girona
BMW,X4,Diésel,99990.0,190.0,automatic,38490,Valencia,46001,Valencia,Valencia
BMW,X4,Diésel,99990.0,190.0,automatic,38490,Málaga,29005,Málaga,Málaga
BMW,X4,Diésel,99990.0,190.0,automatic,38490,Palma de Mallorca,7003,Baleares,Palma de Mallorca
BMW,X4,Diésel,121818.0,190.0,automatic,29400,Òrrius,8317,Barcelona,Òrrius
BMW,X4,Diésel,121818.0,190.0,automatic,28900,Òrrius,8317,Barcelona,Òrrius
BMW,X4,Gasolina,74553.0,184.0,automatic,37190,Madrid,28021,Madrid,Madrid
BMW,X4,Gasolina,74553.0,184.0,automatic,37590,Madrid,28021,Madrid,Madrid
BMW,X4,Gasolina,72126.0,245.0,automatic,26990,Alicante,3010,Alicante,Alicante
BMW,X4,Gasolina,72126.0,245.0,automatic,26990,Alicante,3010,Murcia,Alicante
Volkswagen,Arteon,Diésel,43500.0,150.0,automatic,29990,Málaga,29005,Málaga,Málaga
Volkswagen,Arteon,Diésel,43500.0,150.0,automatic,29990,Córdoba,14003,Córdoba,Córdoba
Volkswagen,Arteon,Diésel,43500.0,150.0,automatic,29990,Huelva,21004,Huelva,Huelva
Honda,Civic,Gasolina,116489.0,182.0,manual,15990,Córdoba,14003,Córdoba,Córdoba
BMW,X4,Gasolina,72126.0,245.0,automatic,26990,Sevilla,41005,Sevilla,Sevilla
BMW,X4,Diésel,121818.0,190.0,automatic,29400,Sevilla,41005,Sevilla,Sevilla
BMW,X4,Diésel,121818.0,190.0,automatic,28900,Sevilla,41005,Sevilla,Sevilla
BMW,X4,Gasolina,72126.0,245.0,automatic,26990,Málaga,29005,Málaga,Málaga
BMW,X4,Gasolina,72126.0,245.0,automatic,26990,Vigo,36211,Pontevedra,Vigo
BMW,X4,Gasolina,72126.0,245.0,automatic,26990,Granada,18005,Granada,Granada
Peugeot,2008,Diésel,155499.0,100.0,manual,8990,Huelva,21004,Huelva,Huelva
Volkswagen,Taigo,Gasolina,6158.0,110.0,automatic,24900,Alfafar,46910,Valencia,Alfafar
Volkswagen,Taigo,Gasolina,6158.0,110.0,automatic,24900,Alfafar,46910,Valencia,Alfafar
Volkswagen,Taigo,Gasolina,6158.0,110.0,automatic,24900,Alfafar,46910,Valencia,Alfafar
Volkswagen,Taigo,Gasolina,6158.0,110.0,automatic,24900,Alfafar,46910,Valencia,Alfafar
Volkswagen,Taigo,Gasolina,10166.0,95.0,manual,20990,Alicante,3010,Alicante,Alicante
Volkswagen,Taigo,Gasolina,10166.0,95.0,manual,20990,Alicante,3010,Murcia,Alicante
Volkswagen,Taigo,Gasolina,10166.0,95.0,manual,20990,Valencia,46001,Valencia,Valencia
Volkswagen,Taigo,Gasolina,10166.0,95.0,manual,20990,Granada,18005,Granada,Granada
Volkswagen,Taigo,Gasolina,10166.0,95.0,manual,20990,Vigo,36211,Pontevedra,Vigo
Volkswagen,Taigo,Gasolina,10166.0,95.0,manual,20990,Bilbao,48004,Bizkaia,Bilbao
Peugeot,Expert,Diésel,132000.0,120.0,manual,14500,Esplugues de Llobregat,8950,Barcelona,Esplugues de Llobregat
Peugeot,2008,Diésel,116000.0,102.0,manual,314,Barcelona,8007,Barcelona,Barcelona
Peugeot,2008,Diésel,52000.0,75.0,manual,382,Barcelona,8007,Barcelona,Barcelona
Peugeot,2008,Diésel,52000.0,75.0,manual,214,Barcelona,8007,Barcelona,Barcelona
Peugeot,2008,Diésel,89000.0,100.0,manual,202,Gandía,46701,Valencia,Gandía
Peugeot,2008,Diésel,99950.0,99.0,manual,385,Valencia,46005,Valencia,Valencia
Fiat,Talento,Diésel,96360.0,125.0,manual,24725,Hidraulica Santillana,28770,Madrid,Hidraulica Santillana
Fiat,Talento,Diésel,53250.0,120.0,manual,23990,Collado Villalba,28400,Madrid,Collado Villalba
Fiat,Talento,Diésel,53250.0,120.0,manual,23990,Collado Villalba,28400,Madrid,Collado Villalba
Fiat,Talento,Diésel,53250.0,120.0,manual,23990,Alicante,3010,Alicante,Alicante
Fiat,Talento,Diésel,53250.0,120.0,manual,23990,Alicante,3010,Murcia,Alicante
Fiat,Talento,Diésel,53250.0,120.0,manual,23990,Sevilla,41005,Sevilla,Sevilla
Fiat,Talento,Diésel,53250.0,120.0,manual,23990,Málaga,29005,Málaga,Málaga
Fiat,Talento,Diésel,53250.0,120.0,manual,23990,Granada,18005,Granada,Granada
Peugeot,2008,Gasolina,112000.0,130.0,manual,383,Barcelona,8009,Barcelona,Barcelona
Peugeot,2008,Diésel,89000.0,100.0,manual,434,Sevilla,41018,Sevilla,Sevilla
Peugeot,2008,Diésel,86000.0,99.0,manual,330,Barcelona,8009,Barcelona,Barcelona
Peugeot,2008,Diésel,115000.0,99.0,manual,320,Sevilla,41018,Sevilla,Sevilla
Peugeot,2008,Gasolina,39990.0,130.0,manual,19990,Alicante,3010,Alicante,Alicante
Peugeot,2008,Gasolina,39990.0,130.0,manual,19990,Alicante,3010,Murcia,Alicante
Peugeot,2008,Gasolina,39990.0,130.0,manual,19990,Vigo,36211,Pontevedra,Vigo
Fiat,Talento,Diésel,53250.0,120.0,manual,23990,Murcia,30005,Murcia,Murcia
Fiat,Talento,Diésel,53250.0,120.0,manual,23990,Almería,4006,Almería,Almería
Fiat,Talento,Diésel,53250.0,120.0,manual,23990,Camarma de Esteruelas,28816,Madrid,Camarma de Esteruelas
Fiat,Talento,Diésel,53250.0,120.0,manual,23990,Camarma de Esteruelas,28816,Madrid,Camarma de Esteruelas
Fiat,Talento,Diésel,53250.0,120.0,manual,23990,Las Rozas de Madrid,28232,Madrid,Las Rozas de Madrid
Fiat,Talento,Diésel,53250.0,120.0,manual,23990,Villaviciosa de Odón,28670,Madrid,Villaviciosa de Odón
Fiat,Talento,Diésel,53250.0,120.0,manual,23990,Urbanizacion La Granjilla,28700,Madrid,Urbanizacion La Granjilla
Fiat,Talento,Diésel,96360.0,125.0,manual,24725,Valdepeñas,13300,Ciudad Real,Valdepeñas
Fiat,Talento,Diésel,96360.0,125.0,manual,24725,Valdepeñas,13300,Ciudad Real,Valdepeñas
Subaru,Levorg,Gasolina,48000.0,170.0,automatic,20990,Òrrius,8317,Barcelona,Òrrius
Subaru,Levorg,Gasolina,17001.0,150.0,automatic,31900,Santa Coloma de Gramenet,8921,Barcelona,Santa Coloma de Gramenet
Subaru,Levorg,Gasolina,17001.0,150.0,automatic,31900,Fornells de la Selva,17458,Girona,Fornells de la Selva
Hyundai,Santa Fe,Diésel,12525.0,150.0,manual,28990,Alicante,3010,Alicante,Alicante
Hyundai,Santa Fe,Diésel,12525.0,150.0,manual,28990,Alicante,3010,Murcia,Alicante
Fiat,Talento,Diésel,96360.0,125.0,manual,24725,Barcelona,8007,Barcelona,Barcelona
Fiat,Talento,Diésel,96360.0,125.0,manual,24725,Olèrdola,8734,Barcelona,Olèrdola
Fiat,Talento,Diésel,96360.0,125.0,manual,24725,Olèrdola,8734,Barcelona,Olèrdola
Fiat,Talento,Diésel,96360.0,125.0,manual,24725,Las Rozas de Madrid,28232,Madrid,Las Rozas de Madrid
Fiat,Talento,Diésel,96360.0,125.0,manual,24725,Paterna,46980,Valencia,Paterna
Fiat,Talento,Diésel,96360.0,125.0,manual,24725,Atarrabia,31610,Navarra,Atarrabia
Fiat,Talento,Diésel,96360.0,125.0,manual,24725,Mercabilbao,48970,Bizkaia,Mercabilbao
Fiat,Talento,Diésel,96360.0,125.0,manual,24725,Alcalá de Guadaíra,41500,Sevilla,Alcalá de Guadaíra
Fiat,Talento,Diésel,80500.0,120.0,manual,16890,Alicante,3010,Alicante,Alicante
Fiat,Talento,Diésel,80500.0,120.0,manual,16890,Alicante,3010,Murcia,Alicante
Fiat,Talento,Diésel,80500.0,120.0,manual,16890,Almería,4006,Almería,Almería
Fiat,Talento,Diésel,80500.0,120.0,manual,16890,Sevilla,41005,Sevilla,Sevilla
Peugeot,2008,Gasolina,39990.0,130.0,manual,19990,Almería,4006,Almería,Almería
Peugeot,2008,Gasolina,55443.0,100.0,manual,19700,Sevilla,41006,Sevilla,Sevilla
Fiat,Tipo,Diésel,69999.0,95.0,manual,10990,Bilbao,48004,Bizkaia,Bilbao
Fiat,Tipo,Diésel,69999.0,95.0,manual,10790,Bilbao,48004,Bizkaia,Bilbao
Fiat,Tipo,Otros,142271.0,120.0,manual,10990,Alcalá de Henares,28802,Madrid,Alcalá de Henares
Fiat,Tipo,Diésel,199870.0,120.0,manual,9500,Churriana de la Vega,18194,Granada,Churriana de la Vega
Fiat,Tipo,Diésel,199870.0,120.0,manual,9500,Churriana de la Vega,18194,Granada,Churriana de la Vega
Peugeot,2008,Gasolina,6635.0,100.0,manual,20900,Dos Hermanas,41012,Sevilla,Dos Hermanas
Peugeot,2008,Gasolina,6635.0,100.0,manual,20900,Sevilla,41006,Sevilla,Sevilla
Fiat,Tipo,Diésel,81000.0,119.0,manual,318,Madrid,28006,Madrid,Madrid
Fiat,Tipo,Otros,185458.0,120.0,manual,7490,Bilbao,48004,Bizkaia,Bilbao
Fiat,Tipo,Otros,185458.0,120.0,manual,7490,Sevilla,41005,Sevilla,Sevilla
Fiat,Tipo,Otros,185458.0,120.0,manual,7490,Vigo,36211,Pontevedra,Vigo
Subaru,Outback,Gasolina,39731.0,175.0,automatic,27490,Valencia,46001,Valencia,Valencia
Subaru,Outback,Gasolina,39731.0,175.0,automatic,27490,Sevilla,41005,Sevilla,Sevilla
Hyundai,ix20,Diésel,104000.0,90.0,manual,8490,Villaviciosa de Odón,28670,Madrid,Villaviciosa de Odón
Fiat,Tipo,Otros,185458.0,120.0,manual,7490,Almería,4006,Almería,Almería
Fiat,Tipo,Otros,185458.0,120.0,manual,7490,Alicante,3010,Alicante,Alicante
Fiat,Tipo,Otros,185458.0,120.0,manual,7490,Alicante,3010,Murcia,Alicante
Fiat,Tipo,Gasolina,38998.0,95.0,manual,11490,Sevilla,41005,Sevilla,Sevilla
Fiat,Tipo,Diésel,115000.0,95.0,manual,6990,Sevilla,41005,Sevilla,Sevilla
Fiat,Tipo,Otros,185458.0,120.0,manual,7490,Granada,18005,Granada,Granada
Fiat,Tipo,Diésel,115000.0,95.0,manual,6990,Almería,4006,Almería,Almería
Fiat,Tipo,Diésel,115000.0,95.0,manual,6990,Vigo,36211,Pontevedra,Vigo
Fiat,Tipo,Diésel,115000.0,95.0,manual,6990,Alicante,3010,Alicante,Alicante
Fiat,Tipo,Diésel,115000.0,95.0,manual,6990,Alicante,3010,Murcia,Alicante
Fiat,Tipo,Diésel,115000.0,95.0,manual,6990,Marbella,29601,Málaga,Marbella
Fiat,Tipo,Otros,185458.0,120.0,manual,7490,Murcia,30005,Murcia,Murcia
Fiat,Tipo,Diésel,120630.0,95.0,manual,10490,Alcorcón,28921,Madrid,Alcorcón
Hyundai,Tucson,Diésel,44234.0,115.0,manual,18450,Tarragona,43006,Tarragona,Tarragona
Hyundai,Tucson,Diésel,44234.0,115.0,manual,18450,Ullastrell,8231,Barcelona,Ullastrell
Fiat,Tipo,Otros,185458.0,120.0,manual,7490,Las Rozas de Madrid,28232,Madrid,Las Rozas de Madrid
Hyundai,Tucson,Diésel,130000.0,115.0,manual,14990,Valencia,46001,Valencia,Valencia
Fiat,Scudo,Diésel,236000.0,109.0,manual,3200,Constantí,43120,Tarragona,Constantí
Hyundai,Tucson,Diésel,83000.0,116.0,manual,19700,Valencia,46025,Valencia,Valencia
Hyundai,Tucson,Gasolina,1.0,150.0,manual,30450,Sant Boi de Llobregat,8830,Barcelona,Sant Boi de Llobregat
Peugeot,807,Diésel,183000.0,136.0,manual,7495,Reus,43204,Tarragona,Reus
Hyundai,Tucson,Diésel,92271.0,136.0,manual,22080,Olèrdola,8734,Barcelona,Olèrdola
Hyundai,Tucson,Diésel,92271.0,136.0,manual,22080,Olèrdola,8734,Barcelona,Olèrdola
Hyundai,Tucson,Diésel,133796.0,184.0,automatic,22195,Olèrdola,8734,Barcelona,Olèrdola
Hyundai,Tucson,Diésel,133796.0,184.0,automatic,22195,Olèrdola,8734,Barcelona,Olèrdola
Hyundai,Tucson,Diésel,77166.0,115.0,manual,22800,Olèrdola,8734,Barcelona,Olèrdola
Hyundai,Tucson,Diésel,77166.0,115.0,manual,22800,Olèrdola,8734,Barcelona,Olèrdola
Ford,Grand C-MAX,Gasolina,128108.0,125.0,manual,10990,Almería,4006,Almería,Almería
Ford,Grand C-MAX,Gasolina,128108.0,125.0,manual,10990,Las Rozas de Madrid,28232,Madrid,Las Rozas de Madrid
Ford,Grand C-MAX,Gasolina,128108.0,125.0,manual,10990,Granada,18005,Granada,Granada
Peugeot,Rifter,Diésel,24081.0,100.0,manual,21890,San Fernando de Henares,28830,Madrid,San Fernando de Henares
Fiat,Scudo,Diésel,206000.0,120.0,manual,8800,Murcia,30001,Murcia,Murcia
Fiat,500L,Gasolina,15179.0,95.0,manual,18400,Mercado Parque Corredor del Henares,28850,Madrid,Mercado Parque Corredor del Henares
Fiat,500L,Gasolina,103755.0,95.0,manual,12639,Vigo,36214,Pontevedra,Vigo
Fiat,500L,Diésel,37377.0,95.0,automatic,18285,Vigo,36214,Pontevedra,Vigo
Fiat,500L,Gasolina,15179.0,95.0,manual,18400,Vigo,36214,Pontevedra,Vigo
Fiat,500L,Gasolina,103755.0,95.0,manual,12639,Sant Vicenç de Montalt,8394,Barcelona,Sant Vicenç de Montalt
Hyundai,Tucson,Diésel,75140.0,116.0,manual,19290,Almería,4006,Almería,Almería
Fiat,500L,Diésel,37377.0,95.0,automatic,18285,Sant Vicenç de Montalt,8394,Barcelona,Sant Vicenç de Montalt
Fiat,500L,Diésel,37377.0,95.0,automatic,18285,Granollers,8403,Barcelona,Granollers
Fiat,500L,Gasolina,15179.0,95.0,manual,18400,Granollers,8403,Barcelona,Granollers
Fiat,500L,Gasolina,103755.0,95.0,manual,12639,Murcia,30003,Murcia,Murcia
Fiat,500L,Gasolina,65756.0,95.0,manual,12600,Murcia,30003,Murcia,Murcia
Fiat,500L,Diésel,37377.0,95.0,automatic,18285,Murcia,30003,Murcia,Murcia
Fiat,500L,Diésel,37377.0,95.0,automatic,18285,Estepona,29680,Málaga,Estepona
Fiat,500L,Diésel,74000.0,119.0,manual,401,Sevilla,41018,Sevilla,Sevilla
Hyundai,Tucson,Diésel,32900.0,136.0,manual,21400,Vigo,36211,Pontevedra,Vigo
Hyundai,Tucson,Diésel,66139.0,136.0,automatic,28685,Girona,17007,Girona,Girona
Peugeot,306,Diésel,183756.0,71.0,manual,1300,Badajoz,6003,Badajoz,Badajoz
Fiat,500L,Gasolina,103755.0,95.0,manual,12639,Santa Maria del Aguila,4710,Almería,Santa Maria del Aguila
Fiat,500L,Gasolina,65756.0,95.0,manual,12600,Santa Maria del Aguila,4710,Almería,Santa Maria del Aguila
Fiat,500L,Diésel,37377.0,95.0,automatic,18285,Santa Maria del Aguila,4710,Almería,Santa Maria del Aguila
Fiat,500L,Diésel,37377.0,95.0,automatic,18285,Ciudad Real,13003,Ciudad Real,Ciudad Real
Fiat,500L,Gasolina,15179.0,95.0,manual,18400,Ciudad Real,13003,Ciudad Real,Ciudad Real
Hyundai,Elantra,Diésel,51172.0,136.0,manual,15950,Agirre-Aperribai,48960,Bizkaia,Agirre-Aperribai
Fiat,500X,Diésel,145319.0,120.0,manual,12450,Alzira,46600,Valencia,Alzira
Fiat,500X,Diésel,145319.0,120.0,manual,12450,Alzira,46600,Valencia,Alzira
Fiat,500X,Diésel,145319.0,120.0,manual,12450,Alameda del Obispo,14005,Córdoba,Alameda del Obispo
Fiat,500X,Diésel,145319.0,120.0,manual,12450,Alcalá de Guadaíra,41500,Sevilla,Alcalá de Guadaíra
Fiat,500X,Diésel,145319.0,120.0,manual,12450,Mercabilbao,48970,Bizkaia,Mercabilbao
Fiat,500X,Diésel,145319.0,120.0,manual,12450,Santafe,18320,Granada,Santafe
Fiat,500X,Diésel,145319.0,120.0,manual,12450,Paterna,46980,Valencia,Paterna
Fiat,500X,Diésel,145319.0,120.0,manual,12450,Atarrabia,31610,Navarra,Atarrabia
Fiat,500X,Diésel,145319.0,120.0,manual,12450,Puerto de Sagunto,46520,Valencia,Puerto de Sagunto
Fiat,500X,Diésel,145319.0,120.0,manual,12450,Getafe,28906,Madrid,Getafe
Fiat,500X,Diésel,145319.0,120.0,manual,12450,Las Rozas de Madrid,28232,Madrid,Las Rozas de Madrid
Opel,Corsa-e,Eléctrico,10.0,136.0,automatic,32500,Sant Boi de Llobregat,8830,Barcelona,Sant Boi de Llobregat
Fiat,500X,Diésel,145319.0,120.0,manual,12450,Torremolinos,29620,Málaga,Torremolinos
Fiat,500X,Diésel,145319.0,120.0,manual,12450,Torremolinos,29620,Málaga,Torremolinos
Fiat,500X,Diésel,145319.0,120.0,manual,12450,Torremolinos,29620,Málaga,Torremolinos
Fiat,500X,Diésel,145319.0,120.0,manual,12450,Castello/Castellon de La Plana,12100,Castellón,Castello/Castellon de La Plana
Fiat,500X,Diésel,145319.0,120.0,manual,12450,Colonia Pablo Iglesias,28520,Madrid,Colonia Pablo Iglesias
Fiat,500X,Diésel,145319.0,120.0,manual,12450,Hidraulica Santillana,28770,Madrid,Hidraulica Santillana
Fiat,500X,Diésel,145319.0,120.0,manual,12450,Albacete,2001,Albacete,Albacete
Fiat,500X,Diésel,145319.0,120.0,manual,12450,Vigo,36214,Pontevedra,Vigo
Fiat,500X,Gasolina,58300.0,120.0,manual,15990,Bilbao,48004,Bizkaia,Bilbao
Fiat,500X,Gasolina,58300.0,120.0,manual,15990,Sevilla,41005,Sevilla,Sevilla
Fiat,500X,Gasolina,58300.0,120.0,manual,15990,Vigo,36211,Pontevedra,Vigo
Fiat,500X,Gasolina,58300.0,120.0,manual,15990,Alicante,3010,Alicante,Alicante
Fiat,500X,Gasolina,58300.0,120.0,manual,15990,Alicante,3010,Murcia,Alicante
Fiat,500X,Gasolina,58300.0,120.0,manual,15990,Huelva,21004,Huelva,Huelva
Fiat,500X,Gasolina,58300.0,120.0,manual,15990,Murcia,30005,Murcia,Murcia
Peugeot,5008,Diésel,137469.0,150.0,manual,11900,Alameda del Obispo,14005,Córdoba,Alameda del Obispo
Peugeot,5008,Diésel,137469.0,150.0,manual,11900,Alcalá de Guadaíra,41500,Sevilla,Alcalá de Guadaíra
Fiat,500X,Gasolina,58300.0,120.0,manual,15990,Granada,18005,Granada,Granada
Fiat,500X,Gasolina,58300.0,120.0,manual,15990,Valencia,46001,Valencia,Valencia
Fiat,Fiorino,Diésel,40000.0,80.0,manual,10900,Valdemoro,28340,Madrid,Valdemoro
Fiat,Fiorino,Diésel,114298.0,80.0,manual,6983,Sevilla,41005,Sevilla,Sevilla
Fiat,500X,Gasolina,58300.0,120.0,manual,15990,Badajoz,6003,Badajoz,Badajoz
Fiat,500X,Gasolina,58300.0,120.0,manual,15990,Córdoba,14003,Córdoba,Córdoba
Fiat,500X,Gasolina,58300.0,120.0,manual,15990,Cáceres,10001,Cáceres,Cáceres
Fiat,500X,Diésel,16512.0,120.0,manual,19099,Madrid,28014,Madrid,Madrid
Fiat,500X,Gasolina,16699.0,120.0,manual,18599,Madrid,28014,Madrid,Madrid
Fiat,500X,Gasolina,16699.0,120.0,manual,18199,Madrid,28014,Madrid,Madrid
Fiat,500X,Gasolina,16699.0,120.0,manual,18599,Barcelona,8007,Barcelona,Barcelona
Fiat,500X,Gasolina,16699.0,120.0,manual,18199,Barcelona,8007,Barcelona,Barcelona
Peugeot,5008,Diésel,137469.0,150.0,manual,11900,Mercabilbao,48970,Bizkaia,Mercabilbao
Peugeot,5008,Diésel,137469.0,150.0,manual,11900,Castello/Castellon de La Plana,12100,Castellón,Castello/Castellon de La Plana
Hyundai,i40,Diésel,121881.0,115.0,manual,14203,Zaragoza,50013,Zaragoza,Zaragoza
Hyundai,i40,Diésel,121881.0,115.0,manual,14203,Santafe,18320,Granada,Santafe
Hyundai,i40,Diésel,121881.0,115.0,manual,14203,Mercabilbao,48970,Bizkaia,Mercabilbao
Fiat,Doblò,Diésel,141635.0,105.0,manual,9215,Madrid,28014,Madrid,Madrid
Peugeot,5008,Diésel,137469.0,150.0,manual,11900,Las Rozas de Madrid,28232,Madrid,Las Rozas de Madrid
Peugeot,5008,Diésel,137469.0,150.0,manual,11900,Zaragoza,50013,Zaragoza,Zaragoza
Peugeot,5008,Diésel,137469.0,150.0,manual,11900,Paterna,46980,Valencia,Paterna
Nissan,X-Trail,Diésel,67407.0,130.0,manual,21920,Badajoz,6008,Badajoz,Badajoz
Nissan,X-Trail,Diésel,100115.0,130.0,manual,18490,Sevilla,41005,Sevilla,Sevilla
Fiat,Doblò,Diésel,141635.0,105.0,manual,9215,Badajoz,6008,Badajoz,Badajoz
Fiat,Doblò,Diésel,141635.0,105.0,manual,9215,Almería,4001,Almería,Almería
Fiat,Doblò,Diésel,75000.0,95.0,manual,14990,Bilbao,48004,Bizkaia,Bilbao
Fiat,Doblò,Diésel,75000.0,95.0,manual,14990,Castellón,12001,Castellón,Castellón
Fiat,Doblò,Diésel,75000.0,95.0,manual,14990,Sevilla,41005,Sevilla,Sevilla
Fiat,Doblò,Diésel,75000.0,95.0,manual,14990,Almería,4006,Almería,Almería
Fiat,Doblò,Diésel,75000.0,95.0,manual,14990,Alicante,3010,Alicante,Alicante
Fiat,Doblò,Diésel,75000.0,95.0,manual,14990,Alicante,3010,Murcia,Alicante
Subaru,Legacy,Diésel,240000.0,150.0,manual,3490,Leioa,48940,Bizkaia,Leioa
Hyundai,i30,Diésel,96518.0,110.0,manual,14299,Madrid,28014,Madrid,Madrid
Fiat,Doblò,Diésel,75000.0,95.0,manual,14990,Murcia,30005,Murcia,Murcia
Fiat,Doblò,Diésel,75000.0,95.0,manual,14990,Granada,18005,Granada,Granada
Subaru,Outback,Gasolina,189000.0,167.0,automatic,11600,Torremolinos,29620,Málaga,Torremolinos
Subaru,Outback,Gasolina,189000.0,167.0,automatic,11600,Torremolinos,29620,Málaga,Torremolinos
Subaru,Outback,Gasolina,189000.0,167.0,automatic,11600,Torremolinos,29620,Málaga,Torremolinos
Fiat,Doblò,Diésel,75000.0,95.0,manual,14990,Málaga,29005,Málaga,Málaga
Fiat,Doblò,Diésel,75000.0,95.0,manual,14990,Valencia,46001,Valencia,Valencia
BMW,Serie 2,Diésel,227429.0,116.0,manual,12089,Alcalá de Guadaíra,41500,Sevilla,Alcalá de Guadaíra
Subaru,Justy,Gasolina,215000.0,70.0,manual,2750,Badalona,8918,Barcelona,Badalona
BMW,Serie 2,Diésel,227429.0,116.0,manual,12089,Mercabilbao,48970,Bizkaia,Mercabilbao
BMW,Serie 2,Diésel,227429.0,116.0,manual,12089,Torremolinos,29620,Málaga,Torremolinos
BMW,Serie 2,Diésel,227429.0,116.0,manual,12089,Torremolinos,29620,Málaga,Torremolinos
BMW,Serie 2,Diésel,227429.0,116.0,manual,12089,Torremolinos,29620,Málaga,Torremolinos
BMW,Serie 2,Diésel,227429.0,116.0,manual,12089,Getafe,28906,Madrid,Getafe
Hyundai,i30,Diésel,56160.0,116.0,manual,17699,Madrid,28014,Madrid,Madrid
Hyundai,i30,Gasolina,130000.0,109.0,manual,9750,Les Borges Blanques,25400,Lleida,Les Borges Blanques
Fiat,500,Gasolina,115997.0,69.0,automatic,10490,Bilbao,48004,Bizkaia,Bilbao
Fiat,500,Gasolina,49208.0,69.0,manual,12950,Sant Feliu de Guíxols,17220,Girona,Sant Feliu de Guíxols
Fiat,500,Gasolina,55000.0,69.0,manual,202,Barcelona,8007,Barcelona,Barcelona
Fiat,500,Gasolina,58000.0,69.0,manual,202,Gandía,46701,Valencia,Gandía
Fiat,500,Gasolina,53000.0,69.0,manual,308,Valencia,46005,Valencia,Valencia
Fiat,500,Gasolina,54000.0,69.0,manual,308,Madrid,28006,Madrid,Madrid
Fiat,500,Gasolina,58000.0,69.0,manual,308,Madrid,28006,Madrid,Madrid
Fiat,500,Gasolina,49000.0,69.0,manual,312,Sevilla,41018,Sevilla,Sevilla
Fiat,500,Gasolina,41556.0,69.0,manual,12990,Santa Maria del Aguila,4710,Almería,Santa Maria del Aguila
Fiat,500,Gasolina,41556.0,69.0,manual,12990,Santiago de Compostela,15703,A Coruña,Santiago de Compostela
Fiat,500,Gasolina,41556.0,69.0,manual,12990,Valdepeñas,13300,Ciudad Real,Valdepeñas
Fiat,500,Gasolina,41556.0,69.0,manual,12990,Valdepeñas,13300,Ciudad Real,Valdepeñas
Fiat,500,Gasolina,41556.0,69.0,manual,12990,Mercado Parque Corredor del Henares,28850,Madrid,Mercado Parque Corredor del Henares
Fiat,500,Gasolina,41556.0,69.0,manual,12990,Sant Vicenç de Montalt,8394,Barcelona,Sant Vicenç de Montalt
Fiat,500,Gasolina,41556.0,69.0,manual,12990,Olèrdola,8734,Barcelona,Olèrdola
Fiat,500,Gasolina,41556.0,69.0,manual,12990,Olèrdola,8734,Barcelona,Olèrdola
Fiat,500,Gasolina,78000.0,69.0,manual,11990,Almería,4006,Almería,Almería
Hyundai,i30,Gasolina,32995.0,120.0,manual,15190,Urbanizacion La Granjilla,28700,Madrid,Urbanizacion La Granjilla
Hyundai,i30,Gasolina,32995.0,120.0,manual,15190,Fuenlabrada,28947,Madrid,Fuenlabrada
Hyundai,i30,Gasolina,32995.0,120.0,manual,15190,Colonia Pablo Iglesias,28520,Madrid,Colonia Pablo Iglesias
Peugeot,5008,Diésel,137469.0,150.0,manual,11900,Atarrabia,31610,Navarra,Atarrabia
Fiat,500,Gasolina,115997.0,69.0,automatic,10490,Sevilla,41005,Sevilla,Sevilla
Fiat,500,Gasolina,115997.0,69.0,automatic,10490,Vigo,36211,Pontevedra,Vigo
Fiat,500,Gasolina,115997.0,69.0,automatic,10490,Alicante,3010,Alicante,Alicante
Fiat,500,Gasolina,115997.0,69.0,automatic,10490,Alicante,3010,Murcia,Alicante
Fiat,500,Gasolina,115997.0,69.0,automatic,10490,Granada,18005,Granada,Granada
Fiat,500,Gasolina,115997.0,69.0,automatic,10490,Murcia,30005,Murcia,Murcia
Fiat,500,Gasolina,115997.0,69.0,automatic,10490,Valencia,46001,Valencia,Valencia
Fiat,500,Gasolina,115997.0,69.0,automatic,10490,Málaga,29005,Málaga,Málaga
Fiat,500,Gasolina,32462.0,70.0,manual,11199,Madrid,28014,Madrid,Madrid
Fiat,500,Gasolina,32462.0,70.0,manual,10899,Madrid,28014,Madrid,Madrid
Fiat,500,Gasolina,32462.0,70.0,manual,11199,Barcelona,8007,Barcelona,Barcelona
Fiat,500,Gasolina,32462.0,70.0,manual,10899,Barcelona,8007,Barcelona,Barcelona
Fiat,500,Gasolina,63154.0,70.0,manual,11999,Barcelona,8007,Barcelona,Barcelona
Fiat,500,Gasolina,63154.0,70.0,manual,11699,Barcelona,8007,Barcelona,Barcelona
Fiat,500,Otros,51892.0,69.0,manual,14375,Estepona,29680,Málaga,Estepona
Hyundai,Kona,Gasolina,42927.0,120.0,manual,20250,Badajoz,6008,Badajoz,Badajoz
Fiat,500,Gasolina,72000.0,69.0,manual,6700,Barcelona,8028,Barcelona,Barcelona
Fiat,500,Otros,51892.0,69.0,manual,14375,Zaragoza,50013,Zaragoza,Zaragoza
Fiat,500,Otros,51892.0,69.0,manual,14375,Mercado Parque Corredor del Henares,28850,Madrid,Mercado Parque Corredor del Henares
Fiat,500,Otros,51892.0,69.0,manual,14375,Santa Maria del Aguila,4710,Almería,Santa Maria del Aguila
Fiat,500,Otros,51892.0,69.0,manual,14375,Alcalá de Guadaíra,41500,Sevilla,Alcalá de Guadaíra
Fiat,500,Gasolina,59990.0,69.0,manual,9990,Sevilla,41005,Sevilla,Sevilla
Peugeot,5008,Diésel,137469.0,150.0,manual,11900,Getafe,28906,Madrid,Getafe
Peugeot,5008,Diésel,137469.0,150.0,manual,11900,Torremolinos,29620,Málaga,Torremolinos
Peugeot,5008,Diésel,137469.0,150.0,manual,11900,Torremolinos,29620,Málaga,Torremolinos
Peugeot,5008,Diésel,137469.0,150.0,manual,11900,Torremolinos,29620,Málaga,Torremolinos
Volkswagen,Lupo,Gasolina,134000.0,75.0,automatic,3490,Getafe,28906,Madrid,Getafe
Fiat,Barchetta,Gasolina,170000.0,130.0,manual,6950,Coiros de Arriba,15316,A Coruña,Coiros de Arriba
Hyundai,Kona,Diésel,98000.0,136.0,manual,20990,Salamanca,37003,Salamanca,Salamanca
Fiat,Linea,Gasolina,99000.0,77.0,manual,6500,El Prat de Llobregat,8820,Barcelona,El Prat de Llobregat
Fiat,Linea,Diésel,260000.0,90.0,manual,2990,Revilla de Camargo,39600,Cantabria,Revilla de Camargo
Hyundai,Kona,Eléctrico,4797.0,141.0,automatic,26900,Atarrabia,31610,Navarra,Atarrabia
Volkswagen,Taigo,Gasolina,14423.0,110.0,automatic,26990,Casas Novas,36164,Pontevedra,Casas Novas
Fiat,Linea,Diésel,150000.0,90.0,manual,4100,Marbella,29601,Málaga,Marbella
Peugeot,5008,Diésel,137469.0,150.0,manual,11900,Collado Villalba,28400,Madrid,Collado Villalba
Peugeot,5008,Diésel,137469.0,150.0,manual,11900,Collado Villalba,28400,Madrid,Collado Villalba
Peugeot,5008,Diésel,137469.0,150.0,manual,11900,Colonia Pablo Iglesias,28520,Madrid,Colonia Pablo Iglesias
Peugeot,5008,Diésel,137469.0,150.0,manual,11900,Albacete,2001,Albacete,Albacete
Peugeot,5008,Gasolina,39444.0,130.0,manual,29390,Madrid,28021,Madrid,Madrid
Fiat,Freemont,Diésel,126715.0,170.0,automatic,13990,Ciudad Real,13005,Ciudad Real,Ciudad Real
Fiat,Freemont,Diésel,88000.0,140.0,manual,16500,Santa Maria del Aguila,4710,Almería,Santa Maria del Aguila
Fiat,Freemont,Diésel,146277.0,170.0,manual,14245,Sant Vicenç de Montalt,8394,Barcelona,Sant Vicenç de Montalt
SEAT,Exeo,Diésel,60391.0,143.0,manual,11500,Puerto de Sagunto,46520,Valencia,Puerto de Sagunto
SEAT,Exeo,Diésel,60391.0,143.0,manual,11500,Mercabilbao,48970,Bizkaia,Mercabilbao
SEAT,Exeo,Diésel,60391.0,143.0,manual,11500,Alcalá de Guadaíra,41500,Sevilla,Alcalá de Guadaíra
SEAT,Exeo,Diésel,60391.0,143.0,manual,11500,Zaragoza,50013,Zaragoza,Zaragoza
Peugeot,5008,Diésel,113002.0,130.0,manual,24390,Madrid,28021,Madrid,Madrid
Peugeot,5008,Diésel,137469.0,150.0,manual,11900,Santiago de Compostela,15703,A Coruña,Santiago de Compostela
Peugeot,5008,Gasolina,77415.0,130.0,manual,15237,Santiago de Compostela,15703,A Coruña,Santiago de Compostela
Peugeot,5008,Diésel,137469.0,150.0,manual,11900,Mercado Parque Corredor del Henares,28850,Madrid,Mercado Parque Corredor del Henares
Hyundai,ix55,Diésel,217123.0,240.0,automatic,9850,Alcalá de Henares,28806,Madrid,Alcalá de Henares
Fiat,Freemont,Diésel,88000.0,140.0,manual,16500,Sant Vicenç de Montalt,8394,Barcelona,Sant Vicenç de Montalt
Fiat,Freemont,Diésel,174898.0,170.0,manual,13990,Leganés,28916,Madrid,Leganés
Fiat,Freemont,Diésel,174898.0,170.0,manual,13990,Madrid,28046,Madrid,Madrid
Fiat,Freemont,Diésel,174898.0,170.0,manual,13990,Las Rozas de Madrid,28232,Madrid,Las Rozas de Madrid
Fiat,Freemont,Diésel,130000.0,140.0,manual,15995,Madrid,28043,Madrid,Madrid
Hyundai,Getz,Gasolina,116000.0,66.0,manual,4999,Sabadell,8201,Barcelona,Sabadell
Peugeot,5008,Diésel,137469.0,150.0,manual,11900,Valdepeñas,13300,Ciudad Real,Valdepeñas
Peugeot,5008,Diésel,137469.0,150.0,manual,11900,Valdepeñas,13300,Ciudad Real,Valdepeñas
Peugeot,5008,Diésel,137469.0,150.0,manual,11900,Estepona,29680,Málaga,Estepona
Peugeot,5008,Diésel,137469.0,150.0,manual,11900,Sant Vicenç de Montalt,8394,Barcelona,Sant Vicenç de Montalt
Fiat,Freemont,Diésel,264000.0,140.0,manual,7990,Fuenlabrada,28946,Madrid,Fuenlabrada
Fiat,Freemont,Diésel,170920.0,170.0,automatic,15990,Sotillo de la Adrada,5420,Ávila,Sotillo de la Adrada
Fiat,Freemont,Diésel,179000.0,170.0,automatic,9999,El Cigarral,29120,Málaga,El Cigarral
Peugeot,5008,Diésel,137469.0,150.0,manual,11900,Santa Maria del Aguila,4710,Almería,Santa Maria del Aguila
Mercedes-Benz,Clase A,Diésel,82262.0,136.0,automatic,22425,Alcalá de Guadaíra,41500,Sevilla,Alcalá de Guadaíra
Mercedes-Benz,Clase A,Diésel,82262.0,136.0,automatic,22425,Torremolinos,29620,Málaga,Torremolinos
Mercedes-Benz,Clase A,Diésel,82262.0,136.0,automatic,22425,Torremolinos,29620,Málaga,Torremolinos
Mercedes-Benz,Clase A,Diésel,82262.0,136.0,automatic,22425,Torremolinos,29620,Málaga,Torremolinos
Mercedes-Benz,Clase A,Diésel,82262.0,136.0,automatic,22425,Getafe,28906,Madrid,Getafe
Mercedes-Benz,Clase A,Diésel,82262.0,136.0,automatic,22425,Mercabilbao,48970,Bizkaia,Mercabilbao
Mercedes-Benz,Clase A,Diésel,82262.0,136.0,automatic,22425,Santafe,18320,Granada,Santafe
Mercedes-Benz,Clase A,Diésel,82262.0,136.0,automatic,22425,Alzira,46600,Valencia,Alzira
Mercedes-Benz,Clase A,Diésel,82262.0,136.0,automatic,22425,Alzira,46600,Valencia,Alzira
Fiat,Freemont,Diésel,119000.0,170.0,manual,11990,Granollers,8403,Barcelona,Granollers
Fiat,Freemont,Diésel,71248.0,170.0,automatic,15599,Madrid,28014,Madrid,Madrid
Fiat,Freemont,Diésel,71248.0,170.0,automatic,15399,Madrid,28014,Madrid,Madrid
Fiat,Freemont,Diésel,71248.0,170.0,automatic,15599,Barcelona,8007,Barcelona,Barcelona
Fiat,Freemont,Diésel,71248.0,170.0,automatic,15399,Barcelona,8007,Barcelona,Barcelona
Fiat,Freemont,Diésel,117934.0,140.0,manual,11799,Madrid,28014,Madrid,Madrid
Fiat,Freemont,Diésel,110508.0,140.0,manual,11200,Olèrdola,8734,Barcelona,Olèrdola
Fiat,Freemont,Diésel,110508.0,140.0,manual,11200,Olèrdola,8734,Barcelona,Olèrdola
Fiat,Freemont,Diésel,146277.0,170.0,manual,14245,Olèrdola,8734,Barcelona,Olèrdola
Fiat,Freemont,Diésel,146277.0,170.0,manual,14245,Olèrdola,8734,Barcelona,Olèrdola
Fiat,Freemont,Diésel,128244.0,170.0,automatic,14795,Olèrdola,8734,Barcelona,Olèrdola
Fiat,Freemont,Diésel,128244.0,170.0,automatic,14795,Olèrdola,8734,Barcelona,Olèrdola
Fiat,Freemont,Diésel,88000.0,140.0,manual,16500,Olèrdola,8734,Barcelona,Olèrdola
Fiat,Freemont,Diésel,88000.0,140.0,manual,16500,Olèrdola,8734,Barcelona,Olèrdola
Peugeot,5008,Gasolina,77415.0,130.0,manual,15237,Mercado Parque Corredor del Henares,28850,Madrid,Mercado Parque Corredor del Henares
Hyundai,i10,Gasolina,117255.0,66.0,manual,8890,Sevilla,41005,Sevilla,Sevilla
Fiat,Qubo,Diésel,19336.0,80.0,manual,13399,Barcelona,8007,Barcelona,Barcelona
Fiat,Qubo,Diésel,19336.0,80.0,manual,13099,Barcelona,8007,Barcelona,Barcelona
Peugeot,5008,Gasolina,77415.0,130.0,manual,15237,Ciudad Real,13003,Ciudad Real,Ciudad Real
Peugeot,5008,Gasolina,77415.0,130.0,manual,15237,Estepona,29680,Málaga,Estepona
Peugeot,5008,Gasolina,77415.0,130.0,manual,15237,Sant Vicenç de Montalt,8394,Barcelona,Sant Vicenç de Montalt
Hyundai,i10,Gasolina,124186.0,66.0,manual,9990,Valladolid,47003,Valladolid,Valladolid
Hyundai,i10,Gasolina,124186.0,66.0,manual,9990,Leganés,28915,Madrid,Leganés
Hyundai,i10,Gasolina,124186.0,66.0,manual,9990,Alcorcón,28924,Madrid,Alcorcón
Hyundai,i10,Gasolina,124186.0,66.0,manual,9990,Murcia,30004,Murcia,Murcia
Hyundai,IONIQ,Eléctrico,66336.0,141.0,automatic,22425,Valdepeñas,13300,Ciudad Real,Valdepeñas
Hyundai,IONIQ,Eléctrico,66336.0,141.0,automatic,22425,Valdepeñas,13300,Ciudad Real,Valdepeñas
Peugeot,5008,Gasolina,77415.0,130.0,manual,15237,Santa Maria del Aguila,4710,Almería,Santa Maria del Aguila
Hyundai,IONIQ,Otros,32800.0,141.0,automatic,18500,Zaragoza,50014,Zaragoza,Zaragoza
Mercedes-Benz,GLS,Diésel,178000.0,258.0,automatic,33000,La Puebla del Río,41130,Sevilla,La Puebla del Río
Mercedes-Benz,SL,Gasolina,180000.0,306.0,automatic,14999,Málaga,29004,Málaga,Málaga
Peugeot,5008,Gasolina,77415.0,130.0,manual,15237,Olèrdola,8734,Barcelona,Olèrdola
Peugeot,5008,Gasolina,77415.0,130.0,manual,15237,Olèrdola,8734,Barcelona,Olèrdola
Peugeot,5008,Diésel,47328.0,120.0,manual,13490,Málaga,29005,Málaga,Málaga
Hyundai,i20,Gasolina,77743.0,85.0,manual,7490,Alicante,3010,Alicante,Alicante
Hyundai,i20,Gasolina,77743.0,85.0,manual,7490,Alicante,3010,Murcia,Alicante
Fiat,Bravo,Diésel,150230.0,105.0,manual,4699,Barcelona,8007,Barcelona,Barcelona
Fiat,Bravo,Diésel,261000.0,120.0,manual,3490,Elx/Elche,3296,Alicante,Elx/Elche
Fiat,Bravo,Diésel,261000.0,120.0,manual,3190,Elx/Elche,3296,Alicante,Elx/Elche
Fiat,Bravo,Diésel,261000.0,120.0,manual,2890,Elx/Elche,3296,Alicante,Elx/Elche
Fiat,Bravo,Diésel,199000.0,120.0,manual,6500,Alboraya,46120,Valencia,Alboraya
Volkswagen,Arteon,Diésel,165000.0,190.0,automatic,29990,El Tosalet,3580,Alicante,El Tosalet
Volkswagen,Arteon,Gasolina,79000.0,190.0,automatic,30900,Leioa,48940,Bizkaia,Leioa
Volkswagen,Arteon,Diésel,40000.0,150.0,automatic,35990,Sevilla,41001,Sevilla,Sevilla
Hyundai,Sonata,Diésel,124000.0,140.0,manual,6500,Linares,23700,Jaén,Linares
Volkswagen,Tiguan Allspace,Diésel,113000.0,149.0,manual,374,Gandía,46701,Valencia,Gandía
Volkswagen,Tiguan Allspace,Diésel,26024.0,150.0,automatic,34990,Madrid,28021,Madrid,Madrid
Volkswagen,Tiguan Allspace,Diésel,26024.0,150.0,automatic,34490,Madrid,28021,Madrid,Madrid
Volkswagen,Tiguan Allspace,Diésel,129000.0,150.0,automatic,28500,Sueca,46410,Valencia,Sueca
Fiat,Punto,Diésel,118044.0,95.0,manual,7400,Sevilla,41005,Sevilla,Sevilla
Fiat,Punto,Diésel,177000.0,120.0,manual,3490,Daganzo de Arriba,28814,Madrid,Daganzo de Arriba
Fiat,Punto,Diésel,63004.0,75.0,manual,296,Madrid,28014,Madrid,Madrid
Honda,Accord,Diésel,325000.0,140.0,manual,4990,La Puebla de Alfindén,50171,Zaragoza,La Puebla de Alfindén
Honda,HR-V,Gasolina,34034.0,130.0,manual,25990,Santander,39010,Cantabria,Santander
Honda,HR-V,Gasolina,30474.0,130.0,manual,20585,Alzira,46600,Valencia,Alzira
Honda,HR-V,Gasolina,30474.0,130.0,manual,20585,Alzira,46600,Valencia,Alzira
Honda,HR-V,Gasolina,30474.0,130.0,manual,20585,Collado Villalba,28400,Madrid,Collado Villalba
Honda,HR-V,Gasolina,30474.0,130.0,manual,20585,Collado Villalba,28400,Madrid,Collado Villalba
Honda,HR-V,Gasolina,30474.0,130.0,manual,20585,Vigo,36214,Pontevedra,Vigo
Honda,HR-V,Gasolina,30474.0,130.0,manual,20585,Colonia Pablo Iglesias,28520,Madrid,Colonia Pablo Iglesias
Honda,HR-V,Gasolina,30474.0,130.0,manual,20585,Sant Vicenç de Montalt,8394,Barcelona,Sant Vicenç de Montalt
Honda,HR-V,Gasolina,30474.0,130.0,manual,20585,Murcia,30003,Murcia,Murcia
Honda,Prelude,Gasolina,256000.0,136.0,manual,6950,Coiros de Arriba,15316,A Coruña,Coiros de Arriba
Honda,Civic,Gasolina,86000.0,129.0,manual,16990,Granada,18005,Granada,Granada
Honda,Civic,Gasolina,86000.0,129.0,manual,16990,Murcia,30005,Murcia,Murcia
Honda,Civic,Gasolina,86000.0,129.0,manual,16990,Òrrius,8317,Barcelona,Òrrius
Honda,Civic,Gasolina,86000.0,129.0,manual,16990,Valencia,46001,Valencia,Valencia
Honda,Insight,Eléctrico,291000.0,98.0,automatic,9900,Fuenlabrada,28943,Madrid,Fuenlabrada
Honda,CR-Z,Eléctrico,173000.0,124.0,manual,9990,Santimami,48940,Bizkaia,Santimami
Honda,CR-V,Gasolina,33981.0,173.0,manual,24990,Alicante,3010,Alicante,Alicante
Honda,CR-V,Gasolina,33981.0,173.0,manual,24990,Alicante,3010,Murcia,Alicante
Honda,CR-V,Gasolina,33981.0,173.0,manual,24990,Vigo,36211,Pontevedra,Vigo
Honda,CR-V,Diésel,163121.0,120.0,manual,10990,Vigo,36211,Pontevedra,Vigo
Honda,CR-V,Diésel,163121.0,120.0,manual,10990,Granada,18005,Granada,Granada
Honda,CR-V,Gasolina,33981.0,173.0,manual,24990,Girona,17007,Girona,Girona
Honda,CR-V,Diésel,163121.0,120.0,manual,10990,Cáceres,10001,Cáceres,Cáceres
Peugeot,5008,Diésel,124469.0,180.0,automatic,24990,Madrid,28021,Madrid,Madrid
Peugeot,5008,Diésel,12643.0,130.0,automatic,32990,Madrid,28021,Madrid,Madrid
Dodge,Nitro,Diésel,119153.0,177.0,manual,11900,Hidraulica Santillana,28770,Madrid,Hidraulica Santillana
Dodge,Nitro,Diésel,119153.0,177.0,manual,11900,Mercabilbao,48970,Bizkaia,Mercabilbao
Dodge,Nitro,Diésel,119153.0,177.0,manual,11900,Castello/Castellon de La Plana,12100,Castellón,Castello/Castellon de La Plana
Dodge,Nitro,Diésel,119153.0,177.0,manual,11900,Getafe,28906,Madrid,Getafe
Dodge,Nitro,Diésel,119153.0,177.0,manual,11900,Las Rozas de Madrid,28232,Madrid,Las Rozas de Madrid
Dodge,Nitro,Diésel,119153.0,177.0,manual,11900,Collado Villalba,28400,Madrid,Collado Villalba
Dodge,Nitro,Diésel,119153.0,177.0,manual,11900,Collado Villalba,28400,Madrid,Collado Villalba
Citroen,Berlingo,Diésel,210000.0,100.0,manual,9900,Burgos,9003,Burgos,Burgos
Citroen,DS3,Diésel,61834.0,68.0,manual,9850,Alcobendas,28100,Madrid,Alcobendas
Citroen,DS3,Diésel,41582.0,92.0,manual,10190,Alcobendas,28100,Madrid,Alcobendas
Citroen,DS3,Diésel,99031.0,92.0,manual,9250,Elx/Elche,3204,Alicante,Elx/Elche
Citroen,C5 X,Gasolina,600.0,180.0,automatic,32800,Gandia,46701,Valencia,Gandia
Citroen,C5 X,Gasolina,9.0,180.0,automatic,36990,Sant Boi de Llobregat,8830,Barcelona,Sant Boi de Llobregat
Citroen,C5 X,Gasolina,1.0,180.0,automatic,36500,Sant Boi de Llobregat,8830,Barcelona,Sant Boi de Llobregat
Citroen,C5 X,Gasolina,1.0,180.0,automatic,35950,Sant Boi de Llobregat,8830,Barcelona,Sant Boi de Llobregat
Chevrolet,Trax,Gasolina,55195.0,115.0,manual,13144,Santiago de Compostela,15703,A Coruña,Santiago de Compostela
Chevrolet,Trax,Gasolina,55195.0,115.0,manual,13144,Colonia Pablo Iglesias,28520,Madrid,Colonia Pablo Iglesias
Chevrolet,Trax,Gasolina,55195.0,115.0,manual,13144,Castello/Castellon de La Plana,12100,Castellón,Castello/Castellon de La Plana
Chevrolet,Trax,Gasolina,55195.0,115.0,manual,13144,Atarrabia,31610,Navarra,Atarrabia
Chevrolet,Trax,Gasolina,55195.0,115.0,manual,13144,Barcelona,8007,Barcelona,Barcelona
Chevrolet,Trax,Gasolina,55195.0,115.0,manual,13144,Ciudad Real,13003,Ciudad Real,Ciudad Real
Chevrolet,Trax,Gasolina,55195.0,115.0,manual,13144,Alzira,46600,Valencia,Alzira
Chevrolet,Trax,Gasolina,55195.0,115.0,manual,13144,Alzira,46600,Valencia,Alzira
Chevrolet,Trax,Gasolina,55195.0,115.0,manual,13144,Mercabilbao,48970,Bizkaia,Mercabilbao
Volkswagen,CC,Diésel,150808.0,140.0,manual,13890,Palma de Mallorca,7003,Baleares,Palma de Mallorca
Volkswagen,CC,Diésel,150808.0,140.0,manual,13890,Málaga,29005,Málaga,Málaga
Chevrolet,Epica,Diésel,189900.0,150.0,manual,4900,Zamora,49005,Zamora,Zamora
Chevrolet,Nubira,Gasolina,130000.0,122.0,manual,2999,Humanes de Madrid,28970,Madrid,Humanes de Madrid
Alfa Romeo,Giulietta,Diésel,84269.0,120.0,manual,15950,Alzira,46600,Valencia,Alzira
Alfa Romeo,Giulietta,Diésel,84269.0,120.0,manual,15950,Alzira,46600,Valencia,Alzira
Volkswagen,Multivan,Diésel,390000.0,174.0,manual,12990,El Tosalet,3580,Alicante,El Tosalet
Alfa Romeo,Giulietta,Diésel,84269.0,120.0,manual,15950,Alcalá de Guadaíra,41500,Sevilla,Alcalá de Guadaíra
Alfa Romeo,Giulietta,Diésel,84269.0,120.0,manual,15950,Puerto de Sagunto,46520,Valencia,Puerto de Sagunto
Alfa Romeo,Giulietta,Diésel,84269.0,120.0,manual,15950,Santafe,18320,Granada,Santafe
Alfa Romeo,Giulietta,Diésel,84269.0,120.0,manual,15950,Paterna,46980,Valencia,Paterna
Alfa Romeo,Giulietta,Diésel,84269.0,120.0,manual,15950,Alcobendas,28100,Madrid,Alcobendas
Alfa Romeo,Giulietta,Diésel,84269.0,120.0,manual,15950,Hidraulica Santillana,28770,Madrid,Hidraulica Santillana
Fiat,Punto,Gasolina,91000.0,67.0,manual,6900,La Roca del Vallès,8430,Barcelona,La Roca del Vallès
Alfa Romeo,Stelvio,Gasolina,65617.0,280.0,automatic,32990,Almería,4006,Almería,Almería
Alfa Romeo,Stelvio,Gasolina,65617.0,280.0,automatic,32990,Marbella,29601,Málaga,Marbella
Alfa Romeo,Stelvio,Gasolina,65617.0,280.0,automatic,32990,Vigo,36211,Pontevedra,Vigo
Alfa Romeo,Stelvio,Gasolina,65617.0,280.0,automatic,32990,Murcia,30005,Murcia,Murcia
Alfa Romeo,Stelvio,Gasolina,65617.0,280.0,automatic,32990,Bilbao,48004,Bizkaia,Bilbao
Alfa Romeo,Spider,Diésel,116506.0,200.0,manual,12800,Zaragoza,50013,Zaragoza,Zaragoza
Alfa Romeo,Spider,Diésel,116506.0,200.0,manual,12800,Vigo,36214,Pontevedra,Vigo
Alfa Romeo,Spider,Diésel,116506.0,200.0,manual,12800,Granollers,8403,Barcelona,Granollers
Alfa Romeo,Spider,Diésel,116506.0,200.0,manual,12800,Ciudad Real,13003,Ciudad Real,Ciudad Real
Alfa Romeo,Spider,Diésel,116506.0,200.0,manual,12800,Murcia,30003,Murcia,Murcia
Alfa Romeo,Spider,Diésel,116506.0,200.0,manual,12800,Santa Maria del Aguila,4710,Almería,Santa Maria del Aguila
Alfa Romeo,Spider,Diésel,116506.0,200.0,manual,12800,Alcobendas,28100,Madrid,Alcobendas
Alfa Romeo,Spider,Diésel,116506.0,200.0,manual,12800,Alzira,46600,Valencia,Alzira
Alfa Romeo,Spider,Diésel,116506.0,200.0,manual,12800,Alzira,46600,Valencia,Alzira
Volkswagen,T-Cross,Gasolina,33491.0,95.0,manual,16990,Las Rozas de Madrid,28232,Madrid,Las Rozas de Madrid
Volkswagen,T-Cross,Gasolina,33491.0,95.0,manual,16990,Camarma de Esteruelas,28816,Madrid,Camarma de Esteruelas
Volkswagen,T-Cross,Gasolina,33491.0,95.0,manual,16990,Camarma de Esteruelas,28816,Madrid,Camarma de Esteruelas
Volkswagen,T-Cross,Gasolina,33491.0,95.0,manual,16990,Colonia Pablo Iglesias,28520,Madrid,Colonia Pablo Iglesias
Volkswagen,T-Cross,Gasolina,33491.0,95.0,manual,16990,Murcia,30005,Murcia,Murcia
Volkswagen,T-Cross,Gasolina,33491.0,95.0,manual,16990,Valencia,46001,Valencia,Valencia
Volkswagen,T-Cross,Gasolina,33491.0,95.0,manual,16990,Fuenlabrada,28947,Madrid,Fuenlabrada
Volkswagen,T-Cross,Gasolina,33491.0,95.0,manual,16990,Villaviciosa de Odón,28670,Madrid,Villaviciosa de Odón
Audi,RS4,Gasolina,165000.0,450.0,automatic,35999,L' Alcudia de Crespins,46690,Valencia,L' Alcudia de Crespins
Audi,A6,Diésel,54536.0,190.0,automatic,26990,Bilbao,48004,Bizkaia,Bilbao
Audi,A6,Diésel,54536.0,190.0,automatic,25990,Bilbao,48004,Bizkaia,Bilbao
Audi,A6,Diésel,54536.0,190.0,automatic,26990,Almería,4006,Almería,Almería
Audi,A6,Diésel,54536.0,190.0,automatic,25990,Almería,4006,Almería,Almería
Audi,A6,Diésel,54536.0,190.0,automatic,26990,Vigo,36211,Pontevedra,Vigo
Audi,A6,Diésel,54536.0,190.0,automatic,25990,Vigo,36211,Pontevedra,Vigo
Audi,A6,Diésel,54536.0,190.0,automatic,26990,Granada,18005,Granada,Granada
Audi,A6,Diésel,54536.0,190.0,automatic,25990,Granada,18005,Granada,Granada
Audi,A6,Diésel,54536.0,190.0,automatic,26990,Murcia,30005,Murcia,Murcia
Audi,A6,Diésel,54536.0,190.0,automatic,25990,Murcia,30005,Murcia,Murcia
Audi,A6,Diésel,54536.0,190.0,automatic,26990,Marbella,29601,Málaga,Marbella
Audi,A6,Diésel,54536.0,190.0,automatic,25990,Marbella,29601,Málaga,Marbella
Fiat,Punto,Diésel,118044.0,95.0,manual,7400,Madrid,28014,Madrid,Madrid
Volvo,S90,Diésel,117311.0,190.0,automatic,37950,Alcobendas,28100,Madrid,Alcobendas
Volvo,S90,Diésel,117311.0,190.0,automatic,37950,Castello/Castellon de La Plana,12100,Castellón,Castello/Castellon de La Plana
Volvo,S90,Diésel,117311.0,190.0,automatic,37950,Torremolinos,29620,Málaga,Torremolinos
Volvo,S90,Diésel,117311.0,190.0,automatic,37950,Torremolinos,29620,Málaga,Torremolinos
Volvo,S90,Diésel,117311.0,190.0,automatic,37950,Torremolinos,29620,Málaga,Torremolinos
Volvo,S90,Diésel,117311.0,190.0,automatic,37950,Collado Villalba,28400,Madrid,Collado Villalba
Volvo,S90,Diésel,117311.0,190.0,automatic,37950,Collado Villalba,28400,Madrid,Collado Villalba
Volvo,S90,Diésel,117311.0,190.0,automatic,37950,Mercabilbao,48970,Bizkaia,Mercabilbao
Volvo,S90,Diésel,117311.0,190.0,automatic,37950,Santafe,18320,Granada,Santafe
Volvo,V60,Diésel,96000.0,149.0,manual,450,Sevilla,41018,Sevilla,Sevilla
Volvo,V60,Diésel,190693.0,163.0,manual,10800,La Poveda,28500,Madrid,La Poveda
Volvo,V60,Diésel,45207.0,190.0,automatic,27299,Barcelona,8007,Barcelona,Barcelona
Volvo,V60,Diésel,45207.0,190.0,automatic,27299,Madrid,28014,Madrid,Madrid
Volvo,V60,Diésel,129000.0,190.0,automatic,15800,Valladolid,47013,Valladolid,Valladolid
Volvo,XC70,Diésel,229000.0,185.0,automatic,7000,Huesca,8007,Barcelona,Huesca
Volvo,V90,Diésel,99950.0,149.0,manual,696,Madrid,28006,Madrid,Madrid
Volvo,V90,Diésel,50587.0,150.0,automatic,30990,Bilbao,48004,Bizkaia,Bilbao
Volvo,V90,Diésel,50587.0,150.0,automatic,30990,Almería,4006,Almería,Almería
Volvo,V90,Diésel,50587.0,150.0,automatic,30990,Vigo,36211,Pontevedra,Vigo
Volvo,V90,Diésel,50587.0,150.0,automatic,30990,Alicante,3010,Alicante,Alicante
Volvo,V90,Diésel,50587.0,150.0,automatic,30990,Alicante,3010,Murcia,Alicante
Volvo,V90,Diésel,50587.0,150.0,automatic,30990,Jaén,23008,Jaén,Jaén
Volvo,V40,Diésel,59000.0,119.0,manual,483,Barcelona,8009,Barcelona,Barcelona
Volvo,V40,Diésel,99950.0,149.0,manual,442,Valencia,46005,Valencia,Valencia
Volvo,V40,Diésel,93400.0,120.0,manual,13990,Alicante,3010,Alicante,Alicante
Volvo,V40,Diésel,93400.0,120.0,manual,13990,Alicante,3010,Murcia,Alicante
Volvo,V40,Diésel,93400.0,120.0,manual,13990,Bilbao,48004,Bizkaia,Bilbao
Volvo,XC40,Diésel,99950.0,190.0,automatic,28850,Terrassa,8223,Barcelona,Terrassa
Volvo,XC40,Diésel,99950.0,190.0,automatic,28850,Burjassot,46100,Valencia,Burjassot
Fiat,Punto,Diésel,118044.0,95.0,manual,7400,Badajoz,6008,Badajoz,Badajoz
Fiat,Punto,Diésel,118044.0,95.0,manual,7400,Almería,4001,Almería,Almería
Volvo,C70,Diésel,123000.0,136.0,manual,12990,Valdefuentes,28939,Madrid,Valdefuentes
Volvo,C70,Diésel,123000.0,136.0,manual,12990,Valdefuentes,28939,Madrid,Valdefuentes
Volkswagen,Phaeton,Diésel,106111.0,245.0,automatic,23990,Las Rozas de Madrid,28232,Madrid,Las Rozas de Madrid
Volvo,C30,Diésel,140000.0,109.0,manual,6500,Lleida,25006,Lleida,Lleida
Rover,25,Gasolina,242000.0,120.0,manual,4750,Majadahonda,28222,Madrid,Majadahonda
Tesla,Model S,Eléctrico,190000.0,421.0,automatic,39900,La Borbolla,33820,Asturias,La Borbolla
MINI,Paceman,Diésel,100200.0,143.0,automatic,22000,Los Montesinos,3187,Alicante,Los Montesinos
MINI,Roadster,Diésel,149000.0,143.0,manual,15900,Lugar Nuevo de La Corona,46910,Valencia,Lugar Nuevo de La Corona
MINI,Roadster,Diésel,149000.0,143.0,manual,15900,Lugar Nuevo de La Corona,46910,Valencia,Lugar Nuevo de La Corona
MINI,Roadster,Diésel,149000.0,143.0,manual,15900,Lugar Nuevo de La Corona,46910,Valencia,Lugar Nuevo de La Corona
MINI,Roadster,Diésel,149000.0,143.0,manual,15900,Lugar Nuevo de La Corona,46910,Valencia,Lugar Nuevo de La Corona
MINI,Roadster,Gasolina,75738.0,122.0,manual,13950,Sant Boi de Llobregat,8830,Barcelona,Sant Boi de Llobregat
MINI,Roadster,Gasolina,75738.0,122.0,manual,13950,Pamplona/Iruña,31003,Navarra,Pamplona/Iruña
MINI,Roadster,Gasolina,75738.0,122.0,manual,13950,Agirre-Aperribai,48960,Bizkaia,Agirre-Aperribai
Peugeot,108,Gasolina,74924.0,69.0,automatic,12535,Las Rozas de Madrid,28232,Madrid,Las Rozas de Madrid
Peugeot,108,Gasolina,74924.0,69.0,automatic,12535,Torremolinos,29620,Málaga,Torremolinos
Peugeot,108,Gasolina,74924.0,69.0,automatic,12535,Torremolinos,29620,Málaga,Torremolinos
Peugeot,108,Gasolina,74924.0,69.0,automatic,12535,Torremolinos,29620,Málaga,Torremolinos
Hummer,H2,Gasolina,135000.0,316.0,automatic,19999,Llerona,8520,Barcelona,Llerona
Hummer,H2,Gasolina,135000.0,316.0,automatic,20999,Llerona,8520,Barcelona,Llerona
Hummer,H2,Gasolina,127000.0,322.0,automatic,24990,Terrassa,8220,Barcelona,Terrassa
SsangYong,Korando,Diésel,141119.0,175.0,automatic,11872,Alcalá de Guadaíra,41500,Sevilla,Alcalá de Guadaíra
SsangYong,Korando,Diésel,141119.0,175.0,automatic,11872,Santafe,18320,Granada,Santafe
SsangYong,Korando,Diésel,141119.0,175.0,automatic,11872,Zaragoza,50013,Zaragoza,Zaragoza
SsangYong,Korando,Diésel,141119.0,175.0,automatic,11872,Paterna,46980,Valencia,Paterna
SsangYong,Korando,Diésel,141119.0,175.0,automatic,11872,Puerto de Sagunto,46520,Valencia,Puerto de Sagunto
SsangYong,Korando,Diésel,141119.0,175.0,automatic,11872,Getafe,28906,Madrid,Getafe
SsangYong,Korando,Diésel,141119.0,175.0,automatic,11872,Las Rozas de Madrid,28232,Madrid,Las Rozas de Madrid
SsangYong,Korando,Diésel,141119.0,175.0,automatic,11872,Collado Villalba,28400,Madrid,Collado Villalba
SsangYong,Korando,Diésel,141119.0,175.0,automatic,11872,Collado Villalba,28400,Madrid,Collado Villalba
SsangYong,Tivoli,Gasolina,77571.0,128.0,manual,13490,Sevilla,41005,Sevilla,Sevilla
SsangYong,Tivoli,Otros,50352.0,128.0,manual,15985,Hidraulica Santillana,28770,Madrid,Hidraulica Santillana
SsangYong,Tivoli,Otros,50352.0,128.0,manual,15985,Alzira,46600,Valencia,Alzira
SsangYong,Tivoli,Otros,50352.0,128.0,manual,15985,Alzira,46600,Valencia,Alzira
SsangYong,Tivoli,Otros,50352.0,128.0,manual,15985,Castello/Castellon de La Plana,12100,Castellón,Castello/Castellon de La Plana
SsangYong,Tivoli,Otros,50352.0,128.0,manual,15985,Alicante,3007,Alicante,Alicante
SsangYong,Tivoli,Otros,50352.0,128.0,manual,15985,Alameda del Obispo,14005,Córdoba,Alameda del Obispo
SsangYong,Tivoli,Otros,50352.0,128.0,manual,15985,Torremolinos,29620,Málaga,Torremolinos
SsangYong,Tivoli,Otros,50352.0,128.0,manual,15985,Torremolinos,29620,Málaga,Torremolinos
SsangYong,Tivoli,Otros,50352.0,128.0,manual,15985,Torremolinos,29620,Málaga,Torremolinos
Opel,Corsa,Gasolina,26844.0,90.0,manual,12638,Santa Maria del Aguila,4710,Almería,Santa Maria del Aguila
Opel,Corsa,Gasolina,20969.0,75.0,manual,14720,Santa Maria del Aguila,4710,Almería,Santa Maria del Aguila
Opel,Corsa,Gasolina,26844.0,90.0,manual,12638,Ciudad Real,13003,Ciudad Real,Ciudad Real
Peugeot,108,Gasolina,74924.0,69.0,automatic,12535,Zaragoza,50013,Zaragoza,Zaragoza
Peugeot,108,Gasolina,74924.0,69.0,automatic,12535,Paterna,46980,Valencia,Paterna
Opel,Movano,Diésel,142300.0,130.0,manual,22500,Estepona,29680,Málaga,Estepona
Opel,Movano,Diésel,142300.0,130.0,manual,22500,Barcelona,8007,Barcelona,Barcelona
Opel,Movano,Diésel,142300.0,130.0,manual,22500,Colonia Pablo Iglesias,28520,Madrid,Colonia Pablo Iglesias
Opel,Movano,Diésel,142300.0,130.0,manual,22500,Las Rozas de Madrid,28232,Madrid,Las Rozas de Madrid
Opel,Movano,Diésel,142300.0,130.0,manual,22500,Torremolinos,29620,Málaga,Torremolinos
Opel,Movano,Diésel,142300.0,130.0,manual,22500,Torremolinos,29620,Málaga,Torremolinos
Opel,Movano,Diésel,142300.0,130.0,manual,22500,Torremolinos,29620,Málaga,Torremolinos
Opel,Movano,Diésel,142300.0,130.0,manual,22500,Zaragoza,50013,Zaragoza,Zaragoza
Opel,Movano,Diésel,142300.0,130.0,manual,22500,Atarrabia,31610,Navarra,Atarrabia
Opel,Movano,Diésel,142300.0,130.0,manual,22500,Alcalá de Guadaíra,41500,Sevilla,Alcalá de Guadaíra
Opel,Signum,Diésel,300000.0,150.0,manual,2800,Trasona,33468,Asturias,Trasona
Opel,Signum,Diésel,300000.0,150.0,manual,2800,Trasona,33468,Asturias,Trasona
Opel,Mokka,Diésel,130000.0,130.0,automatic,9990,Granada,18005,Granada,Granada
Opel,Mokka,Diésel,130000.0,130.0,automatic,9990,Valencia,46001,Valencia,Valencia
Opel,Mokka,Diésel,130000.0,130.0,automatic,9990,Málaga,29005,Málaga,Málaga
Opel,Mokka,Diésel,130000.0,130.0,automatic,9990,Urbanizacion La Granjilla,28700,Madrid,Urbanizacion La Granjilla
Opel,Mokka,Diésel,130000.0,130.0,automatic,9990,Murcia,30005,Murcia,Murcia
Opel,Mokka,Diésel,130000.0,130.0,automatic,9990,Collado Villalba,28400,Madrid,Collado Villalba
Opel,Mokka,Diésel,130000.0,130.0,automatic,9990,Collado Villalba,28400,Madrid,Collado Villalba
Opel,Mokka,Diésel,130000.0,130.0,automatic,9990,Toledo,45002,Toledo,Toledo
Opel,Insignia,Diésel,94687.0,170.0,automatic,16800,Santander,39002,Cantabria,Santander
Opel,Insignia,Diésel,76600.0,119.0,manual,14690,Barcelona,8007,Barcelona,Barcelona
Opel,Insignia,Diésel,146166.0,170.0,automatic,13973,Atarrabia,31610,Navarra,Atarrabia
Opel,Insignia,Diésel,146166.0,170.0,automatic,13973,Alameda del Obispo,14005,Córdoba,Alameda del Obispo
Opel,Insignia,Diésel,146166.0,170.0,automatic,13973,Las Rozas de Madrid,28232,Madrid,Las Rozas de Madrid
Opel,Insignia,Diésel,146166.0,170.0,automatic,13973,Mercabilbao,48970,Bizkaia,Mercabilbao
Opel,Cabrio,Gasolina,81577.0,170.0,automatic,14500,Alcobendas,28100,Madrid,Alcobendas
Opel,Cabrio,Gasolina,81577.0,170.0,automatic,14500,Alcalá de Guadaíra,41500,Sevilla,Alcalá de Guadaíra
Opel,Cabrio,Gasolina,81577.0,170.0,automatic,14500,Paterna,46980,Valencia,Paterna
Opel,Cabrio,Gasolina,81577.0,170.0,automatic,14500,Puerto de Sagunto,46520,Valencia,Puerto de Sagunto
Opel,Cabrio,Gasolina,81577.0,170.0,automatic,14500,Badajoz,6008,Badajoz,Badajoz
Opel,Cabrio,Gasolina,81577.0,170.0,automatic,14500,Santafe,18320,Granada,Santafe
Opel,Ampera,Eléctrico,212000.0,150.0,automatic,12500,Fuenlabrada,28941,Madrid,Fuenlabrada
Opel,Ampera,Eléctrico,73000.0,207.0,automatic,25990,San Fernando de Henares,28830,Madrid,San Fernando de Henares
Opel,Ampera,Eléctrico,73000.0,207.0,automatic,24990,San Fernando de Henares,28830,Madrid,San Fernando de Henares
Opel,Combo Life,Diésel,70264.0,130.0,manual,20099,Madrid,28014,Madrid,Madrid
Opel,Combo Life,Diésel,70264.0,130.0,manual,19799,Madrid,28014,Madrid,Madrid
Opel,Combo Life,Diésel,70264.0,130.0,manual,19499,Madrid,28014,Madrid,Madrid
Opel,Combo Life,Diésel,102000.0,100.0,manual,20490,Móstoles,28933,Madrid,Móstoles
Opel,Combo Life,Diésel,97000.0,131.0,automatic,21990,Móstoles,28933,Madrid,Móstoles
Opel,Combo Life,Diésel,97000.0,102.0,manual,18990,Sevilla,41001,Sevilla,Sevilla
Opel,Combo Life,Diésel,40704.0,100.0,manual,18990,Alicante,3010,Alicante,Alicante
Opel,Combo Life,Diésel,40704.0,100.0,manual,18990,Alicante,3010,Murcia,Alicante
Opel,Combo Life,Diésel,40704.0,100.0,manual,18990,Valencia,46001,Valencia,Valencia
Opel,Grandland,Gasolina,32230.0,130.0,automatic,26900,Castellón de la Plana/Castelló de la Plana,12002,Castellón,Castellón de la Plana/Castelló de la Plana
Opel,Grandland,Diésel,1.0,130.0,automatic,30900,Sabadell,8201,Barcelona,Sabadell
Opel,Grandland,Diésel,1.0,130.0,automatic,29900,Sabadell,8201,Barcelona,Sabadell
Opel,Grandland,Gasolina,17084.0,130.0,automatic,28990,Madrid,28021,Madrid,Madrid
Opel,Crossland X,Gasolina,15228.0,130.0,manual,18500,Mataró,8302,Barcelona,Mataró
Opel,Crossland X,Diésel,70739.0,99.0,manual,15750,Sevilla,41007,Sevilla,Sevilla
Opel,Crossland X,Diésel,70739.0,99.0,manual,16250,Sevilla,41007,Sevilla,Sevilla
Opel,Crossland X,Gasolina,51000.0,82.0,manual,15900,Zaragoza,50001,Zaragoza,Zaragoza
Opel,Mokka-e,Eléctrico,7997.0,136.0,automatic,32500,Elgoibar,20870,Gipuzkoa,Elgoibar
Opel,Mokka-e,Eléctrico,9000.0,136.0,automatic,32500,Elgoibar,20870,Gipuzkoa,Elgoibar
Opel,Mokka-e,Eléctrico,7000.0,136.0,automatic,33990,Mollerussa,25230,Lleida,Mollerussa
Opel,Antara,Diésel,110000.0,163.0,automatic,12400,Las Rozas de Madrid,28232,Madrid,Las Rozas de Madrid
Opel,Antara,Diésel,110000.0,163.0,automatic,12400,Urbanizacion La Granjilla,28700,Madrid,Urbanizacion La Granjilla
Opel,Antara,Diésel,110000.0,163.0,automatic,12400,Granada,18005,Granada,Granada
Opel,Antara,Diésel,110000.0,163.0,automatic,12400,Murcia,30005,Murcia,Murcia
Opel,Antara,Diésel,110000.0,163.0,automatic,12400,Valencia,46001,Valencia,Valencia
Opel,Meriva,Diésel,43335.0,110.0,manual,8990,Bilbao,48004,Bizkaia,Bilbao
Opel,Meriva,Diésel,43129.0,110.0,manual,10799,Madrid,28014,Madrid,Madrid
Opel,Meriva,Diésel,43129.0,110.0,manual,10799,Barcelona,8007,Barcelona,Barcelona
Opel,KARL,Gasolina,37583.0,75.0,manual,7900,Arragua,20180,Gipuzkoa,Arragua
Opel,ADAM,Gasolina,21349.0,87.0,manual,12420,Zaragoza,50013,Zaragoza,Zaragoza
Opel,ADAM,Gasolina,21349.0,87.0,manual,12420,Santiago de Compostela,15703,A Coruña,Santiago de Compostela
Opel,ADAM,Gasolina,40380.0,100.0,manual,12535,Santiago de Compostela,15703,A Coruña,Santiago de Compostela
Opel,ADAM,Gasolina,21349.0,87.0,manual,12420,Mercado Parque Corredor del Henares,28850,Madrid,Mercado Parque Corredor del Henares
Opel,ADAM,Gasolina,21349.0,87.0,manual,12420,Ciudad Real,13003,Ciudad Real,Ciudad Real
Opel,ADAM,Gasolina,21349.0,87.0,manual,12420,Sant Vicenç de Montalt,8394,Barcelona,Sant Vicenç de Montalt
Opel,Vivaro,Diésel,17621.0,102.0,manual,20990,Ponferrada,28903,Madrid,Ponferrada
Opel,Vivaro,Diésel,23088.0,102.0,manual,23490,Madrid,28860,Madrid,Madrid
Maserati,GranTurismo,Gasolina,44000.0,195.0,manual,9950,Majadahonda,28222,Madrid,Majadahonda
Maserati,Coupe,Gasolina,99494.0,439.0,automatic,38900,Puerto de Sagunto,46520,Valencia,Puerto de Sagunto
Maserati,Coupe,Gasolina,99494.0,439.0,automatic,38900,Sant Vicenç de Montalt,8394,Barcelona,Sant Vicenç de Montalt
Maserati,Coupe,Gasolina,99494.0,439.0,automatic,38900,Granollers,8403,Barcelona,Granollers
Maserati,Coupe,Gasolina,99494.0,439.0,automatic,38900,Colonia Pablo Iglesias,28520,Madrid,Colonia Pablo Iglesias
Opel,Zafira Tourer,Diésel,127378.0,165.0,manual,14289,Getafe,28906,Madrid,Getafe
Opel,Crossland,Gasolina,3492.0,83.0,manual,17190,Villaviciosa de Odón,28670,Madrid,Villaviciosa de Odón
Opel,Crossland,Gasolina,3492.0,83.0,manual,17190,Toledo,45002,Toledo,Toledo
Opel,Crossland,Gasolina,3492.0,83.0,manual,17190,Vigo,36211,Pontevedra,Vigo
Opel,Crossland,Gasolina,3492.0,83.0,manual,17190,Granada,18005,Granada,Granada
Opel,Crossland,Gasolina,11.0,110.0,manual,22300,Sant Boi de Llobregat,8830,Barcelona,Sant Boi de Llobregat
Opel,Crossland,Gasolina,3492.0,83.0,manual,17190,Murcia,30005,Murcia,Murcia
Opel,Combo,Diésel,54000.0,100.0,manual,12790,Palma de Mallorca,7003,Baleares,Palma de Mallorca
Opel,Combo,Diésel,54000.0,100.0,manual,12790,Valencia,46001,Valencia,Valencia
Opel,Combo,Diésel,54000.0,100.0,manual,12790,Tarragona,43006,Tarragona,Tarragona
Jeep,Grand Cherokee,Diésel,177688.0,241.0,automatic,16990,Almería,4006,Almería,Almería
Jeep,Grand Cherokee,Diésel,134999.0,241.0,automatic,19990,Mataró,8301,Barcelona,Mataró
Opel,Mokka X,Diésel,22969.0,136.0,automatic,19800,Las Rozas de Madrid,28232,Madrid,Las Rozas de Madrid
Opel,Mokka X,Gasolina,88670.0,140.0,manual,13990,Girona,17007,Girona,Girona
Opel,Mokka X,Gasolina,65570.0,140.0,manual,12490,Murcia,30005,Murcia,Murcia
Opel,Mokka X,Gasolina,65570.0,140.0,manual,12490,Sevilla,41005,Sevilla,Sevilla
Opel,Mokka X,Gasolina,88670.0,140.0,manual,13990,Murcia,30005,Murcia,Murcia
Opel,Mokka X,Gasolina,88670.0,140.0,manual,13990,Palma de Mallorca,7003,Baleares,Palma de Mallorca
Opel,Tigra,Gasolina,204000.0,125.0,manual,3999,Villares de la Reina,37184,Salamanca,Villares de la Reina
Opel,Grandland X,Diésel,43641.0,130.0,automatic,22989,Mercado Parque Corredor del Henares,28850,Madrid,Mercado Parque Corredor del Henares
Opel,Grandland X,Diésel,99950.0,130.0,manual,454,Madrid,28006,Madrid,Madrid
Opel,Grandland X,Diésel,120493.0,120.0,manual,16290,Madrid,28021,Madrid,Madrid
Opel,Grandland X,Diésel,94539.0,120.0,manual,14990,Alicante,3010,Alicante,Alicante
Opel,Grandland X,Diésel,94539.0,120.0,manual,14990,Alicante,3010,Murcia,Alicante
Opel,Grandland X,Diésel,94539.0,120.0,manual,14990,Almería,4006,Almería,Almería
Opel,Astra,Gasolina,4990.0,125.0,manual,14490,Valencia,46001,Valencia,Valencia
Opel,Astra,Gasolina,4990.0,125.0,manual,14490,Málaga,29005,Málaga,Málaga
Opel,Astra,Gasolina,33800.0,105.0,manual,13990,Valencia,46001,Valencia,Valencia
Opel,Astra,Gasolina,86000.0,149.0,manual,317,Sevilla,41018,Sevilla,Sevilla
Jeep,Compass,Diésel,154341.0,136.0,manual,10800,Alcobendas,28100,Madrid,Alcobendas
Jeep,Compass,Diésel,154341.0,136.0,manual,10800,Alcalá de Guadaíra,41500,Sevilla,Alcalá de Guadaíra
Jeep,Compass,Diésel,154341.0,136.0,manual,10800,Mercabilbao,48970,Bizkaia,Mercabilbao
Jeep,Compass,Diésel,154341.0,136.0,manual,10800,Santafe,18320,Granada,Santafe
Jeep,Compass,Diésel,154341.0,136.0,manual,10800,Paterna,46980,Valencia,Paterna
Jeep,Compass,Diésel,154341.0,136.0,manual,10800,Puerto de Sagunto,46520,Valencia,Puerto de Sagunto
Jeep,Compass,Diésel,154341.0,136.0,manual,10800,Atarrabia,31610,Navarra,Atarrabia
Jeep,Compass,Diésel,154341.0,136.0,manual,10800,Castello/Castellon de La Plana,12100,Castellón,Castello/Castellon de La Plana
Jeep,Renegade,Gasolina,22390.0,120.0,manual,17490,Collado Villalba,28400,Madrid,Collado Villalba
Jeep,Renegade,Gasolina,22390.0,120.0,manual,17490,Collado Villalba,28400,Madrid,Collado Villalba
Jeep,Renegade,Gasolina,22390.0,120.0,manual,17490,Bilbao,48004,Bizkaia,Bilbao
Jeep,Renegade,Gasolina,22390.0,120.0,manual,17490,Málaga,29005,Málaga,Málaga
Jeep,Renegade,Gasolina,22390.0,120.0,manual,17490,Colonia Pablo Iglesias,28520,Madrid,Colonia Pablo Iglesias
Jeep,Renegade,Gasolina,22390.0,120.0,manual,17490,Villaviciosa de Odón,28670,Madrid,Villaviciosa de Odón
Jeep,Renegade,Gasolina,22390.0,120.0,manual,17490,Fuenlabrada,28947,Madrid,Fuenlabrada
Jeep,Renegade,Gasolina,22390.0,120.0,manual,17490,Camarma de Esteruelas,28816,Madrid,Camarma de Esteruelas
Jeep,Renegade,Gasolina,22390.0,120.0,manual,17490,Camarma de Esteruelas,28816,Madrid,Camarma de Esteruelas
Jeep,Patriot,Diésel,139085.0,163.0,manual,13390,Gijón,33206,Asturias,Gijón
Jeep,Commander,Diésel,208000.0,218.0,automatic,11900,Tercia,30815,Murcia,Tercia
Jeep,Commander,Diésel,197000.0,218.0,automatic,14990,Utrera,41710,Sevilla,Utrera
Jeep,Wrangler,Diésel,103530.0,200.0,automatic,34990,Murcia,30005,Murcia,Murcia
Jeep,Wrangler,Diésel,103530.0,200.0,automatic,34990,Málaga,29005,Málaga,Málaga
Maserati,Ghibli,Gasolina,120000.0,350.0,automatic,39990,Sevilla,41001,Sevilla,Sevilla
Maserati,Ghibli,Gasolina,120000.0,350.0,automatic,39990,Madrid,28009,Madrid,Madrid
Skoda,Yeti,Gasolina,64000.0,105.0,manual,9700,Sant Antoni de Calonge,17252,Girona,Sant Antoni de Calonge
Skoda,Yeti,Diésel,161994.0,110.0,manual,11490,Alicante,3010,Alicante,Alicante
Skoda,Yeti,Diésel,161994.0,110.0,manual,11490,Alicante,3010,Murcia,Alicante
Skoda,Yeti,Diésel,161994.0,110.0,manual,11290,Alicante,3010,Alicante,Alicante
Skoda,Yeti,Diésel,161994.0,110.0,manual,11290,Alicante,3010,Murcia,Alicante
Skoda,Yeti,Diésel,161994.0,110.0,manual,11490,Sevilla,41005,Sevilla,Sevilla
Skoda,Yeti,Diésel,161994.0,110.0,manual,11290,Sevilla,41005,Sevilla,Sevilla
Skoda,Yeti,Diésel,161994.0,110.0,manual,11490,Granada,18005,Granada,Granada
Skoda,Yeti,Diésel,161994.0,110.0,manual,11290,Granada,18005,Granada,Granada
Skoda,Octavia,Diésel,164080.0,105.0,manual,6990,Vigo,36211,Pontevedra,Vigo
Skoda,Octavia,Diésel,164080.0,105.0,manual,6990,Granada,18005,Granada,Granada
Skoda,Octavia,Diésel,164080.0,105.0,manual,6990,Murcia,30005,Murcia,Murcia
Skoda,Octavia,Diésel,138000.0,184.0,automatic,14990,Málaga,29005,Málaga,Málaga
Skoda,Octavia,Diésel,101659.0,150.0,manual,13990,Málaga,29005,Málaga,Málaga
Skoda,Octavia,Diésel,164080.0,105.0,manual,6990,Algeciras,11202,Cádiz,Algeciras
Skoda,Kamiq,Gasolina,33932.0,110.0,manual,22200,Santa Coloma de Gramenet,8921,Barcelona,Santa Coloma de Gramenet
Skoda,Kamiq,Gasolina,33072.0,110.0,manual,21900,Santa Coloma de Gramenet,8921,Barcelona,Santa Coloma de Gramenet
Skoda,Kamiq,Gasolina,34674.0,110.0,automatic,22600,Fornells de la Selva,17458,Girona,Fornells de la Selva
Skoda,Kamiq,Gasolina,12824.0,95.0,manual,22700,Santa Coloma de Gramenet,8921,Barcelona,Santa Coloma de Gramenet
Skoda,Kodiaq,Diésel,26453.0,150.0,automatic,36800,Alcalá de Guadaíra,41500,Sevilla,Alcalá de Guadaíra
Skoda,Kodiaq,Diésel,26453.0,150.0,automatic,36800,Alcobendas,28100,Madrid,Alcobendas
Skoda,Kodiaq,Diésel,26453.0,150.0,automatic,36800,Hidraulica Santillana,28770,Madrid,Hidraulica Santillana
Volkswagen,Caravelle,Diésel,76480.0,150.0,automatic,33990,Badajoz,6003,Badajoz,Badajoz
Skoda,Kodiaq,Diésel,26453.0,150.0,automatic,36800,Albacete,2001,Albacete,Albacete
Skoda,Kodiaq,Diésel,26453.0,150.0,automatic,36800,Alzira,46600,Valencia,Alzira
Skoda,Kodiaq,Diésel,26453.0,150.0,automatic,36800,Alzira,46600,Valencia,Alzira
Skoda,Kodiaq,Diésel,26453.0,150.0,automatic,36800,Castello/Castellon de La Plana,12100,Castellón,Castello/Castellon de La Plana
Skoda,Kodiaq,Diésel,26453.0,150.0,automatic,36800,Colonia Pablo Iglesias,28520,Madrid,Colonia Pablo Iglesias
Skoda,Kodiaq,Diésel,26453.0,150.0,automatic,36800,Alameda del Obispo,14005,Córdoba,Alameda del Obispo
Skoda,Karoq,Diésel,105913.0,150.0,manual,19490,Palma de Mallorca,7003,Baleares,Palma de Mallorca
Skoda,Karoq,Diésel,105913.0,150.0,manual,19490,Granada,18005,Granada,Granada
Skoda,Karoq,Diésel,105913.0,150.0,manual,19490,Málaga,29005,Málaga,Málaga
Skoda,Karoq,Diésel,105913.0,150.0,manual,19490,Murcia,30005,Murcia,Murcia
Renault,Arkana,Gasolina,30440.0,140.0,automatic,30992,Collado Villalba,28400,Madrid,Collado Villalba
Renault,Arkana,Gasolina,30440.0,140.0,automatic,30992,Collado Villalba,28400,Madrid,Collado Villalba
Renault,Megane,Gasolina,44009.0,130.0,automatic,18800,Santa Maria del Aguila,4710,Almería,Santa Maria del Aguila
Renault,Megane,Gasolina,117472.0,110.0,manual,7190,Madrid,28021,Madrid,Madrid
Renault,Megane,Diésel,55622.0,130.0,manual,18055,Valdepeñas,13300,Ciudad Real,Valdepeñas
Renault,Megane,Diésel,55622.0,130.0,manual,18055,Valdepeñas,13300,Ciudad Real,Valdepeñas
Renault,Twingo,Gasolina,26327.0,90.0,manual,12420,Ciudad Real,13003,Ciudad Real,Ciudad Real
Renault,Twingo,Gasolina,26327.0,90.0,manual,12420,Sant Vicenç de Montalt,8394,Barcelona,Sant Vicenç de Montalt
Renault,Twingo,Gasolina,26327.0,90.0,manual,12420,Olèrdola,8734,Barcelona,Olèrdola
Renault,Twingo,Gasolina,26327.0,90.0,manual,12420,Olèrdola,8734,Barcelona,Olèrdola
Renault,Twingo,Gasolina,26327.0,90.0,manual,12420,Alameda del Obispo,14005,Córdoba,Alameda del Obispo
Renault,Twingo,Gasolina,26327.0,90.0,manual,12420,Alcobendas,28100,Madrid,Alcobendas
Renault,Twingo,Gasolina,26327.0,90.0,manual,12420,Alcalá de Guadaíra,41500,Sevilla,Alcalá de Guadaíra
Renault,Twingo,Gasolina,26327.0,90.0,manual,12420,Santafe,18320,Granada,Santafe
Renault,ZOE,Eléctrico,41853.0,88.0,automatic,12100,Mercado Parque Corredor del Henares,28850,Madrid,Mercado Parque Corredor del Henares
Renault,ZOE,Eléctrico,49717.0,92.0,automatic,18688,Sant Vicenç de Montalt,8394,Barcelona,Sant Vicenç de Montalt
Renault,ZOE,Eléctrico,49717.0,92.0,automatic,18688,Ciudad Real,13003,Ciudad Real,Ciudad Real
Renault,ZOE,Eléctrico,49717.0,92.0,automatic,18688,Mercado Parque Corredor del Henares,28850,Madrid,Mercado Parque Corredor del Henares
Renault,ZOE,Eléctrico,49717.0,92.0,automatic,18688,Valdepeñas,13300,Ciudad Real,Valdepeñas
Renault,ZOE,Eléctrico,49717.0,92.0,automatic,18688,Valdepeñas,13300,Ciudad Real,Valdepeñas
Renault,ZOE,Eléctrico,49717.0,92.0,automatic,18688,Santa Maria del Aguila,4710,Almería,Santa Maria del Aguila
Renault,Clio,Diésel,133678.0,75.0,manual,9390,Madrid,28021,Madrid,Madrid
Renault,Clio,Gasolina,30944.0,90.0,manual,16990,Madrid,28021,Madrid,Madrid
Renault,Clio,Diésel,932781.0,75.0,manual,10790,Madrid,28021,Madrid,Madrid
Renault,Clio,Diésel,932781.0,75.0,manual,10390,Madrid,28021,Madrid,Madrid
Renault,Clio,Diésel,78293.0,90.0,manual,13455,Torremolinos,29620,Málaga,Torremolinos
Renault,Clio,Diésel,78293.0,90.0,manual,13455,Torremolinos,29620,Málaga,Torremolinos
Renault,Clio,Diésel,78293.0,90.0,manual,13455,Torremolinos,29620,Málaga,Torremolinos
Renault,Clio,Gasolina,57330.0,90.0,manual,13455,Torremolinos,29620,Málaga,Torremolinos
Renault,Clio,Gasolina,57330.0,90.0,manual,13455,Torremolinos,29620,Málaga,Torremolinos
Renault,Clio,Gasolina,57330.0,90.0,manual,13455,Torremolinos,29620,Málaga,Torremolinos
Renault,Clio,Diésel,78293.0,90.0,manual,13455,Olèrdola,8734,Barcelona,Olèrdola
Renault,Clio,Diésel,78293.0,90.0,manual,13455,Olèrdola,8734,Barcelona,Olèrdola
Renault,Clio,Gasolina,39859.0,90.0,manual,12990,Almería,4006,Almería,Almería
Renault,Clio,Gasolina,57330.0,90.0,manual,13455,Olèrdola,8734,Barcelona,Olèrdola
Renault,Clio,Gasolina,57330.0,90.0,manual,13455,Olèrdola,8734,Barcelona,Olèrdola
Renault,Clio,Gasolina,81081.0,75.0,manual,9490,Almería,4006,Almería,Almería
SEAT,Exeo,Diésel,79186.0,143.0,manual,11935,Albacete,2001,Albacete,Albacete
SEAT,Exeo,Diésel,60391.0,143.0,manual,11500,Torremolinos,29620,Málaga,Torremolinos
SEAT,Exeo,Diésel,60391.0,143.0,manual,11500,Torremolinos,29620,Málaga,Torremolinos
SEAT,Exeo,Diésel,60391.0,143.0,manual,11500,Torremolinos,29620,Málaga,Torremolinos
SEAT,Leon,Diésel,99438.0,115.0,manual,15490,Lebrija,41740,Sevilla,Lebrija
SEAT,Leon,Diésel,37072.0,115.0,manual,16490,Lebrija,41740,Sevilla,Lebrija
SEAT,Leon,Diésel,115000.0,115.0,manual,187,Gandía,46701,Valencia,Gandía
SEAT,Tarraco,Diésel,53300.0,150.0,manual,27990,Málaga,29005,Málaga,Málaga
SEAT,Tarraco,Diésel,53300.0,150.0,manual,27990,Vigo,36211,Pontevedra,Vigo
SEAT,Tarraco,Diésel,53300.0,150.0,manual,27990,Almería,4006,Almería,Almería
SEAT,Toledo,Diésel,60527.0,115.0,manual,13990,Madrid,28021,Madrid,Madrid
SEAT,Toledo,Diésel,60527.0,115.0,manual,13490,Madrid,28021,Madrid,Madrid
SEAT,Toledo,Diésel,117000.0,105.0,manual,4495,Parets del Vallès,8150,Barcelona,Parets del Vallès
Volkswagen,Caravelle,Diésel,76480.0,150.0,automatic,33990,Córdoba,14003,Córdoba,Córdoba
SEAT,Ibiza,Gasolina,76967.0,80.0,manual,12550,Valdepeñas,13300,Ciudad Real,Valdepeñas
SEAT,Ibiza,Gasolina,76967.0,80.0,manual,12550,Valdepeñas,13300,Ciudad Real,Valdepeñas
SEAT,Ibiza,Gasolina,76967.0,80.0,manual,12550,Saladar,3700,Alicante,Saladar
SEAT,Ibiza,Gasolina,76967.0,80.0,manual,12550,Mercado Parque Corredor del Henares,28850,Madrid,Mercado Parque Corredor del Henares
SEAT,Ibiza,Otros,99139.0,90.0,manual,13225,Saladar,3700,Alicante,Saladar
SEAT,Ibiza,Otros,99139.0,90.0,manual,13225,Mercado Parque Corredor del Henares,28850,Madrid,Mercado Parque Corredor del Henares
SEAT,Ibiza,Gasolina,76967.0,80.0,manual,12550,Vigo,36214,Pontevedra,Vigo
SEAT,Ibiza,Gasolina,76967.0,80.0,manual,12550,Sant Vicenç de Montalt,8394,Barcelona,Sant Vicenç de Montalt
SEAT,Ibiza,Otros,99139.0,90.0,manual,13225,Sant Vicenç de Montalt,8394,Barcelona,Sant Vicenç de Montalt
Renault,Scenic,Diésel,58710.0,95.0,manual,10850,Colonia Pablo Iglesias,28520,Madrid,Colonia Pablo Iglesias
Renault,Scenic,Diésel,114000.0,110.0,manual,461,Barcelona,8007,Barcelona,Barcelona
Renault,Scenic,Diésel,87000.0,110.0,manual,410,Valencia,46005,Valencia,Valencia
Renault,Scenic,Diésel,117000.0,110.0,manual,406,Valencia,46005,Valencia,Valencia
Renault,Fluence,Gasolina,169550.0,110.0,manual,6850,Madrid,28046,Madrid,Madrid
Renault,Fluence,Gasolina,169550.0,110.0,manual,6350,Madrid,28046,Madrid,Madrid
Renault,Fluence,Gasolina,169550.0,110.0,manual,6850,Los Negrales,28430,Madrid,Los Negrales
Renault,Fluence,Gasolina,169550.0,110.0,manual,6850,Los Negrales,28430,Madrid,Los Negrales
Renault,Fluence,Gasolina,169550.0,110.0,manual,6350,Los Negrales,28430,Madrid,Los Negrales
Renault,Fluence,Gasolina,169550.0,110.0,manual,6350,Los Negrales,28430,Madrid,Los Negrales
Peugeot,108,Gasolina,74924.0,69.0,automatic,12535,Puerto de Sagunto,46520,Valencia,Puerto de Sagunto
Renault,Grand Scenic,Gasolina,96223.0,115.0,manual,12900,Murcia,30003,Murcia,Murcia
Renault,Grand Scenic,Diésel,65609.0,110.0,manual,13900,Barcelona,8007,Barcelona,Barcelona
Renault,Grand Scenic,Diésel,65609.0,110.0,manual,13900,Colonia Pablo Iglesias,28520,Madrid,Colonia Pablo Iglesias
Renault,Grand Scenic,Gasolina,96223.0,115.0,manual,12900,Alameda del Obispo,14005,Córdoba,Alameda del Obispo
Renault,Trafic,Diésel,99000.0,95.0,manual,15124,L' Olleria,46850,Valencia,L' Olleria
Renault,Kadjar,Diésel,114000.0,110.0,manual,450,Valencia,46005,Valencia,Valencia
Renault,Kadjar,Diésel,39000.0,110.0,manual,481,Sevilla,41018,Sevilla,Sevilla
Renault,Kadjar,Gasolina,8909.0,160.0,automatic,27990,Santa Maria del Aguila,4710,Almería,Santa Maria del Aguila
Renault,Kadjar,Gasolina,8909.0,160.0,automatic,27990,Santiago de Compostela,15703,A Coruña,Santiago de Compostela
Renault,Latitude,Diésel,186000.0,150.0,manual,9000,Silleda,36540,Pontevedra,Silleda
Renault,Latitude,Gasolina,79000.0,140.0,manual,8500,Constantí,43120,Tarragona,Constantí
Renault,Vel Satis,Diésel,197000.0,180.0,automatic,3495,Sevilla,41016,Sevilla,Sevilla
Renault,Kangoo,Diésel,107000.0,90.0,manual,10990,Huelva,21004,Huelva,Huelva
Renault,Kangoo,Diésel,107000.0,90.0,manual,10990,Sevilla,41017,Sevilla,Sevilla
Renault,Kangoo,Diésel,107000.0,90.0,manual,10990,Granada,18005,Granada,Granada
Renault,Kangoo,Diésel,107000.0,90.0,manual,10990,Valencia,46001,Valencia,Valencia
Renault,Kangoo,Diésel,107000.0,90.0,manual,10990,Badajoz,6003,Badajoz,Badajoz
Renault,Espace,Diésel,155171.0,130.0,manual,14990,Valencia,46001,Valencia,Valencia
Nissan,NT400 Cabstar,Diésel,15000.0,130.0,manual,37800,Alicante,3001,Alicante,Alicante
Nissan,NT400 Cabstar,Diésel,125000.0,130.0,manual,16524,Polinya,8213,Barcelona,Polinya
Nissan,Tiida,Diésel,243900.0,105.0,manual,3750,Logroño,26002,La Rioja,Logroño
Nissan,Murano,Diésel,152201.0,190.0,automatic,14839,Las Rozas de Madrid,28232,Madrid,Las Rozas de Madrid
Nissan,Murano,Diésel,152201.0,190.0,automatic,14839,Murcia,30003,Murcia,Murcia
Nissan,Murano,Diésel,152201.0,190.0,automatic,14839,Valdepeñas,13300,Ciudad Real,Valdepeñas
Nissan,Murano,Diésel,152201.0,190.0,automatic,14839,Valdepeñas,13300,Ciudad Real,Valdepeñas
Nissan,Murano,Diésel,152201.0,190.0,automatic,14839,Collado Villalba,28400,Madrid,Collado Villalba
Nissan,Murano,Diésel,152201.0,190.0,automatic,14839,Collado Villalba,28400,Madrid,Collado Villalba
Nissan,Murano,Diésel,152201.0,190.0,automatic,14839,Alicante,3007,Alicante,Alicante
Nissan,Townstar,Gasolina,1.0,130.0,manual,19549,Sant Boi de Llobregat,8830,Barcelona,Sant Boi de Llobregat
Nissan,Townstar,Gasolina,12.0,130.0,manual,20399,Sant Boi de Llobregat,8830,Barcelona,Sant Boi de Llobregat
Nissan,NV300,Diésel,64396.0,95.0,manual,17900,Alcobendas,28100,Madrid,Alcobendas
Nissan,NV300,Diésel,64396.0,95.0,manual,17900,Albacete,2001,Albacete,Albacete
Nissan,NV300,Diésel,64396.0,95.0,manual,17900,Alcalá de Guadaíra,41500,Sevilla,Alcalá de Guadaíra
Nissan,NV300,Diésel,64396.0,95.0,manual,17900,Las Rozas de Madrid,28232,Madrid,Las Rozas de Madrid
Nissan,NV300,Diésel,64396.0,95.0,manual,17900,Torremolinos,29620,Málaga,Torremolinos
Nissan,NV300,Diésel,64396.0,95.0,manual,17900,Torremolinos,29620,Málaga,Torremolinos
Nissan,NV300,Diésel,64396.0,95.0,manual,17900,Torremolinos,29620,Málaga,Torremolinos
Nissan,NV300,Diésel,64396.0,95.0,manual,17900,Getafe,28906,Madrid,Getafe
Nissan,Pixo,Gasolina,78911.0,68.0,manual,5750,Utebo,50180,Zaragoza,Utebo
Renault,Koleos,Diésel,248693.0,150.0,manual,6300,Roquetas de Mar,4740,Almería,Roquetas de Mar
Renault,Wind,Gasolina,119700.0,100.0,manual,7399,Alcalá de Henares,28801,Madrid,Alcalá de Henares
Renault,Wind,Gasolina,119700.0,100.0,manual,6999,Alcalá de Henares,28801,Madrid,Alcalá de Henares
Renault,Captur,Gasolina,82000.0,89.0,manual,324,Barcelona,8007,Barcelona,Barcelona
Renault,Captur,Gasolina,82000.0,89.0,manual,328,Barcelona,8009,Barcelona,Barcelona
Renault,Captur,Gasolina,43147.0,90.0,manual,16500,Baza,18800,Granada,Baza
Renault,Captur,Diésel,97542.0,90.0,manual,13628,Santa Maria del Aguila,4710,Almería,Santa Maria del Aguila
Renault,Captur,Gasolina,26290.0,90.0,manual,15525,Santa Maria del Aguila,4710,Almería,Santa Maria del Aguila
Renault,Captur,Diésel,97542.0,90.0,manual,13628,Ciudad Real,13003,Ciudad Real,Ciudad Real
Renault,Captur,Diésel,97542.0,90.0,manual,13628,Santiago de Compostela,15703,A Coruña,Santiago de Compostela
Nissan,Interstar,Diésel,229000.0,120.0,manual,10500,Caldes de Montbui,8140,Barcelona,Caldes de Montbui
Nissan,Leaf,Eléctrico,104244.0,150.0,automatic,23490,Valencia,46001,Valencia,Valencia
Nissan,Leaf,Eléctrico,104244.0,150.0,automatic,23490,Málaga,29005,Málaga,Málaga
Nissan,Leaf,Eléctrico,104244.0,150.0,automatic,23490,Palma de Mallorca,7003,Baleares,Palma de Mallorca
Nissan,Leaf,Eléctrico,148000.0,150.0,automatic,18990,El Villar,48980,Bizkaia,El Villar
Nissan,Note,Diésel,86084.0,90.0,manual,8990,Bilbao,48004,Bizkaia,Bilbao
Nissan,X-Trail,Diésel,46600.0,150.0,manual,28400,Málaga,29006,Málaga,Málaga
Nissan,X-Trail,Diésel,46600.0,150.0,manual,28900,Málaga,29006,Málaga,Málaga
Nissan,X-Trail,Gasolina,219538.0,163.0,manual,14900,Murcia,30151,Murcia,Murcia
Nissan,X-Trail,Gasolina,102700.0,160.0,automatic,22490,Sevilla,41005,Sevilla,Sevilla
Nissan,X-Trail,Gasolina,102700.0,160.0,automatic,21990,Sevilla,41005,Sevilla,Sevilla
Nissan,X-Trail,Gasolina,102700.0,160.0,automatic,22490,Alicante,3010,Alicante,Alicante
Nissan,X-Trail,Gasolina,102700.0,160.0,automatic,22490,Alicante,3010,Murcia,Alicante
Nissan,X-Trail,Gasolina,102700.0,160.0,automatic,21990,Alicante,3010,Alicante,Alicante
Nissan,X-Trail,Gasolina,102700.0,160.0,automatic,21990,Alicante,3010,Murcia,Alicante
Nissan,Terrano,Diésel,333000.0,154.0,manual,6000,Utebo,50180,Zaragoza,Utebo
Nissan,Juke,Diésel,126428.0,110.0,manual,12535,Mercado Parque Corredor del Henares,28850,Madrid,Mercado Parque Corredor del Henares
Nissan,Juke,Diésel,126428.0,110.0,manual,12535,Valdepeñas,13300,Ciudad Real,Valdepeñas
Nissan,Juke,Diésel,126428.0,110.0,manual,12535,Valdepeñas,13300,Ciudad Real,Valdepeñas
Nissan,Juke,Diésel,126428.0,110.0,manual,12535,Ciudad Real,13003,Ciudad Real,Ciudad Real
Nissan,Juke,Diésel,126428.0,110.0,manual,12535,Estepona,29680,Málaga,Estepona
Nissan,Juke,Diésel,115163.0,110.0,manual,10900,Valdepeñas,13300,Ciudad Real,Valdepeñas
Nissan,Juke,Diésel,115163.0,110.0,manual,10900,Valdepeñas,13300,Ciudad Real,Valdepeñas
Nissan,Juke,Diésel,115163.0,110.0,manual,10900,Ciudad Real,13003,Ciudad Real,Ciudad Real
Nissan,Juke,Diésel,115163.0,110.0,manual,10900,Estepona,29680,Málaga,Estepona
Nissan,Juke,Diésel,126428.0,110.0,manual,12535,Sant Vicenç de Montalt,8394,Barcelona,Sant Vicenç de Montalt
Nissan,Juke,Diésel,115163.0,110.0,manual,10900,Sant Vicenç de Montalt,8394,Barcelona,Sant Vicenç de Montalt
Nissan,Qashqai,Diésel,138399.0,110.0,manual,9990,Bilbao,48004,Bizkaia,Bilbao
Nissan,Qashqai,Diésel,138399.0,110.0,manual,9890,Bilbao,48004,Bizkaia,Bilbao
Nissan,Qashqai,Diésel,22094.0,115.0,manual,19490,Bilbao,48004,Bizkaia,Bilbao
Nissan,350Z,Gasolina,139000.0,280.0,manual,18499,Alcobendas,28100,Madrid,Alcobendas
Nissan,Pulsar,Diésel,117495.0,110.0,manual,12500,Vigo,36214,Pontevedra,Vigo
Nissan,Pulsar,Diésel,120370.0,110.0,manual,12650,Ciudad Real,13003,Ciudad Real,Ciudad Real
Nissan,Pulsar,Diésel,120370.0,110.0,manual,12650,Estepona,29680,Málaga,Estepona
Nissan,Pulsar,Diésel,120370.0,110.0,manual,12650,Sant Vicenç de Montalt,8394,Barcelona,Sant Vicenç de Montalt
Nissan,Pulsar,Diésel,120370.0,110.0,manual,12650,Santa Maria del Aguila,4710,Almería,Santa Maria del Aguila
Nissan,Pulsar,Diésel,120370.0,110.0,manual,12650,Olèrdola,8734,Barcelona,Olèrdola
Nissan,Pulsar,Diésel,120370.0,110.0,manual,12650,Olèrdola,8734,Barcelona,Olèrdola
Nissan,Pulsar,Diésel,55000.0,110.0,manual,14500,Catral,3158,Alicante,Catral
Nissan,Pulsar,Diésel,55000.0,110.0,manual,14500,Catral,3158,Alicante,Catral
Nissan,Pulsar,Diésel,55000.0,110.0,manual,14200,Catral,3158,Alicante,Catral
Nissan,Pulsar,Diésel,55000.0,110.0,manual,14200,Catral,3158,Alicante,Catral
Nissan,Pulsar,Gasolina,87059.0,115.0,manual,12294,Torremolinos,29620,Málaga,Torremolinos
Nissan,Pulsar,Gasolina,87059.0,115.0,manual,12294,Torremolinos,29620,Málaga,Torremolinos
Nissan,Pulsar,Gasolina,87059.0,115.0,manual,12294,Torremolinos,29620,Málaga,Torremolinos
Nissan,Pulsar,Diésel,134797.0,110.0,manual,12132,Olèrdola,8734,Barcelona,Olèrdola
Nissan,Pulsar,Diésel,134797.0,110.0,manual,12132,Olèrdola,8734,Barcelona,Olèrdola
Nissan,Micra,Gasolina,100211.0,100.0,manual,12990,Sant Boi de Llobregat,8830,Barcelona,Sant Boi de Llobregat
Nissan,Micra,Gasolina,22700.0,100.0,manual,13990,Granada,18005,Granada,Granada
Nissan,Micra,Gasolina,22700.0,100.0,manual,13990,Murcia,30005,Murcia,Murcia
Nissan,Micra,Gasolina,22700.0,100.0,manual,13990,Bilbao,48004,Bizkaia,Bilbao
Nissan,Micra,Gasolina,22700.0,100.0,manual,13990,Palma de Mallorca,7003,Baleares,Palma de Mallorca
Nissan,NV400,Diésel,129000.0,110.0,manual,16300,La Llagosta,8120,Barcelona,La Llagosta
Nissan,NV400,Diésel,157600.0,110.0,manual,16490,Murcia,30005,Murcia,Murcia
Nissan,NV400,Diésel,259800.0,145.0,manual,14460,Girona,17005,Girona,Girona
Nissan,NP300 Navara,Diésel,66617.0,190.0,manual,32000,Granollers,8401,Barcelona,Granollers
Nissan,NP300 Navara,Diésel,78000.0,160.0,manual,29500,Valencia,46007,Valencia,Valencia
DS,5,Diésel,190000.0,120.0,automatic,12900,Madrid,28029,Madrid,Madrid
Nissan,Navara,Diésel,162588.0,174.0,manual,10990,Estepona,29680,Málaga,Estepona
Nissan,Navara,Diésel,162588.0,174.0,manual,10990,Alameda del Obispo,14005,Córdoba,Alameda del Obispo
Nissan,Navara,Diésel,162588.0,174.0,manual,10990,Alcobendas,28100,Madrid,Alcobendas
Nissan,Evalia,Diésel,120000.0,110.0,manual,14490,Valencia,46001,Valencia,Valencia
Nissan,Evalia,Diésel,120000.0,110.0,manual,14490,Murcia,30005,Murcia,Murcia
Nissan,Evalia,Diésel,120000.0,110.0,manual,14490,Granada,18005,Granada,Granada
Nissan,Evalia,Diésel,120000.0,110.0,manual,14490,Vigo,36211,Pontevedra,Vigo
Nissan,Evalia,Diésel,120000.0,110.0,manual,14490,Almería,4006,Almería,Almería
Nissan,Evalia,Diésel,120000.0,110.0,manual,14490,Málaga,29005,Málaga,Málaga
Nissan,Evalia,Diésel,120000.0,110.0,manual,14490,Sevilla,41005,Sevilla,Sevilla
Nissan,NV200,Diésel,207874.0,90.0,manual,8990,Valencia,46001,Valencia,Valencia
Nissan,NV200,Diésel,160000.0,90.0,manual,12990,El Peñón,29130,Málaga,El Peñón
Nissan,NV200,Diésel,156500.0,90.0,manual,9990,Castello/Castellon de La Plana,12100,Castellón,Castello/Castellon de La Plana
Nissan,NV200,Diésel,30000.0,90.0,manual,15900,Colonia Rocafiguera,17500,Girona,Colonia Rocafiguera
Mitsubishi,Eclipse Cross,Gasolina,42081.0,163.0,manual,22137,Hidraulica Santillana,28770,Madrid,Hidraulica Santillana
Mitsubishi,Eclipse Cross,Gasolina,36040.0,163.0,automatic,24990,Málaga,29005,Málaga,Málaga
Mitsubishi,Eclipse Cross,Gasolina,42081.0,163.0,manual,22137,Collado Villalba,28400,Madrid,Collado Villalba
Mitsubishi,Eclipse Cross,Gasolina,42081.0,163.0,manual,22137,Collado Villalba,28400,Madrid,Collado Villalba
Mitsubishi,Eclipse Cross,Gasolina,42081.0,163.0,manual,22137,Vigo,36214,Pontevedra,Vigo
Mitsubishi,Eclipse Cross,Gasolina,42081.0,163.0,manual,22137,Colonia Pablo Iglesias,28520,Madrid,Colonia Pablo Iglesias
Mitsubishi,Space Star,Gasolina,22712.0,80.0,manual,10490,Madrid,28021,Madrid,Madrid
Mitsubishi,Space Star,Gasolina,22712.0,80.0,manual,10890,Madrid,28021,Madrid,Madrid
Mitsubishi,Space Star,Gasolina,98400.0,80.0,manual,9290,Palau-Solita I Plegamans,8184,Barcelona,Palau-Solita I Plegamans
Mitsubishi,Space Star,Gasolina,98400.0,80.0,manual,9290,Palau-Solita I Plegamans,8184,Barcelona,Palau-Solita I Plegamans
Mitsubishi,Space Star,Gasolina,98400.0,80.0,manual,9290,Girona,17007,Girona,Girona
Mitsubishi,Space Star,Gasolina,99963.0,80.0,manual,10750,Mairena del Aljarafe,41927,Sevilla,Mairena del Aljarafe
Mitsubishi,Lancer,Gasolina,129000.0,265.0,manual,20990,Caldes de Montbui,8140,Barcelona,Caldes de Montbui
Mitsubishi,Outlander,Diésel,262611.0,150.0,manual,12375,Collado Villalba,28400,Madrid,Collado Villalba
Mitsubishi,Outlander,Diésel,262611.0,150.0,manual,12375,Collado Villalba,28400,Madrid,Collado Villalba
Nissan,Primastar,Diésel,263900.0,115.0,manual,12500,Elx/Elche,3204,Alicante,Elx/Elche
MG,TF,Gasolina,115000.0,120.0,manual,6950,El Tosalet,3700,Alicante,El Tosalet
MG,ZS,Gasolina,10400.0,111.0,automatic,18490,Granada,18005,Granada,Granada
MG,ZS,Gasolina,10400.0,111.0,automatic,18490,Murcia,30005,Murcia,Murcia
MG,ZS,Gasolina,10400.0,111.0,automatic,18490,Valencia,46001,Valencia,Valencia
MG,ZS,Gasolina,10400.0,111.0,automatic,18490,Bilbao,48004,Bizkaia,Bilbao
MG,ZS,Gasolina,10400.0,111.0,automatic,18490,Palma de Mallorca,7003,Baleares,Palma de Mallorca
Lexus,RC,Eléctrico,75613.0,223.0,automatic,29800,Colonia Pablo Iglesias,28520,Madrid,Colonia Pablo Iglesias
Lexus,RC,Eléctrico,75613.0,223.0,automatic,29800,Getafe,28906,Madrid,Getafe
Lexus,RC,Eléctrico,75613.0,223.0,automatic,29800,Zaragoza,50013,Zaragoza,Zaragoza
Lexus,RC,Eléctrico,75613.0,223.0,automatic,29800,Valdepeñas,13300,Ciudad Real,Valdepeñas
Lexus,RC,Eléctrico,75613.0,223.0,automatic,29800,Valdepeñas,13300,Ciudad Real,Valdepeñas
Lexus,RC,Eléctrico,75613.0,223.0,automatic,29800,Paterna,46980,Valencia,Paterna
Lexus,GS,Eléctrico,28171.0,223.0,automatic,29900,Alzira,46600,Valencia,Alzira
Lexus,GS,Eléctrico,28171.0,223.0,automatic,29900,Alzira,46600,Valencia,Alzira
Lexus,GS,Eléctrico,28171.0,223.0,automatic,29900,Estepona,29680,Málaga,Estepona
Lexus,GS,Eléctrico,48965.0,223.0,automatic,30950,Alameda del Obispo,14005,Córdoba,Alameda del Obispo
Mercedes-Benz,Clase CLA,Diésel,100867.0,136.0,automatic,23805,Santafe,18320,Granada,Santafe
Lexus,SC,Gasolina,184000.0,286.0,automatic,15900,Valdemoro,28340,Madrid,Valdemoro
Lexus,CT,Eléctrico,50912.0,136.0,automatic,19999,Reus,43201,Tarragona,Reus
Lexus,UX,Eléctrico,22987.0,184.0,automatic,30990,Alcobendas,28100,Madrid,Alcobendas
KIA,Sportage,Diésel,88944.0,115.0,manual,14990,Vigo,36211,Pontevedra,Vigo
KIA,Sportage,Diésel,88944.0,115.0,manual,14990,Granada,18005,Granada,Granada
KIA,Sportage,Diésel,88944.0,115.0,manual,14990,Murcia,30005,Murcia,Murcia
KIA,Sportage,Diésel,62950.0,115.0,manual,17900,Valladolid,47004,Valladolid,Valladolid
KIA,Sportage,Diésel,88944.0,115.0,manual,14990,Marbella,29601,Málaga,Marbella
KIA,Sportage,Diésel,88944.0,115.0,manual,14990,Bilbao,48004,Bizkaia,Bilbao
KIA,Niro,Eléctrico,82394.0,141.0,automatic,17900,Leganés,28911,Madrid,Leganés
KIA,Niro,Eléctrico,82394.0,141.0,automatic,17900,Almería,4001,Almería,Almería
KIA,Venga,Gasolina,5977.0,90.0,manual,13915,Zaragoza,50013,Zaragoza,Zaragoza
KIA,Venga,Gasolina,69300.0,90.0,manual,8690,Valencia,46001,Valencia,Valencia
KIA,Venga,Gasolina,69300.0,90.0,manual,8690,Bilbao,48004,Bizkaia,Bilbao
KIA,Venga,Gasolina,69300.0,90.0,manual,8690,Murcia,30005,Murcia,Murcia
KIA,Venga,Gasolina,69300.0,90.0,manual,8690,Palma de Mallorca,7003,Baleares,Palma de Mallorca
KIA,Rio,Diésel,62111.0,90.0,manual,15295,Paterna,46980,Valencia,Paterna
KIA,Rio,Gasolina,103864.0,85.0,manual,7990,Vigo,36211,Pontevedra,Vigo
KIA,Rio,Gasolina,103864.0,85.0,manual,6990,Vigo,36211,Pontevedra,Vigo
KIA,Rio,Gasolina,103864.0,85.0,manual,7990,Alicante,3010,Alicante,Alicante
KIA,Rio,Gasolina,103864.0,85.0,manual,7990,Alicante,3010,Murcia,Alicante
KIA,Rio,Gasolina,103864.0,85.0,manual,6990,Alicante,3010,Alicante,Alicante
KIA,Rio,Gasolina,103864.0,85.0,manual,6990,Alicante,3010,Murcia,Alicante
KIA,Rio,Gasolina,103864.0,85.0,manual,7990,Almería,4006,Almería,Almería
KIA,Rio,Gasolina,103864.0,85.0,manual,6990,Almería,4006,Almería,Almería
KIA,Rio,Gasolina,103864.0,85.0,manual,7990,Bilbao,48004,Bizkaia,Bilbao
KIA,Rio,Gasolina,103864.0,85.0,manual,6990,Bilbao,48004,Bizkaia,Bilbao
KIA,Rio,Gasolina,103864.0,85.0,manual,7990,Huelva,21004,Huelva,Huelva
KIA,Rio,Gasolina,103864.0,85.0,manual,6990,Huelva,21004,Huelva,Huelva
KIA,Rio,Gasolina,103864.0,85.0,manual,7990,Badajoz,6003,Badajoz,Badajoz
KIA,Rio,Gasolina,103864.0,85.0,manual,6990,Badajoz,6003,Badajoz,Badajoz
KIA,Stonic,Gasolina,24780.0,100.0,manual,17250,Albacete,2001,Albacete,Albacete
KIA,Stonic,Gasolina,24780.0,100.0,manual,17250,Atarrabia,31610,Navarra,Atarrabia
KIA,Stonic,Gasolina,24780.0,100.0,manual,17250,Hidraulica Santillana,28770,Madrid,Hidraulica Santillana
KIA,Stonic,Gasolina,24780.0,100.0,manual,17250,Alameda del Obispo,14005,Córdoba,Alameda del Obispo
KIA,Stonic,Gasolina,24780.0,100.0,manual,17250,Alcobendas,28100,Madrid,Alcobendas
KIA,e-Niro,Eléctrico,3030.0,204.0,automatic,32999,Mijas,29650,Málaga,Mijas
KIA,e-Niro,Eléctrico,8000.0,204.0,automatic,34795,Barcelona,8030,Barcelona,Barcelona
KIA,e-Niro,Eléctrico,148000.0,204.0,automatic,24999,Madrid,28005,Madrid,Madrid
KIA,Stinger,Diésel,32733.0,200.0,automatic,25990,Valencia,46001,Valencia,Valencia
KIA,Stinger,Diésel,32733.0,200.0,automatic,25990,Granada,18005,Granada,Granada
KIA,Stinger,Diésel,32733.0,200.0,automatic,25990,Vigo,36211,Pontevedra,Vigo
KIA,Stinger,Diésel,32733.0,200.0,automatic,25990,Sevilla,41005,Sevilla,Sevilla
KIA,Stinger,Diésel,32733.0,200.0,automatic,25990,Bilbao,48004,Bizkaia,Bilbao
Mercedes-Benz,Clase CLA,Diésel,95368.0,177.0,automatic,24900,Saladar,3700,Alicante,Saladar
KIA,Soul,Gasolina,35000.0,132.0,manual,11990,Valencia,46001,Valencia,Valencia
KIA,XCeed,Gasolina,44000.0,204.0,automatic,25990,Granada,18005,Granada,Granada
KIA,XCeed,Gasolina,44000.0,204.0,automatic,25990,Valencia,46001,Valencia,Valencia
KIA,XCeed,Gasolina,44000.0,204.0,automatic,25990,Málaga,29005,Málaga,Málaga
KIA,XCeed,Gasolina,44000.0,204.0,automatic,25990,Murcia,30005,Murcia,Murcia
KIA,Ceed,Gasolina,129949.0,120.0,manual,12823,Murcia,30003,Murcia,Murcia
KIA,Ceed,Gasolina,129949.0,120.0,manual,12823,Olèrdola,8734,Barcelona,Olèrdola
KIA,Ceed,Gasolina,129949.0,120.0,manual,12823,Olèrdola,8734,Barcelona,Olèrdola
KIA,Optima,Eléctrico,139713.0,205.0,automatic,24035,Puerto de Sagunto,46520,Valencia,Puerto de Sagunto
KIA,Optima,Diésel,174479.0,141.0,manual,16330,Alcobendas,28100,Madrid,Alcobendas
KIA,Optima,Diésel,174479.0,141.0,manual,16330,Torremolinos,29620,Málaga,Torremolinos
KIA,Optima,Diésel,174479.0,141.0,manual,16330,Torremolinos,29620,Málaga,Torremolinos
KIA,Optima,Diésel,174479.0,141.0,manual,16330,Torremolinos,29620,Málaga,Torremolinos
KIA,Optima,Diésel,174479.0,141.0,manual,16330,Ciudad Real,13003,Ciudad Real,Ciudad Real
KIA,Optima,Eléctrico,139713.0,205.0,automatic,24035,Ciudad Real,13003,Ciudad Real,Ciudad Real
KIA,Picanto,Gasolina,20000.0,67.0,manual,11400,Madrid,28010,Madrid,Madrid
KIA,Picanto,Gasolina,20000.0,67.0,manual,10900,Madrid,28010,Madrid,Madrid
KIA,Picanto,Gasolina,20000.0,67.0,manual,11400,Málaga,29005,Málaga,Málaga
KIA,Picanto,Gasolina,20000.0,67.0,manual,10900,Málaga,29005,Málaga,Málaga
KIA,Picanto,Gasolina,3732.0,84.0,automatic,17399,Madrid,28014,Madrid,Madrid
KIA,Picanto,Gasolina,6557.0,84.0,automatic,14799,Madrid,28014,Madrid,Madrid
KIA,Picanto,Gasolina,9653.0,67.0,manual,10990,Córdoba,14003,Córdoba,Córdoba
KIA,Picanto,Gasolina,45813.0,66.0,manual,8790,Málaga,29005,Málaga,Málaga
Infiniti,QX50,Diésel,123293.0,238.0,automatic,18650,Bacarot,3114,Alicante,Bacarot
Infiniti,QX50,Diésel,93500.0,238.0,automatic,19890,Valencia,46002,Valencia,Valencia
Infiniti,QX50,Diésel,93500.0,238.0,automatic,19890,Sant Boi de Llobregat,8830,Barcelona,Sant Boi de Llobregat
Infiniti,QX50,Diésel,93500.0,238.0,automatic,19890,Sevilla,41006,Sevilla,Sevilla
Infiniti,QX50,Diésel,93500.0,238.0,automatic,19890,Torrejón de Ardoz,28850,Madrid,Torrejón de Ardoz
Infiniti,Q70,Diésel,119998.0,170.0,automatic,16990,Ciudad Real,13005,Ciudad Real,Ciudad Real
Infiniti,Q70,Diésel,119998.0,170.0,automatic,15990,Ciudad Real,13005,Ciudad Real,Ciudad Real
Infiniti,Q70,Diésel,119998.0,170.0,automatic,16990,Almería,4006,Almería,Almería
Infiniti,Q70,Diésel,119998.0,170.0,automatic,15990,Almería,4006,Almería,Almería
Infiniti,Q70,Diésel,119998.0,170.0,automatic,16990,Sevilla,41017,Sevilla,Sevilla
Infiniti,Q70,Diésel,119998.0,170.0,automatic,15990,Sevilla,41017,Sevilla,Sevilla
Infiniti,Q70,Diésel,119998.0,170.0,automatic,16990,Sevilla,41005,Sevilla,Sevilla
Infiniti,Q70,Diésel,119998.0,170.0,automatic,15990,Sevilla,41005,Sevilla,Sevilla
Infiniti,Q70,Diésel,119998.0,170.0,automatic,16990,Vigo,36211,Pontevedra,Vigo
Infiniti,Q70,Diésel,119998.0,170.0,automatic,15990,Vigo,36211,Pontevedra,Vigo
KIA,Carens,Diésel,68358.0,141.0,manual,18900,Mercado Parque Corredor del Henares,28850,Madrid,Mercado Parque Corredor del Henares
KIA,Carens,Diésel,132738.0,136.0,manual,12098,Vigo,36214,Pontevedra,Vigo
KIA,Carens,Diésel,132738.0,136.0,manual,12098,Sant Vicenç de Montalt,8394,Barcelona,Sant Vicenç de Montalt
KIA,Carens,Diésel,132738.0,136.0,manual,12098,Murcia,30003,Murcia,Murcia
KIA,ProCeed,Gasolina,19468.0,120.0,manual,24840,Santiago de Compostela,15703,A Coruña,Santiago de Compostela
KIA,Sorento,Diésel,177280.0,200.0,manual,20185,Murcia,30003,Murcia,Murcia
KIA,Sorento,Diésel,177280.0,200.0,manual,20185,Estepona,29680,Málaga,Estepona
KIA,Sorento,Diésel,177280.0,200.0,manual,20185,Barcelona,8007,Barcelona,Barcelona
KIA,Sorento,Diésel,177280.0,200.0,manual,20185,Las Rozas de Madrid,28232,Madrid,Las Rozas de Madrid
KIA,Sorento,Diésel,177280.0,200.0,manual,20185,Alameda del Obispo,14005,Córdoba,Alameda del Obispo
KIA,Sorento,Diésel,177280.0,200.0,manual,20185,Zaragoza,50013,Zaragoza,Zaragoza
KIA,Opirus,Gasolina,76000.0,203.0,automatic,5500,Torredonjimeno,23650,Jaén,Torredonjimeno
Infiniti,QX70,Gasolina,118600.0,320.0,automatic,31050,Ciudad Real,13003,Ciudad Real,Ciudad Real
Infiniti,QX70,Gasolina,118600.0,320.0,automatic,31050,Sant Vicenç de Montalt,8394,Barcelona,Sant Vicenç de Montalt
Infiniti,QX70,Gasolina,118600.0,320.0,automatic,31050,Santa Maria del Aguila,4710,Almería,Santa Maria del Aguila
Infiniti,QX70,Gasolina,118600.0,320.0,automatic,31050,Alameda del Obispo,14005,Córdoba,Alameda del Obispo
Infiniti,QX70,Gasolina,118600.0,320.0,automatic,31050,Alcalá de Guadaíra,41500,Sevilla,Alcalá de Guadaíra
Infiniti,Q50,Eléctrico,31285.0,364.0,automatic,31900,Alcalá de Guadaíra,41500,Sevilla,Alcalá de Guadaíra
Infiniti,Q50,Eléctrico,31285.0,364.0,automatic,31900,Hidraulica Santillana,28770,Madrid,Hidraulica Santillana
Infiniti,Q50,Eléctrico,31285.0,364.0,automatic,31900,Albacete,2001,Albacete,Albacete
Chrysler,Voyager,Diésel,270500.0,150.0,automatic,4299,Fuenlabrada,28941,Madrid,Fuenlabrada
Infiniti,QX30,Gasolina,62497.0,211.0,automatic,23990,Sevilla,41005,Sevilla,Sevilla
Infiniti,QX30,Gasolina,62497.0,211.0,automatic,23990,Vigo,36211,Pontevedra,Vigo
Infiniti,QX30,Gasolina,62497.0,211.0,automatic,23990,Valencia,46001,Valencia,Valencia
Infiniti,QX30,Gasolina,62497.0,211.0,automatic,23990,Granada,18005,Granada,Granada
Infiniti,G37,Gasolina,195000.0,320.0,automatic,10800,La Solana,13240,Ciudad Real,La Solana
Infiniti,G37,Gasolina,265000.0,320.0,automatic,14990,Tordera,8490,Barcelona,Tordera
Infiniti,G37,Gasolina,117900.0,320.0,automatic,20900,Massanassa,46470,Valencia,Massanassa
Infiniti,G37,Gasolina,117900.0,320.0,automatic,20900,Massanassa,46470,Valencia,Massanassa
Infiniti,G37,Gasolina,117900.0,320.0,automatic,20900,Massanassa,46470,Valencia,Massanassa
Infiniti,G37,Gasolina,117900.0,320.0,automatic,20900,Massanassa,46470,Valencia,Massanassa
Toyota,Urban Cruiser,Gasolina,49000.0,100.0,manual,8990,Granollers,8403,Barcelona,Granollers
Toyota,Urban Cruiser,Gasolina,197000.0,100.0,manual,7999,Massanassa,46002,Valencia,Massanassa
Toyota,Auris,Diésel,121321.0,90.0,manual,11990,Colonia Pablo Iglesias,28520,Madrid,Colonia Pablo Iglesias
Toyota,Auris,Diésel,121321.0,90.0,manual,11990,Mercabilbao,48970,Bizkaia,Mercabilbao
Toyota,Auris,Diésel,121321.0,90.0,manual,11990,Zaragoza,50013,Zaragoza,Zaragoza
Toyota,Auris,Diésel,124252.0,112.0,manual,12999,Montilla,14550,Córdoba,Montilla
Toyota,Auris,Diésel,124252.0,112.0,manual,12999,Montilla,14550,Córdoba,Montilla
Renault,Express,Diésel,10.0,95.0,manual,21490,Sant Boi de Llobregat,8830,Barcelona,Sant Boi de Llobregat
Toyota,MR2,Gasolina,97876.0,140.0,manual,11990,Alicante,3007,Alicante,Alicante
Toyota,MR2,Gasolina,97876.0,140.0,manual,11990,Zaragoza,50013,Zaragoza,Zaragoza
Toyota,MR2,Gasolina,97876.0,140.0,manual,11990,Colonia Pablo Iglesias,28520,Madrid,Colonia Pablo Iglesias
Toyota,MR2,Gasolina,97876.0,140.0,manual,11990,Collado Villalba,28400,Madrid,Collado Villalba
Toyota,MR2,Gasolina,97876.0,140.0,manual,11990,Collado Villalba,28400,Madrid,Collado Villalba
Toyota,Land Cruiser,Diésel,307000.0,163.0,automatic,13800,Manresa,8240,Barcelona,Manresa
Toyota,C-HR,Eléctrico,13199.0,184.0,automatic,31625,Saladar,3700,Alicante,Saladar
Toyota,C-HR,Eléctrico,80799.0,122.0,automatic,22500,Vigo,36214,Pontevedra,Vigo
Toyota,C-HR,Eléctrico,80799.0,122.0,automatic,22500,Sant Vicenç de Montalt,8394,Barcelona,Sant Vicenç de Montalt
Toyota,C-HR,Eléctrico,13199.0,184.0,automatic,31625,Sant Vicenç de Montalt,8394,Barcelona,Sant Vicenç de Montalt
Toyota,C-HR,Eléctrico,80799.0,122.0,automatic,22500,Murcia,30003,Murcia,Murcia
Toyota,C-HR,Eléctrico,13199.0,184.0,automatic,31625,Estepona,29680,Málaga,Estepona
Toyota,Yaris,Eléctrico,52418.0,100.0,automatic,15525,Saladar,3700,Alicante,Saladar
Toyota,Yaris,Eléctrico,52418.0,100.0,automatic,15525,Mercado Parque Corredor del Henares,28850,Madrid,Mercado Parque Corredor del Henares
Toyota,Yaris,Eléctrico,52418.0,100.0,automatic,15525,Sant Vicenç de Montalt,8394,Barcelona,Sant Vicenç de Montalt
Toyota,Yaris,Eléctrico,52418.0,100.0,automatic,15525,Murcia,30003,Murcia,Murcia
Toyota,Yaris,Eléctrico,52418.0,100.0,automatic,15525,Olèrdola,8734,Barcelona,Olèrdola
Toyota,Yaris,Eléctrico,52418.0,100.0,automatic,15525,Olèrdola,8734,Barcelona,Olèrdola
Toyota,Yaris,Gasolina,17996.0,69.0,manual,11990,Sevilla,41005,Sevilla,Sevilla
Toyota,Yaris,Gasolina,92101.0,99.0,manual,9990,Alicante,3010,Alicante,Alicante
Toyota,Yaris,Gasolina,92101.0,99.0,manual,9990,Alicante,3010,Murcia,Alicante
Toyota,Yaris,Gasolina,92101.0,99.0,manual,9990,Vigo,36211,Pontevedra,Vigo
Toyota,iQ,Gasolina,81000.0,68.0,automatic,8900,Barcelona,8028,Barcelona,Barcelona
Toyota,Land Cruiser 150,Diésel,220000.0,177.0,manual,27990,Utrera,41710,Sevilla,Utrera
Toyota,Land Cruiser 150,Diésel,292000.0,190.0,manual,22490,Igualada,8700,Barcelona,Igualada
Toyota,Avensis,Diésel,150561.0,124.0,manual,12250,Olèrdola,8734,Barcelona,Olèrdola
Toyota,Avensis,Diésel,150561.0,124.0,manual,12250,Olèrdola,8734,Barcelona,Olèrdola
Toyota,Aygo,Gasolina,48600.0,69.0,manual,9990,Murcia,30005,Murcia,Murcia
Toyota,Aygo,Gasolina,76160.0,69.0,manual,8990,Granada,18005,Granada,Granada
Toyota,Aygo,Gasolina,76160.0,69.0,manual,8990,Murcia,30005,Murcia,Murcia
Toyota,Aygo,Gasolina,76160.0,69.0,manual,8990,Valencia,46001,Valencia,Valencia
Toyota,Aygo,Gasolina,76160.0,69.0,manual,8990,Málaga,29005,Málaga,Málaga
Toyota,Verso,Diésel,145000.0,126.0,manual,7490,Cunit,43881,Tarragona,Cunit
Toyota,Verso,Diésel,145000.0,126.0,manual,6999,Cunit,43881,Tarragona,Cunit
Toyota,Verso,Gasolina,53741.0,132.0,manual,16490,Bilbao,48004,Bizkaia,Bilbao
Toyota,Hilux,Diésel,144636.0,150.0,manual,23900,Cádiz,11006,Cádiz,Cádiz
Toyota,Hilux,Diésel,103080.0,171.0,automatic,30990,Málaga,29005,Málaga,Málaga
Mercedes-Benz,Clase CLA,Diésel,145000.0,136.0,automatic,20990,Lleida,25195,Lleida,Lleida
Land Rover,Range Rover Velar,Gasolina,118123.0,250.0,automatic,39990,Alcalá de Henares,28806,Madrid,Alcalá de Henares
Land Rover,Range Rover Sport,Diésel,175138.0,272.0,automatic,12900,Torremolinos,29620,Málaga,Torremolinos
Land Rover,Range Rover Sport,Diésel,175138.0,272.0,automatic,12900,Torremolinos,29620,Málaga,Torremolinos
Land Rover,Range Rover Sport,Diésel,175138.0,272.0,automatic,12900,Torremolinos,29620,Málaga,Torremolinos
Land Rover,Range Rover Evoque,Diésel,107857.0,150.0,automatic,23900,Murcia,30003,Murcia,Murcia
Land Rover,Range Rover Evoque,Diésel,107857.0,150.0,automatic,23900,Olèrdola,8734,Barcelona,Olèrdola
Land Rover,Range Rover Evoque,Diésel,107857.0,150.0,automatic,23900,Olèrdola,8734,Barcelona,Olèrdola
Land Rover,Range Rover Evoque,Diésel,107857.0,150.0,automatic,23900,Colonia Pablo Iglesias,28520,Madrid,Colonia Pablo Iglesias
Land Rover,Range Rover Evoque,Diésel,107857.0,150.0,automatic,23900,Torremolinos,29620,Málaga,Torremolinos
Land Rover,Range Rover Evoque,Diésel,107857.0,150.0,automatic,23900,Torremolinos,29620,Málaga,Torremolinos
Land Rover,Range Rover Evoque,Diésel,107857.0,150.0,automatic,23900,Torremolinos,29620,Málaga,Torremolinos
Land Rover,Range Rover Evoque,Diésel,107857.0,150.0,automatic,23900,Zaragoza,50013,Zaragoza,Zaragoza
Land Rover,Range Rover Evoque,Diésel,107857.0,150.0,automatic,23900,Atarrabia,31610,Navarra,Atarrabia
Land Rover,Discovery Sport,Diésel,85848.0,180.0,automatic,28000,Alicante,3001,Alicante,Alicante
Land Rover,Discovery Sport,Diésel,85848.0,180.0,automatic,27900,Alicante,3001,Alicante,Alicante
Land Rover,Discovery Sport,Diésel,85848.0,180.0,automatic,28000,Leganés,28914,Madrid,Leganés
Land Rover,Discovery Sport,Diésel,85848.0,180.0,automatic,27900,Leganés,28914,Madrid,Leganés
Land Rover,Freelander,Diésel,97886.0,160.0,manual,12900,Estepona,29680,Málaga,Estepona
Land Rover,Freelander,Diésel,97886.0,160.0,manual,12900,Olèrdola,8734,Barcelona,Olèrdola
Land Rover,Freelander,Diésel,97886.0,160.0,manual,12900,Olèrdola,8734,Barcelona,Olèrdola
Land Rover,Freelander,Diésel,97886.0,160.0,manual,12900,Barcelona,8007,Barcelona,Barcelona
Land Rover,Freelander,Diésel,97886.0,160.0,manual,12900,Colonia Pablo Iglesias,28520,Madrid,Colonia Pablo Iglesias
Land Rover,Freelander,Diésel,97886.0,160.0,manual,12900,Las Rozas de Madrid,28232,Madrid,Las Rozas de Madrid
Land Rover,Freelander,Diésel,97886.0,160.0,manual,12900,Alameda del Obispo,14005,Córdoba,Alameda del Obispo
Land Rover,Freelander,Diésel,97886.0,160.0,manual,12900,Torremolinos,29620,Málaga,Torremolinos
Land Rover,Freelander,Diésel,97886.0,160.0,manual,12900,Torremolinos,29620,Málaga,Torremolinos
Land Rover,Freelander,Diésel,97886.0,160.0,manual,12900,Torremolinos,29620,Málaga,Torremolinos
Land Rover,Freelander,Diésel,97886.0,160.0,manual,12900,Mercabilbao,48970,Bizkaia,Mercabilbao
Lancia,Musa,Diésel,140000.0,95.0,manual,5990,Lleida,25006,Lleida,Lleida
Lancia,Musa,Diésel,140000.0,95.0,manual,6400,Lleida,25006,Lleida,Lleida
Lancia,Delta,Gasolina,178137.0,150.0,manual,3900,Hidraulica Santillana,28770,Madrid,Hidraulica Santillana
Lancia,Delta,Diésel,96000.0,120.0,automatic,10800,Zaragoza,50001,Zaragoza,Zaragoza
Lancia,Thema,Diésel,106292.0,239.0,automatic,15200,Valdepeñas,13300,Ciudad Real,Valdepeñas
Lancia,Thema,Diésel,106292.0,239.0,automatic,15200,Valdepeñas,13300,Ciudad Real,Valdepeñas
Lancia,Thema,Diésel,106292.0,239.0,automatic,15200,Ciudad Real,13003,Ciudad Real,Ciudad Real
Lancia,Thema,Diésel,106292.0,239.0,automatic,15200,Santafe,18320,Granada,Santafe
Lancia,Thema,Diésel,106292.0,239.0,automatic,15200,Santiago de Compostela,15703,A Coruña,Santiago de Compostela
Lancia,Thema,Diésel,106292.0,239.0,automatic,15200,Zaragoza,50013,Zaragoza,Zaragoza
Lancia,Thema,Diésel,106292.0,239.0,automatic,15200,Paterna,46980,Valencia,Paterna
Jaguar,E-Pace,Diésel,55394.0,150.0,manual,26490,Almería,4006,Almería,Almería
Jaguar,E-Pace,Diésel,55394.0,150.0,manual,24890,Almería,4006,Almería,Almería
Jaguar,E-Pace,Diésel,59823.0,180.0,automatic,32990,Almería,4006,Almería,Almería
Jaguar,XE,Diésel,59523.0,163.0,automatic,22990,Murcia,30005,Murcia,Murcia
Jaguar,XE,Diésel,59523.0,163.0,automatic,22990,Jaén,23008,Jaén,Jaén
Jaguar,XE,Diésel,59523.0,163.0,automatic,22990,Valencia,46001,Valencia,Valencia
Jaguar,XE,Diésel,59523.0,163.0,automatic,22990,Málaga,29005,Málaga,Málaga
Jaguar,XE,Diésel,86330.0,180.0,automatic,18490,Vigo,36211,Pontevedra,Vigo
Jaguar,XE,Diésel,86330.0,180.0,automatic,18490,Alicante,3010,Alicante,Alicante
Jaguar,XE,Diésel,86330.0,180.0,automatic,18490,Alicante,3010,Murcia,Alicante
Jaguar,XK8,Gasolina,139000.0,284.0,automatic,15900,Las Rozas de Madrid,28232,Madrid,Las Rozas de Madrid
Jaguar,XKR,Gasolina,119000.0,370.0,automatic,12995,Los Combos,28938,Madrid,Los Combos
Jaguar,XKR,Gasolina,119000.0,416.0,automatic,22990,Fuenlabrada,28943,Madrid,Fuenlabrada
Jaguar,XKR,Gasolina,223000.0,363.0,automatic,14900,Valencia,46006,Valencia,Valencia
Jaguar,XF,Diésel,170477.0,180.0,automatic,21735,Vigo,36214,Pontevedra,Vigo
Jaguar,XF,Diésel,52334.0,180.0,automatic,25289,Vigo,36214,Pontevedra,Vigo
Jaguar,XF,Diésel,170477.0,180.0,automatic,21735,Sant Vicenç de Montalt,8394,Barcelona,Sant Vicenç de Montalt
Jaguar,XF,Diésel,170477.0,180.0,automatic,21735,Murcia,30003,Murcia,Murcia
Jaguar,XF,Diésel,52334.0,180.0,automatic,25289,Estepona,29680,Málaga,Estepona
Jaguar,XJ,Diésel,180000.0,275.0,automatic,17999,Arbuio,48810,Bizkaia,Arbuio
Jaguar,XJ,Diésel,89234.0,340.0,automatic,36900,Quart de Poblet,46930,Valencia,Quart de Poblet
Jaguar,XJ,Diésel,95000.0,300.0,automatic,32499,Sabadell,8208,Barcelona,Sabadell
Jaguar,F-Pace,Diésel,107194.0,180.0,automatic,31912,Mercado Parque Corredor del Henares,28850,Madrid,Mercado Parque Corredor del Henares
Jaguar,F-Pace,Diésel,107194.0,180.0,automatic,31912,Sant Vicenç de Montalt,8394,Barcelona,Sant Vicenç de Montalt
Lancia,Ypsilon,Gasolina,144181.0,69.0,manual,5990,Murcia,30005,Murcia,Murcia
Lancia,Ypsilon,Gasolina,144181.0,69.0,manual,5990,Bilbao,48004,Bizkaia,Bilbao
Lancia,Ypsilon,Gasolina,144181.0,69.0,manual,5990,Sevilla,41005,Sevilla,Sevilla
Lancia,Ypsilon,Gasolina,144181.0,69.0,manual,5990,Valencia,46001,Valencia,Valencia
Lancia,Ypsilon,Gasolina,144181.0,69.0,manual,5990,Badajoz,6003,Badajoz,Badajoz
Lancia,Ypsilon,Gasolina,144181.0,69.0,manual,5990,Málaga,29005,Málaga,Málaga
Iveco,Daily,Diésel,300000.0,146.0,manual,16499,Las Navas del Marqués,5230,Ávila,Las Navas del Marqués
Jaguar,S-Type,Gasolina,167300.0,200.0,automatic,3990,Málaga,29004,Málaga,Málaga
BMW,X6,Diésel,171700.0,258.0,automatic,36990,Málaga,29015,Málaga,Málaga
BMW,X6,Gasolina,149900.0,306.0,automatic,20900,Castelldefels,8860,Barcelona,Castelldefels
Jaguar,XK Series,Gasolina,138500.0,298.0,automatic,21500,Valencia,46018,Valencia,Valencia
Jaguar,XK Series,Gasolina,134000.0,298.0,automatic,24900,Los Montesinos,3187,Alicante,Los Montesinos
Chrysler,Crossfire,Gasolina,90000.0,218.0,automatic,8900,Villaviciosa de Odón,28670,Madrid,Villaviciosa de Odón
Daewoo,Lacetti,Gasolina,199500.0,90.0,manual,2450,Zamora,49005,Zamora,Zamora
Mercedes-Benz,Clase CLA,Diésel,47154.0,136.0,automatic,25850,Mercabilbao,48970,Bizkaia,Mercabilbao
Daewoo,Lanos,Gasolina,77445.0,75.0,manual,800,Hidraulica Santillana,28770,Madrid,Hidraulica Santillana
Dacia,Duster,Diésel,143560.0,109.0,manual,13200,Mercado Parque Corredor del Henares,28850,Madrid,Mercado Parque Corredor del Henares
Dacia,Duster,Diésel,143560.0,109.0,manual,13200,Vigo,36214,Pontevedra,Vigo
Dacia,Duster,Diésel,143560.0,109.0,manual,13200,Murcia,30003,Murcia,Murcia
Dacia,Duster,Diésel,143560.0,109.0,manual,13200,Olèrdola,8734,Barcelona,Olèrdola
Dacia,Duster,Diésel,143560.0,109.0,manual,13200,Olèrdola,8734,Barcelona,Olèrdola
Dacia,Duster,Gasolina,114899.0,125.0,manual,12399,Madrid,28014,Madrid,Madrid
Dacia,Duster,Diésel,143560.0,109.0,manual,13200,Colonia Pablo Iglesias,28520,Madrid,Colonia Pablo Iglesias
Dacia,Duster,Diésel,143560.0,109.0,manual,13200,Atarrabia,31610,Navarra,Atarrabia
Dacia,Duster,Diésel,143560.0,109.0,manual,13200,Alameda del Obispo,14005,Córdoba,Alameda del Obispo
Fiat,Stilo,Diésel,154000.0,120.0,manual,2999,Humanes de Madrid,28970,Madrid,Humanes de Madrid
Dacia,Lodgy,Gasolina,62169.0,115.0,manual,12399,Barcelona,8007,Barcelona,Barcelona
Dacia,Lodgy,Gasolina,62169.0,115.0,manual,12299,Barcelona,8007,Barcelona,Barcelona
Dacia,Lodgy,Gasolina,62169.0,115.0,manual,12399,Madrid,28014,Madrid,Madrid
Dacia,Lodgy,Gasolina,62169.0,115.0,manual,12299,Madrid,28014,Madrid,Madrid
Dacia,Lodgy,Gasolina,43300.0,131.0,manual,17999,Barcelona,8007,Barcelona,Barcelona
Dacia,Lodgy,Gasolina,43300.0,131.0,manual,17799,Barcelona,8007,Barcelona,Barcelona
Dacia,Lodgy,Diésel,18311.0,115.0,manual,18990,Las Rozas de Madrid,28232,Madrid,Las Rozas de Madrid
Dacia,Dokker,Otros,98000.0,98.0,manual,10990,Granada,18005,Granada,Granada
Dacia,Dokker,Otros,98000.0,98.0,manual,10990,Murcia,30005,Murcia,Murcia
Dacia,Dokker,Otros,98000.0,98.0,manual,10990,Palau-Solita I Plegamans,8184,Barcelona,Palau-Solita I Plegamans
Dacia,Dokker,Otros,98000.0,98.0,manual,10990,Palau-Solita I Plegamans,8184,Barcelona,Palau-Solita I Plegamans
Dacia,Sandero,Gasolina,43000.0,91.0,manual,13990,Granada,18005,Granada,Granada
Dacia,Sandero,Gasolina,47224.0,90.0,manual,9599,Madrid,28014,Madrid,Madrid
Dacia,Sandero,Gasolina,47224.0,90.0,manual,9599,Barcelona,8007,Barcelona,Barcelona
Dacia,Sandero,Diésel,122609.0,90.0,manual,11499,Madrid,28014,Madrid,Madrid
Dacia,Sandero,Diésel,122609.0,90.0,manual,11499,Barcelona,8007,Barcelona,Barcelona
Dacia,Sandero,Gasolina,115081.0,90.0,manual,9099,Barcelona,8007,Barcelona,Barcelona
Dacia,Sandero,Gasolina,43000.0,91.0,manual,13990,Girona,17007,Girona,Girona
Dacia,Sandero,Gasolina,43000.0,91.0,manual,13990,Murcia,30005,Murcia,Murcia
Dacia,Sandero,Gasolina,43000.0,91.0,manual,13990,Bilbao,48004,Bizkaia,Bilbao
DS,3 CROSSBACK,Gasolina,30474.0,131.0,automatic,21995,Alcorcón,28921,Madrid,Alcorcón
DS,3 CROSSBACK,Diésel,1.0,111.0,manual,27490,Leganés,28914,Madrid,Leganés
DS,5,Diésel,159000.0,150.0,manual,14500,Mérida,6800,Badajoz,Mérida
DS,5,Diésel,280000.0,120.0,automatic,8999,San Martin,28939,Madrid,San Martin
DS,5,Diésel,280000.0,120.0,automatic,8999,San Martin,28939,Madrid,San Martin
DS,5,Diésel,180000.0,180.0,automatic,16500,Medina del Campo,47400,Valladolid,Medina del Campo
DS,5,Diésel,100000.0,150.0,manual,14990,Fuenlabrada,28943,Madrid,Fuenlabrada
DS,5,Diésel,62000.0,180.0,automatic,21795,Caravaca de la Cruz,30400,Murcia,Caravaca de la Cruz
DS,5,Diésel,62000.0,180.0,automatic,21795,Caravaca de la Cruz,30400,Murcia,Caravaca de la Cruz
BMW,X1,Diésel,69094.0,150.0,automatic,24437,Mercado Parque Corredor del Henares,28850,Madrid,Mercado Parque Corredor del Henares
BMW,X1,Diésel,69094.0,150.0,automatic,24437,Ciudad Real,13003,Ciudad Real,Ciudad Real
BMW,X1,Diésel,69094.0,150.0,automatic,24437,Estepona,29680,Málaga,Estepona
BMW,X1,Diésel,69094.0,150.0,automatic,24437,Sant Vicenç de Montalt,8394,Barcelona,Sant Vicenç de Montalt
BMW,X1,Diésel,69094.0,150.0,automatic,24437,Santa Maria del Aguila,4710,Almería,Santa Maria del Aguila
Chrysler,Sebring,Diésel,126800.0,140.0,manual,7850,Alcorcón,28923,Madrid,Alcorcón
Chrysler,Sebring,Diésel,126800.0,140.0,manual,7850,Los Negrales,28430,Madrid,Los Negrales
Chrysler,Sebring,Diésel,126800.0,140.0,manual,7850,Los Negrales,28430,Madrid,Los Negrales
Chrysler,Sebring,Diésel,126800.0,140.0,manual,7850,Madrid,28046,Madrid,Madrid
Chrysler,Crossfire,Gasolina,108594.0,218.0,manual,7990,Barrio de Porta,46930,Valencia,Barrio de Porta
DS,4,Gasolina,19744.0,130.0,manual,18900,Torrent,46900,Valencia,Torrent
DS,4,Gasolina,19744.0,130.0,manual,18400,Torrent,46900,Valencia,Torrent
DS,4,Diésel,79828.0,180.0,automatic,16500,Alzira,46600,Valencia,Alzira
DS,4,Diésel,79828.0,180.0,automatic,16500,Alzira,46600,Valencia,Alzira
Daewoo,Nubira,Gasolina,156000.0,106.0,manual,890,Coslada,28823,Madrid,Coslada
Volkswagen,Amarok,Diésel,107097.0,204.0,automatic,36900,Paterna,46980,Valencia,Paterna
Volkswagen,Amarok,Diésel,107097.0,204.0,automatic,36900,Mercabilbao,48970,Bizkaia,Mercabilbao
Volkswagen,Amarok,Diésel,107097.0,204.0,automatic,36900,Alameda del Obispo,14005,Córdoba,Alameda del Obispo
Volkswagen,Amarok,Diésel,176482.0,140.0,manual,22300,Casas de Don Gómez,10818,Cáceres,Casas de Don Gómez
Volkswagen,Amarok,Diésel,176482.0,140.0,manual,22300,Casas de Don Gómez,10818,Cáceres,Casas de Don Gómez
Volkswagen,Tiguan,Gasolina,145548.0,150.0,manual,10900,Valdepeñas,13300,Ciudad Real,Valdepeñas
Volkswagen,Tiguan,Gasolina,145548.0,150.0,manual,10900,Valdepeñas,13300,Ciudad Real,Valdepeñas
Volkswagen,Tiguan,Gasolina,145548.0,150.0,manual,10900,Estepona,29680,Málaga,Estepona
Volkswagen,Tiguan,Gasolina,145548.0,150.0,manual,10900,Sant Vicenç de Montalt,8394,Barcelona,Sant Vicenç de Montalt
Volkswagen,Tiguan,Gasolina,145548.0,150.0,manual,10900,Santa Maria del Aguila,4710,Almería,Santa Maria del Aguila
Volkswagen,Tiguan,Gasolina,38781.0,130.0,manual,29200,Ciudad Real,13003,Ciudad Real,Ciudad Real
Volkswagen,Golf Sportsvan,Diésel,119678.0,110.0,manual,12990,Bilbao,48004,Bizkaia,Bilbao
Volkswagen,Golf Sportsvan,Diésel,119678.0,110.0,manual,12990,Algeciras,11202,Cádiz,Algeciras
Volkswagen,Golf Sportsvan,Diésel,119678.0,110.0,manual,12990,Sevilla,41005,Sevilla,Sevilla
Volkswagen,Golf Sportsvan,Diésel,119678.0,110.0,manual,12990,Valencia,46001,Valencia,Valencia
Volkswagen,Golf Sportsvan,Diésel,119678.0,110.0,manual,12990,Málaga,29005,Málaga,Málaga
Citroen,DS5,Diésel,165373.0,163.0,automatic,11950,Valencia,46002,Valencia,Valencia
Citroen,DS5,Diésel,165373.0,163.0,automatic,12950,Gijón,33206,Asturias,Gijón
Citroen,DS5,Diésel,165373.0,163.0,automatic,11950,Sant Boi de Llobregat,8830,Barcelona,Sant Boi de Llobregat
Citroen,DS5,Diésel,165373.0,163.0,automatic,11950,Torrejón de Ardoz,28850,Madrid,Torrejón de Ardoz
Citroen,DS5,Diésel,165373.0,163.0,automatic,11950,Sevilla,41006,Sevilla,Sevilla
Citroen,C-Zero,Eléctrico,15919.0,67.0,automatic,14490,San Sebastián de Los Reyes,28700,Madrid,San Sebastián de Los Reyes
Citroen,C-Zero,Eléctrico,15919.0,67.0,automatic,14490,Alcorcón,28924,Madrid,Alcorcón
Citroen,C-Zero,Eléctrico,15919.0,67.0,automatic,14490,Leganés,28915,Madrid,Leganés
Citroen,C-Zero,Eléctrico,15919.0,67.0,automatic,14490,Valladolid,47003,Valladolid,Valladolid
Citroen,C-Zero,Eléctrico,15919.0,67.0,automatic,14490,Barcelona,8041,Barcelona,Barcelona
Citroen,C-Zero,Eléctrico,15919.0,67.0,automatic,14490,Valencia,28943,Madrid,Valencia
Citroen,C4 Picasso,Diésel,125267.0,115.0,manual,11950,Valdepeñas,13300,Ciudad Real,Valdepeñas
Citroen,C4 Picasso,Diésel,125267.0,115.0,manual,11950,Valdepeñas,13300,Ciudad Real,Valdepeñas
Citroen,C4 Picasso,Diésel,125267.0,115.0,manual,11950,Estepona,29680,Málaga,Estepona
Citroen,C4 Picasso,Diésel,125267.0,115.0,manual,11950,Sant Vicenç de Montalt,8394,Barcelona,Sant Vicenç de Montalt
Citroen,C4 Picasso,Diésel,125267.0,115.0,manual,11950,Santa Maria del Aguila,4710,Almería,Santa Maria del Aguila
Citroen,C1,Gasolina,20876.0,72.0,manual,14892,Santa Maria del Aguila,4710,Almería,Santa Maria del Aguila
CUPRA,Formentor,Gasolina,36000.0,150.0,manual,299,Cornella de Llobregat,8940,Barcelona,Cornella de Llobregat
CUPRA,Born,Eléctrico,7750.0,204.0,automatic,39990,Silla,46460,Valencia,Silla
CUPRA,Born,Eléctrico,7750.0,204.0,automatic,38990,Silla,46460,Valencia,Silla
CUPRA,Born,Eléctrico,7750.0,204.0,automatic,39990,Elx/Elche,3201,Alicante,Elx/Elche
CUPRA,Born,Eléctrico,7750.0,204.0,automatic,38990,Elx/Elche,3201,Alicante,Elx/Elche
CUPRA,Born,Eléctrico,7750.0,204.0,automatic,39990,Gandia,46701,Valencia,Gandia
CUPRA,Born,Eléctrico,7750.0,204.0,automatic,38990,Gandia,46701,Valencia,Gandia
CUPRA,Born,Eléctrico,7750.0,204.0,automatic,39990,Málaga,29005,Málaga,Málaga
CUPRA,Born,Eléctrico,7750.0,204.0,automatic,38990,Málaga,29005,Málaga,Málaga
CUPRA,Born,Eléctrico,7750.0,204.0,automatic,39990,Granada,18005,Granada,Granada
CUPRA,Born,Eléctrico,7750.0,204.0,automatic,38990,Granada,18005,Granada,Granada
CUPRA,Born,Eléctrico,7750.0,204.0,automatic,39990,Alicante,3010,Alicante,Alicante
CUPRA,Born,Eléctrico,7750.0,204.0,automatic,39990,Alicante,3010,Murcia,Alicante
CUPRA,Born,Eléctrico,7750.0,204.0,automatic,38990,Alicante,3010,Alicante,Alicante
CUPRA,Born,Eléctrico,7750.0,204.0,automatic,38990,Alicante,3010,Murcia,Alicante
CUPRA,Ateca,Gasolina,57612.0,300.0,automatic,31590,Torrejón de Ardoz,28850,Madrid,Torrejón de Ardoz
CUPRA,Ateca,Gasolina,57612.0,300.0,automatic,31590,Valencia,46002,Valencia,Valencia
CUPRA,Ateca,Gasolina,57612.0,300.0,automatic,31590,Sant Boi de Llobregat,8830,Barcelona,Sant Boi de Llobregat
CUPRA,Ateca,Gasolina,17277.0,300.0,automatic,35790,Santander,39010,Cantabria,Santander
CUPRA,Ateca,Gasolina,28076.0,300.0,automatic,33190,Santander,39010,Cantabria,Santander
Hyundai,ix20,Gasolina,113447.0,90.0,manual,7700,Vigo,36211,Pontevedra,Vigo
Hyundai,ix20,Gasolina,113447.0,90.0,manual,7700,Granada,18005,Granada,Granada
Hyundai,ix20,Gasolina,113447.0,90.0,manual,7700,Murcia,30005,Murcia,Murcia
Hyundai,ix20,Gasolina,113447.0,90.0,manual,7700,Ullastrell,8231,Barcelona,Ullastrell
Hyundai,ix20,Gasolina,113447.0,90.0,manual,7700,Bilbao,48004,Bizkaia,Bilbao
Hyundai,ix20,Gasolina,113447.0,90.0,manual,7700,Valencia,46001,Valencia,Valencia
Hyundai,ix20,Gasolina,113447.0,90.0,manual,7700,Málaga,29005,Málaga,Málaga
Mercedes-Benz,Clase CLA,Gasolina,209000.0,122.0,manual,17500,Arroyomolinos,28939,Madrid,Arroyomolinos
Mercedes-Benz,Clase CLA,Gasolina,209000.0,122.0,manual,17500,Arroyomolinos,28939,Madrid,Arroyomolinos
Hyundai,Elantra,Gasolina,147754.0,132.0,manual,7490,Granada,18005,Granada,Granada
Hyundai,Elantra,Gasolina,147754.0,132.0,manual,7490,Murcia,30005,Murcia,Murcia
Hyundai,Elantra,Gasolina,147754.0,132.0,manual,7490,Urbanizacion La Granjilla,28700,Madrid,Urbanizacion La Granjilla
Hyundai,ix35,Diésel,169013.0,115.0,manual,11990,Alameda del Obispo,14005,Córdoba,Alameda del Obispo
Hyundai,ix35,Diésel,169013.0,115.0,manual,11990,Alcobendas,28100,Madrid,Alcobendas
Hyundai,ix35,Diésel,169013.0,115.0,manual,11990,Mercabilbao,48970,Bizkaia,Mercabilbao
Hyundai,ix35,Diésel,169013.0,115.0,manual,11990,Castello/Castellon de La Plana,12100,Castellón,Castello/Castellon de La Plana
Hyundai,ix35,Diésel,169013.0,115.0,manual,11990,Santafe,18320,Granada,Santafe
Hyundai,ix35,Diésel,169013.0,115.0,manual,11990,Las Rozas de Madrid,28232,Madrid,Las Rozas de Madrid
Hyundai,ix35,Diésel,169013.0,115.0,manual,11990,Getafe,28906,Madrid,Getafe
Hyundai,ix35,Diésel,169013.0,115.0,manual,11990,Collado Villalba,28400,Madrid,Collado Villalba
Hyundai,ix35,Diésel,169013.0,115.0,manual,11990,Collado Villalba,28400,Madrid,Collado Villalba
Hyundai,Getz,Diésel,130125.0,88.0,manual,2390,Madrid,28026,Madrid,Madrid
Hyundai,i30,Diésel,79257.0,90.0,manual,12420,Santa Maria del Aguila,4710,Almería,Santa Maria del Aguila
Hyundai,i30,Diésel,53170.0,90.0,manual,12935,Mercado Parque Corredor del Henares,28850,Madrid,Mercado Parque Corredor del Henares
Hyundai,i30,Diésel,53170.0,90.0,manual,12935,Valdepeñas,13300,Ciudad Real,Valdepeñas
Hyundai,i30,Diésel,53170.0,90.0,manual,12935,Valdepeñas,13300,Ciudad Real,Valdepeñas
Hyundai,i30,Diésel,53170.0,90.0,manual,12935,Ciudad Real,13003,Ciudad Real,Ciudad Real
Hyundai,i30,Diésel,53170.0,90.0,manual,12935,Estepona,29680,Málaga,Estepona
Hyundai,i30,Diésel,53170.0,90.0,manual,12935,Santa Maria del Aguila,4710,Almería,Santa Maria del Aguila
Hyundai,i30,Diésel,73082.0,90.0,manual,10990,Málaga,29005,Málaga,Málaga
Hyundai,i30,Diésel,79257.0,90.0,manual,12420,Olèrdola,8734,Barcelona,Olèrdola
Hyundai,i30,Diésel,79257.0,90.0,manual,12420,Olèrdola,8734,Barcelona,Olèrdola
Hyundai,i20,Diésel,78578.0,90.0,manual,12950,Las Rozas de Madrid,28232,Madrid,Las Rozas de Madrid
Hyundai,i20,Diésel,78578.0,90.0,manual,12950,Torremolinos,29620,Málaga,Torremolinos
Hyundai,i20,Diésel,78578.0,90.0,manual,12950,Torremolinos,29620,Málaga,Torremolinos
Hyundai,i20,Diésel,78578.0,90.0,manual,12950,Torremolinos,29620,Málaga,Torremolinos
Hyundai,i20,Diésel,78578.0,90.0,manual,12950,Getafe,28906,Madrid,Getafe
Hyundai,BAYON,Gasolina,570.0,84.0,manual,15890,Valencia,46001,Valencia,Valencia
Hyundai,BAYON,Gasolina,570.0,84.0,manual,15890,Oviedo,33003,Asturias,Oviedo
Hyundai,BAYON,Gasolina,570.0,84.0,manual,15890,Valladolid,47006,Valladolid,Valladolid
Hyundai,BAYON,Gasolina,118.0,84.0,manual,17250,Mairena del Aljarafe,41927,Sevilla,Mairena del Aljarafe
Hyundai,BAYON,Gasolina,23064.0,100.0,manual,20900,Santa Coloma de Gramenet,8921,Barcelona,Santa Coloma de Gramenet
Hyundai,i10,Gasolina,29981.0,67.0,manual,10990,Alicante,3010,Alicante,Alicante
Hyundai,i10,Gasolina,29981.0,67.0,manual,10990,Alicante,3010,Murcia,Alicante
Hyundai,i10,Gasolina,29981.0,67.0,manual,10990,Almería,4006,Almería,Almería
Hyundai,i10,Gasolina,29981.0,67.0,manual,10990,Bilbao,48004,Bizkaia,Bilbao
Hyundai,Kona,Gasolina,44455.0,120.0,manual,17825,Estepona,29680,Málaga,Estepona
Hyundai,Kona,Gasolina,44455.0,120.0,manual,17825,Barcelona,8007,Barcelona,Barcelona
Hyundai,Kona,Gasolina,52259.0,120.0,manual,15299,Madrid,28014,Madrid,Madrid
Hyundai,Kona,Gasolina,44455.0,120.0,manual,17825,Colonia Pablo Iglesias,28520,Madrid,Colonia Pablo Iglesias
Hyundai,Tucson,Gasolina,44120.0,131.0,manual,18900,Santiago de Compostela,15703,A Coruña,Santiago de Compostela
Hyundai,Tucson,Gasolina,34576.0,131.0,manual,19538,Santiago de Compostela,15703,A Coruña,Santiago de Compostela
Hyundai,Tucson,Gasolina,23231.0,132.0,manual,22990,Madrid,28021,Madrid,Madrid
Hyundai,Tucson,Gasolina,23231.0,132.0,manual,22190,Madrid,28021,Madrid,Madrid
Hyundai,Tucson,Gasolina,34576.0,131.0,manual,19538,Valdepeñas,13300,Ciudad Real,Valdepeñas
Hyundai,Tucson,Gasolina,34576.0,131.0,manual,19538,Valdepeñas,13300,Ciudad Real,Valdepeñas
Peugeot,108,Gasolina,74924.0,69.0,automatic,12535,Atarrabia,31610,Navarra,Atarrabia
Hyundai,ix55,Diésel,220695.0,240.0,automatic,7290,Alcobendas,28100,Madrid,Alcobendas
Hyundai,ix55,Diésel,110000.0,239.0,automatic,12900,Arbuio,48810,Bizkaia,Arbuio
Hyundai,Santa Fe,Diésel,85645.0,200.0,manual,20990,Almería,4006,Almería,Almería
Hyundai,Santa Fe,Diésel,58789.0,200.0,manual,26335,Mercado Parque Corredor del Henares,28850,Madrid,Mercado Parque Corredor del Henares
Hyundai,Santa Fe,Diésel,85645.0,200.0,manual,20990,Alicante,3010,Alicante,Alicante
Hyundai,Santa Fe,Diésel,85645.0,200.0,manual,20990,Alicante,3010,Murcia,Alicante
Hyundai,Santa Fe,Diésel,85645.0,200.0,manual,20990,Vigo,36211,Pontevedra,Vigo
Hyundai,H350,Diésel,69385.0,150.0,manual,16990,Alicante,3010,Alicante,Alicante
Hyundai,H350,Diésel,69385.0,150.0,manual,16990,Alicante,3010,Murcia,Alicante
Hyundai,H350,Diésel,69385.0,150.0,manual,16890,Alicante,3010,Alicante,Alicante
Hyundai,H350,Diésel,69385.0,150.0,manual,16890,Alicante,3010,Murcia,Alicante
Hyundai,H350,Diésel,69385.0,150.0,manual,16990,Murcia,30005,Murcia,Murcia
Hyundai,H350,Diésel,69385.0,150.0,manual,16890,Murcia,30005,Murcia,Murcia
Hyundai,H350,Diésel,69385.0,150.0,manual,16990,Granada,18005,Granada,Granada
Hyundai,H350,Diésel,69385.0,150.0,manual,16890,Granada,18005,Granada,Granada
Hyundai,H350,Diésel,69385.0,150.0,manual,16990,Vigo,36211,Pontevedra,Vigo
Hyundai,H350,Diésel,69385.0,150.0,manual,16890,Vigo,36211,Pontevedra,Vigo
Hyundai,H350,Diésel,69385.0,150.0,manual,16990,Bilbao,48004,Bizkaia,Bilbao
Hyundai,H350,Diésel,69385.0,150.0,manual,16890,Bilbao,48004,Bizkaia,Bilbao
Hyundai,H350,Diésel,69385.0,150.0,manual,16990,Almería,4006,Almería,Almería
Hyundai,H350,Diésel,69385.0,150.0,manual,16890,Almería,4006,Almería,Almería
Hyundai,H350,Diésel,69385.0,150.0,manual,16990,Málaga,29005,Málaga,Málaga
Hyundai,H350,Diésel,69385.0,150.0,manual,16890,Málaga,29005,Málaga,Málaga
Hyundai,Accent,Gasolina,171197.0,86.0,manual,3490,Sevilla,41006,Sevilla,Sevilla
Hyundai,Accent,Gasolina,171197.0,86.0,manual,3490,Sant Boi de Llobregat,8830,Barcelona,Sant Boi de Llobregat
Hyundai,Accent,Gasolina,190000.0,90.0,manual,1000,Manises,46940,Valencia,Manises
Mercedes-Benz,Clase CLS,Diésel,101890.0,265.0,automatic,23990,Albacete,2001,Albacete,Albacete
Mercedes-Benz,Clase B,Diésel,212741.0,136.0,manual,11935,Alcalá de Guadaíra,41500,Sevilla,Alcalá de Guadaíra
Mercedes-Benz,Clase B,Diésel,212741.0,136.0,manual,11935,Castello/Castellon de La Plana,12100,Castellón,Castello/Castellon de La Plana
Mercedes-Benz,Clase B,Diésel,212741.0,136.0,manual,11935,Santafe,18320,Granada,Santafe
Mercedes-Benz,Clase B,Diésel,212741.0,136.0,manual,11935,Las Rozas de Madrid,28232,Madrid,Las Rozas de Madrid
Mercedes-Benz,Clase B,Diésel,212741.0,136.0,manual,11935,Torremolinos,29620,Málaga,Torremolinos
Mercedes-Benz,Clase B,Diésel,212741.0,136.0,manual,11935,Torremolinos,29620,Málaga,Torremolinos
Mercedes-Benz,Clase B,Diésel,212741.0,136.0,manual,11935,Torremolinos,29620,Málaga,Torremolinos
Mercedes-Benz,Clase B,Diésel,212741.0,136.0,manual,11935,Getafe,28906,Madrid,Getafe
Mercedes-Benz,Clase B,Diésel,212741.0,136.0,manual,11935,Zaragoza,50013,Zaragoza,Zaragoza
Mercedes-Benz,Clase B,Diésel,212741.0,136.0,manual,11935,Paterna,46980,Valencia,Paterna
Mercedes-Benz,Clase CLC,Diésel,112976.0,150.0,automatic,10990,Castello/Castellon de La Plana,12100,Castellón,Castello/Castellon de La Plana
Mercedes-Benz,Clase CLC,Diésel,112976.0,150.0,automatic,10990,Las Rozas de Madrid,28232,Madrid,Las Rozas de Madrid
Mercedes-Benz,Clase CLC,Diésel,112976.0,150.0,automatic,10990,Torremolinos,29620,Málaga,Torremolinos
Mercedes-Benz,Clase CLC,Diésel,112976.0,150.0,automatic,10990,Torremolinos,29620,Málaga,Torremolinos
Mercedes-Benz,Clase CLC,Diésel,112976.0,150.0,automatic,10990,Torremolinos,29620,Málaga,Torremolinos
Mercedes-Benz,Clase CLC,Diésel,112976.0,150.0,automatic,10990,Getafe,28906,Madrid,Getafe
Mercedes-Benz,Clase CLC,Diésel,112976.0,150.0,automatic,10990,Collado Villalba,28400,Madrid,Collado Villalba
Mercedes-Benz,Clase CLC,Diésel,112976.0,150.0,automatic,10990,Collado Villalba,28400,Madrid,Collado Villalba
Mercedes-Benz,Clase CLC,Diésel,112976.0,150.0,automatic,10990,Santafe,18320,Granada,Santafe
Mercedes-Benz,Clase CLC,Diésel,112976.0,150.0,automatic,10990,Colonia Pablo Iglesias,28520,Madrid,Colonia Pablo Iglesias
Mercedes-Benz,Viano,Diésel,217000.0,116.0,manual,17990,Santa Cruz de Bezana,39100,Cantabria,Santa Cruz de Bezana
Mercedes-Benz,Viano,Diésel,128894.0,204.0,automatic,17900,Sant Vicenç de Montalt,8394,Barcelona,Sant Vicenç de Montalt
Mercedes-Benz,Citan,Diésel,220000.0,90.0,manual,8900,Santa Perpètua de Mogoda,8130,Barcelona,Santa Perpètua de Mogoda
Mercedes-Benz,Vito,Diésel,141000.0,122.0,manual,12990,San Jose de La Rinconada,41300,Sevilla,San Jose de La Rinconada
Mercedes-Benz,Clase R,Diésel,250000.0,224.0,automatic,9990,Sevilla,41001,Sevilla,Sevilla
Mercedes-Benz,GL,Diésel,273000.0,224.0,automatic,18500,Poligono Fuente del Jarro,46988,Valencia,Poligono Fuente del Jarro
Mercedes-Benz,Clase CLA,Gasolina,66302.0,156.0,automatic,29325,Alcobendas,28100,Madrid,Alcobendas
Mercedes-Benz,Clase CLA,Gasolina,66302.0,156.0,automatic,29325,Castello/Castellon de La Plana,12100,Castellón,Castello/Castellon de La Plana
Mercedes-Benz,Clase CLA,Gasolina,66302.0,156.0,automatic,29325,Las Rozas de Madrid,28232,Madrid,Las Rozas de Madrid
Mercedes-Benz,Clase CLA,Gasolina,66302.0,156.0,automatic,29325,Getafe,28906,Madrid,Getafe
Mercedes-Benz,Clase CLA,Gasolina,66302.0,156.0,automatic,29325,Mercabilbao,48970,Bizkaia,Mercabilbao
Mercedes-Benz,Clase CLA,Gasolina,66302.0,156.0,automatic,29325,Santafe,18320,Granada,Santafe
Mercedes-Benz,SL,Gasolina,190000.0,325.0,automatic,39990,Majadahonda,28222,Madrid,Majadahonda
Mercedes-Benz,SLC,Gasolina,45000.0,156.0,automatic,34000,Pineda de Mar,8397,Barcelona,Pineda de Mar
Peugeot,108,Gasolina,74924.0,69.0,automatic,12535,Colonia Pablo Iglesias,28520,Madrid,Colonia Pablo Iglesias
Peugeot,108,Gasolina,74924.0,69.0,automatic,12535,Alzira,46600,Valencia,Alzira
Peugeot,108,Gasolina,74924.0,69.0,automatic,12535,Alzira,46600,Valencia,Alzira
BMW,X3,Diésel,163454.0,190.0,automatic,21850,Valdepeñas,13300,Ciudad Real,Valdepeñas
BMW,X3,Diésel,163454.0,190.0,automatic,21850,Valdepeñas,13300,Ciudad Real,Valdepeñas
BMW,X3,Diésel,163454.0,190.0,automatic,21850,Ciudad Real,13003,Ciudad Real,Ciudad Real
BMW,X3,Diésel,163454.0,190.0,automatic,21850,Sant Vicenç de Montalt,8394,Barcelona,Sant Vicenç de Montalt
BMW,X3,Diésel,163454.0,190.0,automatic,21850,Santa Maria del Aguila,4710,Almería,Santa Maria del Aguila
BMW,X3,Diésel,159560.0,190.0,automatic,18990,Sevilla,41005,Sevilla,Sevilla
BMW,X3,Diésel,159560.0,190.0,automatic,18990,Alicante,3010,Alicante,Alicante
BMW,X3,Diésel,159560.0,190.0,automatic,18990,Alicante,3010,Murcia,Alicante
BMW,X3,Diésel,159560.0,190.0,automatic,18990,Bilbao,48004,Bizkaia,Bilbao
Ford,Grand Tourneo Connec,Diésel,189000.0,120.0,automatic,17900,Torrejón de Ardoz,28850,Madrid,Torrejón de Ardoz
Ford,Grand Tourneo Connec,Diésel,70000.0,120.0,automatic,26499,Barrio del Progreso,30012,Murcia,Barrio del Progreso
BMW,Serie 5,Diésel,147278.0,190.0,automatic,20790,Sant Vicenç de Montalt,8394,Barcelona,Sant Vicenç de Montalt
BMW,Serie 5,Diésel,147278.0,190.0,automatic,20790,Santa Maria del Aguila,4710,Almería,Santa Maria del Aguila
BMW,Serie 5,Diésel,49000.0,265.0,automatic,36990,Madrid,28044,Madrid,Madrid
BMW,Serie 5,Diésel,59000.0,190.0,automatic,29990,Madrid,28044,Madrid,Madrid
BMW,X2,Diésel,77468.0,150.0,automatic,27140,Santiago de Compostela,15703,A Coruña,Santiago de Compostela
BMW,X2,Diésel,42595.0,150.0,automatic,25990,Madrid,28021,Madrid,Madrid
BMW,X2,Diésel,42595.0,150.0,automatic,26390,Madrid,28021,Madrid,Madrid
BMW,X2,Diésel,77468.0,150.0,automatic,27140,Valdepeñas,13300,Ciudad Real,Valdepeñas
BMW,X2,Diésel,77468.0,150.0,automatic,27140,Valdepeñas,13300,Ciudad Real,Valdepeñas
BMW,X2,Diésel,77468.0,150.0,automatic,27140,Saladar,3700,Alicante,Saladar
BMW,X2,Diésel,77468.0,150.0,automatic,27140,Mercado Parque Corredor del Henares,28850,Madrid,Mercado Parque Corredor del Henares
BMW,X2,Diésel,77468.0,150.0,automatic,27140,Vigo,36214,Pontevedra,Vigo
BMW,Serie 4,Diésel,83300.0,184.0,manual,17990,Vigo,36211,Pontevedra,Vigo
BMW,Serie 4,Diésel,83300.0,184.0,manual,17990,Murcia,30005,Murcia,Murcia
BMW,Serie 4,Diésel,83300.0,184.0,manual,17990,Ullastrell,8231,Barcelona,Ullastrell
BMW,Serie 4,Diésel,83300.0,184.0,manual,17990,Òrrius,8317,Barcelona,Òrrius
BMW,Serie 4,Diésel,83300.0,184.0,manual,17990,Valencia,46001,Valencia,Valencia
BMW,Serie 4,Diésel,83300.0,184.0,manual,17990,Málaga,29005,Málaga,Málaga
BMW,Serie 4,Diésel,83300.0,184.0,manual,17990,Palma de Mallorca,7003,Baleares,Palma de Mallorca
BMW,X5 M,Gasolina,166500.0,555.0,automatic,32999,Bilbao,48004,Bizkaia,Bilbao
BMW,Serie 7,Diésel,350500.0,231.0,automatic,8800,Churra Cabezo de Torres,30110,Murcia,Churra Cabezo de Torres
BMW,Serie 3,Diésel,101909.0,163.0,manual,13900,Valdepeñas,13300,Ciudad Real,Valdepeñas
BMW,Serie 3,Diésel,101909.0,163.0,manual,13900,Valdepeñas,13300,Ciudad Real,Valdepeñas
BMW,Serie 3,Diésel,101909.0,163.0,manual,13900,Estepona,29680,Málaga,Estepona
BMW,Serie 3,Diésel,101909.0,163.0,manual,13900,Sant Vicenç de Montalt,8394,Barcelona,Sant Vicenç de Montalt
BMW,Serie 3,Diésel,101909.0,163.0,manual,13900,Santa Maria del Aguila,4710,Almería,Santa Maria del Aguila
BMW,Serie 3,Diésel,140593.0,150.0,automatic,16990,Sevilla,41005,Sevilla,Sevilla
BMW,Serie 3,Diésel,140593.0,150.0,automatic,15990,Sevilla,41005,Sevilla,Sevilla
BMW,Serie 3,Diésel,140593.0,150.0,automatic,16990,Alicante,3010,Alicante,Alicante
BMW,Serie 3,Diésel,140593.0,150.0,automatic,16990,Alicante,3010,Murcia,Alicante
BMW,Serie 3,Diésel,140593.0,150.0,automatic,15990,Alicante,3010,Alicante,Alicante
BMW,Serie 3,Diésel,140593.0,150.0,automatic,15990,Alicante,3010,Murcia,Alicante
BMW,Z3,Gasolina,83185.0,150.0,manual,10700,Barcelona,8007,Barcelona,Barcelona
BMW,Z3,Gasolina,83185.0,150.0,manual,10700,Mercabilbao,48970,Bizkaia,Mercabilbao
BMW,Z3,Gasolina,83185.0,150.0,manual,10700,Alzira,46600,Valencia,Alzira
BMW,Z3,Gasolina,83185.0,150.0,manual,10700,Alzira,46600,Valencia,Alzira
BMW,Z3,Gasolina,83185.0,150.0,manual,10700,Castello/Castellon de La Plana,12100,Castellón,Castello/Castellon de La Plana
BMW,Z3,Gasolina,83185.0,150.0,manual,10700,Alicante,3007,Alicante,Alicante
BMW,X4,Diésel,99990.0,190.0,automatic,38490,Bilbao,48004,Bizkaia,Bilbao
BMW,Serie 1,Gasolina,66062.0,140.0,automatic,26990,Alicante,3010,Alicante,Alicante
BMW,Serie 1,Gasolina,66062.0,140.0,automatic,26990,Alicante,3010,Murcia,Alicante
BMW,Serie 1,Gasolina,66062.0,140.0,automatic,26990,Almería,4006,Almería,Almería
BMW,Serie 1,Gasolina,66062.0,140.0,automatic,26990,Vigo,36211,Pontevedra,Vigo
BMW,Serie 1,Gasolina,66062.0,140.0,automatic,26990,Granada,18005,Granada,Granada
BMW,Serie 1,Gasolina,66062.0,140.0,automatic,26990,Murcia,30005,Murcia,Murcia
BMW,Serie 1,Gasolina,66062.0,140.0,automatic,26990,Òrrius,8317,Barcelona,Òrrius
BMW,Serie 1,Gasolina,66062.0,140.0,automatic,26990,Bilbao,48004,Bizkaia,Bilbao
Fiat,Panda,Gasolina,31500.0,69.0,manual,8990,Girona,17005,Girona,Girona
Fiat,Panda,Gasolina,31500.0,69.0,manual,8990,Granollers,8403,Barcelona,Granollers
Fiat,Panda,Gasolina,31500.0,69.0,manual,8990,Tarragona,43002,Tarragona,Tarragona
Fiat,Panda,Gasolina,17958.0,69.0,manual,8990,Sevilla,41005,Sevilla,Sevilla
Fiat,Ducato,Diésel,130000.0,150.0,manual,25490,Antequera,29200,Málaga,Antequera
Fiat,Ducato,Diésel,130000.0,150.0,manual,26490,Antequera,29200,Málaga,Antequera
Fiat,Ducato,Diésel,130000.0,150.0,manual,25490,Málaga,29003,Málaga,Málaga
Fiat,Ducato,Diésel,130000.0,150.0,manual,26490,Málaga,29003,Málaga,Málaga
Fiat,Freemont,Diésel,127840.0,140.0,manual,10590,Torrejón de Ardoz,28850,Madrid,Torrejón de Ardoz
Fiat,Freemont,Diésel,126715.0,170.0,automatic,13990,Almería,4006,Almería,Almería
Fiat,Croma,Diésel,141700.0,150.0,manual,6450,Alcorcón,28923,Madrid,Alcorcón
Fiat,Croma,Diésel,141700.0,150.0,manual,5950,Alcorcón,28923,Madrid,Alcorcón
Fiat,Scudo,Diésel,277000.0,109.0,manual,3890,Bertamirans,15220,A Coruña,Bertamirans
Fiat,Tipo,Gasolina,47100.0,120.0,manual,11990,Ullastrell,8231,Barcelona,Ullastrell
Fiat,Tipo,Gasolina,47100.0,120.0,manual,11990,Bilbao,48004,Bizkaia,Bilbao
Subaru,XV,Gasolina,79344.0,150.0,automatic,18990,San Sebastián de Los Reyes,28700,Madrid,San Sebastián de Los Reyes
Fiat,Tipo,Gasolina,47100.0,120.0,manual,11990,Málaga,29005,Málaga,Málaga
Fiat,Tipo,Gasolina,47100.0,120.0,manual,11990,Girona,17007,Girona,Girona
Fiat,500L,Gasolina,65756.0,95.0,manual,12600,Estepona,29680,Málaga,Estepona
Fiat,500L,Gasolina,3801.0,95.0,manual,17990,Málaga,29005,Málaga,Málaga
Fiat,500L,Gasolina,103755.0,95.0,manual,12639,Olèrdola,8734,Barcelona,Olèrdola
Fiat,500L,Gasolina,103755.0,95.0,manual,12639,Olèrdola,8734,Barcelona,Olèrdola
Mercedes-Benz,GLC Coupé,Diésel,145200.0,194.0,automatic,31400,O Birloque,15008,A Coruña,O Birloque
Mercedes-Benz,GLC Coupé,Diésel,145200.0,194.0,automatic,31400,O Birloque,15008,A Coruña,O Birloque
Fiat,500L,Gasolina,103755.0,95.0,manual,12639,Alameda del Obispo,14005,Córdoba,Alameda del Obispo
Fiat,500L,Gasolina,103755.0,95.0,manual,12639,Alcobendas,28100,Madrid,Alcobendas
Fiat,Stilo,Diésel,316146.0,115.0,manual,1290,Madrid,28026,Madrid,Madrid
Fiat,500,Gasolina,59985.0,69.0,manual,9990,Bilbao,48004,Bizkaia,Bilbao
Fiat,500,Gasolina,59985.0,69.0,manual,9990,Almería,4006,Almería,Almería
Fiat,Talento,Diésel,148101.0,120.0,manual,19990,Málaga,29005,Málaga,Málaga
Fiat,Talento,Diésel,96360.0,125.0,manual,24725,Collado Villalba,28400,Madrid,Collado Villalba
Fiat,Talento,Diésel,96360.0,125.0,manual,24725,Collado Villalba,28400,Madrid,Collado Villalba
Peugeot,108,Gasolina,74924.0,69.0,automatic,12535,Hidraulica Santillana,28770,Madrid,Hidraulica Santillana
Peugeot,108,Gasolina,74924.0,69.0,automatic,12535,Alicante,3007,Alicante,Alicante
Porsche,Panamera,Gasolina,247000.0,400.0,manual,28000,Castello/Castellon de La Plana,12100,Castellón,Castello/Castellon de La Plana
Fiat,Linea,Diésel,49000.0,95.0,manual,7350,Barcelona,8028,Barcelona,Barcelona
Fiat,Punto,Gasolina,158466.0,69.0,manual,5990,Sevilla,41005,Sevilla,Sevilla
Fiat,Punto,Gasolina,158466.0,69.0,manual,5990,Alicante,3010,Alicante,Alicante
Fiat,Punto,Gasolina,158466.0,69.0,manual,5990,Alicante,3010,Murcia,Alicante
Fiat,Punto,Gasolina,158466.0,69.0,manual,5990,Bilbao,48004,Bizkaia,Bilbao
Fiat,Sedici,Diésel,160000.0,120.0,manual,5900,Manresa,8242,Barcelona,Manresa
Fiat,124 Spider,Gasolina,43218.0,140.0,manual,23800,Madrid,28015,Madrid,Madrid
Fiat,124 Spider,Gasolina,43218.0,140.0,manual,23800,Barcelona,8006,Barcelona,Barcelona
Fiat,Punto Evo,Gasolina,71000.0,69.0,manual,6850,Los Negrales,28430,Madrid,Los Negrales
Fiat,Punto Evo,Gasolina,71000.0,69.0,manual,6850,Los Negrales,28430,Madrid,Los Negrales
Fiat,Punto Evo,Gasolina,71000.0,69.0,manual,6850,Alcorcón,28923,Madrid,Alcorcón
Fiat,Qubo,Diésel,94000.0,80.0,manual,12990,Móstoles,28933,Madrid,Móstoles
Fiat,Qubo,Diésel,45274.0,80.0,manual,12499,Barcelona,8007,Barcelona,Barcelona
Fiat,Qubo,Diésel,45274.0,80.0,manual,12199,Barcelona,8007,Barcelona,Barcelona
Fiat,Qubo,Diésel,45274.0,80.0,manual,12499,Madrid,28014,Madrid,Madrid
Fiat,Qubo,Diésel,45274.0,80.0,manual,12199,Madrid,28014,Madrid,Madrid
Fiat,Qubo,Diésel,117000.0,75.0,manual,7500,Ourense,32001,Ourense,Ourense
Fiat,Qubo,Diésel,42742.0,80.0,manual,12950,Málaga,29004,Málaga,Málaga
Fiat,500X,Gasolina,73618.0,140.0,automatic,16100,Granada,18002,Granada,Granada
Fiat,500X,Gasolina,73618.0,140.0,automatic,16100,Santander,39002,Cantabria,Santander
Fiat,500X,Gasolina,73618.0,140.0,automatic,16100,San Sebastián de Los Reyes,28700,Madrid,San Sebastián de Los Reyes
Fiat,500X,Gasolina,73618.0,140.0,automatic,16100,Sabadell,8203,Barcelona,Sabadell
Fiat,500X,Gasolina,73618.0,140.0,automatic,16100,Alcobendas,28100,Madrid,Alcobendas
Ford,S-MAX,Diésel,154618.0,150.0,manual,19990,Madrid,28046,Madrid,Madrid
Ford,C-MAX,Diésel,82124.0,120.0,manual,15200,Saladar,3700,Alicante,Saladar
Ford,C-MAX,Diésel,82124.0,120.0,manual,15200,Mercado Parque Corredor del Henares,28850,Madrid,Mercado Parque Corredor del Henares
Ford,C-MAX,Diésel,81159.0,120.0,manual,16990,Mercado Parque Corredor del Henares,28850,Madrid,Mercado Parque Corredor del Henares
Ford,C-MAX,Diésel,82124.0,120.0,manual,15200,Vigo,36214,Pontevedra,Vigo
Ford,C-MAX,Diésel,81159.0,120.0,manual,16990,Vigo,36214,Pontevedra,Vigo
Ford,C-MAX,Diésel,82124.0,120.0,manual,15200,Sant Vicenç de Montalt,8394,Barcelona,Sant Vicenç de Montalt
Ford,C-MAX,Diésel,81159.0,120.0,manual,16990,Sant Vicenç de Montalt,8394,Barcelona,Sant Vicenç de Montalt
Ford,Tourneo Connect,Diésel,47075.0,100.0,manual,9990,Castellón,12001,Castellón,Castellón
Ford,Tourneo Connect,Diésel,57300.0,120.0,manual,21490,Òrrius,8317,Barcelona,Òrrius
Ford,Tourneo Connect,Diésel,47075.0,100.0,manual,9990,Palma de Mallorca,7003,Baleares,Palma de Mallorca
Ford,Tourneo Courier,Diésel,180586.0,75.0,manual,8636,Badajoz,6008,Badajoz,Badajoz
Ford,Tourneo Courier,Diésel,114500.0,95.0,manual,11890,Bilbao,48004,Bizkaia,Bilbao
Ford,Tourneo Courier,Diésel,114500.0,95.0,manual,11890,Alicante,3010,Alicante,Alicante
Ford,Tourneo Courier,Diésel,114500.0,95.0,manual,11890,Alicante,3010,Murcia,Alicante
Ford,Tourneo Courier,Diésel,121500.0,95.0,manual,12990,Palma de Mallorca,7003,Baleares,Palma de Mallorca
Ford,Tourneo Courier,Diésel,121500.0,95.0,manual,12990,Palau-Solita I Plegamans,8184,Barcelona,Palau-Solita I Plegamans
Ford,Tourneo Courier,Diésel,121500.0,95.0,manual,12990,Palau-Solita I Plegamans,8184,Barcelona,Palau-Solita I Plegamans
Ford,Tourneo Courier,Diésel,114500.0,95.0,manual,11890,Armentia,1007,Álava,Armentia
Ford,Ka,Gasolina,83000.0,69.0,manual,7990,Ullastrell,8231,Barcelona,Ullastrell
Ford,Ka,Gasolina,32000.0,69.0,manual,4990,Vigo,36211,Pontevedra,Vigo
Ford,Ka,Gasolina,32000.0,69.0,manual,4990,Granada,18005,Granada,Granada
Ford,Ka,Gasolina,32000.0,69.0,manual,4990,Bilbao,48004,Bizkaia,Bilbao
Ford,Ka,Gasolina,32000.0,69.0,manual,4990,Palma de Mallorca,7003,Baleares,Palma de Mallorca
Ford,Ka,Gasolina,32000.0,69.0,manual,4990,Castellón,12001,Castellón,Castellón
Ford,B-MAX,Diésel,68047.0,95.0,manual,12485,Alcalá de Guadaíra,41500,Sevilla,Alcalá de Guadaíra
Ford,B-MAX,Diésel,68047.0,95.0,manual,12485,Torremolinos,29620,Málaga,Torremolinos
Ford,B-MAX,Diésel,68047.0,95.0,manual,12485,Torremolinos,29620,Málaga,Torremolinos
Ford,B-MAX,Diésel,68047.0,95.0,manual,12485,Torremolinos,29620,Málaga,Torremolinos
Ford,B-MAX,Diésel,68047.0,95.0,manual,12485,Getafe,28906,Madrid,Getafe
Ford,B-MAX,Diésel,68047.0,95.0,manual,12485,Collado Villalba,28400,Madrid,Collado Villalba
Ford,B-MAX,Diésel,68047.0,95.0,manual,12485,Collado Villalba,28400,Madrid,Collado Villalba
Ford,Focus,Gasolina,99000.0,125.0,manual,385,Madrid,28006,Madrid,Madrid
Ford,Focus,Gasolina,112000.0,125.0,manual,330,Madrid,28006,Madrid,Madrid
Ford,Focus,Gasolina,99000.0,125.0,manual,202,Gandía,46701,Valencia,Gandía
Ford,Focus,Diésel,62000.0,119.0,manual,364,Madrid,28006,Madrid,Madrid
Ford,Mondeo,Diésel,38000.0,130.0,manual,6999,Alcobendas,28100,Madrid,Alcobendas
Ford,Puma,Gasolina,26138.0,125.0,manual,18499,Madrid,28014,Madrid,Madrid
Ford,Puma,Gasolina,26138.0,125.0,manual,18499,Barcelona,8007,Barcelona,Barcelona
Ford,Explorer,Gasolina,97086.0,290.0,automatic,21490,Alicante,3010,Alicante,Alicante
Ford,Explorer,Gasolina,97086.0,290.0,automatic,21490,Alicante,3010,Murcia,Alicante
Ford,Explorer,Gasolina,97086.0,290.0,automatic,21490,Valencia,46001,Valencia,Valencia
Ford,Transit Courier,Diésel,120234.0,75.0,manual,9490,Colonia Pablo Iglesias,28520,Madrid,Colonia Pablo Iglesias
Ford,Transit Courier,Diésel,120234.0,75.0,manual,9490,Murcia,30005,Murcia,Murcia
Ford,Transit Courier,Diésel,120234.0,75.0,manual,9490,Sevilla,41005,Sevilla,Sevilla
Ford,Transit Courier,Diésel,120234.0,75.0,manual,9490,Málaga,29005,Málaga,Málaga
Ford,Transit Courier,Diésel,120234.0,75.0,manual,9490,Camarma de Esteruelas,28816,Madrid,Camarma de Esteruelas
Ford,Transit Courier,Diésel,120234.0,75.0,manual,9490,Camarma de Esteruelas,28816,Madrid,Camarma de Esteruelas
Ford,Mustang,Gasolina,32990.0,421.0,automatic,34490,Alicante,3010,Alicante,Alicante
Ford,Mustang,Gasolina,32990.0,421.0,automatic,34490,Alicante,3010,Murcia,Alicante
Ford,Mustang,Gasolina,107619.0,314.0,manual,29490,Valencia,46001,Valencia,Valencia
Ford,Mustang,Gasolina,107619.0,314.0,manual,28490,Valencia,46001,Valencia,Valencia
Ford,Transit Custom,Diésel,26343.0,130.0,manual,29900,Badajoz,6008,Badajoz,Badajoz
Ford,Transit Custom,Diésel,26343.0,130.0,manual,29900,Saladar,3700,Alicante,Saladar
Ford,Transit Custom,Diésel,26343.0,130.0,manual,29900,Santafe,18320,Granada,Santafe
Ford,Transit Custom,Diésel,26343.0,130.0,manual,29900,Castello/Castellon de La Plana,12100,Castellón,Castello/Castellon de La Plana
Ford,Transit Custom,Diésel,26343.0,130.0,manual,29900,Mercado Parque Corredor del Henares,28850,Madrid,Mercado Parque Corredor del Henares
Ford,Transit Custom,Diésel,26343.0,130.0,manual,29900,Granollers,8403,Barcelona,Granollers
Ford,Tourneo Custom,Diésel,110999.0,130.0,manual,22990,Sevilla,41005,Sevilla,Sevilla
Ford,Tourneo Custom,Diésel,110999.0,130.0,manual,22990,Málaga,29005,Málaga,Málaga
Ford,Cougar,Gasolina,168200.0,170.0,manual,5200,Robledo de Chavela,28294,Madrid,Robledo de Chavela
Ford,Galaxy,Diésel,127890.0,209.0,automatic,21900,Castello/Castellon de La Plana,12100,Castellón,Castello/Castellon de La Plana
Ford,Fiesta,Gasolina,67110.0,140.0,manual,13990,Bilbao,48004,Bizkaia,Bilbao
Ford,Fiesta,Gasolina,67110.0,140.0,manual,13990,Ullastrell,8231,Barcelona,Ullastrell
Ford,Fiesta,Gasolina,67110.0,140.0,manual,13990,Castellón,12001,Castellón,Castellón
Ford,Fiesta,Gasolina,76535.0,100.0,manual,12990,Palma de Mallorca,7003,Baleares,Palma de Mallorca
Ford,Fiesta,Gasolina,67110.0,140.0,manual,13990,Tarragona,43006,Tarragona,Tarragona
Ford,Transit,Diésel,135003.0,130.0,manual,23900,Granada,18002,Granada,Granada
Ford,Transit,Diésel,135003.0,130.0,manual,23900,Donostia-San Sebastián,20005,Gipuzkoa,Donostia-San Sebastián
Ford,Transit,Diésel,135003.0,130.0,manual,23900,Zaragoza,50003,Zaragoza,Zaragoza
Ford,Transit,Diésel,135003.0,130.0,manual,23900,Valencia,46003,Valencia,Valencia
Ford,Transit,Diésel,135003.0,130.0,manual,23900,Sabadell,8203,Barcelona,Sabadell
Ford,Transit,Diésel,135003.0,130.0,manual,23900,Alcobendas,28100,Madrid,Alcobendas
Ford,Edge,Diésel,68938.0,210.0,automatic,31450,Getafe,28903,Madrid,Getafe
Ford,Edge,Diésel,142767.0,210.0,automatic,22490,Valencia,46001,Valencia,Valencia
Ford,Edge,Diésel,142767.0,210.0,automatic,22490,Sevilla,41005,Sevilla,Sevilla
Ford,Edge,Diésel,142767.0,210.0,automatic,22490,Murcia,30005,Murcia,Murcia
Ford,Edge,Diésel,142767.0,210.0,automatic,22490,Málaga,29005,Málaga,Málaga
Ford,Edge,Diésel,142767.0,210.0,automatic,22490,Vigo,36211,Pontevedra,Vigo
Ford,EcoSport,Diésel,115865.0,91.0,manual,11935,Mercado Parque Corredor del Henares,28850,Madrid,Mercado Parque Corredor del Henares
Ford,EcoSport,Diésel,115865.0,91.0,manual,11935,Valdepeñas,13300,Ciudad Real,Valdepeñas
Ford,EcoSport,Diésel,115865.0,91.0,manual,11935,Valdepeñas,13300,Ciudad Real,Valdepeñas
Ford,EcoSport,Diésel,115865.0,91.0,manual,11935,Ciudad Real,13003,Ciudad Real,Ciudad Real
Ford,EcoSport,Diésel,115865.0,91.0,manual,11935,Sant Vicenç de Montalt,8394,Barcelona,Sant Vicenç de Montalt
Ford,EcoSport,Diésel,115865.0,91.0,manual,11935,Santa Maria del Aguila,4710,Almería,Santa Maria del Aguila
Ford,EcoSport,Diésel,63500.0,95.0,manual,11990,Málaga,29005,Málaga,Málaga
Ford,EcoSport,Diésel,115865.0,91.0,manual,11935,Olèrdola,8734,Barcelona,Olèrdola
Ford,EcoSport,Diésel,115865.0,91.0,manual,11935,Olèrdola,8734,Barcelona,Olèrdola
Ford,EcoSport,Diésel,115865.0,91.0,manual,11935,Alameda del Obispo,14005,Córdoba,Alameda del Obispo
Ford,Kuga,Diésel,53000.0,149.0,manual,587,Madrid,28006,Madrid,Madrid
Ford,Kuga,Diésel,159384.0,163.0,automatic,14900,Santa Maria del Aguila,4710,Almería,Santa Maria del Aguila
Ford,Kuga,Diésel,159384.0,163.0,automatic,14900,Santiago de Compostela,15703,A Coruña,Santiago de Compostela
Ford,Kuga,Diésel,159384.0,163.0,automatic,14900,Valdepeñas,13300,Ciudad Real,Valdepeñas
Ford,Kuga,Diésel,159384.0,163.0,automatic,14900,Valdepeñas,13300,Ciudad Real,Valdepeñas
Ford,Kuga,Gasolina,47168.0,150.0,manual,19990,Madrid,28021,Madrid,Madrid
Ford,Kuga,Gasolina,47168.0,150.0,manual,19690,Madrid,28021,Madrid,Madrid
Ford,Kuga,Diésel,159384.0,163.0,automatic,14900,Saladar,3700,Alicante,Saladar
Ford,Kuga,Diésel,159384.0,163.0,automatic,14900,Mercado Parque Corredor del Henares,28850,Madrid,Mercado Parque Corredor del Henares
Mazda,2,Gasolina,101486.0,90.0,manual,10990,Málaga,29005,Málaga,Málaga
Mazda,2,Gasolina,38000.0,90.0,manual,14500,Alaquas,46970,Valencia,Alaquas
Mazda,CX-9,Gasolina,67468.0,273.0,automatic,20680,Hidraulica Santillana,28770,Madrid,Hidraulica Santillana
Mazda,CX-9,Gasolina,67468.0,273.0,automatic,20680,Alameda del Obispo,14005,Córdoba,Alameda del Obispo
Mazda,CX-9,Gasolina,67468.0,273.0,automatic,20680,Collado Villalba,28400,Madrid,Collado Villalba
Mazda,CX-9,Gasolina,67468.0,273.0,automatic,20680,Collado Villalba,28400,Madrid,Collado Villalba
Mazda,CX-9,Gasolina,67468.0,273.0,automatic,20680,Murcia,30003,Murcia,Murcia
Mazda,CX-3,Diésel,72370.0,105.0,manual,18975,Mercado Parque Corredor del Henares,28850,Madrid,Mercado Parque Corredor del Henares
Mazda,CX-3,Diésel,72370.0,105.0,manual,18975,Sant Vicenç de Montalt,8394,Barcelona,Sant Vicenç de Montalt
Mazda,CX-3,Diésel,72370.0,105.0,manual,18975,Olèrdola,8734,Barcelona,Olèrdola
Mazda,CX-3,Diésel,72370.0,105.0,manual,18975,Olèrdola,8734,Barcelona,Olèrdola
Mazda,CX-3,Diésel,107437.0,105.0,manual,13990,Sevilla,41005,Sevilla,Sevilla
Mazda,CX-3,Diésel,107437.0,105.0,manual,13990,Vigo,36211,Pontevedra,Vigo
Mazda,CX-3,Diésel,107437.0,105.0,manual,13990,Alicante,3010,Alicante,Alicante
Mazda,CX-3,Diésel,107437.0,105.0,manual,13990,Alicante,3010,Murcia,Alicante
Mazda,CX-3,Diésel,107437.0,105.0,manual,13990,Bilbao,48004,Bizkaia,Bilbao
Mazda,323,Gasolina,256000.0,100.0,manual,2600,Cornella del Terri,17844,Girona,Cornella del Terri
Mazda,5,Diésel,169000.0,143.0,manual,7900,Los Negrales,28430,Madrid,Los Negrales
Mazda,5,Diésel,169000.0,143.0,manual,7900,Los Negrales,28430,Madrid,Los Negrales
Mazda,5,Diésel,169000.0,143.0,manual,7900,Madrid,28046,Madrid,Madrid
Mazda,5,Diésel,169000.0,143.0,manual,7900,Alcorcón,28923,Madrid,Alcorcón
Volkswagen,Touareg,Diésel,192376.0,204.0,automatic,17990,Granada,18005,Granada,Granada
Volkswagen,Touareg,Diésel,192376.0,204.0,automatic,17990,Murcia,30005,Murcia,Murcia
Volkswagen,Touareg,Diésel,192376.0,204.0,automatic,17990,Valencia,46001,Valencia,Valencia
Volkswagen,Touareg,Diésel,192376.0,204.0,automatic,17990,Málaga,29005,Málaga,Málaga
Volkswagen,Caravelle,Diésel,76480.0,150.0,automatic,33990,Vigo,36211,Pontevedra,Vigo
Volkswagen,Caravelle,Diésel,76480.0,150.0,automatic,33990,Granada,18005,Granada,Granada
Volkswagen,Caravelle,Diésel,76480.0,150.0,automatic,33990,Murcia,30005,Murcia,Murcia
Volkswagen,Caravelle,Diésel,76480.0,150.0,automatic,33990,Valencia,46001,Valencia,Valencia
Volkswagen,Caravelle,Diésel,76480.0,150.0,automatic,33990,Málaga,29005,Málaga,Málaga
Volkswagen,Caravelle,Diésel,76480.0,150.0,automatic,33990,Cáceres,10001,Cáceres,Cáceres
Volkswagen,Passat CC,Diésel,229000.0,140.0,manual,11350,Poligono Los Villares Reina,37184,Salamanca,Poligono Los Villares Reina
Volkswagen,Passat CC,Diésel,194100.0,140.0,manual,9900,Valencia,46003,Valencia,Valencia
Volkswagen,T-Roc,Gasolina,5545.0,150.0,automatic,29500,Camas,41900,Sevilla,Camas
Jaguar,XE,Diésel,104636.0,180.0,automatic,16990,Madrid,28021,Madrid,Madrid
Volkswagen,T-Roc,Gasolina,81811.0,115.0,manual,21199,Barcelona,8007,Barcelona,Barcelona
Volkswagen,Crafter,Diésel,78900.0,177.0,automatic,28000,Roquetas de Mar,4740,Almería,Roquetas de Mar
Volkswagen,Crafter,Diésel,144599.0,140.0,manual,19990,Murcia,30005,Murcia,Murcia
Volkswagen,Crafter,Diésel,144599.0,140.0,manual,17990,Murcia,30005,Murcia,Murcia
Ford,B-MAX,Gasolina,45130.0,100.0,manual,12199,Madrid,28014,Madrid,Madrid
Ford,B-MAX,Gasolina,18541.0,100.0,manual,16300,Olèrdola,8734,Barcelona,Olèrdola
Ford,B-MAX,Gasolina,18541.0,100.0,manual,16300,Olèrdola,8734,Barcelona,Olèrdola
Ford,B-MAX,Gasolina,18541.0,100.0,manual,16300,Alcobendas,28100,Madrid,Alcobendas
Ford,B-MAX,Gasolina,18541.0,100.0,manual,16300,Collado Villalba,28400,Madrid,Collado Villalba
Ford,B-MAX,Gasolina,18541.0,100.0,manual,16300,Collado Villalba,28400,Madrid,Collado Villalba
Volkswagen,T-Cross,Gasolina,87000.0,95.0,manual,221,Madrid,28009,Madrid,Madrid
Volkswagen,T-Cross,Gasolina,12100.0,110.0,automatic,26990,Barcelona,8036,Barcelona,Barcelona
Volkswagen,T-Cross,Gasolina,5000.0,110.0,manual,27900,Torredembarra,43830,Tarragona,Torredembarra
Volkswagen,T-Cross,Gasolina,87000.0,95.0,manual,412,Madrid,28006,Madrid,Madrid
Volkswagen,CC,Diésel,150808.0,140.0,manual,13890,Almería,4006,Almería,Almería
Volkswagen,CC,Diésel,89995.0,140.0,automatic,16490,Toledo,45002,Toledo,Toledo
Volkswagen,CC,Diésel,89995.0,140.0,automatic,15990,Toledo,45002,Toledo,Toledo
Volkswagen,Polo,Gasolina,95706.0,90.0,manual,13490,Saladar,3700,Alicante,Saladar
Volkswagen,Polo,Gasolina,95706.0,90.0,manual,13490,Mercado Parque Corredor del Henares,28850,Madrid,Mercado Parque Corredor del Henares
Volkswagen,Polo,Gasolina,95706.0,90.0,manual,13490,Vigo,36214,Pontevedra,Vigo
Volkswagen,Polo,Gasolina,95706.0,90.0,manual,13490,Sant Vicenç de Montalt,8394,Barcelona,Sant Vicenç de Montalt
Volkswagen,Polo,Gasolina,119088.0,90.0,manual,12535,Murcia,30003,Murcia,Murcia
Volkswagen,Tiguan Allspace,Gasolina,119900.0,310.0,manual,34900,Plataforma Logistica Plaza,50197,Zaragoza,Plataforma Logistica Plaza
Volkswagen,Tiguan Allspace,Gasolina,99000.0,190.0,manual,31650,Navalcarnero,28600,Madrid,Navalcarnero
Volkswagen,Tiguan Allspace,Diésel,79000.0,149.0,manual,28850,Bormujos,41930,Sevilla,Bormujos
Volkswagen,Tiguan Allspace,Diésel,79000.0,149.0,manual,28850,Terrassa,8223,Barcelona,Terrassa
Volkswagen,Tiguan Allspace,Diésel,79000.0,149.0,manual,28850,Burjassot,46100,Valencia,Burjassot
Volkswagen,Tiguan Allspace,Diésel,99000.0,150.0,manual,34900,Alcalá de Henares,28803,Madrid,Alcalá de Henares
Volkswagen,Golf,Diésel,99950.0,115.0,manual,427,Madrid,28006,Madrid,Madrid
Volkswagen,Golf,Gasolina,148520.0,122.0,manual,8495,Arganda del Rey,28500,Madrid,Arganda del Rey
Volkswagen,Golf,Eléctrico,52283.0,136.0,automatic,22990,Madrid,28021,Madrid,Madrid
Volkswagen,Golf,Eléctrico,52283.0,136.0,automatic,22490,Madrid,28021,Madrid,Madrid
Volkswagen,ID.4,Eléctrico,21500.0,150.0,automatic,38490,Lliça d'Amunt,8186,Barcelona,Lliça d'Amunt
Volkswagen,Transporter T6,Diésel,1.0,110.0,manual,685,Sant Boi de Llobregat,8830,Barcelona,Sant Boi de Llobregat
Volkswagen,Transporter T6,Diésel,97358.0,150.0,automatic,28900,Barcelona,8030,Barcelona,Barcelona
Volkswagen,Transporter T6,Diésel,97358.0,150.0,automatic,26273,Barcelona,8030,Barcelona,Barcelona
Volkswagen,Touran,Diésel,130615.0,104.0,automatic,15990,Zaragoza,50018,Zaragoza,Zaragoza
Volkswagen,Eos,Diésel,110810.0,140.0,automatic,12599,Olèrdola,8734,Barcelona,Olèrdola
Volkswagen,Eos,Diésel,110810.0,140.0,automatic,12599,Olèrdola,8734,Barcelona,Olèrdola
Volkswagen,Jetta,Gasolina,32468.0,160.0,manual,13990,Parla,28700,Madrid,Parla
Volkswagen,Jetta,Gasolina,32468.0,160.0,manual,13990,Getafe,28903,Madrid,Getafe
Volkswagen,Jetta,Gasolina,32468.0,160.0,manual,13990,Barcelona,8041,Barcelona,Barcelona
Peugeot,108,Gasolina,39469.0,72.0,manual,12592,Las Rozas de Madrid,28232,Madrid,Las Rozas de Madrid
Volkswagen,Sharan,Diésel,120800.0,150.0,manual,22990,Móstoles,28933,Madrid,Móstoles
Volkswagen,Scirocco,Gasolina,82500.0,125.0,manual,17990,Tarragona,43006,Tarragona,Tarragona
Volkswagen,Scirocco,Gasolina,82500.0,125.0,manual,17990,Murcia,30005,Murcia,Murcia
Volkswagen,Scirocco,Gasolina,82500.0,125.0,manual,17990,Málaga,29005,Málaga,Málaga
Volkswagen,Scirocco,Gasolina,115637.0,200.0,automatic,12900,Atarrabia,31610,Navarra,Atarrabia
Volkswagen,Scirocco,Gasolina,115637.0,200.0,automatic,12900,Mercabilbao,48970,Bizkaia,Mercabilbao
Volkswagen,Passat,Gasolina,13260.0,190.0,automatic,30990,Madrid,28021,Madrid,Madrid
Volkswagen,Passat,Gasolina,13260.0,190.0,automatic,30290,Madrid,28021,Madrid,Madrid
Volkswagen,Passat,Diésel,299000.0,150.0,manual,10490,La Puebla de Alfindén,50171,Zaragoza,La Puebla de Alfindén
Volkswagen,ID.3,Eléctrico,25000.0,205.0,automatic,34990,Bekea,48960,Bizkaia,Bekea
Volkswagen,ID.3,Eléctrico,27620.0,204.0,automatic,32990,Barrio Peral,30300,Murcia,Barrio Peral
Volkswagen,ID.3,Eléctrico,27620.0,204.0,automatic,32990,Estepona,29680,Málaga,Estepona
Volkswagen,ID.3,Eléctrico,27620.0,204.0,automatic,32990,Vigo,36211,Pontevedra,Vigo
Mazda,3,Diésel,274000.0,109.0,manual,2000,Utebo,50180,Zaragoza,Utebo
Mazda,3,Gasolina,53761.0,120.0,manual,14990,Sevilla,41005,Sevilla,Sevilla
Mazda,3,Gasolina,53761.0,120.0,manual,14990,Vigo,36211,Pontevedra,Vigo
Mazda,3,Gasolina,53761.0,120.0,manual,14990,Almería,4006,Almería,Almería
Mazda,3,Gasolina,53761.0,120.0,manual,14990,Salamanca,37008,Salamanca,Salamanca
Mazda,3,Gasolina,53761.0,120.0,manual,14990,Salamanca,37008,Salamanca,Salamanca
Peugeot,108,Gasolina,70606.0,69.0,automatic,10560,Palma de Mallorca,7003,Baleares,Palma de Mallorca
Peugeot,108,Gasolina,74924.0,69.0,automatic,12535,Santiago de Compostela,15703,A Coruña,Santiago de Compostela
Peugeot,108,Gasolina,74924.0,69.0,automatic,12535,Mercado Parque Corredor del Henares,28850,Madrid,Mercado Parque Corredor del Henares
Peugeot,108,Gasolina,74924.0,69.0,automatic,12535,Valdepeñas,13300,Ciudad Real,Valdepeñas
Peugeot,108,Gasolina,74924.0,69.0,automatic,12535,Valdepeñas,13300,Ciudad Real,Valdepeñas
Porsche,Cayenne,Diésel,159000.0,382.0,automatic,35900,Alcorcón,28921,Madrid,Alcorcón
Porsche,Cayenne,Gasolina,173665.0,400.0,automatic,28500,Colonia Pablo Iglesias,28520,Madrid,Colonia Pablo Iglesias
Porsche,Cayenne,Gasolina,173665.0,400.0,automatic,28500,Zaragoza,50013,Zaragoza,Zaragoza
Porsche,Cayenne,Gasolina,173665.0,400.0,automatic,28500,Paterna,46980,Valencia,Paterna
Porsche,Cayenne,Gasolina,173665.0,400.0,automatic,28500,Atarrabia,31610,Navarra,Atarrabia
Porsche,Cayenne,Gasolina,173665.0,400.0,automatic,28500,Alcalá de Guadaíra,41500,Sevilla,Alcalá de Guadaíra
Mazda,CX-30,Gasolina,43589.0,122.0,manual,24955,Getafe,28906,Madrid,Getafe
Mazda,CX-30,Gasolina,43589.0,122.0,manual,24955,Mercabilbao,48970,Bizkaia,Mercabilbao
Mazda,CX-30,Gasolina,43589.0,122.0,manual,24955,Colonia Pablo Iglesias,28520,Madrid,Colonia Pablo Iglesias
Mazda,CX-30,Gasolina,43589.0,122.0,manual,24955,Santafe,18320,Granada,Santafe
Mazda,CX-30,Gasolina,43589.0,122.0,manual,24955,Alzira,46600,Valencia,Alzira
Mazda,CX-30,Gasolina,43589.0,122.0,manual,24955,Alzira,46600,Valencia,Alzira
Mazda,CX-30,Gasolina,43589.0,122.0,manual,24955,Albacete,2001,Albacete,Albacete
Mazda,CX-30,Gasolina,43589.0,122.0,manual,24955,Paterna,46980,Valencia,Paterna
Mazda,6,Diésel,192827.0,150.0,manual,10990,Sevilla,41005,Sevilla,Sevilla
Mazda,6,Diésel,192827.0,150.0,manual,10990,Alicante,3010,Alicante,Alicante
Mazda,6,Diésel,192827.0,150.0,manual,10990,Alicante,3010,Murcia,Alicante
Mazda,6,Diésel,192827.0,150.0,manual,10990,Almería,4006,Almería,Almería
Mazda,6,Diésel,192827.0,150.0,manual,10990,Bilbao,48004,Bizkaia,Bilbao
Mazda,6,Diésel,88018.0,175.0,automatic,16990,Málaga,29005,Málaga,Málaga
Mazda,6,Diésel,192827.0,150.0,manual,10990,Granada,18005,Granada,Granada
Mazda,6,Diésel,192827.0,150.0,manual,10990,Valencia,46001,Valencia,Valencia
Porsche,Cayman,Gasolina,127033.0,245.0,automatic,26450,Leganés,28916,Madrid,Leganés
Suzuki,Baleno,Gasolina,75109.0,111.0,manual,12363,Granollers,8403,Barcelona,Granollers
Suzuki,Baleno,Gasolina,75109.0,111.0,manual,12363,Badajoz,6008,Badajoz,Badajoz
Peugeot,5008,Gasolina,61845.0,130.0,manual,22490,Granada,18005,Granada,Granada
Peugeot,5008,Diésel,137000.0,150.0,manual,20990,Granada,18005,Granada,Granada
Peugeot,5008,Diésel,162258.0,120.0,automatic,16990,Granada,18005,Granada,Granada
Peugeot,5008,Diésel,137000.0,150.0,manual,20990,Colonia Pablo Iglesias,28520,Madrid,Colonia Pablo Iglesias
Peugeot,5008,Gasolina,61845.0,130.0,manual,22490,Murcia,30005,Murcia,Murcia
Subaru,Legacy,Gasolina,152000.0,150.0,manual,3300,Guardiola de Berguedà,8694,Barcelona,Guardiola de Berguedà
Subaru,Legacy,Gasolina,152000.0,150.0,manual,3300,Guardiola de Berguedà,8694,Barcelona,Guardiola de Berguedà
Subaru,Legacy,Gasolina,152000.0,150.0,manual,3450,Guardiola de Berguedà,8694,Barcelona,Guardiola de Berguedà
Subaru,Legacy,Gasolina,152000.0,150.0,manual,3450,Guardiola de Berguedà,8694,Barcelona,Guardiola de Berguedà
Subaru,Legacy,Diésel,149110.0,150.0,manual,12980,Valencia,46002,Valencia,Valencia
Subaru,Legacy,Diésel,149110.0,150.0,manual,12980,Sant Boi de Llobregat,8830,Barcelona,Sant Boi de Llobregat
Subaru,Legacy,Diésel,149110.0,150.0,manual,12980,Sevilla,41006,Sevilla,Sevilla
Mazda,MX-5,Gasolina,116753.0,146.0,manual,10990,Paterna,46980,Valencia,Paterna
Mazda,MX-5,Gasolina,116753.0,146.0,manual,10990,Puerto de Sagunto,46520,Valencia,Puerto de Sagunto
Mazda,MX-5,Gasolina,116753.0,146.0,manual,10990,Alzira,46600,Valencia,Alzira
Mazda,MX-5,Gasolina,116753.0,146.0,manual,10990,Alzira,46600,Valencia,Alzira
Peugeot,308,Gasolina,73591.0,110.0,manual,14375,Sant Vicenç de Montalt,8394,Barcelona,Sant Vicenç de Montalt
Peugeot,308,Gasolina,73591.0,110.0,manual,14375,Granollers,8403,Barcelona,Granollers
Peugeot,308,Gasolina,73591.0,110.0,manual,14375,Murcia,30003,Murcia,Murcia
Peugeot,308,Gasolina,73591.0,110.0,manual,14375,Estepona,29680,Málaga,Estepona
Peugeot,308,Gasolina,73591.0,110.0,manual,14375,Olèrdola,8734,Barcelona,Olèrdola
Peugeot,308,Gasolina,73591.0,110.0,manual,14375,Olèrdola,8734,Barcelona,Olèrdola
Peugeot,308,Diésel,102764.0,100.0,manual,10990,Sevilla,41005,Sevilla,Sevilla
Peugeot,308,Diésel,102764.0,100.0,manual,11990,Sevilla,41005,Sevilla,Sevilla
Peugeot,2008,Diésel,155499.0,100.0,manual,8990,Almería,4006,Almería,Almería
Peugeot,2008,Gasolina,59981.0,100.0,manual,16990,Almería,4006,Almería,Almería
Peugeot,2008,Gasolina,59981.0,100.0,manual,16990,Marbella,29601,Málaga,Marbella
Peugeot,2008,Diésel,79440.0,100.0,manual,11990,Alicante,3010,Alicante,Alicante
Peugeot,2008,Diésel,79440.0,100.0,manual,11990,Alicante,3010,Murcia,Alicante
Peugeot,2008,Diésel,155499.0,100.0,manual,8990,Alicante,3010,Alicante,Alicante
Peugeot,2008,Diésel,155499.0,100.0,manual,8990,Alicante,3010,Murcia,Alicante
Peugeot,2008,Diésel,32665.0,92.0,manual,11699,Barcelona,8007,Barcelona,Barcelona
Peugeot,Rifter,Diésel,1207.0,130.0,manual,29500,Santiago de Compostela,15703,A Coruña,Santiago de Compostela
Peugeot,Rifter,Diésel,1207.0,130.0,manual,29500,Mercado Parque Corredor del Henares,28850,Madrid,Mercado Parque Corredor del Henares
Peugeot,Rifter,Diésel,1207.0,130.0,manual,29500,Ciudad Real,13003,Ciudad Real,Ciudad Real
Peugeot,Rifter,Diésel,1207.0,130.0,manual,29500,Sant Vicenç de Montalt,8394,Barcelona,Sant Vicenç de Montalt
Peugeot,Rifter,Diésel,1207.0,130.0,manual,29500,Santa Maria del Aguila,4710,Almería,Santa Maria del Aguila
Subaru,XV,Gasolina,79344.0,150.0,automatic,18990,Valencia,28943,Madrid,Valencia
Subaru,XV,Gasolina,79344.0,150.0,automatic,18990,Barcelona,8041,Barcelona,Barcelona
Subaru,XV,Gasolina,79344.0,150.0,automatic,18990,Leganés,28915,Madrid,Leganés
Subaru,XV,Gasolina,82759.0,150.0,automatic,20250,Sant Boi de Llobregat,8830,Barcelona,Sant Boi de Llobregat
Subaru,XV,Gasolina,10312.0,114.0,automatic,23490,Alicante,3010,Alicante,Alicante
Subaru,XV,Gasolina,10312.0,114.0,automatic,23490,Alicante,3010,Murcia,Alicante
Subaru,XV,Gasolina,10312.0,114.0,automatic,23490,Valencia,46001,Valencia,Valencia
Mazda,CX-5,Diésel,177525.0,150.0,manual,13990,Granada,18005,Granada,Granada
Mazda,CX-5,Diésel,233965.0,150.0,automatic,9990,Fuenlabrada,28947,Madrid,Fuenlabrada
Mazda,CX-5,Diésel,233965.0,150.0,automatic,9990,Colonia Pablo Iglesias,28520,Madrid,Colonia Pablo Iglesias
Mazda,CX-5,Diésel,233965.0,150.0,automatic,9990,Camarma de Esteruelas,28816,Madrid,Camarma de Esteruelas
Mazda,CX-5,Diésel,233965.0,150.0,automatic,9990,Camarma de Esteruelas,28816,Madrid,Camarma de Esteruelas
Mazda,CX-5,Diésel,233965.0,150.0,automatic,9990,Las Rozas de Madrid,28232,Madrid,Las Rozas de Madrid
Suzuki,Grand Vitara,Diésel,210000.0,129.0,manual,5999,Madrid,28018,Madrid,Madrid
Peugeot,508,Diésel,142000.0,180.0,automatic,15690,Madrid,28014,Madrid,Madrid
Peugeot,508,Diésel,142000.0,180.0,automatic,15690,Zaragoza,50018,Zaragoza,Zaragoza
Peugeot,508,Diésel,59000.0,119.0,manual,195,Gandía,46701,Valencia,Gandía
Peugeot,508,Diésel,203703.0,131.0,manual,18500,La Poveda,28500,Madrid,La Poveda
Mazda,CX-7,Diésel,280525.0,173.0,manual,6890,Vigo,36211,Pontevedra,Vigo
Peugeot,108,Gasolina,43000.0,82.0,manual,8490,Murcia,30005,Murcia,Murcia
Land Rover,Range Rover Evoque,Diésel,122631.0,150.0,manual,20680,Alicante,3007,Alicante,Alicante
Mazda,CX-7,Diésel,280525.0,173.0,manual,6890,Alicante,3010,Alicante,Alicante
Mazda,CX-7,Diésel,280525.0,173.0,manual,6890,Alicante,3010,Murcia,Alicante
Ford,B-MAX,Gasolina,18541.0,100.0,manual,16300,Sant Vicenç de Montalt,8394,Barcelona,Sant Vicenç de Montalt
Ford,B-MAX,Gasolina,18541.0,100.0,manual,16300,Estepona,29680,Málaga,Estepona
Suzuki,Ignis,Gasolina,60242.0,90.0,automatic,14990,Almería,4006,Almería,Almería
Suzuki,Ignis,Gasolina,60242.0,90.0,automatic,14990,Vigo,36211,Pontevedra,Vigo
Suzuki,Ignis,Gasolina,60242.0,90.0,automatic,14990,Murcia,30005,Murcia,Murcia
Suzuki,Jimny,Gasolina,138908.0,85.0,manual,12990,Madrid,28021,Madrid,Madrid
Suzuki,Jimny,Gasolina,138908.0,85.0,manual,13290,Madrid,28021,Madrid,Madrid
Suzuki,Jimny,Gasolina,50359.0,85.0,manual,17135,Collado Villalba,28400,Madrid,Collado Villalba
Suzuki,Jimny,Gasolina,50359.0,85.0,manual,17135,Collado Villalba,28400,Madrid,Collado Villalba
Suzuki,Jimny,Gasolina,50359.0,85.0,manual,17135,Vigo,36214,Pontevedra,Vigo
Suzuki,Jimny,Gasolina,50359.0,85.0,manual,17135,Mercado Parque Corredor del Henares,28850,Madrid,Mercado Parque Corredor del Henares
Suzuki,Jimny,Gasolina,50359.0,85.0,manual,17135,Colonia Pablo Iglesias,28520,Madrid,Colonia Pablo Iglesias
Suzuki,Jimny,Gasolina,50359.0,85.0,manual,17135,Sant Vicenç de Montalt,8394,Barcelona,Sant Vicenç de Montalt
Suzuki,Jimny,Gasolina,50359.0,85.0,manual,17135,Murcia,30003,Murcia,Murcia
Suzuki,Jimny,Gasolina,50359.0,85.0,manual,17135,Saladar,3700,Alicante,Saladar
Subaru,Impreza,Gasolina,100100.0,114.0,automatic,14680,Murcia,30005,Murcia,Murcia
Subaru,Impreza,Gasolina,100100.0,114.0,automatic,14490,Murcia,30005,Murcia,Murcia
Subaru,Impreza,Gasolina,100100.0,114.0,automatic,14680,Granada,18005,Granada,Granada
Subaru,Impreza,Gasolina,100100.0,114.0,automatic,14490,Granada,18005,Granada,Granada
Porsche,Boxster,Gasolina,190000.0,220.0,manual,9999,Marbella,29670,Málaga,Marbella
Porsche,Boxster,Gasolina,111063.0,204.0,manual,14986,Montgat,8390,Barcelona,Montgat
Porsche,Panamera,Gasolina,142149.0,400.0,automatic,26990,Almería,4006,Almería,Almería
Porsche,Panamera,Gasolina,142149.0,400.0,automatic,26990,Vigo,36211,Pontevedra,Vigo
Porsche,Panamera,Gasolina,142149.0,400.0,automatic,26990,Jaén,23008,Jaén,Jaén
Porsche,Macan,Diésel,177126.0,258.0,automatic,30990,Girona,17007,Girona,Girona
Porsche,Macan,Diésel,177126.0,258.0,automatic,30990,Murcia,30005,Murcia,Murcia
Porsche,Macan,Diésel,177126.0,258.0,automatic,30990,Bilbao,48004,Bizkaia,Bilbao
Peugeot,Boxer,Diésel,170000.0,130.0,manual,16900,Nogueirosa,15612,A Coruña,Nogueirosa
Ford,B-MAX,Gasolina,18541.0,100.0,manual,16300,Granollers,8403,Barcelona,Granollers
Peugeot,607,Diésel,300000.0,160.0,manual,1990,Griñón,28977,Madrid,Griñón
Peugeot,1007,Diésel,200000.0,70.0,manual,3500,Puerto de Sagunto,46520,Valencia,Puerto de Sagunto
Peugeot,3008,Diésel,89990.0,130.0,automatic,19490,Almería,4006,Almería,Almería
Peugeot,3008,Diésel,77974.0,130.0,manual,19990,Almería,4006,Almería,Almería
Peugeot,3008,Diésel,82220.0,130.0,automatic,21990,Almería,4006,Almería,Almería
Peugeot,3008,Diésel,82220.0,130.0,automatic,21990,Oviedo,33003,Asturias,Oviedo
Peugeot,3008,Diésel,89990.0,130.0,automatic,19490,Alicante,3010,Alicante,Alicante
Peugeot,3008,Diésel,89990.0,130.0,automatic,19490,Alicante,3010,Murcia,Alicante
Peugeot,3008,Diésel,89990.0,130.0,automatic,19490,Granada,18005,Granada,Granada
Peugeot,208,Gasolina,91774.0,110.0,manual,10499,Barcelona,8007,Barcelona,Barcelona
Peugeot,208,Diésel,58913.0,100.0,manual,12599,Barcelona,8007,Barcelona,Barcelona
Peugeot,208,Diésel,111472.0,75.0,manual,8599,Madrid,28014,Madrid,Madrid
Peugeot,208,Diésel,111472.0,75.0,manual,8499,Madrid,28014,Madrid,Madrid
Peugeot,208,Diésel,111472.0,75.0,manual,8599,Barcelona,8007,Barcelona,Barcelona
Peugeot,208,Diésel,111472.0,75.0,manual,8499,Barcelona,8007,Barcelona,Barcelona
Peugeot,208,Gasolina,27807.0,82.0,manual,11899,Madrid,28014,Madrid,Madrid
Peugeot,208,Gasolina,27807.0,82.0,manual,11899,Barcelona,8007,Barcelona,Barcelona
Peugeot,e-2008,Eléctrico,30481.0,136.0,automatic,29900,Santa Maria del Aguila,4710,Almería,Santa Maria del Aguila
Peugeot,e-2008,Eléctrico,68124.0,136.0,automatic,26390,Madrid,28021,Madrid,Madrid
Peugeot,e-2008,Eléctrico,68124.0,136.0,automatic,25990,Madrid,28021,Madrid,Madrid
Peugeot,e-2008,Eléctrico,68124.0,136.0,automatic,25690,Madrid,28021,Madrid,Madrid
Peugeot,e-2008,Eléctrico,31300.0,136.0,automatic,28490,Madrid,28021,Madrid,Madrid
Peugeot,e-2008,Eléctrico,31300.0,136.0,automatic,27990,Madrid,28021,Madrid,Madrid
Peugeot,e-2008,Eléctrico,31300.0,136.0,automatic,27490,Madrid,28021,Madrid,Madrid
Peugeot,Partner,Diésel,147690.0,110.0,manual,8990,Alicante,3010,Alicante,Alicante
Peugeot,Partner,Diésel,147690.0,110.0,manual,8990,Alicante,3010,Murcia,Alicante
Peugeot,Partner,Diésel,147690.0,110.0,manual,9490,Alicante,3010,Alicante,Alicante
Peugeot,Partner,Diésel,147690.0,110.0,manual,9490,Alicante,3010,Murcia,Alicante
Peugeot,Partner,Diésel,147690.0,110.0,manual,8990,Almería,4006,Almería,Almería
Peugeot,Partner,Diésel,147690.0,110.0,manual,9490,Almería,4006,Almería,Almería
Peugeot,Partner,Diésel,150750.0,100.0,manual,8990,Vigo,36211,Pontevedra,Vigo
Peugeot,Partner,Diésel,150750.0,100.0,manual,8990,Alicante,3010,Alicante,Alicante
Peugeot,Partner,Diésel,150750.0,100.0,manual,8990,Alicante,3010,Murcia,Alicante
Peugeot,Partner,Diésel,147690.0,110.0,manual,8990,Bilbao,48004,Bizkaia,Bilbao
Peugeot,Partner,Diésel,147690.0,110.0,manual,9490,Bilbao,48004,Bizkaia,Bilbao
Peugeot,Partner,Diésel,150750.0,100.0,manual,8990,Bilbao,48004,Bizkaia,Bilbao
Peugeot,Bipper,Diésel,97301.0,80.0,manual,9690,Madrid,28021,Madrid,Madrid
Peugeot,Bipper,Diésel,97301.0,80.0,manual,9990,Madrid,28021,Madrid,Madrid
Peugeot,Bipper,Diésel,97301.0,80.0,manual,9890,Madrid,28021,Madrid,Madrid
Peugeot,Traveller,Diésel,24468.0,120.0,manual,35800,Sant Vicenç de Montalt,8394,Barcelona,Sant Vicenç de Montalt
Fiat,Panda,Gasolina,17958.0,69.0,manual,8990,Alicante,3010,Alicante,Alicante
Fiat,Panda,Gasolina,17958.0,69.0,manual,8990,Alicante,3010,Murcia,Alicante
Fiat,Panda,Gasolina,17958.0,69.0,manual,8990,Vigo,36211,Pontevedra,Vigo
Fiat,Panda,Gasolina,69400.0,69.0,manual,6990,Alicante,3010,Alicante,Alicante
Fiat,Panda,Gasolina,69400.0,69.0,manual,6990,Alicante,3010,Murcia,Alicante
Fiat,Panda,Gasolina,69400.0,69.0,manual,6990,Vigo,36211,Pontevedra,Vigo
Fiat,Panda,Gasolina,17958.0,69.0,manual,8990,Almería,4006,Almería,Almería
Mercedes-Benz,Clase A,Diésel,13700.0,116.0,automatic,31900,Barcelona,8007,Barcelona,Barcelona
Fiat,Panda,Gasolina,17958.0,69.0,manual,8990,Bilbao,48004,Bizkaia,Bilbao
Fiat,Panda,Gasolina,69400.0,69.0,manual,6990,Bilbao,48004,Bizkaia,Bilbao
Fiat,Panda,Gasolina,69400.0,69.0,manual,6990,Sevilla,41017,Sevilla,Sevilla
Fiat,Panda,Gasolina,69400.0,69.0,manual,6990,Huelva,21004,Huelva,Huelva
Toyota,Land Cruiser 200,Diésel,155000.0,286.0,automatic,29900,La Venta del Viso,4746,Almería,La Venta del Viso
Fiat,Panda,Gasolina,17958.0,69.0,manual,8990,Granada,18005,Granada,Granada
Fiat,Panda,Gasolina,69400.0,69.0,manual,6990,Granada,18005,Granada,Granada
Fiat,Panda,Gasolina,17958.0,69.0,manual,8990,Valencia,46001,Valencia,Valencia
Fiat,Panda,Gasolina,17958.0,69.0,manual,8990,Málaga,29005,Málaga,Málaga
Fiat,Panda,Gasolina,69400.0,69.0,manual,6990,Valencia,46001,Valencia,Valencia
Ford,B-MAX,Diésel,68047.0,95.0,manual,12485,Barcelona,8007,Barcelona,Barcelona
CUPRA,Formentor,Gasolina,23000.0,150.0,automatic,30990,Torrejón de Ardoz,28850,Madrid,Torrejón de Ardoz
CUPRA,Formentor,Gasolina,20600.0,150.0,manual,24790,Tarragona,43006,Tarragona,Tarragona
CUPRA,Formentor,Gasolina,20600.0,150.0,manual,24790,Mollet del Vallès,8100,Barcelona,Mollet del Vallès
CUPRA,Formentor,Gasolina,18000.0,150.0,automatic,30900,Zaragoza,50001,Zaragoza,Zaragoza
CUPRA,Formentor,Gasolina,8000.0,150.0,automatic,33990,Montmeló,8160,Barcelona,Montmeló
CUPRA,Formentor,Gasolina,7361.0,190.0,automatic,38900,Santa Coloma de Gramenet,8921,Barcelona,Santa Coloma de Gramenet
CUPRA,Formentor,Gasolina,36275.0,150.0,manual,29400,Fornells de la Selva,17458,Girona,Fornells de la Selva
CUPRA,Formentor,Gasolina,20210.0,150.0,automatic,33200,Fornells de la Selva,17458,Girona,Fornells de la Selva
CUPRA,Formentor,Gasolina,29000.0,150.0,manual,27900,La Seu d'Urgell,25700,Lleida,La Seu d'Urgell
Hyundai,Atos Prime,Gasolina,173700.0,59.0,manual,2100,Alicante,3004,Alicante,Alicante
Hyundai,Atos Prime,Gasolina,173700.0,59.0,manual,2100,Valencia,46003,Valencia,Valencia
Hyundai,Atos Prime,Gasolina,173700.0,59.0,manual,2100,Llano de Brujas,30161,Murcia,Llano de Brujas
Ford,B-MAX,Gasolina,64000.0,100.0,manual,11490,Alicante,3007,Alicante,Alicante
Mercedes-Benz,Clase V,Diésel,175000.0,190.0,automatic,38900,Campo Real,28510,Madrid,Campo Real
Mercedes-Benz,Clase A,Diésel,24403.0,116.0,automatic,35800,Mercado Parque Corredor del Henares,28850,Madrid,Mercado Parque Corredor del Henares
Mercedes-Benz,Clase A,Diésel,24403.0,116.0,automatic,35800,Santiago de Compostela,15703,A Coruña,Santiago de Compostela
Mercedes-Benz,Clase A,Gasolina,72672.0,163.0,automatic,28500,Barcelona,8036,Barcelona,Barcelona
Volkswagen,Arteon,Diésel,93000.0,150.0,manual,23600,Valencia,46002,Valencia,Valencia
Volkswagen,Arteon,Gasolina,44280.0,150.0,automatic,30490,Sant Boi de Llobregat,8830,Barcelona,Sant Boi de Llobregat
DS,7 CROSSBACK,Diésel,119900.0,130.0,manual,21000,La Pobla de Mafumet,43140,Tarragona,La Pobla de Mafumet
Mercedes-Benz,Clase A,Diésel,99900.0,136.0,automatic,23500,Hidraulica Santillana,28770,Madrid,Hidraulica Santillana
Ford,B-MAX,Gasolina,99000.0,100.0,manual,7999,Orihuela,3300,Alicante,Orihuela
Ford,B-MAX,Diésel,68047.0,95.0,manual,12485,Albacete,2001,Albacete,Albacete
Ford,B-MAX,Diésel,68047.0,95.0,manual,12485,Paterna,46980,Valencia,Paterna
Ford,B-MAX,Diésel,68047.0,95.0,manual,12485,Puerto de Sagunto,46520,Valencia,Puerto de Sagunto
Peugeot,108,Gasolina,59171.0,82.0,manual,8399,Madrid,28014,Madrid,Madrid
Peugeot,108,Gasolina,59171.0,82.0,manual,7899,Madrid,28014,Madrid,Madrid
Peugeot,108,Gasolina,4959.0,70.0,automatic,11499,Madrid,28014,Madrid,Madrid
Mercedes-Benz,Clase A,Gasolina,73000.0,122.0,manual,20900,Madrid,28010,Madrid,Madrid
Abarth,500,Gasolina,23435.0,165.0,manual,17990,Granada,18005,Granada,Granada
Abarth,500,Gasolina,9690.0,180.0,manual,30490,Sant Boi de Llobregat,8830,Barcelona,Sant Boi de Llobregat
Abarth,500,Gasolina,9690.0,180.0,manual,29900,Sant Boi de Llobregat,8830,Barcelona,Sant Boi de Llobregat
Abarth,500,Gasolina,9418.0,145.0,manual,23450,Sant Boi de Llobregat,8830,Barcelona,Sant Boi de Llobregat
Abarth,500,Gasolina,23435.0,165.0,manual,17990,Cáceres,10001,Cáceres,Cáceres
Mercedes-Benz,Clase A,Diésel,64147.0,116.0,automatic,27600,Badajoz,6008,Badajoz,Badajoz
Mercedes-Benz,Clase A,Diésel,23872.0,116.0,automatic,33500,Barcelona,8036,Barcelona,Barcelona
Ford,Tourneo Custom,Diésel,82447.0,130.0,manual,28990,Madrid,28021,Madrid,Madrid
Ford,Tourneo Custom,Diésel,82447.0,130.0,manual,28390,Madrid,28021,Madrid,Madrid
Toyota,Yaris,Gasolina,110000.0,69.0,manual,7600,Ciudad Deportiva del Jarama,28709,Madrid,Ciudad Deportiva del Jarama
Toyota,Yaris,Gasolina,23107.0,69.0,manual,11790,Madrid,28021,Madrid,Madrid
Toyota,Yaris,Gasolina,25484.0,69.0,manual,11790,Madrid,28021,Madrid,Madrid
Toyota,Yaris,Gasolina,25484.0,69.0,manual,11290,Madrid,28021,Madrid,Madrid
Ford,Tourneo Custom,Diésel,106995.0,155.0,manual,23990,Alicante,3010,Alicante,Alicante
Ford,Tourneo Custom,Diésel,106995.0,155.0,manual,23990,Alicante,3010,Murcia,Alicante
Ford,Tourneo Custom,Diésel,106995.0,155.0,manual,23990,Valencia,46001,Valencia,Valencia
Ford,Tourneo Custom,Diésel,106995.0,155.0,manual,23990,Murcia,30005,Murcia,Murcia
Ford,Tourneo Custom,Diésel,106995.0,155.0,manual,23990,Vigo,36211,Pontevedra,Vigo
Mercedes-Benz,Clase A,Gasolina,29000.0,163.0,manual,28499,Torrellano,3320,Alicante,Torrellano
Abarth,500,Gasolina,23435.0,165.0,manual,17990,Bilbao,48004,Bizkaia,Bilbao
Abarth,500,Gasolina,23435.0,165.0,manual,17990,Badajoz,6003,Badajoz,Badajoz
Abarth,500,Gasolina,127828.0,135.0,manual,11499,Madrid,28014,Madrid,Madrid
Abarth,500,Gasolina,127828.0,135.0,manual,11199,Madrid,28014,Madrid,Madrid
Abarth,500,Gasolina,127828.0,135.0,manual,11499,Barcelona,8007,Barcelona,Barcelona
Abarth,500,Gasolina,127828.0,135.0,manual,11199,Barcelona,8007,Barcelona,Barcelona
Ford,Tourneo Custom,Diésel,106995.0,155.0,manual,23990,Bilbao,48004,Bizkaia,Bilbao
Ford,Tourneo Custom,Diésel,106995.0,155.0,manual,23990,Málaga,29005,Málaga,Málaga
Ford,Tourneo Custom,Diésel,106995.0,155.0,manual,23990,Sevilla,41005,Sevilla,Sevilla
Peugeot,108,Gasolina,18960.0,72.0,manual,11990,Almería,4006,Almería,Almería
Peugeot,108,Gasolina,18960.0,72.0,manual,11990,Málaga,29005,Málaga,Málaga
Peugeot,108,Gasolina,18960.0,72.0,manual,11990,Sevilla,41005,Sevilla,Sevilla
Peugeot,108,Gasolina,18028.0,72.0,manual,11990,Málaga,29006,Málaga,Málaga
Peugeot,108,Gasolina,18048.0,72.0,manual,11990,Antequera,29200,Málaga,Antequera
Peugeot,108,Gasolina,18048.0,72.0,manual,12490,Antequera,29200,Málaga,Antequera
Ford,Tourneo Courier,Diésel,180586.0,75.0,manual,8636,Almería,4001,Almería,Almería
Ford,Tourneo Courier,Diésel,180586.0,75.0,manual,8636,Cádiz,11006,Cádiz,Cádiz
Ford,Tourneo Courier,Diésel,114500.0,95.0,manual,11890,Sevilla,41005,Sevilla,Sevilla
Peugeot,108,Gasolina,67418.0,82.0,manual,10699,Barcelona,8007,Barcelona,Barcelona
Alfa Romeo,Stelvio,Gasolina,65617.0,280.0,automatic,32990,Valencia,46001,Valencia,Valencia
Alfa Romeo,Stelvio,Gasolina,65617.0,280.0,automatic,32990,Sevilla,41005,Sevilla,Sevilla
Alfa Romeo,Stelvio,Gasolina,65617.0,280.0,automatic,32990,Algeciras,11202,Cádiz,Algeciras
Ford,Tourneo Courier,Diésel,121500.0,95.0,manual,12990,Òrrius,8317,Barcelona,Òrrius
Ford,Tourneo Courier,Diésel,114500.0,95.0,manual,11890,Almería,4006,Almería,Almería
Ford,Tourneo Courier,Diésel,114500.0,95.0,manual,11890,Vigo,36211,Pontevedra,Vigo
Ford,Tourneo Courier,Diésel,121500.0,95.0,manual,12990,Ullastrell,8231,Barcelona,Ullastrell
Ford,Tourneo Courier,Diésel,114500.0,95.0,manual,11890,Murcia,30005,Murcia,Murcia
Ford,Tourneo Courier,Diésel,121500.0,95.0,manual,12990,Málaga,29005,Málaga,Málaga
Ford,Tourneo Courier,Diésel,114500.0,95.0,manual,11890,Valencia,46001,Valencia,Valencia
Peugeot,108,Gasolina,40166.0,82.0,manual,10490,Barcelona,8007,Barcelona,Barcelona
Peugeot,108,Gasolina,39991.0,82.0,manual,10500,Vic,8500,Barcelona,Vic
Peugeot,108,Gasolina,18960.0,72.0,manual,11990,Valencia,46001,Valencia,Valencia
Ford,Tourneo Courier,Diésel,114500.0,95.0,manual,11890,Granada,18005,Granada,Granada
Ford,Tourneo Courier,Diésel,121500.0,95.0,manual,12990,Bilbao,48004,Bizkaia,Bilbao
Ford,Tourneo Courier,Gasolina,20097.0,100.0,manual,15200,Mercado Parque Corredor del Henares,28850,Madrid,Mercado Parque Corredor del Henares
Ford,Tourneo Courier,Diésel,90000.0,75.0,manual,10990,Almería,4006,Almería,Almería
Ford,Tourneo Courier,Diésel,75000.0,95.0,manual,12990,Oviedo,33003,Asturias,Oviedo
Ford,Tourneo Courier,Diésel,90000.0,75.0,manual,10990,Oviedo,33003,Asturias,Oviedo
Ford,Tourneo Courier,Diésel,41545.0,95.0,manual,16299,Madrid,28014,Madrid,Madrid
Ford,Tourneo Courier,Diésel,41545.0,95.0,manual,16099,Madrid,28014,Madrid,Madrid
Ford,Tourneo Courier,Diésel,41545.0,95.0,manual,16299,Barcelona,8007,Barcelona,Barcelona
Ford,Tourneo Courier,Diésel,41545.0,95.0,manual,16099,Barcelona,8007,Barcelona,Barcelona
Ford,Tourneo Courier,Gasolina,20097.0,100.0,manual,15200,Sant Vicenç de Montalt,8394,Barcelona,Sant Vicenç de Montalt
Ford,Tourneo Courier,Gasolina,20097.0,100.0,manual,15200,Santiago de Compostela,15703,A Coruña,Santiago de Compostela
Ford,Tourneo Courier,Gasolina,20097.0,100.0,manual,15200,Hidraulica Santillana,28770,Madrid,Hidraulica Santillana
Ford,Tourneo Courier,Gasolina,20097.0,100.0,manual,15200,Badajoz,6008,Badajoz,Badajoz
Ford,Tourneo Courier,Gasolina,20097.0,100.0,manual,15200,Getafe,28906,Madrid,Getafe
Ford,Tourneo Courier,Gasolina,20097.0,100.0,manual,15200,Paterna,46980,Valencia,Paterna
Ford,Tourneo Courier,Gasolina,20097.0,100.0,manual,15200,Santafe,18320,Granada,Santafe
Peugeot,108,Gasolina,60518.0,82.0,manual,9599,Barcelona,8007,Barcelona,Barcelona
Peugeot,108,Gasolina,59171.0,82.0,manual,8399,Barcelona,8007,Barcelona,Barcelona
Peugeot,108,Gasolina,59171.0,82.0,manual,7899,Barcelona,8007,Barcelona,Barcelona
Alfa Romeo,Giulia,Diésel,71764.0,180.0,automatic,23990,Murcia,30005,Murcia,Murcia
Alfa Romeo,Giulia,Diésel,71764.0,180.0,automatic,23990,Granada,18005,Granada,Granada
Infiniti,FX30,Diésel,199000.0,238.0,automatic,15499,Alcobendas,28100,Madrid,Alcobendas
Alfa Romeo,Giulia,Diésel,118600.0,180.0,automatic,23490,Bilbao,48004,Bizkaia,Bilbao
Alfa Romeo,Giulia,Diésel,118600.0,180.0,automatic,23490,Almería,4006,Almería,Almería
Alfa Romeo,Giulia,Diésel,71764.0,180.0,automatic,23990,Almería,4006,Almería,Almería
Alfa Romeo,Giulia,Diésel,118600.0,180.0,automatic,23490,Málaga,29005,Málaga,Málaga
Ford,Edge,Diésel,68938.0,210.0,automatic,31450,Murcia,30004,Murcia,Murcia
Ford,Edge,Diésel,68262.0,209.0,automatic,32900,Madrid,28018,Madrid,Madrid
Ford,Edge,Diésel,45000.0,180.0,manual,25900,Orkoien,31160,Navarra,Orkoien
Ford,Edge,Diésel,142767.0,210.0,automatic,22490,Collado Villalba,28400,Madrid,Collado Villalba
Ford,Edge,Diésel,142767.0,210.0,automatic,22490,Collado Villalba,28400,Madrid,Collado Villalba
Ford,Edge,Diésel,68938.0,210.0,automatic,31450,San Sebastián de Los Reyes,28700,Madrid,San Sebastián de Los Reyes
Ford,Edge,Diésel,174895.0,210.0,automatic,21900,Colonia Pablo Iglesias,28520,Madrid,Colonia Pablo Iglesias
Ford,Edge,Diésel,174895.0,210.0,automatic,21900,Alzira,46600,Valencia,Alzira
Ford,Edge,Diésel,174895.0,210.0,automatic,21900,Alzira,46600,Valencia,Alzira
Ford,Edge,Diésel,174895.0,210.0,automatic,21900,Atarrabia,31610,Navarra,Atarrabia
Ford,Edge,Diésel,174895.0,210.0,automatic,21900,Valdepeñas,13300,Ciudad Real,Valdepeñas
Ford,Edge,Diésel,174895.0,210.0,automatic,21900,Valdepeñas,13300,Ciudad Real,Valdepeñas
Ford,Edge,Diésel,174895.0,210.0,automatic,21900,Hidraulica Santillana,28770,Madrid,Hidraulica Santillana
Ford,Edge,Diésel,174895.0,210.0,automatic,21900,Paterna,46980,Valencia,Paterna
Ford,Edge,Diésel,174895.0,210.0,automatic,21900,Las Rozas de Madrid,28232,Madrid,Las Rozas de Madrid
Ford,Edge,Diésel,174895.0,210.0,automatic,21900,Collado Villalba,28400,Madrid,Collado Villalba
Ford,Edge,Diésel,174895.0,210.0,automatic,21900,Collado Villalba,28400,Madrid,Collado Villalba
Ford,Edge,Diésel,174895.0,210.0,automatic,21900,Santafe,18320,Granada,Santafe
Ford,Edge,Diésel,174895.0,210.0,automatic,21900,Castello/Castellon de La Plana,12100,Castellón,Castello/Castellon de La Plana
Ford,Edge,Diésel,88000.0,180.0,manual,27690,Poligono Fuente del Jarro,46988,Valencia,Poligono Fuente del Jarro
Ford,Edge,Diésel,99000.0,240.0,automatic,34990,Parla,28984,Madrid,Parla
Mercedes-Benz,Clase B,Diésel,60406.0,116.0,automatic,28400,Badajoz,6008,Badajoz,Badajoz
Ford,Edge,Diésel,37000.0,210.0,automatic,23445,Málaga,29004,Málaga,Málaga
Ford,Edge,Diésel,174895.0,210.0,automatic,21900,Alcobendas,28100,Madrid,Alcobendas
Ford,Edge,Diésel,174895.0,210.0,automatic,21900,Saladar,3700,Alicante,Saladar
Ford,Edge,Diésel,68938.0,210.0,automatic,31450,Alcorcón,28924,Madrid,Alcorcón
Ford,Edge,Diésel,110000.0,180.0,manual,24990,Las Rozas de Madrid,28232,Madrid,Las Rozas de Madrid
Peugeot,108,Gasolina,18960.0,72.0,manual,11990,Murcia,30005,Murcia,Murcia
Peugeot,108,Gasolina,18960.0,72.0,manual,11990,Granada,18005,Granada,Granada
Peugeot,108,Gasolina,18960.0,72.0,manual,11990,Vigo,36211,Pontevedra,Vigo
Ford,Edge,Diésel,112000.0,210.0,automatic,28500,Alzira,46600,Valencia,Alzira
Ford,Edge,Diésel,112000.0,210.0,automatic,28500,Alzira,46600,Valencia,Alzira
Ford,Edge,Diésel,37000.0,210.0,automatic,23445,Madrid,28009,Madrid,Madrid
Ford,Edge,Diésel,174895.0,210.0,automatic,21900,Badajoz,6008,Badajoz,Badajoz
Ford,Edge,Diésel,37000.0,210.0,automatic,23445,Alcalá de Guadaíra,41500,Sevilla,Alcalá de Guadaíra
Ford,Edge,Diésel,52000.0,210.0,automatic,28900,Castelldefels,8860,Barcelona,Castelldefels
Ford,Edge,Diésel,79634.0,180.0,manual,22990,Molins de Rei,8750,Barcelona,Molins de Rei
Ford,Edge,Diésel,174895.0,210.0,automatic,21900,Ciudad Real,13003,Ciudad Real,Ciudad Real
Porsche,Panamera,Gasolina,190000.0,400.0,manual,29990,Lleida,25008,Lleida,Lleida
Audi,RS5,Gasolina,160000.0,450.0,manual,30000,Manresa,8240,Barcelona,Manresa
Ford,Ranger,Diésel,95472.0,150.0,manual,20300,Mercabilbao,48970,Bizkaia,Mercabilbao
Ford,Ranger,Diésel,95472.0,150.0,manual,20300,Santafe,18320,Granada,Santafe
Ford,Ranger,Diésel,95472.0,150.0,manual,20300,Alcalá de Guadaíra,41500,Sevilla,Alcalá de Guadaíra
Ford,Ranger,Diésel,95472.0,150.0,manual,20300,Getafe,28906,Madrid,Getafe
KIA,Optima,Diésel,125000.0,141.0,manual,14900,Toledo,45002,Toledo,Toledo
Ford,Ranger,Diésel,95472.0,150.0,manual,20300,Colonia Pablo Iglesias,28520,Madrid,Colonia Pablo Iglesias
Ford,Ranger,Diésel,95472.0,150.0,manual,20300,Collado Villalba,28400,Madrid,Collado Villalba
Ford,Ranger,Diésel,95472.0,150.0,manual,20300,Collado Villalba,28400,Madrid,Collado Villalba
Ford,Ranger,Diésel,95472.0,150.0,manual,20300,Torremolinos,29620,Málaga,Torremolinos
Ford,Ranger,Diésel,95472.0,150.0,manual,20300,Torremolinos,29620,Málaga,Torremolinos
Ford,Ranger,Diésel,95472.0,150.0,manual,20300,Torremolinos,29620,Málaga,Torremolinos
Ford,Ranger,Diésel,210000.0,143.0,manual,11000,Alcalá de Henares,28801,Madrid,Alcalá de Henares
Ford,Ranger,Diésel,210000.0,143.0,manual,11500,Alcalá de Henares,28801,Madrid,Alcalá de Henares
Audi,A6,Diésel,54536.0,190.0,automatic,26990,Málaga,29005,Málaga,Málaga
Audi,A6,Diésel,54536.0,190.0,automatic,25990,Málaga,29005,Málaga,Málaga
Audi,A6,Diésel,54536.0,190.0,automatic,26990,Algeciras,11202,Cádiz,Algeciras
Audi,A6,Diésel,54536.0,190.0,automatic,25990,Algeciras,11202,Cádiz,Algeciras
Audi,A6,Diésel,98239.0,180.0,manual,10800,Olèrdola,8734,Barcelona,Olèrdola
Audi,A6,Diésel,98239.0,180.0,manual,10800,Olèrdola,8734,Barcelona,Olèrdola
Audi,A6,Diésel,98239.0,180.0,manual,10800,Alcobendas,28100,Madrid,Alcobendas
KIA,Cerato,Diésel,277000.0,112.0,manual,2290,Cuéllar,40200,Segovia,Cuéllar
Ford,Ranger,Diésel,95472.0,150.0,manual,20300,Sant Vicenç de Montalt,8394,Barcelona,Sant Vicenç de Montalt
Ford,Ranger,Diésel,82324.0,200.0,automatic,26990,Madrid,28021,Madrid,Madrid
Ford,Ranger,Diésel,82324.0,200.0,automatic,27290,Madrid,28021,Madrid,Madrid
Ford,Ranger,Diésel,95472.0,150.0,manual,20300,Ciudad Real,13003,Ciudad Real,Ciudad Real
Ford,Ranger,Diésel,95472.0,150.0,manual,20300,Mercado Parque Corredor del Henares,28850,Madrid,Mercado Parque Corredor del Henares
Audi,A6,Diésel,98239.0,180.0,manual,10800,Alcalá de Guadaíra,41500,Sevilla,Alcalá de Guadaíra
Audi,A6,Diésel,98239.0,180.0,manual,10800,Mercabilbao,48970,Bizkaia,Mercabilbao
Ford,Ranger,Diésel,95472.0,150.0,manual,20300,Santa Maria del Aguila,4710,Almería,Santa Maria del Aguila
Ford,Ranger,Diésel,95472.0,150.0,manual,20300,Vigo,36214,Pontevedra,Vigo
Ford,Ranger,Diésel,95472.0,150.0,manual,20300,Granollers,8403,Barcelona,Granollers
Ford,Ranger,Diésel,95472.0,150.0,manual,20300,Murcia,30003,Murcia,Murcia
Ford,Ranger,Diésel,95472.0,150.0,manual,20300,Saladar,3700,Alicante,Saladar
Ford,Ranger,Diésel,95472.0,150.0,manual,20300,Barcelona,8007,Barcelona,Barcelona
Ford,Ranger,Diésel,95472.0,150.0,manual,20300,Olèrdola,8734,Barcelona,Olèrdola
Ford,Ranger,Diésel,95472.0,150.0,manual,20300,Olèrdola,8734,Barcelona,Olèrdola
Ford,Ranger,Diésel,95472.0,150.0,manual,20300,Puerto de Sagunto,46520,Valencia,Puerto de Sagunto
Ford,Ranger,Diésel,95472.0,150.0,manual,20300,Badajoz,6008,Badajoz,Badajoz
Ford,Ranger,Diésel,95472.0,150.0,manual,20300,Alcobendas,28100,Madrid,Alcobendas
Ford,Ranger,Diésel,95472.0,150.0,manual,20300,Hidraulica Santillana,28770,Madrid,Hidraulica Santillana
Ford,Ranger,Diésel,95472.0,150.0,manual,20300,Albacete,2001,Albacete,Albacete
Ford,Ranger,Diésel,95472.0,150.0,manual,20300,Alzira,46600,Valencia,Alzira
Ford,Ranger,Diésel,95472.0,150.0,manual,20300,Alzira,46600,Valencia,Alzira
Citroen,Jumpy,Diésel,102380.0,95.0,manual,20585,Getafe,28906,Madrid,Getafe
Citroen,Jumpy,Diésel,102380.0,95.0,manual,20585,Valdepeñas,13300,Ciudad Real,Valdepeñas
Citroen,Jumpy,Diésel,102380.0,95.0,manual,20585,Valdepeñas,13300,Ciudad Real,Valdepeñas
Citroen,Jumpy,Diésel,102380.0,95.0,manual,20585,Las Rozas de Madrid,28232,Madrid,Las Rozas de Madrid
Citroen,Jumpy,Diésel,102380.0,95.0,manual,20585,Mercabilbao,48970,Bizkaia,Mercabilbao
Ford,Focus,Diésel,69934.0,120.0,manual,20350,Albacete,2001,Albacete,Albacete
Ford,Focus,Gasolina,41069.0,250.0,manual,24990,Getafe,28906,Madrid,Getafe
Ford,Focus,Gasolina,41069.0,250.0,manual,24990,Albacete,2001,Albacete,Albacete
Ford,Focus,Diésel,69934.0,120.0,manual,20350,Vigo,36214,Pontevedra,Vigo
Ford,Focus,Gasolina,50344.0,125.0,automatic,20528,Hidraulica Santillana,28770,Madrid,Hidraulica Santillana
Ford,Focus,Diésel,69934.0,120.0,manual,20350,Hidraulica Santillana,28770,Madrid,Hidraulica Santillana
Ford,Focus,Gasolina,50344.0,125.0,automatic,20528,Badajoz,6008,Badajoz,Badajoz
Ford,Focus,Diésel,69934.0,120.0,manual,20350,Badajoz,6008,Badajoz,Badajoz
Ford,Focus,Gasolina,41069.0,250.0,manual,24990,Badajoz,6008,Badajoz,Badajoz
Ford,Focus,Diésel,69934.0,120.0,manual,20350,Saladar,3700,Alicante,Saladar
Citroen,Jumpy,Diésel,102380.0,95.0,manual,20585,Alicante,3007,Alicante,Alicante
Citroen,Jumpy,Diésel,102380.0,95.0,manual,20585,Zaragoza,50013,Zaragoza,Zaragoza
Citroen,Jumpy,Diésel,102380.0,95.0,manual,20585,Paterna,46980,Valencia,Paterna
Ford,Focus,Gasolina,41069.0,250.0,manual,24990,Saladar,3700,Alicante,Saladar
Ford,Focus,Diésel,69934.0,120.0,manual,20350,Santafe,18320,Granada,Santafe
Ford,Focus,Diésel,99500.0,120.0,automatic,16490,Almería,4006,Almería,Almería
Ford,Focus,Gasolina,48792.0,125.0,automatic,14375,Olèrdola,8734,Barcelona,Olèrdola
Ford,Focus,Gasolina,48792.0,125.0,automatic,14375,Olèrdola,8734,Barcelona,Olèrdola
Ford,Focus,Diésel,69934.0,120.0,manual,20350,Murcia,30003,Murcia,Murcia
Ford,Focus,Gasolina,29781.0,125.0,manual,16990,Almería,4006,Almería,Almería
Ford,Focus,Gasolina,48792.0,125.0,automatic,14375,Mercado Parque Corredor del Henares,28850,Madrid,Mercado Parque Corredor del Henares
Ford,Focus,Diésel,69934.0,120.0,manual,20350,Castello/Castellon de La Plana,12100,Castellón,Castello/Castellon de La Plana
Ford,Focus,Diésel,69934.0,120.0,manual,20350,Olèrdola,8734,Barcelona,Olèrdola
Ford,Focus,Diésel,69934.0,120.0,manual,20350,Olèrdola,8734,Barcelona,Olèrdola
Ford,Focus,Gasolina,50344.0,125.0,automatic,20528,Mercado Parque Corredor del Henares,28850,Madrid,Mercado Parque Corredor del Henares
Ford,Focus,Diésel,69934.0,120.0,manual,20350,Mercado Parque Corredor del Henares,28850,Madrid,Mercado Parque Corredor del Henares
Ford,Focus,Gasolina,41069.0,250.0,manual,24990,Olèrdola,8734,Barcelona,Olèrdola
Ford,Focus,Gasolina,41069.0,250.0,manual,24990,Olèrdola,8734,Barcelona,Olèrdola
Ford,Focus,Diésel,99500.0,120.0,automatic,16490,Toledo,45002,Toledo,Toledo
Ford,Focus,Diésel,69934.0,120.0,manual,20350,Granollers,8403,Barcelona,Granollers
Ford,Focus,Gasolina,41069.0,250.0,manual,24990,Mercado Parque Corredor del Henares,28850,Madrid,Mercado Parque Corredor del Henares
Ford,Focus,Gasolina,50344.0,125.0,automatic,20528,Valdepeñas,13300,Ciudad Real,Valdepeñas
Ford,Focus,Gasolina,50344.0,125.0,automatic,20528,Valdepeñas,13300,Ciudad Real,Valdepeñas
Ford,Focus,Gasolina,50344.0,125.0,automatic,20528,Alicante,3007,Alicante,Alicante
Ford,Focus,Diésel,69934.0,120.0,manual,20350,Alzira,46600,Valencia,Alzira
Ford,Focus,Diésel,69934.0,120.0,manual,20350,Alzira,46600,Valencia,Alzira
Ford,Focus,Diésel,69934.0,120.0,manual,20350,Las Rozas de Madrid,28232,Madrid,Las Rozas de Madrid
Ford,Focus,Diésel,69934.0,120.0,manual,20350,Mercabilbao,48970,Bizkaia,Mercabilbao
Dodge,Nitro,Diésel,119153.0,177.0,manual,11900,Atarrabia,31610,Navarra,Atarrabia
Dodge,Nitro,Diésel,119153.0,177.0,manual,11900,Vigo,36214,Pontevedra,Vigo
Dodge,Nitro,Diésel,119153.0,177.0,manual,11900,Saladar,3700,Alicante,Saladar
Ford,Transit,Diésel,72710.0,131.0,manual,360,Algete,28110,Madrid,Algete
Ford,Transit,Diésel,72710.0,131.0,manual,25790,Algete,28110,Madrid,Algete
Dodge,Nitro,Diésel,119153.0,177.0,manual,11900,Mercado Parque Corredor del Henares,28850,Madrid,Mercado Parque Corredor del Henares
Dodge,Nitro,Diésel,119153.0,177.0,manual,11900,Granollers,8403,Barcelona,Granollers
Dodge,Nitro,Diésel,119153.0,177.0,manual,11900,Olèrdola,8734,Barcelona,Olèrdola
Dodge,Nitro,Diésel,119153.0,177.0,manual,11900,Olèrdola,8734,Barcelona,Olèrdola
Dodge,Nitro,Diésel,119153.0,177.0,manual,11900,Estepona,29680,Málaga,Estepona
Ford,Transit,Diésel,290000.0,110.0,manual,3500,Murcia,30001,Murcia,Murcia
Ford,Transit,Diésel,116534.0,130.0,manual,19900,Santander,39002,Cantabria,Santander
Ford,Transit,Diésel,116534.0,130.0,manual,19900,Valencia,46003,Valencia,Valencia
Ford,Transit,Diésel,116534.0,130.0,manual,19900,Toledo,45002,Toledo,Toledo
Ford,Transit,Diésel,116534.0,130.0,manual,19900,Sabadell,8203,Barcelona,Sabadell
Ford,Transit,Diésel,116534.0,130.0,manual,19900,Almería,4001,Almería,Almería
Ford,Transit,Diésel,116534.0,130.0,manual,19900,Málaga,29015,Málaga,Málaga
Ford,C-MAX,Gasolina,56031.0,125.0,manual,17520,Alzira,46600,Valencia,Alzira
Ford,C-MAX,Gasolina,56031.0,125.0,manual,17520,Alzira,46600,Valencia,Alzira
Ford,C-MAX,Gasolina,56031.0,125.0,manual,17520,Atarrabia,31610,Navarra,Atarrabia
Ford,C-MAX,Gasolina,56031.0,125.0,manual,17520,Albacete,2001,Albacete,Albacete
Ford,C-MAX,Gasolina,56031.0,125.0,manual,17520,Hidraulica Santillana,28770,Madrid,Hidraulica Santillana
Ford,C-MAX,Diésel,82124.0,120.0,manual,15200,Puerto de Sagunto,46520,Valencia,Puerto de Sagunto
Ford,C-MAX,Gasolina,56031.0,125.0,manual,17520,Santiago de Compostela,15703,A Coruña,Santiago de Compostela
Ford,C-MAX,Gasolina,56031.0,125.0,manual,17520,Mercado Parque Corredor del Henares,28850,Madrid,Mercado Parque Corredor del Henares
Ford,C-MAX,Gasolina,56031.0,125.0,manual,17520,Ciudad Real,13003,Ciudad Real,Ciudad Real
Ford,C-MAX,Gasolina,56031.0,125.0,manual,17520,Estepona,29680,Málaga,Estepona
Ford,C-MAX,Gasolina,56031.0,125.0,manual,17520,Olèrdola,8734,Barcelona,Olèrdola
Ford,C-MAX,Gasolina,56031.0,125.0,manual,17520,Olèrdola,8734,Barcelona,Olèrdola
Ford,C-MAX,Gasolina,56031.0,125.0,manual,17520,Alcobendas,28100,Madrid,Alcobendas
Ford,C-MAX,Gasolina,56031.0,125.0,manual,17520,Alcalá de Guadaíra,41500,Sevilla,Alcalá de Guadaíra
Ford,C-MAX,Gasolina,56031.0,125.0,manual,17520,Las Rozas de Madrid,28232,Madrid,Las Rozas de Madrid
Ford,C-MAX,Gasolina,56031.0,125.0,manual,17520,Getafe,28906,Madrid,Getafe
Ford,C-MAX,Gasolina,56031.0,125.0,manual,17520,Collado Villalba,28400,Madrid,Collado Villalba
Ford,C-MAX,Gasolina,56031.0,125.0,manual,17520,Collado Villalba,28400,Madrid,Collado Villalba
Ford,C-MAX,Gasolina,56031.0,125.0,manual,17520,Santafe,18320,Granada,Santafe
Ford,C-MAX,Gasolina,56031.0,125.0,manual,17520,Paterna,46980,Valencia,Paterna
Ford,C-MAX,Gasolina,56031.0,125.0,manual,17520,Zaragoza,50013,Zaragoza,Zaragoza
Ford,Fiesta,Gasolina,78815.0,100.0,manual,12990,Granada,18005,Granada,Granada
Ford,Fiesta,Gasolina,84000.0,100.0,manual,208,Barcelona,8007,Barcelona,Barcelona
Ford,Fiesta,Gasolina,78815.0,100.0,manual,12990,Murcia,30005,Murcia,Murcia
Ford,Fiesta,Gasolina,78815.0,100.0,manual,12990,Jaén,23008,Jaén,Jaén
Ford,Fiesta,Gasolina,78815.0,100.0,manual,12990,Bilbao,48004,Bizkaia,Bilbao
Ford,Fiesta,Gasolina,78815.0,100.0,manual,12990,Valencia,46001,Valencia,Valencia
Ford,Fiesta,Gasolina,84000.0,100.0,manual,318,Valencia,46005,Valencia,Valencia
Ford,Fiesta,Gasolina,81000.0,100.0,manual,318,Barcelona,8009,Barcelona,Barcelona
Ford,Fiesta,Gasolina,78815.0,100.0,manual,12990,Alicante,3010,Alicante,Alicante
Ford,Fiesta,Gasolina,78815.0,100.0,manual,12990,Alicante,3010,Murcia,Alicante
Ford,Fiesta,Gasolina,18557.0,95.0,manual,14990,Málaga,29005,Málaga,Málaga
Ford,Fiesta,Gasolina,78815.0,100.0,manual,12990,Almería,4006,Almería,Almería
Ford,Fiesta,Gasolina,78815.0,100.0,manual,12990,Vigo,36211,Pontevedra,Vigo
Ford,Fiesta,Diésel,99223.0,85.0,manual,11500,Viladecans,8840,Barcelona,Viladecans
Dodge,Avenger,Diésel,153000.0,140.0,manual,5000,Ulldecona,43550,Tarragona,Ulldecona
Ford,Fiesta,Diésel,80150.0,90.0,manual,6990,Fuenlabrada,28943,Madrid,Fuenlabrada
Ford,Fiesta,Diésel,103640.0,75.0,manual,8900,Palafolls,8389,Barcelona,Palafolls
Peugeot,407,Diésel,160000.0,136.0,manual,4500,Terrassa,8220,Barcelona,Terrassa
Ford,Mustang,Gasolina,33800.0,314.0,manual,32490,Granada,18005,Granada,Granada
Ford,Mustang,Gasolina,57260.0,418.0,manual,36500,Granollers,8403,Barcelona,Granollers
Ford,S-MAX,Diésel,84183.0,163.0,automatic,17900,Collado Villalba,28400,Madrid,Collado Villalba
Ford,S-MAX,Diésel,84183.0,163.0,automatic,17900,Collado Villalba,28400,Madrid,Collado Villalba
Ford,S-MAX,Diésel,107157.0,180.0,automatic,25561,Madrid,28009,Madrid,Madrid
Ford,S-MAX,Diésel,107157.0,180.0,automatic,25561,Alcalá de Guadaíra,41500,Sevilla,Alcalá de Guadaíra
Ford,S-MAX,Diésel,205000.0,140.0,manual,8495,Los Combos,28938,Madrid,Los Combos
Ford,S-MAX,Diésel,43736.0,120.0,manual,27490,Murcia,30001,Murcia,Murcia
Ford,S-MAX,Diésel,143184.0,140.0,automatic,11300,Mercado Parque Corredor del Henares,28850,Madrid,Mercado Parque Corredor del Henares
Ford,S-MAX,Diésel,143184.0,140.0,automatic,11300,Murcia,30003,Murcia,Murcia
Ford,S-MAX,Diésel,143184.0,140.0,automatic,11300,Alzira,46600,Valencia,Alzira
Ford,S-MAX,Diésel,143184.0,140.0,automatic,11300,Alzira,46600,Valencia,Alzira
Ford,S-MAX,Diésel,143184.0,140.0,automatic,11300,Badajoz,6008,Badajoz,Badajoz
Ford,S-MAX,Diésel,143184.0,140.0,automatic,11300,Santiago de Compostela,15703,A Coruña,Santiago de Compostela
Ford,Transit Connect,Diésel,104272.0,100.0,manual,16900,Zaragoza,50013,Zaragoza,Zaragoza
Ford,Transit Connect,Diésel,46448.0,100.0,manual,22490,Madrid,28021,Madrid,Madrid
Ford,Transit Connect,Diésel,46448.0,100.0,manual,21990,Madrid,28021,Madrid,Madrid
Ford,Transit Connect,Diésel,160000.0,75.0,manual,6399,Sant Vicent del Raspeig,3690,Alicante,Sant Vicent del Raspeig
Ford,Transit Connect,Diésel,104272.0,100.0,manual,16900,Santiago de Compostela,15703,A Coruña,Santiago de Compostela
Ford,Transit Connect,Diésel,104272.0,100.0,manual,16900,Sant Vicenç de Montalt,8394,Barcelona,Sant Vicenç de Montalt
Ford,Transit Connect,Diésel,104272.0,100.0,manual,16900,Ciudad Real,13003,Ciudad Real,Ciudad Real
Ford,Transit Connect,Diésel,104272.0,100.0,manual,16900,Mercado Parque Corredor del Henares,28850,Madrid,Mercado Parque Corredor del Henares
Ford,Transit Connect,Diésel,104272.0,100.0,manual,16900,Valdepeñas,13300,Ciudad Real,Valdepeñas
Ford,Transit Connect,Diésel,104272.0,100.0,manual,16900,Valdepeñas,13300,Ciudad Real,Valdepeñas
Ford,Transit Connect,Diésel,104272.0,100.0,manual,16900,Vigo,36214,Pontevedra,Vigo
Hyundai,Trajet,Diésel,192000.0,112.0,manual,3900,Montijo,6480,Badajoz,Montijo
Hyundai,Trajet,Diésel,200000.0,113.0,manual,3500,Utrera,41710,Sevilla,Utrera
Ford,Transit Connect,Diésel,104272.0,100.0,manual,16900,Granollers,8403,Barcelona,Granollers
Ford,Transit Connect,Diésel,104272.0,100.0,manual,16900,Murcia,30003,Murcia,Murcia
Ford,Transit Connect,Diésel,104272.0,100.0,manual,16900,Estepona,29680,Málaga,Estepona
Ford,Transit Connect,Diésel,104272.0,100.0,manual,16900,Barcelona,8007,Barcelona,Barcelona
Ford,Transit Connect,Diésel,104272.0,100.0,manual,16900,Olèrdola,8734,Barcelona,Olèrdola
Ford,Transit Connect,Diésel,104272.0,100.0,manual,16900,Olèrdola,8734,Barcelona,Olèrdola
Ford,Transit Connect,Diésel,104272.0,100.0,manual,16900,Alcobendas,28100,Madrid,Alcobendas
Ford,Transit Connect,Diésel,104272.0,100.0,manual,16900,Castello/Castellon de La Plana,12100,Castellón,Castello/Castellon de La Plana
Ford,Transit Connect,Diésel,104272.0,100.0,manual,16900,Badajoz,6008,Badajoz,Badajoz
Ford,Transit Connect,Diésel,104272.0,100.0,manual,16900,Alicante,3007,Alicante,Alicante
Ford,Transit Connect,Diésel,104272.0,100.0,manual,16900,Albacete,2001,Albacete,Albacete
Ford,Transit Connect,Diésel,104272.0,100.0,manual,16900,Hidraulica Santillana,28770,Madrid,Hidraulica Santillana
Ford,Transit Connect,Diésel,104272.0,100.0,manual,16900,Atarrabia,31610,Navarra,Atarrabia
Ford,Transit Connect,Diésel,104272.0,100.0,manual,16900,Santafe,18320,Granada,Santafe
Ford,Transit Connect,Diésel,104272.0,100.0,manual,16900,Paterna,46980,Valencia,Paterna
Ford,Transit Connect,Diésel,104272.0,100.0,manual,16900,Alcalá de Guadaíra,41500,Sevilla,Alcalá de Guadaíra
Ford,Transit Connect,Diésel,104272.0,100.0,manual,16900,Colonia Pablo Iglesias,28520,Madrid,Colonia Pablo Iglesias
Ford,Transit Connect,Diésel,104272.0,100.0,manual,16900,Torremolinos,29620,Málaga,Torremolinos
Ford,Transit Connect,Diésel,104272.0,100.0,manual,16900,Torremolinos,29620,Málaga,Torremolinos
Ford,Transit Connect,Diésel,104272.0,100.0,manual,16900,Torremolinos,29620,Málaga,Torremolinos
Ford,Transit Connect,Diésel,104272.0,100.0,manual,16900,Alameda del Obispo,14005,Córdoba,Alameda del Obispo
Ford,Transit Connect,Diésel,104272.0,100.0,manual,16900,Las Rozas de Madrid,28232,Madrid,Las Rozas de Madrid
Ford,Transit Connect,Diésel,104272.0,100.0,manual,16900,Getafe,28906,Madrid,Getafe
Ford,Tourneo Connect,Diésel,328000.0,90.0,manual,3790,Maliaño,39600,Cantabria,Maliaño
Peugeot,Bipper,Diésel,66900.0,75.0,manual,130,Algete,28110,Madrid,Algete
Peugeot,Bipper,Diésel,85802.0,80.0,manual,9990,Madrid,28021,Madrid,Madrid
Peugeot,Bipper,Diésel,85802.0,80.0,manual,9890,Madrid,28021,Madrid,Madrid
Peugeot,Bipper,Diésel,85802.0,80.0,manual,10290,Madrid,28021,Madrid,Madrid
Peugeot,Bipper,Diésel,161000.0,75.0,manual,6900,Barbera del Valles,8210,Barcelona,Barbera del Valles
Ford,EcoSport,Gasolina,38323.0,140.0,manual,18170,Santafe,18320,Granada,Santafe
Ford,EcoSport,Gasolina,38323.0,140.0,manual,18170,Zaragoza,50013,Zaragoza,Zaragoza
Ford,EcoSport,Gasolina,90237.0,140.0,manual,17800,Mercado Parque Corredor del Henares,28850,Madrid,Mercado Parque Corredor del Henares
Ford,EcoSport,Gasolina,90237.0,140.0,manual,17800,Santa Maria del Aguila,4710,Almería,Santa Maria del Aguila
Ford,EcoSport,Gasolina,90237.0,140.0,manual,17800,Alcalá de Guadaíra,41500,Sevilla,Alcalá de Guadaíra
Ford,EcoSport,Gasolina,90237.0,140.0,manual,17800,Mercabilbao,48970,Bizkaia,Mercabilbao
Ford,EcoSport,Gasolina,90237.0,140.0,manual,17800,Paterna,46980,Valencia,Paterna
Ford,EcoSport,Gasolina,38323.0,140.0,manual,18170,Paterna,46980,Valencia,Paterna
Ford,EcoSport,Gasolina,38323.0,140.0,manual,18170,Saladar,3700,Alicante,Saladar
Ford,EcoSport,Gasolina,38323.0,140.0,manual,18170,Puerto de Sagunto,46520,Valencia,Puerto de Sagunto
Ford,EcoSport,Gasolina,38323.0,140.0,manual,18170,Estepona,29680,Málaga,Estepona
Ford,EcoSport,Gasolina,38323.0,140.0,manual,18170,Badajoz,6008,Badajoz,Badajoz
Ford,EcoSport,Gasolina,90237.0,140.0,manual,17800,Valdepeñas,13300,Ciudad Real,Valdepeñas
Ford,EcoSport,Gasolina,90237.0,140.0,manual,17800,Valdepeñas,13300,Ciudad Real,Valdepeñas
Ford,EcoSport,Gasolina,38323.0,140.0,manual,18170,Valdepeñas,13300,Ciudad Real,Valdepeñas
Ford,EcoSport,Gasolina,38323.0,140.0,manual,18170,Valdepeñas,13300,Ciudad Real,Valdepeñas
Ford,Transit Courier,Diésel,29999.0,75.0,manual,15590,Urbanizacion La Granjilla,28700,Madrid,Urbanizacion La Granjilla
Ford,Transit Courier,Diésel,29999.0,75.0,manual,15590,Murcia,30005,Murcia,Murcia
Ford,Transit Courier,Diésel,29999.0,75.0,manual,15590,Collado Villalba,28400,Madrid,Collado Villalba
Ford,Transit Courier,Diésel,29999.0,75.0,manual,15590,Collado Villalba,28400,Madrid,Collado Villalba
Ford,Transit Courier,Diésel,29999.0,75.0,manual,15590,Villaviciosa de Odón,28670,Madrid,Villaviciosa de Odón
Ford,Transit Courier,Diésel,29999.0,75.0,manual,15590,Colonia Pablo Iglesias,28520,Madrid,Colonia Pablo Iglesias
Ford,Transit Courier,Diésel,49039.0,75.0,manual,220,Bormujos,41840,Sevilla,Bormujos
Ford,Transit Courier,Diésel,49039.0,75.0,manual,234,Bormujos,41840,Sevilla,Bormujos
Ford,Transit Courier,Diésel,72111.0,75.0,manual,14890,Madrid,28021,Madrid,Madrid
Ford,Transit Courier,Diésel,72111.0,75.0,manual,14290,Madrid,28021,Madrid,Madrid
Ford,Transit Courier,Diésel,47120.0,75.0,manual,12990,Sevilla,41005,Sevilla,Sevilla
Ford,Transit Courier,Diésel,47120.0,75.0,manual,12990,Alicante,3010,Alicante,Alicante
Ford,Transit Courier,Diésel,47120.0,75.0,manual,12990,Alicante,3010,Murcia,Alicante
Ford,Transit Courier,Diésel,47120.0,75.0,manual,12990,Bilbao,48004,Bizkaia,Bilbao
Ford,Transit Courier,Diésel,47120.0,75.0,manual,12990,Almería,4006,Almería,Almería
Ford,Transit Courier,Diésel,47120.0,75.0,manual,12990,Vigo,36211,Pontevedra,Vigo
Ford,Transit Courier,Diésel,47120.0,75.0,manual,12990,Granada,18005,Granada,Granada
Ford,Transit Courier,Diésel,47120.0,75.0,manual,12990,Urbanizacion La Granjilla,28700,Madrid,Urbanizacion La Granjilla
Ford,Transit Courier,Diésel,47120.0,75.0,manual,12990,Toledo,45002,Toledo,Toledo
Ford,Transit Courier,Diésel,47120.0,75.0,manual,12990,Collado Villalba,28400,Madrid,Collado Villalba
Ford,Transit Courier,Diésel,47120.0,75.0,manual,12990,Collado Villalba,28400,Madrid,Collado Villalba
Ford,Transit Courier,Diésel,47120.0,75.0,manual,12990,Málaga,29005,Málaga,Málaga
Ford,Transit Courier,Diésel,47120.0,75.0,manual,12990,Colonia Pablo Iglesias,28520,Madrid,Colonia Pablo Iglesias
Ford,Transit Courier,Diésel,47120.0,75.0,manual,12990,Las Rozas de Madrid,28232,Madrid,Las Rozas de Madrid
Ford,Transit Courier,Diésel,47120.0,75.0,manual,12990,Fuenlabrada,28947,Madrid,Fuenlabrada
Ford,Transit Courier,Diésel,47120.0,75.0,manual,12990,Villaviciosa de Odón,28670,Madrid,Villaviciosa de Odón
Ford,Transit Courier,Diésel,28124.0,100.0,manual,17500,Sant Vicenç de Montalt,8394,Barcelona,Sant Vicenç de Montalt
Ford,Transit Custom,Diésel,130500.0,130.0,manual,24290,Móstoles,28933,Madrid,Móstoles
Ford,Transit Custom,Diésel,126773.0,130.0,automatic,29900,Torremolinos,29620,Málaga,Torremolinos
Ford,Transit Custom,Diésel,126773.0,130.0,automatic,29900,Torremolinos,29620,Málaga,Torremolinos
Ford,Transit Custom,Diésel,126773.0,130.0,automatic,29900,Torremolinos,29620,Málaga,Torremolinos
Ford,Transit Custom,Diésel,68204.0,130.0,manual,27600,Alameda del Obispo,14005,Córdoba,Alameda del Obispo
Renault,Talisman,Diésel,49000.0,149.0,manual,240,Gandía,46701,Valencia,Gandía
Ford,Transit Custom,Diésel,112000.0,100.0,manual,15990,Palamós,17230,Girona,Palamós
Ford,Transit Custom,Diésel,55696.0,130.0,manual,25900,Arragua,20180,Gipuzkoa,Arragua
Ford,Transit Custom,Diésel,88006.0,125.0,manual,21896,Esplugues de Llobregat,8950,Barcelona,Esplugues de Llobregat
Ford,Transit Custom,Diésel,143381.0,105.0,manual,20950,Girona,17001,Girona,Girona
Ford,Transit Custom,Diésel,10171.0,130.0,manual,36800,Barcelona,8007,Barcelona,Barcelona
Ford,Transit Custom,Diésel,10171.0,130.0,manual,36800,Granollers,8403,Barcelona,Granollers
Ford,Transit Custom,Diésel,10171.0,130.0,manual,36800,Murcia,30003,Murcia,Murcia
Ford,Transit Custom,Diésel,10171.0,130.0,manual,36800,Saladar,3700,Alicante,Saladar
Ford,Transit Custom,Diésel,10171.0,130.0,manual,36800,Estepona,29680,Málaga,Estepona
Ford,Transit Custom,Diésel,10171.0,130.0,manual,36800,Valdepeñas,13300,Ciudad Real,Valdepeñas
Ford,Transit Custom,Diésel,10171.0,130.0,manual,36800,Valdepeñas,13300,Ciudad Real,Valdepeñas
Ford,Transit Custom,Diésel,10171.0,130.0,manual,36800,Santa Maria del Aguila,4710,Almería,Santa Maria del Aguila
Ford,Transit Custom,Diésel,10171.0,130.0,manual,36800,Badajoz,6008,Badajoz,Badajoz
Ford,Transit Custom,Diésel,10171.0,130.0,manual,36800,Olèrdola,8734,Barcelona,Olèrdola
Ford,Transit Custom,Diésel,10171.0,130.0,manual,36800,Olèrdola,8734,Barcelona,Olèrdola
Ford,Transit Custom,Diésel,10171.0,130.0,manual,36800,Santafe,18320,Granada,Santafe
Ford,Transit Custom,Diésel,10171.0,130.0,manual,36800,Santiago de Compostela,15703,A Coruña,Santiago de Compostela
Ford,Transit Custom,Diésel,10171.0,130.0,manual,36800,Vigo,36214,Pontevedra,Vigo
Peugeot,Bipper,Diésel,189000.0,75.0,manual,4990,Revilla de Camargo,39600,Cantabria,Revilla de Camargo
Ford,Fusion,Diésel,212989.0,68.0,manual,2990,Madrid,28046,Madrid,Madrid
Ford,Fusion,Diésel,212989.0,68.0,manual,2990,Las Rozas de Madrid,28232,Madrid,Las Rozas de Madrid
Ford,Fusion,Diésel,212989.0,68.0,manual,2990,Leganés,28916,Madrid,Leganés
Peugeot,Bipper,Diésel,125000.0,80.0,manual,9790,Llocnou de Sant Jeroni,46726,Valencia,Llocnou de Sant Jeroni
Peugeot,Bipper,Diésel,125000.0,80.0,manual,9790,Llocnou de Sant Jeroni,46726,Valencia,Llocnou de Sant Jeroni
Peugeot,Bipper,Diésel,125000.0,80.0,manual,9790,Llocnou de Sant Jeroni,46726,Valencia,Llocnou de Sant Jeroni
Peugeot,Bipper,Diésel,152000.0,75.0,manual,7500,Cáceres,10001,Cáceres,Cáceres
Ford,Kuga,Diésel,63000.0,149.0,manual,595,Madrid,28006,Madrid,Madrid
Ford,Kuga,Diésel,81000.0,149.0,manual,530,Valencia,46005,Valencia,Valencia
Ford,Kuga,Diésel,81000.0,149.0,manual,512,Valencia,46005,Valencia,Valencia
Ford,Kuga,Diésel,78000.0,149.0,manual,597,Madrid,28009,Madrid,Madrid
Ford,Kuga,Gasolina,57685.0,120.0,manual,13990,Almería,4006,Almería,Almería
Ford,Kuga,Gasolina,57685.0,120.0,manual,13990,Marbella,29601,Málaga,Marbella
Ford,Kuga,Gasolina,57685.0,120.0,manual,13990,Alicante,3010,Alicante,Alicante
Ford,Kuga,Gasolina,57685.0,120.0,manual,13990,Alicante,3010,Murcia,Alicante
Ford,Kuga,Gasolina,57685.0,120.0,manual,13990,Vigo,36211,Pontevedra,Vigo
Ford,Kuga,Gasolina,57685.0,120.0,manual,13990,Granada,18005,Granada,Granada
Ford,Kuga,Gasolina,57685.0,120.0,manual,13990,Murcia,30005,Murcia,Murcia
Ford,Kuga,Gasolina,57685.0,120.0,manual,13990,Bilbao,48004,Bizkaia,Bilbao
Ford,Kuga,Gasolina,57685.0,120.0,manual,13990,Algeciras,11202,Cádiz,Algeciras
Ford,Kuga,Diésel,63870.0,150.0,automatic,19900,Málaga,29015,Málaga,Málaga
Ford,Kuga,Gasolina,57685.0,120.0,manual,13990,Málaga,29005,Málaga,Málaga
Ford,Kuga,Gasolina,17900.0,150.0,manual,23290,Alicante,3010,Alicante,Alicante
Ford,Kuga,Gasolina,17900.0,150.0,manual,23290,Alicante,3010,Murcia,Alicante
Ford,Kuga,Diésel,106229.0,120.0,manual,16790,Granada,18005,Granada,Granada
Ford,Kuga,Gasolina,57007.0,150.0,automatic,15990,Granada,18005,Granada,Granada
Ford,Kuga,Gasolina,17900.0,150.0,manual,23290,Granada,18005,Granada,Granada
Peugeot,Bipper,Diésel,135000.0,75.0,manual,5990,Santander,39002,Cantabria,Santander
Ford,Mondeo,Diésel,79500.0,150.0,automatic,19970,Pinto,28320,Madrid,Pinto
Ford,Mondeo,Diésel,133928.0,150.0,manual,11990,Granada,18005,Granada,Granada
Peugeot,Bipper,Diésel,66.0,75.0,manual,9950,Toledo,45002,Toledo,Toledo
Ford,Explorer,Gasolina,177000.0,200.0,automatic,2950,Sant Joan les Fonts,17857,Girona,Sant Joan les Fonts
Ford,Explorer,Gasolina,97086.0,290.0,automatic,21490,Gandia,46701,Valencia,Gandia
Ford,Explorer,Gasolina,97086.0,290.0,automatic,21490,Granada,18005,Granada,Granada
Ford,Explorer,Gasolina,97086.0,290.0,automatic,21490,Murcia,30005,Murcia,Murcia
Ford,Explorer,Gasolina,97086.0,290.0,automatic,21490,Sevilla,41005,Sevilla,Sevilla
Ford,Explorer,Gasolina,97086.0,290.0,automatic,21490,Bilbao,48004,Bizkaia,Bilbao
Ford,Explorer,Gasolina,97086.0,290.0,automatic,21490,Palma de Mallorca,7003,Baleares,Palma de Mallorca
Ford,Explorer,Gasolina,97086.0,290.0,automatic,21490,Castellón,12001,Castellón,Castellón
Peugeot,Bipper,Diésel,81424.0,80.0,manual,10190,Madrid,28021,Madrid,Madrid
Peugeot,Bipper,Diésel,81424.0,80.0,manual,9690,Madrid,28021,Madrid,Madrid
Peugeot,Bipper,Diésel,81424.0,80.0,manual,9890,Madrid,28021,Madrid,Madrid
Ford,Ka,Gasolina,83000.0,69.0,manual,7990,Palma de Mallorca,7003,Baleares,Palma de Mallorca
Ford,Ka,Gasolina,108000.0,69.0,manual,4900,Artatza,48940,Bizkaia,Artatza
Ford,Ka,Gasolina,125000.0,69.0,manual,7295,Torrent,46900,Valencia,Torrent
Ford,Ka,Gasolina,32000.0,69.0,manual,4990,Valencia,46001,Valencia,Valencia
Ford,Ka,Diésel,25498.0,95.0,manual,12990,Madrid,28021,Madrid,Madrid
Ford,Ka,Diésel,25498.0,95.0,manual,12490,Madrid,28021,Madrid,Madrid
Ford,Ka,Gasolina,55236.0,70.0,manual,6999,Madrid,28014,Madrid,Madrid
Ford,Ka,Gasolina,55236.0,70.0,manual,6699,Madrid,28014,Madrid,Madrid
Ford,Ka,Gasolina,55236.0,70.0,manual,6999,Barcelona,8007,Barcelona,Barcelona
Ford,Ka,Gasolina,55236.0,70.0,manual,6699,Barcelona,8007,Barcelona,Barcelona
Ford,Ka,Gasolina,60465.0,69.0,manual,7995,L'Hospitalet de Llobregat,8901,Barcelona,L'Hospitalet de Llobregat
Ford,Ka,Gasolina,19648.0,69.0,manual,6990,Murcia,30005,Murcia,Murcia
Ford,Ka,Gasolina,19648.0,69.0,manual,6990,Vigo,36211,Pontevedra,Vigo
Mazda,CX-3,Diésel,108626.0,105.0,manual,15499,Barcelona,8007,Barcelona,Barcelona
Mazda,CX-3,Diésel,99463.0,105.0,automatic,13990,Sevilla,41005,Sevilla,Sevilla
Mazda,CX-3,Diésel,82107.0,115.0,manual,18900,Sevilla,41006,Sevilla,Sevilla
Mazda,CX-3,Diésel,82107.0,115.0,manual,18900,Dos Hermanas,41012,Sevilla,Dos Hermanas
Mazda,CX-3,Diésel,99463.0,105.0,automatic,13990,Málaga,29005,Málaga,Málaga
Mazda,CX-3,Gasolina,51048.0,121.0,automatic,20900,Fornells de la Selva,17458,Girona,Fornells de la Selva
Mazda,CX-3,Gasolina,42417.0,121.0,manual,21000,Santa Coloma de Gramenet,8921,Barcelona,Santa Coloma de Gramenet
Mazda,CX-3,Gasolina,50211.0,121.0,manual,20500,Fornells de la Selva,17458,Girona,Fornells de la Selva
Mazda,CX-3,Gasolina,76346.0,120.0,manual,17900,Fornells de la Selva,17458,Girona,Fornells de la Selva
Peugeot,208,Gasolina,38640.0,110.0,automatic,11990,Sevilla,41005,Sevilla,Sevilla
Peugeot,208,Diésel,27713.0,100.0,manual,12990,Murcia,30005,Murcia,Murcia
Mazda,CX-30,Gasolina,13168.0,122.0,manual,26990,Zaragoza,50013,Zaragoza,Zaragoza
Mazda,CX-30,Gasolina,64140.0,180.0,automatic,27200,Sant Vicenç de Montalt,8394,Barcelona,Sant Vicenç de Montalt
Mazda,CX-30,Gasolina,35750.0,180.0,manual,25995,Burgos,9007,Burgos,Burgos
Mazda,CX-30,Gasolina,64140.0,180.0,automatic,27200,Saladar,3700,Alicante,Saladar
Mazda,CX-30,Gasolina,64140.0,180.0,automatic,27200,Ciudad Real,13003,Ciudad Real,Ciudad Real
Mazda,CX-30,Gasolina,64140.0,180.0,automatic,27200,Badajoz,6008,Badajoz,Badajoz
Mazda,CX-30,Gasolina,64140.0,180.0,automatic,27200,Olèrdola,8734,Barcelona,Olèrdola
Mazda,CX-30,Gasolina,64140.0,180.0,automatic,27200,Olèrdola,8734,Barcelona,Olèrdola
Mazda,CX-30,Gasolina,64140.0,180.0,automatic,27200,Santa Maria del Aguila,4710,Almería,Santa Maria del Aguila
Mazda,CX-30,Gasolina,64140.0,180.0,automatic,27200,Puerto de Sagunto,46520,Valencia,Puerto de Sagunto
Mazda,CX-30,Gasolina,64140.0,180.0,automatic,27200,Zaragoza,50013,Zaragoza,Zaragoza
Mazda,CX-30,Gasolina,64140.0,180.0,automatic,27200,Atarrabia,31610,Navarra,Atarrabia
Mazda,CX-30,Gasolina,43589.0,122.0,manual,24955,Saladar,3700,Alicante,Saladar
Mazda,CX-30,Gasolina,43589.0,122.0,manual,24955,Badajoz,6008,Badajoz,Badajoz
Mazda,CX-30,Gasolina,43589.0,122.0,manual,24955,Barcelona,8007,Barcelona,Barcelona
Mazda,CX-30,Gasolina,64140.0,180.0,automatic,27200,Santiago de Compostela,15703,A Coruña,Santiago de Compostela
Mazda,CX-30,Gasolina,6782.0,180.0,manual,30975,Santa Coloma de Gramenet,8921,Barcelona,Santa Coloma de Gramenet
Mazda,CX-30,Gasolina,13168.0,122.0,manual,26990,Santafe,18320,Granada,Santafe
Mazda,CX-30,Gasolina,30061.0,180.0,automatic,28990,Valdepeñas,13300,Ciudad Real,Valdepeñas
Mazda,CX-30,Gasolina,30061.0,180.0,automatic,28990,Valdepeñas,13300,Ciudad Real,Valdepeñas
Mazda,CX-30,Gasolina,30061.0,180.0,automatic,28990,Santafe,18320,Granada,Santafe
Mazda,CX-30,Gasolina,30061.0,180.0,automatic,28990,Granollers,8403,Barcelona,Granollers
Mazda,CX-30,Gasolina,13168.0,122.0,manual,26990,Murcia,30003,Murcia,Murcia
Mazda,CX-30,Gasolina,30061.0,180.0,automatic,28990,Vigo,36214,Pontevedra,Vigo
Mazda,CX-30,Gasolina,30061.0,180.0,automatic,28990,Murcia,30003,Murcia,Murcia
Mazda,CX-30,Gasolina,30061.0,180.0,automatic,28990,Atarrabia,31610,Navarra,Atarrabia
Peugeot,208,Gasolina,65335.0,100.0,automatic,17990,Málaga,29005,Málaga,Málaga
Peugeot,208,Gasolina,38640.0,110.0,automatic,11990,Palma de Mallorca,7003,Baleares,Palma de Mallorca
Peugeot,208,Gasolina,29063.0,100.0,manual,15990,Palma de Mallorca,7003,Baleares,Palma de Mallorca
BMW,Serie 3,Diésel,140593.0,150.0,automatic,16990,Bilbao,48004,Bizkaia,Bilbao
BMW,Serie 3,Diésel,140593.0,150.0,automatic,15990,Bilbao,48004,Bizkaia,Bilbao
BMW,Serie 3,Diésel,140593.0,150.0,automatic,16990,Almería,4006,Almería,Almería
BMW,Serie 3,Diésel,140593.0,150.0,automatic,15990,Almería,4006,Almería,Almería
BMW,Serie 3,Diésel,140593.0,150.0,automatic,16990,Valencia,46001,Valencia,Valencia
BMW,Serie 3,Diésel,140593.0,150.0,automatic,15990,Valencia,46001,Valencia,Valencia
Mazda,CX-7,Diésel,162000.0,173.0,manual,8500,Badalona,8913,Barcelona,Badalona
Mazda,CX-7,Diésel,118746.0,173.0,manual,14450,Madrid,28045,Madrid,Madrid
Mazda,CX-7,Diésel,211839.0,173.0,manual,9890,Murcia,30005,Murcia,Murcia
Peugeot,208,Gasolina,38640.0,110.0,automatic,11990,Málaga,29005,Málaga,Málaga
Mazda,CX-7,Diésel,211839.0,173.0,manual,9890,Valencia,46001,Valencia,Valencia
Mazda,CX-7,Diésel,211839.0,173.0,manual,9890,Málaga,29005,Málaga,Málaga
Mazda,CX-7,Diésel,211839.0,173.0,manual,9890,Vigo,36211,Pontevedra,Vigo
Mazda,CX-7,Diésel,211839.0,173.0,manual,9890,Alicante,3010,Alicante,Alicante
Mazda,CX-7,Diésel,211839.0,173.0,manual,9890,Alicante,3010,Murcia,Alicante
Mazda,CX-7,Diésel,211839.0,173.0,manual,9890,Granada,18005,Granada,Granada
Mazda,CX-7,Diésel,211839.0,173.0,manual,9890,Palma de Mallorca,7003,Baleares,Palma de Mallorca
Mazda,CX-7,Diésel,211839.0,173.0,manual,9890,Castellón,12001,Castellón,Castellón
Mazda,CX-7,Diésel,280525.0,173.0,manual,6890,Almería,4006,Almería,Almería
Mazda,CX-7,Diésel,280525.0,173.0,manual,6890,Valencia,46001,Valencia,Valencia
Mazda,CX-7,Diésel,280525.0,173.0,manual,6890,Murcia,30005,Murcia,Murcia
Mazda,CX-7,Diésel,280525.0,173.0,manual,6890,Bilbao,48004,Bizkaia,Bilbao
Mazda,CX-7,Diésel,280525.0,173.0,manual,6890,Palma de Mallorca,7003,Baleares,Palma de Mallorca
Mazda,CX-7,Diésel,280525.0,173.0,manual,6890,Silla,46460,Valencia,Silla
Mazda,CX-7,Diésel,280525.0,173.0,manual,6890,Castellón,12001,Castellón,Castellón
Peugeot,208,Gasolina,26601.0,82.0,manual,12500,Sevilla,41006,Sevilla,Sevilla
Peugeot,208,Gasolina,22336.0,82.0,manual,12900,Sevilla,41006,Sevilla,Sevilla
Peugeot,208,Diésel,74044.0,99.0,manual,10990,Collado Villalba,28400,Madrid,Collado Villalba
Peugeot,208,Diésel,74044.0,99.0,manual,10990,Collado Villalba,28400,Madrid,Collado Villalba
Volvo,V40,Gasolina,32972.0,152.0,manual,21199,Madrid,28014,Madrid,Madrid
Volvo,V40,Diésel,80000.0,190.0,manual,502,Valencia,46005,Valencia,Valencia
Volvo,V40,Diésel,59000.0,119.0,manual,543,Barcelona,8009,Barcelona,Barcelona
Peugeot,208,Diésel,27713.0,100.0,manual,12990,Algeciras,11202,Cádiz,Algeciras
Volvo,V40,Diésel,99950.0,149.0,manual,491,Barcelona,8009,Barcelona,Barcelona
Volvo,V40,Diésel,112000.0,149.0,manual,473,Barcelona,8009,Barcelona,Barcelona
Volvo,V40,Diésel,154107.0,120.0,automatic,12990,Almería,4006,Almería,Almería
Volvo,V40,Diésel,154107.0,120.0,automatic,12990,Alicante,3010,Alicante,Alicante
Volvo,V40,Diésel,154107.0,120.0,automatic,12990,Alicante,3010,Murcia,Alicante
Volvo,V40,Diésel,154107.0,120.0,automatic,12990,Vigo,36211,Pontevedra,Vigo
Volvo,V40,Diésel,154107.0,120.0,automatic,12990,Ciudad Real,13005,Ciudad Real,Ciudad Real
Volvo,V40,Diésel,154107.0,120.0,automatic,12990,Murcia,30005,Murcia,Murcia
Volvo,V40,Diésel,154107.0,120.0,automatic,12990,Bilbao,48004,Bizkaia,Bilbao
Volvo,V40,Diésel,154107.0,120.0,automatic,12990,Badajoz,6003,Badajoz,Badajoz
Volvo,V40,Diésel,154107.0,120.0,automatic,12990,Jaén,23008,Jaén,Jaén
Volvo,V40,Diésel,59000.0,119.0,manual,483,Madrid,28006,Madrid,Madrid
Volvo,V40,Diésel,154107.0,120.0,automatic,12990,Sevilla,41005,Sevilla,Sevilla
Volvo,V40,Diésel,154107.0,120.0,automatic,12990,Valencia,46001,Valencia,Valencia
Volvo,V40,Diésel,154107.0,120.0,automatic,12990,Málaga,29005,Málaga,Málaga
Volvo,V40,Diésel,154107.0,120.0,automatic,12990,Sevilla,41017,Sevilla,Sevilla
Peugeot,208,Gasolina,26601.0,82.0,manual,12500,Dos Hermanas,41012,Sevilla,Dos Hermanas
Peugeot,208,Gasolina,38640.0,110.0,automatic,11990,Tarragona,43006,Tarragona,Tarragona
BMW,Serie 3,Diésel,140593.0,150.0,automatic,16990,Málaga,29005,Málaga,Málaga
BMW,Serie 3,Diésel,140593.0,150.0,automatic,15990,Málaga,29005,Málaga,Málaga
BMW,Serie 3,Diésel,140593.0,150.0,automatic,16990,Vigo,36211,Pontevedra,Vigo
BMW,Serie 3,Diésel,140593.0,150.0,automatic,15990,Vigo,36211,Pontevedra,Vigo
BMW,Serie 3,Diésel,140593.0,150.0,automatic,16990,Murcia,30005,Murcia,Murcia
BMW,Serie 3,Diésel,140593.0,150.0,automatic,15990,Murcia,30005,Murcia,Murcia
Mazda,2,Gasolina,134800.0,90.0,manual,11490,Valencia,46001,Valencia,Valencia
Mazda,2,Gasolina,188000.0,75.0,manual,3490,Fuenlabrada,28941,Madrid,Fuenlabrada
Mazda,2,Gasolina,45861.0,90.0,manual,12790,Murcia,30005,Murcia,Murcia
Mazda,2,Gasolina,134800.0,90.0,manual,11490,Bilbao,48004,Bizkaia,Bilbao
Mazda,2,Gasolina,45861.0,90.0,manual,12790,Sevilla,41005,Sevilla,Sevilla
Mazda,2,Gasolina,45861.0,90.0,manual,12790,Bilbao,48004,Bizkaia,Bilbao
Mazda,2,Gasolina,45861.0,90.0,manual,12790,Almería,4006,Almería,Almería
Mazda,2,Gasolina,45861.0,90.0,manual,12790,A Coruña,15005,A Coruña,A Coruña
Mazda,2,Gasolina,45861.0,90.0,manual,12790,Ourense,32001,Ourense,Ourense
Mazda,2,Gasolina,134800.0,90.0,manual,11490,Almería,4006,Almería,Almería
Mazda,2,Gasolina,63852.0,90.0,manual,12590,Palma de Mallorca,7003,Baleares,Palma de Mallorca
Mazda,2,Gasolina,134800.0,90.0,manual,11490,Málaga,29005,Málaga,Málaga
Mazda,2,Gasolina,74800.0,90.0,manual,10490,Móstoles,28932,Madrid,Móstoles
Mazda,2,Diésel,158000.0,75.0,manual,4490,Salamanca,37008,Salamanca,Salamanca
Mazda,2,Diésel,158000.0,75.0,manual,4490,Salamanca,37008,Salamanca,Salamanca
Mazda,2,Gasolina,70611.0,75.0,manual,8400,Elx/Elche,3204,Alicante,Elx/Elche
Mazda,2,Gasolina,28498.0,90.0,manual,14799,Madrid,28014,Madrid,Madrid
Mazda,2,Gasolina,102895.0,115.0,manual,11999,Madrid,28014,Madrid,Madrid
Mazda,2,Gasolina,102895.0,115.0,manual,11999,Barcelona,8007,Barcelona,Barcelona
Mazda,2,Diésel,99816.0,105.0,manual,10990,Palma de Mallorca,7003,Baleares,Palma de Mallorca
Mazda,2,Gasolina,97874.0,75.0,manual,6499,Alicante,3006,Alicante,Alicante
Mazda,2,Gasolina,38687.0,75.0,manual,12990,Collado Villalba,28400,Madrid,Collado Villalba
Mazda,2,Gasolina,38687.0,75.0,manual,12990,Collado Villalba,28400,Madrid,Collado Villalba
Mazda,2,Gasolina,38687.0,75.0,manual,12990,Toledo,45002,Toledo,Toledo
Mazda,2,Gasolina,38687.0,75.0,manual,12990,Las Rozas de Madrid,28232,Madrid,Las Rozas de Madrid
Mazda,2,Gasolina,38687.0,75.0,manual,12990,Fuenlabrada,28947,Madrid,Fuenlabrada
Mazda,MX-5,Gasolina,40049.0,160.0,manual,22999,Madrid,28014,Madrid,Madrid
Mazda,MX-5,Gasolina,16000.0,184.0,automatic,29850,Sant Cugat del Vallès,8172,Barcelona,Sant Cugat del Vallès
Mazda,MX-5,Gasolina,40049.0,160.0,manual,22999,Barcelona,8007,Barcelona,Barcelona
Mazda,MX-5,Gasolina,68425.0,126.0,manual,10990,Bonrepos I Mirambell,46131,Valencia,Bonrepos I Mirambell
Mazda,MX-5,Gasolina,68425.0,126.0,manual,10990,Bonrepos I Mirambell,46131,Valencia,Bonrepos I Mirambell
Mazda,MX-5,Gasolina,56000.0,184.0,manual,27245,San Fernando de Henares,28830,Madrid,San Fernando de Henares
Mazda,MX-5,Gasolina,48904.0,131.0,manual,21045,Alicante,3007,Alicante,Alicante
Mazda,MX-5,Gasolina,116753.0,146.0,manual,10990,Badajoz,6008,Badajoz,Badajoz
Mazda,MX-5,Gasolina,48904.0,131.0,manual,21045,Zaragoza,50013,Zaragoza,Zaragoza
Mazda,MX-5,Gasolina,48904.0,131.0,manual,21045,Mercado Parque Corredor del Henares,28850,Madrid,Mercado Parque Corredor del Henares
Mazda,MX-5,Gasolina,48904.0,131.0,manual,21045,Santa Maria del Aguila,4710,Almería,Santa Maria del Aguila
Mazda,MX-5,Gasolina,48904.0,131.0,manual,21045,Alcalá de Guadaíra,41500,Sevilla,Alcalá de Guadaíra
Mazda,MX-5,Gasolina,48904.0,131.0,manual,21045,Mercabilbao,48970,Bizkaia,Mercabilbao
Mazda,MX-5,Gasolina,48904.0,131.0,manual,21045,Paterna,46980,Valencia,Paterna
Mazda,MX-5,Gasolina,48904.0,131.0,manual,21045,Saladar,3700,Alicante,Saladar
Mazda,MX-5,Gasolina,48904.0,131.0,manual,21045,Estepona,29680,Málaga,Estepona
Mazda,MX-5,Gasolina,48904.0,131.0,manual,21045,Badajoz,6008,Badajoz,Badajoz
Mazda,MX-5,Gasolina,48904.0,131.0,manual,21045,Valdepeñas,13300,Ciudad Real,Valdepeñas
Mazda,MX-5,Gasolina,48904.0,131.0,manual,21045,Valdepeñas,13300,Ciudad Real,Valdepeñas
Mazda,MX-5,Gasolina,48904.0,131.0,manual,21045,Santafe,18320,Granada,Santafe
Mazda,MX-5,Gasolina,48904.0,131.0,manual,21045,Granollers,8403,Barcelona,Granollers
Mazda,MX-5,Gasolina,48904.0,131.0,manual,21045,Vigo,36214,Pontevedra,Vigo
Mazda,MX-5,Gasolina,48904.0,131.0,manual,21045,Atarrabia,31610,Navarra,Atarrabia
Mazda,MX-5,Gasolina,48904.0,131.0,manual,21045,Olèrdola,8734,Barcelona,Olèrdola
Mazda,MX-5,Gasolina,48904.0,131.0,manual,21045,Olèrdola,8734,Barcelona,Olèrdola
Mazda,MX-5,Gasolina,48904.0,131.0,manual,21045,Sant Vicenç de Montalt,8394,Barcelona,Sant Vicenç de Montalt
Mazda,MX-5,Gasolina,48904.0,131.0,manual,21045,Ciudad Real,13003,Ciudad Real,Ciudad Real
Mazda,MX-5,Gasolina,48904.0,131.0,manual,21045,Santiago de Compostela,15703,A Coruña,Santiago de Compostela
Mazda,6,Diésel,126989.0,150.0,automatic,15990,Sevilla,41005,Sevilla,Sevilla
Mazda,6,Diésel,126989.0,150.0,automatic,15490,Sevilla,41005,Sevilla,Sevilla
Mazda,6,Diésel,126989.0,150.0,automatic,15990,Vigo,36211,Pontevedra,Vigo
Mazda,6,Diésel,126989.0,150.0,automatic,15490,Vigo,36211,Pontevedra,Vigo
Mazda,6,Diésel,126989.0,150.0,automatic,15990,Alicante,3010,Alicante,Alicante
Mazda,6,Diésel,126989.0,150.0,automatic,15990,Alicante,3010,Murcia,Alicante
Mazda,6,Diésel,126989.0,150.0,automatic,15490,Alicante,3010,Alicante,Alicante
Mazda,6,Diésel,126989.0,150.0,automatic,15490,Alicante,3010,Murcia,Alicante
Mazda,6,Diésel,126989.0,150.0,automatic,15990,Granada,18005,Granada,Granada
Mazda,6,Diésel,126989.0,150.0,automatic,15490,Granada,18005,Granada,Granada
Mazda,6,Diésel,126989.0,150.0,automatic,15990,Málaga,29005,Málaga,Málaga
Mazda,6,Diésel,126989.0,150.0,automatic,15490,Málaga,29005,Málaga,Málaga
Fiat,Tipo,Diésel,90553.0,95.0,manual,10990,Madrid,28021,Madrid,Madrid
Fiat,Tipo,Gasolina,58379.0,95.0,manual,10999,Madrid,28014,Madrid,Madrid
Mazda,6,Gasolina,129000.0,166.0,manual,5900,Santa Coloma de Gramenet,8922,Barcelona,Santa Coloma de Gramenet
Mazda,6,Diésel,115000.0,149.0,manual,478,Valencia,46005,Valencia,Valencia
Mazda,6,Diésel,192827.0,150.0,manual,10990,Pamplona/Iruña,31001,Navarra,Pamplona/Iruña
Mazda,6,Diésel,98000.0,149.0,manual,463,Valencia,46005,Valencia,Valencia
Mazda,6,Diésel,99950.0,149.0,manual,523,Valencia,46005,Valencia,Valencia
Mazda,6,Diésel,99950.0,149.0,manual,253,Barcelona,8007,Barcelona,Barcelona
Mazda,6,Diésel,192827.0,150.0,manual,10990,Santander,39010,Cantabria,Santander
Peugeot,208,Gasolina,23999.0,130.0,automatic,22690,Esplugues de Llobregat,8950,Barcelona,Esplugues de Llobregat
Mazda,5,Diésel,202000.0,143.0,manual,5900,Celra,17460,Girona,Celra
Mazda,5,Diésel,133000.0,146.0,manual,7800,Berga,8600,Barcelona,Berga
Mazda,5,Diésel,184000.0,143.0,manual,5799,Fuengirola,29640,Málaga,Fuengirola
Mazda,5,Diésel,239000.0,110.0,manual,4750,Móstoles,28936,Madrid,Móstoles
Mazda,5,Diésel,129000.0,115.0,manual,12950,Ripollet,8291,Barcelona,Ripollet
Mazda,5,Diésel,129000.0,115.0,manual,13950,Esplugues de Llobregat,8950,Barcelona,Esplugues de Llobregat
MG,ZS,Gasolina,10400.0,111.0,automatic,18490,Alicante,3010,Alicante,Alicante
MG,ZS,Gasolina,10400.0,111.0,automatic,18490,Alicante,3010,Murcia,Alicante
MG,ZS,Gasolina,10400.0,111.0,automatic,18490,Almería,4006,Almería,Almería
MG,ZS,Gasolina,10400.0,111.0,automatic,18490,Sevilla,41005,Sevilla,Sevilla
Mazda,5,Diésel,140630.0,116.0,manual,13890,Gijón,33206,Asturias,Gijón
Mazda,5,Diésel,140630.0,116.0,manual,12690,Torrejón de Ardoz,28850,Madrid,Torrejón de Ardoz
Mazda,5,Diésel,153000.0,143.0,manual,5990,Granollers,8401,Barcelona,Granollers
Mazda,5,Gasolina,170000.0,150.0,manual,9490,Barcelona,8028,Barcelona,Barcelona
Peugeot,208,Diésel,79000.0,74.0,manual,164,Gandía,46701,Valencia,Gandía
Peugeot,208,Gasolina,150000.0,110.0,manual,7899,Sevilla,41007,Sevilla,Sevilla
Mazda,CX-5,Gasolina,81448.0,165.0,manual,16990,Alicante,3010,Alicante,Alicante
Mazda,CX-5,Gasolina,81448.0,165.0,manual,16990,Alicante,3010,Murcia,Alicante
Mazda,CX-5,Gasolina,81448.0,165.0,manual,16990,Bilbao,48004,Bizkaia,Bilbao
Mazda,CX-5,Diésel,148500.0,150.0,automatic,13990,Málaga,29005,Málaga,Málaga
Mazda,CX-5,Gasolina,81448.0,165.0,manual,16990,Palma de Mallorca,7003,Baleares,Palma de Mallorca
Mazda,CX-5,Gasolina,81448.0,165.0,manual,16990,Granada,18005,Granada,Granada
Mazda,CX-5,Gasolina,81448.0,165.0,manual,16990,Tarragona,43006,Tarragona,Tarragona
Mazda,CX-5,Diésel,117000.0,149.0,manual,16890,Barcelona,8007,Barcelona,Barcelona
Mazda,CX-5,Diésel,161089.0,150.0,manual,12650,Alameda del Obispo,14005,Córdoba,Alameda del Obispo
Mazda,CX-5,Diésel,161089.0,150.0,manual,12650,Mercabilbao,48970,Bizkaia,Mercabilbao
Mazda,CX-5,Diésel,161089.0,150.0,manual,12650,Castello/Castellon de La Plana,12100,Castellón,Castello/Castellon de La Plana
Mazda,CX-5,Diésel,161089.0,150.0,manual,12650,Badajoz,6008,Badajoz,Badajoz
Mazda,CX-5,Diésel,130516.0,150.0,manual,19790,Madrid,28021,Madrid,Madrid
Mazda,CX-5,Diésel,99990.0,194.0,automatic,20990,Málaga,29005,Málaga,Málaga
Mazda,CX-5,Diésel,99990.0,194.0,automatic,20490,Málaga,29005,Málaga,Málaga
Mazda,CX-5,Diésel,99990.0,194.0,automatic,20990,Colonia Pablo Iglesias,28520,Madrid,Colonia Pablo Iglesias
Mazda,CX-5,Diésel,99990.0,194.0,automatic,20490,Colonia Pablo Iglesias,28520,Madrid,Colonia Pablo Iglesias
Mitsubishi,L 200,Diésel,212000.0,136.0,manual,15490,Tordera,8490,Barcelona,Tordera
Mitsubishi,L 200,Diésel,83432.0,150.0,manual,24000,Albacete,2002,Albacete,Albacete
Mazda,CX-5,Diésel,99990.0,194.0,automatic,20990,Las Rozas de Madrid,28232,Madrid,Las Rozas de Madrid
Mazda,CX-5,Diésel,99990.0,194.0,automatic,20490,Las Rozas de Madrid,28232,Madrid,Las Rozas de Madrid
Mazda,CX-5,Diésel,99990.0,194.0,automatic,20990,Fuenlabrada,28947,Madrid,Fuenlabrada
Mazda,CX-5,Diésel,99990.0,194.0,automatic,20490,Fuenlabrada,28947,Madrid,Fuenlabrada
Mazda,CX-5,Diésel,99990.0,194.0,automatic,20990,Camarma de Esteruelas,28816,Madrid,Camarma de Esteruelas
Mazda,CX-5,Diésel,99990.0,194.0,automatic,20990,Camarma de Esteruelas,28816,Madrid,Camarma de Esteruelas
Mazda,CX-5,Diésel,99990.0,194.0,automatic,20490,Camarma de Esteruelas,28816,Madrid,Camarma de Esteruelas
Mazda,CX-5,Diésel,99990.0,194.0,automatic,20490,Camarma de Esteruelas,28816,Madrid,Camarma de Esteruelas
Mazda,CX-5,Diésel,99990.0,194.0,automatic,20990,Villaviciosa de Odón,28670,Madrid,Villaviciosa de Odón
Mazda,CX-5,Diésel,99990.0,194.0,automatic,20490,Villaviciosa de Odón,28670,Madrid,Villaviciosa de Odón
Mazda,CX-5,Gasolina,25880.0,165.0,automatic,27370,Castello/Castellon de La Plana,12100,Castellón,Castello/Castellon de La Plana
Mazda,CX-5,Gasolina,25880.0,165.0,automatic,27370,Torremolinos,29620,Málaga,Torremolinos
Mazda,CX-5,Gasolina,25880.0,165.0,automatic,27370,Torremolinos,29620,Málaga,Torremolinos
Mazda,CX-5,Gasolina,25880.0,165.0,automatic,27370,Torremolinos,29620,Málaga,Torremolinos
Mazda,CX-5,Gasolina,25880.0,165.0,automatic,27370,Collado Villalba,28400,Madrid,Collado Villalba
Mazda,CX-5,Gasolina,25880.0,165.0,automatic,27370,Collado Villalba,28400,Madrid,Collado Villalba
Mazda,CX-5,Gasolina,25880.0,165.0,automatic,27370,Colonia Pablo Iglesias,28520,Madrid,Colonia Pablo Iglesias
Mazda,CX-5,Gasolina,25880.0,165.0,automatic,27370,Santafe,18320,Granada,Santafe
Mazda,CX-5,Gasolina,25880.0,165.0,automatic,27370,Mercado Parque Corredor del Henares,28850,Madrid,Mercado Parque Corredor del Henares
Mazda,CX-5,Gasolina,25880.0,165.0,automatic,27370,Ciudad Real,13003,Ciudad Real,Ciudad Real
Mazda,CX-5,Gasolina,25880.0,165.0,automatic,27370,Estepona,29680,Málaga,Estepona
Mazda,CX-9,Gasolina,67468.0,273.0,automatic,20680,Mercabilbao,48970,Bizkaia,Mercabilbao
Mazda,CX-9,Gasolina,67468.0,273.0,automatic,20680,Torremolinos,29620,Málaga,Torremolinos
Mazda,CX-9,Gasolina,67468.0,273.0,automatic,20680,Torremolinos,29620,Málaga,Torremolinos
Mazda,CX-9,Gasolina,67468.0,273.0,automatic,20680,Torremolinos,29620,Málaga,Torremolinos
Peugeot,208,Gasolina,105323.0,68.0,manual,7500,Sant Fruitós de Bages,8272,Barcelona,Sant Fruitós de Bages
Peugeot,208,Gasolina,105323.0,68.0,manual,7900,Sant Fruitós de Bages,8272,Barcelona,Sant Fruitós de Bages
Peugeot,208,Gasolina,24390.0,100.0,manual,16318,Santa Maria del Aguila,4710,Almería,Santa Maria del Aguila
Peugeot,208,Gasolina,17775.0,208.0,manual,21200,Santa Maria del Aguila,4710,Almería,Santa Maria del Aguila
Peugeot,208,Gasolina,24390.0,100.0,manual,16318,Ciudad Real,13003,Ciudad Real,Ciudad Real
Peugeot,208,Gasolina,31380.0,110.0,manual,14835,Santiago de Compostela,15703,A Coruña,Santiago de Compostela
Peugeot,208,Gasolina,24390.0,100.0,manual,16318,Santiago de Compostela,15703,A Coruña,Santiago de Compostela
Peugeot,Rifter,Diésel,1207.0,130.0,manual,29500,Colonia Pablo Iglesias,28520,Madrid,Colonia Pablo Iglesias
Peugeot,Rifter,Diésel,1207.0,130.0,manual,29500,Alzira,46600,Valencia,Alzira
Peugeot,Rifter,Diésel,1207.0,130.0,manual,29500,Alzira,46600,Valencia,Alzira
Peugeot,Rifter,Diésel,1207.0,130.0,manual,29500,Zaragoza,50013,Zaragoza,Zaragoza
Peugeot,Rifter,Diésel,49796.0,75.0,manual,15165,Sevilla,41005,Sevilla,Sevilla
Peugeot,Rifter,Diésel,49796.0,75.0,manual,15165,Madrid,28014,Madrid,Madrid
Peugeot,Rifter,Diésel,65345.0,100.0,manual,18990,Madrid,28021,Madrid,Madrid
Peugeot,Rifter,Diésel,66459.0,100.0,manual,24139,Vigo,36214,Pontevedra,Vigo
Peugeot,Rifter,Diésel,49796.0,75.0,manual,15165,Badajoz,6008,Badajoz,Badajoz
Peugeot,Rifter,Diésel,49796.0,75.0,manual,15165,Cádiz,11006,Cádiz,Cádiz
Peugeot,Rifter,Diésel,66459.0,100.0,manual,24139,Colonia Pablo Iglesias,28520,Madrid,Colonia Pablo Iglesias
Peugeot,Rifter,Diésel,66459.0,100.0,manual,24139,Sant Vicenç de Montalt,8394,Barcelona,Sant Vicenç de Montalt
Peugeot,Rifter,Diésel,66459.0,100.0,manual,24139,Murcia,30003,Murcia,Murcia
Peugeot,Rifter,Diésel,66459.0,100.0,manual,24139,Granollers,8403,Barcelona,Granollers
Peugeot,Rifter,Diésel,66459.0,100.0,manual,24139,Valdepeñas,13300,Ciudad Real,Valdepeñas
Peugeot,Rifter,Diésel,66459.0,100.0,manual,24139,Valdepeñas,13300,Ciudad Real,Valdepeñas
Peugeot,Rifter,Diésel,60000.0,100.0,manual,22990,Bilbao,48004,Bizkaia,Bilbao
Peugeot,Rifter,Diésel,60000.0,100.0,manual,22990,Sevilla,41005,Sevilla,Sevilla
Peugeot,Rifter,Diésel,60000.0,100.0,manual,22990,Almería,4006,Almería,Almería
Peugeot,Rifter,Diésel,60000.0,100.0,manual,22990,Alicante,3010,Alicante,Alicante
Peugeot,Rifter,Diésel,60000.0,100.0,manual,22990,Alicante,3010,Murcia,Alicante
Peugeot,Rifter,Diésel,107918.0,100.0,manual,18285,Granollers,8403,Barcelona,Granollers
Peugeot,Rifter,Diésel,43106.0,130.0,manual,23575,Granollers,8403,Barcelona,Granollers
Peugeot,Rifter,Diésel,96567.0,100.0,manual,17990,Bilbao,48004,Bizkaia,Bilbao
Peugeot,Rifter,Diésel,51992.0,130.0,manual,28635,Granollers,8403,Barcelona,Granollers
Peugeot,Rifter,Diésel,107918.0,100.0,manual,18285,Vigo,36214,Pontevedra,Vigo
Peugeot,Rifter,Diésel,107918.0,100.0,manual,18285,Murcia,30003,Murcia,Murcia
Peugeot,Rifter,Diésel,107918.0,100.0,manual,18285,Atarrabia,31610,Navarra,Atarrabia
Peugeot,Rifter,Diésel,43106.0,130.0,manual,23575,Vigo,36214,Pontevedra,Vigo
Peugeot,Rifter,Diésel,43106.0,130.0,manual,23575,Atarrabia,31610,Navarra,Atarrabia
Peugeot,Rifter,Diésel,51992.0,130.0,manual,28635,Vigo,36214,Pontevedra,Vigo
Peugeot,Rifter,Diésel,51992.0,130.0,manual,28635,Murcia,30003,Murcia,Murcia
Peugeot,Rifter,Diésel,51992.0,130.0,manual,28635,Atarrabia,31610,Navarra,Atarrabia
Peugeot,Rifter,Diésel,107918.0,100.0,manual,18285,Olèrdola,8734,Barcelona,Olèrdola
Peugeot,Rifter,Diésel,107918.0,100.0,manual,18285,Olèrdola,8734,Barcelona,Olèrdola
Peugeot,208,Gasolina,109797.0,200.0,manual,14990,Madrid,28021,Madrid,Madrid
Peugeot,Boxer,Diésel,106000.0,130.0,manual,21890,Fuenlabrada,28943,Madrid,Fuenlabrada
Peugeot,Boxer,Diésel,159520.0,130.0,manual,17990,A Coruña,15001,A Coruña,A Coruña
Peugeot,Boxer,Diésel,90000.0,130.0,manual,22500,La Puebla de Alfindén,50171,Zaragoza,La Puebla de Alfindén
Peugeot,Boxer,Diésel,86638.0,130.0,manual,22988,Alcalá de Guadaíra,41500,Sevilla,Alcalá de Guadaíra
Peugeot,Boxer,Diésel,86638.0,130.0,manual,22988,Santiago de Compostela,15703,A Coruña,Santiago de Compostela
Peugeot,Boxer,Diésel,86638.0,130.0,manual,22988,Saladar,3700,Alicante,Saladar
Peugeot,Boxer,Diésel,86638.0,130.0,manual,22988,Vigo,36214,Pontevedra,Vigo
Peugeot,Boxer,Diésel,96000.0,140.0,manual,26900,Sant Boi de Llobregat,8830,Barcelona,Sant Boi de Llobregat
Peugeot,Boxer,Diésel,86638.0,130.0,manual,22988,Murcia,30003,Murcia,Murcia
Peugeot,Boxer,Diésel,38100.0,130.0,manual,30000,Sant Carles de La Rapita,43540,Tarragona,Sant Carles de La Rapita
Peugeot,Boxer,Diésel,185000.0,130.0,manual,18500,Pinto,28320,Madrid,Pinto
Peugeot,Boxer,Diésel,185000.0,130.0,manual,17900,Pinto,28320,Madrid,Pinto
Peugeot,Boxer,Diésel,169000.0,130.0,manual,19997,Santa Perpètua de Mogoda,8130,Barcelona,Santa Perpètua de Mogoda
Peugeot,Boxer,Diésel,61287.0,110.0,manual,16550,Barbera del Valles,8210,Barcelona,Barbera del Valles
Peugeot,Boxer,Diésel,97150.0,110.0,manual,20495,Alaquas,46970,Valencia,Alaquas
Porsche,Macan,Diésel,207000.0,250.0,automatic,38800,Madrid,28015,Madrid,Madrid
Peugeot,Traveller,Diésel,24468.0,120.0,manual,35800,Barcelona,8007,Barcelona,Barcelona
Peugeot,Traveller,Diésel,24468.0,120.0,manual,35800,Alcobendas,28100,Madrid,Alcobendas
Peugeot,Traveller,Diésel,24468.0,120.0,manual,35800,Hidraulica Santillana,28770,Madrid,Hidraulica Santillana
Peugeot,Traveller,Diésel,24468.0,120.0,manual,35800,Albacete,2001,Albacete,Albacete
Peugeot,Traveller,Diésel,24468.0,120.0,manual,35800,Alzira,46600,Valencia,Alzira
Peugeot,Traveller,Diésel,24468.0,120.0,manual,35800,Alzira,46600,Valencia,Alzira
Peugeot,Traveller,Diésel,24468.0,120.0,manual,35800,Castello/Castellon de La Plana,12100,Castellón,Castello/Castellon de La Plana
Peugeot,Traveller,Diésel,24468.0,120.0,manual,35800,Colonia Pablo Iglesias,28520,Madrid,Colonia Pablo Iglesias
Peugeot,Traveller,Diésel,24468.0,120.0,manual,35800,Las Rozas de Madrid,28232,Madrid,Las Rozas de Madrid
Peugeot,Traveller,Diésel,24468.0,120.0,manual,35800,Alameda del Obispo,14005,Córdoba,Alameda del Obispo
Peugeot,Traveller,Diésel,24468.0,120.0,manual,35800,Torremolinos,29620,Málaga,Torremolinos
Peugeot,Traveller,Diésel,24468.0,120.0,manual,35800,Torremolinos,29620,Málaga,Torremolinos
Peugeot,Traveller,Diésel,24468.0,120.0,manual,35800,Torremolinos,29620,Málaga,Torremolinos
Peugeot,Traveller,Diésel,43017.0,150.0,manual,34999,Barcelona,8007,Barcelona,Barcelona
Peugeot,Traveller,Diésel,24468.0,120.0,manual,35800,Puerto de Sagunto,46520,Valencia,Puerto de Sagunto
Peugeot,Traveller,Diésel,24468.0,120.0,manual,35800,Santafe,18320,Granada,Santafe
Peugeot,Traveller,Diésel,24468.0,120.0,manual,35800,Zaragoza,50013,Zaragoza,Zaragoza
Peugeot,Traveller,Diésel,24468.0,120.0,manual,35800,Atarrabia,31610,Navarra,Atarrabia
Peugeot,Traveller,Diésel,24468.0,120.0,manual,35800,Mercabilbao,48970,Bizkaia,Mercabilbao
Peugeot,Traveller,Diésel,24468.0,120.0,manual,35800,Alcalá de Guadaíra,41500,Sevilla,Alcalá de Guadaíra
Peugeot,Traveller,Diésel,24468.0,120.0,manual,35800,Getafe,28906,Madrid,Getafe
Peugeot,Traveller,Diésel,24468.0,120.0,manual,35800,Collado Villalba,28400,Madrid,Collado Villalba
Peugeot,Traveller,Diésel,24468.0,120.0,manual,35800,Collado Villalba,28400,Madrid,Collado Villalba
Peugeot,Traveller,Diésel,67289.0,150.0,manual,30935,Alcalá de Guadaíra,41500,Sevilla,Alcalá de Guadaíra
Peugeot,Traveller,Diésel,9990.0,120.0,manual,33990,Málaga,29005,Málaga,Málaga
Peugeot,Traveller,Diésel,67289.0,150.0,manual,30935,Santafe,18320,Granada,Santafe
Peugeot,Traveller,Diésel,67289.0,150.0,manual,30935,Mercabilbao,48970,Bizkaia,Mercabilbao
Peugeot,Traveller,Diésel,67289.0,150.0,manual,30935,Paterna,46980,Valencia,Paterna
Peugeot,Traveller,Diésel,67289.0,150.0,manual,30935,Zaragoza,50013,Zaragoza,Zaragoza
Peugeot,Traveller,Diésel,67289.0,150.0,manual,30935,Alcobendas,28100,Madrid,Alcobendas
Peugeot,Traveller,Diésel,67289.0,150.0,manual,30935,Albacete,2001,Albacete,Albacete
Peugeot,Traveller,Diésel,67289.0,150.0,manual,30935,Mercado Parque Corredor del Henares,28850,Madrid,Mercado Parque Corredor del Henares
Peugeot,Traveller,Diésel,67289.0,150.0,manual,30935,Granollers,8403,Barcelona,Granollers
Peugeot,Traveller,Diésel,67289.0,150.0,manual,30935,Sant Vicenç de Montalt,8394,Barcelona,Sant Vicenç de Montalt
Peugeot,Traveller,Diésel,67289.0,150.0,manual,30935,Alzira,46600,Valencia,Alzira
Peugeot,Traveller,Diésel,67289.0,150.0,manual,30935,Alzira,46600,Valencia,Alzira
Mitsubishi,Space Star,Gasolina,102829.0,80.0,manual,9290,Madrid,28021,Madrid,Madrid
Peugeot,508,Gasolina,29960.0,180.0,automatic,27800,Madrid,28013,Madrid,Madrid
Peugeot,508,Gasolina,29960.0,180.0,automatic,27800,Sant Cugat del Vallès,8172,Barcelona,Sant Cugat del Vallès
Peugeot,508,Gasolina,29960.0,180.0,automatic,27800,Móstoles,28931,Madrid,Móstoles
Peugeot,508,Diésel,170000.0,204.0,automatic,11400,Pinto,28320,Madrid,Pinto
Peugeot,508,Diésel,123000.0,120.0,manual,14999,Córdoba,14006,Córdoba,Córdoba
Peugeot,508,Diésel,45824.0,130.0,automatic,26990,Madrid,28021,Madrid,Madrid
Peugeot,508,Diésel,45824.0,130.0,automatic,27290,Madrid,28021,Madrid,Madrid
Peugeot,508,Diésel,137381.0,130.0,manual,16990,Bilbao,48004,Bizkaia,Bilbao
Peugeot,508,Diésel,137381.0,130.0,manual,15990,Bilbao,48004,Bizkaia,Bilbao
Peugeot,508,Diésel,137381.0,130.0,manual,16990,Sevilla,41005,Sevilla,Sevilla
Peugeot,508,Diésel,137381.0,130.0,manual,15990,Sevilla,41005,Sevilla,Sevilla
Peugeot,508,Diésel,137381.0,130.0,manual,16990,Vigo,36211,Pontevedra,Vigo
Peugeot,508,Diésel,137381.0,130.0,manual,15990,Vigo,36211,Pontevedra,Vigo
Peugeot,508,Diésel,137381.0,130.0,manual,16990,Alicante,3010,Alicante,Alicante
Peugeot,508,Diésel,137381.0,130.0,manual,16990,Alicante,3010,Murcia,Alicante
Peugeot,508,Diésel,137381.0,130.0,manual,15990,Alicante,3010,Alicante,Alicante
Peugeot,508,Diésel,137381.0,130.0,manual,15990,Alicante,3010,Murcia,Alicante
Peugeot,508,Diésel,27369.0,130.0,automatic,25990,Bilbao,48004,Bizkaia,Bilbao
Peugeot,508,Diésel,27369.0,130.0,automatic,25990,Sevilla,41005,Sevilla,Sevilla
Peugeot,508,Diésel,137381.0,130.0,manual,16990,Huelva,21004,Huelva,Huelva
Peugeot,508,Diésel,137381.0,130.0,manual,15990,Huelva,21004,Huelva,Huelva
Peugeot,508,Diésel,27369.0,130.0,automatic,25990,Almería,4006,Almería,Almería
Peugeot,508,Diésel,27369.0,130.0,automatic,25990,Vigo,36211,Pontevedra,Vigo
Peugeot,508,Diésel,27369.0,130.0,automatic,25990,Huelva,21004,Huelva,Huelva
Peugeot,508,Diésel,137381.0,130.0,manual,16990,Murcia,30005,Murcia,Murcia
Peugeot,508,Diésel,137381.0,130.0,manual,15990,Murcia,30005,Murcia,Murcia
Peugeot,508,Diésel,27369.0,130.0,automatic,25990,Murcia,30005,Murcia,Murcia
Peugeot,508,Diésel,137381.0,130.0,manual,16990,Málaga,29005,Málaga,Málaga
Peugeot,508,Diésel,137381.0,130.0,manual,15990,Málaga,29005,Málaga,Málaga
Peugeot,508,Diésel,137381.0,130.0,manual,16990,Valencia,46001,Valencia,Valencia
Peugeot,508,Diésel,137381.0,130.0,manual,15990,Valencia,46001,Valencia,Valencia
Peugeot,508,Diésel,27369.0,130.0,automatic,25990,Málaga,29005,Málaga,Málaga
Peugeot,508,Diésel,27369.0,130.0,automatic,25990,Valencia,46001,Valencia,Valencia
Peugeot,508,Diésel,137381.0,130.0,manual,16990,Badajoz,6003,Badajoz,Badajoz
Peugeot,508,Diésel,137381.0,130.0,manual,15990,Badajoz,6003,Badajoz,Badajoz
Peugeot,308,Diésel,114000.0,149.0,manual,455,Valencia,46005,Valencia,Valencia
Peugeot,308,Diésel,119000.0,130.0,manual,316,Madrid,28006,Madrid,Madrid
Peugeot,308,Diésel,133790.0,100.0,manual,10490,Madrid,28021,Madrid,Madrid
Peugeot,308,Diésel,133790.0,100.0,manual,10190,Madrid,28021,Madrid,Madrid
Peugeot,308,Diésel,143628.0,130.0,manual,14990,Madrid,28021,Madrid,Madrid
Peugeot,308,Diésel,143628.0,130.0,manual,14690,Madrid,28021,Madrid,Madrid
Peugeot,308,Diésel,147851.0,120.0,manual,12420,Valdepeñas,13300,Ciudad Real,Valdepeñas
Peugeot,308,Diésel,147851.0,120.0,manual,12420,Valdepeñas,13300,Ciudad Real,Valdepeñas
Peugeot,308,Diésel,147851.0,120.0,manual,12420,Estepona,29680,Málaga,Estepona
Peugeot,308,Diésel,147851.0,120.0,manual,12420,Santa Maria del Aguila,4710,Almería,Santa Maria del Aguila
Peugeot,308,Gasolina,98582.0,110.0,manual,10490,Málaga,29005,Málaga,Málaga
Peugeot,308,Diésel,147851.0,120.0,manual,12420,Alcobendas,28100,Madrid,Alcobendas
Peugeot,308,Diésel,147851.0,120.0,manual,12420,Alcalá de Guadaíra,41500,Sevilla,Alcalá de Guadaíra
Peugeot,308,Diésel,147851.0,120.0,manual,12420,Santafe,18320,Granada,Santafe
Peugeot,308,Diésel,147851.0,120.0,manual,12420,Collado Villalba,28400,Madrid,Collado Villalba
Peugeot,308,Diésel,147851.0,120.0,manual,12420,Collado Villalba,28400,Madrid,Collado Villalba
Peugeot,308,Diésel,147851.0,120.0,manual,12420,Colonia Pablo Iglesias,28520,Madrid,Colonia Pablo Iglesias
Peugeot,308,Diésel,147851.0,120.0,manual,12420,Albacete,2001,Albacete,Albacete
Peugeot,308,Diésel,147851.0,120.0,manual,12420,Alicante,3007,Alicante,Alicante
Peugeot,308,Diésel,94000.0,99.0,manual,309,Madrid,28006,Madrid,Madrid
Peugeot,308,Diésel,190000.0,90.0,manual,5990,Sevilla,41001,Sevilla,Sevilla
Peugeot,308,Diésel,165000.0,130.0,manual,13900,Sevilla,41001,Sevilla,Sevilla
Peugeot,308,Diésel,200000.0,111.0,manual,6500,Utrera,41710,Sevilla,Utrera
Peugeot,308,Diésel,185000.0,120.0,manual,7500,Tarragona,43005,Tarragona,Tarragona
Peugeot,308,Diésel,194350.0,92.0,manual,7350,Fuenlabrada,28945,Madrid,Fuenlabrada
Peugeot,106,Diésel,190000.0,58.0,manual,1200,Manises,46940,Valencia,Manises
Peugeot,Expert,Diésel,429000.0,90.0,manual,8390,Torres de la Alameda,28813,Madrid,Torres de la Alameda
Peugeot,Expert,Diésel,429000.0,90.0,manual,8390,Torres de la Alameda,28813,Madrid,Torres de la Alameda
Peugeot,Expert,Diésel,39338.0,120.0,manual,24900,Los Negrales,28430,Madrid,Los Negrales
Peugeot,Expert,Diésel,39338.0,120.0,manual,24900,Los Negrales,28430,Madrid,Los Negrales
Peugeot,Expert,Diésel,190000.0,125.0,manual,13500,L'Hospitalet de Llobregat,8901,Barcelona,L'Hospitalet de Llobregat
Peugeot,Expert,Diésel,18036.0,120.0,manual,29785,Ciudad Real,13003,Ciudad Real,Ciudad Real
Peugeot,Expert,Diésel,91000.0,120.0,manual,18857,Montcada i Reixac,8110,Barcelona,Montcada i Reixac
Peugeot,Expert,Diésel,82000.0,100.0,manual,20174,Montcada i Reixac,8110,Barcelona,Montcada i Reixac
Peugeot,Expert,Diésel,92181.0,95.0,manual,19990,Alzira,46600,Valencia,Alzira
Peugeot,Expert,Diésel,92181.0,95.0,manual,19990,Alzira,46600,Valencia,Alzira
Peugeot,Expert,Diésel,34500.0,115.0,manual,25990,Móstoles,28933,Madrid,Móstoles
Peugeot,Expert,Diésel,75000.0,150.0,manual,30990,Móstoles,28933,Madrid,Móstoles
Peugeot,Expert,Diésel,44000.0,120.0,manual,24490,Málaga,29005,Málaga,Málaga
Porsche,Cayman,Gasolina,149999.0,265.0,manual,29990,Daimiel,13250,Ciudad Real,Daimiel
Peugeot,e-208,Eléctrico,35891.0,136.0,automatic,29250,Granollers,8403,Barcelona,Granollers
Peugeot,e-208,Eléctrico,35891.0,136.0,automatic,29250,Saladar,3700,Alicante,Saladar
Peugeot,e-208,Eléctrico,35891.0,136.0,automatic,29250,Torremolinos,29620,Málaga,Torremolinos
Peugeot,e-208,Eléctrico,35891.0,136.0,automatic,29250,Torremolinos,29620,Málaga,Torremolinos
Peugeot,e-208,Eléctrico,35891.0,136.0,automatic,29250,Torremolinos,29620,Málaga,Torremolinos
Peugeot,e-208,Eléctrico,35891.0,136.0,automatic,29250,Murcia,30003,Murcia,Murcia
Peugeot,e-208,Eléctrico,35891.0,136.0,automatic,29250,Alcalá de Guadaíra,41500,Sevilla,Alcalá de Guadaíra
Peugeot,e-208,Eléctrico,35891.0,136.0,automatic,29250,Collado Villalba,28400,Madrid,Collado Villalba
Peugeot,e-208,Eléctrico,35891.0,136.0,automatic,29250,Collado Villalba,28400,Madrid,Collado Villalba
Mitsubishi,Lancer,Gasolina,315000.0,109.0,manual,3990,Granollers,8401,Barcelona,Granollers
Peugeot,1007,Gasolina,119000.0,75.0,manual,5300,Esplugues de Llobregat,8950,Barcelona,Esplugues de Llobregat
Peugeot,1007,Gasolina,160000.0,90.0,manual,3500,Esplugues de Llobregat,8950,Barcelona,Esplugues de Llobregat
Peugeot,1007,Gasolina,160000.0,90.0,manual,2800,Esplugues de Llobregat,8950,Barcelona,Esplugues de Llobregat
Peugeot,1007,Diésel,196000.0,70.0,manual,3000,Manlleu,8560,Barcelona,Manlleu
Peugeot,1007,Gasolina,90.0,90.0,manual,5590,Sabadell,8203,Barcelona,Sabadell
Peugeot,1007,Gasolina,126000.0,75.0,manual,3990,Granollers,8401,Barcelona,Granollers
Peugeot,1007,Diésel,295000.0,70.0,manual,2500,Bertamirans,15220,A Coruña,Bertamirans
Peugeot,Partner,Diésel,95009.0,100.0,manual,17990,Almería,4006,Almería,Almería
Peugeot,Partner,Diésel,95009.0,100.0,manual,17990,Vigo,36211,Pontevedra,Vigo
Peugeot,Partner,Diésel,95009.0,100.0,manual,17990,Murcia,30005,Murcia,Murcia
Peugeot,Partner,Diésel,95009.0,100.0,manual,17990,Jaén,23008,Jaén,Jaén
Peugeot,Partner,Diésel,95009.0,100.0,manual,17990,Bilbao,48004,Bizkaia,Bilbao
Mitsubishi,Outlander,Gasolina,111185.0,150.0,automatic,18299,Barcelona,8007,Barcelona,Barcelona
Mitsubishi,Outlander,Gasolina,111185.0,150.0,automatic,17699,Barcelona,8007,Barcelona,Barcelona
Mitsubishi,Outlander,Gasolina,111185.0,150.0,automatic,18299,Madrid,28014,Madrid,Madrid
Mitsubishi,Outlander,Gasolina,111185.0,150.0,automatic,17699,Madrid,28014,Madrid,Madrid
Peugeot,Partner,Diésel,95009.0,100.0,manual,17990,Málaga,29005,Málaga,Málaga
Peugeot,Partner,Diésel,94050.0,100.0,manual,11571,Guadalajara,19002,Guadalajara,Guadalajara
Nissan,Qashqai,Diésel,142261.0,130.0,manual,12200,Torremolinos,29620,Málaga,Torremolinos
Nissan,Qashqai,Diésel,142261.0,130.0,manual,12200,Torremolinos,29620,Málaga,Torremolinos
Nissan,Qashqai,Diésel,142261.0,130.0,manual,12200,Torremolinos,29620,Málaga,Torremolinos
Nissan,Qashqai,Diésel,142261.0,130.0,manual,12200,Murcia,30003,Murcia,Murcia
Peugeot,807,Diésel,182000.0,130.0,manual,5490,Elx/Elche,3296,Alicante,Elx/Elche
Peugeot,807,Diésel,150000.0,136.0,manual,12490,Alaquas,46970,Valencia,Alaquas
Peugeot,807,Diésel,213000.0,130.0,manual,3990,Navalcarnero,28600,Madrid,Navalcarnero
Peugeot,807,Diésel,218485.0,130.0,manual,2380,Madrid,28026,Madrid,Madrid
KIA,Sportage,Diésel,29972.0,115.0,manual,19990,Málaga,29005,Málaga,Málaga
KIA,Sportage,Diésel,29972.0,115.0,manual,19990,Valencia,46001,Valencia,Valencia
KIA,Sportage,Diésel,29972.0,115.0,manual,19990,Granada,18005,Granada,Granada
KIA,Sportage,Diésel,29972.0,115.0,manual,19990,Vigo,36211,Pontevedra,Vigo
KIA,Sportage,Diésel,29972.0,115.0,manual,19990,Urbanizacion La Granjilla,28700,Madrid,Urbanizacion La Granjilla
KIA,Sportage,Diésel,29972.0,115.0,manual,19990,Almería,4006,Almería,Almería
KIA,Sportage,Diésel,29972.0,115.0,manual,19990,Colonia Pablo Iglesias,28520,Madrid,Colonia Pablo Iglesias
KIA,Sportage,Diésel,29972.0,115.0,manual,19990,Fuenlabrada,28947,Madrid,Fuenlabrada
KIA,Sportage,Diésel,29972.0,115.0,manual,19990,Las Rozas de Madrid,28232,Madrid,Las Rozas de Madrid
KIA,Sportage,Diésel,29972.0,115.0,manual,19990,Villaviciosa de Odón,28670,Madrid,Villaviciosa de Odón
KIA,Sportage,Diésel,99260.0,115.0,manual,17900,Albacete,2002,Albacete,Albacete
KIA,Sportage,Diésel,138277.0,115.0,manual,14450,Ciudad Real,13003,Ciudad Real,Ciudad Real
KIA,Sportage,Diésel,138277.0,115.0,manual,14450,Murcia,30003,Murcia,Murcia
KIA,Sportage,Diésel,138277.0,115.0,manual,14450,Saladar,3700,Alicante,Saladar
KIA,Sportage,Diésel,138277.0,115.0,manual,14450,Alcalá de Guadaíra,41500,Sevilla,Alcalá de Guadaíra
KIA,Sportage,Diésel,138277.0,115.0,manual,14450,Santafe,18320,Granada,Santafe
KIA,Sportage,Diésel,138277.0,115.0,manual,14450,Castello/Castellon de La Plana,12100,Castellón,Castello/Castellon de La Plana
KIA,Sportage,Diésel,16122.0,136.0,automatic,26300,Madrid,28014,Madrid,Madrid
KIA,Sportage,Gasolina,9520.0,177.0,manual,28900,Madrid,28014,Madrid,Madrid
Porsche,Boxster,Gasolina,179900.0,252.0,manual,16990,Carretera de San Martin de La Vega,28320,Madrid,Carretera de San Martin de La Vega
KIA,Carens,Gasolina,90200.0,135.0,manual,12990,Valencia,46001,Valencia,Valencia
Porsche,Boxster,Gasolina,89216.0,228.0,manual,23490,Gijón,33206,Asturias,Gijón
KIA,Sportage,Gasolina,17170.0,230.0,automatic,30500,Madrid,28014,Madrid,Madrid
KIA,Sportage,Diésel,138277.0,115.0,manual,14450,Puerto de Sagunto,46520,Valencia,Puerto de Sagunto
KIA,Sportage,Diésel,138277.0,115.0,manual,14450,Albacete,2001,Albacete,Albacete
KIA,Sportage,Diésel,138277.0,115.0,manual,14450,Valdepeñas,13300,Ciudad Real,Valdepeñas
KIA,Sportage,Diésel,138277.0,115.0,manual,14450,Valdepeñas,13300,Ciudad Real,Valdepeñas
KIA,Sportage,Diésel,138277.0,115.0,manual,14450,Alameda del Obispo,14005,Córdoba,Alameda del Obispo
KIA,Sportage,Diésel,138277.0,115.0,manual,14450,Vigo,36214,Pontevedra,Vigo
KIA,Sportage,Diésel,138277.0,115.0,manual,14450,Alcobendas,28100,Madrid,Alcobendas
KIA,Sportage,Diésel,138277.0,115.0,manual,14450,Estepona,29680,Málaga,Estepona
KIA,Sportage,Diésel,138277.0,115.0,manual,14450,Zaragoza,50013,Zaragoza,Zaragoza
KIA,Sportage,Diésel,138277.0,115.0,manual,14450,Barcelona,8007,Barcelona,Barcelona
KIA,Sportage,Diésel,138277.0,115.0,manual,14450,Paterna,46980,Valencia,Paterna
KIA,Sportage,Gasolina,57089.0,132.0,manual,15490,Sevilla,41005,Sevilla,Sevilla
KIA,Sportage,Gasolina,57089.0,132.0,manual,15490,Alicante,3010,Alicante,Alicante
KIA,Sportage,Gasolina,57089.0,132.0,manual,15490,Alicante,3010,Murcia,Alicante
KIA,Sportage,Gasolina,57089.0,132.0,manual,15490,Almería,4006,Almería,Almería
KIA,Sportage,Eléctrico,13221.0,136.0,manual,24995,Barcelona,8030,Barcelona,Barcelona
Porsche,911,Gasolina,179900.0,355.0,automatic,39900,Poligono Fuente del Jarro,46988,Valencia,Poligono Fuente del Jarro
KIA,Sportage,Gasolina,57089.0,132.0,manual,15490,Granada,18005,Granada,Granada
KIA,Sportage,Gasolina,57089.0,132.0,manual,15490,Valencia,46001,Valencia,Valencia
KIA,Sportage,Gasolina,57089.0,132.0,manual,15490,Málaga,29005,Málaga,Málaga
KIA,Sportage,Gasolina,57089.0,132.0,manual,15490,Murcia,30005,Murcia,Murcia
KIA,Sportage,Gasolina,57089.0,132.0,manual,15490,Vigo,36211,Pontevedra,Vigo
KIA,Sportage,Gasolina,57089.0,132.0,manual,15490,Bilbao,48004,Bizkaia,Bilbao
Porsche,911,Gasolina,151000.0,300.0,automatic,27990,Marbella,29601,Málaga,Marbella
Porsche,911,Gasolina,109000.0,320.0,manual,37999,San Sebastián de Los Reyes,28703,Madrid,San Sebastián de Los Reyes
KIA,Sportage,Gasolina,57089.0,132.0,manual,15490,Donostia-San Sebastián,20006,Gipuzkoa,Donostia-San Sebastián
KIA,Sportage,Diésel,138277.0,115.0,manual,14450,Granollers,8403,Barcelona,Granollers
KIA,Sportage,Diésel,138277.0,115.0,manual,14450,Collado Villalba,28400,Madrid,Collado Villalba
KIA,Sportage,Diésel,138277.0,115.0,manual,14450,Collado Villalba,28400,Madrid,Collado Villalba
KIA,Sportage,Diésel,138277.0,115.0,manual,14450,Alzira,46600,Valencia,Alzira
KIA,Sportage,Diésel,138277.0,115.0,manual,14450,Alzira,46600,Valencia,Alzira
KIA,Sportage,Diésel,138277.0,115.0,manual,14450,Hidraulica Santillana,28770,Madrid,Hidraulica Santillana
KIA,Sportage,Diésel,138277.0,115.0,manual,14450,Alicante,3007,Alicante,Alicante
KIA,Sportage,Diésel,138277.0,115.0,manual,14450,Las Rozas de Madrid,28232,Madrid,Las Rozas de Madrid
KIA,Sportage,Diésel,138277.0,115.0,manual,14450,Torremolinos,29620,Málaga,Torremolinos
KIA,Sportage,Diésel,138277.0,115.0,manual,14450,Torremolinos,29620,Málaga,Torremolinos
KIA,Sportage,Diésel,138277.0,115.0,manual,14450,Torremolinos,29620,Málaga,Torremolinos
KIA,Sportage,Diésel,138277.0,115.0,manual,14450,Colonia Pablo Iglesias,28520,Madrid,Colonia Pablo Iglesias
Porsche,911,Gasolina,196150.0,150.0,manual,12924,Montgat,8390,Barcelona,Montgat
KIA,Sportage,Diésel,138277.0,115.0,manual,14450,Atarrabia,31610,Navarra,Atarrabia
KIA,Sportage,Diésel,138277.0,115.0,manual,14450,Mercabilbao,48970,Bizkaia,Mercabilbao
KIA,Sportage,Diésel,138277.0,115.0,manual,14450,Getafe,28906,Madrid,Getafe
KIA,Sportage,Diésel,109655.0,115.0,manual,19500,A Coruña,15001,A Coruña,A Coruña
KIA,Sportage,Diésel,109655.0,115.0,manual,19500,Vigo,36204,Pontevedra,Vigo
KIA,Sportage,Diésel,90000.0,115.0,manual,17490,Arbuio,48810,Bizkaia,Arbuio
KIA,Sportage,Gasolina,137113.0,135.0,manual,13000,Roquetas de Mar,4740,Almería,Roquetas de Mar
KIA,Sportage,Diésel,119990.0,115.0,manual,12580,Alicante,3010,Alicante,Alicante
KIA,Sportage,Diésel,119990.0,115.0,manual,12580,Alicante,3010,Murcia,Alicante
KIA,Sportage,Diésel,119990.0,115.0,manual,12580,Vigo,36211,Pontevedra,Vigo
KIA,Sportage,Diésel,119990.0,115.0,manual,12580,Granada,18005,Granada,Granada
KIA,Sportage,Diésel,119990.0,115.0,manual,12580,Málaga,29005,Málaga,Málaga
KIA,Sportage,Diésel,119990.0,115.0,manual,12580,Murcia,30005,Murcia,Murcia
KIA,Sportage,Diésel,119990.0,115.0,manual,12580,Sevilla,41005,Sevilla,Sevilla
KIA,Sportage,Diésel,119990.0,115.0,manual,12580,Valencia,46001,Valencia,Valencia
Porsche,Cayenne,Gasolina,173665.0,400.0,automatic,28500,Santafe,18320,Granada,Santafe
Porsche,Cayenne,Gasolina,173665.0,400.0,automatic,28500,Castello/Castellon de La Plana,12100,Castellón,Castello/Castellon de La Plana
Porsche,Cayenne,Gasolina,173665.0,400.0,automatic,28500,Olèrdola,8734,Barcelona,Olèrdola
Porsche,Cayenne,Gasolina,173665.0,400.0,automatic,28500,Olèrdola,8734,Barcelona,Olèrdola
Porsche,Cayenne,Gasolina,173665.0,400.0,automatic,28500,Mercado Parque Corredor del Henares,28850,Madrid,Mercado Parque Corredor del Henares
Porsche,Cayenne,Gasolina,173665.0,400.0,automatic,28500,Granollers,8403,Barcelona,Granollers
Porsche,Cayenne,Gasolina,173665.0,400.0,automatic,28500,Alzira,46600,Valencia,Alzira
Porsche,Cayenne,Gasolina,173665.0,400.0,automatic,28500,Alzira,46600,Valencia,Alzira
KIA,Sportage,Diésel,119990.0,115.0,manual,12580,Bilbao,48004,Bizkaia,Bilbao
KIA,Sportage,Diésel,119990.0,115.0,manual,12580,Almería,4006,Almería,Almería
Porsche,Cayenne,Gasolina,173665.0,400.0,automatic,28500,Mercabilbao,48970,Bizkaia,Mercabilbao
Porsche,Cayenne,Gasolina,173665.0,400.0,automatic,28500,Las Rozas de Madrid,28232,Madrid,Las Rozas de Madrid
Porsche,Cayenne,Gasolina,173665.0,400.0,automatic,28500,Valdepeñas,13300,Ciudad Real,Valdepeñas
Porsche,Cayenne,Gasolina,173665.0,400.0,automatic,28500,Valdepeñas,13300,Ciudad Real,Valdepeñas
KIA,Sportage,Diésel,119990.0,115.0,manual,12580,Oviedo,33003,Asturias,Oviedo
KIA,Sportage,Diésel,119990.0,115.0,manual,12580,Vilagarcía de Arousa,36600,Pontevedra,Vilagarcía de Arousa
KIA,Sportage,Diésel,119990.0,115.0,manual,12580,A Coruña,15005,A Coruña,A Coruña
KIA,Sportage,Gasolina,168346.0,132.0,manual,15800,Manzanares,13200,Ciudad Real,Manzanares
KIA,Sportage,Gasolina,180000.0,140.0,manual,5000,Lora del Río,41440,Sevilla,Lora del Río
KIA,Sportage,Gasolina,180000.0,140.0,manual,5000,Lora del Río,41440,Sevilla,Lora del Río
Porsche,Cayenne,Diésel,195000.0,262.0,automatic,34990,Sabadell,8201,Barcelona,Sabadell
Porsche,Cayenne,Diésel,195000.0,262.0,automatic,29990,Sabadell,8201,Barcelona,Sabadell
Porsche,Cayenne,Diésel,253108.0,240.0,automatic,17990,Alicante,3010,Alicante,Alicante
Porsche,Cayenne,Diésel,253108.0,240.0,automatic,17990,Alicante,3010,Murcia,Alicante
KIA,Sportage,Diésel,86000.0,115.0,manual,17990,Murcia,30005,Murcia,Murcia
KIA,Sportage,Diésel,86000.0,115.0,manual,17990,Vigo,36211,Pontevedra,Vigo
KIA,Sportage,Diésel,86000.0,115.0,manual,17990,Valencia,46001,Valencia,Valencia
Subaru,Impreza,Gasolina,84000.0,114.0,automatic,20850,La Canonja,43110,Tarragona,La Canonja
KIA,Sportage,Diésel,86000.0,115.0,manual,17990,Bilbao,48004,Bizkaia,Bilbao
KIA,Sportage,Diésel,86000.0,115.0,manual,17990,Fuenlabrada,28947,Madrid,Fuenlabrada
KIA,Sportage,Diésel,86000.0,115.0,manual,17990,Toledo,45002,Toledo,Toledo
KIA,Sportage,Diésel,86000.0,115.0,manual,17990,Colonia Pablo Iglesias,28520,Madrid,Colonia Pablo Iglesias
KIA,Sportage,Diésel,86000.0,115.0,manual,17990,Camarma de Esteruelas,28816,Madrid,Camarma de Esteruelas
KIA,Sportage,Diésel,86000.0,115.0,manual,17990,Camarma de Esteruelas,28816,Madrid,Camarma de Esteruelas
KIA,Sportage,Diésel,11217.0,136.0,manual,26900,Collado Villalba,28400,Madrid,Collado Villalba
KIA,Sportage,Diésel,11217.0,136.0,manual,26900,Collado Villalba,28400,Madrid,Collado Villalba
KIA,Sportage,Diésel,6403.0,136.0,manual,26900,Collado Villalba,28400,Madrid,Collado Villalba
KIA,Sportage,Diésel,6403.0,136.0,manual,26900,Collado Villalba,28400,Madrid,Collado Villalba
KIA,Sportage,Diésel,86000.0,115.0,manual,17990,Almería,4006,Almería,Almería
KIA,Sportage,Diésel,86000.0,115.0,manual,17990,Málaga,29005,Málaga,Málaga
KIA,Sportage,Diésel,86000.0,115.0,manual,17990,Alicante,3010,Alicante,Alicante
KIA,Sportage,Diésel,86000.0,115.0,manual,17990,Alicante,3010,Murcia,Alicante
KIA,Sportage,Diésel,86000.0,115.0,manual,17990,Granada,18005,Granada,Granada
KIA,Sportage,Diésel,86000.0,115.0,manual,17990,Urbanizacion La Granjilla,28700,Madrid,Urbanizacion La Granjilla
KIA,Sportage,Diésel,86000.0,115.0,manual,17990,Las Rozas de Madrid,28232,Madrid,Las Rozas de Madrid
KIA,Sportage,Diésel,86000.0,115.0,manual,17990,Sevilla,41005,Sevilla,Sevilla
Subaru,Outback,Diésel,141493.0,150.0,automatic,23500,Santa Maria del Aguila,4710,Almería,Santa Maria del Aguila
Subaru,Outback,Diésel,141493.0,150.0,automatic,23500,Sant Vicenç de Montalt,8394,Barcelona,Sant Vicenç de Montalt
Subaru,Outback,Diésel,170000.0,150.0,automatic,15950,Granada,18003,Granada,Granada
Subaru,Outback,Diésel,170000.0,150.0,automatic,15450,Granada,18003,Granada,Granada
Subaru,Outback,Diésel,210334.0,150.0,manual,11490,Gijón,33206,Asturias,Gijón
Subaru,Outback,Diésel,210334.0,150.0,manual,10950,Gijón,33206,Asturias,Gijón
Subaru,Outback,Gasolina,39731.0,175.0,automatic,27490,Bilbao,48004,Bizkaia,Bilbao
Subaru,Outback,Gasolina,39731.0,175.0,automatic,27490,Vigo,36211,Pontevedra,Vigo
Subaru,Outback,Gasolina,39731.0,175.0,automatic,27490,Murcia,30005,Murcia,Murcia
Subaru,Outback,Gasolina,39731.0,175.0,automatic,27490,Granada,18005,Granada,Granada
KIA,Sportage,Gasolina,51978.0,177.0,automatic,20990,Granada,18005,Granada,Granada
KIA,Sportage,Gasolina,51978.0,177.0,automatic,20990,Murcia,30005,Murcia,Murcia
KIA,Sportage,Gasolina,51978.0,177.0,automatic,20990,Bilbao,48004,Bizkaia,Bilbao
KIA,Sportage,Gasolina,51978.0,177.0,automatic,20990,Alicante,3010,Alicante,Alicante
KIA,Sportage,Gasolina,51978.0,177.0,automatic,20990,Alicante,3010,Murcia,Alicante
KIA,Sportage,Gasolina,51978.0,177.0,automatic,20990,Valencia,46001,Valencia,Valencia
KIA,Sportage,Gasolina,51978.0,177.0,automatic,20990,Algeciras,11202,Cádiz,Algeciras
KIA,Sportage,Gasolina,51978.0,177.0,automatic,20990,Sevilla,41005,Sevilla,Sevilla
KIA,Sportage,Gasolina,51978.0,177.0,automatic,20990,Vigo,36211,Pontevedra,Vigo
KIA,Sportage,Gasolina,51978.0,177.0,automatic,20990,Málaga,29005,Málaga,Málaga
KIA,Sportage,Gasolina,51978.0,177.0,automatic,20990,Almería,4006,Almería,Almería
KIA,Sportage,Gasolina,51978.0,177.0,automatic,20990,Estepona,29680,Málaga,Estepona
Subaru,XV,Gasolina,55007.0,115.0,automatic,22099,Madrid,28014,Madrid,Madrid
Subaru,XV,Gasolina,33374.0,156.0,automatic,23900,Pontevedra,36161,Pontevedra,Pontevedra
Subaru,XV,Gasolina,56963.0,156.0,automatic,22900,Pontevedra,36161,Pontevedra,Pontevedra
Subaru,XV,Gasolina,33374.0,156.0,automatic,23900,Molino de La Hoz,28290,Madrid,Molino de La Hoz
Subaru,XV,Gasolina,56963.0,156.0,automatic,22900,Molino de La Hoz,28290,Madrid,Molino de La Hoz
Subaru,XV,Gasolina,56963.0,156.0,automatic,22900,San Fernando de Henares,28830,Madrid,San Fernando de Henares
Subaru,XV,Gasolina,33374.0,156.0,automatic,23900,Fortiñon,15168,A Coruña,Fortiñon
Subaru,XV,Gasolina,33374.0,156.0,automatic,23900,Santiago de Compostela,15890,A Coruña,Santiago de Compostela
Subaru,XV,Gasolina,56963.0,156.0,automatic,22900,Fortiñon,15168,A Coruña,Fortiñon
KIA,Sportage,Diésel,140000.0,112.0,manual,6300,Madrid,28014,Madrid,Madrid
Subaru,XV,Gasolina,56963.0,156.0,automatic,22900,Santiago de Compostela,15890,A Coruña,Santiago de Compostela
Subaru,XV,Gasolina,56963.0,156.0,automatic,22900,Poligono Industrial San Fernando,28830,Madrid,Poligono Industrial San Fernando
Subaru,XV,Gasolina,56963.0,156.0,automatic,22900,A Coruña,15003,A Coruña,A Coruña
Subaru,XV,Gasolina,142694.0,114.0,manual,15890,Sant Boi de Llobregat,8830,Barcelona,Sant Boi de Llobregat
Subaru,XV,Gasolina,142694.0,114.0,manual,15890,Valencia,46002,Valencia,Valencia
Subaru,XV,Gasolina,78548.0,114.0,manual,16990,Gandia,46701,Valencia,Gandia
Subaru,XV,Gasolina,142694.0,114.0,manual,16890,Gijón,33206,Asturias,Gijón
Subaru,XV,Gasolina,142694.0,114.0,manual,15890,Torrejón de Ardoz,28850,Madrid,Torrejón de Ardoz
KIA,Sportage,Diésel,91000.0,115.0,manual,15900,Mataró,8301,Barcelona,Mataró
Subaru,XV,Gasolina,78548.0,114.0,manual,16990,Bilbao,48004,Bizkaia,Bilbao
Subaru,XV,Gasolina,78548.0,114.0,manual,16990,Murcia,30005,Murcia,Murcia
KIA,Sportage,Gasolina,50905.0,132.0,manual,17900,Sabadell,8201,Barcelona,Sabadell
KIA,Sportage,Gasolina,50905.0,132.0,manual,17900,Granollers,8401,Barcelona,Granollers
KIA,Sportage,Diésel,111030.0,115.0,manual,16490,Vilafranca del Penedès,8720,Barcelona,Vilafranca del Penedès
Subaru,XV,Gasolina,78548.0,114.0,manual,16990,Málaga,29005,Málaga,Málaga
Subaru,XV,Diésel,124297.0,147.0,manual,13690,Sevilla,41006,Sevilla,Sevilla
Subaru,XV,Gasolina,218000.0,114.0,manual,11990,Madrid,28037,Madrid,Madrid
KIA,Sportage,Diésel,46000.0,136.0,automatic,29900,Espinardo,30100,Murcia,Espinardo
KIA,Sportage,Diésel,46600.0,136.0,manual,24400,Alcalá de Henares,28807,Madrid,Alcalá de Henares
KIA,Sportage,Diésel,46600.0,136.0,manual,24400,Alcalá de Henares,28807,Madrid,Alcalá de Henares
Jaguar,S-Type,Diésel,200000.0,207.0,manual,3750,Los Combos,28938,Madrid,Los Combos
Subaru,XV,Diésel,124297.0,147.0,manual,13690,Sant Boi de Llobregat,8830,Barcelona,Sant Boi de Llobregat
Subaru,XV,Diésel,124297.0,147.0,manual,13690,Pamplona/Iruña,31003,Navarra,Pamplona/Iruña
Subaru,XV,Diésel,124297.0,147.0,manual,13690,Bacarot,3114,Alicante,Bacarot
Subaru,XV,Diésel,124297.0,147.0,manual,13690,Torrejón de Ardoz,28850,Madrid,Torrejón de Ardoz
Subaru,XV,Gasolina,57897.0,115.0,automatic,19490,Molins de Rei,8750,Barcelona,Molins de Rei
KIA,Sportage,Diésel,10492.0,115.0,manual,24700,Zaragoza,50013,Zaragoza,Zaragoza
KIA,Sportage,Diésel,10492.0,115.0,manual,24700,Estepona,29680,Málaga,Estepona
KIA,Sportage,Diésel,31029.0,136.0,manual,25500,Alzira,46600,Valencia,Alzira
KIA,Sportage,Diésel,31029.0,136.0,manual,25500,Alzira,46600,Valencia,Alzira
KIA,Sportage,Diésel,85000.0,115.0,manual,18700,Villena,3400,Alicante,Villena
KIA,Sportage,Diésel,60390.0,115.0,manual,20450,Sevilla,41006,Sevilla,Sevilla
KIA,Sportage,Diésel,105961.0,115.0,manual,19500,A Coruña,15001,A Coruña,A Coruña
KIA,Sportage,Diésel,105961.0,115.0,manual,19500,Vigo,36204,Pontevedra,Vigo
Suzuki,Vitara,Diésel,61882.0,120.0,manual,16390,Alameda del Obispo,14005,Córdoba,Alameda del Obispo
Suzuki,Vitara,Gasolina,60532.0,129.0,manual,20600,Valencia,46003,Valencia,Valencia
Suzuki,Vitara,Gasolina,132000.0,95.0,manual,3395,Almargen,29330,Málaga,Almargen
Suzuki,Vitara,Diésel,149500.0,75.0,manual,7250,Igualada,8700,Barcelona,Igualada
KIA,Sportage,Gasolina,57045.0,132.0,manual,21900,Madrid,28014,Madrid,Madrid
KIA,Sportage,Gasolina,57045.0,132.0,manual,21800,Madrid,28014,Madrid,Madrid
KIA,Sportage,Gasolina,74937.0,132.0,manual,25100,Madrid,28014,Madrid,Madrid
KIA,Sportage,Gasolina,109000.0,132.0,manual,15990,Castelldefels,8860,Barcelona,Castelldefels
Suzuki,Vitara,Diésel,61882.0,120.0,manual,16390,Santiago de Compostela,15703,A Coruña,Santiago de Compostela
Suzuki,Vitara,Diésel,61882.0,120.0,manual,16390,Sant Vicenç de Montalt,8394,Barcelona,Sant Vicenç de Montalt
Suzuki,Vitara,Diésel,61882.0,120.0,manual,16390,Ciudad Real,13003,Ciudad Real,Ciudad Real
Suzuki,Vitara,Diésel,61882.0,120.0,manual,16390,Santa Maria del Aguila,4710,Almería,Santa Maria del Aguila
Suzuki,Vitara,Diésel,61882.0,120.0,manual,16390,Vigo,36214,Pontevedra,Vigo
Suzuki,Vitara,Diésel,61882.0,120.0,manual,16390,Murcia,30003,Murcia,Murcia
Suzuki,Vitara,Diésel,61882.0,120.0,manual,16390,Saladar,3700,Alicante,Saladar
Suzuki,Vitara,Diésel,61882.0,120.0,manual,16390,Barcelona,8007,Barcelona,Barcelona
KIA,Sportage,Diésel,10492.0,115.0,manual,24700,Ciudad Real,13003,Ciudad Real,Ciudad Real
KIA,Sportage,Diésel,10492.0,115.0,manual,24700,Vigo,36214,Pontevedra,Vigo
KIA,Sportage,Gasolina,14200.0,132.0,manual,24900,Espinardo,30100,Murcia,Espinardo
KIA,Sportage,Diésel,45325.0,115.0,manual,22900,Alcalá de Henares,28807,Madrid,Alcalá de Henares
KIA,Sportage,Diésel,45325.0,115.0,manual,22900,Alcalá de Henares,28807,Madrid,Alcalá de Henares
KIA,Sportage,Diésel,10492.0,115.0,manual,24700,Castello/Castellon de La Plana,12100,Castellón,Castello/Castellon de La Plana
KIA,Sportage,Diésel,10492.0,115.0,manual,24700,Mercabilbao,48970,Bizkaia,Mercabilbao
KIA,Sportage,Diésel,10492.0,115.0,manual,24700,Granollers,8403,Barcelona,Granollers
KIA,Sportage,Diésel,10492.0,115.0,manual,24700,Saladar,3700,Alicante,Saladar
KIA,Sportage,Diésel,10492.0,115.0,manual,24700,Murcia,30003,Murcia,Murcia
KIA,Sportage,Diésel,10492.0,115.0,manual,24700,Hidraulica Santillana,28770,Madrid,Hidraulica Santillana
KIA,Sportage,Diésel,10492.0,115.0,manual,24700,Puerto de Sagunto,46520,Valencia,Puerto de Sagunto
KIA,Sportage,Diésel,10492.0,115.0,manual,24700,Paterna,46980,Valencia,Paterna
KIA,Sportage,Diésel,10492.0,115.0,manual,24700,Alzira,46600,Valencia,Alzira
KIA,Sportage,Diésel,10492.0,115.0,manual,24700,Alzira,46600,Valencia,Alzira
BMW,Serie 4,Diésel,202900.0,184.0,automatic,18900,Carretera de San Martin de La Vega,28320,Madrid,Carretera de San Martin de La Vega
Suzuki,Grand Vitara,Diésel,96842.0,129.0,manual,11900,Alcalá de Guadaíra,41500,Sevilla,Alcalá de Guadaíra
Suzuki,Grand Vitara,Diésel,96842.0,129.0,manual,11900,Puerto de Sagunto,46520,Valencia,Puerto de Sagunto
Suzuki,Grand Vitara,Diésel,96842.0,129.0,manual,11900,Paterna,46980,Valencia,Paterna
Suzuki,Grand Vitara,Diésel,96842.0,129.0,manual,11900,Badajoz,6008,Badajoz,Badajoz
Suzuki,Grand Vitara,Diésel,96842.0,129.0,manual,11900,Saladar,3700,Alicante,Saladar
Suzuki,Grand Vitara,Diésel,96842.0,129.0,manual,11900,Las Rozas de Madrid,28232,Madrid,Las Rozas de Madrid
KIA,Sportage,Diésel,10492.0,115.0,manual,24700,Alcobendas,28100,Madrid,Alcobendas
KIA,Sportage,Diésel,10492.0,115.0,manual,24700,Getafe,28906,Madrid,Getafe
KIA,Sportage,Diésel,10492.0,115.0,manual,24700,Collado Villalba,28400,Madrid,Collado Villalba
KIA,Sportage,Diésel,10492.0,115.0,manual,24700,Collado Villalba,28400,Madrid,Collado Villalba
Suzuki,Grand Vitara,Diésel,96842.0,129.0,manual,11900,Granollers,8403,Barcelona,Granollers
Suzuki,Grand Vitara,Diésel,96842.0,129.0,manual,11900,Colonia Pablo Iglesias,28520,Madrid,Colonia Pablo Iglesias
Suzuki,Grand Vitara,Diésel,96842.0,129.0,manual,11900,Santafe,18320,Granada,Santafe
KIA,Sportage,Diésel,10492.0,115.0,manual,24700,Barcelona,8007,Barcelona,Barcelona
KIA,Sportage,Diésel,10492.0,115.0,manual,24700,Atarrabia,31610,Navarra,Atarrabia
KIA,Sportage,Diésel,10492.0,115.0,manual,24700,Albacete,2001,Albacete,Albacete
Suzuki,Grand Vitara,Diésel,300000.0,129.0,manual,5999,Pinto,28320,Madrid,Pinto
Suzuki,Grand Vitara,Diésel,300000.0,129.0,manual,5990,Pinto,28320,Madrid,Pinto
KIA,Sportage,Diésel,10492.0,115.0,manual,24700,Torremolinos,29620,Málaga,Torremolinos
KIA,Sportage,Diésel,10492.0,115.0,manual,24700,Torremolinos,29620,Málaga,Torremolinos
KIA,Sportage,Diésel,10492.0,115.0,manual,24700,Torremolinos,29620,Málaga,Torremolinos
KIA,Sportage,Diésel,10492.0,115.0,manual,24700,Alicante,3007,Alicante,Alicante
KIA,Sportage,Diésel,10492.0,115.0,manual,24700,Colonia Pablo Iglesias,28520,Madrid,Colonia Pablo Iglesias
Suzuki,Grand Vitara,Diésel,96842.0,129.0,manual,11900,Barcelona,8007,Barcelona,Barcelona
Suzuki,Grand Vitara,Diésel,96842.0,129.0,manual,11900,Getafe,28906,Madrid,Getafe
Suzuki,Grand Vitara,Diésel,96842.0,129.0,manual,11900,Mercabilbao,48970,Bizkaia,Mercabilbao
KIA,Sportage,Diésel,10492.0,115.0,manual,24700,Valdepeñas,13300,Ciudad Real,Valdepeñas
KIA,Sportage,Diésel,10492.0,115.0,manual,24700,Valdepeñas,13300,Ciudad Real,Valdepeñas
KIA,Sportage,Diésel,10492.0,115.0,manual,24700,Santafe,18320,Granada,Santafe
Suzuki,Ignis,Gasolina,63954.0,90.0,manual,11990,Vigo,36211,Pontevedra,Vigo
Suzuki,Ignis,Gasolina,63954.0,90.0,manual,11990,Sevilla,41005,Sevilla,Sevilla
Suzuki,Ignis,Gasolina,63954.0,90.0,manual,11990,Málaga,29005,Málaga,Málaga
KIA,Sportage,Diésel,10492.0,115.0,manual,24700,Alameda del Obispo,14005,Córdoba,Alameda del Obispo
KIA,Sportage,Diésel,10492.0,115.0,manual,24700,Alcalá de Guadaíra,41500,Sevilla,Alcalá de Guadaíra
KIA,Sportage,Diésel,10492.0,115.0,manual,24700,Las Rozas de Madrid,28232,Madrid,Las Rozas de Madrid
Suzuki,Ignis,Gasolina,63954.0,90.0,manual,11990,Barrio Peral,30300,Murcia,Barrio Peral
Suzuki,Ignis,Gasolina,38700.0,90.0,manual,13990,Molins de Rei,8750,Barcelona,Molins de Rei
Suzuki,Ignis,Gasolina,21202.0,90.0,manual,13900,Mollet del Vallès,8100,Barcelona,Mollet del Vallès
KIA,Sportage,Diésel,188964.0,115.0,manual,13890,Bilbao,48004,Bizkaia,Bilbao
KIA,Sportage,Diésel,188964.0,115.0,manual,13890,Sevilla,41005,Sevilla,Sevilla
KIA,Sportage,Diésel,188964.0,115.0,manual,13890,Murcia,30005,Murcia,Murcia
KIA,Sportage,Diésel,188964.0,115.0,manual,13890,Vigo,36211,Pontevedra,Vigo
KIA,Sportage,Diésel,188964.0,115.0,manual,13890,Valencia,46001,Valencia,Valencia
KIA,Sportage,Diésel,188964.0,115.0,manual,13890,Málaga,29005,Málaga,Málaga
KIA,Sportage,Diésel,188964.0,115.0,manual,13890,Alicante,3010,Alicante,Alicante
KIA,Sportage,Diésel,188964.0,115.0,manual,13890,Alicante,3010,Murcia,Alicante
KIA,Sportage,Diésel,188964.0,115.0,manual,13890,Palma de Mallorca,7003,Baleares,Palma de Mallorca
Suzuki,Jimny,Gasolina,50359.0,85.0,manual,17135,Atarrabia,31610,Navarra,Atarrabia
Suzuki,Jimny,Gasolina,50359.0,85.0,manual,17135,Alcalá de Guadaíra,41500,Sevilla,Alcalá de Guadaíra
Suzuki,Jimny,Gasolina,50359.0,85.0,manual,17135,Zaragoza,50013,Zaragoza,Zaragoza
Suzuki,Jimny,Gasolina,50359.0,85.0,manual,17135,Santafe,18320,Granada,Santafe
Suzuki,Jimny,Gasolina,50359.0,85.0,manual,17135,Puerto de Sagunto,46520,Valencia,Puerto de Sagunto
Suzuki,Jimny,Gasolina,50359.0,85.0,manual,17135,Hidraulica Santillana,28770,Madrid,Hidraulica Santillana
Suzuki,Jimny,Gasolina,50359.0,85.0,manual,17135,Alcobendas,28100,Madrid,Alcobendas
KIA,Sportage,Diésel,188964.0,115.0,manual,13890,Granada,18005,Granada,Granada
KIA,Sportage,Diésel,188964.0,115.0,manual,13890,Elx/Elche,3201,Alicante,Elx/Elche
Suzuki,Jimny,Gasolina,17000.0,102.0,manual,25288,Alzira,46600,Valencia,Alzira
Suzuki,Jimny,Gasolina,17000.0,102.0,manual,25288,Alzira,46600,Valencia,Alzira
Suzuki,Jimny,Gasolina,17000.0,102.0,manual,25288,Castello/Castellon de La Plana,12100,Castellón,Castello/Castellon de La Plana
KIA,Sportage,Diésel,188964.0,115.0,manual,13890,Almería,4006,Almería,Almería
Suzuki,Jimny,Gasolina,17000.0,102.0,manual,25288,Alicante,3007,Alicante,Alicante
KIA,Sportage,Eléctrico,13460.0,136.0,manual,24995,Barcelona,8030,Barcelona,Barcelona
KIA,Sportage,Eléctrico,11937.0,136.0,manual,26945,Barcelona,8030,Barcelona,Barcelona
KIA,Sportage,Gasolina,78000.0,135.0,manual,14900,Zaragoza,50001,Zaragoza,Zaragoza
KIA,Sportage,Gasolina,78000.0,135.0,manual,13990,Zaragoza,50001,Zaragoza,Zaragoza
Suzuki,Jimny,Gasolina,17000.0,102.0,manual,25288,Santa Maria del Aguila,4710,Almería,Santa Maria del Aguila
Suzuki,Jimny,Gasolina,17000.0,102.0,manual,25288,Ciudad Real,13003,Ciudad Real,Ciudad Real
Suzuki,Jimny,Gasolina,17000.0,102.0,manual,25288,Alameda del Obispo,14005,Córdoba,Alameda del Obispo
Suzuki,Jimny,Gasolina,17000.0,102.0,manual,25288,Vigo,36214,Pontevedra,Vigo
Suzuki,Jimny,Gasolina,17000.0,102.0,manual,25288,Murcia,30003,Murcia,Murcia
Suzuki,Jimny,Gasolina,17000.0,102.0,manual,25288,Getafe,28906,Madrid,Getafe
Suzuki,Jimny,Gasolina,17000.0,102.0,manual,25288,Santiago de Compostela,15703,A Coruña,Santiago de Compostela
Suzuki,Jimny,Gasolina,17000.0,102.0,manual,25288,Las Rozas de Madrid,28232,Madrid,Las Rozas de Madrid
Suzuki,Jimny,Gasolina,17000.0,102.0,manual,25288,Badajoz,6008,Badajoz,Badajoz
Suzuki,Jimny,Gasolina,17000.0,102.0,manual,25288,Barcelona,8007,Barcelona,Barcelona
Toyota,Land Cruiser 150,Diésel,52000.0,177.0,automatic,39995,Sabadell,8201,Barcelona,Sabadell
Toyota,Land Cruiser 150,Diésel,119000.0,177.0,manual,35990,Paterna,46980,Valencia,Paterna
Toyota,Land Cruiser 150,Diésel,119000.0,177.0,manual,34990,Paterna,46980,Valencia,Paterna
Toyota,Land Cruiser 150,Diésel,171815.0,177.0,manual,28990,Aizoain,31195,Navarra,Aizoain
Toyota,Land Cruiser 150,Diésel,171815.0,177.0,manual,28990,Aizoain,31195,Navarra,Aizoain
Toyota,Land Cruiser 150,Diésel,70000.0,180.0,manual,39990,Utrera,41710,Sevilla,Utrera
KIA,Sportage,Gasolina,134000.0,132.0,manual,19999,Vega Santa Maria,23700,Jaén,Vega Santa Maria
Suzuki,Jimny,Gasolina,17000.0,102.0,manual,25288,Alcobendas,28100,Madrid,Alcobendas
Suzuki,Jimny,Gasolina,17000.0,102.0,manual,25288,Paterna,46980,Valencia,Paterna
Suzuki,Jimny,Gasolina,17000.0,102.0,manual,25288,Puerto de Sagunto,46520,Valencia,Puerto de Sagunto
Suzuki,Jimny,Gasolina,17000.0,102.0,manual,25288,Santafe,18320,Granada,Santafe
KIA,Carens,Diésel,167299.0,136.0,manual,9490,Bilbao,48004,Bizkaia,Bilbao
Suzuki,Jimny,Gasolina,17000.0,102.0,manual,25288,Alcalá de Guadaíra,41500,Sevilla,Alcalá de Guadaíra
Suzuki,Jimny,Gasolina,17000.0,102.0,manual,25288,Mercabilbao,48970,Bizkaia,Mercabilbao
KIA,Sportage,Diésel,10600.0,115.0,manual,20899,Castello/Castellon de La Plana,12100,Castellón,Castello/Castellon de La Plana
Suzuki,Jimny,Gasolina,99176.0,85.0,manual,11950,Leganés,28916,Madrid,Leganés
Suzuki,Jimny,Gasolina,127252.0,85.0,manual,11490,Madrid,28046,Madrid,Madrid
KIA,Sportage,Diésel,50000.0,115.0,manual,21900,Martos,23600,Jaén,Martos
KIA,Sportage,Gasolina,170000.0,135.0,manual,12999,Arbuio,48810,Bizkaia,Arbuio
KIA,Sportage,Diésel,82000.0,115.0,manual,23700,Gamarra Mayor,1013,Álava,Gamarra Mayor
KIA,Sportage,Gasolina,73000.0,135.0,manual,20999,Torrellano,3320,Alicante,Torrellano
KIA,Sportage,Diésel,19800.0,136.0,manual,34500,Espinardo,30100,Murcia,Espinardo
KIA,Sportage,Gasolina,102000.0,132.0,manual,18900,Casas Novas,36164,Pontevedra,Casas Novas
KIA,Sportage,Diésel,48500.0,115.0,manual,22990,Sant Boi de Llobregat,8830,Barcelona,Sant Boi de Llobregat
Volkswagen,Golf Sportsvan,Diésel,85305.0,110.0,manual,14990,Málaga,29005,Málaga,Málaga
KIA,Sportage,Eléctrico,15800.0,136.0,manual,24995,Barcelona,8030,Barcelona,Barcelona
Volkswagen,Golf Sportsvan,Gasolina,60354.0,110.0,manual,14680,Santa Maria del Aguila,4710,Almería,Santa Maria del Aguila
Volkswagen,Golf Sportsvan,Diésel,26839.0,110.0,manual,19550,Santa Maria del Aguila,4710,Almería,Santa Maria del Aguila
Volkswagen,Golf Sportsvan,Gasolina,60354.0,110.0,manual,14680,Sant Vicenç de Montalt,8394,Barcelona,Sant Vicenç de Montalt
Volkswagen,Golf Sportsvan,Diésel,26839.0,110.0,manual,19550,Sant Vicenç de Montalt,8394,Barcelona,Sant Vicenç de Montalt
Volkswagen,Golf Sportsvan,Gasolina,62500.0,110.0,manual,15490,L'Hospitalet de Llobregat,8901,Barcelona,L'Hospitalet de Llobregat
Volkswagen,Golf Sportsvan,Gasolina,60354.0,110.0,manual,14680,Hidraulica Santillana,28770,Madrid,Hidraulica Santillana
KIA,Sportage,Gasolina,110000.0,135.0,manual,12900,Manresa,8240,Barcelona,Manresa
Volkswagen,Golf Sportsvan,Gasolina,60354.0,110.0,manual,14680,Vigo,36214,Pontevedra,Vigo
Volkswagen,Golf Sportsvan,Gasolina,60354.0,110.0,manual,14680,Barcelona,8007,Barcelona,Barcelona
KIA,Sportage,Diésel,118000.0,115.0,manual,18490,Almonte,21730,Huelva,Almonte
KIA,Sportage,Diésel,71016.0,150.0,manual,9800,Rivas Vaciamadrid,28521,Madrid,Rivas Vaciamadrid
Volkswagen,Golf Sportsvan,Gasolina,60354.0,110.0,manual,14680,Santafe,18320,Granada,Santafe
Volkswagen,Golf Sportsvan,Gasolina,60354.0,110.0,manual,14680,Getafe,28906,Madrid,Getafe
Volkswagen,Golf Sportsvan,Gasolina,60354.0,110.0,manual,14680,Valdepeñas,13300,Ciudad Real,Valdepeñas
Volkswagen,Golf Sportsvan,Gasolina,60354.0,110.0,manual,14680,Valdepeñas,13300,Ciudad Real,Valdepeñas
KIA,Sportage,Eléctrico,3000.0,230.0,automatic,38500,Les Borges Blanques,25400,Lleida,Les Borges Blanques
Volkswagen,Golf Sportsvan,Gasolina,60354.0,110.0,manual,14680,Puerto de Sagunto,46520,Valencia,Puerto de Sagunto
Volkswagen,Golf Sportsvan,Gasolina,60354.0,110.0,manual,14680,Santiago de Compostela,15703,A Coruña,Santiago de Compostela
KIA,Sportage,Diésel,36300.0,136.0,manual,26300,Espinardo,30100,Murcia,Espinardo
KIA,Sportage,Diésel,18600.0,136.0,manual,26700,Espinardo,30100,Murcia,Espinardo
Volkswagen,Golf Sportsvan,Gasolina,60354.0,110.0,manual,14680,Ciudad Real,13003,Ciudad Real,Ciudad Real
Volkswagen,Golf Sportsvan,Gasolina,31798.0,150.0,automatic,24350,Huesca,22003,Huesca,Huesca
Volkswagen,Golf Sportsvan,Diésel,81324.0,150.0,automatic,15890,Gijón,33206,Asturias,Gijón
Volkswagen,Golf Sportsvan,Diésel,105912.0,116.0,manual,15950,Gijón,33206,Asturias,Gijón
Volkswagen,Golf Sportsvan,Diésel,124000.0,150.0,manual,14890,Gijón,33206,Asturias,Gijón
Volkswagen,Golf Sportsvan,Diésel,81324.0,150.0,automatic,14890,Valencia,46002,Valencia,Valencia
Volkswagen,Golf Sportsvan,Diésel,81324.0,150.0,automatic,14890,Sevilla,41006,Sevilla,Sevilla
Volkswagen,Golf Sportsvan,Diésel,81324.0,150.0,automatic,14890,Torrejón de Ardoz,28850,Madrid,Torrejón de Ardoz
KIA,Sportage,Diésel,45522.0,116.0,manual,23800,Campillos,29320,Málaga,Campillos
KIA,Sportage,Diésel,130000.0,184.0,automatic,15990,Parla,28980,Madrid,Parla
Volkswagen,Golf Sportsvan,Gasolina,73859.0,110.0,manual,15900,Fortiñon,15168,A Coruña,Fortiñon
Volkswagen,Golf Sportsvan,Gasolina,73859.0,110.0,manual,15900,Santiago de Compostela,15890,A Coruña,Santiago de Compostela
Volkswagen,Golf Sportsvan,Gasolina,73859.0,110.0,manual,15900,A Coruña,15003,A Coruña,A Coruña
Volkswagen,Golf Sportsvan,Gasolina,73859.0,110.0,manual,15900,Molino de La Hoz,28290,Madrid,Molino de La Hoz
Volkswagen,Golf Sportsvan,Gasolina,73859.0,110.0,manual,15900,Pontevedra,36161,Pontevedra,Pontevedra
Volkswagen,Golf Sportsvan,Gasolina,73859.0,110.0,manual,15900,Poligono Industrial San Fernando,28830,Madrid,Poligono Industrial San Fernando
Volkswagen,Golf Sportsvan,Gasolina,115354.0,130.0,manual,19780,Hidraulica Santillana,28770,Madrid,Hidraulica Santillana
Volkswagen,Golf Sportsvan,Gasolina,115354.0,130.0,manual,19780,Mercabilbao,48970,Bizkaia,Mercabilbao
KIA,Sportage,Diésel,125000.0,115.0,manual,17990,Oseiro,15141,A Coruña,Oseiro
KIA,Sportage,Eléctrico,17813.0,136.0,manual,24995,Barcelona,8030,Barcelona,Barcelona
KIA,Sportage,Diésel,56152.0,115.0,manual,21900,Benicarló,12580,Castellón,Benicarló
KIA,Sportage,Diésel,125000.0,140.0,manual,9000,Igualada,8700,Barcelona,Igualada
KIA,Sportage,Diésel,125000.0,140.0,manual,9000,Barcelona,8036,Barcelona,Barcelona
KIA,Sportage,Eléctrico,22500.0,115.0,manual,26900,Sabadell,8201,Barcelona,Sabadell
KIA,Sportage,Gasolina,85000.0,136.0,manual,20900,Manresa,8242,Barcelona,Manresa
Volkswagen,Tiguan Allspace,Diésel,113000.0,149.0,manual,27950,Terrassa,8223,Barcelona,Terrassa
Volkswagen,Tiguan Allspace,Diésel,113000.0,149.0,manual,27950,Valdefuentes,28939,Madrid,Valdefuentes
Volkswagen,Tiguan Allspace,Diésel,113000.0,149.0,manual,27950,Valdefuentes,28939,Madrid,Valdefuentes
Volkswagen,Tiguan Allspace,Diésel,113000.0,149.0,manual,27950,Burjassot,46100,Valencia,Burjassot
Toyota,Land Cruiser 150,Diésel,140000.0,177.0,manual,25500,Mérida,6800,Badajoz,Mérida
Volkswagen,Jetta,Diésel,108981.0,110.0,manual,8990,Valencia,46001,Valencia,Valencia
KIA,Sportage,Diésel,109922.0,141.0,automatic,18900,Donostia-San Sebastián,20005,Gipuzkoa,Donostia-San Sebastián
KIA,Sportage,Diésel,177000.0,115.0,manual,16900,Don Benito,6400,Badajoz,Don Benito
KIA,Sportage,Diésel,133628.0,115.0,manual,15900,Donostia-San Sebastián,20005,Gipuzkoa,Donostia-San Sebastián
KIA,Sportage,Diésel,142692.0,115.0,automatic,18500,Donostia-San Sebastián,20005,Gipuzkoa,Donostia-San Sebastián
KIA,Sportage,Diésel,112612.0,141.0,automatic,19900,Donostia-San Sebastián,20005,Gipuzkoa,Donostia-San Sebastián
KIA,Sportage,Diésel,104874.0,141.0,automatic,21900,Donostia-San Sebastián,20005,Gipuzkoa,Donostia-San Sebastián
Volkswagen,Jetta,Diésel,108981.0,110.0,manual,8990,Sevilla,41005,Sevilla,Sevilla
KIA,Sportage,Diésel,83853.0,115.0,manual,17950,Madrid,28045,Madrid,Madrid
Volkswagen,Jetta,Diésel,300000.0,140.0,automatic,3999,Alcobendas,28100,Madrid,Alcobendas
KIA,Sportage,Diésel,49397.0,115.0,manual,14950,Madrid,28045,Madrid,Madrid
Volkswagen,Jetta,Diésel,220000.0,105.0,manual,5499,El Cigarral,29120,Málaga,El Cigarral
KIA,Sportage,Diésel,190000.0,141.0,automatic,15990,Ciudad Real,13001,Ciudad Real,Ciudad Real
KIA,Sportage,Diésel,149000.0,141.0,automatic,18900,Puebla de la Calzada,6490,Badajoz,Puebla de la Calzada
KIA,Sportage,Diésel,149582.0,136.0,manual,16999,Sabadell,8204,Barcelona,Sabadell
KIA,Sportage,Diésel,38884.0,136.0,manual,23900,Manacor,7500,Baleares,Manacor
Renault,Express Van,Diésel,15900.0,75.0,manual,18450,Móstoles,28938,Madrid,Móstoles
Volkswagen,Passat,Gasolina,141000.0,160.0,manual,9990,Sevilla,41005,Sevilla,Sevilla
Galloper,Exceed,Diésel,290000.0,105.0,manual,3000,Guardiola de Berguedà,8694,Barcelona,Guardiola de Berguedà
Galloper,Exceed,Diésel,290000.0,105.0,manual,3000,Guardiola de Berguedà,8694,Barcelona,Guardiola de Berguedà
Galloper,Exceed,Diésel,290000.0,105.0,manual,3150,Guardiola de Berguedà,8694,Barcelona,Guardiola de Berguedà
Galloper,Exceed,Diésel,290000.0,105.0,manual,3150,Guardiola de Berguedà,8694,Barcelona,Guardiola de Berguedà
Volkswagen,Passat,Gasolina,141000.0,160.0,manual,9990,Alicante,3010,Alicante,Alicante
Volkswagen,Passat,Gasolina,141000.0,160.0,manual,9990,Alicante,3010,Murcia,Alicante
Volkswagen,Passat,Gasolina,141000.0,160.0,manual,9990,Almería,4006,Almería,Almería
Volkswagen,Passat,Gasolina,141000.0,160.0,manual,9990,Vigo,36211,Pontevedra,Vigo
Volkswagen,Passat,Gasolina,141000.0,160.0,manual,9990,Granada,18005,Granada,Granada
Volkswagen,Passat,Gasolina,141000.0,160.0,manual,9990,Murcia,30005,Murcia,Murcia
Renault,Arkana,Eléctrico,4155.0,145.0,automatic,28466,Madrid,28009,Madrid,Madrid
Renault,Arkana,Eléctrico,4155.0,145.0,automatic,28466,Alcalá de Guadaíra,41500,Sevilla,Alcalá de Guadaíra
Renault,Arkana,Eléctrico,4155.0,145.0,automatic,28466,Málaga,29004,Málaga,Málaga
Volkswagen,Passat,Gasolina,141000.0,160.0,manual,9990,Castellón,12001,Castellón,Castellón
BMW,Serie 4,Diésel,119500.0,184.0,automatic,17990,Barrio Peral,30300,Murcia,Barrio Peral
Volkswagen,Passat,Gasolina,141000.0,160.0,manual,9990,Valencia,46001,Valencia,Valencia
Volkswagen,Passat,Gasolina,141000.0,160.0,manual,9990,Málaga,29005,Málaga,Málaga
BMW,Serie 4,Diésel,119500.0,184.0,automatic,17990,Granada,18005,Granada,Granada
BMW,Serie 4,Diésel,119500.0,184.0,automatic,17990,Vigo,36211,Pontevedra,Vigo
Volkswagen,Passat,Gasolina,141000.0,160.0,manual,9990,Palma de Mallorca,7003,Baleares,Palma de Mallorca
Volkswagen,Passat,Diésel,94000.0,149.0,manual,546,Valencia,46005,Valencia,Valencia
Volkswagen,Golf,Gasolina,140000.0,170.0,manual,7995,Torrent,46900,Valencia,Torrent
Volkswagen,Golf,Gasolina,150000.0,260.0,manual,7900,Montmeló,8160,Barcelona,Montmeló
Volkswagen,Transporter T5,Diésel,204000.0,104.0,manual,12900,Sant Joan Despí,8970,Barcelona,Sant Joan Despí
Volkswagen,Transporter T5,Diésel,217000.0,130.0,manual,16600,Tarragona,43006,Tarragona,Tarragona
Volkswagen,Transporter T5,Diésel,150000.0,130.0,manual,15850,Mataró,8302,Barcelona,Mataró
BMW,Serie 4,Diésel,119500.0,184.0,automatic,17990,Gandia,46701,Valencia,Gandia
Volkswagen,Golf,Gasolina,130000.0,220.0,manual,17999,San Martin,28939,Madrid,San Martin
Volkswagen,Golf,Gasolina,130000.0,220.0,manual,17999,San Martin,28939,Madrid,San Martin
Volkswagen,Golf,Gasolina,280462.0,150.0,manual,3200,Saladar,3700,Alicante,Saladar
Volkswagen,Golf,Diésel,339000.0,140.0,automatic,6900,Velilla de San Antonio,28891,Madrid,Velilla de San Antonio
BMW,Serie 4,Diésel,119500.0,184.0,automatic,17990,Elx/Elche,3201,Alicante,Elx/Elche
BMW,Serie 4,Diésel,119500.0,184.0,automatic,17990,Bilbao,48004,Bizkaia,Bilbao
BMW,Serie 4,Diésel,119500.0,184.0,automatic,17990,Alicante,3010,Alicante,Alicante
BMW,Serie 4,Diésel,119500.0,184.0,automatic,17990,Alicante,3010,Murcia,Alicante
BMW,Serie 4,Diésel,119500.0,184.0,automatic,17990,Murcia,30005,Murcia,Murcia
Volkswagen,Scirocco,Gasolina,55581.0,125.0,manual,21505,Santiago de Compostela,15703,A Coruña,Santiago de Compostela
Volkswagen,Scirocco,Diésel,145242.0,140.0,manual,14099,Madrid,28014,Madrid,Madrid
Volkswagen,Scirocco,Diésel,145242.0,140.0,manual,14099,Barcelona,8007,Barcelona,Barcelona
Volkswagen,Scirocco,Gasolina,55581.0,125.0,manual,21505,Paterna,46980,Valencia,Paterna
Volkswagen,Scirocco,Gasolina,55581.0,125.0,manual,21505,Mercabilbao,48970,Bizkaia,Mercabilbao
Volkswagen,Scirocco,Gasolina,55581.0,125.0,manual,21505,Santafe,18320,Granada,Santafe
Volkswagen,Scirocco,Gasolina,55581.0,125.0,manual,21505,Atarrabia,31610,Navarra,Atarrabia
BMW,Serie 4,Gasolina,71075.0,184.0,automatic,36990,Leganés,28916,Madrid,Leganés
BMW,Serie 4,Diésel,119500.0,184.0,automatic,17990,Silla,46460,Valencia,Silla
Volkswagen,Scirocco,Gasolina,55581.0,125.0,manual,21505,Alameda del Obispo,14005,Córdoba,Alameda del Obispo
Volkswagen,Scirocco,Gasolina,55581.0,125.0,manual,21505,Getafe,28906,Madrid,Getafe
Volkswagen,Scirocco,Gasolina,55581.0,125.0,manual,21505,Las Rozas de Madrid,28232,Madrid,Las Rozas de Madrid
BMW,Serie 4,Diésel,119500.0,184.0,automatic,17990,Palma de Mallorca,7003,Baleares,Palma de Mallorca
Volkswagen,Scirocco,Gasolina,105000.0,160.0,manual,12490,Fuenlabrada,28943,Madrid,Fuenlabrada
Volkswagen,Scirocco,Gasolina,55581.0,125.0,manual,21505,Sant Vicenç de Montalt,8394,Barcelona,Sant Vicenç de Montalt
Volkswagen,Scirocco,Gasolina,55581.0,125.0,manual,21505,Ciudad Real,13003,Ciudad Real,Ciudad Real
Volkswagen,Scirocco,Gasolina,55581.0,125.0,manual,21505,Santa Maria del Aguila,4710,Almería,Santa Maria del Aguila
Volkswagen,Scirocco,Gasolina,55581.0,125.0,manual,21505,Vigo,36214,Pontevedra,Vigo
Volkswagen,Scirocco,Gasolina,55581.0,125.0,manual,21505,Murcia,30003,Murcia,Murcia
Volkswagen,Scirocco,Gasolina,55581.0,125.0,manual,21505,Estepona,29680,Málaga,Estepona
Volkswagen,Scirocco,Gasolina,55581.0,125.0,manual,21505,Barcelona,8007,Barcelona,Barcelona
Volkswagen,Scirocco,Gasolina,55581.0,125.0,manual,21505,Puerto de Sagunto,46520,Valencia,Puerto de Sagunto
Volkswagen,Scirocco,Gasolina,55581.0,125.0,manual,21505,Alcobendas,28100,Madrid,Alcobendas
Volkswagen,Scirocco,Gasolina,55581.0,125.0,manual,21505,Albacete,2001,Albacete,Albacete
Volkswagen,Scirocco,Gasolina,55581.0,125.0,manual,21505,Alzira,46600,Valencia,Alzira
Volkswagen,Scirocco,Gasolina,55581.0,125.0,manual,21505,Alzira,46600,Valencia,Alzira
Volkswagen,Scirocco,Gasolina,55581.0,125.0,manual,21505,Castello/Castellon de La Plana,12100,Castellón,Castello/Castellon de La Plana
BMW,Serie 4,Diésel,119500.0,184.0,automatic,17990,Málaga,29005,Málaga,Málaga
Volkswagen,Passat Alltrack,Diésel,110315.0,190.0,automatic,26875,Santa Maria del Aguila,4710,Almería,Santa Maria del Aguila
Volkswagen,Passat Alltrack,Diésel,110315.0,190.0,automatic,26875,Badajoz,6008,Badajoz,Badajoz
Volkswagen,Passat Alltrack,Diésel,110315.0,190.0,automatic,26875,Torremolinos,29620,Málaga,Torremolinos
Volkswagen,Passat Alltrack,Diésel,110315.0,190.0,automatic,26875,Torremolinos,29620,Málaga,Torremolinos
Volkswagen,Passat Alltrack,Diésel,110315.0,190.0,automatic,26875,Torremolinos,29620,Málaga,Torremolinos
Volkswagen,Passat Alltrack,Diésel,110315.0,190.0,automatic,26875,Paterna,46980,Valencia,Paterna
Volkswagen,Passat Alltrack,Diésel,110315.0,190.0,automatic,26875,Alameda del Obispo,14005,Córdoba,Alameda del Obispo
Volkswagen,Passat Alltrack,Diésel,110315.0,190.0,automatic,26875,Alzira,46600,Valencia,Alzira
Volkswagen,Passat Alltrack,Diésel,110315.0,190.0,automatic,26875,Alzira,46600,Valencia,Alzira
Volkswagen,Passat Alltrack,Diésel,110315.0,190.0,automatic,26875,Castello/Castellon de La Plana,12100,Castellón,Castello/Castellon de La Plana
Volkswagen,Passat Alltrack,Diésel,110315.0,190.0,automatic,26875,Mercabilbao,48970,Bizkaia,Mercabilbao
Volkswagen,Golf,Gasolina,62587.0,122.0,automatic,15900,Cornella de Llobregat,8940,Barcelona,Cornella de Llobregat
Volkswagen,Passat Alltrack,Diésel,110315.0,190.0,automatic,26875,Alcalá de Guadaíra,41500,Sevilla,Alcalá de Guadaíra
Volkswagen,Passat Alltrack,Diésel,110315.0,190.0,automatic,26875,Valdepeñas,13300,Ciudad Real,Valdepeñas
Volkswagen,Passat Alltrack,Diésel,110315.0,190.0,automatic,26875,Valdepeñas,13300,Ciudad Real,Valdepeñas
Volkswagen,Golf,Diésel,195000.0,170.0,manual,7990,Jaén,23008,Jaén,Jaén
Opel,Vivaro,Diésel,135000.0,145.0,manual,18990,Valencia,46001,Valencia,Valencia
Opel,Vivaro,Diésel,135000.0,145.0,manual,18990,Alicante,3010,Alicante,Alicante
Opel,Vivaro,Diésel,135000.0,145.0,manual,18990,Alicante,3010,Murcia,Alicante
Opel,Vivaro,Diésel,135000.0,145.0,manual,18990,Granada,18005,Granada,Granada
Volkswagen,T-Roc,Gasolina,99999.0,115.0,manual,15990,Murcia,30005,Murcia,Murcia
Volkswagen,T-Roc,Gasolina,99999.0,115.0,manual,17990,Murcia,30005,Murcia,Murcia
Volkswagen,T-Roc,Diésel,109272.0,115.0,manual,20990,Granada,18005,Granada,Granada
Volkswagen,T-Roc,Diésel,109272.0,115.0,manual,20990,Murcia,30005,Murcia,Murcia
Opel,Vivaro,Diésel,135000.0,145.0,manual,18990,Murcia,30005,Murcia,Murcia
Opel,Vivaro,Diésel,135000.0,145.0,manual,18990,Vigo,36211,Pontevedra,Vigo
Volkswagen,T-Roc,Diésel,109272.0,115.0,manual,20990,Sevilla,41017,Sevilla,Sevilla
Volkswagen,T-Roc,Gasolina,99999.0,115.0,manual,15990,Òrrius,8317,Barcelona,Òrrius
Volkswagen,T-Roc,Gasolina,99999.0,115.0,manual,17990,Òrrius,8317,Barcelona,Òrrius
Volkswagen,T-Roc,Diésel,109272.0,115.0,manual,20990,Bilbao,48004,Bizkaia,Bilbao
Volkswagen,T-Roc,Diésel,109272.0,115.0,manual,20990,Valencia,46001,Valencia,Valencia
Opel,Vivaro,Diésel,135000.0,145.0,manual,18990,Sevilla,41005,Sevilla,Sevilla
Opel,Vivaro,Diésel,135000.0,145.0,manual,18990,Bilbao,48004,Bizkaia,Bilbao
Volkswagen,T-Roc,Diésel,109272.0,115.0,manual,20990,Málaga,29005,Málaga,Málaga
Volkswagen,T-Roc,Gasolina,99999.0,115.0,manual,15990,Palma de Mallorca,7003,Baleares,Palma de Mallorca
Volkswagen,T-Roc,Gasolina,99999.0,115.0,manual,17990,Palma de Mallorca,7003,Baleares,Palma de Mallorca
Volkswagen,T-Roc,Diésel,109272.0,115.0,manual,20990,Cáceres,10001,Cáceres,Cáceres
Opel,Vivaro,Diésel,135000.0,145.0,manual,18990,Almería,4006,Almería,Almería
Opel,Vivaro,Diésel,135000.0,145.0,manual,18990,Cáceres,10001,Cáceres,Cáceres
Volkswagen,T-Roc,Gasolina,22763.0,150.0,automatic,29900,Santa Coloma de Gramenet,8921,Barcelona,Santa Coloma de Gramenet
Volkswagen,T-Roc,Gasolina,36144.0,150.0,automatic,31600,Fornells de la Selva,17458,Girona,Fornells de la Selva
Volkswagen,T-Roc,Gasolina,43709.0,115.0,manual,22900,Fornells de la Selva,17458,Girona,Fornells de la Selva
Volkswagen,T-Roc,Gasolina,15742.0,110.0,manual,28900,Fornells de la Selva,17458,Girona,Fornells de la Selva
Opel,Vivaro,Diésel,135000.0,145.0,manual,18990,Huelva,21004,Huelva,Huelva
Opel,Vivaro,Diésel,135000.0,145.0,manual,18990,Badajoz,6003,Badajoz,Badajoz
Volkswagen,T-Roc,Diésel,79734.0,115.0,manual,21900,Fornells de la Selva,17458,Girona,Fornells de la Selva
Volkswagen,T-Roc,Gasolina,49888.0,115.0,manual,22400,Fornells de la Selva,17458,Girona,Fornells de la Selva
Volkswagen,T-Roc,Gasolina,94857.0,150.0,manual,22099,Fornells de la Selva,17458,Girona,Fornells de la Selva
Volkswagen,T-Roc,Gasolina,99999.0,115.0,manual,15990,Bilbao,48004,Bizkaia,Bilbao
Volkswagen,T-Roc,Gasolina,99999.0,115.0,manual,17990,Bilbao,48004,Bizkaia,Bilbao
BMW,Serie 4,Diésel,119500.0,184.0,automatic,17990,Valencia,46001,Valencia,Valencia
Volkswagen,T-Roc,Gasolina,99999.0,115.0,manual,15990,Valencia,46001,Valencia,Valencia
Volkswagen,T-Roc,Gasolina,99999.0,115.0,manual,17990,Valencia,46001,Valencia,Valencia
Volkswagen,T-Roc,Gasolina,99999.0,115.0,manual,15990,Málaga,29005,Málaga,Málaga
Volkswagen,T-Roc,Gasolina,99999.0,115.0,manual,17990,Málaga,29005,Málaga,Málaga
Volkswagen,T-Roc,Gasolina,99999.0,115.0,manual,15990,Vigo,36211,Pontevedra,Vigo
Volkswagen,T-Roc,Gasolina,99999.0,115.0,manual,17990,Vigo,36211,Pontevedra,Vigo
Volkswagen,T-Roc,Gasolina,70000.0,150.0,manual,23900,Zaragoza,50001,Zaragoza,Zaragoza
BMW,Serie 4,Diésel,119500.0,184.0,automatic,17990,Sevilla,41005,Sevilla,Sevilla
Volkswagen,T-Roc,Gasolina,54832.0,115.0,manual,20290,Madrid,28021,Madrid,Madrid
Volkswagen,T-Roc,Gasolina,48722.0,110.0,manual,24790,Madrid,28021,Madrid,Madrid
Volkswagen,T-Roc,Gasolina,32771.0,115.0,manual,21990,Barcelona,8036,Barcelona,Barcelona
Volkswagen,T-Roc,Gasolina,25031.0,110.0,manual,28490,Barcelona,8036,Barcelona,Barcelona
Volkswagen,T-Roc,Diésel,108303.0,115.0,manual,19990,Almería,4006,Almería,Almería
Volkswagen,Phaeton,Diésel,106111.0,245.0,automatic,23990,Málaga,29005,Málaga,Málaga
Volkswagen,Phaeton,Diésel,106111.0,245.0,automatic,23990,Valencia,46001,Valencia,Valencia
Volkswagen,Phaeton,Diésel,106111.0,245.0,automatic,23990,Fuenlabrada,28947,Madrid,Fuenlabrada
Volkswagen,Phaeton,Diésel,106111.0,245.0,automatic,23990,Urbanizacion La Granjilla,28700,Madrid,Urbanizacion La Granjilla
Opel,Vivaro,Diésel,99000.0,125.0,manual,26900,Torrejón de Ardoz,28850,Madrid,Torrejón de Ardoz
BMW,Serie 4,Diésel,119337.0,313.0,automatic,29990,Almería,4006,Almería,Almería
KIA,Soul,Eléctrico,79072.0,110.0,automatic,17050,Badajoz,6008,Badajoz,Badajoz
KIA,Soul,Eléctrico,79072.0,110.0,automatic,17050,Murcia,30003,Murcia,Murcia
KIA,Soul,Eléctrico,79072.0,110.0,automatic,17050,Mercado Parque Corredor del Henares,28850,Madrid,Mercado Parque Corredor del Henares
KIA,Soul,Eléctrico,79072.0,110.0,automatic,17050,Valdepeñas,13300,Ciudad Real,Valdepeñas
KIA,Soul,Eléctrico,79072.0,110.0,automatic,17050,Valdepeñas,13300,Ciudad Real,Valdepeñas
KIA,Soul,Eléctrico,79072.0,110.0,automatic,17050,Santiago de Compostela,15703,A Coruña,Santiago de Compostela
KIA,Soul,Eléctrico,79072.0,110.0,automatic,17050,Saladar,3700,Alicante,Saladar
Volkswagen,Tiguan,Diésel,119671.0,190.0,automatic,24990,Málaga,29005,Málaga,Málaga
Volkswagen,Tiguan,Diésel,119671.0,190.0,automatic,24990,Colonia Pablo Iglesias,28520,Madrid,Colonia Pablo Iglesias
Volkswagen,Tiguan,Gasolina,145548.0,150.0,manual,10900,Olèrdola,8734,Barcelona,Olèrdola
Volkswagen,Tiguan,Gasolina,145548.0,150.0,manual,10900,Olèrdola,8734,Barcelona,Olèrdola
Volkswagen,Tiguan,Gasolina,23206.0,130.0,manual,23990,Granada,18005,Granada,Granada
KIA,Soul,Eléctrico,79072.0,110.0,automatic,17050,Zaragoza,50013,Zaragoza,Zaragoza
KIA,Soul,Eléctrico,79072.0,110.0,automatic,17050,Paterna,46980,Valencia,Paterna
Volkswagen,Tiguan,Gasolina,30000.0,130.0,manual,561,Madrid,28009,Madrid,Madrid
KIA,Soul,Eléctrico,79072.0,110.0,automatic,17050,Alzira,46600,Valencia,Alzira
KIA,Soul,Eléctrico,79072.0,110.0,automatic,17050,Alzira,46600,Valencia,Alzira
KIA,Soul,Eléctrico,79072.0,110.0,automatic,17050,Atarrabia,31610,Navarra,Atarrabia
KIA,Soul,Eléctrico,79072.0,110.0,automatic,17050,Alcalá de Guadaíra,41500,Sevilla,Alcalá de Guadaíra
KIA,Soul,Eléctrico,79072.0,110.0,automatic,17050,Barcelona,8007,Barcelona,Barcelona
KIA,Soul,Eléctrico,79072.0,110.0,automatic,17050,Alcobendas,28100,Madrid,Alcobendas
KIA,Soul,Eléctrico,79072.0,110.0,automatic,17050,Albacete,2001,Albacete,Albacete
KIA,Soul,Eléctrico,79072.0,110.0,automatic,17050,Castello/Castellon de La Plana,12100,Castellón,Castello/Castellon de La Plana
KIA,Soul,Eléctrico,79072.0,110.0,automatic,17050,Mercabilbao,48970,Bizkaia,Mercabilbao
KIA,Soul,Eléctrico,79072.0,110.0,automatic,17050,Alicante,3007,Alicante,Alicante
BMW,Serie 4,Diésel,113500.0,150.0,automatic,21490,Almería,4006,Almería,Almería
Volkswagen,Tiguan,Diésel,96992.0,110.0,manual,19435,Santa Maria del Aguila,4710,Almería,Santa Maria del Aguila
Volkswagen,Tiguan,Diésel,42387.0,150.0,automatic,34500,Santa Maria del Aguila,4710,Almería,Santa Maria del Aguila
Volkswagen,Tiguan,Diésel,96992.0,110.0,manual,19435,Santiago de Compostela,15703,A Coruña,Santiago de Compostela
KIA,Soul,Eléctrico,79072.0,110.0,automatic,17050,Colonia Pablo Iglesias,28520,Madrid,Colonia Pablo Iglesias
Volkswagen,Tiguan,Diésel,42387.0,150.0,automatic,34500,Valdepeñas,13300,Ciudad Real,Valdepeñas
Volkswagen,Tiguan,Diésel,42387.0,150.0,automatic,34500,Valdepeñas,13300,Ciudad Real,Valdepeñas
Volkswagen,Tiguan,Gasolina,145548.0,150.0,manual,10900,Saladar,3700,Alicante,Saladar
Volkswagen,Tiguan,Diésel,96992.0,110.0,manual,19435,Vigo,36214,Pontevedra,Vigo
Volkswagen,Tiguan,Diésel,96992.0,110.0,manual,19435,Sant Vicenç de Montalt,8394,Barcelona,Sant Vicenç de Montalt
KIA,Soul,Eléctrico,79072.0,110.0,automatic,17050,Las Rozas de Madrid,28232,Madrid,Las Rozas de Madrid
KIA,Soul,Eléctrico,79072.0,110.0,automatic,17050,Collado Villalba,28400,Madrid,Collado Villalba
KIA,Soul,Eléctrico,79072.0,110.0,automatic,17050,Collado Villalba,28400,Madrid,Collado Villalba
Volkswagen,Tiguan,Gasolina,145548.0,150.0,manual,10900,Murcia,30003,Murcia,Murcia
Volkswagen,Tiguan,Diésel,42387.0,150.0,automatic,34500,Murcia,30003,Murcia,Murcia
Volkswagen,Tiguan,Diésel,30290.0,150.0,automatic,34900,Martorell,8760,Barcelona,Martorell
Volkswagen,Tiguan,Diésel,99000.0,150.0,automatic,27900,Zaragoza,50001,Zaragoza,Zaragoza
Volkswagen,Tiguan,Diésel,73500.0,190.0,automatic,27900,Pedralba,46164,Valencia,Pedralba
Volkswagen,Tiguan,Gasolina,65761.0,150.0,automatic,26490,Lebrija,41740,Sevilla,Lebrija
KIA,Soul,Eléctrico,79072.0,110.0,automatic,17050,Alameda del Obispo,14005,Córdoba,Alameda del Obispo
KIA,Soul,Gasolina,56123.0,132.0,manual,13990,Almería,4006,Almería,Almería
KIA,Soul,Gasolina,56123.0,132.0,manual,13490,Almería,4006,Almería,Almería
KIA,Soul,Gasolina,56123.0,132.0,manual,13990,Palma de Mallorca,7003,Baleares,Palma de Mallorca
KIA,Soul,Gasolina,56123.0,132.0,manual,13490,Palma de Mallorca,7003,Baleares,Palma de Mallorca
KIA,Soul,Gasolina,56123.0,132.0,manual,13990,Alicante,3010,Alicante,Alicante
KIA,Soul,Gasolina,56123.0,132.0,manual,13990,Alicante,3010,Murcia,Alicante
KIA,Soul,Gasolina,56123.0,132.0,manual,13490,Alicante,3010,Alicante,Alicante
KIA,Soul,Gasolina,56123.0,132.0,manual,13490,Alicante,3010,Murcia,Alicante
KIA,Soul,Gasolina,56123.0,132.0,manual,13990,Sevilla,41005,Sevilla,Sevilla
KIA,Soul,Gasolina,56123.0,132.0,manual,13490,Sevilla,41005,Sevilla,Sevilla
KIA,Soul,Gasolina,56123.0,132.0,manual,13990,Granada,18005,Granada,Granada
KIA,Soul,Gasolina,56123.0,132.0,manual,13490,Granada,18005,Granada,Granada
KIA,Soul,Gasolina,56123.0,132.0,manual,13990,Castellón,12001,Castellón,Castellón
KIA,Soul,Gasolina,56123.0,132.0,manual,13490,Castellón,12001,Castellón,Castellón
KIA,Soul,Gasolina,56123.0,132.0,manual,13990,Bilbao,48004,Bizkaia,Bilbao
KIA,Soul,Gasolina,56123.0,132.0,manual,13490,Bilbao,48004,Bizkaia,Bilbao
KIA,Soul,Gasolina,56123.0,132.0,manual,13990,Murcia,30005,Murcia,Murcia
KIA,Soul,Gasolina,56123.0,132.0,manual,13490,Murcia,30005,Murcia,Murcia
KIA,Soul,Gasolina,56123.0,132.0,manual,13990,Vigo,36211,Pontevedra,Vigo
KIA,Soul,Gasolina,56123.0,132.0,manual,13490,Vigo,36211,Pontevedra,Vigo
KIA,Soul,Gasolina,56123.0,132.0,manual,13990,Málaga,29005,Málaga,Málaga
KIA,Soul,Gasolina,56123.0,132.0,manual,13490,Málaga,29005,Málaga,Málaga
Volkswagen,Sharan,Diésel,100.0,170.0,automatic,17999,Málaga,29004,Málaga,Málaga
KIA,Soul,Gasolina,56123.0,132.0,manual,13990,Valencia,46001,Valencia,Valencia
KIA,Soul,Gasolina,56123.0,132.0,manual,13490,Valencia,46001,Valencia,Valencia
Volkswagen,Sharan,Diésel,84030.0,115.0,manual,21900,Málaga,29006,Málaga,Málaga
KIA,Soul,Gasolina,56123.0,132.0,manual,13990,Tarragona,43006,Tarragona,Tarragona
KIA,Soul,Gasolina,56123.0,132.0,manual,13490,Tarragona,43006,Tarragona,Tarragona
Volkswagen,Sharan,Diésel,80716.0,115.0,manual,26900,Málaga,29006,Málaga,Málaga
Volkswagen,Sharan,Diésel,127599.0,150.0,automatic,25599,Barcelona,8007,Barcelona,Barcelona
Volkswagen,Sharan,Diésel,127599.0,150.0,automatic,25599,Madrid,28014,Madrid,Madrid
Volkswagen,Sharan,Diésel,116300.0,177.0,automatic,24790,Móstoles,28933,Madrid,Móstoles
Volkswagen,Sharan,Diésel,98000.0,140.0,automatic,21990,Fuenlabrada,28943,Madrid,Fuenlabrada
Volkswagen,Sharan,Diésel,119302.0,140.0,automatic,19490,Alicante,3010,Alicante,Alicante
Volkswagen,Sharan,Diésel,119302.0,140.0,automatic,19490,Alicante,3010,Murcia,Alicante
Volkswagen,Sharan,Diésel,119302.0,140.0,automatic,18990,Alicante,3010,Alicante,Alicante
Volkswagen,Sharan,Diésel,119302.0,140.0,automatic,18990,Alicante,3010,Murcia,Alicante
KIA,Soul,Gasolina,56123.0,132.0,manual,13990,Silla,46460,Valencia,Silla
KIA,Soul,Gasolina,56123.0,132.0,manual,13490,Silla,46460,Valencia,Silla
Volkswagen,Sharan,Diésel,119302.0,140.0,automatic,19490,Valencia,46001,Valencia,Valencia
Volkswagen,Sharan,Diésel,119302.0,140.0,automatic,18990,Valencia,46001,Valencia,Valencia
KIA,Soul,Eléctrico,22372.0,204.0,automatic,28900,Madrid,28014,Madrid,Madrid
KIA,Soul,Eléctrico,18045.0,204.0,automatic,28990,Madrid,28014,Madrid,Madrid
KIA,Soul,Eléctrico,23236.0,204.0,automatic,31490,Madrid,28014,Madrid,Madrid
KIA,Soul,Gasolina,37990.0,132.0,manual,11690,Almería,4006,Almería,Almería
KIA,Soul,Gasolina,37990.0,132.0,manual,11690,Granada,18005,Granada,Granada
KIA,Soul,Gasolina,37990.0,132.0,manual,11690,Málaga,29005,Málaga,Málaga
KIA,Soul,Gasolina,37990.0,132.0,manual,11690,Vigo,36211,Pontevedra,Vigo
KIA,Soul,Gasolina,37990.0,132.0,manual,11690,Alicante,3010,Alicante,Alicante
KIA,Soul,Gasolina,37990.0,132.0,manual,11690,Alicante,3010,Murcia,Alicante
KIA,Soul,Gasolina,37990.0,132.0,manual,11690,Valencia,46001,Valencia,Valencia
KIA,Soul,Gasolina,37990.0,132.0,manual,11690,Bilbao,48004,Bizkaia,Bilbao
KIA,Soul,Gasolina,37990.0,132.0,manual,11690,Murcia,30005,Murcia,Murcia
KIA,Soul,Gasolina,37990.0,132.0,manual,11690,Sevilla,41005,Sevilla,Sevilla
KIA,Soul,Gasolina,37990.0,132.0,manual,11690,Girona,17007,Girona,Girona
KIA,Soul,Gasolina,37990.0,132.0,manual,11690,Palma de Mallorca,7003,Baleares,Palma de Mallorca
KIA,Soul,Gasolina,37990.0,132.0,manual,11690,Ullastrell,8231,Barcelona,Ullastrell
KIA,Soul,Gasolina,37990.0,132.0,manual,11690,Òrrius,8317,Barcelona,Òrrius
KIA,Soul,Gasolina,37990.0,132.0,manual,11690,Palau-Solita I Plegamans,8184,Barcelona,Palau-Solita I Plegamans
KIA,Soul,Gasolina,37990.0,132.0,manual,11690,Palau-Solita I Plegamans,8184,Barcelona,Palau-Solita I Plegamans
KIA,Soul,Gasolina,37990.0,132.0,manual,11690,Tarragona,43006,Tarragona,Tarragona
KIA,Soul,Gasolina,76975.0,132.0,manual,11950,Agirre-Aperribai,48960,Bizkaia,Agirre-Aperribai
KIA,Soul,Gasolina,76975.0,132.0,manual,11950,Sant Boi de Llobregat,8830,Barcelona,Sant Boi de Llobregat
KIA,Soul,Gasolina,76975.0,132.0,manual,11950,Pamplona/Iruña,31003,Navarra,Pamplona/Iruña
KIA,Soul,Gasolina,76975.0,132.0,manual,11950,Valencia,46002,Valencia,Valencia
KIA,Soul,Gasolina,76975.0,132.0,manual,11950,Sevilla,41006,Sevilla,Sevilla
KIA,Soul,Gasolina,76975.0,132.0,manual,11950,Bacarot,3114,Alicante,Bacarot
KIA,Soul,Gasolina,76975.0,132.0,manual,11950,Torrejón de Ardoz,28850,Madrid,Torrejón de Ardoz
KIA,Soul,Diésel,151050.0,128.0,manual,9950,Pamplona/Iruña,31003,Navarra,Pamplona/Iruña
KIA,Soul,Diésel,151050.0,128.0,manual,9950,Agirre-Aperribai,48960,Bizkaia,Agirre-Aperribai
KIA,Soul,Diésel,151050.0,128.0,manual,9950,Sant Boi de Llobregat,8830,Barcelona,Sant Boi de Llobregat
KIA,Soul,Diésel,151050.0,128.0,manual,9950,Valencia,46002,Valencia,Valencia
KIA,Soul,Diésel,151050.0,128.0,manual,9950,Sevilla,41006,Sevilla,Sevilla
KIA,Soul,Diésel,151050.0,128.0,manual,9950,Torrejón de Ardoz,28850,Madrid,Torrejón de Ardoz
Volkswagen,Multivan,Diésel,256000.0,130.0,manual,17500,Sabadell,8203,Barcelona,Sabadell
KIA,Soul,Diésel,151050.0,128.0,manual,9950,Bacarot,3114,Alicante,Bacarot
Volkswagen,Multivan,Diésel,279000.0,174.0,automatic,13900,Sant Quirze del Vallès,8192,Barcelona,Sant Quirze del Vallès
Volkswagen,Multivan,Diésel,279000.0,174.0,automatic,13990,Sant Quirze del Vallès,8192,Barcelona,Sant Quirze del Vallès
KIA,Soul,Diésel,250000.0,128.0,manual,5000,Igualada,8700,Barcelona,Igualada
KIA,Soul,Diésel,176000.0,128.0,manual,6000,Ulldecona,43550,Tarragona,Ulldecona
CUPRA,Formentor,Gasolina,33613.0,310.0,automatic,38900,Sant Boi de Llobregat,8830,Barcelona,Sant Boi de Llobregat
SEAT,Tarraco,Diésel,67000.0,150.0,automatic,30990,Alicante,3010,Alicante,Alicante
SEAT,Tarraco,Diésel,67000.0,150.0,automatic,30990,Alicante,3010,Murcia,Alicante
SEAT,Tarraco,Diésel,67000.0,150.0,automatic,30990,Almería,4006,Almería,Almería
CUPRA,Formentor,Gasolina,4850.0,150.0,automatic,35900,Sant Boi de Llobregat,8830,Barcelona,Sant Boi de Llobregat
CUPRA,Formentor,Gasolina,23000.0,150.0,manual,27900,Valls,43800,Tarragona,Valls
CUPRA,Formentor,Gasolina,13300.0,150.0,manual,30500,Martorell,8760,Barcelona,Martorell
KIA,Soul,Eléctrico,3000.0,110.0,automatic,27900,Sabadell,8201,Barcelona,Sabadell
SEAT,Mii electric,Eléctrico,9316.0,83.0,automatic,19850,Santa Perpètua de Mogoda,8130,Barcelona,Santa Perpètua de Mogoda
KIA,Carens,Diésel,125000.0,115.0,manual,11950,Coria,10800,Cáceres,Coria
Volkswagen,Multivan,Diésel,188000.0,204.0,automatic,36900,Campo Real,28510,Madrid,Campo Real
KIA,Carens,Diésel,132738.0,136.0,manual,12098,Granollers,8403,Barcelona,Granollers
KIA,Carens,Diésel,132738.0,136.0,manual,12098,Badajoz,6008,Badajoz,Badajoz
KIA,Carens,Diésel,132738.0,136.0,manual,12098,Barcelona,8007,Barcelona,Barcelona
Peugeot,Traveller,Diésel,84651.0,180.0,automatic,37950,Sant Boi de Llobregat,8830,Barcelona,Sant Boi de Llobregat
KIA,Picanto,Gasolina,56919.0,70.0,manual,149,Madrid,28042,Madrid,Madrid
BMW,Serie 4,Diésel,119337.0,313.0,automatic,29990,Vigo,36211,Pontevedra,Vigo
BMW,Serie 4,Diésel,113500.0,150.0,automatic,21490,Vigo,36211,Pontevedra,Vigo
BMW,Serie 4,Diésel,119337.0,313.0,automatic,29990,Collado Villalba,28400,Madrid,Collado Villalba
BMW,Serie 4,Diésel,119337.0,313.0,automatic,29990,Collado Villalba,28400,Madrid,Collado Villalba
BMW,Serie 4,Diésel,113500.0,150.0,automatic,21490,Collado Villalba,28400,Madrid,Collado Villalba
BMW,Serie 4,Diésel,113500.0,150.0,automatic,21490,Collado Villalba,28400,Madrid,Collado Villalba
BMW,Serie 4,Diésel,119337.0,313.0,automatic,29990,Valencia,46001,Valencia,Valencia
BMW,Serie 4,Diésel,119337.0,313.0,automatic,29990,Bilbao,48004,Bizkaia,Bilbao
BMW,Serie 4,Diésel,113500.0,150.0,automatic,21490,Valencia,46001,Valencia,Valencia
Mercedes-Benz,Clase CLC,Diésel,112976.0,150.0,automatic,10990,Murcia,30003,Murcia,Murcia
BMW,Serie 4,Diésel,119337.0,313.0,automatic,29990,Alicante,3010,Alicante,Alicante
BMW,Serie 4,Diésel,119337.0,313.0,automatic,29990,Alicante,3010,Murcia,Alicante
BMW,Serie 4,Diésel,113500.0,150.0,automatic,21490,Bilbao,48004,Bizkaia,Bilbao
Volkswagen,Caravelle,Diésel,77700.0,102.0,manual,25990,Bilbao,48004,Bizkaia,Bilbao
Volkswagen,Caravelle,Diésel,77700.0,102.0,manual,25990,Sevilla,41005,Sevilla,Sevilla
Volkswagen,Caravelle,Diésel,77700.0,102.0,manual,25990,Ullastrell,8231,Barcelona,Ullastrell
BMW,Serie 4,Diésel,113500.0,150.0,automatic,21490,Alicante,3010,Alicante,Alicante
BMW,Serie 4,Diésel,113500.0,150.0,automatic,21490,Alicante,3010,Murcia,Alicante
Volkswagen,Caravelle,Diésel,77700.0,102.0,manual,25990,Almería,4006,Almería,Almería
Volkswagen,Caravelle,Diésel,77700.0,102.0,manual,25990,Vigo,36211,Pontevedra,Vigo
Volkswagen,Caravelle,Diésel,66403.0,150.0,automatic,28990,Bilbao,48004,Bizkaia,Bilbao
BMW,Serie 4,Diésel,119337.0,313.0,automatic,29990,Sevilla,41005,Sevilla,Sevilla
BMW,Serie 4,Diésel,113500.0,150.0,automatic,21490,Sevilla,41005,Sevilla,Sevilla
Mercedes-Benz,Classe GLK,Diésel,177000.0,170.0,automatic,17490,Valencia,46010,Valencia,Valencia
BMW,Serie 4,Diésel,119337.0,313.0,automatic,29990,Toledo,45002,Toledo,Toledo
SsangYong,XLV,Diésel,69095.0,115.0,manual,16100,Valdepeñas,13300,Ciudad Real,Valdepeñas
SsangYong,XLV,Diésel,69095.0,115.0,manual,16100,Valdepeñas,13300,Ciudad Real,Valdepeñas
SsangYong,XLV,Diésel,69095.0,115.0,manual,16100,Santa Maria del Aguila,4710,Almería,Santa Maria del Aguila
SsangYong,XLV,Diésel,69095.0,115.0,manual,16100,Alameda del Obispo,14005,Córdoba,Alameda del Obispo
SsangYong,XLV,Diésel,69095.0,115.0,manual,16100,Murcia,30003,Murcia,Murcia
SsangYong,XLV,Diésel,69095.0,115.0,manual,16100,Albacete,2001,Albacete,Albacete
SsangYong,XLV,Diésel,69095.0,115.0,manual,16100,Hidraulica Santillana,28770,Madrid,Hidraulica Santillana
Volkswagen,Caravelle,Diésel,66403.0,150.0,automatic,28990,Sevilla,41005,Sevilla,Sevilla
Volkswagen,Caravelle,Diésel,66403.0,150.0,automatic,28990,Almería,4006,Almería,Almería
BMW,Serie 4,Diésel,113500.0,150.0,automatic,21490,Toledo,45002,Toledo,Toledo
BMW,Serie 4,Diésel,119337.0,313.0,automatic,29990,Camarma de Esteruelas,28816,Madrid,Camarma de Esteruelas
BMW,Serie 4,Diésel,119337.0,313.0,automatic,29990,Camarma de Esteruelas,28816,Madrid,Camarma de Esteruelas
BMW,Serie 4,Diésel,113500.0,150.0,automatic,21490,Camarma de Esteruelas,28816,Madrid,Camarma de Esteruelas
BMW,Serie 4,Diésel,113500.0,150.0,automatic,21490,Camarma de Esteruelas,28816,Madrid,Camarma de Esteruelas
Hyundai,Getz,Diésel,200000.0,110.0,manual,3000,El Papiolet,43713,Tarragona,El Papiolet
Hyundai,Getz,Diésel,200000.0,110.0,manual,2500,El Papiolet,43713,Tarragona,El Papiolet
Volkswagen,Caravelle,Diésel,66403.0,150.0,automatic,28990,Alicante,3010,Alicante,Alicante
Volkswagen,Caravelle,Diésel,66403.0,150.0,automatic,28990,Alicante,3010,Murcia,Alicante
Volkswagen,Caravelle,Diésel,66403.0,150.0,automatic,28990,Huelva,21004,Huelva,Huelva
Volkswagen,Caravelle,Diésel,77700.0,102.0,manual,25990,Granada,18005,Granada,Granada
BMW,Serie 4,Diésel,119337.0,313.0,automatic,29990,Murcia,30005,Murcia,Murcia
BMW,Serie 4,Diésel,113500.0,150.0,automatic,21490,Murcia,30005,Murcia,Murcia
Volkswagen,Caravelle,Diésel,66403.0,150.0,automatic,28990,Sevilla,41017,Sevilla,Sevilla
Volkswagen,Caravelle,Diésel,77700.0,102.0,manual,25990,Murcia,30005,Murcia,Murcia
Volkswagen,Caravelle,Diésel,77700.0,102.0,manual,25990,Girona,17007,Girona,Girona
BMW,Serie 4,Diésel,119337.0,313.0,automatic,29990,Colonia Pablo Iglesias,28520,Madrid,Colonia Pablo Iglesias
BMW,Serie 4,Diésel,119337.0,313.0,automatic,29990,Las Rozas de Madrid,28232,Madrid,Las Rozas de Madrid
BMW,Serie 4,Diésel,113500.0,150.0,automatic,21490,Colonia Pablo Iglesias,28520,Madrid,Colonia Pablo Iglesias
BMW,Serie 4,Diésel,113500.0,150.0,automatic,21490,Las Rozas de Madrid,28232,Madrid,Las Rozas de Madrid
BMW,Serie 4,Diésel,119337.0,313.0,automatic,29990,Fuenlabrada,28947,Madrid,Fuenlabrada
Volkswagen,Caravelle,Diésel,66403.0,150.0,automatic,28990,Murcia,30005,Murcia,Murcia
BMW,Serie 4,Diésel,113500.0,150.0,automatic,21490,Fuenlabrada,28947,Madrid,Fuenlabrada
Volkswagen,Caravelle,Diésel,66403.0,150.0,automatic,28990,Granada,18005,Granada,Granada
BMW,Serie 4,Diésel,119337.0,313.0,automatic,29990,Granada,18005,Granada,Granada
BMW,Serie 4,Diésel,113500.0,150.0,automatic,21490,Granada,18005,Granada,Granada
Volkswagen,Caravelle,Diésel,77700.0,102.0,manual,25990,Valencia,46001,Valencia,Valencia
Volkswagen,Caravelle,Diésel,66403.0,150.0,automatic,28990,Valencia,46001,Valencia,Valencia
KIA,Carens,Diésel,68358.0,141.0,manual,18900,Santafe,18320,Granada,Santafe
KIA,Carens,Diésel,68358.0,141.0,manual,18900,Mercabilbao,48970,Bizkaia,Mercabilbao
KIA,Carens,Diésel,68358.0,141.0,manual,18900,Albacete,2001,Albacete,Albacete
KIA,Carens,Diésel,68358.0,141.0,manual,18900,Alzira,46600,Valencia,Alzira
KIA,Carens,Diésel,68358.0,141.0,manual,18900,Alzira,46600,Valencia,Alzira
Volkswagen,Caravelle,Diésel,66403.0,150.0,automatic,28990,Málaga,29005,Málaga,Málaga
Volkswagen,Caravelle,Diésel,66403.0,150.0,automatic,28990,Badajoz,6003,Badajoz,Badajoz
Volkswagen,Caravelle,Diésel,66403.0,150.0,automatic,28990,Cáceres,10001,Cáceres,Cáceres
KIA,Carens,Diésel,68358.0,141.0,manual,18900,Alcobendas,28100,Madrid,Alcobendas
KIA,Carens,Diésel,68358.0,141.0,manual,18900,Castello/Castellon de La Plana,12100,Castellón,Castello/Castellon de La Plana
KIA,Carens,Diésel,68358.0,141.0,manual,18900,Badajoz,6008,Badajoz,Badajoz
Volkswagen,Caravelle,Diésel,77700.0,102.0,manual,25990,Palma de Mallorca,7003,Baleares,Palma de Mallorca
Volkswagen,Caravelle,Diésel,77700.0,102.0,manual,25990,Tarragona,43006,Tarragona,Tarragona
KIA,Carens,Diésel,68358.0,141.0,manual,18900,Hidraulica Santillana,28770,Madrid,Hidraulica Santillana
KIA,Carens,Diésel,68358.0,141.0,manual,18900,Alicante,3007,Alicante,Alicante
KIA,Carens,Diésel,68358.0,141.0,manual,18900,Getafe,28906,Madrid,Getafe
Volkswagen,Caravelle,Diésel,159000.0,102.0,manual,21479,Poligono Fuente del Jarro,46988,Valencia,Poligono Fuente del Jarro
KIA,Carens,Diésel,68358.0,141.0,manual,18900,Collado Villalba,28400,Madrid,Collado Villalba
KIA,Carens,Diésel,68358.0,141.0,manual,18900,Collado Villalba,28400,Madrid,Collado Villalba
Mercedes-Benz,GLC Coupé,Diésel,128191.0,204.0,automatic,31490,Torrejón de Ardoz,28850,Madrid,Torrejón de Ardoz
Mercedes-Benz,GLC Coupé,Diésel,139500.0,170.0,automatic,37900,Quintanar del Rey,16220,Cuenca,Quintanar del Rey
Volkswagen,Caravelle,Diésel,52000.0,150.0,automatic,34900,Castelldefels,8860,Barcelona,Castelldefels
KIA,Carens,Gasolina,133427.0,135.0,manual,13499,Barcelona,8007,Barcelona,Barcelona
KIA,Carens,Gasolina,18354.0,135.0,manual,17199,Barcelona,8007,Barcelona,Barcelona
KIA,Carens,Gasolina,133427.0,135.0,manual,13499,Madrid,28014,Madrid,Madrid
KIA,Carens,Gasolina,18354.0,135.0,manual,17199,Madrid,28014,Madrid,Madrid
KIA,Carens,Gasolina,34115.0,134.0,manual,14999,Bilbao,48006,Bizkaia,Bilbao
KIA,Carens,Gasolina,28899.0,135.0,manual,15999,Madrid,28014,Madrid,Madrid
KIA,Carens,Gasolina,28899.0,135.0,manual,15799,Madrid,28014,Madrid,Madrid
KIA,Carens,Gasolina,28899.0,135.0,manual,15999,Barcelona,8007,Barcelona,Barcelona
KIA,Carens,Gasolina,28899.0,135.0,manual,15799,Barcelona,8007,Barcelona,Barcelona
KIA,Carens,Diésel,99485.0,115.0,manual,15180,Valdepeñas,13300,Ciudad Real,Valdepeñas
KIA,Carens,Diésel,99485.0,115.0,manual,15180,Valdepeñas,13300,Ciudad Real,Valdepeñas
KIA,Carens,Gasolina,31140.0,135.0,manual,14499,Madrid,28014,Madrid,Madrid
KIA,Carens,Gasolina,31140.0,135.0,manual,14499,Barcelona,8007,Barcelona,Barcelona
KIA,Carens,Diésel,156456.0,141.0,manual,9990,Alicante,3010,Alicante,Alicante
KIA,Carens,Diésel,156456.0,141.0,manual,9990,Alicante,3010,Murcia,Alicante
KIA,Carens,Diésel,156456.0,141.0,manual,9990,Valencia,46001,Valencia,Valencia
Volkswagen,Touareg,Diésel,135440.0,204.0,automatic,23990,Valencia,46001,Valencia,Valencia
Volkswagen,Touareg,Diésel,70000.0,225.0,automatic,17499,Huesca,22001,Huesca,Huesca
Volkswagen,Touareg,Diésel,118802.0,262.0,automatic,28990,Santander,39010,Cantabria,Santander
Volkswagen,Touareg,Diésel,135440.0,204.0,automatic,23990,Almería,4006,Almería,Almería
Volkswagen,Touareg,Diésel,135440.0,204.0,automatic,23990,Ullastrell,8231,Barcelona,Ullastrell
Volkswagen,Touareg,Diésel,118802.0,262.0,automatic,28990,Alicante,3010,Alicante,Alicante
Volkswagen,Touareg,Diésel,118802.0,262.0,automatic,28990,Alicante,3010,Murcia,Alicante
Volkswagen,Touareg,Diésel,135440.0,204.0,automatic,23990,Alicante,3010,Alicante,Alicante
Volkswagen,Touareg,Diésel,135440.0,204.0,automatic,23990,Alicante,3010,Murcia,Alicante
Volkswagen,Touareg,Diésel,118802.0,262.0,automatic,28990,Granada,18005,Granada,Granada
Volkswagen,Touareg,Diésel,135440.0,204.0,automatic,23990,Vigo,36211,Pontevedra,Vigo
Volkswagen,Touareg,Diésel,118802.0,262.0,automatic,28990,Pamplona/Iruña,31001,Navarra,Pamplona/Iruña
Volkswagen,Touareg,Diésel,135440.0,204.0,automatic,23990,Granada,18005,Granada,Granada
KIA,Carens,Diésel,156456.0,141.0,manual,9990,Murcia,30005,Murcia,Murcia
KIA,Carens,Diésel,156456.0,141.0,manual,9990,Granada,18005,Granada,Granada
KIA,Carens,Diésel,156456.0,141.0,manual,9990,Vigo,36211,Pontevedra,Vigo
Volkswagen,Touareg,Diésel,135440.0,204.0,automatic,23990,Girona,17007,Girona,Girona
Volkswagen,Touareg,Diésel,118802.0,262.0,automatic,28990,Murcia,30005,Murcia,Murcia
Volkswagen,Touareg,Diésel,135440.0,204.0,automatic,23990,Murcia,30005,Murcia,Murcia
Volkswagen,Touareg,Diésel,135440.0,204.0,automatic,23990,Bilbao,48004,Bizkaia,Bilbao
KIA,Carens,Diésel,156456.0,141.0,manual,9990,Bilbao,48004,Bizkaia,Bilbao
KIA,Carens,Diésel,156456.0,141.0,manual,9990,Almería,4006,Almería,Almería
Volkswagen,Touareg,Diésel,118802.0,262.0,automatic,28990,Sevilla,41005,Sevilla,Sevilla
KIA,Carens,Diésel,156456.0,141.0,manual,9990,Málaga,29005,Málaga,Málaga
KIA,Carens,Diésel,156456.0,141.0,manual,9990,Sevilla,41005,Sevilla,Sevilla
KIA,Carens,Diésel,156456.0,141.0,manual,9990,Palma de Mallorca,7003,Baleares,Palma de Mallorca
Volkswagen,Touareg,Diésel,135440.0,204.0,automatic,23990,Sevilla,41005,Sevilla,Sevilla
Volkswagen,Touareg,Diésel,135440.0,204.0,automatic,23990,Palma de Mallorca,7003,Baleares,Palma de Mallorca
Volkswagen,Touareg,Diésel,118802.0,262.0,automatic,28990,Málaga,29005,Málaga,Málaga
KIA,Carens,Diésel,99485.0,115.0,manual,15180,Estepona,29680,Málaga,Estepona
KIA,Carens,Diésel,99485.0,115.0,manual,15180,Mercado Parque Corredor del Henares,28850,Madrid,Mercado Parque Corredor del Henares
KIA,Carens,Diésel,99485.0,115.0,manual,15180,Sant Vicenç de Montalt,8394,Barcelona,Sant Vicenç de Montalt
KIA,Carens,Diésel,99485.0,115.0,manual,15180,Saladar,3700,Alicante,Saladar
KIA,Carens,Diésel,99485.0,115.0,manual,15180,Vigo,36214,Pontevedra,Vigo
KIA,Carens,Diésel,99485.0,115.0,manual,15180,Olèrdola,8734,Barcelona,Olèrdola
KIA,Carens,Diésel,99485.0,115.0,manual,15180,Olèrdola,8734,Barcelona,Olèrdola
KIA,Carens,Diésel,99485.0,115.0,manual,15180,Granollers,8403,Barcelona,Granollers
Volkswagen,Touareg,Diésel,135440.0,204.0,automatic,23990,Málaga,29005,Málaga,Málaga
KIA,Carens,Diésel,99485.0,115.0,manual,15180,Ciudad Real,13003,Ciudad Real,Ciudad Real
Volkswagen,Touareg,Diésel,118802.0,262.0,automatic,28990,Armentia,1007,Álava,Armentia
KIA,Carens,Diésel,99485.0,115.0,manual,15180,Murcia,30003,Murcia,Murcia
KIA,Carens,Diésel,99485.0,115.0,manual,15180,Santa Maria del Aguila,4710,Almería,Santa Maria del Aguila
KIA,Carens,Diésel,99485.0,115.0,manual,15180,Badajoz,6008,Badajoz,Badajoz
KIA,Carens,Diésel,99485.0,115.0,manual,15180,Santiago de Compostela,15703,A Coruña,Santiago de Compostela
KIA,Carens,Diésel,99485.0,115.0,manual,15180,Torremolinos,29620,Málaga,Torremolinos
KIA,Carens,Diésel,99485.0,115.0,manual,15180,Torremolinos,29620,Málaga,Torremolinos
KIA,Carens,Diésel,99485.0,115.0,manual,15180,Torremolinos,29620,Málaga,Torremolinos
KIA,Carens,Diésel,99485.0,115.0,manual,15180,Alzira,46600,Valencia,Alzira
KIA,Carens,Diésel,99485.0,115.0,manual,15180,Alzira,46600,Valencia,Alzira
KIA,Carens,Diésel,99485.0,115.0,manual,15180,Alcobendas,28100,Madrid,Alcobendas
KIA,Carens,Diésel,99485.0,115.0,manual,15180,Alameda del Obispo,14005,Córdoba,Alameda del Obispo
KIA,Carens,Diésel,99485.0,115.0,manual,15180,Las Rozas de Madrid,28232,Madrid,Las Rozas de Madrid
KIA,Picanto,Gasolina,18054.0,66.0,manual,7990,Almería,4006,Almería,Almería
KIA,Picanto,Gasolina,18054.0,66.0,manual,7990,Alicante,3010,Alicante,Alicante
KIA,Picanto,Gasolina,18054.0,66.0,manual,7990,Alicante,3010,Murcia,Alicante
KIA,Carens,Diésel,99485.0,115.0,manual,15180,Atarrabia,31610,Navarra,Atarrabia
KIA,Carens,Diésel,99485.0,115.0,manual,15180,Barcelona,8007,Barcelona,Barcelona
Hyundai,ix20,Diésel,128328.0,90.0,manual,12250,Murcia,30003,Murcia,Murcia
KIA,Carens,Diésel,99485.0,115.0,manual,15180,Collado Villalba,28400,Madrid,Collado Villalba
KIA,Carens,Diésel,99485.0,115.0,manual,15180,Collado Villalba,28400,Madrid,Collado Villalba
KIA,Carens,Diésel,99485.0,115.0,manual,15180,Zaragoza,50013,Zaragoza,Zaragoza
KIA,Carens,Diésel,99485.0,115.0,manual,15180,Mercabilbao,48970,Bizkaia,Mercabilbao
KIA,Carens,Diésel,99485.0,115.0,manual,15180,Hidraulica Santillana,28770,Madrid,Hidraulica Santillana
KIA,Carens,Diésel,99485.0,115.0,manual,15180,Albacete,2001,Albacete,Albacete
KIA,Carens,Diésel,99485.0,115.0,manual,15180,Puerto de Sagunto,46520,Valencia,Puerto de Sagunto
KIA,Carens,Diésel,99485.0,115.0,manual,15180,Alicante,3007,Alicante,Alicante
KIA,Carens,Diésel,99485.0,115.0,manual,15180,Santafe,18320,Granada,Santafe
KIA,Carens,Diésel,99485.0,115.0,manual,15180,Getafe,28906,Madrid,Getafe
KIA,Carens,Diésel,99485.0,115.0,manual,15180,Colonia Pablo Iglesias,28520,Madrid,Colonia Pablo Iglesias
KIA,Carens,Diésel,99485.0,115.0,manual,15180,Paterna,46980,Valencia,Paterna
KIA,Carens,Diésel,99485.0,115.0,manual,15180,Castello/Castellon de La Plana,12100,Castellón,Castello/Castellon de La Plana
KIA,Carens,Diésel,99485.0,115.0,manual,15180,Alcalá de Guadaíra,41500,Sevilla,Alcalá de Guadaíra
KIA,Carens,Diésel,67222.0,115.0,manual,16899,Madrid,28014,Madrid,Madrid
Volkswagen,T-Cross,Diésel,86955.0,95.0,manual,18990,Madrid,28021,Madrid,Madrid
Volkswagen,T-Cross,Diésel,86955.0,95.0,manual,18490,Madrid,28021,Madrid,Madrid
KIA,Carens,Diésel,67222.0,115.0,manual,16899,Barcelona,8007,Barcelona,Barcelona
Honda,S2000,Gasolina,188000.0,243.0,automatic,1999,Catarroja,46470,Valencia,Catarroja
Honda,S2000,Gasolina,188000.0,243.0,automatic,1999,Catarroja,46470,Valencia,Catarroja
Honda,S2000,Gasolina,188000.0,243.0,automatic,1999,Catarroja,46470,Valencia,Catarroja
Honda,S2000,Gasolina,188000.0,243.0,automatic,1999,Catarroja,46470,Valencia,Catarroja
Volkswagen,T-Cross,Gasolina,33491.0,95.0,manual,16990,Alicante,3010,Alicante,Alicante
Volkswagen,T-Cross,Gasolina,33491.0,95.0,manual,16990,Alicante,3010,Murcia,Alicante
Volkswagen,T-Cross,Gasolina,33491.0,95.0,manual,16990,Almería,4006,Almería,Almería
Volkswagen,T-Cross,Gasolina,33491.0,95.0,manual,16990,Sevilla,41005,Sevilla,Sevilla
Volkswagen,T-Cross,Gasolina,33491.0,95.0,manual,16990,Vigo,36211,Pontevedra,Vigo
Volkswagen,T-Cross,Gasolina,33491.0,95.0,manual,16990,Granada,18005,Granada,Granada
KIA,Carens,Diésel,156456.0,141.0,manual,9990,Òrrius,8317,Barcelona,Òrrius
Volkswagen,T-Cross,Gasolina,33491.0,95.0,manual,16990,Collado Villalba,28400,Madrid,Collado Villalba
Volkswagen,T-Cross,Gasolina,33491.0,95.0,manual,16990,Collado Villalba,28400,Madrid,Collado Villalba
Volkswagen,T-Cross,Gasolina,33491.0,95.0,manual,16990,Bilbao,48004,Bizkaia,Bilbao
KIA,Carens,Diésel,61957.0,115.0,manual,16999,Bilbao,48006,Bizkaia,Bilbao
Volkswagen,T-Cross,Gasolina,33491.0,95.0,manual,16990,Toledo,45002,Toledo,Toledo
KIA,Carens,Diésel,156456.0,141.0,manual,9990,Ullastrell,8231,Barcelona,Ullastrell
KIA,Carens,Diésel,156456.0,141.0,manual,9990,Palau-Solita I Plegamans,8184,Barcelona,Palau-Solita I Plegamans
KIA,Carens,Diésel,156456.0,141.0,manual,9990,Palau-Solita I Plegamans,8184,Barcelona,Palau-Solita I Plegamans
KIA,Carens,Diésel,156456.0,141.0,manual,9990,Girona,17007,Girona,Girona
Volkswagen,T-Cross,Gasolina,90000.0,95.0,manual,16250,Bormujos,41930,Sevilla,Bormujos
Volkswagen,T-Cross,Gasolina,90000.0,95.0,manual,16250,Burjassot,46100,Valencia,Burjassot
Volkswagen,T-Cross,Gasolina,90000.0,95.0,manual,16250,Valdefuentes,28939,Madrid,Valdefuentes
Volkswagen,T-Cross,Gasolina,90000.0,95.0,manual,16250,Valdefuentes,28939,Madrid,Valdefuentes
Volkswagen,T-Cross,Gasolina,90000.0,95.0,manual,16250,Terrassa,8223,Barcelona,Terrassa
Volkswagen,T-Cross,Diésel,121261.0,95.0,manual,17900,Lebrija,41740,Sevilla,Lebrija
Volkswagen,T-Cross,Gasolina,99950.0,95.0,manual,15950,Valdefuentes,28939,Madrid,Valdefuentes
Volkswagen,T-Cross,Gasolina,99950.0,95.0,manual,15950,Valdefuentes,28939,Madrid,Valdefuentes
Volkswagen,T-Cross,Gasolina,60000.0,115.0,automatic,19990,Murcia,30005,Murcia,Murcia
Volkswagen,T-Cross,Gasolina,99950.0,95.0,manual,15950,Bormujos,41930,Sevilla,Bormujos
Volkswagen,T-Cross,Gasolina,99950.0,95.0,manual,15950,Terrassa,8223,Barcelona,Terrassa
Volkswagen,T-Cross,Gasolina,60000.0,115.0,automatic,19990,Algeciras,11202,Cádiz,Algeciras
Volkswagen,T-Cross,Gasolina,34181.0,95.0,manual,17900,Málaga,29004,Málaga,Málaga
Volkswagen,T-Cross,Gasolina,34181.0,95.0,manual,17300,Málaga,29004,Málaga,Málaga
KIA,Carens,Diésel,156456.0,141.0,manual,9990,Tarragona,43006,Tarragona,Tarragona
Volkswagen,T-Cross,Gasolina,9200.0,95.0,manual,21200,Málaga,29004,Málaga,Málaga
Volkswagen,T-Cross,Gasolina,9200.0,95.0,manual,21100,Málaga,29004,Málaga,Málaga
Volkswagen,T-Cross,Gasolina,17172.0,95.0,manual,21400,Málaga,29004,Málaga,Málaga
Volkswagen,T-Cross,Gasolina,17172.0,95.0,manual,21500,Málaga,29004,Málaga,Málaga
Volkswagen,T-Cross,Gasolina,33914.0,95.0,manual,21500,Málaga,29004,Málaga,Málaga
KIA,Carens,Diésel,80000.0,135.0,manual,7999,Murcia,30001,Murcia,Murcia
KIA,Carens,Diésel,209000.0,140.0,manual,4950,Burjassot,46100,Valencia,Burjassot
Volkswagen,T-Cross,Gasolina,19416.0,95.0,manual,19800,Málaga,29004,Málaga,Málaga
Lexus,ES,Eléctrico,62000.0,218.0,automatic,38900,Málaga,29002,Málaga,Málaga
KIA,Carens,Diésel,145000.0,112.0,manual,2500,Cañada Hermosa,30837,Murcia,Cañada Hermosa
KIA,Carens,Diésel,116863.0,115.0,manual,15870,Estepona,29680,Málaga,Estepona
KIA,Carens,Gasolina,87000.0,134.0,manual,13000,Málaga,29004,Málaga,Málaga
KIA,Carens,Diésel,116863.0,115.0,manual,15870,Saladar,3700,Alicante,Saladar
KIA,Carens,Diésel,116863.0,115.0,manual,15870,Mercado Parque Corredor del Henares,28850,Madrid,Mercado Parque Corredor del Henares
Volkswagen,T-Cross,Gasolina,99950.0,95.0,manual,15950,Burjassot,46100,Valencia,Burjassot
Volkswagen,T-Cross,Gasolina,2865.0,95.0,manual,20900,Málaga,29004,Málaga,Málaga
Volkswagen,T-Cross,Gasolina,4500.0,95.0,manual,20500,Cerdanyola del Vallès,8290,Barcelona,Cerdanyola del Vallès
KIA,Carens,Diésel,116863.0,115.0,manual,15870,Granollers,8403,Barcelona,Granollers
KIA,Carens,Diésel,116863.0,115.0,manual,15870,Mercabilbao,48970,Bizkaia,Mercabilbao
KIA,Carens,Diésel,116863.0,115.0,manual,15870,Vigo,36214,Pontevedra,Vigo
Volkswagen,T-Cross,Gasolina,10006.0,110.0,manual,22990,Casas Novas,36164,Pontevedra,Casas Novas
KIA,Carens,Diésel,116863.0,115.0,manual,15870,Collado Villalba,28400,Madrid,Collado Villalba
KIA,Carens,Diésel,116863.0,115.0,manual,15870,Collado Villalba,28400,Madrid,Collado Villalba
KIA,Carens,Diésel,116863.0,115.0,manual,15870,Olèrdola,8734,Barcelona,Olèrdola
KIA,Carens,Diésel,116863.0,115.0,manual,15870,Olèrdola,8734,Barcelona,Olèrdola
KIA,Carens,Diésel,116863.0,115.0,manual,15870,Ciudad Real,13003,Ciudad Real,Ciudad Real
KIA,Carens,Diésel,116863.0,115.0,manual,15870,Murcia,30003,Murcia,Murcia
KIA,Carens,Diésel,116863.0,115.0,manual,15870,Sant Vicenç de Montalt,8394,Barcelona,Sant Vicenç de Montalt
KIA,Carens,Diésel,116863.0,115.0,manual,15870,Valdepeñas,13300,Ciudad Real,Valdepeñas
KIA,Carens,Diésel,116863.0,115.0,manual,15870,Valdepeñas,13300,Ciudad Real,Valdepeñas
KIA,Carens,Diésel,116863.0,115.0,manual,15870,Santa Maria del Aguila,4710,Almería,Santa Maria del Aguila
KIA,Carens,Diésel,116863.0,115.0,manual,15870,Paterna,46980,Valencia,Paterna
Volkswagen,Arteon,Gasolina,49986.0,150.0,manual,24990,Marbella,29601,Málaga,Marbella
Volkswagen,Arteon,Gasolina,49986.0,150.0,manual,23990,Marbella,29601,Málaga,Marbella
KIA,Carens,Diésel,116863.0,115.0,manual,15870,Badajoz,6008,Badajoz,Badajoz
KIA,Carens,Diésel,116863.0,115.0,manual,15870,Colonia Pablo Iglesias,28520,Madrid,Colonia Pablo Iglesias
KIA,Carens,Diésel,116863.0,115.0,manual,15870,Torremolinos,29620,Málaga,Torremolinos
KIA,Carens,Diésel,116863.0,115.0,manual,15870,Torremolinos,29620,Málaga,Torremolinos
KIA,Carens,Diésel,116863.0,115.0,manual,15870,Torremolinos,29620,Málaga,Torremolinos
KIA,Carens,Diésel,116863.0,115.0,manual,15870,Atarrabia,31610,Navarra,Atarrabia
KIA,Carens,Diésel,116863.0,115.0,manual,15870,Barcelona,8007,Barcelona,Barcelona
Volkswagen,Arteon,Gasolina,49986.0,150.0,manual,24990,Sevilla,41005,Sevilla,Sevilla
Volkswagen,Arteon,Gasolina,49986.0,150.0,manual,23990,Sevilla,41005,Sevilla,Sevilla
KIA,Carens,Diésel,116863.0,115.0,manual,15870,Las Rozas de Madrid,28232,Madrid,Las Rozas de Madrid
BMW,Serie 1,Diésel,74000.0,143.0,manual,9500,Sedaví,46910,Valencia,Sedaví
BMW,Serie 1,Diésel,74000.0,143.0,manual,9500,Sedaví,46910,Valencia,Sedaví
BMW,Serie 1,Diésel,74000.0,143.0,manual,9500,Sedaví,46910,Valencia,Sedaví
BMW,Serie 1,Diésel,74000.0,143.0,manual,9500,Sedaví,46910,Valencia,Sedaví
Volkswagen,Arteon,Gasolina,49986.0,150.0,manual,24990,Málaga,29005,Málaga,Málaga
Volkswagen,Arteon,Gasolina,49986.0,150.0,manual,23990,Málaga,29005,Málaga,Málaga
Volkswagen,Arteon,Diésel,94752.0,150.0,automatic,25990,Málaga,29005,Málaga,Málaga
KIA,Carens,Diésel,116863.0,115.0,manual,15870,Getafe,28906,Madrid,Getafe
Volkswagen,Arteon,Gasolina,49986.0,150.0,manual,24990,Alicante,3010,Alicante,Alicante
Volkswagen,Arteon,Gasolina,49986.0,150.0,manual,24990,Alicante,3010,Murcia,Alicante
Volkswagen,Arteon,Gasolina,49986.0,150.0,manual,23990,Alicante,3010,Alicante,Alicante
Volkswagen,Arteon,Gasolina,49986.0,150.0,manual,23990,Alicante,3010,Murcia,Alicante
Volkswagen,Arteon,Gasolina,49986.0,150.0,manual,24990,Valencia,46001,Valencia,Valencia
Volkswagen,Arteon,Gasolina,49986.0,150.0,manual,23990,Valencia,46001,Valencia,Valencia
Volkswagen,Arteon,Gasolina,49986.0,150.0,manual,24990,Algeciras,11202,Cádiz,Algeciras
Volkswagen,Arteon,Gasolina,49986.0,150.0,manual,23990,Algeciras,11202,Cádiz,Algeciras
Volkswagen,Arteon,Diésel,94752.0,150.0,automatic,25990,Palau-Solita I Plegamans,8184,Barcelona,Palau-Solita I Plegamans
Volkswagen,Arteon,Diésel,94752.0,150.0,automatic,25990,Palau-Solita I Plegamans,8184,Barcelona,Palau-Solita I Plegamans
KIA,Carens,Diésel,116863.0,115.0,manual,15870,Zaragoza,50013,Zaragoza,Zaragoza
Volkswagen,Arteon,Diésel,94752.0,150.0,automatic,25990,Girona,17007,Girona,Girona
Volkswagen,Arteon,Gasolina,49986.0,150.0,manual,24990,Bilbao,48004,Bizkaia,Bilbao
Volkswagen,Arteon,Gasolina,49986.0,150.0,manual,23990,Bilbao,48004,Bizkaia,Bilbao
Volkswagen,Arteon,Gasolina,49986.0,150.0,manual,24990,Vigo,36211,Pontevedra,Vigo
Volkswagen,Arteon,Gasolina,49986.0,150.0,manual,23990,Vigo,36211,Pontevedra,Vigo
KIA,Carens,Diésel,116863.0,115.0,manual,15870,Alcalá de Guadaíra,41500,Sevilla,Alcalá de Guadaíra
KIA,Carens,Diésel,116863.0,115.0,manual,15870,Puerto de Sagunto,46520,Valencia,Puerto de Sagunto
KIA,Carens,Diésel,116863.0,115.0,manual,15870,Santafe,18320,Granada,Santafe
KIA,Carens,Diésel,116863.0,115.0,manual,15870,Castello/Castellon de La Plana,12100,Castellón,Castello/Castellon de La Plana
KIA,Carens,Diésel,116863.0,115.0,manual,15870,Alicante,3007,Alicante,Alicante
KIA,Carens,Diésel,116863.0,115.0,manual,15870,Albacete,2001,Albacete,Albacete
KIA,Carens,Diésel,116863.0,115.0,manual,15870,Hidraulica Santillana,28770,Madrid,Hidraulica Santillana
KIA,Carens,Diésel,116863.0,115.0,manual,15870,Santiago de Compostela,15703,A Coruña,Santiago de Compostela
KIA,Carens,Diésel,116863.0,115.0,manual,15870,Alcobendas,28100,Madrid,Alcobendas
KIA,Carens,Diésel,116863.0,115.0,manual,15870,Alameda del Obispo,14005,Córdoba,Alameda del Obispo
KIA,Carens,Diésel,116863.0,115.0,manual,15870,Alzira,46600,Valencia,Alzira
KIA,Carens,Diésel,116863.0,115.0,manual,15870,Alzira,46600,Valencia,Alzira
Nissan,370Z,Gasolina,20312.0,328.0,manual,34900,Sant Boi de Llobregat,8830,Barcelona,Sant Boi de Llobregat
Volkswagen,Polo,Gasolina,109810.0,80.0,manual,12535,Sant Vicenç de Montalt,8394,Barcelona,Sant Vicenç de Montalt
Volkswagen,Polo,Gasolina,109810.0,80.0,manual,12535,Santa Maria del Aguila,4710,Almería,Santa Maria del Aguila
Volkswagen,Polo,Diésel,150158.0,90.0,automatic,11990,Santa Maria del Aguila,4710,Almería,Santa Maria del Aguila
KIA,Carens,Diésel,165000.0,115.0,manual,7500,Urduliz,48610,Bizkaia,Urduliz
Volkswagen,Polo,Gasolina,24800.0,80.0,manual,13490,Sevilla,41005,Sevilla,Sevilla
Volkswagen,Polo,Gasolina,112280.0,90.0,manual,9990,Sevilla,41005,Sevilla,Sevilla
Volkswagen,Polo,Gasolina,24800.0,80.0,manual,13490,Alicante,3010,Alicante,Alicante
Volkswagen,Polo,Gasolina,24800.0,80.0,manual,13490,Alicante,3010,Murcia,Alicante
KIA,Carens,Gasolina,75694.0,135.0,manual,14999,Madrid,28014,Madrid,Madrid
Volkswagen,Polo,Gasolina,112280.0,90.0,manual,9990,Alicante,3010,Alicante,Alicante
Volkswagen,Polo,Gasolina,112280.0,90.0,manual,9990,Alicante,3010,Murcia,Alicante
Volkswagen,Polo,Gasolina,24800.0,80.0,manual,13490,Almería,4006,Almería,Almería
KIA,Carens,Gasolina,75694.0,135.0,manual,14999,Barcelona,8007,Barcelona,Barcelona
KIA,Carens,Gasolina,78759.0,135.0,manual,12199,Madrid,28014,Madrid,Madrid
Volkswagen,Polo,Gasolina,75000.0,95.0,manual,213,Gandía,46701,Valencia,Gandía
KIA,Carens,Gasolina,78759.0,135.0,manual,12199,Barcelona,8007,Barcelona,Barcelona
KIA,Carens,Diésel,140000.0,115.0,manual,11900,Conil de la Frontera,11140,Cádiz,Conil de la Frontera
KIA,Carens,Diésel,215000.0,112.0,manual,1500,Chiclana de la Frontera,11130,Cádiz,Chiclana de la Frontera
KIA,Carens,Diésel,215000.0,112.0,manual,1400,Chiclana de la Frontera,11130,Cádiz,Chiclana de la Frontera
KIA,Carens,Diésel,186931.0,111.0,manual,4200,Casas de Don Gómez,10818,Cáceres,Casas de Don Gómez
KIA,Carens,Diésel,186931.0,111.0,manual,4200,Casas de Don Gómez,10818,Cáceres,Casas de Don Gómez
KIA,Carens,Diésel,186931.0,111.0,manual,4500,Casas de Don Gómez,10818,Cáceres,Casas de Don Gómez
KIA,Carens,Diésel,186931.0,111.0,manual,4500,Casas de Don Gómez,10818,Cáceres,Casas de Don Gómez
KIA,Carens,Diésel,79794.0,115.0,manual,10899,Barcelona,8007,Barcelona,Barcelona
KIA,Carens,Diésel,79794.0,115.0,manual,10699,Barcelona,8007,Barcelona,Barcelona
KIA,Carens,Diésel,79794.0,115.0,manual,10899,Madrid,28014,Madrid,Madrid
KIA,Carens,Diésel,79794.0,115.0,manual,10699,Madrid,28014,Madrid,Madrid
Volkswagen,Polo,Gasolina,78000.0,95.0,manual,213,Madrid,28009,Madrid,Madrid
Volkswagen,Polo,Gasolina,78000.0,95.0,manual,395,Valencia,46005,Valencia,Valencia
KIA,Carens,Diésel,145000.0,115.0,manual,12500,Castellón de la Plana/Castelló de la Plana,12003,Castellón,Castellón de la Plana/Castelló de la Plana
KIA,Carens,Diésel,120619.0,115.0,manual,12790,Madrid,28021,Madrid,Madrid
Volkswagen,Polo,Diésel,115000.0,80.0,manual,296,Madrid,28006,Madrid,Madrid
Volkswagen,Polo,Gasolina,24788.0,95.0,manual,18990,Barcelona,8036,Barcelona,Barcelona
Volkswagen,Polo,Gasolina,26201.0,95.0,automatic,19990,Barcelona,8036,Barcelona,Barcelona
KIA,Carens,Diésel,127000.0,112.0,manual,3499,Catarroja,46470,Valencia,Catarroja
KIA,Carens,Diésel,127000.0,112.0,manual,3499,Catarroja,46470,Valencia,Catarroja
KIA,Carens,Diésel,127000.0,112.0,manual,3499,Catarroja,46470,Valencia,Catarroja
KIA,Carens,Diésel,127000.0,112.0,manual,3499,Catarroja,46470,Valencia,Catarroja
KIA,Carens,Gasolina,66789.0,135.0,manual,13499,Barcelona,8007,Barcelona,Barcelona
KIA,Carens,Gasolina,66789.0,135.0,manual,13199,Barcelona,8007,Barcelona,Barcelona
KIA,Carens,Gasolina,66789.0,135.0,manual,13499,Madrid,28014,Madrid,Madrid
KIA,Carens,Gasolina,66789.0,135.0,manual,13199,Madrid,28014,Madrid,Madrid
Volkswagen,Polo,Gasolina,95706.0,90.0,manual,12293,Torremolinos,29620,Málaga,Torremolinos
Volkswagen,Polo,Gasolina,95706.0,90.0,manual,12293,Torremolinos,29620,Málaga,Torremolinos
Volkswagen,Polo,Gasolina,95706.0,90.0,manual,12293,Torremolinos,29620,Málaga,Torremolinos
Volkswagen,Polo,Diésel,75396.0,90.0,manual,11660,Olèrdola,8734,Barcelona,Olèrdola
Volkswagen,Polo,Diésel,75396.0,90.0,manual,11660,Olèrdola,8734,Barcelona,Olèrdola
KIA,Carens,Diésel,210000.0,112.0,manual,1890,Terrassa,8221,Barcelona,Terrassa
KIA,Carens,Gasolina,53200.0,135.0,manual,13900,Santa Maria del Aguila,4710,Almería,Santa Maria del Aguila
KIA,Carens,Gasolina,53200.0,135.0,manual,13900,Valdepeñas,13300,Ciudad Real,Valdepeñas
KIA,Carens,Gasolina,53200.0,135.0,manual,13900,Valdepeñas,13300,Ciudad Real,Valdepeñas
KIA,Carens,Gasolina,53200.0,135.0,manual,13900,Alicante,3007,Alicante,Alicante
Volkswagen,Polo,Gasolina,95706.0,90.0,manual,12293,Olèrdola,8734,Barcelona,Olèrdola
Volkswagen,Polo,Gasolina,95706.0,90.0,manual,12293,Olèrdola,8734,Barcelona,Olèrdola
Volkswagen,Polo,Diésel,75396.0,90.0,manual,11660,Mercado Parque Corredor del Henares,28850,Madrid,Mercado Parque Corredor del Henares
KIA,Carens,Gasolina,53200.0,135.0,manual,13900,Sant Vicenç de Montalt,8394,Barcelona,Sant Vicenç de Montalt
KIA,Carens,Gasolina,53200.0,135.0,manual,13900,Estepona,29680,Málaga,Estepona
KIA,Carens,Gasolina,53200.0,135.0,manual,13900,Vigo,36214,Pontevedra,Vigo
KIA,Carens,Gasolina,53200.0,135.0,manual,13900,Granollers,8403,Barcelona,Granollers
Volkswagen,Polo,Gasolina,95706.0,90.0,manual,12293,Mercado Parque Corredor del Henares,28850,Madrid,Mercado Parque Corredor del Henares
Volkswagen,Polo,Gasolina,58000.0,95.0,manual,12990,Alicante,3010,Alicante,Alicante
Volkswagen,Polo,Gasolina,58000.0,95.0,manual,12990,Alicante,3010,Murcia,Alicante
Volkswagen,Polo,Gasolina,58000.0,95.0,manual,12790,Alicante,3010,Alicante,Alicante
Volkswagen,Polo,Gasolina,58000.0,95.0,manual,12790,Alicante,3010,Murcia,Alicante
Volkswagen,Polo,Diésel,131026.0,95.0,manual,12990,Alicante,3010,Alicante,Alicante
Volkswagen,Polo,Diésel,131026.0,95.0,manual,12990,Alicante,3010,Murcia,Alicante
KIA,Carens,Gasolina,53200.0,135.0,manual,13900,Ciudad Real,13003,Ciudad Real,Ciudad Real
KIA,Carens,Gasolina,53200.0,135.0,manual,13900,Olèrdola,8734,Barcelona,Olèrdola
KIA,Carens,Gasolina,53200.0,135.0,manual,13900,Olèrdola,8734,Barcelona,Olèrdola
KIA,Carens,Gasolina,53200.0,135.0,manual,13900,Saladar,3700,Alicante,Saladar
Volkswagen,Polo,Gasolina,23000.0,200.0,automatic,26500,Sant Boi de Llobregat,8830,Barcelona,Sant Boi de Llobregat
KIA,Carens,Gasolina,53200.0,135.0,manual,13900,Mercado Parque Corredor del Henares,28850,Madrid,Mercado Parque Corredor del Henares
KIA,Carens,Gasolina,53200.0,135.0,manual,13900,Murcia,30003,Murcia,Murcia
KIA,Carens,Gasolina,53200.0,135.0,manual,13900,Alzira,46600,Valencia,Alzira
KIA,Carens,Gasolina,53200.0,135.0,manual,13900,Alzira,46600,Valencia,Alzira
KIA,Carens,Gasolina,53200.0,135.0,manual,13900,Badajoz,6008,Badajoz,Badajoz
KIA,Carens,Gasolina,53200.0,135.0,manual,13900,Santiago de Compostela,15703,A Coruña,Santiago de Compostela
KIA,Carens,Gasolina,53200.0,135.0,manual,13900,Alameda del Obispo,14005,Córdoba,Alameda del Obispo
KIA,Carens,Gasolina,53200.0,135.0,manual,13900,Santafe,18320,Granada,Santafe
Volkswagen,Polo,Gasolina,126000.0,60.0,manual,8000,Sabadell,8203,Barcelona,Sabadell
Volkswagen,Polo,Gasolina,126000.0,60.0,manual,8250,Sabadell,8203,Barcelona,Sabadell
KIA,Carens,Gasolina,53200.0,135.0,manual,13900,Getafe,28906,Madrid,Getafe
KIA,Carens,Gasolina,53200.0,135.0,manual,13900,Mercabilbao,48970,Bizkaia,Mercabilbao
KIA,Carens,Gasolina,53200.0,135.0,manual,13900,Albacete,2001,Albacete,Albacete
KIA,Carens,Gasolina,53200.0,135.0,manual,13900,Collado Villalba,28400,Madrid,Collado Villalba
KIA,Carens,Gasolina,53200.0,135.0,manual,13900,Collado Villalba,28400,Madrid,Collado Villalba
KIA,Carens,Gasolina,53200.0,135.0,manual,13900,Alcobendas,28100,Madrid,Alcobendas
KIA,Carens,Gasolina,53200.0,135.0,manual,13900,Torremolinos,29620,Málaga,Torremolinos
KIA,Carens,Gasolina,53200.0,135.0,manual,13900,Torremolinos,29620,Málaga,Torremolinos
KIA,Carens,Gasolina,53200.0,135.0,manual,13900,Torremolinos,29620,Málaga,Torremolinos
KIA,Carens,Gasolina,53200.0,135.0,manual,13900,Hidraulica Santillana,28770,Madrid,Hidraulica Santillana
KIA,Carens,Gasolina,53200.0,135.0,manual,13900,Castello/Castellon de La Plana,12100,Castellón,Castello/Castellon de La Plana
KIA,Carens,Gasolina,53200.0,135.0,manual,13900,Barcelona,8007,Barcelona,Barcelona
KIA,Carens,Gasolina,53200.0,135.0,manual,13900,Zaragoza,50013,Zaragoza,Zaragoza
Mitsubishi,Lancer,Diésel,174096.0,140.0,manual,7999,O Birloque,15008,A Coruña,O Birloque
Mitsubishi,Lancer,Diésel,174096.0,140.0,manual,7999,O Birloque,15008,A Coruña,O Birloque
KIA,Carens,Gasolina,53200.0,135.0,manual,13900,Atarrabia,31610,Navarra,Atarrabia
KIA,Carens,Gasolina,53200.0,135.0,manual,13900,Colonia Pablo Iglesias,28520,Madrid,Colonia Pablo Iglesias
KIA,Carens,Gasolina,53200.0,135.0,manual,13900,Paterna,46980,Valencia,Paterna
KIA,Carens,Gasolina,53200.0,135.0,manual,13900,Las Rozas de Madrid,28232,Madrid,Las Rozas de Madrid
Volkswagen,Golf Plus,Diésel,138250.0,105.0,manual,9750,Los Negrales,28430,Madrid,Los Negrales
Volkswagen,Golf Plus,Diésel,138250.0,105.0,manual,9750,Los Negrales,28430,Madrid,Los Negrales
KIA,Carens,Gasolina,53200.0,135.0,manual,13900,Puerto de Sagunto,46520,Valencia,Puerto de Sagunto
KIA,Carens,Gasolina,53200.0,135.0,manual,13900,Alcalá de Guadaíra,41500,Sevilla,Alcalá de Guadaíra
Volkswagen,Golf Plus,Diésel,219000.0,140.0,manual,4499,Los Antolinos,30740,Murcia,Los Antolinos
KIA,Carens,Diésel,39614.0,115.0,manual,14099,Barcelona,8007,Barcelona,Barcelona
KIA,Carens,Diésel,39614.0,115.0,manual,13899,Barcelona,8007,Barcelona,Barcelona
Volkswagen,Golf Plus,Diésel,192000.0,105.0,automatic,6900,El Campello,3560,Alicante,El Campello
KIA,Carens,Diésel,39614.0,115.0,manual,14099,Madrid,28014,Madrid,Madrid
KIA,Carens,Diésel,39614.0,115.0,manual,13899,Madrid,28014,Madrid,Madrid
Volkswagen,Golf Plus,Diésel,192000.0,105.0,automatic,6900,Toledo,45002,Toledo,Toledo
KIA,Carens,Diésel,148468.0,140.0,manual,13299,Barcelona,8007,Barcelona,Barcelona
Volkswagen,Golf Plus,Diésel,138250.0,105.0,manual,9750,Madrid,28046,Madrid,Madrid
Volkswagen,Golf Plus,Diésel,138250.0,105.0,manual,9750,Alcorcón,28923,Madrid,Alcorcón
KIA,Carens,Diésel,148468.0,140.0,manual,13299,Madrid,28014,Madrid,Madrid
KIA,Carens,Diésel,56300.0,115.0,manual,18400,Pontevedra,36143,Pontevedra,Pontevedra
KIA,Carens,Diésel,56300.0,115.0,manual,18300,Pontevedra,36143,Pontevedra,Pontevedra
KIA,Carens,Diésel,111464.0,115.0,manual,13570,Olèrdola,8734,Barcelona,Olèrdola
KIA,Carens,Diésel,111464.0,115.0,manual,13570,Olèrdola,8734,Barcelona,Olèrdola
Volkswagen,Golf Plus,Diésel,210000.0,140.0,automatic,6990,Parla,28980,Madrid,Parla
Volkswagen,Golf Plus,Diésel,177000.0,105.0,manual,5999,Sant Adrià de Besòs,8930,Barcelona,Sant Adrià de Besòs
KIA,Carens,Gasolina,112227.0,135.0,manual,14145,Olèrdola,8734,Barcelona,Olèrdola
KIA,Carens,Gasolina,112227.0,135.0,manual,14145,Olèrdola,8734,Barcelona,Olèrdola
KIA,Carens,Gasolina,82008.0,135.0,manual,14145,Olèrdola,8734,Barcelona,Olèrdola
KIA,Carens,Gasolina,82008.0,135.0,manual,14145,Olèrdola,8734,Barcelona,Olèrdola
Volkswagen,Golf Plus,Diésel,190000.0,105.0,manual,8300,Fuengirola,29640,Málaga,Fuengirola
KIA,Carens,Diésel,122453.0,141.0,manual,14250,Olèrdola,8734,Barcelona,Olèrdola
KIA,Carens,Diésel,122453.0,141.0,manual,14250,Olèrdola,8734,Barcelona,Olèrdola
KIA,Carens,Diésel,56589.0,115.0,manual,14795,Olèrdola,8734,Barcelona,Olèrdola
KIA,Carens,Diésel,56589.0,115.0,manual,14795,Olèrdola,8734,Barcelona,Olèrdola
KIA,Carens,Diésel,116628.0,141.0,manual,16330,Olèrdola,8734,Barcelona,Olèrdola
KIA,Carens,Diésel,116628.0,141.0,manual,16330,Olèrdola,8734,Barcelona,Olèrdola
KIA,Carens,Diésel,91009.0,115.0,manual,12900,Fuengirola,29640,Málaga,Fuengirola
KIA,Carens,Diésel,61262.0,115.0,manual,15200,Montcada i Reixac,8110,Barcelona,Montcada i Reixac
KIA,Carens,Diésel,111464.0,115.0,manual,13570,Santa Maria del Aguila,4710,Almería,Santa Maria del Aguila
Volkswagen,Transporter,Diésel,83787.0,102.0,manual,24990,Almería,4006,Almería,Almería
Volkswagen,Transporter,Diésel,83787.0,102.0,manual,24990,Vigo,36211,Pontevedra,Vigo
Volkswagen,Transporter,Diésel,83787.0,102.0,manual,24990,Granada,18005,Granada,Granada
KIA,Carens,Gasolina,82008.0,135.0,manual,14145,Santa Maria del Aguila,4710,Almería,Santa Maria del Aguila
KIA,Carens,Gasolina,112227.0,135.0,manual,14145,Santa Maria del Aguila,4710,Almería,Santa Maria del Aguila
Volkswagen,Transporter,Diésel,83787.0,102.0,manual,24990,Murcia,30005,Murcia,Murcia
Volkswagen,Transporter,Diésel,83787.0,102.0,manual,24990,Bilbao,48004,Bizkaia,Bilbao
Volkswagen,Transporter,Diésel,83787.0,102.0,manual,24990,Badajoz,6003,Badajoz,Badajoz
Volkswagen,Transporter,Diésel,83787.0,102.0,manual,24990,Córdoba,14003,Córdoba,Córdoba
Volkswagen,Transporter,Diésel,127705.0,102.0,manual,16900,Colonia Pablo Iglesias,28520,Madrid,Colonia Pablo Iglesias
Volkswagen,Transporter,Diésel,117000.0,102.0,manual,20900,Valdemoro,28340,Madrid,Valdemoro
Volkswagen,Transporter,Diésel,127705.0,102.0,manual,16900,Zaragoza,50013,Zaragoza,Zaragoza
Volkswagen,Transporter,Diésel,127705.0,102.0,manual,16900,Mercado Parque Corredor del Henares,28850,Madrid,Mercado Parque Corredor del Henares
Volkswagen,Transporter,Diésel,127705.0,102.0,manual,16900,Santa Maria del Aguila,4710,Almería,Santa Maria del Aguila
Volkswagen,Transporter,Diésel,83787.0,102.0,manual,24990,Sevilla,41005,Sevilla,Sevilla
Volkswagen,Transporter,Diésel,127705.0,102.0,manual,16900,Mercabilbao,48970,Bizkaia,Mercabilbao
Volkswagen,Transporter,Diésel,127705.0,102.0,manual,16900,Paterna,46980,Valencia,Paterna
KIA,Carens,Diésel,122453.0,141.0,manual,14250,Santa Maria del Aguila,4710,Almería,Santa Maria del Aguila
Volkswagen,Transporter,Diésel,127705.0,102.0,manual,16900,Puerto de Sagunto,46520,Valencia,Puerto de Sagunto
Volkswagen,Transporter,Diésel,127705.0,102.0,manual,16900,Estepona,29680,Málaga,Estepona
Volkswagen,Transporter,Diésel,127705.0,102.0,manual,16900,Badajoz,6008,Badajoz,Badajoz
Volkswagen,Transporter,Diésel,127705.0,102.0,manual,16900,Santafe,18320,Granada,Santafe
KIA,Carens,Gasolina,90200.0,135.0,manual,12990,Bilbao,48004,Bizkaia,Bilbao
KIA,Carens,Diésel,56589.0,115.0,manual,14795,Santa Maria del Aguila,4710,Almería,Santa Maria del Aguila
KIA,Carens,Diésel,116628.0,141.0,manual,16330,Santa Maria del Aguila,4710,Almería,Santa Maria del Aguila
KIA,Carens,Diésel,111464.0,115.0,manual,13570,Sant Vicenç de Montalt,8394,Barcelona,Sant Vicenç de Montalt
Volkswagen,Transporter,Diésel,83787.0,102.0,manual,24990,Valencia,46001,Valencia,Valencia
Volkswagen,Transporter,Diésel,83787.0,102.0,manual,24990,Sevilla,41017,Sevilla,Sevilla
KIA,Carens,Gasolina,82008.0,135.0,manual,14145,Sant Vicenç de Montalt,8394,Barcelona,Sant Vicenç de Montalt
KIA,Carens,Gasolina,112227.0,135.0,manual,14145,Sant Vicenç de Montalt,8394,Barcelona,Sant Vicenç de Montalt
KIA,Carens,Diésel,122453.0,141.0,manual,14250,Sant Vicenç de Montalt,8394,Barcelona,Sant Vicenç de Montalt
Volkswagen,Transporter,Diésel,83787.0,102.0,manual,24990,Málaga,29005,Málaga,Málaga
Volkswagen,Transporter,Diésel,127705.0,102.0,manual,16900,Granollers,8403,Barcelona,Granollers
Volkswagen,Transporter,Diésel,127705.0,102.0,manual,16900,Vigo,36214,Pontevedra,Vigo
Volkswagen,Transporter,Diésel,127705.0,102.0,manual,16900,Murcia,30003,Murcia,Murcia
Volkswagen,Transporter,Diésel,127705.0,102.0,manual,16900,Olèrdola,8734,Barcelona,Olèrdola
Volkswagen,Transporter,Diésel,127705.0,102.0,manual,16900,Olèrdola,8734,Barcelona,Olèrdola
KIA,Carens,Diésel,56589.0,115.0,manual,14795,Sant Vicenç de Montalt,8394,Barcelona,Sant Vicenç de Montalt
Volkswagen,Transporter,Diésel,127705.0,102.0,manual,16900,Sant Vicenç de Montalt,8394,Barcelona,Sant Vicenç de Montalt
Volkswagen,Transporter,Diésel,127705.0,102.0,manual,16900,Ciudad Real,13003,Ciudad Real,Ciudad Real
Volkswagen,Transporter,Diésel,127705.0,102.0,manual,16900,Castello/Castellon de La Plana,12100,Castellón,Castello/Castellon de La Plana
Volkswagen,Transporter,Diésel,127705.0,102.0,manual,16900,Hidraulica Santillana,28770,Madrid,Hidraulica Santillana
KIA,Carens,Diésel,116628.0,141.0,manual,16330,Sant Vicenç de Montalt,8394,Barcelona,Sant Vicenç de Montalt
Volkswagen,Transporter,Diésel,127705.0,102.0,manual,16900,Albacete,2001,Albacete,Albacete
Volkswagen,Transporter,Diésel,127705.0,102.0,manual,16900,Alicante,3007,Alicante,Alicante
KIA,Carens,Diésel,146835.0,115.0,manual,10495,Alicante,3010,Alicante,Alicante
KIA,Carens,Diésel,146835.0,115.0,manual,10495,Alicante,3010,Murcia,Alicante
KIA,Carens,Diésel,146835.0,115.0,manual,10495,Valencia,46020,Valencia,Valencia
KIA,Carens,Gasolina,82008.0,135.0,manual,14145,Granollers,8403,Barcelona,Granollers
KIA,Carens,Gasolina,82008.0,135.0,manual,14145,Estepona,29680,Málaga,Estepona
KIA,Carens,Gasolina,82008.0,135.0,manual,14145,Saladar,3700,Alicante,Saladar
KIA,Carens,Gasolina,82008.0,135.0,manual,14145,Mercado Parque Corredor del Henares,28850,Madrid,Mercado Parque Corredor del Henares
KIA,Carens,Gasolina,82008.0,135.0,manual,14145,Colonia Pablo Iglesias,28520,Madrid,Colonia Pablo Iglesias
KIA,Carens,Gasolina,82008.0,135.0,manual,14145,Ciudad Real,13003,Ciudad Real,Ciudad Real
KIA,Carens,Gasolina,82008.0,135.0,manual,14145,Murcia,30003,Murcia,Murcia
KIA,Carens,Gasolina,82008.0,135.0,manual,14145,Valdepeñas,13300,Ciudad Real,Valdepeñas
KIA,Carens,Gasolina,82008.0,135.0,manual,14145,Valdepeñas,13300,Ciudad Real,Valdepeñas
KIA,Carens,Gasolina,82008.0,135.0,manual,14145,Getafe,28906,Madrid,Getafe
KIA,Carens,Gasolina,82008.0,135.0,manual,14145,Santiago de Compostela,15703,A Coruña,Santiago de Compostela
Ford,Grand C-MAX,Diésel,65381.0,120.0,manual,15990,Girona,17001,Girona,Girona
KIA,Carens,Gasolina,82008.0,135.0,manual,14145,Badajoz,6008,Badajoz,Badajoz
KIA,Carens,Gasolina,82008.0,135.0,manual,14145,Collado Villalba,28400,Madrid,Collado Villalba
KIA,Carens,Gasolina,82008.0,135.0,manual,14145,Collado Villalba,28400,Madrid,Collado Villalba
KIA,Carens,Gasolina,82008.0,135.0,manual,14145,Santafe,18320,Granada,Santafe
KIA,Carens,Gasolina,82008.0,135.0,manual,14145,Barcelona,8007,Barcelona,Barcelona
KIA,Carens,Gasolina,82008.0,135.0,manual,14145,Paterna,46980,Valencia,Paterna
KIA,Carens,Gasolina,82008.0,135.0,manual,14145,Albacete,2001,Albacete,Albacete
KIA,Carens,Gasolina,82008.0,135.0,manual,14145,Puerto de Sagunto,46520,Valencia,Puerto de Sagunto
KIA,Carens,Gasolina,82008.0,135.0,manual,14145,Vigo,36214,Pontevedra,Vigo
KIA,Carens,Gasolina,82008.0,135.0,manual,14145,Alcalá de Guadaíra,41500,Sevilla,Alcalá de Guadaíra
KIA,Carens,Gasolina,82008.0,135.0,manual,14145,Hidraulica Santillana,28770,Madrid,Hidraulica Santillana
Ford,Focus,Gasolina,41069.0,250.0,manual,24990,Alicante,3007,Alicante,Alicante
Ford,Focus,Gasolina,41069.0,250.0,manual,24990,Alzira,46600,Valencia,Alzira
Ford,Focus,Gasolina,41069.0,250.0,manual,24990,Alzira,46600,Valencia,Alzira
Ford,Focus,Gasolina,41069.0,250.0,manual,24990,Las Rozas de Madrid,28232,Madrid,Las Rozas de Madrid
Ford,Focus,Gasolina,41069.0,250.0,manual,24990,Valdepeñas,13300,Ciudad Real,Valdepeñas
Ford,Focus,Gasolina,41069.0,250.0,manual,24990,Valdepeñas,13300,Ciudad Real,Valdepeñas
Ford,Focus,Gasolina,41069.0,250.0,manual,24990,Mercabilbao,48970,Bizkaia,Mercabilbao
Ford,Focus,Gasolina,29781.0,125.0,manual,16990,Marbella,29601,Málaga,Marbella
Ford,Focus,Diésel,99500.0,120.0,automatic,16490,Alicante,3010,Alicante,Alicante
Ford,Focus,Diésel,99500.0,120.0,automatic,16490,Alicante,3010,Murcia,Alicante
Ford,Focus,Gasolina,63488.0,150.0,automatic,19990,Alicante,3010,Alicante,Alicante
Ford,Focus,Gasolina,63488.0,150.0,automatic,19990,Alicante,3010,Murcia,Alicante
Ford,Focus,Gasolina,50344.0,125.0,automatic,20528,Alcalá de Guadaíra,41500,Sevilla,Alcalá de Guadaíra
Ford,Focus,Gasolina,50344.0,125.0,automatic,20528,Colonia Pablo Iglesias,28520,Madrid,Colonia Pablo Iglesias
Ford,Focus,Gasolina,50344.0,125.0,automatic,20528,Zaragoza,50013,Zaragoza,Zaragoza
Ford,Focus,Gasolina,50344.0,125.0,automatic,20528,Paterna,46980,Valencia,Paterna
Ford,Focus,Gasolina,50344.0,125.0,automatic,20528,Atarrabia,31610,Navarra,Atarrabia
Ford,Focus,Gasolina,50344.0,125.0,automatic,20528,Estepona,29680,Málaga,Estepona
Ford,Focus,Diésel,69934.0,120.0,manual,20350,Colonia Pablo Iglesias,28520,Madrid,Colonia Pablo Iglesias
Ford,Focus,Diésel,69934.0,120.0,manual,20350,Zaragoza,50013,Zaragoza,Zaragoza
Ford,Focus,Diésel,69934.0,120.0,manual,20350,Paterna,46980,Valencia,Paterna
Ford,Focus,Diésel,69934.0,120.0,manual,20350,Atarrabia,31610,Navarra,Atarrabia
Ford,Focus,Diésel,69934.0,120.0,manual,20350,Alcalá de Guadaíra,41500,Sevilla,Alcalá de Guadaíra
Ford,Focus,Diésel,69934.0,120.0,manual,20350,Estepona,29680,Málaga,Estepona
Ford,Focus,Diésel,99500.0,120.0,automatic,16490,Vigo,36211,Pontevedra,Vigo
Ford,Focus,Gasolina,63488.0,150.0,automatic,19990,Vigo,36211,Pontevedra,Vigo
Ford,Focus,Diésel,99500.0,120.0,automatic,16490,Granada,18005,Granada,Granada
Ford,Focus,Gasolina,41069.0,250.0,manual,24990,Zaragoza,50013,Zaragoza,Zaragoza
KIA,Carens,Diésel,167299.0,136.0,manual,9490,Murcia,30005,Murcia,Murcia
Ford,Focus,Gasolina,41069.0,250.0,manual,24990,Alcalá de Guadaíra,41500,Sevilla,Alcalá de Guadaíra
Ford,Focus,Gasolina,41069.0,250.0,manual,24990,Colonia Pablo Iglesias,28520,Madrid,Colonia Pablo Iglesias
Ford,Focus,Gasolina,41069.0,250.0,manual,24990,Paterna,46980,Valencia,Paterna
Ford,Focus,Gasolina,41069.0,250.0,manual,24990,Atarrabia,31610,Navarra,Atarrabia
Ford,Focus,Gasolina,41069.0,250.0,manual,24990,Estepona,29680,Málaga,Estepona
Ford,Focus,Gasolina,63488.0,150.0,automatic,19990,Granada,18005,Granada,Granada
Ford,Focus,Gasolina,29781.0,125.0,manual,16990,Alicante,3010,Alicante,Alicante
Ford,Focus,Gasolina,29781.0,125.0,manual,16990,Alicante,3010,Murcia,Alicante
Ford,Focus,Gasolina,31492.0,250.0,manual,21699,Madrid,28014,Madrid,Madrid
Ford,Focus,Gasolina,31492.0,250.0,manual,21699,Barcelona,8007,Barcelona,Barcelona
Ford,Focus,Gasolina,89621.0,125.0,manual,11699,Madrid,28014,Madrid,Madrid
Ford,Focus,Gasolina,89621.0,125.0,manual,11699,Barcelona,8007,Barcelona,Barcelona
Ford,Focus,Gasolina,29781.0,125.0,manual,16990,Vigo,36211,Pontevedra,Vigo
Ford,Focus,Gasolina,29781.0,125.0,manual,16990,Granada,18005,Granada,Granada
Ford,Focus,Gasolina,50344.0,125.0,automatic,20528,Alameda del Obispo,14005,Córdoba,Alameda del Obispo
Ford,Focus,Diésel,69934.0,120.0,manual,20350,Alameda del Obispo,14005,Córdoba,Alameda del Obispo
Ford,Focus,Diésel,99500.0,120.0,automatic,16490,Ciudad Real,13005,Ciudad Real,Ciudad Real
Ford,Focus,Gasolina,41069.0,250.0,manual,24990,Alameda del Obispo,14005,Córdoba,Alameda del Obispo
Ford,Focus,Diésel,99500.0,120.0,automatic,16490,Murcia,30005,Murcia,Murcia
Ford,Focus,Gasolina,63488.0,150.0,automatic,19990,Murcia,30005,Murcia,Murcia
Ford,Focus,Diésel,99500.0,120.0,automatic,16490,Cáceres,10001,Cáceres,Cáceres
Ford,Focus,Diésel,99500.0,120.0,automatic,16490,Bilbao,48004,Bizkaia,Bilbao
Ford,Focus,Gasolina,63488.0,150.0,automatic,19990,Bilbao,48004,Bizkaia,Bilbao
Ford,Focus,Diésel,99500.0,120.0,automatic,16490,Valencia,46001,Valencia,Valencia
Ford,Focus,Diésel,99500.0,120.0,automatic,16490,Sevilla,41005,Sevilla,Sevilla
Ford,Focus,Gasolina,50600.0,125.0,manual,17990,Málaga,29005,Málaga,Málaga
Ford,Focus,Gasolina,29781.0,125.0,manual,16990,Murcia,30005,Murcia,Murcia
Ford,Focus,Gasolina,63488.0,150.0,automatic,19990,Sevilla,41005,Sevilla,Sevilla
Ford,Focus,Gasolina,63488.0,150.0,automatic,19990,Valencia,46001,Valencia,Valencia
Ford,Focus,Diésel,95528.0,120.0,manual,10490,Málaga,29005,Málaga,Málaga
Ford,Focus,Gasolina,29781.0,125.0,manual,16990,Bilbao,48004,Bizkaia,Bilbao
Ford,Focus,Gasolina,63488.0,150.0,automatic,19990,Palma de Mallorca,7003,Baleares,Palma de Mallorca
Ford,Focus,Diésel,99500.0,120.0,automatic,16490,Málaga,29005,Málaga,Málaga
Ford,Focus,Gasolina,63488.0,150.0,automatic,19990,Málaga,29005,Málaga,Málaga
Ford,Focus,Gasolina,29781.0,125.0,manual,16990,Algeciras,11202,Cádiz,Algeciras
Ford,Focus,Diésel,94000.0,115.0,manual,2700,Almería,4007,Almería,Almería
Ford,Focus,Diésel,150000.0,110.0,manual,3499,Alicante,3001,Alicante,Alicante
Ford,Focus,Diésel,59000.0,100.0,manual,4490,Santimami,48940,Bizkaia,Santimami
Ford,Focus,Diésel,114000.0,120.0,manual,11300,Valencia,46002,Valencia,Valencia
Ford,Focus,Diésel,114000.0,120.0,manual,11300,Bormujos,41930,Sevilla,Bormujos
Ford,Focus,Gasolina,79000.0,125.0,manual,10450,El Prat de Llobregat,8820,Barcelona,El Prat de Llobregat
Ford,Focus,Diésel,250000.0,109.0,manual,4900,San Martin,28939,Madrid,San Martin
Ford,Focus,Diésel,250000.0,109.0,manual,4900,San Martin,28939,Madrid,San Martin
Ford,Focus,Diésel,152690.0,120.0,manual,12700,Mataró,8302,Barcelona,Mataró
KIA,Sportage,Diésel,51000.0,115.0,manual,495,Madrid,28009,Madrid,Madrid
KIA,Sportage,Diésel,81367.0,115.0,manual,14960,Santa Maria del Aguila,4710,Almería,Santa Maria del Aguila
KIA,Sportage,Gasolina,20888.0,132.0,manual,20412,Santa Maria del Aguila,4710,Almería,Santa Maria del Aguila
KIA,Sportage,Diésel,81367.0,115.0,manual,14960,Ciudad Real,13003,Ciudad Real,Ciudad Real
KIA,Sportage,Gasolina,20888.0,132.0,manual,20412,Ciudad Real,13003,Ciudad Real,Ciudad Real
KIA,Sportage,Diésel,81367.0,115.0,manual,14960,Santiago de Compostela,15703,A Coruña,Santiago de Compostela
KIA,Sportage,Gasolina,20888.0,132.0,manual,20412,Santiago de Compostela,15703,A Coruña,Santiago de Compostela
KIA,Sportage,Diésel,81367.0,115.0,manual,14960,Valdepeñas,13300,Ciudad Real,Valdepeñas
KIA,Sportage,Diésel,81367.0,115.0,manual,14960,Valdepeñas,13300,Ciudad Real,Valdepeñas
KIA,Sportage,Diésel,107124.0,115.0,manual,17890,Madrid,28021,Madrid,Madrid
KIA,Sportage,Gasolina,20888.0,132.0,manual,20412,Valdepeñas,13300,Ciudad Real,Valdepeñas
KIA,Sportage,Gasolina,20888.0,132.0,manual,20412,Valdepeñas,13300,Ciudad Real,Valdepeñas
KIA,Sportage,Diésel,81367.0,115.0,manual,14960,Saladar,3700,Alicante,Saladar
KIA,Sportage,Diésel,81367.0,115.0,manual,14960,Mercado Parque Corredor del Henares,28850,Madrid,Mercado Parque Corredor del Henares
KIA,Sportage,Gasolina,20888.0,132.0,manual,20412,Saladar,3700,Alicante,Saladar
KIA,Sportage,Gasolina,20888.0,132.0,manual,20412,Mercado Parque Corredor del Henares,28850,Madrid,Mercado Parque Corredor del Henares
KIA,Sportage,Diésel,81367.0,115.0,manual,14960,Vigo,36214,Pontevedra,Vigo
KIA,Sportage,Gasolina,20888.0,132.0,manual,20412,Vigo,36214,Pontevedra,Vigo
KIA,Sportage,Diésel,81367.0,115.0,manual,14960,Sant Vicenç de Montalt,8394,Barcelona,Sant Vicenç de Montalt
KIA,Sportage,Gasolina,20888.0,132.0,manual,20412,Sant Vicenç de Montalt,8394,Barcelona,Sant Vicenç de Montalt
KIA,Sportage,Gasolina,20888.0,132.0,manual,20412,Granollers,8403,Barcelona,Granollers
KIA,Sportage,Diésel,81367.0,115.0,manual,14960,Murcia,30003,Murcia,Murcia
KIA,Sportage,Gasolina,20888.0,132.0,manual,20412,Murcia,30003,Murcia,Murcia
KIA,Sportage,Gasolina,20888.0,132.0,manual,20412,Estepona,29680,Málaga,Estepona
KIA,Sportage,Diésel,81367.0,115.0,manual,14960,Olèrdola,8734,Barcelona,Olèrdola
KIA,Sportage,Diésel,81367.0,115.0,manual,14960,Olèrdola,8734,Barcelona,Olèrdola
KIA,Sportage,Gasolina,20888.0,132.0,manual,20412,Olèrdola,8734,Barcelona,Olèrdola
KIA,Sportage,Gasolina,20888.0,132.0,manual,20412,Olèrdola,8734,Barcelona,Olèrdola
KIA,Sportage,Diésel,169771.0,115.0,manual,9990,Sevilla,41005,Sevilla,Sevilla
KIA,Sportage,Diésel,169771.0,115.0,manual,9990,Alicante,3010,Alicante,Alicante
KIA,Sportage,Diésel,169771.0,115.0,manual,9990,Alicante,3010,Murcia,Alicante
KIA,Sportage,Diésel,169771.0,115.0,manual,9990,Vigo,36211,Pontevedra,Vigo
KIA,Sportage,Diésel,110391.0,115.0,manual,14490,Sevilla,41005,Sevilla,Sevilla
KIA,Sportage,Diésel,169771.0,115.0,manual,9990,Almería,4006,Almería,Almería
KIA,Sportage,Diésel,110391.0,115.0,manual,14490,Vigo,36211,Pontevedra,Vigo
KIA,Sportage,Diésel,110391.0,115.0,manual,14490,Alicante,3010,Alicante,Alicante
KIA,Sportage,Diésel,110391.0,115.0,manual,14490,Alicante,3010,Murcia,Alicante
KIA,Sportage,Diésel,110391.0,115.0,manual,14490,Almería,4006,Almería,Almería
Dacia,Sandero,Gasolina,60000.0,90.0,manual,10990,Bilbao,48004,Bizkaia,Bilbao
Dacia,Sandero,Gasolina,3500.0,73.0,manual,9990,Málaga,29005,Málaga,Málaga
Dacia,Sandero,Diésel,80000.0,90.0,manual,11690,Málaga,29005,Málaga,Málaga
Dacia,Sandero,Diésel,42559.0,90.0,manual,9490,Málaga,29005,Málaga,Málaga
Dacia,Sandero,Gasolina,60000.0,90.0,manual,10990,Las Rozas de Madrid,28232,Madrid,Las Rozas de Madrid
Dacia,Sandero,Gasolina,60000.0,90.0,manual,10990,Urbanizacion La Granjilla,28700,Madrid,Urbanizacion La Granjilla
Dacia,Sandero,Gasolina,60000.0,90.0,manual,10990,Granada,18005,Granada,Granada
Dacia,Sandero,Gasolina,60000.0,90.0,manual,10990,Valencia,46001,Valencia,Valencia
Dacia,Sandero,Gasolina,60000.0,90.0,manual,10990,Málaga,29005,Málaga,Málaga
Dacia,Sandero,Gasolina,60000.0,90.0,manual,10990,Murcia,30005,Murcia,Murcia
Dacia,Sandero,Gasolina,60000.0,90.0,manual,10990,Collado Villalba,28400,Madrid,Collado Villalba
Dacia,Sandero,Gasolina,60000.0,90.0,manual,10990,Collado Villalba,28400,Madrid,Collado Villalba
Dacia,Sandero,Gasolina,87041.0,90.0,manual,9799,Madrid,28014,Madrid,Madrid
Dacia,Sandero,Gasolina,87041.0,90.0,manual,9699,Madrid,28014,Madrid,Madrid
Dacia,Sandero,Gasolina,87041.0,90.0,manual,9799,Barcelona,8007,Barcelona,Barcelona
Dacia,Sandero,Gasolina,87041.0,90.0,manual,9699,Barcelona,8007,Barcelona,Barcelona
Dacia,Sandero,Gasolina,55427.0,90.0,manual,12399,Madrid,28014,Madrid,Madrid
Dacia,Sandero,Gasolina,55427.0,90.0,manual,12099,Madrid,28014,Madrid,Madrid
Dacia,Sandero,Gasolina,55427.0,90.0,manual,12399,Barcelona,8007,Barcelona,Barcelona
Dacia,Sandero,Gasolina,55427.0,90.0,manual,12099,Barcelona,8007,Barcelona,Barcelona
Dacia,Sandero,Diésel,87946.0,90.0,manual,12099,Madrid,28014,Madrid,Madrid
Dacia,Sandero,Diésel,87946.0,90.0,manual,11899,Madrid,28014,Madrid,Madrid
Dacia,Sandero,Diésel,87946.0,90.0,manual,11599,Madrid,28014,Madrid,Madrid
Dacia,Sandero,Diésel,87946.0,90.0,manual,12099,Barcelona,8007,Barcelona,Barcelona
Dacia,Sandero,Diésel,87946.0,90.0,manual,11899,Barcelona,8007,Barcelona,Barcelona
Dacia,Sandero,Diésel,87946.0,90.0,manual,11599,Barcelona,8007,Barcelona,Barcelona
Dacia,Sandero,Gasolina,20406.0,101.0,manual,13999,Madrid,28014,Madrid,Madrid
Dacia,Sandero,Gasolina,20406.0,101.0,manual,13999,Barcelona,8007,Barcelona,Barcelona
Dacia,Sandero,Gasolina,27369.0,90.0,manual,12199,Barcelona,8007,Barcelona,Barcelona
Dacia,Sandero,Gasolina,27369.0,90.0,manual,12099,Barcelona,8007,Barcelona,Barcelona
Dacia,Sandero,Gasolina,27369.0,90.0,manual,12199,Madrid,28014,Madrid,Madrid
Dacia,Sandero,Gasolina,27369.0,90.0,manual,12099,Madrid,28014,Madrid,Madrid
Dacia,Sandero,Gasolina,60000.0,90.0,manual,10990,Toledo,45002,Toledo,Toledo
Dacia,Sandero,Gasolina,60000.0,90.0,manual,10990,Villaviciosa de Odón,28670,Madrid,Villaviciosa de Odón
Land Rover,Range Rover Sport,Diésel,249560.0,256.0,automatic,26500,Las Rozas de Madrid,28232,Madrid,Las Rozas de Madrid
Land Rover,Range Rover Sport,Diésel,249560.0,256.0,automatic,27500,Las Rozas de Madrid,28232,Madrid,Las Rozas de Madrid
Volkswagen,Golf,Diésel,87000.0,115.0,manual,235,Barcelona,8007,Barcelona,Barcelona
Peugeot,1007,Gasolina,150000.0,75.0,manual,3799,Paracuellos de Jarama,28860,Madrid,Paracuellos de Jarama
Volkswagen,Golf,Gasolina,81000.0,115.0,manual,217,Gandía,46701,Valencia,Gandía
Volkswagen,Golf,Diésel,88000.0,115.0,manual,431,Valencia,46005,Valencia,Valencia
Volkswagen,Golf,Gasolina,81000.0,115.0,manual,337,Valencia,46005,Valencia,Valencia
Volkswagen,Golf,Gasolina,111000.0,130.0,manual,451,Madrid,28006,Madrid,Madrid
Volkswagen,Golf,Diésel,99950.0,115.0,manual,427,Barcelona,8009,Barcelona,Barcelona
Volkswagen,Golf,Diésel,87000.0,115.0,manual,431,Sevilla,41018,Sevilla,Sevilla
Volkswagen,Golf,Diésel,115000.0,116.0,manual,434,Madrid,28006,Madrid,Madrid
Peugeot,208,Gasolina,79400.0,110.0,automatic,15900,Valencia,46002,Valencia,Valencia
Volkswagen,Golf,Gasolina,11555.0,115.0,manual,21850,Santa Maria del Aguila,4710,Almería,Santa Maria del Aguila
Volkswagen,Golf,Gasolina,11555.0,115.0,manual,21850,Ciudad Real,13003,Ciudad Real,Ciudad Real
Volkswagen,Golf,Gasolina,11555.0,115.0,manual,21850,Santiago de Compostela,15703,A Coruña,Santiago de Compostela
Volkswagen,Golf,Gasolina,27983.0,130.0,manual,19990,Madrid,28021,Madrid,Madrid
Volkswagen,Golf,Gasolina,64562.0,245.0,automatic,28590,Madrid,28021,Madrid,Madrid
Volkswagen,Golf,Gasolina,11555.0,115.0,manual,21850,Valdepeñas,13300,Ciudad Real,Valdepeñas
Volkswagen,Golf,Gasolina,11555.0,115.0,manual,21850,Valdepeñas,13300,Ciudad Real,Valdepeñas
Renault,Clio,Gasolina,81081.0,75.0,manual,9490,Murcia,30005,Murcia,Murcia
Renault,Clio,Gasolina,39859.0,90.0,manual,12990,Bilbao,48004,Bizkaia,Bilbao
Renault,Clio,Gasolina,81081.0,75.0,manual,9490,Bilbao,48004,Bizkaia,Bilbao
Renault,Clio,Gasolina,39859.0,90.0,manual,12990,Valencia,46001,Valencia,Valencia
Renault,Clio,Gasolina,39859.0,90.0,manual,12990,Sevilla,41005,Sevilla,Sevilla
Renault,Clio,Gasolina,81081.0,75.0,manual,9490,Sevilla,41005,Sevilla,Sevilla
Renault,Clio,Gasolina,81081.0,75.0,manual,9490,Valencia,46001,Valencia,Valencia
Renault,Clio,Gasolina,50860.0,130.0,automatic,17380,Málaga,29005,Málaga,Málaga
Renault,Clio,Gasolina,81081.0,75.0,manual,9490,Palma de Mallorca,7003,Baleares,Palma de Mallorca
Renault,Clio,Gasolina,39859.0,90.0,manual,12990,Badajoz,6003,Badajoz,Badajoz
Renault,Clio,Gasolina,39859.0,90.0,manual,12990,Málaga,29005,Málaga,Málaga
Renault,Clio,Gasolina,105.0,120.0,manual,10990,Murcia,30005,Murcia,Murcia
Renault,Clio,Gasolina,81081.0,75.0,manual,9490,Málaga,29005,Málaga,Málaga
Renault,Clio,Gasolina,105.0,120.0,manual,10990,Bilbao,48004,Bizkaia,Bilbao
Renault,Clio,Gasolina,105.0,120.0,manual,10990,Burgos,9004,Burgos,Burgos
Renault,Clio,Gasolina,105.0,120.0,manual,10990,Burgos,9004,Burgos,Burgos
Renault,Clio,Gasolina,39859.0,90.0,manual,12990,Córdoba,14003,Córdoba,Córdoba
Renault,Clio,Gasolina,105.0,120.0,manual,10990,Armentia,1007,Álava,Armentia
Renault,Clio,Gasolina,39859.0,90.0,manual,12990,Huelva,21004,Huelva,Huelva
Renault,Clio,Gasolina,39859.0,90.0,manual,12990,Sevilla,41017,Sevilla,Sevilla
Renault,Clio,Gasolina,149000.0,75.0,manual,5990,Arroyomolinos,28939,Madrid,Arroyomolinos
Renault,Clio,Gasolina,149000.0,75.0,manual,5990,Arroyomolinos,28939,Madrid,Arroyomolinos
Peugeot,208,Gasolina,41771.0,100.0,manual,13990,Madrid,28021,Madrid,Madrid
Peugeot,208,Gasolina,31380.0,110.0,manual,14835,Saladar,3700,Alicante,Saladar
Peugeot,208,Gasolina,31380.0,110.0,manual,14835,Mercado Parque Corredor del Henares,28850,Madrid,Mercado Parque Corredor del Henares
Peugeot,208,Gasolina,24390.0,100.0,manual,16318,Saladar,3700,Alicante,Saladar
Peugeot,208,Gasolina,24390.0,100.0,manual,16318,Mercado Parque Corredor del Henares,28850,Madrid,Mercado Parque Corredor del Henares
Peugeot,208,Gasolina,17775.0,208.0,manual,21200,Saladar,3700,Alicante,Saladar
Peugeot,208,Gasolina,17775.0,208.0,manual,21200,Mercado Parque Corredor del Henares,28850,Madrid,Mercado Parque Corredor del Henares
Peugeot,208,Gasolina,31380.0,110.0,manual,14835,Vigo,36214,Pontevedra,Vigo
Nissan,Note,Gasolina,52000.0,88.0,manual,8999,El Prat de Llobregat,8820,Barcelona,El Prat de Llobregat
Nissan,Note,Gasolina,53594.0,80.0,manual,8990,Bilbao,48004,Bizkaia,Bilbao
Nissan,Note,Gasolina,128000.0,80.0,manual,8990,Granada,18005,Granada,Granada
Nissan,Note,Diésel,148675.0,90.0,manual,8990,Bilbao,48004,Bizkaia,Bilbao
Peugeot,208,Gasolina,24390.0,100.0,manual,16318,Vigo,36214,Pontevedra,Vigo
Peugeot,208,Gasolina,17775.0,208.0,manual,21200,Vigo,36214,Pontevedra,Vigo
Peugeot,208,Gasolina,31380.0,110.0,manual,14835,Sant Vicenç de Montalt,8394,Barcelona,Sant Vicenç de Montalt
Peugeot,208,Gasolina,24390.0,100.0,manual,16318,Sant Vicenç de Montalt,8394,Barcelona,Sant Vicenç de Montalt
Peugeot,208,Gasolina,24390.0,100.0,manual,16318,Granollers,8403,Barcelona,Granollers
Peugeot,208,Gasolina,17775.0,208.0,manual,21200,Sant Vicenç de Montalt,8394,Barcelona,Sant Vicenç de Montalt
Peugeot,208,Gasolina,17775.0,208.0,manual,21200,Granollers,8403,Barcelona,Granollers
Peugeot,208,Gasolina,31380.0,110.0,manual,14835,Murcia,30003,Murcia,Murcia
Peugeot,208,Gasolina,24390.0,100.0,manual,16318,Murcia,30003,Murcia,Murcia
Peugeot,208,Gasolina,17775.0,208.0,manual,21200,Murcia,30003,Murcia,Murcia
Peugeot,208,Gasolina,24390.0,100.0,manual,16318,Estepona,29680,Málaga,Estepona
Peugeot,208,Gasolina,17775.0,208.0,manual,21200,Estepona,29680,Málaga,Estepona
Peugeot,208,Gasolina,31380.0,110.0,manual,14835,Olèrdola,8734,Barcelona,Olèrdola
Peugeot,208,Gasolina,31380.0,110.0,manual,14835,Olèrdola,8734,Barcelona,Olèrdola
Peugeot,208,Gasolina,24390.0,100.0,manual,16318,Olèrdola,8734,Barcelona,Olèrdola
Peugeot,208,Gasolina,24390.0,100.0,manual,16318,Olèrdola,8734,Barcelona,Olèrdola
Peugeot,208,Gasolina,17775.0,208.0,manual,21200,Olèrdola,8734,Barcelona,Olèrdola
Peugeot,208,Gasolina,17775.0,208.0,manual,21200,Olèrdola,8734,Barcelona,Olèrdola
Peugeot,208,Gasolina,79009.0,82.0,manual,10490,Sevilla,41005,Sevilla,Sevilla
Renault,Clio,Diésel,117615.0,65.0,manual,5499,Benimamet,46035,Valencia,Benimamet
Peugeot,3008,Gasolina,56000.0,130.0,manual,19990,Sevilla,41005,Sevilla,Sevilla
Peugeot,3008,Gasolina,56000.0,130.0,manual,19990,Vigo,36211,Pontevedra,Vigo
Peugeot,3008,Gasolina,56000.0,130.0,manual,19990,Alicante,3010,Alicante,Alicante
Peugeot,3008,Gasolina,56000.0,130.0,manual,19990,Alicante,3010,Murcia,Alicante
Peugeot,3008,Gasolina,56000.0,130.0,manual,19990,Almería,4006,Almería,Almería
Peugeot,3008,Gasolina,56000.0,130.0,manual,19990,Bilbao,48004,Bizkaia,Bilbao
Peugeot,3008,Gasolina,32341.0,130.0,manual,22890,Sevilla,41006,Sevilla,Sevilla
Peugeot,3008,Gasolina,32341.0,130.0,manual,22890,Dos Hermanas,41012,Sevilla,Dos Hermanas
Peugeot,3008,Gasolina,56000.0,130.0,manual,19990,Sevilla,41017,Sevilla,Sevilla
Peugeot,2008,Gasolina,39990.0,130.0,manual,19990,Granada,18005,Granada,Granada
Peugeot,2008,Gasolina,39990.0,130.0,manual,19990,Valencia,46001,Valencia,Valencia
SEAT,Leon,Gasolina,48428.0,150.0,manual,18850,Santafe,18320,Granada,Santafe
SEAT,Leon,Gasolina,109773.0,160.0,manual,10700,Olèrdola,8734,Barcelona,Olèrdola
SEAT,Leon,Gasolina,109773.0,160.0,manual,10700,Olèrdola,8734,Barcelona,Olèrdola
SEAT,Leon,Gasolina,108120.0,110.0,manual,12179,Mercado Parque Corredor del Henares,28850,Madrid,Mercado Parque Corredor del Henares
SEAT,Leon,Gasolina,48428.0,150.0,manual,18850,Murcia,30003,Murcia,Murcia
SEAT,Leon,Gasolina,109773.0,160.0,manual,10700,Mercado Parque Corredor del Henares,28850,Madrid,Mercado Parque Corredor del Henares
SEAT,Leon,Gasolina,169951.0,125.0,manual,9990,Almería,4006,Almería,Almería
SEAT,Leon,Gasolina,48428.0,150.0,manual,18850,Castello/Castellon de La Plana,12100,Castellón,Castello/Castellon de La Plana
SEAT,Leon,Gasolina,48428.0,150.0,manual,18850,Las Rozas de Madrid,28232,Madrid,Las Rozas de Madrid
SEAT,Leon,Gasolina,48428.0,150.0,manual,18850,Alzira,46600,Valencia,Alzira
SEAT,Leon,Gasolina,48428.0,150.0,manual,18850,Alzira,46600,Valencia,Alzira
SEAT,Leon,Gasolina,48428.0,150.0,manual,18850,Alicante,3007,Alicante,Alicante
SEAT,Leon,Gasolina,48428.0,150.0,manual,18850,Valdepeñas,13300,Ciudad Real,Valdepeñas
SEAT,Leon,Gasolina,48428.0,150.0,manual,18850,Valdepeñas,13300,Ciudad Real,Valdepeñas
SEAT,Leon,Gasolina,48428.0,150.0,manual,18850,Mercabilbao,48970,Bizkaia,Mercabilbao
SEAT,Leon,Diésel,285000.0,150.0,manual,3900,Trasona,33468,Asturias,Trasona
SEAT,Leon,Diésel,285000.0,150.0,manual,3900,Trasona,33468,Asturias,Trasona
SEAT,Leon,Diésel,193548.0,115.0,manual,10475,Parla,28980,Madrid,Parla
SEAT,Leon,Diésel,151210.0,149.0,manual,13390,Barcelona,8007,Barcelona,Barcelona
SEAT,Leon,Gasolina,48428.0,150.0,manual,18850,Alcalá de Guadaíra,41500,Sevilla,Alcalá de Guadaíra
SEAT,Leon,Gasolina,48428.0,150.0,manual,18850,Paterna,46980,Valencia,Paterna
SEAT,Leon,Gasolina,48428.0,150.0,manual,18850,Atarrabia,31610,Navarra,Atarrabia
SEAT,Leon,Gasolina,48428.0,150.0,manual,18850,Estepona,29680,Málaga,Estepona
SEAT,Leon,Gasolina,48428.0,150.0,manual,18850,Zaragoza,50013,Zaragoza,Zaragoza
SEAT,Leon,Gasolina,48428.0,150.0,manual,18850,Colonia Pablo Iglesias,28520,Madrid,Colonia Pablo Iglesias
SEAT,Leon,Gasolina,169951.0,125.0,manual,9990,Alicante,3010,Alicante,Alicante
SEAT,Leon,Gasolina,169951.0,125.0,manual,9990,Alicante,3010,Murcia,Alicante
SEAT,Leon,Diésel,193548.0,115.0,manual,10475,Valencia,46003,Valencia,Valencia
SEAT,Leon,Gasolina,169951.0,125.0,manual,9990,Vigo,36211,Pontevedra,Vigo
SEAT,Leon,Gasolina,48428.0,150.0,manual,18850,Alameda del Obispo,14005,Córdoba,Alameda del Obispo
SEAT,Leon,Gasolina,65000.0,150.0,manual,20500,Sant Boi de Llobregat,8830,Barcelona,Sant Boi de Llobregat
SEAT,Leon,Gasolina,32000.0,290.0,automatic,27900,Sant Boi de Llobregat,8830,Barcelona,Sant Boi de Llobregat
SEAT,Leon,Gasolina,41494.0,115.0,manual,16250,Sant Boi de Llobregat,8830,Barcelona,Sant Boi de Llobregat
SEAT,Leon,Gasolina,169951.0,125.0,manual,9990,Granada,18005,Granada,Granada
SEAT,Leon,Gasolina,53900.0,110.0,manual,14990,Málaga,29005,Málaga,Málaga
SEAT,Leon,Gasolina,53900.0,110.0,manual,13990,Málaga,29005,Málaga,Málaga
SEAT,Leon,Gasolina,169951.0,125.0,manual,9990,Murcia,30005,Murcia,Murcia
SEAT,Leon,Gasolina,169951.0,125.0,manual,9990,Bilbao,48004,Bizkaia,Bilbao
SEAT,Leon,Diésel,144000.0,110.0,manual,14900,Tarragona,43005,Tarragona,Tarragona
SEAT,Leon,Diésel,151210.0,149.0,manual,13390,Madrid,28014,Madrid,Madrid
SEAT,Leon,Diésel,151210.0,149.0,manual,13390,Zaragoza,50018,Zaragoza,Zaragoza
SEAT,Leon,Gasolina,50000.0,150.0,manual,20800,Bilbao,48013,Bizkaia,Bilbao
SEAT,Leon,Otros,30552.0,130.0,automatic,18990,Alcobendas,28100,Madrid,Alcobendas
SEAT,Leon,Otros,30552.0,130.0,automatic,18990,Leganés,28916,Madrid,Leganés
Subaru,Outback,Gasolina,220000.0,165.0,manual,5999,Pinto,28320,Madrid,Pinto
Subaru,Outback,Gasolina,220000.0,165.0,manual,5990,Pinto,28320,Madrid,Pinto
SEAT,Leon,Diésel,155000.0,105.0,manual,7900,Badajoz,6001,Badajoz,Badajoz
SEAT,Leon,Diésel,394400.0,150.0,manual,5990,Valdefuentes,28939,Madrid,Valdefuentes
SEAT,Leon,Diésel,394400.0,150.0,manual,5990,Valdefuentes,28939,Madrid,Valdefuentes
Suzuki,Jimny,Gasolina,17000.0,102.0,manual,25288,Collado Villalba,28400,Madrid,Collado Villalba
Suzuki,Jimny,Gasolina,17000.0,102.0,manual,25288,Collado Villalba,28400,Madrid,Collado Villalba
Suzuki,Jimny,Gasolina,17000.0,102.0,manual,25288,Colonia Pablo Iglesias,28520,Madrid,Colonia Pablo Iglesias
Suzuki,Jimny,Gasolina,17000.0,102.0,manual,25288,Atarrabia,31610,Navarra,Atarrabia
Suzuki,Jimny,Gasolina,17000.0,102.0,manual,25288,Zaragoza,50013,Zaragoza,Zaragoza
Suzuki,Jimny,Gasolina,17000.0,102.0,manual,25288,Albacete,2001,Albacete,Albacete
SEAT,Leon,Diésel,13500.0,150.0,automatic,27500,Rubí,8191,Barcelona,Rubí
Suzuki,Baleno,Gasolina,75109.0,111.0,manual,12363,Murcia,30003,Murcia,Murcia
Suzuki,Baleno,Gasolina,75109.0,111.0,manual,12363,Vigo,36214,Pontevedra,Vigo
Suzuki,Baleno,Gasolina,75109.0,111.0,manual,12363,Saladar,3700,Alicante,Saladar
Suzuki,Baleno,Gasolina,75109.0,111.0,manual,12363,Barcelona,8007,Barcelona,Barcelona
SEAT,Leon,Diésel,48700.0,110.0,manual,12790,Barcelona,8028,Barcelona,Barcelona
SEAT,Leon,Diésel,186603.0,105.0,manual,9800,A Coruña,15190,A Coruña,A Coruña
SEAT,Leon,Diésel,212000.0,110.0,manual,2990,Montequinto,41089,Sevilla,Montequinto
SEAT,Leon,Diésel,8500.0,150.0,automatic,27200,Martorell,8760,Barcelona,Martorell
Ford,Focus,Gasolina,22074.0,125.0,manual,17900,Santiago de Compostela,15703,A Coruña,Santiago de Compostela
Ford,Focus,Gasolina,22074.0,125.0,manual,17900,Valdepeñas,13300,Ciudad Real,Valdepeñas
Ford,Focus,Gasolina,22074.0,125.0,manual,17900,Valdepeñas,13300,Ciudad Real,Valdepeñas
Ford,Focus,Diésel,41589.0,120.0,manual,16490,Madrid,28021,Madrid,Madrid
Ford,Focus,Diésel,41589.0,120.0,manual,15990,Madrid,28021,Madrid,Madrid
Ford,Focus,Diésel,54094.0,120.0,manual,17990,Madrid,28021,Madrid,Madrid
Ford,Focus,Diésel,54094.0,120.0,manual,16690,Madrid,28021,Madrid,Madrid
Ford,Focus,Diésel,79955.0,120.0,manual,13390,Madrid,28021,Madrid,Madrid
Ford,Focus,Diésel,79955.0,120.0,manual,12990,Madrid,28021,Madrid,Madrid
Ford,Focus,Gasolina,22074.0,125.0,manual,17900,Saladar,3700,Alicante,Saladar
Ford,Focus,Gasolina,22074.0,125.0,manual,17900,Mercado Parque Corredor del Henares,28850,Madrid,Mercado Parque Corredor del Henares
Ford,Focus,Gasolina,22074.0,125.0,manual,17900,Vigo,36214,Pontevedra,Vigo
Ford,Focus,Gasolina,22074.0,125.0,manual,17900,Sant Vicenç de Montalt,8394,Barcelona,Sant Vicenç de Montalt
Ford,Focus,Gasolina,22074.0,125.0,manual,17900,Murcia,30003,Murcia,Murcia
Ford,Focus,Gasolina,22074.0,125.0,manual,17900,Olèrdola,8734,Barcelona,Olèrdola
Ford,Focus,Gasolina,22074.0,125.0,manual,17900,Olèrdola,8734,Barcelona,Olèrdola
Ford,Focus,Diésel,58800.0,120.0,automatic,17490,Sevilla,41005,Sevilla,Sevilla
Ford,Focus,Gasolina,35000.0,250.0,manual,21990,Sevilla,41005,Sevilla,Sevilla
Ford,Focus,Diésel,58800.0,120.0,automatic,17490,Alicante,3010,Alicante,Alicante
Ford,Focus,Diésel,58800.0,120.0,automatic,17490,Alicante,3010,Murcia,Alicante
Ford,Focus,Diésel,58800.0,120.0,automatic,17490,Vigo,36211,Pontevedra,Vigo
Ford,Focus,Gasolina,35000.0,250.0,manual,21990,Alicante,3010,Alicante,Alicante
Ford,Focus,Gasolina,35000.0,250.0,manual,21990,Alicante,3010,Murcia,Alicante
Ford,Focus,Gasolina,35000.0,250.0,manual,21990,Vigo,36211,Pontevedra,Vigo
Ford,Focus,Diésel,58800.0,120.0,automatic,17490,Almería,4006,Almería,Almería
Ford,Focus,Gasolina,35000.0,250.0,manual,21990,Almería,4006,Almería,Almería
Ford,Focus,Diésel,91464.0,120.0,manual,11590,Sevilla,41005,Sevilla,Sevilla
Ford,Focus,Diésel,91464.0,120.0,manual,11590,Vigo,36211,Pontevedra,Vigo
Ford,Focus,Diésel,91464.0,120.0,manual,11590,Alicante,3010,Alicante,Alicante
Ford,Focus,Diésel,91464.0,120.0,manual,11590,Alicante,3010,Murcia,Alicante
Ford,Focus,Diésel,58800.0,120.0,automatic,17490,Bilbao,48004,Bizkaia,Bilbao
Ford,Focus,Gasolina,35000.0,250.0,manual,21990,Bilbao,48004,Bizkaia,Bilbao
Ford,Focus,Diésel,91464.0,120.0,manual,11590,Bilbao,48004,Bizkaia,Bilbao
Ford,Focus,Diésel,58800.0,120.0,automatic,17490,Ullastrell,8231,Barcelona,Ullastrell
Ford,Focus,Diésel,58800.0,120.0,automatic,17490,Òrrius,8317,Barcelona,Òrrius
Ford,Focus,Gasolina,35000.0,250.0,manual,21990,Castellón,12001,Castellón,Castellón
Dacia,Duster,Gasolina,33751.0,91.0,manual,19199,Madrid,28014,Madrid,Madrid
Dacia,Duster,Gasolina,33751.0,91.0,manual,19199,Barcelona,8007,Barcelona,Barcelona
Dacia,Duster,Gasolina,109000.0,115.0,manual,11999,Alcalá de Guadaíra,41500,Sevilla,Alcalá de Guadaíra
Fiat,500L,Gasolina,15179.0,95.0,manual,18400,Santiago de Compostela,15703,A Coruña,Santiago de Compostela
Fiat,500L,Diésel,37377.0,95.0,automatic,18285,Valdepeñas,13300,Ciudad Real,Valdepeñas
Fiat,500L,Diésel,37377.0,95.0,automatic,18285,Valdepeñas,13300,Ciudad Real,Valdepeñas
Fiat,500L,Gasolina,15179.0,95.0,manual,18400,Valdepeñas,13300,Ciudad Real,Valdepeñas
Fiat,500L,Gasolina,15179.0,95.0,manual,18400,Valdepeñas,13300,Ciudad Real,Valdepeñas
Fiat,500L,Gasolina,103755.0,95.0,manual,12639,Saladar,3700,Alicante,Saladar
Fiat,500L,Gasolina,65756.0,95.0,manual,12600,Saladar,3700,Alicante,Saladar
Fiat,500L,Diésel,37377.0,95.0,automatic,18285,Saladar,3700,Alicante,Saladar
Fiat,500L,Gasolina,15179.0,95.0,manual,18400,Saladar,3700,Alicante,Saladar
Fiat,500L,Diésel,37377.0,95.0,automatic,18285,Mercado Parque Corredor del Henares,28850,Madrid,Mercado Parque Corredor del Henares
Ford,Focus,Gasolina,90011.0,100.0,manual,2280,Madrid,28026,Madrid,Madrid
Ford,Focus,Diésel,62000.0,119.0,manual,359,Barcelona,8007,Barcelona,Barcelona
Ford,Focus,Diésel,107000.0,119.0,manual,175,Barcelona,8007,Barcelona,Barcelona
Ford,Focus,Gasolina,99000.0,125.0,manual,385,Valencia,46005,Valencia,Valencia
Ford,Focus,Diésel,107000.0,119.0,manual,314,Valencia,46005,Valencia,Valencia
Ford,Focus,Diésel,62000.0,119.0,manual,364,Barcelona,8009,Barcelona,Barcelona
Ford,Focus,Diésel,155079.0,115.0,manual,7990,Madrid,28021,Madrid,Madrid
Ford,Focus,Diésel,155079.0,115.0,manual,8290,Madrid,28021,Madrid,Madrid
Ford,Focus,Diésel,87772.0,120.0,manual,12535,Santiago de Compostela,15703,A Coruña,Santiago de Compostela
Ford,Focus,Diésel,87772.0,120.0,manual,12535,Mercado Parque Corredor del Henares,28850,Madrid,Mercado Parque Corredor del Henares
Ford,Focus,Diésel,87772.0,120.0,manual,12535,Valdepeñas,13300,Ciudad Real,Valdepeñas
Ford,Focus,Diésel,87772.0,120.0,manual,12535,Valdepeñas,13300,Ciudad Real,Valdepeñas
Ford,Focus,Diésel,87772.0,120.0,manual,12535,Ciudad Real,13003,Ciudad Real,Ciudad Real
Ford,Focus,Diésel,87772.0,120.0,manual,12535,Estepona,29680,Málaga,Estepona
Ford,Focus,Diésel,87772.0,120.0,manual,12535,Sant Vicenç de Montalt,8394,Barcelona,Sant Vicenç de Montalt
Ford,Focus,Diésel,87772.0,120.0,manual,12535,Santa Maria del Aguila,4710,Almería,Santa Maria del Aguila
Ford,Focus,Gasolina,91180.0,250.0,manual,22490,Sevilla,41005,Sevilla,Sevilla
Ford,Focus,Gasolina,91180.0,250.0,manual,22490,Alicante,3010,Alicante,Alicante
Ford,Focus,Gasolina,91180.0,250.0,manual,22490,Alicante,3010,Murcia,Alicante
Ford,Focus,Gasolina,91180.0,250.0,manual,22490,Almería,4006,Almería,Almería
Ford,Focus,Diésel,91464.0,120.0,manual,11590,Granada,18005,Granada,Granada
Ford,Focus,Gasolina,91180.0,250.0,manual,22490,Vigo,36211,Pontevedra,Vigo
Ford,Focus,Gasolina,91180.0,250.0,manual,22490,Granada,18005,Granada,Granada
Ford,Focus,Diésel,91464.0,120.0,manual,11590,Murcia,30005,Murcia,Murcia
Ford,Focus,Gasolina,91180.0,250.0,manual,22490,Murcia,30005,Murcia,Murcia
Ford,Focus,Gasolina,91180.0,250.0,manual,22490,Bilbao,48004,Bizkaia,Bilbao
Ford,Focus,Diésel,91464.0,120.0,manual,11590,Valencia,46001,Valencia,Valencia
Ford,Focus,Diésel,91464.0,120.0,manual,11590,Málaga,29005,Málaga,Málaga
BMW,X1,Diésel,118000.0,136.0,manual,538,Madrid,28009,Madrid,Madrid
Nissan,Juke,Gasolina,19926.0,117.0,manual,21275,Ciudad Real,13003,Ciudad Real,Ciudad Real
BMW,X1,Diésel,25654.0,150.0,automatic,35638,Santa Maria del Aguila,4710,Almería,Santa Maria del Aguila
BMW,X1,Diésel,25654.0,150.0,automatic,35638,Ciudad Real,13003,Ciudad Real,Ciudad Real
BMW,X1,Diésel,25654.0,150.0,automatic,35638,Santiago de Compostela,15703,A Coruña,Santiago de Compostela
BMW,X1,Diésel,25654.0,150.0,automatic,35638,Valdepeñas,13300,Ciudad Real,Valdepeñas
BMW,X1,Diésel,25654.0,150.0,automatic,35638,Valdepeñas,13300,Ciudad Real,Valdepeñas
BMW,X1,Diésel,25654.0,150.0,automatic,35638,Saladar,3700,Alicante,Saladar
BMW,X1,Diésel,25654.0,150.0,automatic,35638,Mercado Parque Corredor del Henares,28850,Madrid,Mercado Parque Corredor del Henares
BMW,X1,Diésel,25654.0,150.0,automatic,35638,Vigo,36214,Pontevedra,Vigo
BMW,X1,Diésel,25654.0,150.0,automatic,35638,Granollers,8403,Barcelona,Granollers
BMW,X1,Diésel,25654.0,150.0,automatic,35638,Sant Vicenç de Montalt,8394,Barcelona,Sant Vicenç de Montalt
BMW,X1,Diésel,25654.0,150.0,automatic,35638,Murcia,30003,Murcia,Murcia
BMW,X1,Diésel,25654.0,150.0,automatic,35638,Estepona,29680,Málaga,Estepona
BMW,X1,Diésel,25654.0,150.0,automatic,35638,Olèrdola,8734,Barcelona,Olèrdola
BMW,X1,Diésel,25654.0,150.0,automatic,35638,Olèrdola,8734,Barcelona,Olèrdola
BMW,X1,Diésel,99000.0,150.0,manual,20490,Sevilla,41005,Sevilla,Sevilla
BMW,X1,Diésel,99000.0,150.0,manual,20490,Vigo,36211,Pontevedra,Vigo
BMW,X1,Diésel,99000.0,150.0,manual,20490,Alicante,3010,Alicante,Alicante
BMW,X1,Diésel,99000.0,150.0,manual,20490,Alicante,3010,Murcia,Alicante
BMW,X1,Diésel,99000.0,150.0,manual,20490,Almería,4006,Almería,Almería
BMW,X1,Diésel,99000.0,150.0,manual,20490,Bilbao,48004,Bizkaia,Bilbao
BMW,X1,Diésel,99000.0,150.0,manual,20490,Las Rozas de Madrid,28232,Madrid,Las Rozas de Madrid
BMW,X1,Diésel,99000.0,150.0,manual,20490,Urbanizacion La Granjilla,28700,Madrid,Urbanizacion La Granjilla
BMW,X1,Diésel,99000.0,150.0,manual,20490,Granada,18005,Granada,Granada
BMW,X1,Diésel,99000.0,150.0,manual,20490,Murcia,30005,Murcia,Murcia
Hyundai,i30,Gasolina,60000.0,119.0,manual,208,Barcelona,8007,Barcelona,Barcelona
Hyundai,i30,Gasolina,60000.0,119.0,manual,398,Valencia,46005,Valencia,Valencia
Hyundai,i30,Gasolina,88000.0,119.0,manual,385,Valencia,46005,Valencia,Valencia
Hyundai,i30,Diésel,110000.0,115.0,manual,217,Gandía,46701,Valencia,Gandía
Hyundai,i30,Diésel,138535.0,110.0,manual,11490,Leganés,28915,Madrid,Leganés
Hyundai,i30,Diésel,138535.0,110.0,manual,11490,Murcia,30004,Murcia,Murcia
Hyundai,i30,Diésel,138535.0,110.0,manual,11490,Parla,28700,Madrid,Parla
Hyundai,i30,Diésel,138535.0,110.0,manual,11490,Alcorcón,28924,Madrid,Alcorcón
Hyundai,i30,Diésel,138535.0,110.0,manual,11490,Getafe,28903,Madrid,Getafe
Hyundai,i30,Diésel,138535.0,110.0,manual,11490,Barcelona,8041,Barcelona,Barcelona
Hyundai,i30,Diésel,138535.0,110.0,manual,11490,Valencia,28943,Madrid,Valencia
Hyundai,i30,Diésel,61581.0,136.0,automatic,18900,Torremolinos,29620,Málaga,Torremolinos
Hyundai,i30,Diésel,61581.0,136.0,automatic,18900,Torremolinos,29620,Málaga,Torremolinos
Hyundai,i30,Diésel,61581.0,136.0,automatic,18900,Torremolinos,29620,Málaga,Torremolinos
Hyundai,i30,Diésel,61581.0,136.0,automatic,18900,Albacete,2001,Albacete,Albacete
Hyundai,i30,Diésel,61581.0,136.0,automatic,18900,Hidraulica Santillana,28770,Madrid,Hidraulica Santillana
Hyundai,i30,Gasolina,45637.0,120.0,manual,13990,Almería,4006,Almería,Almería
Hyundai,i30,Diésel,61581.0,136.0,automatic,18900,Castello/Castellon de La Plana,12100,Castellón,Castello/Castellon de La Plana
Hyundai,i30,Diésel,61581.0,136.0,automatic,18900,Olèrdola,8734,Barcelona,Olèrdola
Hyundai,i30,Diésel,61581.0,136.0,automatic,18900,Olèrdola,8734,Barcelona,Olèrdola
Hyundai,i30,Gasolina,32257.0,120.0,manual,16990,Almería,4006,Almería,Almería
Hyundai,i30,Diésel,61581.0,136.0,automatic,18900,Mercado Parque Corredor del Henares,28850,Madrid,Mercado Parque Corredor del Henares
Hyundai,i30,Diésel,61581.0,136.0,automatic,18900,Alzira,46600,Valencia,Alzira
Hyundai,i30,Diésel,61581.0,136.0,automatic,18900,Alzira,46600,Valencia,Alzira
Hyundai,i30,Gasolina,18332.0,120.0,manual,17199,Madrid,28014,Madrid,Madrid
Hyundai,i30,Gasolina,18332.0,120.0,manual,17199,Barcelona,8007,Barcelona,Barcelona
Hyundai,i30,Gasolina,32257.0,120.0,manual,16990,Alicante,3010,Alicante,Alicante
Hyundai,i30,Gasolina,32257.0,120.0,manual,16990,Alicante,3010,Murcia,Alicante
Hyundai,i30,Gasolina,32257.0,120.0,manual,16990,Vigo,36211,Pontevedra,Vigo
Hyundai,i30,Gasolina,45637.0,120.0,manual,13990,Ciudad Real,13005,Ciudad Real,Ciudad Real
Hyundai,i30,Gasolina,32257.0,120.0,manual,16990,Granada,18005,Granada,Granada
Hyundai,i30,Gasolina,45637.0,120.0,manual,13990,Murcia,30005,Murcia,Murcia
Hyundai,i30,Gasolina,45637.0,120.0,manual,13990,Bilbao,48004,Bizkaia,Bilbao
Hyundai,i30,Gasolina,45637.0,120.0,manual,13990,Sevilla,41005,Sevilla,Sevilla
Hyundai,i30,Gasolina,45637.0,120.0,manual,13990,Valencia,46001,Valencia,Valencia
Hyundai,i30,Gasolina,45637.0,120.0,manual,13990,Badajoz,6003,Badajoz,Badajoz
Hyundai,i30,Gasolina,32257.0,120.0,manual,16990,Murcia,30005,Murcia,Murcia
Hyundai,i30,Gasolina,45637.0,120.0,manual,13990,Málaga,29005,Málaga,Málaga
Hyundai,i30,Gasolina,32257.0,120.0,manual,16990,Bilbao,48004,Bizkaia,Bilbao
Hyundai,i30,Gasolina,45637.0,120.0,manual,13990,Córdoba,14003,Córdoba,Córdoba
Hyundai,i30,Gasolina,32257.0,120.0,manual,16990,Algeciras,11202,Cádiz,Algeciras
Hyundai,i30,Gasolina,45637.0,120.0,manual,13990,Jaén,23008,Jaén,Jaén
Hyundai,i30,Gasolina,45637.0,120.0,manual,13990,Sevilla,41017,Sevilla,Sevilla
Hyundai,i30,Gasolina,1500.0,280.0,automatic,39890,Rubí,8191,Barcelona,Rubí
Hyundai,i30,Gasolina,42000.0,275.0,manual,28900,Palamós,17230,Girona,Palamós
Mazda,CX-5,Diésel,99990.0,194.0,automatic,20990,Alicante,3010,Alicante,Alicante
Mazda,CX-5,Diésel,99990.0,194.0,automatic,20990,Alicante,3010,Murcia,Alicante
Mazda,CX-5,Diésel,99990.0,194.0,automatic,20490,Alicante,3010,Alicante,Alicante
Mazda,CX-5,Diésel,99990.0,194.0,automatic,20490,Alicante,3010,Murcia,Alicante
Mazda,CX-5,Diésel,99990.0,194.0,automatic,20990,Almería,4006,Almería,Almería
Mazda,CX-5,Diésel,99990.0,194.0,automatic,20490,Almería,4006,Almería,Almería
Nissan,Note,Gasolina,128000.0,80.0,manual,8990,Vigo,36211,Pontevedra,Vigo
Nissan,Note,Gasolina,128000.0,80.0,manual,8990,León,24003,León,León
Nissan,Note,Gasolina,128000.0,80.0,manual,8990,León,24003,León,León
Nissan,Note,Gasolina,128000.0,80.0,manual,8990,Bilbao,48004,Bizkaia,Bilbao
Nissan,Note,Gasolina,128000.0,80.0,manual,8990,Almería,4006,Almería,Almería
Mazda,CX-5,Diésel,99990.0,194.0,automatic,20990,Vigo,36211,Pontevedra,Vigo
Mazda,CX-5,Diésel,99990.0,194.0,automatic,20490,Vigo,36211,Pontevedra,Vigo
KIA,Carens,Gasolina,90200.0,135.0,manual,12990,Murcia,30005,Murcia,Murcia
Mazda,CX-5,Diésel,99990.0,194.0,automatic,20990,Granada,18005,Granada,Granada
Mazda,CX-5,Diésel,99990.0,194.0,automatic,20490,Granada,18005,Granada,Granada
Mazda,CX-5,Diésel,99990.0,194.0,automatic,20990,Murcia,30005,Murcia,Murcia
Mazda,CX-5,Diésel,99990.0,194.0,automatic,20490,Murcia,30005,Murcia,Murcia
Mazda,CX-5,Diésel,99990.0,194.0,automatic,20990,Urbanizacion La Granjilla,28700,Madrid,Urbanizacion La Granjilla
Mazda,CX-5,Diésel,99990.0,194.0,automatic,20490,Urbanizacion La Granjilla,28700,Madrid,Urbanizacion La Granjilla
Mazda,CX-5,Diésel,99990.0,194.0,automatic,20990,Toledo,45002,Toledo,Toledo
Mazda,CX-5,Diésel,99990.0,194.0,automatic,20490,Toledo,45002,Toledo,Toledo
Mazda,CX-5,Diésel,99990.0,194.0,automatic,20990,Collado Villalba,28400,Madrid,Collado Villalba
Mazda,CX-5,Diésel,99990.0,194.0,automatic,20990,Collado Villalba,28400,Madrid,Collado Villalba
Mazda,CX-5,Diésel,99990.0,194.0,automatic,20490,Collado Villalba,28400,Madrid,Collado Villalba
Mazda,CX-5,Diésel,99990.0,194.0,automatic,20490,Collado Villalba,28400,Madrid,Collado Villalba
Mazda,CX-5,Diésel,99990.0,194.0,automatic,20990,Bilbao,48004,Bizkaia,Bilbao
Mazda,CX-5,Diésel,99990.0,194.0,automatic,20490,Bilbao,48004,Bizkaia,Bilbao
Mazda,CX-5,Diésel,99990.0,194.0,automatic,20990,Valencia,46001,Valencia,Valencia
Mazda,CX-5,Diésel,99990.0,194.0,automatic,20490,Valencia,46001,Valencia,Valencia
Peugeot,206,Gasolina,109.0,75.0,manual,2500,El Saucejo,41650,Sevilla,El Saucejo
Peugeot,2008,Gasolina,112000.0,130.0,manual,379,Barcelona,8007,Barcelona,Barcelona
Peugeot,2008,Diésel,115000.0,99.0,manual,316,Barcelona,8007,Barcelona,Barcelona
Peugeot,2008,Diésel,99950.0,99.0,manual,385,Barcelona,8009,Barcelona,Barcelona
Peugeot,2008,Diésel,86000.0,99.0,manual,330,Madrid,28006,Madrid,Madrid
Peugeot,2008,Diésel,52000.0,75.0,manual,387,Madrid,28006,Madrid,Madrid
Peugeot,2008,Diésel,115000.0,99.0,manual,320,Barcelona,8009,Barcelona,Barcelona
Peugeot,2008,Diésel,95000.0,100.0,manual,317,Madrid,28006,Madrid,Madrid
Peugeot,2008,Diésel,180364.0,100.0,manual,12990,Madrid,28021,Madrid,Madrid
Peugeot,2008,Diésel,180364.0,100.0,manual,12290,Madrid,28021,Madrid,Madrid
Peugeot,2008,Diésel,97311.0,100.0,manual,14990,Madrid,28021,Madrid,Madrid
Peugeot,2008,Diésel,78024.0,120.0,manual,12490,Sevilla,41005,Sevilla,Sevilla
Peugeot,2008,Diésel,78024.0,120.0,manual,12490,Alicante,3010,Alicante,Alicante
Peugeot,2008,Diésel,78024.0,120.0,manual,12490,Alicante,3010,Murcia,Alicante
Peugeot,2008,Diésel,78024.0,120.0,manual,12490,Almería,4006,Almería,Almería
Peugeot,2008,Diésel,78024.0,120.0,manual,12490,Vigo,36211,Pontevedra,Vigo
Peugeot,2008,Diésel,78024.0,120.0,manual,12490,Granada,18005,Granada,Granada
Peugeot,2008,Diésel,78024.0,120.0,manual,12490,Murcia,30005,Murcia,Murcia
Peugeot,2008,Diésel,78024.0,120.0,manual,12490,Castellón,12001,Castellón,Castellón
Peugeot,2008,Diésel,78024.0,120.0,manual,12490,Bilbao,48004,Bizkaia,Bilbao
Peugeot,2008,Diésel,78024.0,120.0,manual,12490,Valencia,46001,Valencia,Valencia
Peugeot,2008,Diésel,78024.0,120.0,manual,12490,Málaga,29005,Málaga,Málaga
Peugeot,2008,Diésel,78024.0,120.0,manual,12490,Palma de Mallorca,7003,Baleares,Palma de Mallorca
Peugeot,3008,Diésel,94000.0,130.0,manual,268,Barcelona,8007,Barcelona,Barcelona
Peugeot,3008,Diésel,116000.0,130.0,manual,469,Barcelona,8007,Barcelona,Barcelona
Peugeot,3008,Diésel,86000.0,130.0,manual,522,Valencia,46005,Valencia,Valencia
Peugeot,3008,Diésel,99950.0,130.0,manual,512,Madrid,28006,Madrid,Madrid
Peugeot,3008,Diésel,51581.0,130.0,automatic,23990,Madrid,28021,Madrid,Madrid
Peugeot,3008,Diésel,51581.0,130.0,automatic,23490,Madrid,28021,Madrid,Madrid
Peugeot,3008,Diésel,102494.0,120.0,manual,11825,Santiago de Compostela,15703,A Coruña,Santiago de Compostela
Peugeot,3008,Diésel,158596.0,150.0,manual,11880,Santiago de Compostela,15703,A Coruña,Santiago de Compostela
Peugeot,3008,Diésel,102212.0,120.0,manual,13789,Santiago de Compostela,15703,A Coruña,Santiago de Compostela
Peugeot,3008,Diésel,102494.0,120.0,manual,11825,Mercado Parque Corredor del Henares,28850,Madrid,Mercado Parque Corredor del Henares
Peugeot,3008,Diésel,102494.0,120.0,manual,11825,Valdepeñas,13300,Ciudad Real,Valdepeñas
Peugeot,3008,Diésel,102494.0,120.0,manual,11825,Valdepeñas,13300,Ciudad Real,Valdepeñas
Peugeot,3008,Diésel,102494.0,120.0,manual,11825,Ciudad Real,13003,Ciudad Real,Ciudad Real
Peugeot,3008,Diésel,102494.0,120.0,manual,11825,Estepona,29680,Málaga,Estepona
Peugeot,3008,Diésel,158596.0,150.0,manual,11880,Mercado Parque Corredor del Henares,28850,Madrid,Mercado Parque Corredor del Henares
Peugeot,3008,Diésel,158596.0,150.0,manual,11880,Valdepeñas,13300,Ciudad Real,Valdepeñas
Peugeot,3008,Diésel,158596.0,150.0,manual,11880,Valdepeñas,13300,Ciudad Real,Valdepeñas
Peugeot,3008,Diésel,158596.0,150.0,manual,11880,Ciudad Real,13003,Ciudad Real,Ciudad Real
Peugeot,3008,Diésel,158596.0,150.0,manual,11880,Estepona,29680,Málaga,Estepona
Peugeot,3008,Diésel,102494.0,120.0,manual,11825,Sant Vicenç de Montalt,8394,Barcelona,Sant Vicenç de Montalt
Peugeot,3008,Diésel,102494.0,120.0,manual,11825,Santa Maria del Aguila,4710,Almería,Santa Maria del Aguila
Peugeot,3008,Diésel,158596.0,150.0,manual,11880,Sant Vicenç de Montalt,8394,Barcelona,Sant Vicenç de Montalt
Peugeot,3008,Diésel,158596.0,150.0,manual,11880,Santa Maria del Aguila,4710,Almería,Santa Maria del Aguila
Peugeot,3008,Diésel,102212.0,120.0,manual,13789,Mercado Parque Corredor del Henares,28850,Madrid,Mercado Parque Corredor del Henares
Peugeot,208,Diésel,123000.0,75.0,manual,8900,Argamasilla de Calatrava,13440,Ciudad Real,Argamasilla de Calatrava
Peugeot,208,Gasolina,37419.0,100.0,manual,15390,Madrid,28021,Madrid,Madrid
Peugeot,208,Gasolina,37419.0,100.0,manual,15590,Madrid,28021,Madrid,Madrid
Peugeot,208,Gasolina,35334.0,100.0,manual,15790,Madrid,28021,Madrid,Madrid
Peugeot,208,Gasolina,35334.0,100.0,manual,15490,Madrid,28021,Madrid,Madrid
Peugeot,208,Diésel,56812.0,75.0,manual,9890,Madrid,28021,Madrid,Madrid
Peugeot,208,Diésel,107993.0,68.0,manual,8990,Sevilla,41005,Sevilla,Sevilla
Peugeot,208,Gasolina,21758.0,75.0,manual,14490,Sevilla,41005,Sevilla,Sevilla
Peugeot,208,Diésel,107993.0,68.0,manual,8990,Alicante,3010,Alicante,Alicante
Peugeot,208,Diésel,107993.0,68.0,manual,8990,Alicante,3010,Murcia,Alicante
Peugeot,208,Gasolina,32500.0,75.0,manual,15990,Málaga,29005,Málaga,Málaga
Peugeot,208,Gasolina,32500.0,75.0,manual,14990,Málaga,29005,Málaga,Málaga
Peugeot,208,Gasolina,21758.0,75.0,manual,14490,Alicante,3010,Alicante,Alicante
Peugeot,208,Gasolina,21758.0,75.0,manual,14490,Alicante,3010,Murcia,Alicante
Peugeot,208,Diésel,59987.0,100.0,manual,11990,Málaga,29005,Málaga,Málaga
Peugeot,208,Diésel,127666.0,100.0,manual,7990,Málaga,29005,Málaga,Málaga
Peugeot,208,Gasolina,9920.0,82.0,manual,11990,Málaga,29005,Málaga,Málaga
Peugeot,208,Diésel,107993.0,68.0,manual,8990,Bilbao,48004,Bizkaia,Bilbao
Peugeot,208,Diésel,107993.0,68.0,manual,8990,Almería,4006,Almería,Almería
Peugeot,208,Diésel,107993.0,68.0,manual,8990,Vigo,36211,Pontevedra,Vigo
Peugeot,208,Diésel,107993.0,68.0,manual,8990,Granada,18005,Granada,Granada
Peugeot,208,Gasolina,21758.0,75.0,manual,14490,Almería,4006,Almería,Almería
Peugeot,208,Gasolina,21758.0,75.0,manual,14490,Vigo,36211,Pontevedra,Vigo
Peugeot,208,Gasolina,21758.0,75.0,manual,14490,Granada,18005,Granada,Granada
Peugeot,208,Diésel,107993.0,68.0,manual,8990,Murcia,30005,Murcia,Murcia
Peugeot,208,Gasolina,21758.0,75.0,manual,14490,Murcia,30005,Murcia,Murcia
Peugeot,208,Gasolina,21758.0,75.0,manual,14490,Castellón,12001,Castellón,Castellón
Peugeot,208,Diésel,107993.0,68.0,manual,8990,Málaga,29005,Málaga,Málaga
Peugeot,208,Diésel,107993.0,68.0,manual,8990,Valencia,46001,Valencia,Valencia
Nissan,Townstar,Gasolina,2397.0,130.0,manual,26900,Sant Boi de Llobregat,8830,Barcelona,Sant Boi de Llobregat
Peugeot,208,Gasolina,21758.0,75.0,manual,14490,Bilbao,48004,Bizkaia,Bilbao
Peugeot,208,Gasolina,21758.0,75.0,manual,14490,Valencia,46001,Valencia,Valencia
Peugeot,208,Gasolina,21758.0,75.0,manual,14490,Málaga,29005,Málaga,Málaga
Peugeot,208,Diésel,107993.0,68.0,manual,8990,Cáceres,10001,Cáceres,Cáceres
Peugeot,208,Gasolina,21758.0,75.0,manual,14490,Palma de Mallorca,7003,Baleares,Palma de Mallorca
Peugeot,208,Diésel,107993.0,68.0,manual,8990,Salamanca,37008,Salamanca,Salamanca
Peugeot,208,Diésel,107993.0,68.0,manual,8990,Salamanca,37008,Salamanca,Salamanca
Peugeot,208,Diésel,107993.0,68.0,manual,8990,Badajoz,6003,Badajoz,Badajoz
Peugeot,307,Gasolina,190000.0,110.0,manual,2800,Bertamirans,15220,A Coruña,Bertamirans
Peugeot,307,Diésel,200000.0,110.0,manual,2000,Murcia,30001,Murcia,Murcia
Mercedes-Benz,Clase E,Gasolina,114281.0,184.0,automatic,26290,Murcia,30003,Murcia,Murcia
Mercedes-Benz,Clase E,Gasolina,114281.0,184.0,automatic,26290,Estepona,29680,Málaga,Estepona
Mercedes-Benz,Clase E,Gasolina,114281.0,184.0,automatic,26290,Olèrdola,8734,Barcelona,Olèrdola
Mercedes-Benz,Clase E,Gasolina,114281.0,184.0,automatic,26290,Olèrdola,8734,Barcelona,Olèrdola
Mercedes-Benz,Clase E,Gasolina,114281.0,184.0,automatic,26290,Barcelona,8007,Barcelona,Barcelona
Mercedes-Benz,Clase E,Gasolina,114281.0,184.0,automatic,26290,Colonia Pablo Iglesias,28520,Madrid,Colonia Pablo Iglesias
KIA,Carens,Diésel,167299.0,136.0,manual,9490,Almería,4006,Almería,Almería
Mercedes-Benz,Clase E,Gasolina,114281.0,184.0,automatic,26290,Las Rozas de Madrid,28232,Madrid,Las Rozas de Madrid
Mercedes-Benz,Clase E,Gasolina,114281.0,184.0,automatic,26290,Torremolinos,29620,Málaga,Torremolinos
Mercedes-Benz,Clase E,Gasolina,114281.0,184.0,automatic,26290,Torremolinos,29620,Málaga,Torremolinos
Mercedes-Benz,Clase E,Gasolina,114281.0,184.0,automatic,26290,Torremolinos,29620,Málaga,Torremolinos
Mercedes-Benz,Clase E,Gasolina,114281.0,184.0,automatic,26290,Alameda del Obispo,14005,Córdoba,Alameda del Obispo
Mercedes-Benz,Clase E,Gasolina,114281.0,184.0,automatic,26290,Zaragoza,50013,Zaragoza,Zaragoza
Mercedes-Benz,Clase E,Gasolina,114281.0,184.0,automatic,26290,Alcalá de Guadaíra,41500,Sevilla,Alcalá de Guadaíra
Mercedes-Benz,Clase E,Gasolina,114281.0,184.0,automatic,26290,Puerto de Sagunto,46520,Valencia,Puerto de Sagunto
Mercedes-Benz,Clase E,Gasolina,114281.0,184.0,automatic,26290,Santafe,18320,Granada,Santafe
Mercedes-Benz,Clase E,Gasolina,114281.0,184.0,automatic,26290,Paterna,46980,Valencia,Paterna
Mercedes-Benz,Clase E,Gasolina,114281.0,184.0,automatic,26290,Mercabilbao,48970,Bizkaia,Mercabilbao
Mercedes-Benz,Clase E,Gasolina,114281.0,184.0,automatic,26290,Atarrabia,31610,Navarra,Atarrabia
Mercedes-Benz,Clase E,Gasolina,114281.0,184.0,automatic,26290,Getafe,28906,Madrid,Getafe
Mercedes-Benz,Clase E,Gasolina,114281.0,184.0,automatic,26290,Collado Villalba,28400,Madrid,Collado Villalba
Mercedes-Benz,Clase E,Gasolina,114281.0,184.0,automatic,26290,Collado Villalba,28400,Madrid,Collado Villalba
Mercedes-Benz,Clase E,Gasolina,114281.0,184.0,automatic,26290,Alcobendas,28100,Madrid,Alcobendas
Mercedes-Benz,Clase E,Gasolina,114281.0,184.0,automatic,26290,Hidraulica Santillana,28770,Madrid,Hidraulica Santillana
Mercedes-Benz,Clase E,Gasolina,114281.0,184.0,automatic,26290,Alzira,46600,Valencia,Alzira
Mercedes-Benz,Clase E,Gasolina,114281.0,184.0,automatic,26290,Alzira,46600,Valencia,Alzira
Mercedes-Benz,Clase E,Gasolina,114281.0,184.0,automatic,26290,Badajoz,6008,Badajoz,Badajoz
Mercedes-Benz,Clase E,Gasolina,114281.0,184.0,automatic,26290,Albacete,2001,Albacete,Albacete
Mercedes-Benz,Clase E,Gasolina,114281.0,184.0,automatic,26290,Castello/Castellon de La Plana,12100,Castellón,Castello/Castellon de La Plana
Mercedes-Benz,Clase E,Gasolina,114281.0,184.0,automatic,26290,Alicante,3007,Alicante,Alicante
Volkswagen,Touran,Diésel,202000.0,105.0,manual,5490,Maliaño,39600,Cantabria,Maliaño
Volkswagen,Touran,Diésel,187000.0,105.0,manual,10900,Valencia,46025,Valencia,Valencia
Volkswagen,Touran,Diésel,72000.0,150.0,manual,24899,Alhendín,18620,Granada,Alhendín
Volkswagen,Touran,Diésel,72000.0,150.0,manual,24899,Alhendín,18620,Granada,Alhendín
Honda,Civic,Diésel,117618.0,120.0,manual,12650,Murcia,30003,Murcia,Murcia
Honda,Civic,Diésel,117618.0,120.0,manual,12650,Olèrdola,8734,Barcelona,Olèrdola
Honda,Civic,Diésel,117618.0,120.0,manual,12650,Olèrdola,8734,Barcelona,Olèrdola
Honda,Civic,Gasolina,35237.0,182.0,automatic,20990,Sevilla,41005,Sevilla,Sevilla
Honda,Civic,Gasolina,35237.0,182.0,automatic,20990,Alicante,3010,Alicante,Alicante
Honda,Civic,Gasolina,35237.0,182.0,automatic,20990,Alicante,3010,Murcia,Alicante
Honda,Civic,Gasolina,35237.0,182.0,automatic,20990,Vigo,36211,Pontevedra,Vigo
Honda,Civic,Gasolina,35237.0,182.0,automatic,20990,Almería,4006,Almería,Almería
Honda,Civic,Gasolina,35237.0,182.0,automatic,20990,Bilbao,48004,Bizkaia,Bilbao
Honda,Civic,Gasolina,35237.0,182.0,automatic,20990,Granada,18005,Granada,Granada
Honda,Civic,Gasolina,35237.0,182.0,automatic,20990,Valencia,46001,Valencia,Valencia
Honda,Civic,Gasolina,35237.0,182.0,automatic,20990,Málaga,29005,Málaga,Málaga
Honda,Civic,Gasolina,35237.0,182.0,automatic,20990,Murcia,30005,Murcia,Murcia
Honda,Civic,Gasolina,35237.0,182.0,automatic,20990,Ourense,32001,Ourense,Ourense
Honda,Civic,Diésel,117618.0,120.0,manual,12650,Zaragoza,50013,Zaragoza,Zaragoza
Honda,Civic,Gasolina,126500.0,126.0,manual,17990,Cornella de Llobregat,8940,Barcelona,Cornella de Llobregat
Honda,Civic,Gasolina,139000.0,140.0,manual,8500,El Aeroport del Prat,8820,Barcelona,El Aeroport del Prat
Volkswagen,Polo,Gasolina,68142.0,95.0,manual,16390,Madrid,28021,Madrid,Madrid
Volkswagen,Polo,Gasolina,68142.0,95.0,manual,15990,Madrid,28021,Madrid,Madrid
Volkswagen,Polo,Diésel,69473.0,80.0,manual,13590,Madrid,28021,Madrid,Madrid
Volkswagen,Polo,Diésel,15741.0,95.0,manual,17490,Madrid,28021,Madrid,Madrid
Volkswagen,Polo,Diésel,15741.0,95.0,manual,17190,Madrid,28021,Madrid,Madrid
Volkswagen,Polo,Gasolina,109810.0,80.0,manual,12535,Santiago de Compostela,15703,A Coruña,Santiago de Compostela
Volkswagen,Polo,Diésel,150158.0,90.0,automatic,11990,Santiago de Compostela,15703,A Coruña,Santiago de Compostela
Volkswagen,Polo,Gasolina,119088.0,90.0,manual,12535,Estepona,29680,Málaga,Estepona
Volkswagen,Polo,Gasolina,109810.0,80.0,manual,12535,Mercado Parque Corredor del Henares,28850,Madrid,Mercado Parque Corredor del Henares
Volkswagen,Polo,Gasolina,109810.0,80.0,manual,12535,Valdepeñas,13300,Ciudad Real,Valdepeñas
Volkswagen,Polo,Gasolina,109810.0,80.0,manual,12535,Valdepeñas,13300,Ciudad Real,Valdepeñas
Volkswagen,Polo,Gasolina,109810.0,80.0,manual,12535,Ciudad Real,13003,Ciudad Real,Ciudad Real
Volkswagen,Polo,Diésel,150158.0,90.0,automatic,11990,Mercado Parque Corredor del Henares,28850,Madrid,Mercado Parque Corredor del Henares
Volkswagen,Polo,Gasolina,109810.0,80.0,manual,12535,Estepona,29680,Málaga,Estepona
Volkswagen,Polo,Diésel,150158.0,90.0,automatic,11990,Valdepeñas,13300,Ciudad Real,Valdepeñas
Volkswagen,Polo,Diésel,150158.0,90.0,automatic,11990,Valdepeñas,13300,Ciudad Real,Valdepeñas
Volkswagen,Polo,Diésel,150158.0,90.0,automatic,11990,Ciudad Real,13003,Ciudad Real,Ciudad Real
Volkswagen,Polo,Diésel,150158.0,90.0,automatic,11990,Estepona,29680,Málaga,Estepona
Citroen,C4 Cactus,Diésel,88953.0,99.0,manual,13900,Alzira,46600,Valencia,Alzira
Citroen,C4 Cactus,Diésel,88953.0,99.0,manual,13900,Alzira,46600,Valencia,Alzira
Citroen,C4 Cactus,Diésel,88953.0,99.0,manual,13900,Las Rozas de Madrid,28232,Madrid,Las Rozas de Madrid
Citroen,C4 Cactus,Diésel,88953.0,99.0,manual,13900,Valdepeñas,13300,Ciudad Real,Valdepeñas
Citroen,C4 Cactus,Diésel,88953.0,99.0,manual,13900,Valdepeñas,13300,Ciudad Real,Valdepeñas
Citroen,C4 Cactus,Diésel,88953.0,99.0,manual,13900,Mercabilbao,48970,Bizkaia,Mercabilbao
Citroen,C4 Cactus,Diésel,135000.0,100.0,manual,9490,Toledo,45002,Toledo,Toledo
Citroen,C4 Cactus,Diésel,88953.0,99.0,manual,13900,Colonia Pablo Iglesias,28520,Madrid,Colonia Pablo Iglesias
Citroen,C4 Cactus,Diésel,88953.0,99.0,manual,13900,Zaragoza,50013,Zaragoza,Zaragoza
Citroen,C4 Cactus,Diésel,88953.0,99.0,manual,13900,Alcalá de Guadaíra,41500,Sevilla,Alcalá de Guadaíra
Citroen,C4 Cactus,Diésel,88953.0,99.0,manual,13900,Estepona,29680,Málaga,Estepona
Citroen,C4 Cactus,Diésel,135000.0,100.0,manual,9490,Alicante,3010,Alicante,Alicante
Citroen,C4 Cactus,Diésel,135000.0,100.0,manual,9490,Alicante,3010,Murcia,Alicante
Citroen,C4 Cactus,Diésel,135000.0,100.0,manual,9490,Vigo,36211,Pontevedra,Vigo
Dacia,Duster,Diésel,121813.0,95.0,manual,14490,Madrid,28021,Madrid,Madrid
Dacia,Duster,Diésel,121813.0,95.0,manual,14290,Madrid,28021,Madrid,Madrid
Dacia,Duster,Diésel,72606.0,107.0,manual,10900,Santiago de Compostela,15703,A Coruña,Santiago de Compostela
Dacia,Duster,Diésel,72606.0,107.0,manual,10900,Mercado Parque Corredor del Henares,28850,Madrid,Mercado Parque Corredor del Henares
Dacia,Duster,Diésel,72606.0,107.0,manual,10900,Valdepeñas,13300,Ciudad Real,Valdepeñas
Dacia,Duster,Diésel,72606.0,107.0,manual,10900,Valdepeñas,13300,Ciudad Real,Valdepeñas
Dacia,Duster,Diésel,72606.0,107.0,manual,10900,Ciudad Real,13003,Ciudad Real,Ciudad Real
Dacia,Duster,Diésel,72606.0,107.0,manual,10900,Estepona,29680,Málaga,Estepona
Dacia,Duster,Diésel,72606.0,107.0,manual,10900,Sant Vicenç de Montalt,8394,Barcelona,Sant Vicenç de Montalt
Dacia,Duster,Diésel,72606.0,107.0,manual,10900,Santa Maria del Aguila,4710,Almería,Santa Maria del Aguila
Dacia,Duster,Diésel,72606.0,107.0,manual,10900,Olèrdola,8734,Barcelona,Olèrdola
Dacia,Duster,Diésel,72606.0,107.0,manual,10900,Olèrdola,8734,Barcelona,Olèrdola
Dacia,Duster,Diésel,72606.0,107.0,manual,10900,Alameda del Obispo,14005,Córdoba,Alameda del Obispo
Dacia,Duster,Diésel,72606.0,107.0,manual,10900,Alcobendas,28100,Madrid,Alcobendas
Dacia,Duster,Diésel,72606.0,107.0,manual,10900,Mercabilbao,48970,Bizkaia,Mercabilbao
Dacia,Duster,Diésel,72606.0,107.0,manual,10900,Castello/Castellon de La Plana,12100,Castellón,Castello/Castellon de La Plana
Dacia,Duster,Diésel,72606.0,107.0,manual,10900,Santafe,18320,Granada,Santafe
Dacia,Duster,Diésel,72606.0,107.0,manual,10900,Las Rozas de Madrid,28232,Madrid,Las Rozas de Madrid
Dacia,Duster,Diésel,72606.0,107.0,manual,10900,Collado Villalba,28400,Madrid,Collado Villalba
Dacia,Duster,Diésel,72606.0,107.0,manual,10900,Collado Villalba,28400,Madrid,Collado Villalba
Dacia,Duster,Diésel,72606.0,107.0,manual,10900,Paterna,46980,Valencia,Paterna
Dacia,Duster,Diésel,72606.0,107.0,manual,10900,Puerto de Sagunto,46520,Valencia,Puerto de Sagunto
Dacia,Duster,Diésel,72606.0,107.0,manual,10900,Zaragoza,50013,Zaragoza,Zaragoza
Dacia,Duster,Diésel,72606.0,107.0,manual,10900,Atarrabia,31610,Navarra,Atarrabia
Dacia,Duster,Diésel,72606.0,107.0,manual,10900,Colonia Pablo Iglesias,28520,Madrid,Colonia Pablo Iglesias
Dacia,Duster,Diésel,72606.0,107.0,manual,10900,Hidraulica Santillana,28770,Madrid,Hidraulica Santillana
Dacia,Duster,Diésel,72606.0,107.0,manual,10900,Albacete,2001,Albacete,Albacete
Dacia,Duster,Diésel,72606.0,107.0,manual,10900,Alicante,3007,Alicante,Alicante
Dacia,Duster,Diésel,72606.0,107.0,manual,10900,Alzira,46600,Valencia,Alzira
Dacia,Duster,Diésel,72606.0,107.0,manual,10900,Alzira,46600,Valencia,Alzira
Dacia,Duster,Diésel,15442.0,116.0,manual,17900,Antequera,29200,Málaga,Antequera
Dacia,Duster,Diésel,15442.0,116.0,manual,18900,Antequera,29200,Málaga,Antequera
Dacia,Duster,Diésel,15442.0,116.0,manual,17900,Málaga,29006,Málaga,Málaga
Dacia,Dokker,Diésel,98674.0,90.0,manual,11500,Valdepeñas,13300,Ciudad Real,Valdepeñas
Dacia,Dokker,Diésel,98674.0,90.0,manual,11500,Valdepeñas,13300,Ciudad Real,Valdepeñas
Dacia,Dokker,Diésel,98674.0,90.0,manual,11500,Ciudad Real,13003,Ciudad Real,Ciudad Real
Dacia,Dokker,Diésel,98674.0,90.0,manual,11500,Sant Vicenç de Montalt,8394,Barcelona,Sant Vicenç de Montalt
Dacia,Dokker,Diésel,98674.0,90.0,manual,11500,Santa Maria del Aguila,4710,Almería,Santa Maria del Aguila
Dacia,Dokker,Otros,154891.0,98.0,manual,12535,Mercado Parque Corredor del Henares,28850,Madrid,Mercado Parque Corredor del Henares
Dacia,Dokker,Otros,154891.0,98.0,manual,12535,Valdepeñas,13300,Ciudad Real,Valdepeñas
Dacia,Dokker,Otros,154891.0,98.0,manual,12535,Valdepeñas,13300,Ciudad Real,Valdepeñas
Dacia,Dokker,Otros,154891.0,98.0,manual,12535,Ciudad Real,13003,Ciudad Real,Ciudad Real
Dacia,Dokker,Otros,154891.0,98.0,manual,12535,Estepona,29680,Málaga,Estepona
Dacia,Dokker,Otros,154891.0,98.0,manual,12535,Sant Vicenç de Montalt,8394,Barcelona,Sant Vicenç de Montalt
Dacia,Dokker,Otros,154891.0,98.0,manual,12535,Santa Maria del Aguila,4710,Almería,Santa Maria del Aguila
Dacia,Dokker,Diésel,142000.0,90.0,manual,9290,Málaga,29005,Málaga,Málaga
Dacia,Dokker,Diésel,142000.0,90.0,manual,9290,Urbanizacion La Granjilla,28700,Madrid,Urbanizacion La Granjilla
Dacia,Dokker,Diésel,98674.0,90.0,manual,11500,Olèrdola,8734,Barcelona,Olèrdola
Dacia,Dokker,Diésel,98674.0,90.0,manual,11500,Olèrdola,8734,Barcelona,Olèrdola
Dacia,Dokker,Otros,154891.0,98.0,manual,12535,Olèrdola,8734,Barcelona,Olèrdola
Dacia,Dokker,Otros,154891.0,98.0,manual,12535,Olèrdola,8734,Barcelona,Olèrdola
Dacia,Dokker,Diésel,98674.0,90.0,manual,11500,Alameda del Obispo,14005,Córdoba,Alameda del Obispo
Dacia,Dokker,Diésel,98674.0,90.0,manual,11500,Mercabilbao,48970,Bizkaia,Mercabilbao
Dacia,Dokker,Diésel,98674.0,90.0,manual,11500,Santafe,18320,Granada,Santafe
Dacia,Dokker,Diésel,98674.0,90.0,manual,11500,Zaragoza,50013,Zaragoza,Zaragoza
Dacia,Dokker,Diésel,98674.0,90.0,manual,11500,Puerto de Sagunto,46520,Valencia,Puerto de Sagunto
Dacia,Dokker,Otros,154891.0,98.0,manual,12535,Alameda del Obispo,14005,Córdoba,Alameda del Obispo
Dacia,Dokker,Otros,154891.0,98.0,manual,12535,Torremolinos,29620,Málaga,Torremolinos
Dacia,Dokker,Otros,154891.0,98.0,manual,12535,Torremolinos,29620,Málaga,Torremolinos
Dacia,Dokker,Otros,154891.0,98.0,manual,12535,Torremolinos,29620,Málaga,Torremolinos
Dacia,Dokker,Otros,154891.0,98.0,manual,12535,Getafe,28906,Madrid,Getafe
Dacia,Dokker,Otros,154891.0,98.0,manual,12535,Collado Villalba,28400,Madrid,Collado Villalba
Dacia,Dokker,Otros,154891.0,98.0,manual,12535,Collado Villalba,28400,Madrid,Collado Villalba
Dacia,Dokker,Otros,154891.0,98.0,manual,12535,Paterna,46980,Valencia,Paterna
Dacia,Sandero,Gasolina,50049.0,90.0,manual,13690,Madrid,28021,Madrid,Madrid
Dacia,Sandero,Gasolina,50049.0,90.0,manual,13390,Madrid,28021,Madrid,Madrid
Dacia,Sandero,Gasolina,26653.0,90.0,manual,15690,Madrid,28021,Madrid,Madrid
Dacia,Sandero,Gasolina,26653.0,90.0,manual,15290,Madrid,28021,Madrid,Madrid
Dacia,Sandero,Gasolina,3301.0,90.0,manual,12363,Santiago de Compostela,15703,A Coruña,Santiago de Compostela
Dacia,Sandero,Gasolina,3301.0,90.0,manual,12363,Mercado Parque Corredor del Henares,28850,Madrid,Mercado Parque Corredor del Henares
Dacia,Sandero,Gasolina,3301.0,90.0,manual,12363,Valdepeñas,13300,Ciudad Real,Valdepeñas
Dacia,Sandero,Gasolina,3301.0,90.0,manual,12363,Valdepeñas,13300,Ciudad Real,Valdepeñas
Dacia,Sandero,Gasolina,3301.0,90.0,manual,12363,Ciudad Real,13003,Ciudad Real,Ciudad Real
Dacia,Sandero,Gasolina,3301.0,90.0,manual,12363,Estepona,29680,Málaga,Estepona
Dacia,Sandero,Gasolina,3301.0,90.0,manual,12363,Sant Vicenç de Montalt,8394,Barcelona,Sant Vicenç de Montalt
Dacia,Sandero,Gasolina,3301.0,90.0,manual,12363,Santa Maria del Aguila,4710,Almería,Santa Maria del Aguila
Dacia,Sandero,Gasolina,40324.0,90.0,manual,10990,Sevilla,41005,Sevilla,Sevilla
Dacia,Sandero,Diésel,42559.0,90.0,manual,9490,Sevilla,41005,Sevilla,Sevilla
Dacia,Sandero,Gasolina,40324.0,90.0,manual,10990,Alicante,3010,Alicante,Alicante
Dacia,Sandero,Gasolina,40324.0,90.0,manual,10990,Alicante,3010,Murcia,Alicante
Dacia,Sandero,Diésel,42559.0,90.0,manual,9490,Alicante,3010,Alicante,Alicante
Dacia,Sandero,Diésel,42559.0,90.0,manual,9490,Alicante,3010,Murcia,Alicante
Nissan,Note,Gasolina,128000.0,80.0,manual,8990,Santander,39010,Cantabria,Santander
Dacia,Sandero,Gasolina,43363.0,73.0,manual,8790,Málaga,29005,Málaga,Málaga
Dacia,Sandero,Gasolina,40324.0,90.0,manual,10990,Bilbao,48004,Bizkaia,Bilbao
Dacia,Sandero,Gasolina,40324.0,90.0,manual,10990,Almería,4006,Almería,Almería
Dacia,Sandero,Gasolina,40324.0,90.0,manual,10990,Valencia,46001,Valencia,Valencia
Dacia,Sandero,Gasolina,40324.0,90.0,manual,10990,Málaga,29005,Málaga,Málaga
Dacia,Sandero,Gasolina,40324.0,90.0,manual,10990,Vigo,36211,Pontevedra,Vigo
Dacia,Sandero,Gasolina,40324.0,90.0,manual,10990,Granada,18005,Granada,Granada
Dacia,Sandero,Diésel,42559.0,90.0,manual,9490,Almería,4006,Almería,Almería
Dacia,Sandero,Diésel,42559.0,90.0,manual,9490,Vigo,36211,Pontevedra,Vigo
Dacia,Sandero,Gasolina,40324.0,90.0,manual,10990,Murcia,30005,Murcia,Murcia
Dacia,Sandero,Diésel,42559.0,90.0,manual,9490,Granada,18005,Granada,Granada
Dacia,Sandero,Diésel,42559.0,90.0,manual,9490,Murcia,30005,Murcia,Murcia
Dacia,Sandero,Diésel,42559.0,90.0,manual,9490,Bilbao,48004,Bizkaia,Bilbao
Dacia,Sandero,Gasolina,3301.0,90.0,manual,12363,Olèrdola,8734,Barcelona,Olèrdola
Dacia,Sandero,Gasolina,3301.0,90.0,manual,12363,Olèrdola,8734,Barcelona,Olèrdola
Dacia,Sandero,Diésel,42559.0,90.0,manual,9490,Valencia,46001,Valencia,Valencia
Dacia,Sandero,Gasolina,40324.0,90.0,manual,10990,Burgos,9004,Burgos,Burgos
Dacia,Sandero,Gasolina,40324.0,90.0,manual,10990,Burgos,9004,Burgos,Burgos
Dacia,Sandero,Gasolina,40324.0,90.0,manual,10990,Oviedo,33003,Asturias,Oviedo
Dacia,Sandero,Diésel,42559.0,90.0,manual,9490,Armentia,1007,Álava,Armentia
Dacia,Sandero,Gasolina,40324.0,90.0,manual,10990,Salamanca,37008,Salamanca,Salamanca
Dacia,Sandero,Gasolina,40324.0,90.0,manual,10990,Salamanca,37008,Salamanca,Salamanca
Dacia,Sandero,Gasolina,40324.0,90.0,manual,10990,Valladolid,47006,Valladolid,Valladolid
Citroen,Berlingo,Diésel,39177.0,100.0,manual,21505,Mercado Parque Corredor del Henares,28850,Madrid,Mercado Parque Corredor del Henares
Citroen,Berlingo,Diésel,58980.0,102.0,manual,17990,Ullastrell,8231,Barcelona,Ullastrell
Citroen,Berlingo,Diésel,82900.0,100.0,manual,18790,Ullastrell,8231,Barcelona,Ullastrell
Citroen,Berlingo,Diésel,39177.0,100.0,manual,21505,Granollers,8403,Barcelona,Granollers
Citroen,Berlingo,Diésel,70000.0,100.0,manual,21990,Ullastrell,8231,Barcelona,Ullastrell
Citroen,Berlingo,Diésel,39177.0,100.0,manual,21505,Valdepeñas,13300,Ciudad Real,Valdepeñas
Citroen,Berlingo,Diésel,39177.0,100.0,manual,21505,Valdepeñas,13300,Ciudad Real,Valdepeñas
Citroen,Berlingo,Diésel,39177.0,100.0,manual,21505,Las Rozas de Madrid,28232,Madrid,Las Rozas de Madrid
Citroen,Berlingo,Diésel,39177.0,100.0,manual,21505,Alicante,3007,Alicante,Alicante
Citroen,Berlingo,Diésel,39177.0,100.0,manual,21505,Alzira,46600,Valencia,Alzira
Citroen,Berlingo,Diésel,39177.0,100.0,manual,21505,Alzira,46600,Valencia,Alzira
Citroen,Berlingo,Diésel,39177.0,100.0,manual,21505,Mercabilbao,48970,Bizkaia,Mercabilbao
Citroen,Berlingo,Diésel,58980.0,102.0,manual,17990,Alicante,3010,Alicante,Alicante
Citroen,Berlingo,Diésel,58980.0,102.0,manual,17990,Alicante,3010,Murcia,Alicante
Citroen,Berlingo,Diésel,82900.0,100.0,manual,18790,Alicante,3010,Alicante,Alicante
Citroen,Berlingo,Diésel,82900.0,100.0,manual,18790,Alicante,3010,Murcia,Alicante
Citroen,Berlingo,Diésel,70000.0,100.0,manual,21990,Alicante,3010,Alicante,Alicante
Citroen,Berlingo,Diésel,70000.0,100.0,manual,21990,Alicante,3010,Murcia,Alicante
Citroen,Berlingo,Diésel,58980.0,102.0,manual,17990,Vigo,36211,Pontevedra,Vigo
Citroen,Berlingo,Diésel,82900.0,100.0,manual,18790,Vigo,36211,Pontevedra,Vigo
Citroen,Berlingo,Diésel,58980.0,102.0,manual,17990,Granada,18005,Granada,Granada
Citroen,Berlingo,Diésel,39177.0,100.0,manual,21505,Colonia Pablo Iglesias,28520,Madrid,Colonia Pablo Iglesias
Citroen,Berlingo,Diésel,39177.0,100.0,manual,21505,Zaragoza,50013,Zaragoza,Zaragoza
Citroen,Berlingo,Diésel,39177.0,100.0,manual,21505,Paterna,46980,Valencia,Paterna
Citroen,Berlingo,Diésel,39177.0,100.0,manual,21505,Atarrabia,31610,Navarra,Atarrabia
Citroen,Berlingo,Diésel,39177.0,100.0,manual,21505,Alcalá de Guadaíra,41500,Sevilla,Alcalá de Guadaíra
Citroen,Berlingo,Diésel,39177.0,100.0,manual,21505,Estepona,29680,Málaga,Estepona
Citroen,Berlingo,Diésel,82900.0,100.0,manual,18790,Granada,18005,Granada,Granada
Citroen,Berlingo,Diésel,70000.0,100.0,manual,21990,Vigo,36211,Pontevedra,Vigo
Citroen,Berlingo,Diésel,70000.0,100.0,manual,21990,Granada,18005,Granada,Granada
Citroen,Berlingo,Diésel,39177.0,100.0,manual,21505,Alameda del Obispo,14005,Córdoba,Alameda del Obispo
Citroen,Berlingo,Diésel,82900.0,100.0,manual,18790,Girona,17007,Girona,Girona
Citroen,Berlingo,Diésel,70000.0,100.0,manual,21990,Girona,17007,Girona,Girona
Citroen,Berlingo,Diésel,1.0,102.0,manual,27990,Sant Boi de Llobregat,8830,Barcelona,Sant Boi de Llobregat
Citroen,Berlingo,Diésel,4200.0,102.0,manual,23990,Sant Boi de Llobregat,8830,Barcelona,Sant Boi de Llobregat
Citroen,Berlingo,Diésel,68911.0,75.0,manual,10900,Sant Boi de Llobregat,8830,Barcelona,Sant Boi de Llobregat
Citroen,Berlingo,Diésel,58980.0,102.0,manual,17990,Murcia,30005,Murcia,Murcia
Citroen,Berlingo,Diésel,82900.0,100.0,manual,18790,Murcia,30005,Murcia,Murcia
Citroen,Berlingo,Diésel,70000.0,100.0,manual,21990,Murcia,30005,Murcia,Murcia
Citroen,Berlingo,Diésel,58980.0,102.0,manual,17990,Bilbao,48004,Bizkaia,Bilbao
Citroen,Berlingo,Diésel,82900.0,100.0,manual,18790,Bilbao,48004,Bizkaia,Bilbao
Citroen,Berlingo,Diésel,70000.0,100.0,manual,21990,Bilbao,48004,Bizkaia,Bilbao
Citroen,Berlingo,Diésel,58980.0,102.0,manual,17990,Sevilla,41005,Sevilla,Sevilla
Citroen,Berlingo,Diésel,58980.0,102.0,manual,17990,Valencia,46001,Valencia,Valencia
Citroen,Berlingo,Diésel,82900.0,100.0,manual,18790,Sevilla,41005,Sevilla,Sevilla
Citroen,Berlingo,Diésel,82900.0,100.0,manual,18790,Valencia,46001,Valencia,Valencia
Citroen,Berlingo,Diésel,58980.0,102.0,manual,17990,Òrrius,8317,Barcelona,Òrrius
Citroen,Berlingo,Diésel,82900.0,100.0,manual,18790,Òrrius,8317,Barcelona,Òrrius
Citroen,Berlingo,Diésel,70000.0,100.0,manual,21990,Òrrius,8317,Barcelona,Òrrius
Citroen,Berlingo,Diésel,58980.0,102.0,manual,17990,Tarragona,43006,Tarragona,Tarragona
Renault,Espace,Diésel,142861.0,160.0,automatic,18990,Lebrija,41740,Sevilla,Lebrija
Renault,Espace,Diésel,116229.0,160.0,manual,19500,Aizoain,31195,Navarra,Aizoain
Renault,Espace,Diésel,116229.0,160.0,manual,19500,Aizoain,31195,Navarra,Aizoain
Citroen,Berlingo,Diésel,58980.0,102.0,manual,17990,Palau-Solita I Plegamans,8184,Barcelona,Palau-Solita I Plegamans
Citroen,Berlingo,Diésel,58980.0,102.0,manual,17990,Palau-Solita I Plegamans,8184,Barcelona,Palau-Solita I Plegamans
Citroen,Berlingo,Diésel,82900.0,100.0,manual,18790,Palau-Solita I Plegamans,8184,Barcelona,Palau-Solita I Plegamans
Citroen,Berlingo,Diésel,82900.0,100.0,manual,18790,Palau-Solita I Plegamans,8184,Barcelona,Palau-Solita I Plegamans
Citroen,Berlingo,Diésel,70000.0,100.0,manual,21990,Tarragona,43006,Tarragona,Tarragona
Citroen,Berlingo,Diésel,70000.0,100.0,manual,21990,Palau-Solita I Plegamans,8184,Barcelona,Palau-Solita I Plegamans
Citroen,Berlingo,Diésel,70000.0,100.0,manual,21990,Palau-Solita I Plegamans,8184,Barcelona,Palau-Solita I Plegamans
Citroen,Berlingo,Diésel,82900.0,100.0,manual,18790,Tarragona,43006,Tarragona,Tarragona
Citroen,Berlingo,Diésel,118000.0,100.0,manual,10980,Santa Coloma de Gramenet,8921,Barcelona,Santa Coloma de Gramenet
Citroen,Berlingo,Diésel,241000.0,100.0,manual,8980,Santa Coloma de Gramenet,8921,Barcelona,Santa Coloma de Gramenet
Citroen,Berlingo,Diésel,145000.0,75.0,manual,9980,Santa Coloma de Gramenet,8921,Barcelona,Santa Coloma de Gramenet
Citroen,Berlingo,Diésel,218000.0,109.0,manual,8300,Cordovilla,31191,Navarra,Cordovilla
Citroen,Berlingo,Diésel,218000.0,109.0,manual,8300,Cordovilla,31191,Navarra,Cordovilla
Citroen,Berlingo,Diésel,184500.0,75.0,manual,4000,Ourense,32001,Ourense,Ourense
Citroen,Berlingo,Diésel,173000.0,92.0,manual,5990,Gijón,33201,Asturias,Gijón
Citroen,Berlingo,Diésel,149000.0,75.0,manual,8500,Ourense,32001,Ourense,Ourense
Citroen,Berlingo,Diésel,138000.0,75.0,manual,7851,San Fernando de Henares Madrid,28830,Madrid,San Fernando de Henares Madrid
Citroen,Berlingo,Diésel,74000.0,120.0,manual,16200,Terrassa,8223,Barcelona,Terrassa
Citroen,Berlingo,Diésel,64257.0,102.0,manual,360,Barcelona,8007,Barcelona,Barcelona
Citroen,Berlingo,Diésel,179000.0,92.0,manual,8900,Los Montesinos,3187,Alicante,Los Montesinos
Jaguar,XF,Diésel,350000.0,241.0,automatic,9500,Aranjuez,28300,Madrid,Aranjuez
Citroen,C3,Gasolina,41573.0,82.0,manual,13455,Saladar,3700,Alicante,Saladar
Citroen,C3,Gasolina,41573.0,82.0,manual,13455,Santafe,18320,Granada,Santafe
Citroen,C3,Gasolina,46685.0,82.0,manual,12900,Olèrdola,8734,Barcelona,Olèrdola
Citroen,C3,Gasolina,46685.0,82.0,manual,12900,Olèrdola,8734,Barcelona,Olèrdola
Citroen,C3,Gasolina,41573.0,82.0,manual,13455,Murcia,30003,Murcia,Murcia
Citroen,C3,Gasolina,41573.0,82.0,manual,13455,Olèrdola,8734,Barcelona,Olèrdola
Citroen,C3,Gasolina,41573.0,82.0,manual,13455,Olèrdola,8734,Barcelona,Olèrdola
Citroen,C3,Gasolina,74339.0,82.0,manual,11990,Almería,4006,Almería,Almería
Citroen,C3,Gasolina,41573.0,82.0,manual,13455,Castello/Castellon de La Plana,12100,Castellón,Castello/Castellon de La Plana
Citroen,C3,Gasolina,46685.0,82.0,manual,12900,Mercado Parque Corredor del Henares,28850,Madrid,Mercado Parque Corredor del Henares
Citroen,C3,Gasolina,41573.0,82.0,manual,13455,Mercado Parque Corredor del Henares,28850,Madrid,Mercado Parque Corredor del Henares
Citroen,C3,Gasolina,109388.0,110.0,manual,12490,Almería,4006,Almería,Almería
Citroen,C3,Gasolina,41573.0,82.0,manual,13455,Granollers,8403,Barcelona,Granollers
Citroen,C3,Gasolina,41573.0,82.0,manual,13455,Alzira,46600,Valencia,Alzira
Citroen,C3,Gasolina,41573.0,82.0,manual,13455,Alzira,46600,Valencia,Alzira
Citroen,C3,Gasolina,41573.0,82.0,manual,13455,Alicante,3007,Alicante,Alicante
Jaguar,F-Pace,Diésel,91724.0,180.0,automatic,31990,Madrid,28021,Madrid,Madrid
Jaguar,F-Pace,Diésel,139504.0,180.0,automatic,19990,Málaga,29005,Málaga,Málaga
Land Rover,Range Rover Evoque,Diésel,130220.0,150.0,manual,23970,Foios,46134,Valencia,Foios
Land Rover,Range Rover Evoque,Diésel,48300.0,150.0,manual,24900,Arriaga,48950,Bizkaia,Arriaga
Land Rover,Range Rover Sport,Diésel,170000.0,190.0,automatic,8900,Xativa,46800,Valencia,Xativa
Opel,Insignia,Diésel,146166.0,170.0,automatic,13973,Alzira,46600,Valencia,Alzira
Opel,Insignia,Diésel,146166.0,170.0,automatic,13973,Alzira,46600,Valencia,Alzira
Opel,Corsa,Gasolina,20969.0,75.0,manual,14720,Mercado Parque Corredor del Henares,28850,Madrid,Mercado Parque Corredor del Henares
Opel,Corsa,Gasolina,26844.0,90.0,manual,12638,Vigo,36214,Pontevedra,Vigo
Citroen,Xsara,Diésel,135000.0,90.0,manual,1100,Igualada,8700,Barcelona,Igualada
Toyota,Aygo,Gasolina,32889.0,69.0,automatic,11990,Estepona,29680,Málaga,Estepona
Toyota,Aygo,Gasolina,33120.0,69.0,manual,12900,Santa Maria del Aguila,4710,Almería,Santa Maria del Aguila
Toyota,Aygo,Gasolina,32889.0,69.0,automatic,11990,Sant Vicenç de Montalt,8394,Barcelona,Sant Vicenç de Montalt
Toyota,Aygo,Gasolina,32889.0,69.0,automatic,11990,Santa Maria del Aguila,4710,Almería,Santa Maria del Aguila
Toyota,Aygo,Gasolina,33120.0,69.0,manual,12900,Olèrdola,8734,Barcelona,Olèrdola
Toyota,Aygo,Gasolina,33120.0,69.0,manual,12900,Olèrdola,8734,Barcelona,Olèrdola
Toyota,Aygo,Gasolina,32889.0,69.0,automatic,11990,Olèrdola,8734,Barcelona,Olèrdola
Toyota,Aygo,Gasolina,32889.0,69.0,automatic,11990,Olèrdola,8734,Barcelona,Olèrdola
Toyota,Aygo,Gasolina,33120.0,69.0,manual,12900,Alameda del Obispo,14005,Córdoba,Alameda del Obispo
Toyota,Aygo,Gasolina,33120.0,69.0,manual,12900,Alcobendas,28100,Madrid,Alcobendas
Toyota,Aygo,Gasolina,32889.0,69.0,automatic,11990,Alameda del Obispo,14005,Córdoba,Alameda del Obispo
Toyota,Aygo,Gasolina,32889.0,69.0,automatic,11990,Alcobendas,28100,Madrid,Alcobendas
Toyota,Aygo,Gasolina,33120.0,69.0,manual,12900,Alcalá de Guadaíra,41500,Sevilla,Alcalá de Guadaíra
Toyota,Aygo,Gasolina,33120.0,69.0,manual,12900,Mercabilbao,48970,Bizkaia,Mercabilbao
Toyota,Aygo,Gasolina,33120.0,69.0,manual,12900,Castello/Castellon de La Plana,12100,Castellón,Castello/Castellon de La Plana
Toyota,Aygo,Gasolina,33120.0,69.0,manual,12900,Santafe,18320,Granada,Santafe
Toyota,Aygo,Gasolina,33120.0,69.0,manual,12900,Las Rozas de Madrid,28232,Madrid,Las Rozas de Madrid
Toyota,Aygo,Gasolina,33120.0,69.0,manual,12900,Torremolinos,29620,Málaga,Torremolinos
Toyota,Aygo,Gasolina,33120.0,69.0,manual,12900,Torremolinos,29620,Málaga,Torremolinos
Toyota,Aygo,Gasolina,33120.0,69.0,manual,12900,Torremolinos,29620,Málaga,Torremolinos
Toyota,Aygo,Gasolina,33120.0,69.0,manual,12900,Collado Villalba,28400,Madrid,Collado Villalba
Toyota,Aygo,Gasolina,33120.0,69.0,manual,12900,Collado Villalba,28400,Madrid,Collado Villalba
Toyota,Aygo,Gasolina,32889.0,69.0,automatic,11990,Alcalá de Guadaíra,41500,Sevilla,Alcalá de Guadaíra
Toyota,Aygo,Gasolina,33120.0,69.0,manual,12900,Paterna,46980,Valencia,Paterna
Toyota,Aygo,Gasolina,33120.0,69.0,manual,12900,Puerto de Sagunto,46520,Valencia,Puerto de Sagunto
Toyota,Aygo,Gasolina,33120.0,69.0,manual,12900,Zaragoza,50013,Zaragoza,Zaragoza
Toyota,Aygo,Gasolina,33120.0,69.0,manual,12900,Atarrabia,31610,Navarra,Atarrabia
Citroen,C4,Gasolina,24019.0,130.0,automatic,23920,Albacete,2001,Albacete,Albacete
Citroen,C4,Gasolina,24019.0,130.0,automatic,23920,Vigo,36214,Pontevedra,Vigo
Citroen,C4,Gasolina,24019.0,130.0,automatic,23920,Hidraulica Santillana,28770,Madrid,Hidraulica Santillana
Citroen,C4,Gasolina,24019.0,130.0,automatic,23920,Badajoz,6008,Badajoz,Badajoz
Citroen,C4,Gasolina,24019.0,130.0,automatic,23920,Saladar,3700,Alicante,Saladar
Citroen,C4,Diésel,128651.0,114.0,manual,8490,Santander,39010,Cantabria,Santander
Citroen,C4,Gasolina,24019.0,130.0,automatic,23920,Santafe,18320,Granada,Santafe
Citroen,C4,Diésel,128651.0,114.0,manual,8490,Almería,4006,Almería,Almería
Citroen,C4,Gasolina,24019.0,130.0,automatic,23920,Murcia,30003,Murcia,Murcia
Citroen,C4,Gasolina,106410.0,110.0,manual,10990,Almería,4006,Almería,Almería
Citroen,C4,Gasolina,24019.0,130.0,automatic,23920,Castello/Castellon de La Plana,12100,Castellón,Castello/Castellon de La Plana
Citroen,C4,Gasolina,24019.0,130.0,automatic,23920,Olèrdola,8734,Barcelona,Olèrdola
Citroen,C4,Gasolina,24019.0,130.0,automatic,23920,Olèrdola,8734,Barcelona,Olèrdola
Citroen,C4,Gasolina,24019.0,130.0,automatic,23920,Mercado Parque Corredor del Henares,28850,Madrid,Mercado Parque Corredor del Henares
Citroen,C4,Gasolina,24019.0,130.0,automatic,23920,Granollers,8403,Barcelona,Granollers
Citroen,C4,Gasolina,24019.0,130.0,automatic,23920,Alicante,3007,Alicante,Alicante
Citroen,C4,Gasolina,24019.0,130.0,automatic,23920,Alzira,46600,Valencia,Alzira
Citroen,C4,Gasolina,24019.0,130.0,automatic,23920,Alzira,46600,Valencia,Alzira
Citroen,C4,Gasolina,24019.0,130.0,automatic,23920,Las Rozas de Madrid,28232,Madrid,Las Rozas de Madrid
Citroen,C4,Gasolina,24019.0,130.0,automatic,23920,Valdepeñas,13300,Ciudad Real,Valdepeñas
Citroen,C4,Gasolina,24019.0,130.0,automatic,23920,Valdepeñas,13300,Ciudad Real,Valdepeñas
Citroen,C4,Gasolina,24019.0,130.0,automatic,23920,Mercabilbao,48970,Bizkaia,Mercabilbao
Citroen,C4,Diésel,128651.0,114.0,manual,8490,Alicante,3010,Alicante,Alicante
Citroen,C4,Diésel,128651.0,114.0,manual,8490,Alicante,3010,Murcia,Alicante
Citroen,C4,Gasolina,24019.0,130.0,automatic,23920,Atarrabia,31610,Navarra,Atarrabia
Citroen,C4,Gasolina,24019.0,130.0,automatic,23920,Colonia Pablo Iglesias,28520,Madrid,Colonia Pablo Iglesias
Citroen,C4,Gasolina,24019.0,130.0,automatic,23920,Zaragoza,50013,Zaragoza,Zaragoza
Renault,Espace,Diésel,142466.0,160.0,automatic,18490,Sevilla,41005,Sevilla,Sevilla
Renault,Espace,Diésel,142466.0,160.0,automatic,18490,Alicante,3010,Alicante,Alicante
Renault,Espace,Diésel,142466.0,160.0,automatic,18490,Alicante,3010,Murcia,Alicante
Citroen,C4,Gasolina,24019.0,130.0,automatic,23920,Paterna,46980,Valencia,Paterna
Citroen,C4,Gasolina,24019.0,130.0,automatic,23920,Alcalá de Guadaíra,41500,Sevilla,Alcalá de Guadaíra
Citroen,C4,Gasolina,24019.0,130.0,automatic,23920,Estepona,29680,Málaga,Estepona
Citroen,C4,Diésel,128651.0,114.0,manual,8490,Vigo,36211,Pontevedra,Vigo
Citroen,C4,Diésel,128651.0,114.0,manual,8490,Granada,18005,Granada,Granada
Citroen,C4,Diésel,128651.0,114.0,manual,8490,Pamplona/Iruña,31001,Navarra,Pamplona/Iruña
Citroen,C4,Gasolina,106410.0,110.0,manual,10990,Alicante,3010,Alicante,Alicante
Citroen,C4,Gasolina,106410.0,110.0,manual,10990,Alicante,3010,Murcia,Alicante
Citroen,C4,Gasolina,106410.0,110.0,manual,10990,Vigo,36211,Pontevedra,Vigo
Citroen,C4,Gasolina,106410.0,110.0,manual,10990,Granada,18005,Granada,Granada
Citroen,C4,Gasolina,24019.0,130.0,automatic,23920,Alameda del Obispo,14005,Córdoba,Alameda del Obispo
Citroen,C4,Gasolina,20616.0,130.0,manual,23500,Sant Boi de Llobregat,8830,Barcelona,Sant Boi de Llobregat
Citroen,C4,Diésel,13242.0,100.0,manual,11899,Madrid,28014,Madrid,Madrid
Citroen,C4,Diésel,13242.0,100.0,manual,11899,Barcelona,8007,Barcelona,Barcelona
Citroen,C4,Gasolina,75452.0,110.0,manual,12099,Madrid,28014,Madrid,Madrid
Citroen,C4,Gasolina,75452.0,110.0,manual,12099,Barcelona,8007,Barcelona,Barcelona
Citroen,C4,Diésel,128651.0,114.0,manual,8490,Murcia,30005,Murcia,Murcia
Citroen,C4,Diésel,128651.0,114.0,manual,8490,Bilbao,48004,Bizkaia,Bilbao
Citroen,C4,Diésel,128651.0,114.0,manual,8490,Sevilla,41005,Sevilla,Sevilla
Citroen,C4,Diésel,128651.0,114.0,manual,8490,Valencia,46001,Valencia,Valencia
Citroen,C4,Gasolina,106410.0,110.0,manual,10990,Murcia,30005,Murcia,Murcia
Citroen,C4,Gasolina,106410.0,110.0,manual,10990,Bilbao,48004,Bizkaia,Bilbao
Opel,Astra,Gasolina,143399.0,125.0,manual,13685,Mercado Parque Corredor del Henares,28850,Madrid,Mercado Parque Corredor del Henares
Opel,Astra,Gasolina,143399.0,125.0,manual,13685,Vigo,36214,Pontevedra,Vigo
Opel,Astra,Gasolina,143399.0,125.0,manual,13685,Sant Vicenç de Montalt,8394,Barcelona,Sant Vicenç de Montalt
Opel,Astra,Gasolina,143399.0,125.0,manual,13685,Granollers,8403,Barcelona,Granollers
Opel,Astra,Gasolina,143399.0,125.0,manual,13685,Murcia,30003,Murcia,Murcia
Opel,Astra,Gasolina,143399.0,125.0,manual,13685,Estepona,29680,Málaga,Estepona
Opel,Astra,Gasolina,143399.0,125.0,manual,13685,Olèrdola,8734,Barcelona,Olèrdola
Opel,Astra,Gasolina,143399.0,125.0,manual,13685,Olèrdola,8734,Barcelona,Olèrdola
Opel,Astra,Gasolina,4990.0,125.0,manual,14490,Sevilla,41005,Sevilla,Sevilla
Opel,Astra,Gasolina,4990.0,125.0,manual,14390,Sevilla,41005,Sevilla,Sevilla
Opel,Astra,Gasolina,4990.0,125.0,manual,14490,Alicante,3010,Alicante,Alicante
Opel,Astra,Gasolina,4990.0,125.0,manual,14490,Alicante,3010,Murcia,Alicante
Opel,Astra,Gasolina,4990.0,125.0,manual,14490,Vigo,36211,Pontevedra,Vigo
Opel,Astra,Gasolina,33800.0,105.0,manual,13990,Sevilla,41005,Sevilla,Sevilla
Opel,Astra,Gasolina,4990.0,125.0,manual,14490,Almería,4006,Almería,Almería
Opel,Astra,Gasolina,33800.0,105.0,manual,13990,Vigo,36211,Pontevedra,Vigo
Citroen,Grand C4 Picasso,Gasolina,69995.0,130.0,manual,16990,Ciudad Real,13005,Ciudad Real,Ciudad Real
Citroen,Grand C4 Picasso,Gasolina,69995.0,130.0,manual,16990,Cáceres,10001,Cáceres,Cáceres
Citroen,Grand C4 Picasso,Gasolina,69995.0,130.0,manual,16990,Murcia,30005,Murcia,Murcia
Citroen,Grand C4 Picasso,Diésel,52163.0,120.0,manual,16990,Málaga,29005,Málaga,Málaga
Citroen,Grand C4 Picasso,Gasolina,69995.0,130.0,manual,16990,Bilbao,48004,Bizkaia,Bilbao
Toyota,Auris,Diésel,121321.0,90.0,manual,11990,Valdepeñas,13300,Ciudad Real,Valdepeñas
Toyota,Auris,Diésel,121321.0,90.0,manual,11990,Valdepeñas,13300,Ciudad Real,Valdepeñas
Toyota,Auris,Gasolina,38664.0,132.0,manual,13490,Málaga,29005,Málaga,Málaga
Toyota,Auris,Gasolina,38664.0,132.0,manual,13490,Urbanizacion La Granjilla,28700,Madrid,Urbanizacion La Granjilla
Toyota,Auris,Diésel,121321.0,90.0,manual,11990,Alameda del Obispo,14005,Córdoba,Alameda del Obispo
Toyota,Auris,Diésel,121321.0,90.0,manual,11990,Alcobendas,28100,Madrid,Alcobendas
Toyota,Auris,Diésel,121321.0,90.0,manual,11990,Alcalá de Guadaíra,41500,Sevilla,Alcalá de Guadaíra
Toyota,Auris,Diésel,121321.0,90.0,manual,11990,Castello/Castellon de La Plana,12100,Castellón,Castello/Castellon de La Plana
Toyota,Auris,Diésel,121321.0,90.0,manual,11990,Las Rozas de Madrid,28232,Madrid,Las Rozas de Madrid
Toyota,Auris,Diésel,121321.0,90.0,manual,11990,Torremolinos,29620,Málaga,Torremolinos
Toyota,Auris,Diésel,121321.0,90.0,manual,11990,Torremolinos,29620,Málaga,Torremolinos
Toyota,Auris,Diésel,121321.0,90.0,manual,11990,Torremolinos,29620,Málaga,Torremolinos
Toyota,Auris,Diésel,121321.0,90.0,manual,11990,Collado Villalba,28400,Madrid,Collado Villalba
Toyota,Auris,Diésel,121321.0,90.0,manual,11990,Collado Villalba,28400,Madrid,Collado Villalba
Toyota,Auris,Diésel,121321.0,90.0,manual,11990,Getafe,28906,Madrid,Getafe
Toyota,Auris,Diésel,121321.0,90.0,manual,11990,Puerto de Sagunto,46520,Valencia,Puerto de Sagunto
Toyota,Auris,Diésel,121321.0,90.0,manual,11990,Paterna,46980,Valencia,Paterna
Toyota,Auris,Diésel,121321.0,90.0,manual,11990,Atarrabia,31610,Navarra,Atarrabia
Toyota,Auris,Diésel,121321.0,90.0,manual,11990,Alzira,46600,Valencia,Alzira
Toyota,Auris,Diésel,121321.0,90.0,manual,11990,Alzira,46600,Valencia,Alzira
Toyota,Auris,Diésel,121321.0,90.0,manual,11990,Albacete,2001,Albacete,Albacete
Toyota,Auris,Diésel,121321.0,90.0,manual,11990,Alicante,3007,Alicante,Alicante
Toyota,Auris,Diésel,121321.0,90.0,manual,11990,Hidraulica Santillana,28770,Madrid,Hidraulica Santillana
KIA,Carens,Diésel,132738.0,136.0,manual,12098,Estepona,29680,Málaga,Estepona
KIA,Carens,Diésel,132738.0,136.0,manual,12098,Alcobendas,28100,Madrid,Alcobendas
KIA,Carens,Diésel,132738.0,136.0,manual,12098,Alameda del Obispo,14005,Córdoba,Alameda del Obispo
KIA,Carens,Diésel,132738.0,136.0,manual,12098,Alcalá de Guadaíra,41500,Sevilla,Alcalá de Guadaíra
KIA,Carens,Diésel,132738.0,136.0,manual,12098,Castello/Castellon de La Plana,12100,Castellón,Castello/Castellon de La Plana
KIA,Carens,Diésel,132738.0,136.0,manual,12098,Las Rozas de Madrid,28232,Madrid,Las Rozas de Madrid
KIA,Carens,Diésel,132738.0,136.0,manual,12098,Torremolinos,29620,Málaga,Torremolinos
KIA,Carens,Diésel,132738.0,136.0,manual,12098,Torremolinos,29620,Málaga,Torremolinos
KIA,Carens,Diésel,132738.0,136.0,manual,12098,Torremolinos,29620,Málaga,Torremolinos
KIA,Carens,Diésel,132738.0,136.0,manual,12098,Mercabilbao,48970,Bizkaia,Mercabilbao
KIA,Carens,Diésel,132738.0,136.0,manual,12098,Getafe,28906,Madrid,Getafe
KIA,Carens,Diésel,132738.0,136.0,manual,12098,Collado Villalba,28400,Madrid,Collado Villalba
KIA,Carens,Diésel,132738.0,136.0,manual,12098,Collado Villalba,28400,Madrid,Collado Villalba
KIA,Carens,Diésel,132738.0,136.0,manual,12098,Santafe,18320,Granada,Santafe
KIA,Carens,Diésel,132738.0,136.0,manual,12098,Colonia Pablo Iglesias,28520,Madrid,Colonia Pablo Iglesias
KIA,Carens,Diésel,132738.0,136.0,manual,12098,Zaragoza,50013,Zaragoza,Zaragoza
KIA,Carens,Diésel,132738.0,136.0,manual,12098,Paterna,46980,Valencia,Paterna
KIA,Carens,Diésel,132738.0,136.0,manual,12098,Puerto de Sagunto,46520,Valencia,Puerto de Sagunto
KIA,Carens,Diésel,132738.0,136.0,manual,12098,Atarrabia,31610,Navarra,Atarrabia
KIA,Carens,Diésel,132738.0,136.0,manual,12098,Alzira,46600,Valencia,Alzira
KIA,Carens,Diésel,132738.0,136.0,manual,12098,Alzira,46600,Valencia,Alzira
Skoda,Octavia,Diésel,88114.0,115.0,manual,14920,Santa Maria del Aguila,4710,Almería,Santa Maria del Aguila
Skoda,Octavia,Diésel,88114.0,115.0,manual,14920,Ciudad Real,13003,Ciudad Real,Ciudad Real
Skoda,Octavia,Gasolina,19993.0,115.0,manual,18975,Santa Maria del Aguila,4710,Almería,Santa Maria del Aguila
Skoda,Octavia,Gasolina,19993.0,115.0,manual,18975,Ciudad Real,13003,Ciudad Real,Ciudad Real
Skoda,Octavia,Diésel,88114.0,115.0,manual,14920,Santiago de Compostela,15703,A Coruña,Santiago de Compostela
Skoda,Octavia,Gasolina,19993.0,115.0,manual,18975,Santiago de Compostela,15703,A Coruña,Santiago de Compostela
Skoda,Octavia,Diésel,88114.0,115.0,manual,14920,Valdepeñas,13300,Ciudad Real,Valdepeñas
Skoda,Octavia,Diésel,88114.0,115.0,manual,14920,Valdepeñas,13300,Ciudad Real,Valdepeñas
Skoda,Octavia,Diésel,110318.0,115.0,manual,15590,Madrid,28021,Madrid,Madrid
Skoda,Octavia,Gasolina,19993.0,115.0,manual,18975,Valdepeñas,13300,Ciudad Real,Valdepeñas
Skoda,Octavia,Gasolina,19993.0,115.0,manual,18975,Valdepeñas,13300,Ciudad Real,Valdepeñas
Skoda,Octavia,Diésel,88114.0,115.0,manual,14920,Saladar,3700,Alicante,Saladar
Skoda,Octavia,Diésel,88114.0,115.0,manual,14920,Mercado Parque Corredor del Henares,28850,Madrid,Mercado Parque Corredor del Henares
Skoda,Octavia,Gasolina,19993.0,115.0,manual,18975,Saladar,3700,Alicante,Saladar
Skoda,Octavia,Gasolina,19993.0,115.0,manual,18975,Mercado Parque Corredor del Henares,28850,Madrid,Mercado Parque Corredor del Henares
Skoda,Octavia,Diésel,88114.0,115.0,manual,14920,Vigo,36214,Pontevedra,Vigo
Skoda,Octavia,Gasolina,19993.0,115.0,manual,18975,Vigo,36214,Pontevedra,Vigo
Skoda,Octavia,Diésel,88114.0,115.0,manual,14920,Sant Vicenç de Montalt,8394,Barcelona,Sant Vicenç de Montalt
Skoda,Octavia,Diésel,88114.0,115.0,manual,14920,Granollers,8403,Barcelona,Granollers
Skoda,Octavia,Gasolina,19993.0,115.0,manual,18975,Sant Vicenç de Montalt,8394,Barcelona,Sant Vicenç de Montalt
Skoda,Octavia,Gasolina,19993.0,115.0,manual,18975,Granollers,8403,Barcelona,Granollers
Skoda,Octavia,Diésel,88114.0,115.0,manual,14920,Colonia Pablo Iglesias,28520,Madrid,Colonia Pablo Iglesias
Skoda,Octavia,Gasolina,19993.0,115.0,manual,18975,Colonia Pablo Iglesias,28520,Madrid,Colonia Pablo Iglesias
Skoda,Octavia,Diésel,88114.0,115.0,manual,14920,Atarrabia,31610,Navarra,Atarrabia
Skoda,Octavia,Diésel,88114.0,115.0,manual,14920,Las Rozas de Madrid,28232,Madrid,Las Rozas de Madrid
Skoda,Octavia,Diésel,88114.0,115.0,manual,14920,Alameda del Obispo,14005,Córdoba,Alameda del Obispo
Skoda,Octavia,Diésel,88114.0,115.0,manual,14920,Torremolinos,29620,Málaga,Torremolinos
Skoda,Octavia,Diésel,88114.0,115.0,manual,14920,Torremolinos,29620,Málaga,Torremolinos
Skoda,Octavia,Diésel,88114.0,115.0,manual,14920,Torremolinos,29620,Málaga,Torremolinos
Skoda,Octavia,Diésel,88114.0,115.0,manual,14920,Mercabilbao,48970,Bizkaia,Mercabilbao
Ford,Escort,Diésel,79000.0,90.0,manual,900,Murcia,30001,Murcia,Murcia
SEAT,Leon,Diésel,113677.0,170.0,automatic,10950,Santa Maria del Aguila,4710,Almería,Santa Maria del Aguila
SEAT,Leon,Diésel,113677.0,170.0,automatic,10950,Ciudad Real,13003,Ciudad Real,Ciudad Real
SEAT,Leon,Otros,42160.0,110.0,manual,14938,Santa Maria del Aguila,4710,Almería,Santa Maria del Aguila
SEAT,Leon,Otros,42160.0,110.0,manual,14938,Ciudad Real,13003,Ciudad Real,Ciudad Real
SEAT,Leon,Diésel,113677.0,170.0,automatic,10950,Santiago de Compostela,15703,A Coruña,Santiago de Compostela
SEAT,Leon,Otros,42160.0,110.0,manual,14938,Santiago de Compostela,15703,A Coruña,Santiago de Compostela
SEAT,Leon,Diésel,113677.0,170.0,automatic,10950,Valdepeñas,13300,Ciudad Real,Valdepeñas
SEAT,Leon,Diésel,113677.0,170.0,automatic,10950,Valdepeñas,13300,Ciudad Real,Valdepeñas
SEAT,Leon,Otros,42160.0,110.0,manual,14938,Valdepeñas,13300,Ciudad Real,Valdepeñas
SEAT,Leon,Otros,42160.0,110.0,manual,14938,Valdepeñas,13300,Ciudad Real,Valdepeñas
SEAT,Leon,Gasolina,118153.0,115.0,manual,12490,Madrid,28021,Madrid,Madrid
SEAT,Leon,Gasolina,118153.0,115.0,manual,11990,Madrid,28021,Madrid,Madrid
SEAT,Leon,Diésel,121394.0,115.0,manual,13290,Madrid,28021,Madrid,Madrid
SEAT,Leon,Diésel,121394.0,115.0,manual,12990,Madrid,28021,Madrid,Madrid
SEAT,Leon,Diésel,113677.0,170.0,automatic,10950,Saladar,3700,Alicante,Saladar
SEAT,Leon,Diésel,113677.0,170.0,automatic,10950,Mercado Parque Corredor del Henares,28850,Madrid,Mercado Parque Corredor del Henares
SEAT,Leon,Otros,42160.0,110.0,manual,14938,Saladar,3700,Alicante,Saladar
SEAT,Leon,Otros,42160.0,110.0,manual,14938,Mercado Parque Corredor del Henares,28850,Madrid,Mercado Parque Corredor del Henares
SEAT,Leon,Diésel,113677.0,170.0,automatic,10950,Vigo,36214,Pontevedra,Vigo
SEAT,Leon,Otros,42160.0,110.0,manual,14938,Vigo,36214,Pontevedra,Vigo
SEAT,Leon,Diésel,113677.0,170.0,automatic,10950,Sant Vicenç de Montalt,8394,Barcelona,Sant Vicenç de Montalt
SEAT,Leon,Otros,42160.0,110.0,manual,14938,Sant Vicenç de Montalt,8394,Barcelona,Sant Vicenç de Montalt
SEAT,Leon,Diésel,113677.0,170.0,automatic,10950,Murcia,30003,Murcia,Murcia
Renault,Megane,Diésel,115000.0,110.0,manual,208,Barcelona,8007,Barcelona,Barcelona
Renault,Megane,Diésel,109000.0,115.0,manual,384,Barcelona,8007,Barcelona,Barcelona
Renault,Megane,Diésel,115000.0,110.0,manual,208,Gandía,46701,Valencia,Gandía
Renault,Megane,Diésel,84000.0,115.0,manual,392,Madrid,28009,Madrid,Madrid
Renault,Megane,Diésel,115000.0,110.0,manual,445,Valencia,46005,Valencia,Valencia
Renault,Megane,Diésel,109000.0,115.0,manual,388,Valencia,46005,Valencia,Valencia
Renault,Megane,Diésel,70000.0,115.0,manual,401,Madrid,28006,Madrid,Madrid
Renault,Megane,Diésel,84000.0,115.0,manual,396,Barcelona,8009,Barcelona,Barcelona
Renault,Megane,Diésel,99950.0,115.0,manual,388,Barcelona,8009,Barcelona,Barcelona
Renault,Megane,Diésel,99950.0,115.0,manual,388,Madrid,28006,Madrid,Madrid
Renault,Megane,Gasolina,139361.0,130.0,manual,12535,Santa Maria del Aguila,4710,Almería,Santa Maria del Aguila
Renault,Megane,Gasolina,139361.0,130.0,manual,12535,Ciudad Real,13003,Ciudad Real,Ciudad Real
Renault,Megane,Diésel,55622.0,130.0,manual,18055,Santa Maria del Aguila,4710,Almería,Santa Maria del Aguila
Renault,Clio,Diésel,136000.0,90.0,manual,9699,Puente Botero,30813,Murcia,Puente Botero
Renault,Clio,Gasolina,87850.0,120.0,manual,14875,Santa Maria del Aguila,4710,Almería,Santa Maria del Aguila
Renault,Clio,Gasolina,87850.0,120.0,manual,14875,Ciudad Real,13003,Ciudad Real,Ciudad Real
Renault,Clio,Gasolina,87850.0,120.0,manual,14875,Santiago de Compostela,15703,A Coruña,Santiago de Compostela
Renault,Clio,Gasolina,87850.0,120.0,manual,14875,Valdepeñas,13300,Ciudad Real,Valdepeñas
Renault,Clio,Gasolina,87850.0,120.0,manual,14875,Valdepeñas,13300,Ciudad Real,Valdepeñas
Renault,Clio,Diésel,73116.0,75.0,manual,10990,Madrid,28021,Madrid,Madrid
Renault,Clio,Gasolina,87850.0,120.0,manual,14875,Saladar,3700,Alicante,Saladar
Renault,Clio,Gasolina,87850.0,120.0,manual,14875,Mercado Parque Corredor del Henares,28850,Madrid,Mercado Parque Corredor del Henares
Renault,Clio,Gasolina,87850.0,120.0,manual,14875,Vigo,36214,Pontevedra,Vigo
Renault,Clio,Gasolina,87850.0,120.0,manual,14875,Sant Vicenç de Montalt,8394,Barcelona,Sant Vicenç de Montalt
Renault,Clio,Gasolina,87850.0,120.0,manual,14875,Granollers,8403,Barcelona,Granollers
Renault,Clio,Gasolina,87850.0,120.0,manual,14875,Murcia,30003,Murcia,Murcia
Renault,Clio,Gasolina,87850.0,120.0,manual,14875,Estepona,29680,Málaga,Estepona
Renault,Clio,Gasolina,87850.0,120.0,manual,14875,Olèrdola,8734,Barcelona,Olèrdola
Renault,Clio,Gasolina,87850.0,120.0,manual,14875,Olèrdola,8734,Barcelona,Olèrdola
Renault,Clio,Gasolina,6961.0,90.0,manual,12990,Sevilla,41005,Sevilla,Sevilla
Renault,Clio,Gasolina,6961.0,90.0,manual,12990,Vigo,36211,Pontevedra,Vigo
Renault,Clio,Gasolina,6961.0,90.0,manual,12990,Alicante,3010,Alicante,Alicante
Renault,Clio,Gasolina,6961.0,90.0,manual,12990,Alicante,3010,Murcia,Alicante
Renault,Clio,Gasolina,6961.0,90.0,manual,12990,Almería,4006,Almería,Almería
Renault,Clio,Gasolina,6961.0,90.0,manual,12990,Bilbao,48004,Bizkaia,Bilbao
Renault,Clio,Gasolina,6961.0,90.0,manual,12990,Sevilla,41017,Sevilla,Sevilla
Renault,Clio,Gasolina,6961.0,90.0,manual,12990,Badajoz,6003,Badajoz,Badajoz
Renault,Clio,Gasolina,6961.0,90.0,manual,12990,Jaén,23008,Jaén,Jaén
Renault,Clio,Gasolina,87850.0,120.0,manual,14875,Barcelona,8007,Barcelona,Barcelona
Renault,Clio,Gasolina,6961.0,90.0,manual,12990,Granada,18005,Granada,Granada
Renault,Clio,Gasolina,6961.0,90.0,manual,12990,Murcia,30005,Murcia,Murcia
Renault,Clio,Gasolina,6961.0,90.0,manual,12990,Valencia,46001,Valencia,Valencia
Renault,Clio,Gasolina,6961.0,90.0,manual,12990,Málaga,29005,Málaga,Málaga
Renault,Clio,Gasolina,87850.0,120.0,manual,14875,Colonia Pablo Iglesias,28520,Madrid,Colonia Pablo Iglesias
Renault,Clio,Gasolina,6961.0,90.0,manual,12990,Córdoba,14003,Córdoba,Córdoba
Renault,Clio,Gasolina,6961.0,90.0,manual,12990,Ciudad Real,13005,Ciudad Real,Ciudad Real
Renault,Laguna,Diésel,218428.0,130.0,manual,1690,Madrid,28026,Madrid,Madrid
Nissan,Pulsar,Diésel,120370.0,110.0,manual,12650,Las Rozas de Madrid,28232,Madrid,Las Rozas de Madrid
Nissan,Pulsar,Diésel,120370.0,110.0,manual,12650,Torremolinos,29620,Málaga,Torremolinos
Nissan,Pulsar,Diésel,120370.0,110.0,manual,12650,Torremolinos,29620,Málaga,Torremolinos
Nissan,Pulsar,Diésel,120370.0,110.0,manual,12650,Torremolinos,29620,Málaga,Torremolinos
Nissan,Micra,Gasolina,38060.0,80.0,manual,6490,Palma de Mallorca,7003,Baleares,Palma de Mallorca
Audi,A6,Diésel,282000.0,136.0,manual,5000,Ulldecona,43550,Tarragona,Ulldecona
Renault,Captur,Gasolina,87000.0,89.0,manual,217,Barcelona,8007,Barcelona,Barcelona
Renault,Captur,Gasolina,85000.0,89.0,manual,324,Barcelona,8007,Barcelona,Barcelona
Ford,B-MAX,Diésel,68047.0,95.0,manual,12485,Murcia,30003,Murcia,Murcia
Renault,Captur,Gasolina,82000.0,89.0,manual,217,Barcelona,8007,Barcelona,Barcelona
Renault,Captur,Gasolina,84000.0,89.0,manual,324,Barcelona,8007,Barcelona,Barcelona
Renault,Captur,Gasolina,77000.0,89.0,manual,380,Barcelona,8009,Barcelona,Barcelona
Renault,Captur,Gasolina,89000.0,89.0,manual,328,Madrid,28006,Madrid,Madrid
Renault,Captur,Gasolina,82000.0,89.0,manual,328,Madrid,28006,Madrid,Madrid
Renault,Captur,Gasolina,81000.0,89.0,manual,328,Valencia,46005,Valencia,Valencia
Renault,Captur,Gasolina,87000.0,89.0,manual,328,Barcelona,8009,Barcelona,Barcelona
Renault,Captur,Gasolina,90000.0,89.0,manual,318,Valencia,46005,Valencia,Valencia
Renault,Captur,Diésel,76000.0,89.0,manual,380,Barcelona,8009,Barcelona,Barcelona
Renault,Captur,Gasolina,91000.0,89.0,manual,311,Valencia,46005,Valencia,Valencia
Renault,Captur,Diésel,72580.0,90.0,manual,16490,Madrid,28021,Madrid,Madrid
Renault,Captur,Diésel,72580.0,90.0,manual,15990,Madrid,28021,Madrid,Madrid
Renault,Captur,Gasolina,16262.0,90.0,manual,16490,Madrid,28021,Madrid,Madrid
Renault,Captur,Gasolina,16262.0,90.0,manual,15990,Madrid,28021,Madrid,Madrid
Renault,Captur,Diésel,142492.0,90.0,manual,12420,Santiago de Compostela,15703,A Coruña,Santiago de Compostela
Renault,Captur,Gasolina,89773.0,90.0,manual,12820,Santiago de Compostela,15703,A Coruña,Santiago de Compostela
Renault,Captur,Gasolina,91190.0,90.0,manual,12800,Santiago de Compostela,15703,A Coruña,Santiago de Compostela
Renault,Captur,Diésel,142492.0,90.0,manual,12420,Mercado Parque Corredor del Henares,28850,Madrid,Mercado Parque Corredor del Henares
Renault,Captur,Diésel,142492.0,90.0,manual,12420,Valdepeñas,13300,Ciudad Real,Valdepeñas
Renault,Captur,Diésel,142492.0,90.0,manual,12420,Valdepeñas,13300,Ciudad Real,Valdepeñas
Renault,Captur,Diésel,142492.0,90.0,manual,12420,Ciudad Real,13003,Ciudad Real,Ciudad Real
Renault,Captur,Diésel,142492.0,90.0,manual,12420,Estepona,29680,Málaga,Estepona
Renault,Captur,Gasolina,89773.0,90.0,manual,12820,Mercado Parque Corredor del Henares,28850,Madrid,Mercado Parque Corredor del Henares
Renault,Captur,Gasolina,89773.0,90.0,manual,12820,Valdepeñas,13300,Ciudad Real,Valdepeñas
Renault,Captur,Gasolina,89773.0,90.0,manual,12820,Valdepeñas,13300,Ciudad Real,Valdepeñas
Renault,Captur,Gasolina,89773.0,90.0,manual,12820,Ciudad Real,13003,Ciudad Real,Ciudad Real
Renault,Captur,Gasolina,89773.0,90.0,manual,12820,Estepona,29680,Málaga,Estepona
Renault,Captur,Gasolina,91190.0,90.0,manual,12800,Mercado Parque Corredor del Henares,28850,Madrid,Mercado Parque Corredor del Henares
Renault,Captur,Diésel,142492.0,90.0,manual,12420,Sant Vicenç de Montalt,8394,Barcelona,Sant Vicenç de Montalt
Renault,Captur,Gasolina,91190.0,90.0,manual,12800,Valdepeñas,13300,Ciudad Real,Valdepeñas
Renault,Captur,Gasolina,91190.0,90.0,manual,12800,Valdepeñas,13300,Ciudad Real,Valdepeñas
Renault,Captur,Gasolina,91190.0,90.0,manual,12800,Ciudad Real,13003,Ciudad Real,Ciudad Real
Renault,Captur,Gasolina,91190.0,90.0,manual,12800,Estepona,29680,Málaga,Estepona
Renault,Captur,Diésel,142492.0,90.0,manual,12420,Santa Maria del Aguila,4710,Almería,Santa Maria del Aguila
Renault,Captur,Gasolina,89773.0,90.0,manual,12820,Sant Vicenç de Montalt,8394,Barcelona,Sant Vicenç de Montalt
Renault,Captur,Gasolina,91190.0,90.0,manual,12800,Sant Vicenç de Montalt,8394,Barcelona,Sant Vicenç de Montalt
Renault,Captur,Gasolina,89773.0,90.0,manual,12820,Santa Maria del Aguila,4710,Almería,Santa Maria del Aguila
Renault,Scenic,Diésel,58710.0,95.0,manual,10850,Mercado Parque Corredor del Henares,28850,Madrid,Mercado Parque Corredor del Henares
Renault,Scenic,Diésel,58710.0,95.0,manual,10850,Valdepeñas,13300,Ciudad Real,Valdepeñas
Renault,Scenic,Diésel,58710.0,95.0,manual,10850,Valdepeñas,13300,Ciudad Real,Valdepeñas
Renault,Scenic,Diésel,58710.0,95.0,manual,10850,Ciudad Real,13003,Ciudad Real,Ciudad Real
Renault,Scenic,Diésel,58710.0,95.0,manual,10850,Estepona,29680,Málaga,Estepona
Renault,Scenic,Diésel,58710.0,95.0,manual,10850,Sant Vicenç de Montalt,8394,Barcelona,Sant Vicenç de Montalt
Renault,Scenic,Diésel,58710.0,95.0,manual,10850,Santa Maria del Aguila,4710,Almería,Santa Maria del Aguila
Renault,Scenic,Diésel,58710.0,95.0,manual,10850,Olèrdola,8734,Barcelona,Olèrdola
Renault,Scenic,Diésel,58710.0,95.0,manual,10850,Olèrdola,8734,Barcelona,Olèrdola
Renault,Scenic,Diésel,58710.0,95.0,manual,10850,Alameda del Obispo,14005,Córdoba,Alameda del Obispo
Renault,Scenic,Diésel,58710.0,95.0,manual,10850,Alcobendas,28100,Madrid,Alcobendas
Renault,Scenic,Diésel,58710.0,95.0,manual,10850,Alcalá de Guadaíra,41500,Sevilla,Alcalá de Guadaíra
Renault,Scenic,Diésel,58710.0,95.0,manual,10850,Mercabilbao,48970,Bizkaia,Mercabilbao
Renault,Scenic,Diésel,58710.0,95.0,manual,10850,Santafe,18320,Granada,Santafe
SEAT,Tarraco,Gasolina,10303.0,150.0,manual,36225,Mercado Parque Corredor del Henares,28850,Madrid,Mercado Parque Corredor del Henares
Renault,Grand Scenic,Gasolina,96000.0,140.0,manual,261,Barcelona,8007,Barcelona,Barcelona
Renault,Grand Scenic,Diésel,47000.0,110.0,manual,483,Madrid,28006,Madrid,Madrid
Renault,Grand Scenic,Gasolina,96223.0,115.0,manual,12900,Estepona,29680,Málaga,Estepona
KIA,Carens,Gasolina,90200.0,135.0,manual,12990,Almería,4006,Almería,Almería
Renault,Grand Scenic,Gasolina,96223.0,115.0,manual,12900,Alcobendas,28100,Madrid,Alcobendas
Renault,Grand Scenic,Gasolina,96223.0,115.0,manual,12900,Alcalá de Guadaíra,41500,Sevilla,Alcalá de Guadaíra
Renault,Grand Scenic,Gasolina,96223.0,115.0,manual,12900,Castello/Castellon de La Plana,12100,Castellón,Castello/Castellon de La Plana
Renault,Grand Scenic,Gasolina,96223.0,115.0,manual,12900,Santafe,18320,Granada,Santafe
Renault,Grand Scenic,Gasolina,96223.0,115.0,manual,12900,Las Rozas de Madrid,28232,Madrid,Las Rozas de Madrid
Renault,Grand Scenic,Gasolina,96223.0,115.0,manual,12900,Torremolinos,29620,Málaga,Torremolinos
Renault,Grand Scenic,Gasolina,96223.0,115.0,manual,12900,Torremolinos,29620,Málaga,Torremolinos
Renault,Grand Scenic,Gasolina,96223.0,115.0,manual,12900,Torremolinos,29620,Málaga,Torremolinos
Renault,Grand Scenic,Gasolina,96223.0,115.0,manual,12900,Getafe,28906,Madrid,Getafe
Renault,Grand Scenic,Gasolina,96223.0,115.0,manual,12900,Collado Villalba,28400,Madrid,Collado Villalba
Renault,Grand Scenic,Gasolina,96223.0,115.0,manual,12900,Collado Villalba,28400,Madrid,Collado Villalba
Renault,Grand Scenic,Gasolina,96223.0,115.0,manual,12900,Paterna,46980,Valencia,Paterna
Renault,Grand Scenic,Gasolina,96223.0,115.0,manual,12900,Puerto de Sagunto,46520,Valencia,Puerto de Sagunto
Renault,Grand Scenic,Gasolina,96223.0,115.0,manual,12900,Atarrabia,31610,Navarra,Atarrabia
Renault,Grand Scenic,Gasolina,96223.0,115.0,manual,12900,Albacete,2001,Albacete,Albacete
Renault,Grand Scenic,Gasolina,96223.0,115.0,manual,12900,Alzira,46600,Valencia,Alzira
Renault,Grand Scenic,Gasolina,96223.0,115.0,manual,12900,Alzira,46600,Valencia,Alzira
Renault,Grand Scenic,Gasolina,96223.0,115.0,manual,12900,Hidraulica Santillana,28770,Madrid,Hidraulica Santillana
Renault,Grand Scenic,Gasolina,96223.0,115.0,manual,12900,Alicante,3007,Alicante,Alicante
SEAT,Tarraco,Diésel,95446.0,150.0,manual,25890,Colonia Pablo Iglesias,28520,Madrid,Colonia Pablo Iglesias
SEAT,Tarraco,Diésel,95446.0,150.0,manual,25890,Murcia,30005,Murcia,Murcia
SEAT,Tarraco,Diésel,95446.0,150.0,manual,25890,Bilbao,48004,Bizkaia,Bilbao
SEAT,Tarraco,Diésel,95446.0,150.0,manual,25890,Sevilla,41005,Sevilla,Sevilla
Volkswagen,Taigo,Gasolina,12000.0,150.0,automatic,31900,Esplugues de Llobregat,8950,Barcelona,Esplugues de Llobregat
SEAT,Tarraco,Diésel,95446.0,150.0,manual,25890,Valencia,46001,Valencia,Valencia
SEAT,Tarraco,Diésel,59995.0,150.0,manual,22890,Murcia,30005,Murcia,Murcia
SEAT,Tarraco,Diésel,59995.0,150.0,manual,22790,Murcia,30005,Murcia,Murcia
SEAT,Tarraco,Diésel,95446.0,150.0,manual,25890,Málaga,29005,Málaga,Málaga
SEAT,Tarraco,Diésel,59995.0,150.0,manual,22890,Bilbao,48004,Bizkaia,Bilbao
SEAT,Tarraco,Diésel,59995.0,150.0,manual,22790,Bilbao,48004,Bizkaia,Bilbao
SEAT,Tarraco,Diésel,95446.0,150.0,manual,25890,Las Rozas de Madrid,28232,Madrid,Las Rozas de Madrid
Renault,Espace,Diésel,50757.0,160.0,automatic,24900,Sevilla,41004,Sevilla,Sevilla
Renault,Espace,Diésel,142466.0,160.0,automatic,18490,Málaga,29005,Málaga,Málaga
Renault,Espace,Diésel,142466.0,160.0,automatic,18490,Valencia,46001,Valencia,Valencia
Renault,Espace,Diésel,142466.0,160.0,automatic,18490,Colonia Pablo Iglesias,28520,Madrid,Colonia Pablo Iglesias
Renault,Espace,Diésel,50757.0,160.0,automatic,24900,Almería,4001,Almería,Almería
Renault,Espace,Diésel,142466.0,160.0,automatic,18490,Las Rozas de Madrid,28232,Madrid,Las Rozas de Madrid
Renault,Espace,Diésel,142466.0,160.0,automatic,18490,Villaviciosa de Odón,28670,Madrid,Villaviciosa de Odón
Renault,Espace,Diésel,142466.0,160.0,automatic,18490,Camarma de Esteruelas,28816,Madrid,Camarma de Esteruelas
Renault,Espace,Diésel,142466.0,160.0,automatic,18490,Camarma de Esteruelas,28816,Madrid,Camarma de Esteruelas
KIA,Carens,Gasolina,82008.0,135.0,manual,14145,Alicante,3007,Alicante,Alicante
Renault,Espace,Diésel,50757.0,160.0,automatic,24900,Alcalá de Henares,28801,Madrid,Alcalá de Henares
Opel,Corsa-e,Eléctrico,2170.0,136.0,automatic,27900,Alzira,46600,Valencia,Alzira
Opel,Corsa-e,Eléctrico,2170.0,136.0,automatic,27900,Alzira,46600,Valencia,Alzira
Renault,Espace,Diésel,50757.0,160.0,automatic,24900,Granada,18002,Granada,Granada
Renault,Espace,Diésel,50757.0,160.0,automatic,24900,Urbanitzacio El Medol,43150,Tarragona,Urbanitzacio El Medol
Renault,Espace,Diésel,50757.0,160.0,automatic,24900,Barcelona,8013,Barcelona,Barcelona
Renault,Espace,Diésel,50757.0,160.0,automatic,24900,A Coruña,15003,A Coruña,A Coruña
Renault,Espace,Diésel,50757.0,160.0,automatic,24900,Zaragoza,50003,Zaragoza,Zaragoza
Renault,Espace,Diésel,50757.0,160.0,automatic,24900,Santander,39002,Cantabria,Santander
Renault,Espace,Diésel,50757.0,160.0,automatic,24900,Donostia-San Sebastián,20005,Gipuzkoa,Donostia-San Sebastián
Renault,Espace,Diésel,50757.0,160.0,automatic,24900,Madrid,28013,Madrid,Madrid
Renault,Espace,Diésel,50757.0,160.0,automatic,24900,San Sebastián de Los Reyes,28700,Madrid,San Sebastián de Los Reyes
Renault,Espace,Diésel,50757.0,160.0,automatic,24900,Valencia,46003,Valencia,Valencia
Renault,Espace,Diésel,50757.0,160.0,automatic,24900,Murcia,30001,Murcia,Murcia
Renault,Espace,Diésel,50757.0,160.0,automatic,24900,Sabadell,8203,Barcelona,Sabadell
Renault,Espace,Diésel,50757.0,160.0,automatic,24900,Toledo,45002,Toledo,Toledo
Renault,Kadjar,Diésel,80000.0,110.0,manual,456,Barcelona,8007,Barcelona,Barcelona
Renault,Kadjar,Diésel,115000.0,110.0,manual,468,Barcelona,8009,Barcelona,Barcelona
Renault,Kadjar,Diésel,147000.0,130.0,manual,15490,Armilla,18100,Granada,Armilla
Renault,Kadjar,Diésel,147000.0,130.0,manual,15190,Armilla,18100,Granada,Armilla
Toyota,C-HR,Eléctrico,41924.0,122.0,automatic,21839,Torremolinos,29620,Málaga,Torremolinos
Toyota,C-HR,Eléctrico,41924.0,122.0,automatic,21839,Torremolinos,29620,Málaga,Torremolinos
Toyota,C-HR,Eléctrico,41924.0,122.0,automatic,21839,Torremolinos,29620,Málaga,Torremolinos
Toyota,C-HR,Eléctrico,17367.0,122.0,automatic,23200,Torremolinos,29620,Málaga,Torremolinos
Toyota,C-HR,Eléctrico,17367.0,122.0,automatic,23200,Torremolinos,29620,Málaga,Torremolinos
Toyota,C-HR,Eléctrico,17367.0,122.0,automatic,23200,Torremolinos,29620,Málaga,Torremolinos
Toyota,C-HR,Eléctrico,85492.0,122.0,automatic,25012,Torremolinos,29620,Málaga,Torremolinos
Toyota,C-HR,Eléctrico,85492.0,122.0,automatic,25012,Torremolinos,29620,Málaga,Torremolinos
Toyota,C-HR,Eléctrico,85492.0,122.0,automatic,25012,Torremolinos,29620,Málaga,Torremolinos
Toyota,C-HR,Eléctrico,41924.0,122.0,automatic,21839,Olèrdola,8734,Barcelona,Olèrdola
Toyota,C-HR,Eléctrico,41924.0,122.0,automatic,21839,Olèrdola,8734,Barcelona,Olèrdola
Toyota,C-HR,Eléctrico,17367.0,122.0,automatic,23200,Olèrdola,8734,Barcelona,Olèrdola
Toyota,C-HR,Eléctrico,17367.0,122.0,automatic,23200,Olèrdola,8734,Barcelona,Olèrdola
Toyota,C-HR,Eléctrico,85492.0,122.0,automatic,25012,Olèrdola,8734,Barcelona,Olèrdola
Toyota,C-HR,Eléctrico,85492.0,122.0,automatic,25012,Olèrdola,8734,Barcelona,Olèrdola
Toyota,C-HR,Eléctrico,41924.0,122.0,automatic,21839,Mercado Parque Corredor del Henares,28850,Madrid,Mercado Parque Corredor del Henares
Toyota,C-HR,Eléctrico,17367.0,122.0,automatic,23200,Mercado Parque Corredor del Henares,28850,Madrid,Mercado Parque Corredor del Henares
Toyota,C-HR,Eléctrico,85492.0,122.0,automatic,25012,Mercado Parque Corredor del Henares,28850,Madrid,Mercado Parque Corredor del Henares
Volkswagen,Sharan,Diésel,95045.0,150.0,manual,34495,Zaragoza,50017,Zaragoza,Zaragoza
Volkswagen,Sharan,Diésel,137900.0,150.0,automatic,21900,Valencia,46002,Valencia,Valencia
Toyota,C-HR,Eléctrico,129405.0,122.0,automatic,18500,Girona,17005,Girona,Girona
Toyota,C-HR,Eléctrico,252998.0,125.0,automatic,25970,Foios,46134,Valencia,Foios
SEAT,Tarraco,Diésel,95446.0,150.0,manual,25890,Collado Villalba,28400,Madrid,Collado Villalba
SEAT,Tarraco,Diésel,95446.0,150.0,manual,25890,Collado Villalba,28400,Madrid,Collado Villalba
SEAT,Tarraco,Diésel,95446.0,150.0,manual,25890,Urbanizacion La Granjilla,28700,Madrid,Urbanizacion La Granjilla
SEAT,Tarraco,Diésel,95446.0,150.0,manual,25890,Villaviciosa de Odón,28670,Madrid,Villaviciosa de Odón
SEAT,Tarraco,Diésel,59995.0,150.0,manual,22890,Ourense,32001,Ourense,Ourense
SEAT,Tarraco,Diésel,59995.0,150.0,manual,22790,Ourense,32001,Ourense,Ourense
SEAT,Tarraco,Diésel,78000.0,149.0,automatic,29950,Burjassot,46100,Valencia,Burjassot
SEAT,Tarraco,Diésel,78000.0,149.0,automatic,29950,Valdefuentes,28939,Madrid,Valdefuentes
SEAT,Tarraco,Diésel,78000.0,149.0,automatic,29950,Valdefuentes,28939,Madrid,Valdefuentes
SEAT,Tarraco,Diésel,78000.0,149.0,automatic,29950,Terrassa,8223,Barcelona,Terrassa
Renault,Kangoo,Diésel,300000.0,65.0,manual,2200,Málaga,29006,Málaga,Málaga
Renault,Kangoo,Diésel,300000.0,70.0,manual,2999,Málaga,29006,Málaga,Málaga
Renault,Kangoo,Diésel,59990.0,75.0,manual,14490,Sevilla,41005,Sevilla,Sevilla
Renault,Kangoo,Diésel,59990.0,75.0,manual,14490,Alicante,3010,Alicante,Alicante
Renault,Kangoo,Diésel,59990.0,75.0,manual,14490,Alicante,3010,Murcia,Alicante
Renault,Kangoo,Diésel,59990.0,75.0,manual,14490,Bilbao,48004,Bizkaia,Bilbao
Renault,Kangoo,Diésel,59990.0,75.0,manual,14490,Almería,4006,Almería,Almería
Renault,Kangoo,Diésel,59990.0,75.0,manual,14490,Valencia,46001,Valencia,Valencia
Renault,Kangoo,Diésel,59990.0,75.0,manual,14490,Málaga,29005,Málaga,Málaga
Renault,Kangoo,Diésel,59990.0,75.0,manual,14490,Vigo,36211,Pontevedra,Vigo
Renault,Kangoo,Diésel,59990.0,75.0,manual,14490,Granada,18005,Granada,Granada
Renault,Kangoo,Diésel,59990.0,75.0,manual,14490,Murcia,30005,Murcia,Murcia
Opel,Vivaro,Diésel,35000.0,120.0,manual,19990,Barcelona,8028,Barcelona,Barcelona
Renault,Kangoo,Diésel,59990.0,75.0,manual,14490,Urbanizacion La Granjilla,28700,Madrid,Urbanizacion La Granjilla
Renault,Kangoo,Diésel,59990.0,75.0,manual,14490,Toledo,45002,Toledo,Toledo
Renault,Kangoo,Diésel,59990.0,75.0,manual,14490,Colonia Pablo Iglesias,28520,Madrid,Colonia Pablo Iglesias
Renault,Kangoo,Diésel,59990.0,75.0,manual,14490,Villaviciosa de Odón,28670,Madrid,Villaviciosa de Odón
KIA,Carens,Gasolina,82008.0,135.0,manual,14145,Zaragoza,50013,Zaragoza,Zaragoza
Renault,Kangoo,Diésel,59990.0,75.0,manual,14490,Las Rozas de Madrid,28232,Madrid,Las Rozas de Madrid
Renault,Kangoo,Diésel,59990.0,75.0,manual,14490,Fuenlabrada,28947,Madrid,Fuenlabrada
Renault,Kangoo,Diésel,59990.0,75.0,manual,14490,Camarma de Esteruelas,28816,Madrid,Camarma de Esteruelas
Renault,Kangoo,Diésel,59990.0,75.0,manual,14490,Camarma de Esteruelas,28816,Madrid,Camarma de Esteruelas
Renault,Kangoo,Diésel,169000.0,85.0,manual,3950,Collado Villalba,28400,Madrid,Collado Villalba
Renault,Kangoo,Diésel,169000.0,85.0,manual,3950,Collado Villalba,28400,Madrid,Collado Villalba
Renault,Megane,Diésel,70000.0,115.0,manual,215,Barcelona,8007,Barcelona,Barcelona
Renault,Megane,Diésel,84000.0,115.0,manual,396,Madrid,28006,Madrid,Madrid
Fiat,Fiorino,Diésel,84750.0,80.0,manual,10500,Sant Boi de Llobregat,8830,Barcelona,Sant Boi de Llobregat
Jaguar,XF,Diésel,41240.0,200.0,automatic,22715,Badajoz,6008,Badajoz,Badajoz
Volkswagen,Transporter T5,Diésel,250000.0,102.0,manual,16500,Cordovilla,31191,Navarra,Cordovilla
Volkswagen,Transporter T5,Diésel,250000.0,102.0,manual,16500,Cordovilla,31191,Navarra,Cordovilla
Renault,Megane,Diésel,83000.0,115.0,manual,396,Barcelona,8009,Barcelona,Barcelona
KIA,Carens,Gasolina,82008.0,135.0,manual,14145,Castello/Castellon de La Plana,12100,Castellón,Castello/Castellon de La Plana
Renault,Megane,Gasolina,86934.0,115.0,manual,11900,Santiago de Compostela,15703,A Coruña,Santiago de Compostela
Renault,Megane,Gasolina,59200.0,205.0,automatic,21990,Santiago de Compostela,15703,A Coruña,Santiago de Compostela
Renault,Megane,Gasolina,86934.0,115.0,manual,11900,Mercado Parque Corredor del Henares,28850,Madrid,Mercado Parque Corredor del Henares
Renault,Megane,Gasolina,86934.0,115.0,manual,11900,Valdepeñas,13300,Ciudad Real,Valdepeñas
Renault,Megane,Gasolina,86934.0,115.0,manual,11900,Valdepeñas,13300,Ciudad Real,Valdepeñas
Renault,Megane,Gasolina,86934.0,115.0,manual,11900,Ciudad Real,13003,Ciudad Real,Ciudad Real
Volkswagen,T-Cross,Gasolina,69000.0,110.0,automatic,21995,Benidorm,3501,Alicante,Benidorm
Volkswagen,T-Cross,Gasolina,84000.0,115.0,manual,17400,Mataró,8302,Barcelona,Mataró
Volkswagen,T-Cross,Gasolina,19156.0,110.0,automatic,24900,Sant Boi de Llobregat,8830,Barcelona,Sant Boi de Llobregat
Volkswagen,T-Cross,Gasolina,8196.0,95.0,manual,23900,Sant Boi de Llobregat,8830,Barcelona,Sant Boi de Llobregat
Renault,Megane,Gasolina,86934.0,115.0,manual,11900,Estepona,29680,Málaga,Estepona
Renault,Megane,Gasolina,86934.0,115.0,manual,11900,Sant Vicenç de Montalt,8394,Barcelona,Sant Vicenç de Montalt
Renault,Megane,Gasolina,86934.0,115.0,manual,11900,Santa Maria del Aguila,4710,Almería,Santa Maria del Aguila
Renault,Megane,Gasolina,59200.0,205.0,automatic,21990,Mercado Parque Corredor del Henares,28850,Madrid,Mercado Parque Corredor del Henares
Renault,Megane,Gasolina,59200.0,205.0,automatic,21990,Valdepeñas,13300,Ciudad Real,Valdepeñas
Renault,Megane,Gasolina,59200.0,205.0,automatic,21990,Valdepeñas,13300,Ciudad Real,Valdepeñas
Renault,Megane,Gasolina,59200.0,205.0,automatic,21990,Ciudad Real,13003,Ciudad Real,Ciudad Real
Renault,Megane,Gasolina,59200.0,205.0,automatic,21990,Estepona,29680,Málaga,Estepona
Renault,Megane,Gasolina,59200.0,205.0,automatic,21990,Sant Vicenç de Montalt,8394,Barcelona,Sant Vicenç de Montalt
Renault,Megane,Gasolina,59200.0,205.0,automatic,21990,Santa Maria del Aguila,4710,Almería,Santa Maria del Aguila
Renault,Megane,Diésel,9998.0,115.0,manual,15990,Sevilla,41005,Sevilla,Sevilla
Renault,Megane,Gasolina,96797.0,100.0,manual,11990,Sevilla,41005,Sevilla,Sevilla
Renault,Megane,Diésel,9998.0,115.0,manual,15990,Alicante,3010,Alicante,Alicante
Renault,Megane,Diésel,9998.0,115.0,manual,15990,Alicante,3010,Murcia,Alicante
Renault,Megane,Gasolina,96797.0,100.0,manual,11990,Alicante,3010,Alicante,Alicante
Renault,Megane,Gasolina,96797.0,100.0,manual,11990,Alicante,3010,Murcia,Alicante
Renault,Megane,Diésel,4601.0,115.0,manual,22990,Málaga,29005,Málaga,Málaga
Renault,Megane,Diésel,9998.0,115.0,manual,15990,Bilbao,48004,Bizkaia,Bilbao
Toyota,Yaris,Gasolina,67725.0,69.0,manual,9190,Almería,4006,Almería,Almería
Toyota,Yaris,Gasolina,71433.0,69.0,manual,10290,Almería,4006,Almería,Almería
Toyota,Yaris,Gasolina,71433.0,69.0,manual,10290,Toledo,45002,Toledo,Toledo
Toyota,Yaris,Gasolina,67725.0,69.0,manual,9190,Ullastrell,8231,Barcelona,Ullastrell
Toyota,Yaris,Gasolina,67725.0,69.0,manual,9190,Alicante,3010,Alicante,Alicante
Toyota,Yaris,Gasolina,67725.0,69.0,manual,9190,Alicante,3010,Murcia,Alicante
Toyota,Yaris,Gasolina,71433.0,69.0,manual,10290,Alicante,3010,Alicante,Alicante
Toyota,Yaris,Gasolina,71433.0,69.0,manual,10290,Alicante,3010,Murcia,Alicante
Toyota,Yaris,Gasolina,67725.0,69.0,manual,9190,Vigo,36211,Pontevedra,Vigo
Toyota,Yaris,Gasolina,67725.0,69.0,manual,9190,Granada,18005,Granada,Granada
Toyota,Yaris,Gasolina,71433.0,69.0,manual,10290,Vigo,36211,Pontevedra,Vigo
Toyota,Yaris,Gasolina,71433.0,69.0,manual,10290,Granada,18005,Granada,Granada
Toyota,Yaris,Gasolina,47559.0,111.0,manual,14990,Sant Boi de Llobregat,8830,Barcelona,Sant Boi de Llobregat
Toyota,Yaris,Gasolina,68963.0,111.0,manual,14990,Sant Boi de Llobregat,8830,Barcelona,Sant Boi de Llobregat
Toyota,Yaris,Gasolina,72982.0,111.0,manual,14990,Sant Boi de Llobregat,8830,Barcelona,Sant Boi de Llobregat
Toyota,Yaris,Gasolina,56011.0,111.0,manual,13990,Sant Boi de Llobregat,8830,Barcelona,Sant Boi de Llobregat
Toyota,Yaris,Gasolina,42787.0,111.0,manual,14990,Sant Boi de Llobregat,8830,Barcelona,Sant Boi de Llobregat
Toyota,Yaris,Gasolina,71433.0,69.0,manual,10290,Fuenlabrada,28947,Madrid,Fuenlabrada
Toyota,Yaris,Gasolina,67725.0,69.0,manual,9190,Girona,17007,Girona,Girona
Toyota,Yaris,Gasolina,71433.0,69.0,manual,10290,Colonia Pablo Iglesias,28520,Madrid,Colonia Pablo Iglesias
Toyota,Yaris,Gasolina,67725.0,69.0,manual,9190,Murcia,30005,Murcia,Murcia
Toyota,Yaris,Gasolina,71433.0,69.0,manual,10290,Murcia,30005,Murcia,Murcia
Toyota,Yaris,Gasolina,67725.0,69.0,manual,9190,Bilbao,48004,Bizkaia,Bilbao
Toyota,Yaris,Gasolina,67725.0,69.0,manual,9190,Sevilla,41005,Sevilla,Sevilla
Toyota,Yaris,Gasolina,67725.0,69.0,manual,9190,Valencia,46001,Valencia,Valencia
Toyota,Yaris,Gasolina,71433.0,69.0,manual,10290,Bilbao,48004,Bizkaia,Bilbao
Toyota,Yaris,Gasolina,71433.0,69.0,manual,10290,Sevilla,41005,Sevilla,Sevilla
Toyota,Yaris,Gasolina,67725.0,69.0,manual,9190,Palma de Mallorca,7003,Baleares,Palma de Mallorca
Toyota,Yaris,Gasolina,71433.0,69.0,manual,10290,Valencia,46001,Valencia,Valencia
Toyota,Yaris,Gasolina,67725.0,69.0,manual,9190,Málaga,29005,Málaga,Málaga
Toyota,Yaris,Gasolina,71433.0,69.0,manual,10290,Málaga,29005,Málaga,Málaga
Toyota,Yaris,Gasolina,92000.0,110.0,manual,11890,Madrid,28044,Madrid,Madrid
Toyota,Yaris,Gasolina,71433.0,69.0,manual,10290,Las Rozas de Madrid,28232,Madrid,Las Rozas de Madrid
Toyota,Yaris,Gasolina,71433.0,69.0,manual,10290,Camarma de Esteruelas,28816,Madrid,Camarma de Esteruelas
Toyota,Yaris,Gasolina,71433.0,69.0,manual,10290,Camarma de Esteruelas,28816,Madrid,Camarma de Esteruelas
Toyota,Yaris,Gasolina,67725.0,69.0,manual,9190,Òrrius,8317,Barcelona,Òrrius
Toyota,Yaris,Gasolina,71433.0,69.0,manual,10290,Collado Villalba,28400,Madrid,Collado Villalba
Toyota,Yaris,Gasolina,71433.0,69.0,manual,10290,Collado Villalba,28400,Madrid,Collado Villalba
Toyota,Yaris,Gasolina,71433.0,69.0,manual,10290,Villaviciosa de Odón,28670,Madrid,Villaviciosa de Odón
Toyota,Yaris,Gasolina,71433.0,69.0,manual,10290,Urbanizacion La Granjilla,28700,Madrid,Urbanizacion La Granjilla
Toyota,Yaris,Gasolina,67725.0,69.0,manual,9190,Tarragona,43006,Tarragona,Tarragona
Toyota,Yaris,Gasolina,67725.0,69.0,manual,9190,Palau-Solita I Plegamans,8184,Barcelona,Palau-Solita I Plegamans
Toyota,Yaris,Gasolina,67725.0,69.0,manual,9190,Palau-Solita I Plegamans,8184,Barcelona,Palau-Solita I Plegamans
Toyota,Yaris,Gasolina,12942.0,69.0,manual,11690,Valencia,46002,Valencia,Valencia
Toyota,Yaris,Gasolina,25000.0,111.0,manual,14750,Sabadell,8205,Barcelona,Sabadell
Renault,Clio,Diésel,225280.0,85.0,manual,1720,Madrid,28026,Madrid,Madrid
Renault,Clio,Diésel,225988.0,70.0,manual,2370,Madrid,28026,Madrid,Madrid
Renault,Clio,Diésel,99950.0,89.0,manual,271,Barcelona,8007,Barcelona,Barcelona
Renault,Clio,Diésel,59131.0,75.0,manual,10890,Madrid,28021,Madrid,Madrid
Renault,Clio,Diésel,82047.0,90.0,manual,11390,Madrid,28021,Madrid,Madrid
Renault,Clio,Diésel,87864.0,75.0,manual,10490,Madrid,28021,Madrid,Madrid
Renault,Clio,Diésel,87864.0,75.0,manual,10190,Madrid,28021,Madrid,Madrid
Renault,Clio,Gasolina,82358.0,90.0,manual,11990,Málaga,29005,Málaga,Málaga
Renault,Clio,Gasolina,99000.0,90.0,manual,13490,Málaga,29005,Málaga,Málaga
Renault,Clio,Diésel,132000.0,75.0,manual,8990,Urbanizacion La Granjilla,28700,Madrid,Urbanizacion La Granjilla
Renault,Clio,Gasolina,99000.0,90.0,manual,13490,Urbanizacion La Granjilla,28700,Madrid,Urbanizacion La Granjilla
Citroen,ë-C4,Eléctrico,1.0,136.0,automatic,32850,Sant Boi de Llobregat,8830,Barcelona,Sant Boi de Llobregat
Renault,Clio,Diésel,118000.0,75.0,manual,9000,Bormujos,41930,Sevilla,Bormujos
Renault,Clio,Diésel,118000.0,75.0,manual,9000,Valencia,46002,Valencia,Valencia
SEAT,Leon,Diésel,115000.0,115.0,manual,287,Barcelona,8007,Barcelona,Barcelona
SEAT,Leon,Diésel,115000.0,115.0,manual,291,Valencia,46005,Valencia,Valencia
SEAT,Leon,Diésel,50791.0,150.0,automatic,23590,Madrid,28021,Madrid,Madrid
SEAT,Leon,Gasolina,75119.0,130.0,manual,16490,Madrid,28021,Madrid,Madrid
SEAT,Leon,Gasolina,75119.0,130.0,manual,16190,Madrid,28021,Madrid,Madrid
SEAT,Leon,Gasolina,35402.0,110.0,manual,12890,Madrid,28021,Madrid,Madrid
SEAT,Leon,Gasolina,35402.0,110.0,manual,13290,Madrid,28021,Madrid,Madrid
SEAT,Leon,Gasolina,109773.0,160.0,manual,10700,Santiago de Compostela,15703,A Coruña,Santiago de Compostela
SEAT,Leon,Gasolina,126372.0,122.0,manual,11990,Santiago de Compostela,15703,A Coruña,Santiago de Compostela
SEAT,Leon,Diésel,97948.0,150.0,manual,16200,Santiago de Compostela,15703,A Coruña,Santiago de Compostela
SEAT,Leon,Gasolina,109773.0,160.0,manual,10700,Valdepeñas,13300,Ciudad Real,Valdepeñas
SEAT,Leon,Gasolina,109773.0,160.0,manual,10700,Valdepeñas,13300,Ciudad Real,Valdepeñas
SEAT,Leon,Gasolina,109773.0,160.0,manual,10700,Ciudad Real,13003,Ciudad Real,Ciudad Real
SEAT,Leon,Gasolina,126372.0,122.0,manual,11990,Valdepeñas,13300,Ciudad Real,Valdepeñas
SEAT,Leon,Gasolina,126372.0,122.0,manual,11990,Valdepeñas,13300,Ciudad Real,Valdepeñas
SEAT,Leon,Gasolina,126372.0,122.0,manual,11990,Ciudad Real,13003,Ciudad Real,Ciudad Real
SEAT,Leon,Gasolina,126372.0,122.0,manual,11990,Estepona,29680,Málaga,Estepona
SEAT,Leon,Gasolina,126372.0,122.0,manual,11990,Sant Vicenç de Montalt,8394,Barcelona,Sant Vicenç de Montalt
SEAT,Leon,Gasolina,126372.0,122.0,manual,11990,Santa Maria del Aguila,4710,Almería,Santa Maria del Aguila
SEAT,Leon,Diésel,97948.0,150.0,manual,16200,Mercado Parque Corredor del Henares,28850,Madrid,Mercado Parque Corredor del Henares
SEAT,Leon,Diésel,97948.0,150.0,manual,16200,Valdepeñas,13300,Ciudad Real,Valdepeñas
SEAT,Leon,Diésel,97948.0,150.0,manual,16200,Valdepeñas,13300,Ciudad Real,Valdepeñas
Citroen,DS4,Diésel,121419.0,92.0,manual,11550,Castello/Castellon de La Plana,12100,Castellón,Castello/Castellon de La Plana
Citroen,DS4,Diésel,121419.0,92.0,manual,11550,Alicante,3007,Alicante,Alicante
SEAT,Leon,Diésel,97948.0,150.0,manual,16200,Ciudad Real,13003,Ciudad Real,Ciudad Real
SEAT,Leon,Diésel,97948.0,150.0,manual,16200,Estepona,29680,Málaga,Estepona
Citroen,DS4,Diésel,121419.0,92.0,manual,11550,Santa Maria del Aguila,4710,Almería,Santa Maria del Aguila
Citroen,DS4,Diésel,121419.0,92.0,manual,11550,Alameda del Obispo,14005,Córdoba,Alameda del Obispo
Citroen,DS4,Diésel,121419.0,92.0,manual,11550,Colonia Pablo Iglesias,28520,Madrid,Colonia Pablo Iglesias
Citroen,DS4,Diésel,121419.0,92.0,manual,11550,Santiago de Compostela,15703,A Coruña,Santiago de Compostela
Citroen,DS4,Diésel,121419.0,92.0,manual,11550,Zaragoza,50013,Zaragoza,Zaragoza
Citroen,DS4,Diésel,121419.0,92.0,manual,11550,Puerto de Sagunto,46520,Valencia,Puerto de Sagunto
Citroen,DS4,Diésel,121419.0,92.0,manual,11550,Santafe,18320,Granada,Santafe
Citroen,DS4,Diésel,121419.0,92.0,manual,11550,Alcalá de Guadaíra,41500,Sevilla,Alcalá de Guadaíra
SEAT,Leon,Diésel,97948.0,150.0,manual,16200,Sant Vicenç de Montalt,8394,Barcelona,Sant Vicenç de Montalt
SEAT,Leon,Diésel,97948.0,150.0,manual,16200,Santa Maria del Aguila,4710,Almería,Santa Maria del Aguila
SEAT,Tarraco,Gasolina,77790.0,150.0,manual,24990,Madrid,28021,Madrid,Madrid
Citroen,Grand C4 Picasso,Gasolina,109277.0,130.0,manual,14250,Estepona,29680,Málaga,Estepona
Citroen,Grand C4 Picasso,Gasolina,109277.0,130.0,manual,14250,Olèrdola,8734,Barcelona,Olèrdola
Citroen,Grand C4 Picasso,Gasolina,109277.0,130.0,manual,14250,Olèrdola,8734,Barcelona,Olèrdola
Citroen,Grand C4 Picasso,Diésel,140004.0,150.0,automatic,11990,Sevilla,41005,Sevilla,Sevilla
Citroen,Grand C4 Picasso,Diésel,140004.0,150.0,automatic,11990,Vigo,36211,Pontevedra,Vigo
Citroen,Grand C4 Picasso,Diésel,140004.0,150.0,automatic,11990,Alicante,3010,Alicante,Alicante
Citroen,Grand C4 Picasso,Diésel,140004.0,150.0,automatic,11990,Alicante,3010,Murcia,Alicante
Citroen,Grand C4 Picasso,Diésel,140004.0,150.0,automatic,11990,Almería,4006,Almería,Almería
Citroen,Grand C4 Picasso,Diésel,140004.0,150.0,automatic,11990,Bilbao,48004,Bizkaia,Bilbao
Citroen,Grand C4 Picasso,Diésel,140004.0,150.0,automatic,11990,Sevilla,41017,Sevilla,Sevilla
Citroen,Grand C4 Picasso,Diésel,140004.0,150.0,automatic,11990,Huelva,21004,Huelva,Huelva
Citroen,Grand C4 Picasso,Diésel,140004.0,150.0,automatic,11990,Badajoz,6003,Badajoz,Badajoz
Citroen,Grand C4 Picasso,Diésel,140004.0,150.0,automatic,11990,Granada,18005,Granada,Granada
Citroen,Grand C4 Picasso,Diésel,140004.0,150.0,automatic,11990,Valencia,46001,Valencia,Valencia
Citroen,Grand C4 Picasso,Diésel,140004.0,150.0,automatic,11990,Málaga,29005,Málaga,Málaga
Citroen,Grand C4 Picasso,Diésel,140004.0,150.0,automatic,11990,Murcia,30005,Murcia,Murcia
Citroen,Grand C4 Picasso,Gasolina,109277.0,130.0,manual,14250,Barcelona,8007,Barcelona,Barcelona
Citroen,Grand C4 Picasso,Diésel,140004.0,150.0,automatic,11990,Cáceres,10001,Cáceres,Cáceres
Citroen,Grand C4 Picasso,Gasolina,109277.0,130.0,manual,14250,Colonia Pablo Iglesias,28520,Madrid,Colonia Pablo Iglesias
Citroen,Grand C4 Picasso,Gasolina,109277.0,130.0,manual,14250,Las Rozas de Madrid,28232,Madrid,Las Rozas de Madrid
Citroen,Grand C4 Picasso,Gasolina,109277.0,130.0,manual,14250,Atarrabia,31610,Navarra,Atarrabia
Citroen,Grand C4 Picasso,Gasolina,109277.0,130.0,manual,14250,Alameda del Obispo,14005,Córdoba,Alameda del Obispo
Citroen,Grand C4 Picasso,Gasolina,109277.0,130.0,manual,14250,Torremolinos,29620,Málaga,Torremolinos
Citroen,Grand C4 Picasso,Gasolina,109277.0,130.0,manual,14250,Torremolinos,29620,Málaga,Torremolinos
Citroen,Grand C4 Picasso,Gasolina,109277.0,130.0,manual,14250,Torremolinos,29620,Málaga,Torremolinos
Citroen,Grand C4 Picasso,Gasolina,109277.0,130.0,manual,14250,Mercabilbao,48970,Bizkaia,Mercabilbao
Citroen,Grand C4 Picasso,Gasolina,109277.0,130.0,manual,14250,Zaragoza,50013,Zaragoza,Zaragoza
Citroen,Grand C4 Picasso,Gasolina,109277.0,130.0,manual,14250,Albacete,2001,Albacete,Albacete
Citroen,Grand C4 Picasso,Gasolina,109277.0,130.0,manual,14250,Alzira,46600,Valencia,Alzira
Citroen,Grand C4 Picasso,Gasolina,109277.0,130.0,manual,14250,Alzira,46600,Valencia,Alzira
Citroen,Grand C4 Picasso,Gasolina,109277.0,130.0,manual,14250,Castello/Castellon de La Plana,12100,Castellón,Castello/Castellon de La Plana
Citroen,Grand C4 Picasso,Gasolina,109277.0,130.0,manual,14250,Badajoz,6008,Badajoz,Badajoz
SEAT,Ibiza,Diésel,368270.0,100.0,manual,1340,Madrid,28026,Madrid,Madrid
SEAT,Ibiza,Gasolina,99950.0,115.0,manual,330,Madrid,28006,Madrid,Madrid
SEAT,Ibiza,Gasolina,67823.0,95.0,manual,12478,Santiago de Compostela,15703,A Coruña,Santiago de Compostela
SEAT,Ibiza,Diésel,57122.0,105.0,manual,10900,Santiago de Compostela,15703,A Coruña,Santiago de Compostela
SEAT,Ibiza,Gasolina,76967.0,80.0,manual,12305,Sant Vicenç de Montalt,8394,Barcelona,Sant Vicenç de Montalt
SEAT,Ibiza,Gasolina,76967.0,80.0,manual,12305,Santa Maria del Aguila,4710,Almería,Santa Maria del Aguila
SEAT,Ibiza,Gasolina,67823.0,95.0,manual,12478,Mercado Parque Corredor del Henares,28850,Madrid,Mercado Parque Corredor del Henares
SEAT,Ibiza,Gasolina,67823.0,95.0,manual,12478,Valdepeñas,13300,Ciudad Real,Valdepeñas
SEAT,Ibiza,Gasolina,67823.0,95.0,manual,12478,Valdepeñas,13300,Ciudad Real,Valdepeñas
SEAT,Ibiza,Gasolina,67823.0,95.0,manual,12478,Ciudad Real,13003,Ciudad Real,Ciudad Real
SEAT,Ibiza,Gasolina,67823.0,95.0,manual,12478,Estepona,29680,Málaga,Estepona
SEAT,Ibiza,Gasolina,67823.0,95.0,manual,12478,Sant Vicenç de Montalt,8394,Barcelona,Sant Vicenç de Montalt
SEAT,Ibiza,Gasolina,67823.0,95.0,manual,12478,Santa Maria del Aguila,4710,Almería,Santa Maria del Aguila
SEAT,Ibiza,Diésel,57122.0,105.0,manual,10900,Mercado Parque Corredor del Henares,28850,Madrid,Mercado Parque Corredor del Henares
SEAT,Ibiza,Diésel,57122.0,105.0,manual,10900,Valdepeñas,13300,Ciudad Real,Valdepeñas
SEAT,Ibiza,Diésel,57122.0,105.0,manual,10900,Valdepeñas,13300,Ciudad Real,Valdepeñas
SEAT,Ibiza,Diésel,57122.0,105.0,manual,10900,Ciudad Real,13003,Ciudad Real,Ciudad Real
SEAT,Ibiza,Diésel,57122.0,105.0,manual,10900,Estepona,29680,Málaga,Estepona
Skoda,Octavia,Diésel,190000.0,150.0,manual,11900,Coslada,28821,Madrid,Coslada
SEAT,Ibiza,Diésel,57122.0,105.0,manual,10900,Sant Vicenç de Montalt,8394,Barcelona,Sant Vicenç de Montalt
SEAT,Ibiza,Diésel,57122.0,105.0,manual,10900,Santa Maria del Aguila,4710,Almería,Santa Maria del Aguila
SEAT,Ibiza,Gasolina,73250.0,110.0,manual,11990,Sevilla,41005,Sevilla,Sevilla
SEAT,Ibiza,Gasolina,71000.0,75.0,manual,10490,Sevilla,41005,Sevilla,Sevilla
SEAT,Ibiza,Otros,53100.0,90.0,manual,15990,Sevilla,41005,Sevilla,Sevilla
SEAT,Ibiza,Gasolina,55800.0,115.0,manual,16490,Sevilla,41005,Sevilla,Sevilla
Audi,S5,Gasolina,188622.0,333.0,manual,28900,Figueres,17600,Girona,Figueres
SEAT,Ibiza,Gasolina,73250.0,110.0,manual,11990,Alicante,3010,Alicante,Alicante
SEAT,Ibiza,Gasolina,73250.0,110.0,manual,11990,Alicante,3010,Murcia,Alicante
SEAT,Ibiza,Gasolina,71000.0,75.0,manual,10490,Alicante,3010,Alicante,Alicante
SEAT,Ibiza,Gasolina,71000.0,75.0,manual,10490,Alicante,3010,Murcia,Alicante
SEAT,Ibiza,Otros,53100.0,90.0,manual,15990,Alicante,3010,Alicante,Alicante
SEAT,Ibiza,Otros,53100.0,90.0,manual,15990,Alicante,3010,Murcia,Alicante
SEAT,Ibiza,Gasolina,55800.0,115.0,manual,16490,Alicante,3010,Alicante,Alicante
SEAT,Ibiza,Gasolina,55800.0,115.0,manual,16490,Alicante,3010,Murcia,Alicante
SEAT,Ibiza,Gasolina,104844.0,90.0,manual,9990,Málaga,29005,Málaga,Málaga
SEAT,Ibiza,Diésel,65874.0,95.0,manual,12790,Málaga,29005,Málaga,Málaga
SEAT,Ibiza,Gasolina,73250.0,110.0,manual,11990,Bilbao,48004,Bizkaia,Bilbao
SEAT,Ibiza,Gasolina,71000.0,75.0,manual,10490,Bilbao,48004,Bizkaia,Bilbao
Citroen,C4,Diésel,86435.0,120.0,manual,10340,Sevilla,41005,Sevilla,Sevilla
Citroen,C4,Gasolina,102654.0,110.0,manual,8990,Vigo,36211,Pontevedra,Vigo
Citroen,C4,Gasolina,102654.0,110.0,manual,8990,Alicante,3010,Alicante,Alicante
Citroen,C4,Gasolina,102654.0,110.0,manual,8990,Alicante,3010,Murcia,Alicante
Citroen,C4,Diésel,86435.0,120.0,manual,10340,Vigo,36211,Pontevedra,Vigo
Citroen,C4,Diésel,86435.0,120.0,manual,10340,Alicante,3010,Alicante,Alicante
Citroen,C4,Diésel,86435.0,120.0,manual,10340,Alicante,3010,Murcia,Alicante
Citroen,C4,Gasolina,102654.0,110.0,manual,8990,Almería,4006,Almería,Almería
Citroen,C4,Diésel,86435.0,120.0,manual,10340,Almería,4006,Almería,Almería
Citroen,C4,Gasolina,102654.0,110.0,manual,8990,Bilbao,48004,Bizkaia,Bilbao
Citroen,C4,Diésel,86435.0,120.0,manual,10340,Bilbao,48004,Bizkaia,Bilbao
Citroen,C4,Gasolina,102654.0,110.0,manual,8990,Sevilla,41017,Sevilla,Sevilla
Skoda,Octavia,Diésel,111000.0,115.0,manual,383,Barcelona,8009,Barcelona,Barcelona
Skoda,Octavia,Diésel,110318.0,115.0,manual,15190,Madrid,28021,Madrid,Madrid
Skoda,Octavia,Diésel,59561.0,105.0,manual,11990,Santiago de Compostela,15703,A Coruña,Santiago de Compostela
Skoda,Octavia,Diésel,59561.0,105.0,manual,11990,Mercado Parque Corredor del Henares,28850,Madrid,Mercado Parque Corredor del Henares
Skoda,Octavia,Diésel,59561.0,105.0,manual,11990,Valdepeñas,13300,Ciudad Real,Valdepeñas
Skoda,Octavia,Diésel,59561.0,105.0,manual,11990,Valdepeñas,13300,Ciudad Real,Valdepeñas
Skoda,Octavia,Diésel,59561.0,105.0,manual,11990,Ciudad Real,13003,Ciudad Real,Ciudad Real
Skoda,Octavia,Diésel,59561.0,105.0,manual,11990,Estepona,29680,Málaga,Estepona
Skoda,Octavia,Diésel,59561.0,105.0,manual,11990,Sant Vicenç de Montalt,8394,Barcelona,Sant Vicenç de Montalt
Skoda,Octavia,Diésel,59561.0,105.0,manual,11990,Santa Maria del Aguila,4710,Almería,Santa Maria del Aguila
Skoda,Octavia,Diésel,59561.0,105.0,manual,11990,Olèrdola,8734,Barcelona,Olèrdola
Skoda,Octavia,Diésel,59561.0,105.0,manual,11990,Olèrdola,8734,Barcelona,Olèrdola
Skoda,Octavia,Diésel,59561.0,105.0,manual,11990,Alameda del Obispo,14005,Córdoba,Alameda del Obispo
Skoda,Octavia,Diésel,59561.0,105.0,manual,11990,Alcobendas,28100,Madrid,Alcobendas
Skoda,Octavia,Diésel,59561.0,105.0,manual,11990,Alcalá de Guadaíra,41500,Sevilla,Alcalá de Guadaíra
Skoda,Octavia,Diésel,59561.0,105.0,manual,11990,Mercabilbao,48970,Bizkaia,Mercabilbao
Skoda,Octavia,Diésel,59561.0,105.0,manual,11990,Castello/Castellon de La Plana,12100,Castellón,Castello/Castellon de La Plana
Skoda,Octavia,Diésel,59561.0,105.0,manual,11990,Santafe,18320,Granada,Santafe
Skoda,Octavia,Diésel,59561.0,105.0,manual,11990,Las Rozas de Madrid,28232,Madrid,Las Rozas de Madrid
Skoda,Octavia,Diésel,59561.0,105.0,manual,11990,Torremolinos,29620,Málaga,Torremolinos
Skoda,Octavia,Diésel,59561.0,105.0,manual,11990,Torremolinos,29620,Málaga,Torremolinos
Skoda,Octavia,Diésel,59561.0,105.0,manual,11990,Torremolinos,29620,Málaga,Torremolinos
Skoda,Octavia,Diésel,59561.0,105.0,manual,11990,Getafe,28906,Madrid,Getafe
Skoda,Octavia,Diésel,59561.0,105.0,manual,11990,Collado Villalba,28400,Madrid,Collado Villalba
Skoda,Octavia,Diésel,59561.0,105.0,manual,11990,Collado Villalba,28400,Madrid,Collado Villalba
Skoda,Octavia,Diésel,59561.0,105.0,manual,11990,Paterna,46980,Valencia,Paterna
Skoda,Octavia,Diésel,59561.0,105.0,manual,11990,Puerto de Sagunto,46520,Valencia,Puerto de Sagunto
Skoda,Octavia,Diésel,59561.0,105.0,manual,11990,Zaragoza,50013,Zaragoza,Zaragoza
Skoda,Octavia,Diésel,59561.0,105.0,manual,11990,Atarrabia,31610,Navarra,Atarrabia
Skoda,Octavia,Diésel,59561.0,105.0,manual,11990,Colonia Pablo Iglesias,28520,Madrid,Colonia Pablo Iglesias
Skoda,Octavia,Diésel,59561.0,105.0,manual,11990,Albacete,2001,Albacete,Albacete
Skoda,Octavia,Diésel,59561.0,105.0,manual,11990,Alzira,46600,Valencia,Alzira
Skoda,Octavia,Diésel,59561.0,105.0,manual,11990,Alzira,46600,Valencia,Alzira
Skoda,Octavia,Diésel,59561.0,105.0,manual,11990,Hidraulica Santillana,28770,Madrid,Hidraulica Santillana
Skoda,Octavia,Diésel,59561.0,105.0,manual,11990,Alicante,3007,Alicante,Alicante
Toyota,Avensis,Diésel,193000.0,126.0,manual,5490,Elx/Elche,3296,Alicante,Elx/Elche
Citroen,C3,Gasolina,61685.0,82.0,manual,10990,Bilbao,48004,Bizkaia,Bilbao
Citroen,C3,Gasolina,43000.0,83.0,manual,12990,Bilbao,48004,Bizkaia,Bilbao
Citroen,C3,Diésel,117300.0,99.0,manual,11990,Sevilla,41017,Sevilla,Sevilla
Citroen,C3,Diésel,117300.0,99.0,manual,11990,Huelva,21004,Huelva,Huelva
Citroen,C3,Gasolina,43000.0,83.0,manual,12990,Sevilla,41017,Sevilla,Sevilla
Citroen,C3,Gasolina,43000.0,83.0,manual,12990,Huelva,21004,Huelva,Huelva
Citroen,C3,Gasolina,61685.0,82.0,manual,10990,Salamanca,37008,Salamanca,Salamanca
Citroen,C3,Gasolina,61685.0,82.0,manual,10990,Salamanca,37008,Salamanca,Salamanca
Citroen,C3,Gasolina,26749.0,82.0,manual,11990,Málaga,29005,Málaga,Málaga
Citroen,C3,Diésel,51527.0,99.0,manual,10490,Málaga,29005,Málaga,Málaga
Citroen,C3,Diésel,117300.0,99.0,manual,11990,Badajoz,6003,Badajoz,Badajoz
Citroen,Berlingo,Gasolina,45090.0,110.0,manual,25300,Santa Maria del Aguila,4710,Almería,Santa Maria del Aguila
Citroen,Berlingo,Gasolina,45090.0,110.0,manual,25300,Ciudad Real,13003,Ciudad Real,Ciudad Real
Citroen,Berlingo,Gasolina,45090.0,110.0,manual,25300,Santiago de Compostela,15703,A Coruña,Santiago de Compostela
Citroen,Berlingo,Diésel,116120.0,102.0,manual,15290,Madrid,28021,Madrid,Madrid
Citroen,Berlingo,Diésel,116120.0,102.0,manual,15490,Madrid,28021,Madrid,Madrid
Citroen,Berlingo,Diésel,116120.0,102.0,manual,14990,Madrid,28021,Madrid,Madrid
Citroen,Berlingo,Gasolina,45090.0,110.0,manual,25300,Valdepeñas,13300,Ciudad Real,Valdepeñas
Citroen,Berlingo,Gasolina,45090.0,110.0,manual,25300,Valdepeñas,13300,Ciudad Real,Valdepeñas
Citroen,Berlingo,Gasolina,45090.0,110.0,manual,25300,Saladar,3700,Alicante,Saladar
Citroen,Berlingo,Gasolina,45090.0,110.0,manual,25300,Mercado Parque Corredor del Henares,28850,Madrid,Mercado Parque Corredor del Henares
Citroen,Berlingo,Gasolina,45090.0,110.0,manual,25300,Vigo,36214,Pontevedra,Vigo
Citroen,Berlingo,Gasolina,45090.0,110.0,manual,25300,Sant Vicenç de Montalt,8394,Barcelona,Sant Vicenç de Montalt
Citroen,Berlingo,Gasolina,45090.0,110.0,manual,25300,Murcia,30003,Murcia,Murcia
Citroen,Berlingo,Gasolina,45090.0,110.0,manual,25300,Olèrdola,8734,Barcelona,Olèrdola
Citroen,Berlingo,Gasolina,45090.0,110.0,manual,25300,Olèrdola,8734,Barcelona,Olèrdola
Citroen,Berlingo,Diésel,114566.0,76.0,manual,12490,Sevilla,41005,Sevilla,Sevilla
Citroen,Berlingo,Diésel,114566.0,76.0,manual,12490,Alicante,3010,Alicante,Alicante
Citroen,Berlingo,Diésel,114566.0,76.0,manual,12490,Alicante,3010,Murcia,Alicante
Citroen,Berlingo,Diésel,114566.0,76.0,manual,12490,Vigo,36211,Pontevedra,Vigo
Citroen,Berlingo,Diésel,114566.0,76.0,manual,12490,Almería,4006,Almería,Almería
Citroen,Berlingo,Diésel,114566.0,76.0,manual,12490,Bilbao,48004,Bizkaia,Bilbao
Citroen,Berlingo,Diésel,114566.0,76.0,manual,12490,Salamanca,37008,Salamanca,Salamanca
Citroen,Berlingo,Diésel,114566.0,76.0,manual,12490,Salamanca,37008,Salamanca,Salamanca
Citroen,Berlingo,Diésel,114566.0,76.0,manual,12490,Granada,18005,Granada,Granada
Citroen,C4 Cactus,Diésel,91000.0,102.0,manual,326,Sevilla,41018,Sevilla,Sevilla
Citroen,C4 Cactus,Diésel,114000.0,102.0,manual,324,Madrid,28006,Madrid,Madrid
Citroen,C4 Cactus,Diésel,73000.0,99.0,manual,375,Madrid,28006,Madrid,Madrid
Citroen,C4 Cactus,Diésel,110334.0,100.0,automatic,12089,Santa Maria del Aguila,4710,Almería,Santa Maria del Aguila
Citroen,C4 Cactus,Diésel,110334.0,100.0,automatic,12485,Santa Maria del Aguila,4710,Almería,Santa Maria del Aguila
Citroen,C4 Cactus,Diésel,120998.0,100.0,automatic,12823,Santa Maria del Aguila,4710,Almería,Santa Maria del Aguila
Citroen,C4 Cactus,Diésel,142881.0,100.0,manual,13788,Santa Maria del Aguila,4710,Almería,Santa Maria del Aguila
Citroen,C4 Cactus,Diésel,102828.0,100.0,automatic,14750,Santa Maria del Aguila,4710,Almería,Santa Maria del Aguila
Citroen,C4 Cactus,Diésel,110334.0,100.0,automatic,12089,Ciudad Real,13003,Ciudad Real,Ciudad Real
Citroen,C4 Cactus,Diésel,110334.0,100.0,automatic,12485,Ciudad Real,13003,Ciudad Real,Ciudad Real
Citroen,C4 Cactus,Diésel,120998.0,100.0,automatic,12823,Ciudad Real,13003,Ciudad Real,Ciudad Real
Citroen,C4 Cactus,Gasolina,78886.0,130.0,manual,16560,Santa Maria del Aguila,4710,Almería,Santa Maria del Aguila
Citroen,C4 Cactus,Diésel,142881.0,100.0,manual,13788,Ciudad Real,13003,Ciudad Real,Ciudad Real
Citroen,C4 Cactus,Diésel,102828.0,100.0,automatic,14750,Ciudad Real,13003,Ciudad Real,Ciudad Real
Citroen,C4 Cactus,Gasolina,78886.0,130.0,manual,16560,Ciudad Real,13003,Ciudad Real,Ciudad Real
Citroen,C4 Cactus,Diésel,110334.0,100.0,automatic,12089,Santiago de Compostela,15703,A Coruña,Santiago de Compostela
Citroen,C4 Cactus,Diésel,110334.0,100.0,automatic,12485,Santiago de Compostela,15703,A Coruña,Santiago de Compostela
Citroen,C4 Cactus,Diésel,120998.0,100.0,automatic,12823,Santiago de Compostela,15703,A Coruña,Santiago de Compostela
Citroen,C4 Cactus,Diésel,142881.0,100.0,manual,13788,Santiago de Compostela,15703,A Coruña,Santiago de Compostela
Citroen,C4 Cactus,Diésel,102828.0,100.0,automatic,14750,Santiago de Compostela,15703,A Coruña,Santiago de Compostela
Citroen,C4 Cactus,Gasolina,78886.0,130.0,manual,16560,Santiago de Compostela,15703,A Coruña,Santiago de Compostela
Citroen,C4 Cactus,Diésel,110334.0,100.0,automatic,12089,Valdepeñas,13300,Ciudad Real,Valdepeñas
Citroen,C4 Cactus,Diésel,110334.0,100.0,automatic,12089,Valdepeñas,13300,Ciudad Real,Valdepeñas
Citroen,C4 Cactus,Diésel,110334.0,100.0,automatic,12485,Valdepeñas,13300,Ciudad Real,Valdepeñas
Citroen,C4 Cactus,Diésel,110334.0,100.0,automatic,12485,Valdepeñas,13300,Ciudad Real,Valdepeñas
Citroen,C4 Cactus,Diésel,120998.0,100.0,automatic,12823,Valdepeñas,13300,Ciudad Real,Valdepeñas
Citroen,C4 Cactus,Diésel,120998.0,100.0,automatic,12823,Valdepeñas,13300,Ciudad Real,Valdepeñas
Citroen,C4 Cactus,Diésel,142881.0,100.0,manual,13788,Valdepeñas,13300,Ciudad Real,Valdepeñas
Citroen,C4 Cactus,Diésel,142881.0,100.0,manual,13788,Valdepeñas,13300,Ciudad Real,Valdepeñas
Citroen,C4 Cactus,Diésel,102828.0,100.0,automatic,14750,Valdepeñas,13300,Ciudad Real,Valdepeñas
Citroen,C4 Cactus,Diésel,102828.0,100.0,automatic,14750,Valdepeñas,13300,Ciudad Real,Valdepeñas
Citroen,C4 Cactus,Gasolina,78886.0,130.0,manual,16560,Valdepeñas,13300,Ciudad Real,Valdepeñas
Citroen,C4 Cactus,Gasolina,78886.0,130.0,manual,16560,Valdepeñas,13300,Ciudad Real,Valdepeñas
Citroen,C4 Cactus,Gasolina,62441.0,110.0,automatic,15300,Valladolid,47004,Valladolid,Valladolid
Citroen,C4 Cactus,Diésel,110334.0,100.0,automatic,12089,Saladar,3700,Alicante,Saladar
Citroen,C4 Cactus,Diésel,110334.0,100.0,automatic,12485,Saladar,3700,Alicante,Saladar
Citroen,C4 Cactus,Diésel,120998.0,100.0,automatic,12823,Saladar,3700,Alicante,Saladar
Citroen,C4 Cactus,Diésel,142881.0,100.0,manual,13788,Saladar,3700,Alicante,Saladar
Citroen,C4 Cactus,Diésel,110334.0,100.0,automatic,12089,Mercado Parque Corredor del Henares,28850,Madrid,Mercado Parque Corredor del Henares
Citroen,C4 Cactus,Diésel,110334.0,100.0,automatic,12485,Mercado Parque Corredor del Henares,28850,Madrid,Mercado Parque Corredor del Henares
Audi,A4,Diésel,238000.0,190.0,automatic,16700,Mataró,8302,Barcelona,Mataró
Audi,A7,Diésel,243000.0,272.0,automatic,24999,Sevilla,41001,Sevilla,Sevilla
Audi,A7,Diésel,162800.0,245.0,automatic,23999,Parla,28980,Madrid,Parla
Audi,TT,Gasolina,118900.0,230.0,automatic,29900,Castelldefels,8860,Barcelona,Castelldefels
Citroen,Jumper,Diésel,117000.0,120.0,manual,20247,Ripollet,8291,Barcelona,Ripollet
Citroen,C4 Picasso,Diésel,135000.0,99.0,manual,11280,Sevilla,41005,Sevilla,Sevilla
Citroen,C4 Picasso,Diésel,135000.0,99.0,manual,10990,Sevilla,41005,Sevilla,Sevilla
Citroen,C4 Picasso,Diésel,135000.0,99.0,manual,11280,Alicante,3010,Alicante,Alicante
Citroen,C4 Picasso,Diésel,135000.0,99.0,manual,11280,Alicante,3010,Murcia,Alicante
Citroen,C4 Picasso,Diésel,135000.0,99.0,manual,10990,Alicante,3010,Alicante,Alicante
Citroen,C4 Picasso,Diésel,135000.0,99.0,manual,10990,Alicante,3010,Murcia,Alicante
Citroen,C4 Picasso,Diésel,135000.0,99.0,manual,11280,Vigo,36211,Pontevedra,Vigo
Citroen,C4 Picasso,Diésel,135000.0,99.0,manual,10990,Vigo,36211,Pontevedra,Vigo
Citroen,C4 Picasso,Diésel,135000.0,99.0,manual,11280,Almería,4006,Almería,Almería
Citroen,C4 Picasso,Diésel,135000.0,99.0,manual,10990,Almería,4006,Almería,Almería
Citroen,C4 Picasso,Diésel,44593.0,150.0,manual,15990,Alicante,3010,Alicante,Alicante
Citroen,C4 Picasso,Diésel,44593.0,150.0,manual,15990,Alicante,3010,Murcia,Alicante
Citroen,C4 Picasso,Diésel,44593.0,150.0,manual,14890,Alicante,3010,Alicante,Alicante
Citroen,C4 Picasso,Diésel,44593.0,150.0,manual,14890,Alicante,3010,Murcia,Alicante
Citroen,C4 Picasso,Diésel,44593.0,150.0,manual,15990,Vigo,36211,Pontevedra,Vigo
Citroen,C4 Picasso,Diésel,44593.0,150.0,manual,14890,Vigo,36211,Pontevedra,Vigo
Citroen,C4 Picasso,Diésel,44593.0,150.0,manual,15990,Almería,4006,Almería,Almería
Citroen,C4 Picasso,Diésel,44593.0,150.0,manual,14890,Almería,4006,Almería,Almería
Citroen,C4 Picasso,Diésel,133642.0,115.0,automatic,8990,Sevilla,41005,Sevilla,Sevilla
Citroen,C4 Picasso,Diésel,133642.0,115.0,automatic,8990,Vigo,36211,Pontevedra,Vigo
Citroen,C4 Picasso,Diésel,133642.0,115.0,automatic,8990,Alicante,3010,Alicante,Alicante
Citroen,C4 Picasso,Diésel,133642.0,115.0,automatic,8990,Alicante,3010,Murcia,Alicante
Citroen,C4 Picasso,Diésel,135000.0,99.0,manual,11280,Bilbao,48004,Bizkaia,Bilbao
Citroen,C4 Picasso,Diésel,135000.0,99.0,manual,10990,Bilbao,48004,Bizkaia,Bilbao
Citroen,C4 Picasso,Diésel,133642.0,115.0,automatic,8990,Almería,4006,Almería,Almería
Citroen,C4 Picasso,Diésel,44593.0,150.0,manual,15990,Bilbao,48004,Bizkaia,Bilbao
Citroen,C4 Picasso,Diésel,44593.0,150.0,manual,14890,Bilbao,48004,Bizkaia,Bilbao
Citroen,C4 Picasso,Diésel,133642.0,115.0,automatic,8990,Bilbao,48004,Bizkaia,Bilbao
Citroen,C4 Picasso,Diésel,133642.0,115.0,automatic,8990,Sevilla,41017,Sevilla,Sevilla
Citroen,C4 Picasso,Diésel,44593.0,150.0,manual,15990,Málaga,29005,Málaga,Málaga
Citroen,C4 Picasso,Diésel,44593.0,150.0,manual,14890,Málaga,29005,Málaga,Málaga
Citroen,C4 Picasso,Diésel,133642.0,115.0,automatic,8990,Jaén,23008,Jaén,Jaén
Citroen,C4 Picasso,Diésel,135000.0,99.0,manual,11280,Murcia,30005,Murcia,Murcia
Citroen,C4 Picasso,Diésel,135000.0,99.0,manual,10990,Murcia,30005,Murcia,Murcia
Citroen,C4 Picasso,Diésel,44593.0,150.0,manual,15990,Murcia,30005,Murcia,Murcia
Citroen,C4 Picasso,Diésel,44593.0,150.0,manual,14890,Murcia,30005,Murcia,Murcia
Opel,Astra,Diésel,70988.0,110.0,manual,12990,Sant Vicenç de Montalt,8394,Barcelona,Sant Vicenç de Montalt
Opel,Astra,Diésel,70988.0,110.0,manual,12990,Santa Maria del Aguila,4710,Almería,Santa Maria del Aguila
Opel,Astra,Diésel,92297.0,136.0,manual,9990,Sevilla,41005,Sevilla,Sevilla
Opel,Astra,Diésel,55233.0,136.0,manual,13990,Sevilla,41005,Sevilla,Sevilla
Opel,Astra,Diésel,113674.0,110.0,manual,12990,Sevilla,41005,Sevilla,Sevilla
Opel,Astra,Diésel,92297.0,136.0,manual,9990,Alicante,3010,Alicante,Alicante
Opel,Astra,Diésel,92297.0,136.0,manual,9990,Alicante,3010,Murcia,Alicante
Opel,Astra,Diésel,55233.0,136.0,manual,13990,Alicante,3010,Alicante,Alicante
Opel,Astra,Diésel,55233.0,136.0,manual,13990,Alicante,3010,Murcia,Alicante
Opel,Astra,Diésel,113674.0,110.0,manual,12990,Alicante,3010,Alicante,Alicante
Opel,Astra,Diésel,113674.0,110.0,manual,12990,Alicante,3010,Murcia,Alicante
Opel,Astra,Diésel,92297.0,136.0,manual,9990,Almería,4006,Almería,Almería
Opel,Astra,Diésel,55233.0,136.0,manual,13990,Almería,4006,Almería,Almería
Opel,Astra,Diésel,55233.0,136.0,manual,13990,Granada,18005,Granada,Granada
Opel,Astra,Diésel,113674.0,110.0,manual,12990,Almería,4006,Almería,Almería
Opel,Astra,Diésel,113674.0,110.0,manual,12990,Vigo,36211,Pontevedra,Vigo
Opel,Astra,Diésel,113674.0,110.0,manual,12990,Granada,18005,Granada,Granada
Opel,Astra,Diésel,92297.0,136.0,manual,9990,Murcia,30005,Murcia,Murcia
Opel,Astra,Diésel,92297.0,136.0,manual,9890,Murcia,30005,Murcia,Murcia
Opel,Astra,Diésel,55233.0,136.0,manual,13990,Murcia,30005,Murcia,Murcia
Opel,Astra,Diésel,113674.0,110.0,manual,12990,Murcia,30005,Murcia,Murcia
Opel,Astra,Diésel,113674.0,110.0,manual,12990,Urbanizacion La Granjilla,28700,Madrid,Urbanizacion La Granjilla
Opel,Astra,Diésel,113674.0,110.0,manual,12990,Toledo,45002,Toledo,Toledo
Opel,Zafira,Diésel,189000.0,120.0,manual,3500,Sant Quirze del Vallès,8192,Barcelona,Sant Quirze del Vallès
Opel,ADAM,Gasolina,21349.0,87.0,manual,12420,Las Rozas de Madrid,28232,Madrid,Las Rozas de Madrid
Opel,ADAM,Gasolina,21349.0,87.0,manual,12420,Castello/Castellon de La Plana,12100,Castellón,Castello/Castellon de La Plana
Opel,ADAM,Gasolina,21349.0,87.0,manual,12420,Colonia Pablo Iglesias,28520,Madrid,Colonia Pablo Iglesias
Opel,ADAM,Gasolina,40380.0,100.0,manual,12535,Alameda del Obispo,14005,Córdoba,Alameda del Obispo
Opel,ADAM,Gasolina,40380.0,100.0,manual,12535,Alcobendas,28100,Madrid,Alcobendas
Opel,ADAM,Gasolina,21349.0,87.0,manual,12420,Hidraulica Santillana,28770,Madrid,Hidraulica Santillana
Opel,ADAM,Gasolina,21349.0,87.0,manual,12420,Albacete,2001,Albacete,Albacete
Opel,ADAM,Gasolina,21349.0,87.0,manual,12420,Alzira,46600,Valencia,Alzira
Opel,ADAM,Gasolina,21349.0,87.0,manual,12420,Alzira,46600,Valencia,Alzira
Opel,ADAM,Gasolina,21349.0,87.0,manual,12420,Alicante,3007,Alicante,Alicante
Opel,ADAM,Gasolina,40380.0,100.0,manual,12535,Alcalá de Guadaíra,41500,Sevilla,Alcalá de Guadaíra
Opel,ADAM,Gasolina,40380.0,100.0,manual,12535,Castello/Castellon de La Plana,12100,Castellón,Castello/Castellon de La Plana
Opel,ADAM,Gasolina,40380.0,100.0,manual,12535,Las Rozas de Madrid,28232,Madrid,Las Rozas de Madrid
Opel,Vivaro,Diésel,25780.0,125.0,manual,24990,Tarragona,43006,Tarragona,Tarragona
Opel,Vivaro,Diésel,25780.0,125.0,manual,24990,Girona,17007,Girona,Girona
Opel,Vivaro,Diésel,25780.0,125.0,manual,24990,Palau-Solita I Plegamans,8184,Barcelona,Palau-Solita I Plegamans
Opel,Vivaro,Diésel,25780.0,125.0,manual,24990,Palau-Solita I Plegamans,8184,Barcelona,Palau-Solita I Plegamans
Opel,Corsa,Diésel,155992.0,95.0,manual,6980,Sevilla,41005,Sevilla,Sevilla
Opel,Corsa,Diésel,69942.0,95.0,manual,9490,Sevilla,41005,Sevilla,Sevilla
Opel,Corsa,Gasolina,50000.0,90.0,manual,11990,Sevilla,41005,Sevilla,Sevilla
Opel,Corsa,Gasolina,80359.0,90.0,manual,10990,Sevilla,41005,Sevilla,Sevilla
Opel,Corsa,Diésel,155992.0,95.0,manual,6980,Alicante,3010,Alicante,Alicante
Opel,Corsa,Diésel,155992.0,95.0,manual,6980,Alicante,3010,Murcia,Alicante
Opel,Corsa,Diésel,69942.0,95.0,manual,9490,Alicante,3010,Alicante,Alicante
Opel,Corsa,Diésel,69942.0,95.0,manual,9490,Alicante,3010,Murcia,Alicante
Opel,Corsa,Gasolina,50000.0,90.0,manual,11990,Alicante,3010,Alicante,Alicante
Opel,Corsa,Gasolina,50000.0,90.0,manual,11990,Alicante,3010,Murcia,Alicante
Opel,Corsa,Gasolina,63692.0,90.0,manual,9990,Málaga,29005,Málaga,Málaga
Opel,Corsa,Gasolina,80359.0,90.0,manual,10990,Alicante,3010,Alicante,Alicante
Opel,Corsa,Gasolina,80359.0,90.0,manual,10990,Alicante,3010,Murcia,Alicante
Opel,Corsa,Diésel,155992.0,95.0,manual,6980,Bilbao,48004,Bizkaia,Bilbao
Opel,Corsa,Gasolina,48627.0,100.0,manual,15990,Málaga,29005,Málaga,Málaga
Opel,Corsa,Diésel,155992.0,95.0,manual,6980,Almería,4006,Almería,Almería
Opel,Corsa,Diésel,155992.0,95.0,manual,6980,Valencia,46001,Valencia,Valencia
Opel,Corsa,Diésel,155992.0,95.0,manual,6980,Málaga,29005,Málaga,Málaga
Opel,Corsa,Diésel,155992.0,95.0,manual,6980,Vigo,36211,Pontevedra,Vigo
KIA,Carens,Gasolina,82008.0,135.0,manual,14145,Atarrabia,31610,Navarra,Atarrabia
Chevrolet,Cruze,Diésel,147168.0,163.0,manual,6990,Leioa,48940,Bizkaia,Leioa
Opel,Corsa,Diésel,155992.0,95.0,manual,6980,Murcia,30005,Murcia,Murcia
Opel,Corsa,Gasolina,80359.0,90.0,manual,10990,Almería,4006,Almería,Almería
Opel,Corsa,Gasolina,80359.0,90.0,manual,10990,Vigo,36211,Pontevedra,Vigo
Opel,Corsa,Gasolina,80359.0,90.0,manual,10990,Granada,18005,Granada,Granada
Opel,Mokka,Diésel,110530.0,130.0,manual,11950,Santiago de Compostela,15703,A Coruña,Santiago de Compostela
Skoda,Octavia,Diésel,176460.0,150.0,manual,15500,Mataró,8302,Barcelona,Mataró
Opel,Mokka,Diésel,111730.0,136.0,manual,12535,Santiago de Compostela,15703,A Coruña,Santiago de Compostela
Chevrolet,Matiz,Gasolina,89000.0,65.0,manual,4900,Mataró,8302,Barcelona,Mataró
Opel,Mokka,Gasolina,121563.0,140.0,manual,12535,Santiago de Compostela,15703,A Coruña,Santiago de Compostela
Opel,Mokka,Diésel,110530.0,130.0,manual,11950,Mercado Parque Corredor del Henares,28850,Madrid,Mercado Parque Corredor del Henares
Opel,Mokka,Diésel,110530.0,130.0,manual,11950,Valdepeñas,13300,Ciudad Real,Valdepeñas
Opel,Mokka,Diésel,110530.0,130.0,manual,11950,Valdepeñas,13300,Ciudad Real,Valdepeñas
Opel,Mokka,Diésel,110530.0,130.0,manual,11950,Ciudad Real,13003,Ciudad Real,Ciudad Real
Opel,Mokka,Diésel,110530.0,130.0,manual,11950,Estepona,29680,Málaga,Estepona
Opel,Mokka,Diésel,111730.0,136.0,manual,12535,Mercado Parque Corredor del Henares,28850,Madrid,Mercado Parque Corredor del Henares
Opel,Mokka,Diésel,111730.0,136.0,manual,12535,Valdepeñas,13300,Ciudad Real,Valdepeñas
Opel,Mokka,Diésel,111730.0,136.0,manual,12535,Valdepeñas,13300,Ciudad Real,Valdepeñas
Opel,Mokka,Diésel,111730.0,136.0,manual,12535,Ciudad Real,13003,Ciudad Real,Ciudad Real
Opel,Mokka,Diésel,111730.0,136.0,manual,12535,Estepona,29680,Málaga,Estepona
Opel,Mokka,Gasolina,121563.0,140.0,manual,12535,Mercado Parque Corredor del Henares,28850,Madrid,Mercado Parque Corredor del Henares
Opel,Mokka,Diésel,110530.0,130.0,manual,11950,Sant Vicenç de Montalt,8394,Barcelona,Sant Vicenç de Montalt
Opel,Mokka,Gasolina,121563.0,140.0,manual,12535,Valdepeñas,13300,Ciudad Real,Valdepeñas
Opel,Mokka,Gasolina,121563.0,140.0,manual,12535,Valdepeñas,13300,Ciudad Real,Valdepeñas
Opel,Mokka,Gasolina,121563.0,140.0,manual,12535,Ciudad Real,13003,Ciudad Real,Ciudad Real
Opel,Mokka,Gasolina,121563.0,140.0,manual,12535,Estepona,29680,Málaga,Estepona
Opel,Mokka,Diésel,110530.0,130.0,manual,11950,Santa Maria del Aguila,4710,Almería,Santa Maria del Aguila
Opel,Mokka,Diésel,111730.0,136.0,manual,12535,Sant Vicenç de Montalt,8394,Barcelona,Sant Vicenç de Montalt
Opel,Mokka,Diésel,111730.0,136.0,manual,12535,Santa Maria del Aguila,4710,Almería,Santa Maria del Aguila
Opel,Mokka,Gasolina,121563.0,140.0,manual,12535,Sant Vicenç de Montalt,8394,Barcelona,Sant Vicenç de Montalt
Opel,Mokka,Gasolina,121563.0,140.0,manual,12535,Santa Maria del Aguila,4710,Almería,Santa Maria del Aguila
Opel,Mokka,Diésel,110530.0,130.0,manual,11950,Olèrdola,8734,Barcelona,Olèrdola
Opel,Mokka,Diésel,110530.0,130.0,manual,11950,Olèrdola,8734,Barcelona,Olèrdola
Opel,Mokka,Diésel,110530.0,130.0,manual,11950,Alcalá de Guadaíra,41500,Sevilla,Alcalá de Guadaíra
Opel,Mokka,Diésel,111730.0,136.0,manual,12535,Alcalá de Guadaíra,41500,Sevilla,Alcalá de Guadaíra
Opel,Mokka,Diésel,110530.0,130.0,manual,11950,Mercabilbao,48970,Bizkaia,Mercabilbao
Opel,Mokka,Diésel,110530.0,130.0,manual,11950,Castello/Castellon de La Plana,12100,Castellón,Castello/Castellon de La Plana
Chevrolet,Captiva,Diésel,204100.0,150.0,manual,6950,Alicante,3004,Alicante,Alicante
Chevrolet,Captiva,Diésel,204100.0,150.0,manual,6950,Valencia,46003,Valencia,Valencia
Chevrolet,Captiva,Diésel,204100.0,150.0,manual,6950,Llano de Brujas,30161,Murcia,Llano de Brujas
Opel,Mokka,Diésel,110530.0,130.0,manual,11950,Santafe,18320,Granada,Santafe
Opel,Mokka,Gasolina,121563.0,140.0,manual,12535,Alcalá de Guadaíra,41500,Sevilla,Alcalá de Guadaíra
Opel,Mokka,Diésel,110530.0,130.0,manual,11950,Las Rozas de Madrid,28232,Madrid,Las Rozas de Madrid
Opel,Mokka,Diésel,110530.0,130.0,manual,11950,Collado Villalba,28400,Madrid,Collado Villalba
Opel,Mokka,Diésel,110530.0,130.0,manual,11950,Collado Villalba,28400,Madrid,Collado Villalba
Opel,Mokka,Diésel,110530.0,130.0,manual,11950,Torremolinos,29620,Málaga,Torremolinos
Opel,Mokka,Diésel,110530.0,130.0,manual,11950,Torremolinos,29620,Málaga,Torremolinos
Opel,Mokka,Diésel,110530.0,130.0,manual,11950,Torremolinos,29620,Málaga,Torremolinos
Opel,Crossland X,Gasolina,46969.0,130.0,manual,15975,Alcobendas,28100,Madrid,Alcobendas
Opel,Crossland X,Gasolina,46969.0,130.0,manual,15975,Torremolinos,29620,Málaga,Torremolinos
Opel,Crossland X,Gasolina,46969.0,130.0,manual,15975,Torremolinos,29620,Málaga,Torremolinos
Opel,Crossland X,Gasolina,46969.0,130.0,manual,15975,Torremolinos,29620,Málaga,Torremolinos
Opel,Crossland X,Gasolina,46969.0,130.0,manual,15975,Ciudad Real,13003,Ciudad Real,Ciudad Real
Opel,Crossland X,Gasolina,46969.0,130.0,manual,15975,Barcelona,8007,Barcelona,Barcelona
Opel,Crossland X,Gasolina,46969.0,130.0,manual,15975,Getafe,28906,Madrid,Getafe
Opel,Crossland X,Gasolina,46969.0,130.0,manual,15975,Santiago de Compostela,15703,A Coruña,Santiago de Compostela
Opel,Crossland X,Gasolina,46969.0,130.0,manual,15975,Albacete,2001,Albacete,Albacete
Opel,Crossland X,Gasolina,46969.0,130.0,manual,15975,Vigo,36214,Pontevedra,Vigo
Opel,Crossland X,Gasolina,46969.0,130.0,manual,15975,Hidraulica Santillana,28770,Madrid,Hidraulica Santillana
Opel,Insignia,Diésel,123857.0,140.0,manual,10800,Santiago de Compostela,15703,A Coruña,Santiago de Compostela
Opel,Insignia,Diésel,123857.0,140.0,manual,10800,Mercado Parque Corredor del Henares,28850,Madrid,Mercado Parque Corredor del Henares
Opel,Insignia,Diésel,123857.0,140.0,manual,10800,Valdepeñas,13300,Ciudad Real,Valdepeñas
Opel,Insignia,Diésel,123857.0,140.0,manual,10800,Valdepeñas,13300,Ciudad Real,Valdepeñas
Opel,Insignia,Diésel,123857.0,140.0,manual,10800,Ciudad Real,13003,Ciudad Real,Ciudad Real
Opel,Insignia,Diésel,123857.0,140.0,manual,10800,Estepona,29680,Málaga,Estepona
Opel,Insignia,Diésel,123857.0,140.0,manual,10800,Sant Vicenç de Montalt,8394,Barcelona,Sant Vicenç de Montalt
Opel,Insignia,Diésel,123857.0,140.0,manual,10800,Santa Maria del Aguila,4710,Almería,Santa Maria del Aguila
Opel,Insignia,Diésel,123857.0,140.0,manual,10800,Olèrdola,8734,Barcelona,Olèrdola
Opel,Insignia,Diésel,123857.0,140.0,manual,10800,Olèrdola,8734,Barcelona,Olèrdola
Opel,Insignia,Diésel,123857.0,140.0,manual,10800,Alameda del Obispo,14005,Córdoba,Alameda del Obispo
Opel,Insignia,Diésel,123857.0,140.0,manual,10800,Alcobendas,28100,Madrid,Alcobendas
Opel,Insignia,Diésel,123857.0,140.0,manual,10800,Alcalá de Guadaíra,41500,Sevilla,Alcalá de Guadaíra
Opel,Insignia,Diésel,123857.0,140.0,manual,10800,Mercabilbao,48970,Bizkaia,Mercabilbao
Opel,Insignia,Diésel,123857.0,140.0,manual,10800,Santafe,18320,Granada,Santafe
Opel,Insignia,Diésel,123857.0,140.0,manual,10800,Zaragoza,50013,Zaragoza,Zaragoza
Opel,Insignia,Diésel,123857.0,140.0,manual,10800,Puerto de Sagunto,46520,Valencia,Puerto de Sagunto
Opel,Insignia,Diésel,123857.0,140.0,manual,10800,Paterna,46980,Valencia,Paterna
Opel,Insignia,Diésel,123857.0,140.0,manual,10800,Atarrabia,31610,Navarra,Atarrabia
Opel,Insignia,Diésel,123857.0,140.0,manual,10800,Castello/Castellon de La Plana,12100,Castellón,Castello/Castellon de La Plana
Opel,Insignia,Diésel,123857.0,140.0,manual,10800,Getafe,28906,Madrid,Getafe
Opel,Insignia,Diésel,123857.0,140.0,manual,10800,Las Rozas de Madrid,28232,Madrid,Las Rozas de Madrid
Opel,Insignia,Diésel,123857.0,140.0,manual,10800,Collado Villalba,28400,Madrid,Collado Villalba
Opel,Insignia,Diésel,123857.0,140.0,manual,10800,Collado Villalba,28400,Madrid,Collado Villalba
Opel,Insignia,Diésel,123857.0,140.0,manual,10800,Torremolinos,29620,Málaga,Torremolinos
Opel,Insignia,Diésel,123857.0,140.0,manual,10800,Torremolinos,29620,Málaga,Torremolinos
Opel,Insignia,Diésel,123857.0,140.0,manual,10800,Torremolinos,29620,Málaga,Torremolinos
Opel,Insignia,Diésel,123857.0,140.0,manual,10800,Colonia Pablo Iglesias,28520,Madrid,Colonia Pablo Iglesias
Opel,Insignia,Diésel,123857.0,140.0,manual,10800,Hidraulica Santillana,28770,Madrid,Hidraulica Santillana
Chevrolet,Orlando,Diésel,74533.0,163.0,automatic,12950,Alcobendas,28100,Madrid,Alcobendas
Opel,Insignia,Diésel,123857.0,140.0,manual,10800,Albacete,2001,Albacete,Albacete
Opel,Insignia,Diésel,123857.0,140.0,manual,10800,Alzira,46600,Valencia,Alzira
Opel,Insignia,Diésel,123857.0,140.0,manual,10800,Alzira,46600,Valencia,Alzira
Opel,Insignia,Diésel,123857.0,140.0,manual,10800,Alicante,3007,Alicante,Alicante
Chevrolet,Orlando,Diésel,74533.0,163.0,automatic,12950,Ciudad Real,13003,Ciudad Real,Ciudad Real
Chevrolet,Orlando,Diésel,74533.0,163.0,automatic,12950,Santiago de Compostela,15703,A Coruña,Santiago de Compostela
Chevrolet,Orlando,Diésel,74533.0,163.0,automatic,12950,Puerto de Sagunto,46520,Valencia,Puerto de Sagunto
Chevrolet,Orlando,Diésel,74533.0,163.0,automatic,12950,Zaragoza,50013,Zaragoza,Zaragoza
Chevrolet,Orlando,Diésel,74533.0,163.0,automatic,12950,Alcalá de Guadaíra,41500,Sevilla,Alcalá de Guadaíra
Opel,Crossland X,Gasolina,46969.0,130.0,manual,15975,Murcia,30003,Murcia,Murcia
Opel,Crossland X,Gasolina,47270.0,81.0,manual,12990,Almería,4006,Almería,Almería
Opel,Crossland X,Gasolina,46969.0,130.0,manual,15975,Olèrdola,8734,Barcelona,Olèrdola
Opel,Crossland X,Gasolina,46969.0,130.0,manual,15975,Olèrdola,8734,Barcelona,Olèrdola
Opel,Crossland X,Gasolina,46969.0,130.0,manual,15975,Castello/Castellon de La Plana,12100,Castellón,Castello/Castellon de La Plana
Opel,Crossland X,Gasolina,46969.0,130.0,manual,15975,Mercado Parque Corredor del Henares,28850,Madrid,Mercado Parque Corredor del Henares
Opel,Crossland X,Gasolina,46969.0,130.0,manual,15975,Granollers,8403,Barcelona,Granollers
Opel,Crossland X,Gasolina,46969.0,130.0,manual,15975,Alicante,3007,Alicante,Alicante
Opel,Crossland X,Gasolina,46969.0,130.0,manual,15975,Alzira,46600,Valencia,Alzira
Opel,Crossland X,Gasolina,46969.0,130.0,manual,15975,Alzira,46600,Valencia,Alzira
Opel,Crossland X,Gasolina,46969.0,130.0,manual,15975,Las Rozas de Madrid,28232,Madrid,Las Rozas de Madrid
Opel,Crossland X,Gasolina,46969.0,130.0,manual,15975,Valdepeñas,13300,Ciudad Real,Valdepeñas
Opel,Crossland X,Gasolina,46969.0,130.0,manual,15975,Valdepeñas,13300,Ciudad Real,Valdepeñas
Opel,Crossland X,Gasolina,46969.0,130.0,manual,15975,Mercabilbao,48970,Bizkaia,Mercabilbao
Opel,Crossland X,Gasolina,46969.0,130.0,manual,15975,Colonia Pablo Iglesias,28520,Madrid,Colonia Pablo Iglesias
Opel,Crossland X,Gasolina,46969.0,130.0,manual,15975,Alcalá de Guadaíra,41500,Sevilla,Alcalá de Guadaíra
Opel,Crossland X,Gasolina,46969.0,130.0,manual,15975,Estepona,29680,Málaga,Estepona
Opel,Crossland X,Gasolina,46969.0,130.0,manual,15975,Zaragoza,50013,Zaragoza,Zaragoza
Opel,Crossland X,Gasolina,46969.0,130.0,manual,15975,Paterna,46980,Valencia,Paterna
Opel,Crossland X,Gasolina,46969.0,130.0,manual,15975,Atarrabia,31610,Navarra,Atarrabia
Opel,Crossland X,Diésel,94056.0,120.0,manual,15975,Parla,28980,Madrid,Parla
Opel,Crossland X,Gasolina,47270.0,81.0,manual,12990,Alicante,3010,Alicante,Alicante
Opel,Crossland X,Gasolina,47270.0,81.0,manual,12990,Alicante,3010,Murcia,Alicante
Opel,Crossland X,Gasolina,47270.0,81.0,manual,12990,Vigo,36211,Pontevedra,Vigo
Opel,Crossland X,Gasolina,47270.0,81.0,manual,12990,Granada,18005,Granada,Granada
Opel,Crossland X,Diésel,94056.0,120.0,manual,15975,Valencia,46003,Valencia,Valencia
Opel,Crossland X,Gasolina,46969.0,130.0,manual,15975,Alameda del Obispo,14005,Córdoba,Alameda del Obispo
Opel,Crossland X,Diésel,12341.0,120.0,automatic,19900,Sant Boi de Llobregat,8830,Barcelona,Sant Boi de Llobregat
Opel,Crossland X,Gasolina,47270.0,81.0,manual,12990,Murcia,30005,Murcia,Murcia
Opel,Crossland X,Gasolina,47270.0,81.0,manual,12990,Cáceres,10001,Cáceres,Cáceres
Opel,Crossland X,Gasolina,47270.0,81.0,manual,12990,Bilbao,48004,Bizkaia,Bilbao
Opel,Crossland X,Gasolina,47270.0,81.0,manual,12990,Sevilla,41005,Sevilla,Sevilla
Opel,Crossland X,Gasolina,47270.0,81.0,manual,12990,Valencia,46001,Valencia,Valencia
Opel,Crossland X,Gasolina,24751.0,110.0,automatic,15490,Málaga,29005,Málaga,Málaga
Opel,Crossland X,Gasolina,47270.0,81.0,manual,12990,Badajoz,6003,Badajoz,Badajoz
Opel,Crossland X,Gasolina,47270.0,81.0,manual,12990,Málaga,29005,Málaga,Málaga
Opel,Crossland X,Gasolina,47270.0,81.0,manual,12990,Córdoba,14003,Córdoba,Córdoba
Opel,Crossland X,Gasolina,47270.0,81.0,manual,12990,Huelva,21004,Huelva,Huelva
Opel,Crossland X,Gasolina,47270.0,81.0,manual,12990,Sevilla,41017,Sevilla,Sevilla
Opel,Crossland X,Diésel,62673.0,99.0,manual,270,Barcelona,8007,Barcelona,Barcelona
Renault,Kangoo,Diésel,107000.0,75.0,manual,199,Barcelona,8007,Barcelona,Barcelona
Renault,Kangoo,Diésel,17800.0,90.0,manual,11890,Almería,4006,Almería,Almería
Renault,Kangoo,Diésel,33000.0,110.0,manual,11990,Almería,4006,Almería,Almería
Renault,Kangoo,Diésel,17800.0,90.0,manual,11890,Toledo,45002,Toledo,Toledo
Renault,Kangoo,Diésel,33000.0,110.0,manual,11990,Marbella,29601,Málaga,Marbella
Renault,Kangoo,Diésel,17800.0,90.0,manual,11890,Alicante,3010,Alicante,Alicante
Renault,Kangoo,Diésel,17800.0,90.0,manual,11890,Alicante,3010,Murcia,Alicante
Renault,Kangoo,Diésel,33000.0,110.0,manual,11990,Alicante,3010,Alicante,Alicante
Renault,Kangoo,Diésel,33000.0,110.0,manual,11990,Alicante,3010,Murcia,Alicante
Renault,Kangoo,Diésel,17800.0,90.0,manual,11890,Vigo,36211,Pontevedra,Vigo
Renault,Kangoo,Diésel,17800.0,90.0,manual,11890,Granada,18005,Granada,Granada
Renault,Kangoo,Diésel,33000.0,110.0,manual,11990,Vigo,36211,Pontevedra,Vigo
KIA,Carens,Gasolina,82008.0,135.0,manual,14145,Mercabilbao,48970,Bizkaia,Mercabilbao
Renault,Kangoo,Diésel,33000.0,110.0,manual,11990,Granada,18005,Granada,Granada
Renault,Kangoo,Diésel,17800.0,90.0,manual,11890,Fuenlabrada,28947,Madrid,Fuenlabrada
Renault,Kangoo,Diésel,17800.0,90.0,manual,11890,Colonia Pablo Iglesias,28520,Madrid,Colonia Pablo Iglesias
Renault,Kangoo,Diésel,17800.0,90.0,manual,11890,Murcia,30005,Murcia,Murcia
Renault,Kangoo,Diésel,33000.0,110.0,manual,11990,Murcia,30005,Murcia,Murcia
Renault,Kangoo,Diésel,17800.0,90.0,manual,11890,Bilbao,48004,Bizkaia,Bilbao
Renault,Kangoo,Diésel,116961.0,75.0,manual,8990,Málaga,29005,Málaga,Málaga
Renault,Kangoo,Diésel,116961.0,75.0,manual,9990,Málaga,29005,Málaga,Málaga
Renault,Kangoo,Diésel,17800.0,90.0,manual,11890,Sevilla,41005,Sevilla,Sevilla
Renault,Kangoo,Diésel,17800.0,90.0,manual,11890,Valencia,46001,Valencia,Valencia
Renault,Kangoo,Diésel,33000.0,110.0,manual,11990,Bilbao,48004,Bizkaia,Bilbao
Renault,Kangoo,Diésel,33000.0,110.0,manual,11990,Sevilla,41005,Sevilla,Sevilla
Renault,Kangoo,Diésel,33000.0,110.0,manual,11990,Valencia,46001,Valencia,Valencia
Renault,Kangoo,Diésel,17800.0,90.0,manual,11890,Málaga,29005,Málaga,Málaga
Renault,Kangoo,Diésel,33000.0,110.0,manual,11990,Málaga,29005,Málaga,Málaga
Renault,Kangoo,Diésel,17800.0,90.0,manual,11890,Las Rozas de Madrid,28232,Madrid,Las Rozas de Madrid
Renault,Kangoo,Diésel,17800.0,90.0,manual,11890,Camarma de Esteruelas,28816,Madrid,Camarma de Esteruelas
Renault,Kangoo,Diésel,17800.0,90.0,manual,11890,Camarma de Esteruelas,28816,Madrid,Camarma de Esteruelas
Renault,Kangoo,Diésel,17800.0,90.0,manual,11890,Collado Villalba,28400,Madrid,Collado Villalba
Renault,Kangoo,Diésel,17800.0,90.0,manual,11890,Collado Villalba,28400,Madrid,Collado Villalba
Renault,Kangoo,Diésel,33000.0,110.0,manual,11990,Algeciras,11202,Cádiz,Algeciras
Renault,Kangoo,Diésel,162000.0,90.0,manual,6980,Santa Coloma de Gramenet,8921,Barcelona,Santa Coloma de Gramenet
Renault,Kangoo,Diésel,160000.0,75.0,manual,6980,Santa Coloma de Gramenet,8921,Barcelona,Santa Coloma de Gramenet
Renault,Kangoo,Diésel,126000.0,75.0,manual,7980,Santa Coloma de Gramenet,8921,Barcelona,Santa Coloma de Gramenet
Renault,Kangoo,Diésel,17800.0,90.0,manual,11890,Urbanizacion La Granjilla,28700,Madrid,Urbanizacion La Granjilla
Renault,Kangoo,Diésel,224000.0,75.0,manual,7980,Santa Coloma de Gramenet,8921,Barcelona,Santa Coloma de Gramenet
Renault,Kangoo,Diésel,17800.0,90.0,manual,11890,Villaviciosa de Odón,28670,Madrid,Villaviciosa de Odón
Renault,Kangoo,Diésel,185000.0,75.0,manual,9980,Santa Coloma de Gramenet,8921,Barcelona,Santa Coloma de Gramenet
Renault,Kangoo,Diésel,135000.0,75.0,manual,10980,Santa Coloma de Gramenet,8921,Barcelona,Santa Coloma de Gramenet
Renault,Kangoo,Diésel,43359.0,75.0,manual,15500,L'Hospitalet de Llobregat,8901,Barcelona,L'Hospitalet de Llobregat
Renault,Kangoo,Diésel,43359.0,75.0,manual,14995,L'Hospitalet de Llobregat,8901,Barcelona,L'Hospitalet de Llobregat
Renault,Kangoo,Diésel,54983.0,90.0,manual,12990,Alzira,46600,Valencia,Alzira
Renault,Kangoo,Diésel,54983.0,90.0,manual,12990,Alzira,46600,Valencia,Alzira
Renault,Kangoo,Diésel,89000.0,90.0,manual,9008,San Fernando de Henares Madrid,28830,Madrid,San Fernando de Henares Madrid
Renault,Kangoo,Diésel,160000.0,70.0,manual,7990,Sant Boi de Llobregat,8830,Barcelona,Sant Boi de Llobregat
Renault,Kangoo,Diésel,66593.0,90.0,manual,15490,Málaga,29003,Málaga,Málaga
Renault,Kangoo,Diésel,66593.0,90.0,manual,16490,Málaga,29003,Málaga,Málaga
Citroen,C8,Diésel,176000.0,136.0,manual,7900,Alcalá de Henares,28807,Madrid,Alcalá de Henares
Citroen,C8,Diésel,176000.0,136.0,manual,7900,Alcalá de Henares,28807,Madrid,Alcalá de Henares
KIA,Stonic,Gasolina,95021.0,120.0,manual,12900,Sevilla,41004,Sevilla,Sevilla
KIA,Stonic,Gasolina,33391.0,100.0,manual,18500,Sant Vicenç de Montalt,8394,Barcelona,Sant Vicenç de Montalt
Citroen,C2,Diésel,180.0,68.0,manual,1990,Pontevedra,36164,Pontevedra,Pontevedra
Citroen,C2,Diésel,168900.0,70.0,manual,3200,Vilanoveta,8812,Barcelona,Vilanoveta
KIA,Stonic,Gasolina,95021.0,120.0,manual,12900,Barcelona,8008,Barcelona,Barcelona
KIA,Stonic,Gasolina,33391.0,100.0,manual,18500,Murcia,30003,Murcia,Murcia
KIA,Stonic,Gasolina,33391.0,100.0,manual,18500,Olèrdola,8734,Barcelona,Olèrdola
KIA,Stonic,Gasolina,33391.0,100.0,manual,18500,Olèrdola,8734,Barcelona,Olèrdola
KIA,Stonic,Gasolina,5300.0,84.0,manual,14990,Sevilla,41005,Sevilla,Sevilla
KIA,Stonic,Gasolina,5300.0,84.0,manual,14990,Vigo,36211,Pontevedra,Vigo
KIA,Stonic,Gasolina,5300.0,84.0,manual,14990,Alicante,3010,Alicante,Alicante
KIA,Stonic,Gasolina,5300.0,84.0,manual,14990,Alicante,3010,Murcia,Alicante
KIA,Stonic,Gasolina,5300.0,84.0,manual,14990,Almería,4006,Almería,Almería
KIA,Stonic,Gasolina,5300.0,84.0,manual,14990,Bilbao,48004,Bizkaia,Bilbao
KIA,Stonic,Gasolina,5300.0,84.0,manual,14990,Las Rozas de Madrid,28232,Madrid,Las Rozas de Madrid
KIA,Stonic,Gasolina,95021.0,120.0,manual,12900,Viladecans,8840,Barcelona,Viladecans
KIA,Stonic,Gasolina,5300.0,84.0,manual,14990,Urbanizacion La Granjilla,28700,Madrid,Urbanizacion La Granjilla
KIA,Stonic,Gasolina,5300.0,84.0,manual,14990,Granada,18005,Granada,Granada
KIA,Stonic,Gasolina,5300.0,84.0,manual,14990,Valencia,46001,Valencia,Valencia
KIA,Stonic,Gasolina,5300.0,84.0,manual,14990,Málaga,29005,Málaga,Málaga
KIA,Stonic,Gasolina,5300.0,84.0,manual,14990,Murcia,30005,Murcia,Murcia
Citroen,DS3,Gasolina,60807.0,82.0,manual,8466,Madrid,28009,Madrid,Madrid
Citroen,DS3,Gasolina,60807.0,82.0,manual,8466,Alcalá de Guadaíra,41500,Sevilla,Alcalá de Guadaíra
KIA,Stonic,Gasolina,95021.0,120.0,manual,12900,Barcelona,8013,Barcelona,Barcelona
KIA,Stonic,Gasolina,5300.0,84.0,manual,14990,Collado Villalba,28400,Madrid,Collado Villalba
KIA,Stonic,Gasolina,5300.0,84.0,manual,14990,Collado Villalba,28400,Madrid,Collado Villalba
KIA,Stonic,Gasolina,95021.0,120.0,manual,12900,Urbanitzacio El Medol,43150,Tarragona,Urbanitzacio El Medol
KIA,Stonic,Gasolina,95021.0,120.0,manual,12900,Almería,4001,Almería,Almería
KIA,Stonic,Gasolina,5300.0,84.0,manual,14990,Toledo,45002,Toledo,Toledo
KIA,Stonic,Gasolina,95021.0,120.0,manual,12900,Alcalá de Henares,28801,Madrid,Alcalá de Henares
KIA,Stonic,Gasolina,5300.0,84.0,manual,14990,Villaviciosa de Odón,28670,Madrid,Villaviciosa de Odón
KIA,Stonic,Gasolina,95021.0,120.0,manual,12900,A Coruña,15003,A Coruña,A Coruña
KIA,Stonic,Gasolina,95021.0,120.0,manual,12900,Granada,18002,Granada,Granada
Nissan,Micra,Gasolina,24569.0,100.0,manual,14938,Santa Maria del Aguila,4710,Almería,Santa Maria del Aguila
Nissan,Micra,Gasolina,24569.0,100.0,manual,14938,Ciudad Real,13003,Ciudad Real,Ciudad Real
Nissan,Micra,Gasolina,24569.0,100.0,manual,14938,Santiago de Compostela,15703,A Coruña,Santiago de Compostela
Nissan,Micra,Gasolina,24569.0,100.0,manual,14938,Valdepeñas,13300,Ciudad Real,Valdepeñas
Nissan,Micra,Gasolina,24569.0,100.0,manual,14938,Valdepeñas,13300,Ciudad Real,Valdepeñas
Nissan,Micra,Gasolina,24569.0,100.0,manual,14938,Saladar,3700,Alicante,Saladar
Nissan,Micra,Gasolina,24569.0,100.0,manual,14938,Mercado Parque Corredor del Henares,28850,Madrid,Mercado Parque Corredor del Henares
Nissan,Micra,Gasolina,24569.0,100.0,manual,14938,Vigo,36214,Pontevedra,Vigo
Nissan,Micra,Gasolina,24569.0,100.0,manual,14938,Sant Vicenç de Montalt,8394,Barcelona,Sant Vicenç de Montalt
Nissan,Micra,Gasolina,24569.0,100.0,manual,14938,Granollers,8403,Barcelona,Granollers
Nissan,Micra,Gasolina,24569.0,100.0,manual,14938,Murcia,30003,Murcia,Murcia
Nissan,Micra,Gasolina,24569.0,100.0,manual,14938,Estepona,29680,Málaga,Estepona
Nissan,Micra,Gasolina,24569.0,100.0,manual,14938,Olèrdola,8734,Barcelona,Olèrdola
Nissan,Micra,Gasolina,24569.0,100.0,manual,14938,Olèrdola,8734,Barcelona,Olèrdola
Nissan,Micra,Gasolina,24569.0,100.0,manual,14938,Barcelona,8007,Barcelona,Barcelona
Nissan,Micra,Gasolina,24569.0,100.0,manual,14938,Colonia Pablo Iglesias,28520,Madrid,Colonia Pablo Iglesias
Nissan,Micra,Gasolina,24569.0,100.0,manual,14938,Atarrabia,31610,Navarra,Atarrabia
Nissan,Micra,Gasolina,24569.0,100.0,manual,14938,Las Rozas de Madrid,28232,Madrid,Las Rozas de Madrid
Nissan,Micra,Gasolina,24569.0,100.0,manual,14938,Alameda del Obispo,14005,Córdoba,Alameda del Obispo
Nissan,Micra,Gasolina,24569.0,100.0,manual,14938,Torremolinos,29620,Málaga,Torremolinos
Nissan,Micra,Gasolina,24569.0,100.0,manual,14938,Torremolinos,29620,Málaga,Torremolinos
Nissan,Micra,Gasolina,24569.0,100.0,manual,14938,Torremolinos,29620,Málaga,Torremolinos
Nissan,Micra,Gasolina,24569.0,100.0,manual,14938,Mercabilbao,48970,Bizkaia,Mercabilbao
Nissan,Micra,Gasolina,24569.0,100.0,manual,14938,Zaragoza,50013,Zaragoza,Zaragoza
Nissan,Micra,Gasolina,24569.0,100.0,manual,14938,Albacete,2001,Albacete,Albacete
Nissan,Micra,Gasolina,24569.0,100.0,manual,14938,Alzira,46600,Valencia,Alzira
Nissan,Micra,Gasolina,24569.0,100.0,manual,14938,Alzira,46600,Valencia,Alzira
Nissan,Micra,Gasolina,24569.0,100.0,manual,14938,Castello/Castellon de La Plana,12100,Castellón,Castello/Castellon de La Plana
Nissan,Micra,Diésel,241.0,82.0,manual,2490,Coslada,28823,Madrid,Coslada
Renault,Kadjar,Diésel,39000.0,110.0,manual,477,Madrid,28009,Madrid,Madrid
Renault,Kadjar,Diésel,39000.0,110.0,manual,253,Madrid,28009,Madrid,Madrid
Renault,Kadjar,Diésel,114000.0,110.0,manual,445,Madrid,28009,Madrid,Madrid
Renault,Kadjar,Diésel,99950.0,110.0,manual,213,Gandía,46701,Valencia,Gandía
Renault,Kadjar,Diésel,99950.0,110.0,manual,410,Valencia,46005,Valencia,Valencia
Renault,Kadjar,Gasolina,104061.0,130.0,manual,16890,Madrid,28021,Madrid,Madrid
Renault,Kadjar,Diésel,63000.0,110.0,automatic,15990,Almería,4006,Almería,Almería
Renault,Kadjar,Diésel,63000.0,110.0,automatic,15690,Almería,4006,Almería,Almería
Renault,Kadjar,Diésel,63000.0,110.0,automatic,15990,Toledo,45002,Toledo,Toledo
Renault,Kadjar,Diésel,63000.0,110.0,automatic,15690,Toledo,45002,Toledo,Toledo
Renault,Kadjar,Diésel,63000.0,110.0,automatic,15990,Alicante,3010,Alicante,Alicante
Renault,Kadjar,Diésel,63000.0,110.0,automatic,15990,Alicante,3010,Murcia,Alicante
Renault,Kadjar,Diésel,63000.0,110.0,automatic,15690,Alicante,3010,Alicante,Alicante
Renault,Kadjar,Diésel,63000.0,110.0,automatic,15690,Alicante,3010,Murcia,Alicante
Renault,Kadjar,Diésel,63000.0,110.0,automatic,15990,Vigo,36211,Pontevedra,Vigo
Renault,Kadjar,Diésel,63000.0,110.0,automatic,15690,Vigo,36211,Pontevedra,Vigo
Renault,Kadjar,Diésel,63000.0,110.0,automatic,15990,Granada,18005,Granada,Granada
Renault,Kadjar,Diésel,63000.0,110.0,automatic,15690,Granada,18005,Granada,Granada
Renault,Kadjar,Gasolina,125645.0,130.0,manual,14999,Madrid,28014,Madrid,Madrid
Renault,Kadjar,Gasolina,125645.0,130.0,manual,14999,Barcelona,8007,Barcelona,Barcelona
Renault,Kadjar,Diésel,44633.0,115.0,automatic,21999,Madrid,28014,Madrid,Madrid
Renault,Kadjar,Diésel,44633.0,115.0,automatic,21999,Barcelona,8007,Barcelona,Barcelona
Renault,Kadjar,Diésel,63000.0,110.0,automatic,15990,Fuenlabrada,28947,Madrid,Fuenlabrada
Renault,Kadjar,Diésel,63000.0,110.0,automatic,15690,Fuenlabrada,28947,Madrid,Fuenlabrada
Renault,Kadjar,Diésel,63000.0,110.0,automatic,15990,Colonia Pablo Iglesias,28520,Madrid,Colonia Pablo Iglesias
Renault,Kadjar,Diésel,63000.0,110.0,automatic,15690,Colonia Pablo Iglesias,28520,Madrid,Colonia Pablo Iglesias
Renault,Kadjar,Diésel,63000.0,110.0,automatic,15990,Murcia,30005,Murcia,Murcia
Renault,Kadjar,Diésel,63000.0,110.0,automatic,15690,Murcia,30005,Murcia,Murcia
Renault,Kadjar,Diésel,63000.0,110.0,automatic,15990,Bilbao,48004,Bizkaia,Bilbao
Renault,Kadjar,Diésel,63000.0,110.0,automatic,15690,Bilbao,48004,Bizkaia,Bilbao
Renault,Kadjar,Diésel,63000.0,110.0,automatic,15990,Sevilla,41005,Sevilla,Sevilla
Renault,Kadjar,Diésel,63000.0,110.0,automatic,15690,Sevilla,41005,Sevilla,Sevilla
Renault,Kadjar,Diésel,63000.0,110.0,automatic,15990,Valencia,46001,Valencia,Valencia
Renault,Kadjar,Diésel,63000.0,110.0,automatic,15690,Valencia,46001,Valencia,Valencia
Renault,Kadjar,Diésel,63000.0,110.0,automatic,15990,Málaga,29005,Málaga,Málaga
Renault,Kadjar,Diésel,63000.0,110.0,automatic,15690,Málaga,29005,Málaga,Málaga
Renault,Kadjar,Diésel,63000.0,110.0,automatic,15990,Las Rozas de Madrid,28232,Madrid,Las Rozas de Madrid
Renault,Kadjar,Diésel,63000.0,110.0,automatic,15690,Las Rozas de Madrid,28232,Madrid,Las Rozas de Madrid
Renault,Kadjar,Diésel,63000.0,110.0,automatic,15990,Camarma de Esteruelas,28816,Madrid,Camarma de Esteruelas
Renault,Kadjar,Diésel,63000.0,110.0,automatic,15990,Camarma de Esteruelas,28816,Madrid,Camarma de Esteruelas
Renault,Kadjar,Diésel,63000.0,110.0,automatic,15690,Camarma de Esteruelas,28816,Madrid,Camarma de Esteruelas
Renault,Kadjar,Diésel,63000.0,110.0,automatic,15690,Camarma de Esteruelas,28816,Madrid,Camarma de Esteruelas
Renault,Kadjar,Diésel,63000.0,110.0,automatic,15990,Collado Villalba,28400,Madrid,Collado Villalba
Renault,Kadjar,Diésel,63000.0,110.0,automatic,15990,Collado Villalba,28400,Madrid,Collado Villalba
Renault,Kadjar,Diésel,63000.0,110.0,automatic,15690,Collado Villalba,28400,Madrid,Collado Villalba
Renault,Kadjar,Diésel,63000.0,110.0,automatic,15690,Collado Villalba,28400,Madrid,Collado Villalba
Renault,Kadjar,Diésel,63000.0,110.0,automatic,15990,Villaviciosa de Odón,28670,Madrid,Villaviciosa de Odón
Renault,Kadjar,Diésel,63000.0,110.0,automatic,15690,Villaviciosa de Odón,28670,Madrid,Villaviciosa de Odón
Renault,Kadjar,Diésel,63000.0,110.0,automatic,15990,Urbanizacion La Granjilla,28700,Madrid,Urbanizacion La Granjilla
Renault,Kadjar,Diésel,63000.0,110.0,automatic,15690,Urbanizacion La Granjilla,28700,Madrid,Urbanizacion La Granjilla
Renault,Kadjar,Diésel,92700.0,115.0,manual,17900,Lora del Río,41440,Sevilla,Lora del Río
Renault,Kadjar,Diésel,92700.0,115.0,manual,17900,Lora del Río,41440,Sevilla,Lora del Río
Renault,Espace,Diésel,155000.0,160.0,automatic,15990,Almería,4006,Almería,Almería
Renault,Espace,Diésel,155000.0,160.0,automatic,15990,Ullastrell,8231,Barcelona,Ullastrell
Renault,Espace,Gasolina,138003.0,200.0,automatic,16499,Madrid,28014,Madrid,Madrid
Renault,Espace,Gasolina,138003.0,200.0,automatic,16499,Barcelona,8007,Barcelona,Barcelona
Renault,Espace,Diésel,155000.0,160.0,automatic,15990,Alicante,3010,Alicante,Alicante
Renault,Espace,Diésel,155000.0,160.0,automatic,15990,Alicante,3010,Murcia,Alicante
Renault,Espace,Diésel,155000.0,160.0,automatic,15990,Girona,17007,Girona,Girona
Renault,Espace,Diésel,155000.0,160.0,automatic,15990,Vigo,36211,Pontevedra,Vigo
Renault,Espace,Diésel,155000.0,160.0,automatic,15990,Granada,18005,Granada,Granada
Renault,Espace,Diésel,155000.0,160.0,automatic,15990,Murcia,30005,Murcia,Murcia
Renault,Espace,Diésel,155000.0,160.0,automatic,15990,Palma de Mallorca,7003,Baleares,Palma de Mallorca
Renault,Espace,Diésel,155000.0,160.0,automatic,15990,Bilbao,48004,Bizkaia,Bilbao
Renault,Espace,Diésel,155000.0,160.0,automatic,15990,Òrrius,8317,Barcelona,Òrrius
Renault,Grand Scenic,Diésel,133328.0,110.0,manual,236,Granollers,8403,Barcelona,Granollers
Renault,Grand Scenic,Diésel,114000.0,110.0,manual,228,Madrid,28009,Madrid,Madrid
Renault,Grand Scenic,Diésel,134.0,130.0,manual,18990,Almería,4006,Almería,Almería
Renault,Grand Scenic,Diésel,134.0,130.0,manual,18990,Alicante,3010,Alicante,Alicante
Renault,Grand Scenic,Diésel,134.0,130.0,manual,18990,Alicante,3010,Murcia,Alicante
Renault,Grand Scenic,Diésel,134.0,130.0,manual,18990,Vigo,36211,Pontevedra,Vigo
Renault,Grand Scenic,Diésel,134.0,130.0,manual,18990,Granada,18005,Granada,Granada
Renault,Grand Scenic,Diésel,134.0,130.0,manual,18990,Murcia,30005,Murcia,Murcia
Renault,Grand Scenic,Diésel,134.0,130.0,manual,18990,Bilbao,48004,Bizkaia,Bilbao
Renault,Grand Scenic,Diésel,134.0,130.0,manual,18990,Jaén,23008,Jaén,Jaén
Renault,Trafic,Diésel,78032.0,95.0,manual,17990,Madrid,28021,Madrid,Madrid
Renault,Trafic,Diésel,225000.0,95.0,manual,12980,Santa Coloma de Gramenet,8921,Barcelona,Santa Coloma de Gramenet
Renault,Trafic,Diésel,113000.0,95.0,manual,19946,Santiago de Compostela,15707,A Coruña,Santiago de Compostela
Renault,Trafic,Diésel,80000.0,120.0,manual,20772,Santiago de Compostela,15707,A Coruña,Santiago de Compostela
Opel,Crossland X,Diésel,48896.0,100.0,manual,17970,Foios,46134,Valencia,Foios
Mitsubishi,Outlander,Eléctrico,39050.0,224.0,automatic,35075,Sant Vicenç de Montalt,8394,Barcelona,Sant Vicenç de Montalt
Mitsubishi,Outlander,Eléctrico,39050.0,224.0,automatic,35075,Murcia,30003,Murcia,Murcia
Mitsubishi,Outlander,Eléctrico,39050.0,224.0,automatic,35075,Estepona,29680,Málaga,Estepona
Mitsubishi,Outlander,Eléctrico,39050.0,224.0,automatic,35075,Olèrdola,8734,Barcelona,Olèrdola
Mitsubishi,Outlander,Eléctrico,39050.0,224.0,automatic,35075,Olèrdola,8734,Barcelona,Olèrdola
Mitsubishi,Outlander,Eléctrico,39050.0,224.0,automatic,35075,Barcelona,8007,Barcelona,Barcelona
Mitsubishi,Outlander,Eléctrico,39050.0,224.0,automatic,35075,Colonia Pablo Iglesias,28520,Madrid,Colonia Pablo Iglesias
Mitsubishi,Outlander,Eléctrico,39050.0,224.0,automatic,35075,Las Rozas de Madrid,28232,Madrid,Las Rozas de Madrid
Mitsubishi,Outlander,Eléctrico,39050.0,224.0,automatic,35075,Torremolinos,29620,Málaga,Torremolinos
Mitsubishi,Outlander,Eléctrico,39050.0,224.0,automatic,35075,Torremolinos,29620,Málaga,Torremolinos
Mitsubishi,Outlander,Eléctrico,39050.0,224.0,automatic,35075,Torremolinos,29620,Málaga,Torremolinos
Mitsubishi,Outlander,Eléctrico,39050.0,224.0,automatic,35075,Alameda del Obispo,14005,Córdoba,Alameda del Obispo
Mitsubishi,Outlander,Eléctrico,39050.0,224.0,automatic,35075,Albacete,2001,Albacete,Albacete
Mitsubishi,Outlander,Eléctrico,39050.0,224.0,automatic,35075,Alcobendas,28100,Madrid,Alcobendas
Mitsubishi,Outlander,Eléctrico,39050.0,224.0,automatic,35075,Hidraulica Santillana,28770,Madrid,Hidraulica Santillana
Mitsubishi,Outlander,Eléctrico,39050.0,224.0,automatic,35075,Alzira,46600,Valencia,Alzira
Mitsubishi,Outlander,Eléctrico,39050.0,224.0,automatic,35075,Alzira,46600,Valencia,Alzira
Mitsubishi,Outlander,Eléctrico,39050.0,224.0,automatic,35075,Castello/Castellon de La Plana,12100,Castellón,Castello/Castellon de La Plana
Mitsubishi,Outlander,Eléctrico,39050.0,224.0,automatic,35075,Badajoz,6008,Badajoz,Badajoz
Mitsubishi,Outlander,Eléctrico,39050.0,224.0,automatic,35075,Alicante,3007,Alicante,Alicante
Mitsubishi,Outlander,Eléctrico,39050.0,224.0,automatic,35075,Santafe,18320,Granada,Santafe
Mitsubishi,Outlander,Eléctrico,39050.0,224.0,automatic,35075,Zaragoza,50013,Zaragoza,Zaragoza
Mitsubishi,Outlander,Eléctrico,39050.0,224.0,automatic,35075,Alcalá de Guadaíra,41500,Sevilla,Alcalá de Guadaíra
Mitsubishi,Outlander,Eléctrico,39050.0,224.0,automatic,35075,Collado Villalba,28400,Madrid,Collado Villalba
Mitsubishi,Outlander,Eléctrico,39050.0,224.0,automatic,35075,Collado Villalba,28400,Madrid,Collado Villalba
Mitsubishi,Outlander,Eléctrico,39050.0,224.0,automatic,35075,Atarrabia,31610,Navarra,Atarrabia
Renault,Master,Diésel,50100.0,130.0,manual,25990,Sant Carles de La Rapita,43540,Tarragona,Sant Carles de La Rapita
Renault,Master,Diésel,107000.0,130.0,manual,23500,Buenas Noches,29693,Málaga,Buenas Noches
Renault,Scenic,Diésel,150752.0,120.0,manual,2190,Madrid,28026,Madrid,Madrid
Renault,Scenic,Diésel,133328.0,110.0,manual,9990,Granollers,8403,Barcelona,Granollers
Renault,Scenic,Diésel,133328.0,110.0,manual,9990,Girona,17005,Girona,Girona
Renault,Scenic,Diésel,133328.0,110.0,manual,9990,Tarragona,43002,Tarragona,Tarragona
Renault,Scenic,Diésel,99950.0,110.0,manual,445,Sevilla,41018,Sevilla,Sevilla
Renault,Scenic,Diésel,99950.0,110.0,manual,208,Barcelona,8007,Barcelona,Barcelona
Renault,Scenic,Diésel,99950.0,110.0,manual,441,Barcelona,8007,Barcelona,Barcelona
Renault,Scenic,Diésel,114000.0,110.0,manual,476,Madrid,28006,Madrid,Madrid
Renault,Scenic,Diésel,87000.0,110.0,manual,455,Madrid,28006,Madrid,Madrid
Renault,Scenic,Diésel,117000.0,110.0,manual,450,Madrid,28006,Madrid,Madrid
Renault,Scenic,Diésel,264000.0,120.0,manual,2999,Bolaños de Calatrava,13260,Ciudad Real,Bolaños de Calatrava
Renault,Scenic,Diésel,264000.0,120.0,manual,2999,Bolaños de Calatrava,13260,Ciudad Real,Bolaños de Calatrava
Renault,Scenic,Diésel,167616.0,130.0,manual,7990,Málaga,29005,Málaga,Málaga
Tata,Xenon,Diésel,40000.0,150.0,manual,9500,Aranjuez,28300,Madrid,Aranjuez
Renault,Megane,Diésel,80000.0,110.0,manual,9900,Tarrega,25300,Lleida,Tarrega
Renault,Megane,Diésel,80000.0,110.0,manual,9990,Tarrega,25300,Lleida,Tarrega
Renault,Megane,Diésel,151000.0,94.0,manual,12500,Pinto,28320,Madrid,Pinto
Renault,Megane,Diésel,61224.0,90.0,manual,8000,Roquetas de Mar,4740,Almería,Roquetas de Mar
Mitsubishi,L 300,Diésel,323000.0,85.0,manual,7940,Berga,8600,Barcelona,Berga
Renault,Megane,Diésel,198000.0,105.0,manual,2990,Canovelles,8420,Barcelona,Canovelles
Renault,Scenic,Gasolina,170000.0,115.0,manual,2000,Cornella de Llobregat,8940,Barcelona,Cornella de Llobregat
Renault,Scenic,Diésel,114000.0,110.0,manual,220,Gandía,46701,Valencia,Gandía
Renault,Scenic,Diésel,117000.0,110.0,manual,211,Gandía,46701,Valencia,Gandía
Renault,Scenic,Diésel,114000.0,110.0,manual,466,Valencia,46005,Valencia,Valencia
Renault,Scenic,Diésel,87000.0,110.0,manual,410,Barcelona,8009,Barcelona,Barcelona
Renault,Scenic,Diésel,117000.0,110.0,manual,406,Madrid,28006,Madrid,Madrid
Renault,Scenic,Diésel,99950.0,110.0,manual,402,Sevilla,41018,Sevilla,Sevilla
Renault,Scenic,Gasolina,15454.0,160.0,automatic,24950,Santa Maria del Aguila,4710,Almería,Santa Maria del Aguila
Renault,Scenic,Gasolina,15454.0,160.0,automatic,24950,Ciudad Real,13003,Ciudad Real,Ciudad Real
Renault,Scenic,Gasolina,15454.0,160.0,automatic,24950,Santiago de Compostela,15703,A Coruña,Santiago de Compostela
Renault,Scenic,Gasolina,15454.0,160.0,automatic,24950,Valdepeñas,13300,Ciudad Real,Valdepeñas
Renault,Scenic,Gasolina,15454.0,160.0,automatic,24950,Valdepeñas,13300,Ciudad Real,Valdepeñas
Renault,Scenic,Gasolina,15454.0,160.0,automatic,24950,Saladar,3700,Alicante,Saladar
KIA,Carens,Gasolina,90200.0,135.0,manual,12990,Alicante,3010,Alicante,Alicante
KIA,Carens,Gasolina,90200.0,135.0,manual,12990,Alicante,3010,Murcia,Alicante
Renault,Scenic,Gasolina,15454.0,160.0,automatic,24950,Mercado Parque Corredor del Henares,28850,Madrid,Mercado Parque Corredor del Henares
Renault,Scenic,Gasolina,15454.0,160.0,automatic,24950,Vigo,36214,Pontevedra,Vigo
Renault,Scenic,Gasolina,15454.0,160.0,automatic,24950,Sant Vicenç de Montalt,8394,Barcelona,Sant Vicenç de Montalt
Renault,Scenic,Gasolina,15454.0,160.0,automatic,24950,Murcia,30003,Murcia,Murcia
Renault,Scenic,Gasolina,15454.0,160.0,automatic,24950,Olèrdola,8734,Barcelona,Olèrdola
Renault,Scenic,Gasolina,15454.0,160.0,automatic,24950,Olèrdola,8734,Barcelona,Olèrdola
Renault,Scenic,Gasolina,15454.0,160.0,automatic,24950,Colonia Pablo Iglesias,28520,Madrid,Colonia Pablo Iglesias
Renault,Scenic,Gasolina,15454.0,160.0,automatic,24950,Alameda del Obispo,14005,Córdoba,Alameda del Obispo
Renault,Scenic,Gasolina,15454.0,160.0,automatic,24950,Atarrabia,31610,Navarra,Atarrabia
Renault,Scenic,Diésel,250.0,105.0,manual,1190,Santiago de Compostela,36164,Pontevedra,Santiago de Compostela
Renault,Scenic,Gasolina,110000.0,98.0,manual,2000,Fuengirola,29640,Málaga,Fuengirola
Nissan,Juke,Gasolina,31540.0,112.0,manual,17135,Estepona,29680,Málaga,Estepona
Nissan,Juke,Gasolina,31540.0,112.0,manual,17135,Olèrdola,8734,Barcelona,Olèrdola
Nissan,Juke,Gasolina,31540.0,112.0,manual,17135,Olèrdola,8734,Barcelona,Olèrdola
Nissan,Juke,Diésel,116359.0,110.0,manual,10490,Vigo,36211,Pontevedra,Vigo
Nissan,Juke,Diésel,84170.0,110.0,manual,12990,Sevilla,41005,Sevilla,Sevilla
Nissan,Juke,Diésel,84170.0,110.0,manual,12990,Vigo,36211,Pontevedra,Vigo
Nissan,Juke,Diésel,84170.0,110.0,manual,12990,Alicante,3010,Alicante,Alicante
Nissan,Juke,Diésel,84170.0,110.0,manual,12990,Alicante,3010,Murcia,Alicante
Nissan,Juke,Gasolina,84600.0,117.0,automatic,11990,Vigo,36211,Pontevedra,Vigo
Nissan,Juke,Gasolina,84600.0,117.0,automatic,11990,Alicante,3010,Alicante,Alicante
Nissan,Juke,Gasolina,84600.0,117.0,automatic,11990,Alicante,3010,Murcia,Alicante
Nissan,Juke,Diésel,84170.0,110.0,manual,12990,Almería,4006,Almería,Almería
Nissan,Juke,Gasolina,84600.0,117.0,automatic,11990,Almería,4006,Almería,Almería
Nissan,Juke,Diésel,84170.0,110.0,manual,12990,Bilbao,48004,Bizkaia,Bilbao
Nissan,Juke,Gasolina,84600.0,117.0,automatic,11990,Bilbao,48004,Bizkaia,Bilbao
Nissan,Juke,Gasolina,25142.0,115.0,manual,13490,Málaga,29005,Málaga,Málaga
Abarth,595,Gasolina,12800.0,165.0,automatic,29500,Vilanoveta,8812,Barcelona,Vilanoveta
Abarth,595,Gasolina,12800.0,165.0,automatic,27500,Vilanoveta,8812,Barcelona,Vilanoveta
Alfa Romeo,147,Diésel,129000.0,120.0,manual,4200,Móstoles,28938,Madrid,Móstoles
Nissan,Juke,Diésel,84170.0,110.0,manual,12990,Granada,18005,Granada,Granada
Nissan,Juke,Diésel,84170.0,110.0,manual,12990,Murcia,30005,Murcia,Murcia
Nissan,Juke,Gasolina,84600.0,117.0,automatic,11990,Murcia,30005,Murcia,Murcia
Nissan,Juke,Diésel,84170.0,110.0,manual,12990,Valencia,46001,Valencia,Valencia
Nissan,Juke,Diésel,84170.0,110.0,manual,12990,Málaga,29005,Málaga,Málaga
Nissan,Juke,Gasolina,31540.0,112.0,manual,17135,Barcelona,8007,Barcelona,Barcelona
Nissan,Juke,Gasolina,84600.0,117.0,automatic,11990,Valencia,46001,Valencia,Valencia
Nissan,Juke,Gasolina,84600.0,117.0,automatic,11990,Málaga,29005,Málaga,Málaga
Nissan,Juke,Gasolina,31540.0,112.0,manual,17135,Colonia Pablo Iglesias,28520,Madrid,Colonia Pablo Iglesias
Nissan,Juke,Gasolina,31540.0,112.0,manual,17135,Las Rozas de Madrid,28232,Madrid,Las Rozas de Madrid
Nissan,Juke,Gasolina,31540.0,112.0,manual,17135,Atarrabia,31610,Navarra,Atarrabia
Nissan,Pulsar,Gasolina,87059.0,115.0,manual,12294,Olèrdola,8734,Barcelona,Olèrdola
Nissan,Pulsar,Gasolina,87059.0,115.0,manual,12294,Olèrdola,8734,Barcelona,Olèrdola
Nissan,Pulsar,Diésel,136858.0,110.0,manual,8490,Almería,4006,Almería,Almería
Nissan,Pulsar,Gasolina,87059.0,115.0,manual,12294,Mercado Parque Corredor del Henares,28850,Madrid,Mercado Parque Corredor del Henares
Nissan,Pulsar,Diésel,136858.0,110.0,manual,8490,Ullastrell,8231,Barcelona,Ullastrell
Nissan,Pulsar,Diésel,136858.0,110.0,manual,8490,Alicante,3010,Alicante,Alicante
Nissan,Pulsar,Diésel,136858.0,110.0,manual,8490,Alicante,3010,Murcia,Alicante
Nissan,Pulsar,Diésel,136858.0,110.0,manual,8490,Vigo,36211,Pontevedra,Vigo
Nissan,Pulsar,Diésel,136858.0,110.0,manual,8490,Granada,18005,Granada,Granada
Nissan,Pulsar,Gasolina,52730.0,115.0,manual,14299,Madrid,28014,Madrid,Madrid
Nissan,Pulsar,Gasolina,52730.0,115.0,manual,14299,Barcelona,8007,Barcelona,Barcelona
Nissan,Pulsar,Diésel,136858.0,110.0,manual,8490,Girona,17007,Girona,Girona
Nissan,Pulsar,Diésel,136858.0,110.0,manual,8490,Murcia,30005,Murcia,Murcia
Nissan,Pulsar,Diésel,136858.0,110.0,manual,8490,Bilbao,48004,Bizkaia,Bilbao
Nissan,Pulsar,Diésel,136858.0,110.0,manual,8490,Sevilla,41005,Sevilla,Sevilla
Nissan,Pulsar,Diésel,136858.0,110.0,manual,8490,Valencia,46001,Valencia,Valencia
Nissan,Pulsar,Diésel,136858.0,110.0,manual,8490,Palma de Mallorca,7003,Baleares,Palma de Mallorca
Nissan,Pulsar,Diésel,136858.0,110.0,manual,8490,Málaga,29005,Málaga,Málaga
Nissan,Pulsar,Diésel,136858.0,110.0,manual,8490,Òrrius,8317,Barcelona,Òrrius
Nissan,Pulsar,Diésel,136858.0,110.0,manual,8490,Palau-Solita I Plegamans,8184,Barcelona,Palau-Solita I Plegamans
Nissan,Pulsar,Diésel,136858.0,110.0,manual,8490,Palau-Solita I Plegamans,8184,Barcelona,Palau-Solita I Plegamans
Mitsubishi,Outlander,Gasolina,27287.0,150.0,automatic,25875,Puerto de Sagunto,46520,Valencia,Puerto de Sagunto
Mitsubishi,Outlander,Gasolina,27287.0,150.0,automatic,25875,Alcobendas,28100,Madrid,Alcobendas
Mitsubishi,Outlander,Diésel,156502.0,150.0,automatic,17380,Torremolinos,29620,Málaga,Torremolinos
Mitsubishi,Outlander,Diésel,156502.0,150.0,automatic,17380,Torremolinos,29620,Málaga,Torremolinos
Mitsubishi,Outlander,Diésel,156502.0,150.0,automatic,17380,Torremolinos,29620,Málaga,Torremolinos
Mitsubishi,Outlander,Diésel,64986.0,150.0,manual,19900,Torremolinos,29620,Málaga,Torremolinos
Mitsubishi,Outlander,Diésel,64986.0,150.0,manual,19900,Torremolinos,29620,Málaga,Torremolinos
Mitsubishi,Outlander,Diésel,64986.0,150.0,manual,19900,Torremolinos,29620,Málaga,Torremolinos
Mitsubishi,Outlander,Gasolina,27287.0,150.0,automatic,25875,Torremolinos,29620,Málaga,Torremolinos
Mitsubishi,Outlander,Gasolina,27287.0,150.0,automatic,25875,Torremolinos,29620,Málaga,Torremolinos
Mitsubishi,Outlander,Gasolina,27287.0,150.0,automatic,25875,Torremolinos,29620,Málaga,Torremolinos
Mitsubishi,Outlander,Gasolina,27287.0,150.0,automatic,25875,Ciudad Real,13003,Ciudad Real,Ciudad Real
Mitsubishi,Outlander,Gasolina,27287.0,150.0,automatic,25875,Barcelona,8007,Barcelona,Barcelona
Mitsubishi,Outlander,Gasolina,27287.0,150.0,automatic,25875,Getafe,28906,Madrid,Getafe
Mitsubishi,Outlander,Gasolina,27287.0,150.0,automatic,25875,Santiago de Compostela,15703,A Coruña,Santiago de Compostela
Mitsubishi,Outlander,Gasolina,27287.0,150.0,automatic,25875,Albacete,2001,Albacete,Albacete
Mitsubishi,Outlander,Gasolina,27287.0,150.0,automatic,25875,Badajoz,6008,Badajoz,Badajoz
Mitsubishi,Outlander,Gasolina,27287.0,150.0,automatic,25875,Saladar,3700,Alicante,Saladar
Mitsubishi,Outlander,Gasolina,27287.0,150.0,automatic,25875,Santafe,18320,Granada,Santafe
Mitsubishi,Outlander,Diésel,156502.0,150.0,automatic,17380,Olèrdola,8734,Barcelona,Olèrdola
Mitsubishi,Outlander,Diésel,156502.0,150.0,automatic,17380,Olèrdola,8734,Barcelona,Olèrdola
Mitsubishi,Outlander,Gasolina,27287.0,150.0,automatic,25875,Murcia,30003,Murcia,Murcia
Mitsubishi,Outlander,Diésel,140000.0,150.0,manual,15990,Almería,4006,Almería,Almería
Mitsubishi,Outlander,Diésel,64986.0,150.0,manual,19900,Olèrdola,8734,Barcelona,Olèrdola
Mitsubishi,Outlander,Diésel,64986.0,150.0,manual,19900,Olèrdola,8734,Barcelona,Olèrdola
Mitsubishi,Outlander,Diésel,156502.0,150.0,automatic,17380,Mercado Parque Corredor del Henares,28850,Madrid,Mercado Parque Corredor del Henares
Mitsubishi,Outlander,Gasolina,27287.0,150.0,automatic,25875,Castello/Castellon de La Plana,12100,Castellón,Castello/Castellon de La Plana
Mitsubishi,Outlander,Diésel,64986.0,150.0,manual,19900,Mercado Parque Corredor del Henares,28850,Madrid,Mercado Parque Corredor del Henares
Mitsubishi,Outlander,Gasolina,27287.0,150.0,automatic,25875,Olèrdola,8734,Barcelona,Olèrdola
Mitsubishi,Outlander,Gasolina,27287.0,150.0,automatic,25875,Olèrdola,8734,Barcelona,Olèrdola
Mitsubishi,Outlander,Diésel,140000.0,150.0,manual,15990,Ullastrell,8231,Barcelona,Ullastrell
Mitsubishi,Outlander,Gasolina,27287.0,150.0,automatic,25875,Mercado Parque Corredor del Henares,28850,Madrid,Mercado Parque Corredor del Henares
Mitsubishi,Outlander,Gasolina,27287.0,150.0,automatic,25875,Granollers,8403,Barcelona,Granollers
Mitsubishi,Outlander,Gasolina,27287.0,150.0,automatic,25875,Alicante,3007,Alicante,Alicante
Mitsubishi,Outlander,Gasolina,27287.0,150.0,automatic,25875,Alzira,46600,Valencia,Alzira
Mitsubishi,Outlander,Gasolina,27287.0,150.0,automatic,25875,Alzira,46600,Valencia,Alzira
Mitsubishi,Outlander,Gasolina,27287.0,150.0,automatic,25875,Las Rozas de Madrid,28232,Madrid,Las Rozas de Madrid
Mitsubishi,Outlander,Gasolina,27287.0,150.0,automatic,25875,Valdepeñas,13300,Ciudad Real,Valdepeñas
Mitsubishi,Outlander,Gasolina,27287.0,150.0,automatic,25875,Valdepeñas,13300,Ciudad Real,Valdepeñas
Mitsubishi,Outlander,Gasolina,27287.0,150.0,automatic,25875,Mercabilbao,48970,Bizkaia,Mercabilbao
Mitsubishi,Outlander,Gasolina,27287.0,150.0,automatic,25875,Colonia Pablo Iglesias,28520,Madrid,Colonia Pablo Iglesias
Mitsubishi,Outlander,Gasolina,27287.0,150.0,automatic,25875,Zaragoza,50013,Zaragoza,Zaragoza
Mitsubishi,Outlander,Gasolina,27287.0,150.0,automatic,25875,Paterna,46980,Valencia,Paterna
Mitsubishi,Outlander,Gasolina,27287.0,150.0,automatic,25875,Atarrabia,31610,Navarra,Atarrabia
Mitsubishi,Outlander,Gasolina,27287.0,150.0,automatic,25875,Alcalá de Guadaíra,41500,Sevilla,Alcalá de Guadaíra
Mitsubishi,Outlander,Gasolina,27287.0,150.0,automatic,25875,Estepona,29680,Málaga,Estepona
Mitsubishi,Outlander,Diésel,140000.0,150.0,manual,15990,Alicante,3010,Alicante,Alicante
Mitsubishi,Outlander,Diésel,140000.0,150.0,manual,15990,Alicante,3010,Murcia,Alicante
Mitsubishi,Outlander,Diésel,140000.0,150.0,manual,15990,Vigo,36211,Pontevedra,Vigo
Mitsubishi,Outlander,Diésel,140000.0,150.0,manual,15990,Granada,18005,Granada,Granada
Mitsubishi,Outlander,Diésel,140000.0,150.0,manual,15990,Girona,17007,Girona,Girona
Mitsubishi,Outlander,Gasolina,27287.0,150.0,automatic,25875,Alameda del Obispo,14005,Córdoba,Alameda del Obispo
Mitsubishi,Outlander,Diésel,140000.0,150.0,manual,15990,Murcia,30005,Murcia,Murcia
Mitsubishi,Outlander,Diésel,140000.0,150.0,manual,15990,Bilbao,48004,Bizkaia,Bilbao
Mitsubishi,Outlander,Diésel,140000.0,150.0,manual,15990,Palma de Mallorca,7003,Baleares,Palma de Mallorca
Mitsubishi,Outlander,Diésel,140000.0,150.0,manual,15990,Òrrius,8317,Barcelona,Òrrius
Nissan,Qashqai,Diésel,116000.0,130.0,manual,266,Barcelona,8007,Barcelona,Barcelona
Nissan,Qashqai,Gasolina,74000.0,140.0,manual,504,Madrid,28009,Madrid,Madrid
Tesla,Model 3,Eléctrico,63141.0,306.0,automatic,37950,Estepona,29680,Málaga,Estepona
Tesla,Model 3,Eléctrico,63141.0,306.0,automatic,37950,Alzira,46600,Valencia,Alzira
Tesla,Model 3,Eléctrico,63141.0,306.0,automatic,37950,Alzira,46600,Valencia,Alzira
Tesla,Model 3,Eléctrico,63141.0,306.0,automatic,37950,Saladar,3700,Alicante,Saladar
Alfa Romeo,MiTO,Diésel,109300.0,85.0,manual,8990,Vigo,36211,Pontevedra,Vigo
Nissan,Qashqai,Diésel,116000.0,130.0,manual,490,Madrid,28006,Madrid,Madrid
Alfa Romeo,MiTO,Diésel,109300.0,85.0,manual,8990,Badajoz,6003,Badajoz,Badajoz
Alfa Romeo,MiTO,Diésel,109300.0,85.0,manual,8990,Huelva,21004,Huelva,Huelva
Nissan,Qashqai,Diésel,65669.0,110.0,manual,17135,Santa Maria del Aguila,4710,Almería,Santa Maria del Aguila
Nissan,Qashqai,Diésel,113696.0,130.0,manual,17480,Santa Maria del Aguila,4710,Almería,Santa Maria del Aguila
Nissan,Qashqai,Diésel,65669.0,110.0,manual,17135,Ciudad Real,13003,Ciudad Real,Ciudad Real
Abarth,500,Gasolina,98956.0,145.0,manual,13490,Málaga,29005,Málaga,Málaga
Abarth,500,Gasolina,98956.0,145.0,manual,13490,Las Rozas de Madrid,28232,Madrid,Las Rozas de Madrid
Nissan,Qashqai,Diésel,113696.0,130.0,manual,17480,Ciudad Real,13003,Ciudad Real,Ciudad Real
Nissan,Qashqai,Diésel,65669.0,110.0,manual,17135,Santiago de Compostela,15703,A Coruña,Santiago de Compostela
Nissan,Qashqai,Diésel,113696.0,130.0,manual,17480,Santiago de Compostela,15703,A Coruña,Santiago de Compostela
Nissan,Qashqai,Diésel,113696.0,130.0,manual,17480,Mercado Parque Corredor del Henares,28850,Madrid,Mercado Parque Corredor del Henares
Nissan,Qashqai,Diésel,65669.0,110.0,manual,17135,Vigo,36214,Pontevedra,Vigo
Nissan,Qashqai,Diésel,113696.0,130.0,manual,17480,Vigo,36214,Pontevedra,Vigo
Nissan,Qashqai,Diésel,65669.0,110.0,manual,17135,Sant Vicenç de Montalt,8394,Barcelona,Sant Vicenç de Montalt
Nissan,Qashqai,Diésel,113696.0,130.0,manual,17480,Sant Vicenç de Montalt,8394,Barcelona,Sant Vicenç de Montalt
Nissan,Qashqai,Diésel,175227.0,110.0,manual,11990,Murcia,30003,Murcia,Murcia
Nissan,Qashqai,Diésel,65669.0,110.0,manual,17135,Granollers,8403,Barcelona,Granollers
KIA,Stonic,Otros,35870.0,100.0,manual,17970,Foios,46134,Valencia,Foios
KIA,Stonic,Diésel,96914.0,110.0,manual,16450,Puerto de Sagunto,46520,Valencia,Puerto de Sagunto
KIA,Stonic,Diésel,96914.0,110.0,manual,16450,Alcobendas,28100,Madrid,Alcobendas
KIA,Stonic,Diésel,96914.0,110.0,manual,16450,Torremolinos,29620,Málaga,Torremolinos
KIA,Stonic,Diésel,96914.0,110.0,manual,16450,Torremolinos,29620,Málaga,Torremolinos
KIA,Stonic,Diésel,96914.0,110.0,manual,16450,Torremolinos,29620,Málaga,Torremolinos
KIA,Stonic,Diésel,96914.0,110.0,manual,16450,Ciudad Real,13003,Ciudad Real,Ciudad Real
KIA,Stonic,Diésel,96914.0,110.0,manual,16450,Barcelona,8007,Barcelona,Barcelona
KIA,Stonic,Diésel,96914.0,110.0,manual,16450,Getafe,28906,Madrid,Getafe
KIA,Stonic,Diésel,96914.0,110.0,manual,16450,Santiago de Compostela,15703,A Coruña,Santiago de Compostela
KIA,Stonic,Diésel,96914.0,110.0,manual,16450,Albacete,2001,Albacete,Albacete
KIA,Stonic,Diésel,96914.0,110.0,manual,16450,Vigo,36214,Pontevedra,Vigo
KIA,Stonic,Diésel,96914.0,110.0,manual,16450,Hidraulica Santillana,28770,Madrid,Hidraulica Santillana
KIA,Stonic,Diésel,96914.0,110.0,manual,16450,Badajoz,6008,Badajoz,Badajoz
KIA,Stonic,Diésel,96914.0,110.0,manual,16450,Saladar,3700,Alicante,Saladar
KIA,Stonic,Diésel,96914.0,110.0,manual,16450,Santafe,18320,Granada,Santafe
KIA,Stonic,Gasolina,36918.0,120.0,automatic,17990,Almería,4006,Almería,Almería
KIA,Stonic,Diésel,96914.0,110.0,manual,16450,Murcia,30003,Murcia,Murcia
KIA,Stonic,Diésel,96914.0,110.0,manual,16450,Olèrdola,8734,Barcelona,Olèrdola
KIA,Stonic,Diésel,96914.0,110.0,manual,16450,Olèrdola,8734,Barcelona,Olèrdola
KIA,Stonic,Diésel,96914.0,110.0,manual,16450,Castello/Castellon de La Plana,12100,Castellón,Castello/Castellon de La Plana
KIA,Stonic,Diésel,96914.0,110.0,manual,16450,Mercado Parque Corredor del Henares,28850,Madrid,Mercado Parque Corredor del Henares
KIA,Stonic,Diésel,96914.0,110.0,manual,16450,Granollers,8403,Barcelona,Granollers
KIA,Stonic,Gasolina,36918.0,120.0,automatic,17990,Toledo,45002,Toledo,Toledo
KIA,Stonic,Diésel,96914.0,110.0,manual,16450,Alzira,46600,Valencia,Alzira
KIA,Stonic,Diésel,96914.0,110.0,manual,16450,Alzira,46600,Valencia,Alzira
KIA,Stonic,Diésel,96914.0,110.0,manual,16450,Alicante,3007,Alicante,Alicante
KIA,Stonic,Diésel,96914.0,110.0,manual,16450,Las Rozas de Madrid,28232,Madrid,Las Rozas de Madrid
KIA,Stonic,Diésel,96914.0,110.0,manual,16450,Valdepeñas,13300,Ciudad Real,Valdepeñas
KIA,Stonic,Diésel,96914.0,110.0,manual,16450,Valdepeñas,13300,Ciudad Real,Valdepeñas
KIA,Stonic,Diésel,96914.0,110.0,manual,16450,Mercabilbao,48970,Bizkaia,Mercabilbao
KIA,Stonic,Gasolina,36918.0,120.0,automatic,17990,Alicante,3010,Alicante,Alicante
KIA,Stonic,Gasolina,36918.0,120.0,automatic,17990,Alicante,3010,Murcia,Alicante
KIA,Stonic,Diésel,96914.0,110.0,manual,16450,Alcalá de Guadaíra,41500,Sevilla,Alcalá de Guadaíra
KIA,Stonic,Diésel,96914.0,110.0,manual,16450,Colonia Pablo Iglesias,28520,Madrid,Colonia Pablo Iglesias
KIA,Stonic,Diésel,96914.0,110.0,manual,16450,Zaragoza,50013,Zaragoza,Zaragoza
KIA,Stonic,Diésel,96914.0,110.0,manual,16450,Paterna,46980,Valencia,Paterna
KIA,Stonic,Diésel,96914.0,110.0,manual,16450,Atarrabia,31610,Navarra,Atarrabia
KIA,Stonic,Diésel,96914.0,110.0,manual,16450,Estepona,29680,Málaga,Estepona
KIA,Stonic,Gasolina,36918.0,120.0,automatic,17990,Vigo,36211,Pontevedra,Vigo
KIA,Stonic,Gasolina,36918.0,120.0,automatic,17990,Granada,18005,Granada,Granada
Nissan,Navara,Diésel,79000.0,144.0,manual,17990,San Bizenti-Barakaldo,48902,Bizkaia,San Bizenti-Barakaldo
KIA,Stonic,Diésel,96914.0,110.0,manual,16450,Alameda del Obispo,14005,Córdoba,Alameda del Obispo
KIA,Stonic,Gasolina,36918.0,120.0,automatic,17990,Fuenlabrada,28947,Madrid,Fuenlabrada
KIA,Stonic,Gasolina,47513.0,120.0,automatic,17990,Sant Boi de Llobregat,8830,Barcelona,Sant Boi de Llobregat
KIA,Stonic,Gasolina,36918.0,120.0,automatic,17990,Murcia,30005,Murcia,Murcia
KIA,Stonic,Gasolina,36918.0,120.0,automatic,17990,Bilbao,48004,Bizkaia,Bilbao
KIA,Stonic,Gasolina,36918.0,120.0,automatic,17990,Sevilla,41005,Sevilla,Sevilla
KIA,Stonic,Gasolina,36918.0,120.0,automatic,17990,Valencia,46001,Valencia,Valencia
KIA,Stonic,Gasolina,36918.0,120.0,automatic,17990,Málaga,29005,Málaga,Málaga
KIA,Stonic,Gasolina,36918.0,120.0,automatic,17990,Las Rozas de Madrid,28232,Madrid,Las Rozas de Madrid
KIA,Stonic,Gasolina,36918.0,120.0,automatic,17990,Camarma de Esteruelas,28816,Madrid,Camarma de Esteruelas
KIA,Stonic,Gasolina,36918.0,120.0,automatic,17990,Camarma de Esteruelas,28816,Madrid,Camarma de Esteruelas
KIA,Stonic,Gasolina,36918.0,120.0,automatic,17990,Collado Villalba,28400,Madrid,Collado Villalba
KIA,Stonic,Gasolina,36918.0,120.0,automatic,17990,Collado Villalba,28400,Madrid,Collado Villalba
KIA,Stonic,Gasolina,36918.0,120.0,automatic,17990,Urbanizacion La Granjilla,28700,Madrid,Urbanizacion La Granjilla
KIA,Stonic,Gasolina,36918.0,120.0,automatic,17990,Villaviciosa de Odón,28670,Madrid,Villaviciosa de Odón
KIA,Niro,Eléctrico,26452.0,141.0,automatic,28175,Badajoz,6008,Badajoz,Badajoz
KIA,Niro,Eléctrico,26452.0,141.0,automatic,28175,Saladar,3700,Alicante,Saladar
KIA,Niro,Eléctrico,82394.0,141.0,automatic,17900,Murcia,30001,Murcia,Murcia
KIA,Niro,Eléctrico,82394.0,141.0,automatic,17900,Móstoles,28931,Madrid,Móstoles
KIA,Carens,Gasolina,90200.0,135.0,manual,12990,Málaga,29005,Málaga,Málaga
KIA,Niro,Eléctrico,82394.0,141.0,automatic,17900,Leganés,28914,Madrid,Leganés
KIA,Niro,Eléctrico,82394.0,141.0,automatic,17900,Sabadell,8203,Barcelona,Sabadell
KIA,Niro,Eléctrico,82394.0,141.0,automatic,17900,Toledo,45002,Toledo,Toledo
KIA,Niro,Eléctrico,82394.0,141.0,automatic,17900,Zaragoza,50003,Zaragoza,Zaragoza
KIA,Niro,Eléctrico,82394.0,141.0,automatic,17900,Viladecans,8840,Barcelona,Viladecans
KIA,Niro,Eléctrico,26452.0,141.0,automatic,28175,Santafe,18320,Granada,Santafe
KIA,Niro,Eléctrico,82394.0,141.0,automatic,17900,Urbanitzacio El Medol,43150,Tarragona,Urbanitzacio El Medol
KIA,Niro,Eléctrico,82394.0,141.0,automatic,17900,Santander,39002,Cantabria,Santander
KIA,Niro,Eléctrico,82394.0,141.0,automatic,17900,A Coruña,15003,A Coruña,A Coruña
KIA,Niro,Eléctrico,82394.0,141.0,automatic,17900,Valencia,46003,Valencia,Valencia
KIA,Niro,Eléctrico,82394.0,141.0,automatic,17900,Granada,18002,Granada,Granada
KIA,Niro,Eléctrico,82394.0,141.0,automatic,17900,Barcelona,8013,Barcelona,Barcelona
KIA,Niro,Eléctrico,82394.0,141.0,automatic,17900,Huelva,21004,Huelva,Huelva
BMW,X3,Diésel,78500.0,190.0,automatic,32900,Pedralba,46164,Valencia,Pedralba
BMW,X3,Diésel,58000.0,190.0,manual,739,Barcelona,8009,Barcelona,Barcelona
BMW,X3,Diésel,108000.0,149.0,manual,655,Barcelona,8007,Barcelona,Barcelona
BMW,X3,Diésel,142056.0,184.0,manual,19580,Puerto de Sagunto,46520,Valencia,Puerto de Sagunto
BMW,X3,Diésel,145941.0,190.0,automatic,22500,Puerto de Sagunto,46520,Valencia,Puerto de Sagunto
BMW,X3,Diésel,215000.0,184.0,automatic,13990,Castello/Castellon de La Plana,12100,Castellón,Castello/Castellon de La Plana
BMW,X3,Diésel,142056.0,184.0,manual,19580,Alcobendas,28100,Madrid,Alcobendas
BMW,X3,Diésel,145941.0,190.0,automatic,22500,Alcobendas,28100,Madrid,Alcobendas
BMW,X3,Diésel,124511.0,177.0,manual,10700,Torremolinos,29620,Málaga,Torremolinos
BMW,X3,Diésel,124511.0,177.0,manual,10700,Torremolinos,29620,Málaga,Torremolinos
BMW,X3,Diésel,124511.0,177.0,manual,10700,Torremolinos,29620,Málaga,Torremolinos
BMW,X3,Gasolina,152181.0,272.0,manual,11900,Torremolinos,29620,Málaga,Torremolinos
BMW,X3,Gasolina,152181.0,272.0,manual,11900,Torremolinos,29620,Málaga,Torremolinos
BMW,X3,Gasolina,152181.0,272.0,manual,11900,Torremolinos,29620,Málaga,Torremolinos
BMW,X3,Diésel,142056.0,184.0,manual,19580,Torremolinos,29620,Málaga,Torremolinos
BMW,X3,Diésel,142056.0,184.0,manual,19580,Torremolinos,29620,Málaga,Torremolinos
BMW,X3,Diésel,142056.0,184.0,manual,19580,Torremolinos,29620,Málaga,Torremolinos
BMW,X3,Diésel,145941.0,190.0,automatic,22500,Torremolinos,29620,Málaga,Torremolinos
BMW,X3,Diésel,145941.0,190.0,automatic,22500,Torremolinos,29620,Málaga,Torremolinos
BMW,X3,Diésel,145941.0,190.0,automatic,22500,Torremolinos,29620,Málaga,Torremolinos
BMW,X3,Diésel,92099.0,190.0,automatic,29750,Torremolinos,29620,Málaga,Torremolinos
BMW,X3,Diésel,92099.0,190.0,automatic,29750,Torremolinos,29620,Málaga,Torremolinos
BMW,X3,Diésel,92099.0,190.0,automatic,29750,Torremolinos,29620,Málaga,Torremolinos
BMW,X3,Diésel,142056.0,184.0,manual,19580,Ciudad Real,13003,Ciudad Real,Ciudad Real
BMW,X3,Diésel,142056.0,184.0,manual,19580,Barcelona,8007,Barcelona,Barcelona
BMW,X3,Diésel,145941.0,190.0,automatic,22500,Ciudad Real,13003,Ciudad Real,Ciudad Real
BMW,X3,Diésel,145941.0,190.0,automatic,22500,Barcelona,8007,Barcelona,Barcelona
BMW,X3,Diésel,142056.0,184.0,manual,19580,Getafe,28906,Madrid,Getafe
BMW,X3,Diésel,92099.0,190.0,automatic,29750,Olèrdola,8734,Barcelona,Olèrdola
BMW,X3,Diésel,92099.0,190.0,automatic,29750,Olèrdola,8734,Barcelona,Olèrdola
BMW,X3,Diésel,145941.0,190.0,automatic,22500,Granollers,8403,Barcelona,Granollers
BMW,X3,Diésel,142056.0,184.0,manual,19580,Las Rozas de Madrid,28232,Madrid,Las Rozas de Madrid
BMW,X3,Diésel,142056.0,184.0,manual,19580,Valdepeñas,13300,Ciudad Real,Valdepeñas
BMW,X3,Diésel,142056.0,184.0,manual,19580,Valdepeñas,13300,Ciudad Real,Valdepeñas
BMW,X3,Diésel,142056.0,184.0,manual,19580,Alzira,46600,Valencia,Alzira
BMW,X3,Diésel,142056.0,184.0,manual,19580,Alzira,46600,Valencia,Alzira
BMW,X3,Diésel,142056.0,184.0,manual,19580,Alicante,3007,Alicante,Alicante
BMW,X3,Diésel,142056.0,184.0,manual,19580,Mercabilbao,48970,Bizkaia,Mercabilbao
BMW,X3,Diésel,145941.0,190.0,automatic,22500,Valdepeñas,13300,Ciudad Real,Valdepeñas
BMW,X3,Diésel,145941.0,190.0,automatic,22500,Valdepeñas,13300,Ciudad Real,Valdepeñas
BMW,X3,Diésel,145941.0,190.0,automatic,22500,Alicante,3007,Alicante,Alicante
BMW,X3,Diésel,145941.0,190.0,automatic,22500,Mercabilbao,48970,Bizkaia,Mercabilbao
BMW,X3,Diésel,145941.0,190.0,automatic,22500,Alzira,46600,Valencia,Alzira
BMW,X3,Diésel,145941.0,190.0,automatic,22500,Alzira,46600,Valencia,Alzira
BMW,X3,Diésel,145941.0,190.0,automatic,22500,Las Rozas de Madrid,28232,Madrid,Las Rozas de Madrid
BMW,X3,Diésel,92099.0,190.0,automatic,29750,Mercado Parque Corredor del Henares,28850,Madrid,Mercado Parque Corredor del Henares
BMW,X3,Diésel,142056.0,184.0,manual,19580,Colonia Pablo Iglesias,28520,Madrid,Colonia Pablo Iglesias
BMW,X3,Diésel,142056.0,184.0,manual,19580,Zaragoza,50013,Zaragoza,Zaragoza
BMW,X3,Diésel,142056.0,184.0,manual,19580,Paterna,46980,Valencia,Paterna
BMW,X3,Diésel,142056.0,184.0,manual,19580,Atarrabia,31610,Navarra,Atarrabia
BMW,X3,Diésel,142056.0,184.0,manual,19580,Alcalá de Guadaíra,41500,Sevilla,Alcalá de Guadaíra
BMW,X3,Diésel,142056.0,184.0,manual,19580,Estepona,29680,Málaga,Estepona
BMW,X3,Diésel,145941.0,190.0,automatic,22500,Colonia Pablo Iglesias,28520,Madrid,Colonia Pablo Iglesias
BMW,X3,Diésel,145941.0,190.0,automatic,22500,Zaragoza,50013,Zaragoza,Zaragoza
BMW,X3,Diésel,145941.0,190.0,automatic,22500,Alameda del Obispo,14005,Córdoba,Alameda del Obispo
BMW,X3,Diésel,94000.0,190.0,automatic,33990,Madrid,28044,Madrid,Madrid
BMW,X3,Diésel,129982.0,150.0,manual,16999,Úbeda,23400,Jaén,Úbeda
KIA,XCeed,Gasolina,28258.0,120.0,manual,19970,Foios,46134,Valencia,Foios
KIA,Carens,Diésel,148468.0,140.0,manual,12999,Madrid,28014,Madrid,Madrid
KIA,Carens,Diésel,148468.0,140.0,manual,12999,Barcelona,8007,Barcelona,Barcelona
KIA,Carens,Gasolina,84042.0,135.0,manual,11599,Madrid,28014,Madrid,Madrid
KIA,Carens,Gasolina,84042.0,135.0,manual,11599,Barcelona,8007,Barcelona,Barcelona
KIA,Optima,Diésel,174479.0,141.0,manual,16330,Olèrdola,8734,Barcelona,Olèrdola
KIA,Optima,Diésel,174479.0,141.0,manual,16330,Olèrdola,8734,Barcelona,Olèrdola
KIA,Optima,Diésel,174479.0,141.0,manual,16330,Castello/Castellon de La Plana,12100,Castellón,Castello/Castellon de La Plana
KIA,Optima,Eléctrico,139713.0,205.0,automatic,24035,Murcia,30003,Murcia,Murcia
KIA,Optima,Diésel,174479.0,141.0,manual,16330,Mercado Parque Corredor del Henares,28850,Madrid,Mercado Parque Corredor del Henares
KIA,Optima,Eléctrico,139713.0,205.0,automatic,24035,Castello/Castellon de La Plana,12100,Castellón,Castello/Castellon de La Plana
KIA,Optima,Eléctrico,139713.0,205.0,automatic,24035,Olèrdola,8734,Barcelona,Olèrdola
KIA,Optima,Eléctrico,139713.0,205.0,automatic,24035,Olèrdola,8734,Barcelona,Olèrdola
KIA,Optima,Diésel,174479.0,141.0,manual,16330,Granollers,8403,Barcelona,Granollers
KIA,Optima,Diésel,174479.0,141.0,manual,16330,Alzira,46600,Valencia,Alzira
KIA,Optima,Diésel,174479.0,141.0,manual,16330,Alzira,46600,Valencia,Alzira
KIA,Optima,Diésel,174479.0,141.0,manual,16330,Alicante,3007,Alicante,Alicante
KIA,Optima,Diésel,174479.0,141.0,manual,16330,Valdepeñas,13300,Ciudad Real,Valdepeñas
KIA,Optima,Diésel,174479.0,141.0,manual,16330,Valdepeñas,13300,Ciudad Real,Valdepeñas
KIA,Optima,Diésel,174479.0,141.0,manual,16330,Las Rozas de Madrid,28232,Madrid,Las Rozas de Madrid
KIA,Optima,Diésel,174479.0,141.0,manual,16330,Mercabilbao,48970,Bizkaia,Mercabilbao
KIA,Carens,Gasolina,90200.0,135.0,manual,12990,Palma de Mallorca,7003,Baleares,Palma de Mallorca
KIA,Optima,Eléctrico,139713.0,205.0,automatic,24035,Mercado Parque Corredor del Henares,28850,Madrid,Mercado Parque Corredor del Henares
KIA,Optima,Eléctrico,139713.0,205.0,automatic,24035,Granollers,8403,Barcelona,Granollers
KIA,Optima,Eléctrico,139713.0,205.0,automatic,24035,Alicante,3007,Alicante,Alicante
KIA,Optima,Eléctrico,139713.0,205.0,automatic,24035,Alzira,46600,Valencia,Alzira
KIA,Optima,Eléctrico,139713.0,205.0,automatic,24035,Alzira,46600,Valencia,Alzira
KIA,Optima,Eléctrico,139713.0,205.0,automatic,24035,Las Rozas de Madrid,28232,Madrid,Las Rozas de Madrid
KIA,Optima,Eléctrico,139713.0,205.0,automatic,24035,Valdepeñas,13300,Ciudad Real,Valdepeñas
KIA,Optima,Eléctrico,139713.0,205.0,automatic,24035,Valdepeñas,13300,Ciudad Real,Valdepeñas
KIA,Optima,Eléctrico,139713.0,205.0,automatic,24035,Colonia Pablo Iglesias,28520,Madrid,Colonia Pablo Iglesias
KIA,Optima,Eléctrico,139713.0,205.0,automatic,24035,Zaragoza,50013,Zaragoza,Zaragoza
KIA,Optima,Eléctrico,139713.0,205.0,automatic,24035,Paterna,46980,Valencia,Paterna
KIA,Optima,Eléctrico,139713.0,205.0,automatic,24035,Atarrabia,31610,Navarra,Atarrabia
KIA,Optima,Eléctrico,139713.0,205.0,automatic,24035,Alcalá de Guadaíra,41500,Sevilla,Alcalá de Guadaíra
KIA,Optima,Eléctrico,139713.0,205.0,automatic,24035,Estepona,29680,Málaga,Estepona
KIA,Optima,Diésel,174479.0,141.0,manual,16330,Alameda del Obispo,14005,Córdoba,Alameda del Obispo
KIA,Optima,Eléctrico,139713.0,205.0,automatic,24035,Alameda del Obispo,14005,Córdoba,Alameda del Obispo
KIA,Ceed,Diésel,145236.0,136.0,manual,13570,Torremolinos,29620,Málaga,Torremolinos
KIA,Ceed,Diésel,145236.0,136.0,manual,13570,Torremolinos,29620,Málaga,Torremolinos
KIA,Ceed,Diésel,145236.0,136.0,manual,13570,Torremolinos,29620,Málaga,Torremolinos
KIA,Ceed,Diésel,41324.0,136.0,manual,16990,Almería,4006,Almería,Almería
KIA,Ceed,Diésel,145236.0,136.0,manual,13570,Olèrdola,8734,Barcelona,Olèrdola
KIA,Ceed,Diésel,145236.0,136.0,manual,13570,Olèrdola,8734,Barcelona,Olèrdola
KIA,Ceed,Diésel,145236.0,136.0,manual,13570,Mercado Parque Corredor del Henares,28850,Madrid,Mercado Parque Corredor del Henares
KIA,Ceed,Gasolina,75000.0,120.0,manual,14990,Almería,4006,Almería,Almería
KIA,Ceed,Gasolina,75000.0,120.0,manual,14990,Ullastrell,8231,Barcelona,Ullastrell
KIA,Ceed,Diésel,41324.0,136.0,manual,16990,Alicante,3010,Alicante,Alicante
KIA,Ceed,Diésel,41324.0,136.0,manual,16990,Alicante,3010,Murcia,Alicante
KIA,Ceed,Diésel,41324.0,136.0,manual,16990,Vigo,36211,Pontevedra,Vigo
KIA,Ceed,Diésel,41324.0,136.0,manual,16990,Granada,18005,Granada,Granada
KIA,Ceed,Gasolina,97429.0,100.0,manual,9399,Barcelona,8007,Barcelona,Barcelona
KIA,Ceed,Gasolina,97429.0,100.0,manual,9399,Madrid,28014,Madrid,Madrid
KIA,Ceed,Gasolina,75000.0,120.0,manual,14990,Alicante,3010,Alicante,Alicante
KIA,Ceed,Gasolina,75000.0,120.0,manual,14990,Alicante,3010,Murcia,Alicante
KIA,Ceed,Gasolina,75000.0,120.0,manual,14990,Vigo,36211,Pontevedra,Vigo
KIA,Ceed,Gasolina,75000.0,120.0,manual,14990,Granada,18005,Granada,Granada
KIA,Ceed,Gasolina,75000.0,120.0,manual,14990,Girona,17007,Girona,Girona
KIA,Ceed,Diésel,41324.0,136.0,manual,16990,Murcia,30005,Murcia,Murcia
KIA,Ceed,Diésel,41324.0,136.0,manual,16990,Bilbao,48004,Bizkaia,Bilbao
KIA,Ceed,Diésel,41324.0,136.0,manual,16990,Sevilla,41005,Sevilla,Sevilla
KIA,Ceed,Diésel,41324.0,136.0,manual,16990,Valencia,46001,Valencia,Valencia
KIA,Ceed,Gasolina,40374.0,100.0,manual,13990,Málaga,29005,Málaga,Málaga
KIA,Ceed,Diésel,102500.0,136.0,manual,12990,Málaga,29005,Málaga,Málaga
KIA,Ceed,Gasolina,75000.0,120.0,manual,14990,Murcia,30005,Murcia,Murcia
KIA,Ceed,Diésel,41324.0,136.0,manual,16990,Palma de Mallorca,7003,Baleares,Palma de Mallorca
KIA,Ceed,Diésel,41324.0,136.0,manual,16990,Málaga,29005,Málaga,Málaga
KIA,Ceed,Gasolina,75000.0,120.0,manual,14990,Bilbao,48004,Bizkaia,Bilbao
KIA,Ceed,Gasolina,75000.0,120.0,manual,14990,Palma de Mallorca,7003,Baleares,Palma de Mallorca
KIA,Ceed,Gasolina,75000.0,120.0,manual,14990,Òrrius,8317,Barcelona,Òrrius
Nissan,X-Trail,Gasolina,102700.0,160.0,automatic,22490,Valladolid,47006,Valladolid,Valladolid
Nissan,X-Trail,Gasolina,102700.0,160.0,automatic,21990,Valladolid,47006,Valladolid,Valladolid
Nissan,X-Trail,Diésel,124750.0,130.0,manual,18490,Móstoles,28932,Madrid,Móstoles
Nissan,X-Trail,Diésel,97000.0,130.0,manual,518,Valencia,46005,Valencia,Valencia
Nissan,X-Trail,Diésel,97000.0,130.0,manual,502,Valencia,46005,Valencia,Valencia
Nissan,X-Trail,Diésel,79000.0,130.0,manual,543,Barcelona,8009,Barcelona,Barcelona
Nissan,X-Trail,Diésel,97000.0,130.0,manual,523,Valencia,46005,Valencia,Valencia
Nissan,X-Trail,Diésel,293823.0,136.0,manual,4900,Baza,18800,Granada,Baza
Nissan,X-Trail,Diésel,110878.0,130.0,manual,18350,Puerto de Sagunto,46520,Valencia,Puerto de Sagunto
Nissan,X-Trail,Diésel,90467.0,130.0,automatic,20500,Puerto de Sagunto,46520,Valencia,Puerto de Sagunto
Nissan,X-Trail,Diésel,110878.0,130.0,manual,18350,Alcobendas,28100,Madrid,Alcobendas
Nissan,X-Trail,Diésel,90467.0,130.0,automatic,20500,Alcobendas,28100,Madrid,Alcobendas
Nissan,X-Trail,Diésel,110878.0,130.0,manual,18350,Torremolinos,29620,Málaga,Torremolinos
Nissan,X-Trail,Diésel,110878.0,130.0,manual,18350,Torremolinos,29620,Málaga,Torremolinos
Nissan,X-Trail,Diésel,110878.0,130.0,manual,18350,Torremolinos,29620,Málaga,Torremolinos
Nissan,X-Trail,Diésel,90467.0,130.0,automatic,20500,Torremolinos,29620,Málaga,Torremolinos
Nissan,X-Trail,Diésel,90467.0,130.0,automatic,20500,Torremolinos,29620,Málaga,Torremolinos
Nissan,X-Trail,Diésel,90467.0,130.0,automatic,20500,Torremolinos,29620,Málaga,Torremolinos
Nissan,X-Trail,Diésel,110878.0,130.0,manual,18350,Ciudad Real,13003,Ciudad Real,Ciudad Real
Nissan,X-Trail,Diésel,110878.0,130.0,manual,18350,Barcelona,8007,Barcelona,Barcelona
Nissan,X-Trail,Diésel,90467.0,130.0,automatic,20500,Ciudad Real,13003,Ciudad Real,Ciudad Real
Nissan,X-Trail,Diésel,90467.0,130.0,automatic,20500,Barcelona,8007,Barcelona,Barcelona
Nissan,X-Trail,Diésel,110878.0,130.0,manual,18350,Getafe,28906,Madrid,Getafe
Nissan,X-Trail,Diésel,90467.0,130.0,automatic,20500,Getafe,28906,Madrid,Getafe
Nissan,X-Trail,Diésel,110878.0,130.0,manual,18350,Santiago de Compostela,15703,A Coruña,Santiago de Compostela
Nissan,X-Trail,Diésel,110878.0,130.0,manual,18350,Albacete,2001,Albacete,Albacete
Nissan,X-Trail,Diésel,90467.0,130.0,automatic,20500,Santiago de Compostela,15703,A Coruña,Santiago de Compostela
Nissan,X-Trail,Diésel,90467.0,130.0,automatic,20500,Saladar,3700,Alicante,Saladar
Nissan,X-Trail,Gasolina,106500.0,160.0,automatic,22490,Santander,39010,Cantabria,Santander
Nissan,X-Trail,Diésel,110878.0,130.0,manual,18350,Santafe,18320,Granada,Santafe
Nissan,X-Trail,Diésel,90467.0,130.0,automatic,20500,Santafe,18320,Granada,Santafe
Nissan,X-Trail,Gasolina,31966.0,160.0,automatic,22990,Almería,4006,Almería,Almería
Nissan,X-Trail,Diésel,110878.0,130.0,manual,18350,Murcia,30003,Murcia,Murcia
Nissan,X-Trail,Diésel,142516.0,130.0,automatic,18990,Almería,4006,Almería,Almería
KIA,Carens,Diésel,167299.0,136.0,manual,9490,León,24003,León,León
KIA,Carens,Diésel,167299.0,136.0,manual,9490,León,24003,León,León
Nissan,X-Trail,Diésel,90467.0,130.0,automatic,20500,Murcia,30003,Murcia,Murcia
Nissan,X-Trail,Diésel,110878.0,130.0,manual,18350,Castello/Castellon de La Plana,12100,Castellón,Castello/Castellon de La Plana
Nissan,X-Trail,Gasolina,106500.0,160.0,automatic,22490,Almería,4006,Almería,Almería
Nissan,X-Trail,Diésel,72396.0,130.0,manual,17490,Almería,4006,Almería,Almería
Nissan,X-Trail,Diésel,110878.0,130.0,manual,18350,Olèrdola,8734,Barcelona,Olèrdola
Nissan,X-Trail,Diésel,110878.0,130.0,manual,18350,Olèrdola,8734,Barcelona,Olèrdola
Nissan,X-Trail,Diésel,90467.0,130.0,automatic,20500,Castello/Castellon de La Plana,12100,Castellón,Castello/Castellon de La Plana
Nissan,X-Trail,Diésel,90467.0,130.0,automatic,20500,Olèrdola,8734,Barcelona,Olèrdola
Nissan,X-Trail,Diésel,90467.0,130.0,automatic,20500,Olèrdola,8734,Barcelona,Olèrdola
Nissan,X-Trail,Diésel,110878.0,130.0,manual,18350,Mercado Parque Corredor del Henares,28850,Madrid,Mercado Parque Corredor del Henares
Nissan,X-Trail,Diésel,90467.0,130.0,automatic,20500,Mercado Parque Corredor del Henares,28850,Madrid,Mercado Parque Corredor del Henares
Nissan,X-Trail,Diésel,110878.0,130.0,manual,18350,Granollers,8403,Barcelona,Granollers
Nissan,X-Trail,Diésel,142516.0,130.0,automatic,18990,Toledo,45002,Toledo,Toledo
Nissan,X-Trail,Diésel,90467.0,130.0,automatic,20500,Granollers,8403,Barcelona,Granollers
Nissan,X-Trail,Diésel,110878.0,130.0,manual,18350,Valdepeñas,13300,Ciudad Real,Valdepeñas
Nissan,X-Trail,Diésel,110878.0,130.0,manual,18350,Valdepeñas,13300,Ciudad Real,Valdepeñas
Nissan,X-Trail,Diésel,110878.0,130.0,manual,18350,Las Rozas de Madrid,28232,Madrid,Las Rozas de Madrid
Nissan,X-Trail,Diésel,110878.0,130.0,manual,18350,Alzira,46600,Valencia,Alzira
Nissan,X-Trail,Diésel,110878.0,130.0,manual,18350,Alzira,46600,Valencia,Alzira
Nissan,X-Trail,Diésel,110878.0,130.0,manual,18350,Mercabilbao,48970,Bizkaia,Mercabilbao
Nissan,X-Trail,Diésel,110878.0,130.0,manual,18350,Alicante,3007,Alicante,Alicante
Nissan,X-Trail,Diésel,90467.0,130.0,automatic,20500,Alicante,3007,Alicante,Alicante
Nissan,X-Trail,Diésel,90467.0,130.0,automatic,20500,Las Rozas de Madrid,28232,Madrid,Las Rozas de Madrid
Nissan,X-Trail,Diésel,90467.0,130.0,automatic,20500,Valdepeñas,13300,Ciudad Real,Valdepeñas
Nissan,X-Trail,Diésel,90467.0,130.0,automatic,20500,Valdepeñas,13300,Ciudad Real,Valdepeñas
Nissan,X-Trail,Diésel,90467.0,130.0,automatic,20500,Alzira,46600,Valencia,Alzira
Nissan,X-Trail,Diésel,90467.0,130.0,automatic,20500,Alzira,46600,Valencia,Alzira
Nissan,X-Trail,Diésel,90467.0,130.0,automatic,20500,Mercabilbao,48970,Bizkaia,Mercabilbao
Nissan,X-Trail,Gasolina,106500.0,160.0,automatic,22490,Oviedo,33003,Asturias,Oviedo
Nissan,X-Trail,Diésel,72396.0,130.0,manual,17490,Oviedo,33003,Asturias,Oviedo
Nissan,X-Trail,Gasolina,31966.0,160.0,automatic,22990,Alicante,3010,Alicante,Alicante
Nissan,X-Trail,Gasolina,31966.0,160.0,automatic,22990,Alicante,3010,Murcia,Alicante
Nissan,X-Trail,Diésel,110878.0,130.0,manual,18350,Alcalá de Guadaíra,41500,Sevilla,Alcalá de Guadaíra
Nissan,X-Trail,Diésel,110878.0,130.0,manual,18350,Paterna,46980,Valencia,Paterna
Nissan,X-Trail,Diésel,110878.0,130.0,manual,18350,Atarrabia,31610,Navarra,Atarrabia
Nissan,X-Trail,Diésel,110878.0,130.0,manual,18350,Estepona,29680,Málaga,Estepona
Nissan,X-Trail,Diésel,110878.0,130.0,manual,18350,Colonia Pablo Iglesias,28520,Madrid,Colonia Pablo Iglesias
Nissan,X-Trail,Diésel,110878.0,130.0,manual,18350,Zaragoza,50013,Zaragoza,Zaragoza
Nissan,X-Trail,Diésel,142516.0,130.0,automatic,18990,Alicante,3010,Alicante,Alicante
Nissan,X-Trail,Diésel,142516.0,130.0,automatic,18990,Alicante,3010,Murcia,Alicante
Nissan,X-Trail,Diésel,90467.0,130.0,automatic,20500,Colonia Pablo Iglesias,28520,Madrid,Colonia Pablo Iglesias
Nissan,X-Trail,Diésel,90467.0,130.0,automatic,20500,Zaragoza,50013,Zaragoza,Zaragoza
Nissan,X-Trail,Diésel,90467.0,130.0,automatic,20500,Paterna,46980,Valencia,Paterna
Nissan,X-Trail,Diésel,90467.0,130.0,automatic,20500,Atarrabia,31610,Navarra,Atarrabia
Nissan,X-Trail,Diésel,90467.0,130.0,automatic,20500,Alcalá de Guadaíra,41500,Sevilla,Alcalá de Guadaíra
Nissan,X-Trail,Diésel,90467.0,130.0,automatic,20500,Estepona,29680,Málaga,Estepona
Nissan,X-Trail,Gasolina,31966.0,160.0,automatic,22990,Vigo,36211,Pontevedra,Vigo
Nissan,X-Trail,Gasolina,31966.0,160.0,automatic,22990,Granada,18005,Granada,Granada
Nissan,X-Trail,Diésel,142516.0,130.0,automatic,18990,Vigo,36211,Pontevedra,Vigo
Nissan,X-Trail,Diésel,142516.0,130.0,automatic,18990,Granada,18005,Granada,Granada
Nissan,X-Trail,Gasolina,106500.0,160.0,automatic,22490,Alicante,3010,Alicante,Alicante
Nissan,X-Trail,Gasolina,106500.0,160.0,automatic,22490,Alicante,3010,Murcia,Alicante
Nissan,X-Trail,Diésel,72396.0,130.0,manual,17490,Alicante,3010,Alicante,Alicante
Nissan,X-Trail,Diésel,72396.0,130.0,manual,17490,Alicante,3010,Murcia,Alicante
Nissan,X-Trail,Diésel,110878.0,130.0,manual,18350,Alameda del Obispo,14005,Córdoba,Alameda del Obispo
Nissan,X-Trail,Diésel,142516.0,130.0,automatic,18990,Fuenlabrada,28947,Madrid,Fuenlabrada
Nissan,X-Trail,Gasolina,106500.0,160.0,automatic,22490,Vigo,36211,Pontevedra,Vigo
Nissan,X-Trail,Diésel,72396.0,130.0,manual,17490,Vigo,36211,Pontevedra,Vigo
Nissan,X-Trail,Diésel,90467.0,130.0,automatic,20500,Alameda del Obispo,14005,Córdoba,Alameda del Obispo
Nissan,X-Trail,Gasolina,106500.0,160.0,automatic,22490,Granada,18005,Granada,Granada
Nissan,X-Trail,Diésel,24203.0,150.0,manual,33900,Sant Boi de Llobregat,8830,Barcelona,Sant Boi de Llobregat
Nissan,X-Trail,Diésel,72396.0,130.0,manual,17490,Granada,18005,Granada,Granada
Nissan,X-Trail,Diésel,142516.0,130.0,automatic,18990,Colonia Pablo Iglesias,28520,Madrid,Colonia Pablo Iglesias
Nissan,X-Trail,Gasolina,31966.0,160.0,automatic,22990,Murcia,30005,Murcia,Murcia
Nissan,X-Trail,Gasolina,31966.0,160.0,automatic,22990,Cáceres,10001,Cáceres,Cáceres
Nissan,X-Trail,Diésel,142516.0,130.0,automatic,18990,Murcia,30005,Murcia,Murcia
Nissan,X-Trail,Gasolina,31966.0,160.0,automatic,22990,Bilbao,48004,Bizkaia,Bilbao
Nissan,X-Trail,Diésel,142516.0,130.0,automatic,18990,Bilbao,48004,Bizkaia,Bilbao
Nissan,X-Trail,Gasolina,31966.0,160.0,automatic,22990,Sevilla,41005,Sevilla,Sevilla
Nissan,X-Trail,Gasolina,31966.0,160.0,automatic,22990,Valencia,46001,Valencia,Valencia
Nissan,X-Trail,Diésel,84982.0,130.0,manual,21400,Málaga,29005,Málaga,Málaga
Nissan,X-Trail,Diésel,72396.0,130.0,manual,17490,Murcia,30005,Murcia,Murcia
Nissan,X-Trail,Gasolina,106500.0,160.0,automatic,22490,Murcia,30005,Murcia,Murcia
Nissan,X-Trail,Gasolina,106500.0,160.0,automatic,22490,Salamanca,37008,Salamanca,Salamanca
Nissan,X-Trail,Gasolina,106500.0,160.0,automatic,22490,Salamanca,37008,Salamanca,Salamanca
Nissan,X-Trail,Diésel,72396.0,130.0,manual,17490,Salamanca,37008,Salamanca,Salamanca
Nissan,X-Trail,Diésel,72396.0,130.0,manual,17490,Salamanca,37008,Salamanca,Salamanca
Nissan,X-Trail,Gasolina,31966.0,160.0,automatic,22990,Badajoz,6003,Badajoz,Badajoz
Nissan,X-Trail,Gasolina,106500.0,160.0,automatic,22490,Bilbao,48004,Bizkaia,Bilbao
Nissan,X-Trail,Diésel,72396.0,130.0,manual,17490,Bilbao,48004,Bizkaia,Bilbao
Nissan,X-Trail,Gasolina,31966.0,160.0,automatic,22990,Málaga,29005,Málaga,Málaga
Nissan,X-Trail,Diésel,72396.0,130.0,manual,17490,Burgos,9004,Burgos,Burgos
Nissan,X-Trail,Diésel,72396.0,130.0,manual,17490,Burgos,9004,Burgos,Burgos
Nissan,X-Trail,Gasolina,106500.0,160.0,automatic,22490,Burgos,9004,Burgos,Burgos
Nissan,X-Trail,Gasolina,106500.0,160.0,automatic,22490,Burgos,9004,Burgos,Burgos
Nissan,X-Trail,Diésel,142516.0,130.0,automatic,18990,Las Rozas de Madrid,28232,Madrid,Las Rozas de Madrid
Nissan,X-Trail,Diésel,142516.0,130.0,automatic,18990,Camarma de Esteruelas,28816,Madrid,Camarma de Esteruelas
Nissan,X-Trail,Diésel,142516.0,130.0,automatic,18990,Camarma de Esteruelas,28816,Madrid,Camarma de Esteruelas
Nissan,X-Trail,Diésel,142516.0,130.0,automatic,18990,Collado Villalba,28400,Madrid,Collado Villalba
Nissan,X-Trail,Diésel,142516.0,130.0,automatic,18990,Collado Villalba,28400,Madrid,Collado Villalba
Nissan,X-Trail,Gasolina,31966.0,160.0,automatic,22990,Córdoba,14003,Córdoba,Córdoba
Nissan,X-Trail,Gasolina,106500.0,160.0,automatic,22490,Armentia,1007,Álava,Armentia
Nissan,X-Trail,Gasolina,106500.0,160.0,automatic,22490,Valladolid,47006,Valladolid,Valladolid
Nissan,X-Trail,Diésel,72396.0,130.0,manual,17490,Valladolid,47006,Valladolid,Valladolid
Nissan,X-Trail,Gasolina,31966.0,160.0,automatic,22990,Huelva,21004,Huelva,Huelva
Nissan,X-Trail,Gasolina,31966.0,160.0,automatic,22990,Sevilla,41017,Sevilla,Sevilla
Renault,Captur,Gasolina,85000.0,89.0,manual,330,Sevilla,41018,Sevilla,Sevilla
Renault,Captur,Gasolina,72000.0,89.0,manual,387,Sevilla,41018,Sevilla,Sevilla
Renault,Captur,Gasolina,70000.0,89.0,manual,223,Barcelona,8007,Barcelona,Barcelona
Renault,Captur,Gasolina,79000.0,89.0,manual,383,Barcelona,8007,Barcelona,Barcelona
Renault,Captur,Gasolina,91000.0,89.0,manual,312,Barcelona,8007,Barcelona,Barcelona
Renault,Captur,Gasolina,84000.0,89.0,manual,217,Barcelona,8007,Barcelona,Barcelona
Renault,Captur,Gasolina,81000.0,89.0,manual,326,Barcelona,8007,Barcelona,Barcelona
Renault,Captur,Diésel,76000.0,89.0,manual,209,Barcelona,8007,Barcelona,Barcelona
Renault,Captur,Gasolina,81000.0,130.0,manual,437,Madrid,28009,Madrid,Madrid
Renault,Captur,Gasolina,89000.0,89.0,manual,217,Madrid,28009,Madrid,Madrid
Renault,Captur,Gasolina,72000.0,89.0,manual,223,Gandía,46701,Valencia,Gandía
Renault,Captur,Gasolina,87000.0,89.0,manual,217,Gandía,46701,Valencia,Gandía
Renault,Captur,Gasolina,81000.0,130.0,manual,441,Madrid,28006,Madrid,Madrid
Renault,Captur,Gasolina,93000.0,89.0,manual,209,Gandía,46701,Valencia,Gandía
Renault,Captur,Gasolina,81000.0,89.0,manual,330,Barcelona,8009,Barcelona,Barcelona
Renault,Captur,Gasolina,91000.0,89.0,manual,317,Madrid,28006,Madrid,Madrid
Renault,Captur,Gasolina,84000.0,89.0,manual,330,Valencia,46005,Valencia,Valencia
Renault,Captur,Gasolina,90000.0,89.0,manual,320,Madrid,28006,Madrid,Madrid
Renault,Captur,Gasolina,70000.0,89.0,manual,387,Valencia,46005,Valencia,Valencia
Renault,Captur,Gasolina,82000.0,89.0,manual,330,Madrid,28006,Madrid,Madrid
Renault,Captur,Gasolina,82000.0,89.0,manual,330,Valencia,46005,Valencia,Valencia
Renault,Captur,Gasolina,79000.0,89.0,manual,387,Barcelona,8009,Barcelona,Barcelona
Renault,Captur,Gasolina,85000.0,89.0,manual,330,Barcelona,8009,Barcelona,Barcelona
Renault,Captur,Gasolina,95000.0,89.0,manual,320,Barcelona,8009,Barcelona,Barcelona
Renault,Captur,Diésel,95561.0,90.0,manual,13450,Puerto de Sagunto,46520,Valencia,Puerto de Sagunto
Renault,Captur,Otros,9582.0,100.0,manual,22195,Puerto de Sagunto,46520,Valencia,Puerto de Sagunto
Renault,Captur,Gasolina,16574.0,90.0,manual,16690,Madrid,28021,Madrid,Madrid
Renault,Captur,Gasolina,80814.0,90.0,manual,14590,Madrid,28021,Madrid,Madrid
Renault,Captur,Gasolina,73489.0,90.0,manual,14490,Madrid,28021,Madrid,Madrid
Renault,Captur,Otros,9582.0,100.0,manual,22195,Alcobendas,28100,Madrid,Alcobendas
Renault,Captur,Diésel,95561.0,90.0,manual,13450,Torremolinos,29620,Málaga,Torremolinos
Renault,Captur,Diésel,95561.0,90.0,manual,13450,Torremolinos,29620,Málaga,Torremolinos
Renault,Captur,Diésel,95561.0,90.0,manual,13450,Torremolinos,29620,Málaga,Torremolinos
Renault,Captur,Otros,9582.0,100.0,manual,22195,Torremolinos,29620,Málaga,Torremolinos
Renault,Captur,Otros,9582.0,100.0,manual,22195,Torremolinos,29620,Málaga,Torremolinos
Renault,Captur,Otros,9582.0,100.0,manual,22195,Torremolinos,29620,Málaga,Torremolinos
Renault,Captur,Diésel,95561.0,90.0,manual,13450,Ciudad Real,13003,Ciudad Real,Ciudad Real
Renault,Captur,Diésel,95561.0,90.0,manual,13450,Barcelona,8007,Barcelona,Barcelona
Renault,Captur,Otros,9582.0,100.0,manual,22195,Ciudad Real,13003,Ciudad Real,Ciudad Real
Renault,Captur,Otros,9582.0,100.0,manual,22195,Barcelona,8007,Barcelona,Barcelona
Renault,Captur,Diésel,95561.0,90.0,manual,13450,Getafe,28906,Madrid,Getafe
Renault,Captur,Diésel,95561.0,90.0,manual,13450,Santiago de Compostela,15703,A Coruña,Santiago de Compostela
Renault,Captur,Diésel,95561.0,90.0,manual,13450,Albacete,2001,Albacete,Albacete
Renault,Captur,Otros,9582.0,100.0,manual,22195,Getafe,28906,Madrid,Getafe
Renault,Captur,Otros,9582.0,100.0,manual,22195,Santiago de Compostela,15703,A Coruña,Santiago de Compostela
Renault,Captur,Otros,9582.0,100.0,manual,22195,Albacete,2001,Albacete,Albacete
Renault,Captur,Otros,9582.0,100.0,manual,22195,Vigo,36214,Pontevedra,Vigo
Renault,Captur,Diésel,95561.0,90.0,manual,13450,Badajoz,6008,Badajoz,Badajoz
Renault,Captur,Otros,9582.0,100.0,manual,22195,Hidraulica Santillana,28770,Madrid,Hidraulica Santillana
Renault,Captur,Otros,9582.0,100.0,manual,22195,Badajoz,6008,Badajoz,Badajoz
Renault,Captur,Diésel,95561.0,90.0,manual,13450,Saladar,3700,Alicante,Saladar
Renault,Captur,Otros,9582.0,100.0,manual,22195,Saladar,3700,Alicante,Saladar
Renault,Captur,Diésel,95561.0,90.0,manual,13450,Santafe,18320,Granada,Santafe
Renault,Captur,Diésel,95561.0,90.0,manual,13450,Murcia,30003,Murcia,Murcia
Renault,Captur,Otros,9582.0,100.0,manual,22195,Santafe,18320,Granada,Santafe
Renault,Captur,Diésel,95561.0,90.0,manual,13450,Olèrdola,8734,Barcelona,Olèrdola
Renault,Captur,Diésel,95561.0,90.0,manual,13450,Olèrdola,8734,Barcelona,Olèrdola
Renault,Captur,Diésel,95561.0,90.0,manual,13450,Castello/Castellon de La Plana,12100,Castellón,Castello/Castellon de La Plana
Renault,Captur,Otros,9582.0,100.0,manual,22195,Murcia,30003,Murcia,Murcia
Renault,Captur,Diésel,95561.0,90.0,manual,13450,Mercado Parque Corredor del Henares,28850,Madrid,Mercado Parque Corredor del Henares
Renault,Captur,Otros,9582.0,100.0,manual,22195,Castello/Castellon de La Plana,12100,Castellón,Castello/Castellon de La Plana
Renault,Captur,Otros,9582.0,100.0,manual,22195,Olèrdola,8734,Barcelona,Olèrdola
Renault,Captur,Otros,9582.0,100.0,manual,22195,Olèrdola,8734,Barcelona,Olèrdola
Renault,Captur,Diésel,95561.0,90.0,manual,13450,Granollers,8403,Barcelona,Granollers
Renault,Captur,Diésel,95561.0,90.0,manual,13450,Alzira,46600,Valencia,Alzira
Renault,Captur,Diésel,95561.0,90.0,manual,13450,Alzira,46600,Valencia,Alzira
Renault,Captur,Diésel,95561.0,90.0,manual,13450,Alicante,3007,Alicante,Alicante
Renault,Captur,Diésel,95561.0,90.0,manual,13450,Valdepeñas,13300,Ciudad Real,Valdepeñas
Renault,Captur,Diésel,95561.0,90.0,manual,13450,Valdepeñas,13300,Ciudad Real,Valdepeñas
Renault,Captur,Diésel,95561.0,90.0,manual,13450,Mercabilbao,48970,Bizkaia,Mercabilbao
Renault,Captur,Otros,9582.0,100.0,manual,22195,Granollers,8403,Barcelona,Granollers
Renault,Captur,Otros,9582.0,100.0,manual,22195,Valdepeñas,13300,Ciudad Real,Valdepeñas
Renault,Captur,Otros,9582.0,100.0,manual,22195,Valdepeñas,13300,Ciudad Real,Valdepeñas
Renault,Captur,Otros,9582.0,100.0,manual,22195,Mercabilbao,48970,Bizkaia,Mercabilbao
Renault,Captur,Otros,9582.0,100.0,manual,22195,Las Rozas de Madrid,28232,Madrid,Las Rozas de Madrid
Renault,Captur,Otros,9582.0,100.0,manual,22195,Alzira,46600,Valencia,Alzira
Renault,Captur,Otros,9582.0,100.0,manual,22195,Alzira,46600,Valencia,Alzira
Renault,Captur,Otros,9582.0,100.0,manual,22195,Alicante,3007,Alicante,Alicante
Renault,Captur,Diésel,95561.0,90.0,manual,13450,Colonia Pablo Iglesias,28520,Madrid,Colonia Pablo Iglesias
Renault,Captur,Diésel,95561.0,90.0,manual,13450,Zaragoza,50013,Zaragoza,Zaragoza
Renault,Captur,Otros,9582.0,100.0,manual,22195,Colonia Pablo Iglesias,28520,Madrid,Colonia Pablo Iglesias
Renault,Captur,Otros,9582.0,100.0,manual,22195,Zaragoza,50013,Zaragoza,Zaragoza
Renault,Captur,Otros,9582.0,100.0,manual,22195,Paterna,46980,Valencia,Paterna
Renault,Captur,Otros,9582.0,100.0,manual,22195,Atarrabia,31610,Navarra,Atarrabia
Renault,Captur,Otros,9582.0,100.0,manual,22195,Alcalá de Guadaíra,41500,Sevilla,Alcalá de Guadaíra
Renault,Captur,Otros,9582.0,100.0,manual,22195,Estepona,29680,Málaga,Estepona
Renault,Captur,Diésel,95561.0,90.0,manual,13450,Alameda del Obispo,14005,Córdoba,Alameda del Obispo
Renault,Captur,Gasolina,9821.0,130.0,manual,22900,Sant Boi de Llobregat,8830,Barcelona,Sant Boi de Llobregat
Renault,Captur,Otros,9582.0,100.0,manual,22195,Alameda del Obispo,14005,Córdoba,Alameda del Obispo
SEAT,Toledo,Gasolina,147154.0,102.0,manual,1590,Madrid,28026,Madrid,Madrid
SEAT,Toledo,Diésel,77000.0,105.0,manual,6000,Poligono Industrial Madanela,15800,A Coruña,Poligono Industrial Madanela
Renault,Laguna,Diésel,245000.0,130.0,manual,3500,Alcobendas,28100,Madrid,Alcobendas
Skoda,Karoq,Gasolina,12104.0,150.0,automatic,25185,Alicante,3007,Alicante,Alicante
Skoda,Karoq,Gasolina,12104.0,150.0,automatic,25185,Alzira,46600,Valencia,Alzira
Skoda,Karoq,Gasolina,12104.0,150.0,automatic,25185,Alzira,46600,Valencia,Alzira
Skoda,Karoq,Gasolina,12104.0,150.0,automatic,25185,Las Rozas de Madrid,28232,Madrid,Las Rozas de Madrid
Skoda,Karoq,Gasolina,12104.0,150.0,automatic,25185,Valdepeñas,13300,Ciudad Real,Valdepeñas
Skoda,Karoq,Gasolina,12104.0,150.0,automatic,25185,Valdepeñas,13300,Ciudad Real,Valdepeñas
Skoda,Karoq,Gasolina,12104.0,150.0,automatic,25185,Mercabilbao,48970,Bizkaia,Mercabilbao
Skoda,Karoq,Gasolina,12104.0,150.0,automatic,25185,Colonia Pablo Iglesias,28520,Madrid,Colonia Pablo Iglesias
Skoda,Karoq,Gasolina,12104.0,150.0,automatic,25185,Zaragoza,50013,Zaragoza,Zaragoza
Skoda,Karoq,Gasolina,12104.0,150.0,automatic,25185,Paterna,46980,Valencia,Paterna
Skoda,Karoq,Gasolina,12104.0,150.0,automatic,25185,Alcalá de Guadaíra,41500,Sevilla,Alcalá de Guadaíra
Skoda,Karoq,Gasolina,12104.0,150.0,automatic,25185,Estepona,29680,Málaga,Estepona
Skoda,Karoq,Gasolina,12104.0,150.0,automatic,25185,Atarrabia,31610,Navarra,Atarrabia
Skoda,Karoq,Gasolina,14334.0,150.0,automatic,28990,Sant Boi de Llobregat,8830,Barcelona,Sant Boi de Llobregat
Skoda,Karoq,Gasolina,12104.0,150.0,automatic,25185,Alameda del Obispo,14005,Córdoba,Alameda del Obispo
Skoda,Karoq,Gasolina,56176.0,150.0,manual,20990,Valladolid,47010,Valladolid,Valladolid
Jeep,Grand Cherokee,Diésel,177688.0,241.0,automatic,16990,Bilbao,48004,Bizkaia,Bilbao
Jeep,Grand Cherokee,Diésel,177688.0,241.0,automatic,16990,Camarma de Esteruelas,28816,Madrid,Camarma de Esteruelas
Jeep,Grand Cherokee,Diésel,177688.0,241.0,automatic,16990,Camarma de Esteruelas,28816,Madrid,Camarma de Esteruelas
Jeep,Grand Cherokee,Diésel,177688.0,241.0,automatic,16990,Las Rozas de Madrid,28232,Madrid,Las Rozas de Madrid
Jeep,Grand Cherokee,Diésel,177688.0,241.0,automatic,16990,Collado Villalba,28400,Madrid,Collado Villalba
Jeep,Grand Cherokee,Diésel,177688.0,241.0,automatic,16990,Collado Villalba,28400,Madrid,Collado Villalba
Jeep,Grand Cherokee,Gasolina,133100.0,258.0,automatic,7995,Sax,3630,Alicante,Sax
Opel,Zafira Tourer,Diésel,48380.0,136.0,manual,14900,Mercado Parque Corredor del Henares,28850,Madrid,Mercado Parque Corredor del Henares
Opel,Zafira Tourer,Gasolina,107500.0,140.0,manual,11490,Alicante,3010,Alicante,Alicante
Opel,Zafira Tourer,Gasolina,107500.0,140.0,manual,11490,Alicante,3010,Murcia,Alicante
Opel,Zafira Tourer,Gasolina,107500.0,140.0,manual,11490,Vigo,36211,Pontevedra,Vigo
Opel,Zafira Tourer,Gasolina,107500.0,140.0,manual,11490,Granada,18005,Granada,Granada
Opel,Zafira Tourer,Gasolina,107500.0,140.0,manual,11490,Girona,17007,Girona,Girona
Opel,Zafira Tourer,Gasolina,107500.0,140.0,manual,11490,Murcia,30005,Murcia,Murcia
Opel,Zafira Tourer,Gasolina,107500.0,140.0,manual,11490,Bilbao,48004,Bizkaia,Bilbao
Opel,Zafira Tourer,Gasolina,107500.0,140.0,manual,11490,Sevilla,41005,Sevilla,Sevilla
Opel,Zafira Tourer,Gasolina,107500.0,140.0,manual,11490,Valencia,46001,Valencia,Valencia
Opel,Zafira Tourer,Gasolina,107500.0,140.0,manual,11490,Palma de Mallorca,7003,Baleares,Palma de Mallorca
Opel,Zafira Tourer,Gasolina,107500.0,140.0,manual,11490,Málaga,29005,Málaga,Málaga
Opel,Zafira Tourer,Gasolina,107500.0,140.0,manual,11490,Òrrius,8317,Barcelona,Òrrius
Opel,Zafira Tourer,Gasolina,107500.0,140.0,manual,11490,Tarragona,43006,Tarragona,Tarragona
Opel,Zafira Tourer,Gasolina,107500.0,140.0,manual,11490,Palau-Solita I Plegamans,8184,Barcelona,Palau-Solita I Plegamans
Opel,Zafira Tourer,Gasolina,107500.0,140.0,manual,11490,Palau-Solita I Plegamans,8184,Barcelona,Palau-Solita I Plegamans
Opel,Combo,Diésel,117000.0,105.0,manual,9980,Santa Coloma de Gramenet,8921,Barcelona,Santa Coloma de Gramenet
Opel,Combo,Diésel,191000.0,105.0,manual,8980,Santa Coloma de Gramenet,8921,Barcelona,Santa Coloma de Gramenet
Opel,Combo,Diésel,116000.0,95.0,manual,10980,Santa Coloma de Gramenet,8921,Barcelona,Santa Coloma de Gramenet
Opel,Combo,Diésel,76000.0,95.0,manual,9580,Santa Coloma de Gramenet,8921,Barcelona,Santa Coloma de Gramenet
Opel,Combo,Diésel,154000.0,95.0,manual,7980,Santa Coloma de Gramenet,8921,Barcelona,Santa Coloma de Gramenet
Opel,Combo,Diésel,86000.0,95.0,manual,8980,Santa Coloma de Gramenet,8921,Barcelona,Santa Coloma de Gramenet
Opel,Mokka X,Diésel,22969.0,136.0,automatic,19800,Murcia,30003,Murcia,Murcia
Opel,Mokka X,Diésel,22969.0,136.0,automatic,19800,Castello/Castellon de La Plana,12100,Castellón,Castello/Castellon de La Plana
Opel,Mokka X,Gasolina,88670.0,140.0,manual,13990,Almería,4006,Almería,Almería
Opel,Mokka X,Diésel,22969.0,136.0,automatic,19800,Olèrdola,8734,Barcelona,Olèrdola
Opel,Mokka X,Diésel,22969.0,136.0,automatic,19800,Olèrdola,8734,Barcelona,Olèrdola
Opel,Mokka X,Diésel,22969.0,136.0,automatic,19800,Mercado Parque Corredor del Henares,28850,Madrid,Mercado Parque Corredor del Henares
Opel,Mokka X,Diésel,22969.0,136.0,automatic,19800,Granollers,8403,Barcelona,Granollers
Opel,Mokka X,Gasolina,65570.0,140.0,manual,12490,Toledo,45002,Toledo,Toledo
Opel,Mokka X,Diésel,22969.0,136.0,automatic,19800,Mercabilbao,48970,Bizkaia,Mercabilbao
Opel,Mokka X,Diésel,22969.0,136.0,automatic,19800,Alicante,3007,Alicante,Alicante
Opel,Mokka X,Gasolina,88670.0,140.0,manual,13990,Ullastrell,8231,Barcelona,Ullastrell
Opel,Mokka X,Gasolina,112365.0,140.0,manual,13990,Barcelona,8007,Barcelona,Barcelona
Opel,Mokka X,Diésel,22969.0,136.0,automatic,19800,Alcalá de Guadaíra,41500,Sevilla,Alcalá de Guadaíra
Opel,Mokka X,Diésel,22969.0,136.0,automatic,19800,Paterna,46980,Valencia,Paterna
Opel,Mokka X,Diésel,22969.0,136.0,automatic,19800,Atarrabia,31610,Navarra,Atarrabia
Opel,Mokka X,Diésel,22969.0,136.0,automatic,19800,Estepona,29680,Málaga,Estepona
Opel,Mokka X,Diésel,22969.0,136.0,automatic,19800,Colonia Pablo Iglesias,28520,Madrid,Colonia Pablo Iglesias
Opel,Mokka X,Diésel,22969.0,136.0,automatic,19800,Zaragoza,50013,Zaragoza,Zaragoza
Opel,Mokka X,Gasolina,65570.0,140.0,manual,12490,Alicante,3010,Alicante,Alicante
Opel,Mokka X,Gasolina,65570.0,140.0,manual,12490,Alicante,3010,Murcia,Alicante
Opel,Mokka X,Gasolina,65570.0,140.0,manual,12490,Vigo,36211,Pontevedra,Vigo
Opel,Mokka X,Gasolina,65570.0,140.0,manual,12490,Granada,18005,Granada,Granada
Opel,Mokka X,Gasolina,88670.0,140.0,manual,13990,Alicante,3010,Alicante,Alicante
Opel,Mokka X,Gasolina,88670.0,140.0,manual,13990,Alicante,3010,Murcia,Alicante
Opel,Mokka X,Diésel,22969.0,136.0,automatic,19800,Alameda del Obispo,14005,Córdoba,Alameda del Obispo
Opel,Mokka X,Gasolina,65570.0,140.0,manual,12490,Fuenlabrada,28947,Madrid,Fuenlabrada
Opel,Mokka X,Gasolina,88670.0,140.0,manual,13990,Vigo,36211,Pontevedra,Vigo
Opel,Mokka X,Gasolina,88670.0,140.0,manual,13990,Granada,18005,Granada,Granada
Opel,Mokka X,Gasolina,65570.0,140.0,manual,12490,Málaga,29005,Málaga,Málaga
Opel,Mokka X,Gasolina,65570.0,140.0,manual,12490,Las Rozas de Madrid,28232,Madrid,Las Rozas de Madrid
Opel,Mokka X,Gasolina,65570.0,140.0,manual,12490,Camarma de Esteruelas,28816,Madrid,Camarma de Esteruelas
Opel,Mokka X,Gasolina,65570.0,140.0,manual,12490,Camarma de Esteruelas,28816,Madrid,Camarma de Esteruelas
Opel,Mokka X,Gasolina,65570.0,140.0,manual,12490,Collado Villalba,28400,Madrid,Collado Villalba
Opel,Mokka X,Gasolina,65570.0,140.0,manual,12490,Collado Villalba,28400,Madrid,Collado Villalba
Opel,Mokka X,Gasolina,88670.0,140.0,manual,13990,Òrrius,8317,Barcelona,Òrrius
Opel,Mokka X,Gasolina,65570.0,140.0,manual,12490,Villaviciosa de Odón,28670,Madrid,Villaviciosa de Odón
Opel,Mokka X,Gasolina,65570.0,140.0,manual,12490,Urbanizacion La Granjilla,28700,Madrid,Urbanizacion La Granjilla
Opel,Mokka X,Gasolina,112365.0,140.0,manual,13990,Madrid,28014,Madrid,Madrid
Opel,Mokka X,Gasolina,112365.0,140.0,manual,13990,Zaragoza,50018,Zaragoza,Zaragoza
Opel,Mokka X,Gasolina,75987.0,140.0,manual,14400,Málaga,29006,Málaga,Málaga
Opel,Zafira,Diésel,136594.0,120.0,manual,15490,Lebrija,41740,Sevilla,Lebrija
Opel,Zafira,Diésel,139000.0,136.0,manual,13500,Pontevedra,36161,Pontevedra,Pontevedra
Audi,Q5,Diésel,164135.0,170.0,automatic,17600,Saladar,3700,Alicante,Saladar
Audi,Q5,Diésel,164135.0,170.0,automatic,17600,Santafe,18320,Granada,Santafe
Audi,Q5,Diésel,91100.0,190.0,automatic,28990,Almería,4006,Almería,Almería
Audi,Q5,Diésel,164135.0,170.0,automatic,17600,Murcia,30003,Murcia,Murcia
Audi,Q5,Diésel,157263.0,163.0,automatic,28490,Almería,4006,Almería,Almería
Audi,Q5,Diésel,164135.0,170.0,automatic,17600,Castello/Castellon de La Plana,12100,Castellón,Castello/Castellon de La Plana
Audi,Q5,Diésel,97900.0,150.0,manual,24990,Almería,4006,Almería,Almería
Audi,Q5,Diésel,164135.0,170.0,automatic,17600,Olèrdola,8734,Barcelona,Olèrdola
Audi,Q5,Diésel,164135.0,170.0,automatic,17600,Olèrdola,8734,Barcelona,Olèrdola
Audi,Q5,Diésel,164135.0,170.0,automatic,17600,Mercado Parque Corredor del Henares,28850,Madrid,Mercado Parque Corredor del Henares
Audi,Q5,Diésel,164135.0,170.0,automatic,17600,Granollers,8403,Barcelona,Granollers
Audi,Q5,Diésel,164135.0,170.0,automatic,17600,Valdepeñas,13300,Ciudad Real,Valdepeñas
Audi,Q5,Diésel,164135.0,170.0,automatic,17600,Valdepeñas,13300,Ciudad Real,Valdepeñas
Audi,Q5,Diésel,97900.0,150.0,manual,24990,Toledo,45002,Toledo,Toledo
Audi,Q5,Diésel,164135.0,170.0,automatic,17600,Las Rozas de Madrid,28232,Madrid,Las Rozas de Madrid
Audi,Q5,Diésel,164135.0,170.0,automatic,17600,Alzira,46600,Valencia,Alzira
Audi,Q5,Diésel,164135.0,170.0,automatic,17600,Alzira,46600,Valencia,Alzira
Audi,Q5,Diésel,164135.0,170.0,automatic,17600,Mercabilbao,48970,Bizkaia,Mercabilbao
Audi,Q5,Diésel,164135.0,170.0,automatic,17600,Alicante,3007,Alicante,Alicante
Audi,Q5,Diésel,91100.0,190.0,automatic,28990,Alicante,3010,Alicante,Alicante
Audi,Q5,Diésel,91100.0,190.0,automatic,28990,Alicante,3010,Murcia,Alicante
Audi,Q5,Diésel,164135.0,170.0,automatic,17600,Alcalá de Guadaíra,41500,Sevilla,Alcalá de Guadaíra
Audi,Q5,Diésel,164135.0,170.0,automatic,17600,Atarrabia,31610,Navarra,Atarrabia
Audi,Q5,Diésel,164135.0,170.0,automatic,17600,Paterna,46980,Valencia,Paterna
Audi,Q5,Diésel,164135.0,170.0,automatic,17600,Estepona,29680,Málaga,Estepona
Audi,Q5,Diésel,164135.0,170.0,automatic,17600,Colonia Pablo Iglesias,28520,Madrid,Colonia Pablo Iglesias
Opel,Vivaro,Diésel,104872.0,125.0,manual,14890,Alicante,3010,Alicante,Alicante
Opel,Vivaro,Diésel,104872.0,125.0,manual,14890,Alicante,3010,Murcia,Alicante
Opel,Vivaro,Diésel,104872.0,125.0,manual,14890,Vigo,36211,Pontevedra,Vigo
Opel,Vivaro,Diésel,104872.0,125.0,manual,14890,Granada,18005,Granada,Granada
Opel,Vivaro,Diésel,104872.0,125.0,manual,14890,Girona,17007,Girona,Girona
Opel,Vivaro,Diésel,104872.0,125.0,manual,14890,Murcia,30005,Murcia,Murcia
Opel,Vivaro,Diésel,104872.0,125.0,manual,14890,Bilbao,48004,Bizkaia,Bilbao
Opel,Vivaro,Diésel,104872.0,125.0,manual,14890,Sevilla,41005,Sevilla,Sevilla
Opel,Vivaro,Diésel,104872.0,125.0,manual,14890,Valencia,46001,Valencia,Valencia
Opel,Vivaro,Diésel,104872.0,125.0,manual,14890,Palma de Mallorca,7003,Baleares,Palma de Mallorca
Opel,Vivaro,Diésel,104872.0,125.0,manual,14890,Málaga,29005,Málaga,Málaga
Opel,Vivaro,Diésel,104872.0,125.0,manual,14890,Òrrius,8317,Barcelona,Òrrius
Opel,Vivaro,Diésel,217000.0,120.0,manual,12980,Santa Coloma de Gramenet,8921,Barcelona,Santa Coloma de Gramenet
Opel,Vivaro,Diésel,104872.0,125.0,manual,14890,Tarragona,43006,Tarragona,Tarragona
Opel,Vivaro,Diésel,104872.0,125.0,manual,14890,Palau-Solita I Plegamans,8184,Barcelona,Palau-Solita I Plegamans
Opel,Vivaro,Diésel,104872.0,125.0,manual,14890,Palau-Solita I Plegamans,8184,Barcelona,Palau-Solita I Plegamans
Opel,Vivaro,Diésel,231000.0,125.0,manual,17061,Cerceda,28412,Madrid,Cerceda
Opel,Mokka,Diésel,157000.0,136.0,manual,12500,Castellón de la Plana/Castelló de la Plana,12001,Castellón,Castellón de la Plana/Castelló de la Plana
Opel,Mokka,Diésel,163914.0,136.0,manual,14400,Manzanares,13200,Ciudad Real,Manzanares
Opel,Mokka,Diésel,17421.0,110.0,manual,21490,Madrid,28021,Madrid,Madrid
Opel,Mokka,Gasolina,30512.0,130.0,manual,21490,Almería,4006,Almería,Almería
Opel,Mokka,Gasolina,30512.0,130.0,manual,21490,Toledo,45002,Toledo,Toledo
Opel,Mokka,Gasolina,30512.0,130.0,manual,21490,Alicante,3010,Alicante,Alicante
Opel,Mokka,Gasolina,30512.0,130.0,manual,21490,Alicante,3010,Murcia,Alicante
Opel,Mokka,Gasolina,158567.0,140.0,manual,9499,Madrid,28014,Madrid,Madrid
Opel,Mokka,Gasolina,158567.0,140.0,manual,9499,Barcelona,8007,Barcelona,Barcelona
Opel,Mokka,Gasolina,30512.0,130.0,manual,21490,Vigo,36211,Pontevedra,Vigo
Opel,Mokka,Gasolina,30512.0,130.0,manual,21490,Granada,18005,Granada,Granada
Opel,Mokka,Gasolina,30512.0,130.0,manual,21490,Fuenlabrada,28947,Madrid,Fuenlabrada
Opel,Mokka,Gasolina,30512.0,130.0,manual,21490,Colonia Pablo Iglesias,28520,Madrid,Colonia Pablo Iglesias
Opel,Mokka,Gasolina,30512.0,130.0,manual,21490,Murcia,30005,Murcia,Murcia
Opel,Mokka,Gasolina,30512.0,130.0,manual,21490,Bilbao,48004,Bizkaia,Bilbao
Opel,Mokka,Gasolina,30512.0,130.0,manual,21490,Sevilla,41005,Sevilla,Sevilla
Opel,Mokka,Gasolina,30512.0,130.0,manual,21490,Valencia,46001,Valencia,Valencia
Opel,Mokka,Gasolina,30512.0,130.0,manual,21490,Málaga,29005,Málaga,Málaga
Opel,Mokka,Gasolina,30512.0,130.0,manual,21490,Las Rozas de Madrid,28232,Madrid,Las Rozas de Madrid
Opel,Mokka,Gasolina,30512.0,130.0,manual,21490,Camarma de Esteruelas,28816,Madrid,Camarma de Esteruelas
Opel,Mokka,Gasolina,30512.0,130.0,manual,21490,Camarma de Esteruelas,28816,Madrid,Camarma de Esteruelas
Opel,Mokka,Gasolina,30512.0,130.0,manual,21490,Collado Villalba,28400,Madrid,Collado Villalba
Opel,Mokka,Gasolina,30512.0,130.0,manual,21490,Collado Villalba,28400,Madrid,Collado Villalba
Opel,Mokka,Gasolina,30512.0,130.0,manual,21490,Villaviciosa de Odón,28670,Madrid,Villaviciosa de Odón
Opel,Mokka,Gasolina,30512.0,130.0,manual,21490,Urbanizacion La Granjilla,28700,Madrid,Urbanizacion La Granjilla
Opel,Mokka,Gasolina,24061.0,130.0,manual,21900,Sevilla,41006,Sevilla,Sevilla
Opel,Mokka,Gasolina,44865.0,100.0,manual,19900,Sevilla,41006,Sevilla,Sevilla
Opel,Insignia,Diésel,188026.0,140.0,manual,9900,Lebrija,41740,Sevilla,Lebrija
Opel,Insignia,Diésel,88881.0,170.0,automatic,21900,Puerto de Sagunto,46520,Valencia,Puerto de Sagunto
Opel,Insignia,Diésel,88881.0,170.0,automatic,21900,Alcobendas,28100,Madrid,Alcobendas
Opel,Insignia,Diésel,88881.0,170.0,automatic,21900,Torremolinos,29620,Málaga,Torremolinos
Opel,Insignia,Diésel,88881.0,170.0,automatic,21900,Torremolinos,29620,Málaga,Torremolinos
Opel,Insignia,Diésel,88881.0,170.0,automatic,21900,Torremolinos,29620,Málaga,Torremolinos
Opel,Insignia,Diésel,88881.0,170.0,automatic,21900,Ciudad Real,13003,Ciudad Real,Ciudad Real
Opel,Insignia,Diésel,88881.0,170.0,automatic,21900,Barcelona,8007,Barcelona,Barcelona
Opel,Insignia,Diésel,88881.0,170.0,automatic,21900,Getafe,28906,Madrid,Getafe
Opel,Insignia,Diésel,88881.0,170.0,automatic,21900,Santiago de Compostela,15703,A Coruña,Santiago de Compostela
Opel,Insignia,Diésel,88881.0,170.0,automatic,21900,Albacete,2001,Albacete,Albacete
Opel,Insignia,Diésel,88881.0,170.0,automatic,21900,Vigo,36214,Pontevedra,Vigo
Opel,Insignia,Diésel,88881.0,170.0,automatic,21900,Hidraulica Santillana,28770,Madrid,Hidraulica Santillana
Opel,Insignia,Diésel,88881.0,170.0,automatic,21900,Badajoz,6008,Badajoz,Badajoz
Opel,Insignia,Diésel,88881.0,170.0,automatic,21900,Saladar,3700,Alicante,Saladar
Opel,Insignia,Diésel,88881.0,170.0,automatic,21900,Santafe,18320,Granada,Santafe
Opel,Insignia,Diésel,88881.0,170.0,automatic,21900,Murcia,30003,Murcia,Murcia
Opel,Insignia,Diésel,88881.0,170.0,automatic,21900,Castello/Castellon de La Plana,12100,Castellón,Castello/Castellon de La Plana
Opel,Insignia,Diésel,88881.0,170.0,automatic,21900,Olèrdola,8734,Barcelona,Olèrdola
Opel,Insignia,Diésel,88881.0,170.0,automatic,21900,Olèrdola,8734,Barcelona,Olèrdola
Opel,Insignia,Diésel,88881.0,170.0,automatic,21900,Mercado Parque Corredor del Henares,28850,Madrid,Mercado Parque Corredor del Henares
Opel,Insignia,Diésel,88881.0,170.0,automatic,21900,Granollers,8403,Barcelona,Granollers
Opel,Insignia,Diésel,88881.0,170.0,automatic,21900,Alicante,3007,Alicante,Alicante
Opel,Insignia,Diésel,88881.0,170.0,automatic,21900,Las Rozas de Madrid,28232,Madrid,Las Rozas de Madrid
Opel,Insignia,Diésel,88881.0,170.0,automatic,21900,Valdepeñas,13300,Ciudad Real,Valdepeñas
Opel,Insignia,Diésel,88881.0,170.0,automatic,21900,Valdepeñas,13300,Ciudad Real,Valdepeñas
Opel,Insignia,Diésel,88881.0,170.0,automatic,21900,Alzira,46600,Valencia,Alzira
Opel,Insignia,Diésel,88881.0,170.0,automatic,21900,Alzira,46600,Valencia,Alzira
Opel,Insignia,Diésel,88881.0,170.0,automatic,21900,Mercabilbao,48970,Bizkaia,Mercabilbao
Opel,Insignia,Diésel,88881.0,170.0,automatic,21900,Estepona,29680,Málaga,Estepona
Opel,Insignia,Diésel,88881.0,170.0,automatic,21900,Colonia Pablo Iglesias,28520,Madrid,Colonia Pablo Iglesias
Opel,Insignia,Diésel,88881.0,170.0,automatic,21900,Zaragoza,50013,Zaragoza,Zaragoza
Opel,Insignia,Diésel,88881.0,170.0,automatic,21900,Paterna,46980,Valencia,Paterna
Opel,Insignia,Diésel,88881.0,170.0,automatic,21900,Atarrabia,31610,Navarra,Atarrabia
Opel,Insignia,Diésel,88881.0,170.0,automatic,21900,Alcalá de Guadaíra,41500,Sevilla,Alcalá de Guadaíra
Opel,Insignia,Gasolina,71039.0,165.0,manual,18500,Sant Boi de Llobregat,8830,Barcelona,Sant Boi de Llobregat
Opel,Insignia,Diésel,88881.0,170.0,automatic,21900,Alameda del Obispo,14005,Córdoba,Alameda del Obispo
Opel,Insignia,Diésel,185625.0,136.0,manual,11990,Alcalá de Henares,28802,Madrid,Alcalá de Henares
Opel,Insignia,Diésel,199690.0,136.0,manual,11490,Mataró,8302,Barcelona,Mataró
Opel,Insignia,Diésel,185000.0,136.0,manual,9900,Poligono Industrial Madanela,15800,A Coruña,Poligono Industrial Madanela
Audi,Q5,Diésel,91100.0,190.0,automatic,28990,Málaga,29005,Málaga,Málaga
Audi,Q5,Diésel,147932.0,170.0,automatic,16499,Madrid,28014,Madrid,Madrid
Audi,Q5,Diésel,147932.0,170.0,automatic,16499,Barcelona,8007,Barcelona,Barcelona
Audi,Q5,Diésel,97900.0,150.0,manual,24990,Camarma de Esteruelas,28816,Madrid,Camarma de Esteruelas
Audi,Q5,Diésel,97900.0,150.0,manual,24990,Camarma de Esteruelas,28816,Madrid,Camarma de Esteruelas
Audi,Q5,Diésel,97900.0,150.0,manual,24990,Las Rozas de Madrid,28232,Madrid,Las Rozas de Madrid
Audi,Q5,Diésel,97900.0,150.0,manual,24990,Collado Villalba,28400,Madrid,Collado Villalba
Audi,Q5,Diésel,97900.0,150.0,manual,24990,Collado Villalba,28400,Madrid,Collado Villalba
Audi,Q5,Diésel,157263.0,163.0,automatic,28490,Ourense,32001,Ourense,Ourense
Audi,Q5,Diésel,39051.0,190.0,manual,38300,Algars,3820,Alicante,Algars
Volvo,XC60,Diésel,144500.0,163.0,automatic,16490,Leganés,28915,Madrid,Leganés
Volvo,XC60,Diésel,144500.0,163.0,automatic,16490,Murcia,30004,Murcia,Murcia
Volvo,XC60,Diésel,144500.0,163.0,automatic,16490,Parla,28700,Madrid,Parla
Volvo,XC60,Diésel,144500.0,163.0,automatic,16490,Alcorcón,28924,Madrid,Alcorcón
Volvo,XC60,Diésel,144500.0,163.0,automatic,16490,Getafe,28903,Madrid,Getafe
Volvo,XC60,Diésel,144500.0,163.0,automatic,16490,Barcelona,8041,Barcelona,Barcelona
Volvo,XC60,Diésel,144500.0,163.0,automatic,16490,Valencia,28943,Madrid,Valencia
Volvo,XC60,Diésel,156215.0,150.0,manual,21700,Puerto de Sagunto,46520,Valencia,Puerto de Sagunto
Volvo,XC60,Diésel,156215.0,150.0,manual,21700,Alcobendas,28100,Madrid,Alcobendas
Volvo,XC60,Diésel,156215.0,150.0,manual,21700,Torremolinos,29620,Málaga,Torremolinos
Volvo,XC60,Diésel,156215.0,150.0,manual,21700,Torremolinos,29620,Málaga,Torremolinos
Volvo,XC60,Diésel,156215.0,150.0,manual,21700,Torremolinos,29620,Málaga,Torremolinos
Volvo,XC60,Diésel,56286.0,190.0,automatic,38410,Torremolinos,29620,Málaga,Torremolinos
Volvo,XC60,Diésel,56286.0,190.0,automatic,38410,Torremolinos,29620,Málaga,Torremolinos
Volvo,XC60,Diésel,56286.0,190.0,automatic,38410,Torremolinos,29620,Málaga,Torremolinos
Volvo,XC60,Diésel,156215.0,150.0,manual,21700,Ciudad Real,13003,Ciudad Real,Ciudad Real
Volvo,XC60,Diésel,156215.0,150.0,manual,21700,Barcelona,8007,Barcelona,Barcelona
Volvo,XC60,Diésel,156215.0,150.0,manual,21700,Getafe,28906,Madrid,Getafe
Volvo,XC60,Diésel,156215.0,150.0,manual,21700,Santiago de Compostela,15703,A Coruña,Santiago de Compostela
Volvo,XC60,Diésel,56286.0,190.0,automatic,38410,Olèrdola,8734,Barcelona,Olèrdola
Volvo,XC60,Diésel,56286.0,190.0,automatic,38410,Olèrdola,8734,Barcelona,Olèrdola
Volvo,XC60,Diésel,156215.0,150.0,manual,21700,Valdepeñas,13300,Ciudad Real,Valdepeñas
Volvo,XC60,Diésel,156215.0,150.0,manual,21700,Valdepeñas,13300,Ciudad Real,Valdepeñas
Volvo,XC60,Diésel,156215.0,150.0,manual,21700,Alzira,46600,Valencia,Alzira
Volvo,XC60,Diésel,156215.0,150.0,manual,21700,Alzira,46600,Valencia,Alzira
Volvo,XC60,Diésel,156215.0,150.0,manual,21700,Mercabilbao,48970,Bizkaia,Mercabilbao
Volvo,XC60,Diésel,156215.0,150.0,manual,21700,Alicante,3007,Alicante,Alicante
Volvo,XC60,Diésel,156215.0,150.0,manual,21700,Las Rozas de Madrid,28232,Madrid,Las Rozas de Madrid
Volvo,XC60,Diésel,56286.0,190.0,automatic,38410,Mercado Parque Corredor del Henares,28850,Madrid,Mercado Parque Corredor del Henares
Volvo,XC60,Diésel,156215.0,150.0,manual,21700,Zaragoza,50013,Zaragoza,Zaragoza
Volvo,XC60,Diésel,156215.0,150.0,manual,21700,Paterna,46980,Valencia,Paterna
Hyundai,Tucson,Diésel,87000.0,115.0,manual,505,Barcelona,8007,Barcelona,Barcelona
Hyundai,Tucson,Diésel,87000.0,115.0,manual,509,Barcelona,8009,Barcelona,Barcelona
Hyundai,Tucson,Diésel,57000.0,115.0,manual,502,Barcelona,8009,Barcelona,Barcelona
Hyundai,Tucson,Diésel,57000.0,115.0,manual,266,Gandía,46701,Valencia,Gandía
Hyundai,Tucson,Gasolina,20836.0,150.0,automatic,33235,Puerto de Sagunto,46520,Valencia,Puerto de Sagunto
Hyundai,Tucson,Diésel,71702.0,115.0,manual,18590,Madrid,28021,Madrid,Madrid
Hyundai,Tucson,Gasolina,20836.0,150.0,automatic,33235,Alcobendas,28100,Madrid,Alcobendas
Hyundai,Tucson,Gasolina,105773.0,131.0,manual,14850,Torremolinos,29620,Málaga,Torremolinos
Hyundai,Tucson,Gasolina,105773.0,131.0,manual,14850,Torremolinos,29620,Málaga,Torremolinos
Hyundai,Tucson,Gasolina,105773.0,131.0,manual,14850,Torremolinos,29620,Málaga,Torremolinos
Hyundai,Tucson,Gasolina,20836.0,150.0,automatic,33235,Torremolinos,29620,Málaga,Torremolinos
Hyundai,Tucson,Gasolina,20836.0,150.0,automatic,33235,Torremolinos,29620,Málaga,Torremolinos
Hyundai,Tucson,Gasolina,20836.0,150.0,automatic,33235,Torremolinos,29620,Málaga,Torremolinos
Hyundai,Tucson,Gasolina,20836.0,150.0,automatic,33235,Ciudad Real,13003,Ciudad Real,Ciudad Real
Hyundai,Tucson,Gasolina,20836.0,150.0,automatic,33235,Barcelona,8007,Barcelona,Barcelona
Hyundai,Tucson,Gasolina,20836.0,150.0,automatic,33235,Getafe,28906,Madrid,Getafe
Hyundai,Tucson,Gasolina,20836.0,150.0,automatic,33235,Santiago de Compostela,15703,A Coruña,Santiago de Compostela
Hyundai,Tucson,Gasolina,20836.0,150.0,automatic,33235,Albacete,2001,Albacete,Albacete
Hyundai,Tucson,Gasolina,88313.0,176.0,automatic,22000,Sant Cugat del Vallès,8172,Barcelona,Sant Cugat del Vallès
Hyundai,Tucson,Gasolina,20836.0,150.0,automatic,33235,Vigo,36214,Pontevedra,Vigo
Hyundai,Tucson,Gasolina,88313.0,176.0,automatic,22000,Alcobendas,28100,Madrid,Alcobendas
Hyundai,Tucson,Gasolina,20836.0,150.0,automatic,33235,Valdepeñas,13300,Ciudad Real,Valdepeñas
Hyundai,Tucson,Gasolina,20836.0,150.0,automatic,33235,Valdepeñas,13300,Ciudad Real,Valdepeñas
Hyundai,Tucson,Gasolina,20836.0,150.0,automatic,33235,Mercabilbao,48970,Bizkaia,Mercabilbao
Hyundai,Tucson,Gasolina,20836.0,150.0,automatic,33235,Las Rozas de Madrid,28232,Madrid,Las Rozas de Madrid
Hyundai,Tucson,Diésel,75870.0,115.0,manual,15990,Alicante,3010,Alicante,Alicante
Hyundai,Tucson,Diésel,75870.0,115.0,manual,15990,Alicante,3010,Murcia,Alicante
Hyundai,Tucson,Gasolina,20836.0,150.0,automatic,33235,Alcalá de Guadaíra,41500,Sevilla,Alcalá de Guadaíra
Hyundai,Tucson,Gasolina,20836.0,150.0,automatic,33235,Colonia Pablo Iglesias,28520,Madrid,Colonia Pablo Iglesias
Hyundai,Tucson,Gasolina,20836.0,150.0,automatic,33235,Zaragoza,50013,Zaragoza,Zaragoza
Hyundai,Tucson,Gasolina,20836.0,150.0,automatic,33235,Paterna,46980,Valencia,Paterna
Hyundai,Tucson,Gasolina,20836.0,150.0,automatic,33235,Atarrabia,31610,Navarra,Atarrabia
Hyundai,Tucson,Gasolina,20836.0,150.0,automatic,33235,Estepona,29680,Málaga,Estepona
Hyundai,Tucson,Gasolina,88313.0,176.0,automatic,22000,Alcalá de Henares,28801,Madrid,Alcalá de Henares
Hyundai,Tucson,Diésel,109113.0,115.0,manual,15599,Madrid,28014,Madrid,Madrid
Hyundai,Tucson,Diésel,109113.0,115.0,manual,15599,Barcelona,8007,Barcelona,Barcelona
Hyundai,Tucson,Gasolina,97722.0,177.0,automatic,18299,Madrid,28014,Madrid,Madrid
Hyundai,Tucson,Gasolina,97722.0,177.0,automatic,18299,Barcelona,8007,Barcelona,Barcelona
Hyundai,Tucson,Gasolina,108263.0,132.0,manual,16299,Madrid,28014,Madrid,Madrid
Hyundai,Tucson,Gasolina,108263.0,132.0,manual,16299,Barcelona,8007,Barcelona,Barcelona
Hyundai,Tucson,Diésel,75870.0,115.0,manual,15990,Vigo,36211,Pontevedra,Vigo
Hyundai,Tucson,Diésel,75870.0,115.0,manual,15990,Granada,18005,Granada,Granada
Hyundai,Tucson,Diésel,25000.0,115.0,manual,23990,Sant Boi de Llobregat,8830,Barcelona,Sant Boi de Llobregat
Hyundai,Tucson,Gasolina,20836.0,150.0,automatic,33235,Alameda del Obispo,14005,Córdoba,Alameda del Obispo
Hyundai,Tucson,Diésel,75870.0,115.0,manual,15990,Murcia,30005,Murcia,Murcia
Hyundai,Tucson,Gasolina,44041.0,132.0,manual,18490,Málaga,29005,Málaga,Málaga
Hyundai,Tucson,Diésel,75870.0,115.0,manual,15990,Bilbao,48004,Bizkaia,Bilbao
Hyundai,Tucson,Gasolina,88313.0,176.0,automatic,22000,Madrid,28013,Madrid,Madrid
Hyundai,Tucson,Diésel,75870.0,115.0,manual,15990,Algeciras,11202,Cádiz,Algeciras
Hyundai,Tucson,Gasolina,44041.0,132.0,manual,18490,Urbanizacion La Granjilla,28700,Madrid,Urbanizacion La Granjilla
Hyundai,Tucson,Gasolina,115417.0,131.0,manual,18900,Sevilla,41006,Sevilla,Sevilla
Hyundai,Tucson,Gasolina,88313.0,176.0,automatic,22000,San Sebastián de Los Reyes,28700,Madrid,San Sebastián de Los Reyes
Hyundai,Tucson,Gasolina,88313.0,176.0,automatic,22000,Sevilla,41004,Sevilla,Sevilla
Hyundai,Tucson,Gasolina,88313.0,176.0,automatic,22000,Alicante,3001,Alicante,Alicante
Hyundai,Tucson,Gasolina,88313.0,176.0,automatic,22000,Leganés,28911,Madrid,Leganés
Hyundai,Tucson,Gasolina,88313.0,176.0,automatic,22000,Almería,4001,Almería,Almería
Hyundai,Tucson,Gasolina,88313.0,176.0,automatic,22000,Donostia-San Sebastián,20005,Gipuzkoa,Donostia-San Sebastián
Hyundai,Tucson,Gasolina,88313.0,176.0,automatic,22000,Urbanitzacio El Medol,43150,Tarragona,Urbanitzacio El Medol
Hyundai,Tucson,Gasolina,88313.0,176.0,automatic,22000,Santander,39002,Cantabria,Santander
Hyundai,Tucson,Gasolina,88313.0,176.0,automatic,22000,A Coruña,15003,A Coruña,A Coruña
Hyundai,Tucson,Gasolina,88313.0,176.0,automatic,22000,Granada,18002,Granada,Granada
Hyundai,Tucson,Gasolina,88313.0,176.0,automatic,22000,Huelva,21004,Huelva,Huelva
Volkswagen,Polo,Gasolina,160000.0,75.0,manual,3150,Lliça d'Amunt,8186,Barcelona,Lliça d'Amunt
Volkswagen,Polo,Diésel,123114.0,80.0,manual,5499,Peligros,18210,Granada,Peligros
Volkswagen,Polo,Diésel,123114.0,80.0,manual,5499,Peligros,18210,Granada,Peligros
Volkswagen,Polo,Gasolina,85825.0,75.0,manual,11500,Málaga,29006,Málaga,Málaga
Volkswagen,Polo,Gasolina,82356.0,70.0,manual,8900,Barcelona,8030,Barcelona,Barcelona
Volkswagen,Polo,Gasolina,66000.0,95.0,manual,383,Barcelona,8007,Barcelona,Barcelona
Volkswagen,Polo,Gasolina,75000.0,95.0,manual,395,Sevilla,41018,Sevilla,Sevilla
Volkswagen,Polo,Diésel,115000.0,80.0,manual,187,Gandía,46701,Valencia,Gandía
Volkswagen,Polo,Diésel,131026.0,95.0,manual,12990,Vigo,36211,Pontevedra,Vigo
Volkswagen,Polo,Diésel,131026.0,95.0,manual,12990,Granada,18005,Granada,Granada
Volkswagen,Polo,Gasolina,58000.0,95.0,manual,12990,Murcia,30005,Murcia,Murcia
Volkswagen,Polo,Gasolina,58000.0,95.0,manual,12790,Murcia,30005,Murcia,Murcia
Volkswagen,Polo,Gasolina,58000.0,95.0,manual,12990,Bilbao,48004,Bizkaia,Bilbao
Volkswagen,Polo,Gasolina,58000.0,95.0,manual,12790,Bilbao,48004,Bizkaia,Bilbao
Volkswagen,Polo,Gasolina,58000.0,95.0,manual,12990,Sevilla,41005,Sevilla,Sevilla
Volkswagen,Polo,Gasolina,58000.0,95.0,manual,12790,Sevilla,41005,Sevilla,Sevilla
Volkswagen,Polo,Gasolina,58000.0,95.0,manual,12990,Valencia,46001,Valencia,Valencia
Volkswagen,Polo,Gasolina,58000.0,95.0,manual,12790,Valencia,46001,Valencia,Valencia
Volkswagen,Polo,Gasolina,80556.0,75.0,manual,9990,Málaga,29005,Málaga,Málaga
Volkswagen,Polo,Gasolina,58000.0,95.0,manual,12990,Palma de Mallorca,7003,Baleares,Palma de Mallorca
Volkswagen,Polo,Gasolina,58000.0,95.0,manual,12790,Palma de Mallorca,7003,Baleares,Palma de Mallorca
Volkswagen,Polo,Gasolina,58000.0,95.0,manual,12990,Málaga,29005,Málaga,Málaga
Volkswagen,Polo,Gasolina,58000.0,95.0,manual,12790,Málaga,29005,Málaga,Málaga
Volkswagen,Polo,Diésel,131026.0,95.0,manual,12990,Murcia,30005,Murcia,Murcia
Volkswagen,Polo,Diésel,131026.0,95.0,manual,12990,Bilbao,48004,Bizkaia,Bilbao
Volkswagen,Polo,Gasolina,58000.0,95.0,manual,12990,Òrrius,8317,Barcelona,Òrrius
Volkswagen,Polo,Gasolina,58000.0,95.0,manual,12790,Òrrius,8317,Barcelona,Òrrius
Volkswagen,Polo,Gasolina,58000.0,95.0,manual,12990,Tarragona,43006,Tarragona,Tarragona
Volkswagen,Polo,Gasolina,58000.0,95.0,manual,12790,Tarragona,43006,Tarragona,Tarragona
Volkswagen,Polo,Gasolina,58000.0,95.0,manual,12990,Palau-Solita I Plegamans,8184,Barcelona,Palau-Solita I Plegamans
Volkswagen,Polo,Gasolina,58000.0,95.0,manual,12990,Palau-Solita I Plegamans,8184,Barcelona,Palau-Solita I Plegamans
Volkswagen,Polo,Gasolina,75000.0,95.0,manual,15850,Valdefuentes,28939,Madrid,Valdefuentes
Volkswagen,Polo,Gasolina,75000.0,95.0,manual,15850,Valdefuentes,28939,Madrid,Valdefuentes
Volkswagen,Polo,Gasolina,75000.0,95.0,manual,15850,Terrassa,8223,Barcelona,Terrassa
Volkswagen,Polo,Gasolina,60000.0,115.0,manual,14500,Sant Cugat del Vallès,8172,Barcelona,Sant Cugat del Vallès
Volkswagen,Polo,Gasolina,32000.0,95.0,automatic,16990,Marbella,29601,Málaga,Marbella
Volkswagen,Polo,Gasolina,99000.0,70.0,manual,9900,Tarragona,43006,Tarragona,Tarragona
Volkswagen,Polo,Gasolina,72300.0,110.0,manual,16900,Barcelona,8007,Barcelona,Barcelona
Volkswagen,Polo,Gasolina,72300.0,110.0,manual,209,Barcelona,8007,Barcelona,Barcelona
Volkswagen,Polo,Gasolina,72300.0,110.0,manual,16900,Amposta,43870,Tarragona,Amposta
Volkswagen,Polo,Gasolina,72300.0,110.0,manual,209,Amposta,43870,Tarragona,Amposta
KIA,Sportage,Otros,43790.0,132.0,manual,25970,Foios,46134,Valencia,Foios
KIA,Sportage,Diésel,51000.0,115.0,manual,265,Barcelona,8007,Barcelona,Barcelona
KIA,Sportage,Diésel,99950.0,115.0,manual,439,Madrid,28006,Madrid,Madrid
KIA,Sportage,Diésel,94000.0,115.0,manual,441,Barcelona,8009,Barcelona,Barcelona
KIA,Sportage,Diésel,115242.0,115.0,manual,19900,Manzanares,13200,Ciudad Real,Manzanares
KIA,Sportage,Gasolina,134693.0,132.0,manual,18400,Manzanares,13200,Ciudad Real,Manzanares
KIA,Sportage,Gasolina,63071.0,132.0,manual,21200,Puerto de Sagunto,46520,Valencia,Puerto de Sagunto
KIA,Sportage,Diésel,45717.0,115.0,manual,21950,Puerto de Sagunto,46520,Valencia,Puerto de Sagunto
KIA,Sportage,Diésel,59337.0,136.0,manual,25990,Puerto de Sagunto,46520,Valencia,Puerto de Sagunto
KIA,Sportage,Gasolina,72262.0,177.0,manual,22990,Madrid,28021,Madrid,Madrid
KIA,Sportage,Gasolina,63071.0,132.0,manual,21200,Alcobendas,28100,Madrid,Alcobendas
KIA,Sportage,Diésel,45717.0,115.0,manual,21950,Alcobendas,28100,Madrid,Alcobendas
KIA,Sportage,Diésel,59337.0,136.0,manual,25990,Alcobendas,28100,Madrid,Alcobendas
KIA,Sportage,Diésel,92409.0,115.0,manual,18630,Torremolinos,29620,Málaga,Torremolinos
KIA,Sportage,Diésel,92409.0,115.0,manual,18630,Torremolinos,29620,Málaga,Torremolinos
KIA,Sportage,Diésel,92409.0,115.0,manual,18630,Torremolinos,29620,Málaga,Torremolinos
KIA,Sportage,Gasolina,46387.0,132.0,manual,18900,Torremolinos,29620,Málaga,Torremolinos
KIA,Sportage,Gasolina,46387.0,132.0,manual,18900,Torremolinos,29620,Málaga,Torremolinos
KIA,Sportage,Gasolina,46387.0,132.0,manual,18900,Torremolinos,29620,Málaga,Torremolinos
KIA,Sportage,Gasolina,63071.0,132.0,manual,21200,Torremolinos,29620,Málaga,Torremolinos
KIA,Sportage,Gasolina,63071.0,132.0,manual,21200,Torremolinos,29620,Málaga,Torremolinos
KIA,Sportage,Gasolina,63071.0,132.0,manual,21200,Torremolinos,29620,Málaga,Torremolinos
KIA,Sportage,Diésel,45717.0,115.0,manual,21950,Torremolinos,29620,Málaga,Torremolinos
KIA,Sportage,Diésel,45717.0,115.0,manual,21950,Torremolinos,29620,Málaga,Torremolinos
KIA,Sportage,Diésel,45717.0,115.0,manual,21950,Torremolinos,29620,Málaga,Torremolinos
KIA,Sportage,Diésel,59337.0,136.0,manual,25990,Torremolinos,29620,Málaga,Torremolinos
KIA,Sportage,Diésel,59337.0,136.0,manual,25990,Torremolinos,29620,Málaga,Torremolinos
KIA,Sportage,Diésel,59337.0,136.0,manual,25990,Torremolinos,29620,Málaga,Torremolinos
KIA,Sportage,Gasolina,63071.0,132.0,manual,21200,Ciudad Real,13003,Ciudad Real,Ciudad Real
KIA,Sportage,Gasolina,63071.0,132.0,manual,21200,Barcelona,8007,Barcelona,Barcelona
KIA,Sportage,Diésel,45717.0,115.0,manual,21950,Ciudad Real,13003,Ciudad Real,Ciudad Real
KIA,Sportage,Diésel,45717.0,115.0,manual,21950,Barcelona,8007,Barcelona,Barcelona
KIA,Sportage,Diésel,59337.0,136.0,manual,25990,Ciudad Real,13003,Ciudad Real,Ciudad Real
KIA,Sportage,Diésel,59337.0,136.0,manual,25990,Barcelona,8007,Barcelona,Barcelona
KIA,Sportage,Gasolina,63071.0,132.0,manual,21200,Getafe,28906,Madrid,Getafe
KIA,Sportage,Gasolina,63071.0,132.0,manual,21200,Santiago de Compostela,15703,A Coruña,Santiago de Compostela
KIA,Sportage,Diésel,45717.0,115.0,manual,21950,Getafe,28906,Madrid,Getafe
KIA,Sportage,Gasolina,63071.0,132.0,manual,21200,Albacete,2001,Albacete,Albacete
KIA,Sportage,Diésel,59337.0,136.0,manual,25990,Getafe,28906,Madrid,Getafe
KIA,Sportage,Diésel,45717.0,115.0,manual,21950,Santiago de Compostela,15703,A Coruña,Santiago de Compostela
KIA,Sportage,Diésel,45717.0,115.0,manual,21950,Albacete,2001,Albacete,Albacete
KIA,Sportage,Diésel,59337.0,136.0,manual,25990,Santiago de Compostela,15703,A Coruña,Santiago de Compostela
KIA,Sportage,Diésel,59337.0,136.0,manual,25990,Albacete,2001,Albacete,Albacete
KIA,Sportage,Gasolina,63071.0,132.0,manual,21200,Vigo,36214,Pontevedra,Vigo
KIA,Sportage,Diésel,45717.0,115.0,manual,21950,Vigo,36214,Pontevedra,Vigo
KIA,Sportage,Diésel,59337.0,136.0,manual,25990,Vigo,36214,Pontevedra,Vigo
KIA,Sportage,Gasolina,63071.0,132.0,manual,21200,Hidraulica Santillana,28770,Madrid,Hidraulica Santillana
KIA,Sportage,Diésel,45717.0,115.0,manual,21950,Hidraulica Santillana,28770,Madrid,Hidraulica Santillana
KIA,Sportage,Gasolina,63071.0,132.0,manual,21200,Badajoz,6008,Badajoz,Badajoz
KIA,Sportage,Diésel,59337.0,136.0,manual,25990,Hidraulica Santillana,28770,Madrid,Hidraulica Santillana
KIA,Sportage,Diésel,45717.0,115.0,manual,21950,Badajoz,6008,Badajoz,Badajoz
KIA,Sportage,Diésel,59337.0,136.0,manual,25990,Badajoz,6008,Badajoz,Badajoz
KIA,Sportage,Gasolina,63071.0,132.0,manual,21200,Saladar,3700,Alicante,Saladar
KIA,Sportage,Diésel,45717.0,115.0,manual,21950,Saladar,3700,Alicante,Saladar
KIA,Sportage,Diésel,59337.0,136.0,manual,25990,Saladar,3700,Alicante,Saladar
KIA,Sportage,Diésel,69999.0,115.0,manual,17490,Santander,39010,Cantabria,Santander
KIA,Sportage,Gasolina,63071.0,132.0,manual,21200,Santafe,18320,Granada,Santafe
KIA,Sportage,Diésel,69999.0,115.0,manual,17490,Almería,4006,Almería,Almería
KIA,Sportage,Diésel,130903.0,115.0,manual,8990,Almería,4006,Almería,Almería
KIA,Sportage,Diésel,45717.0,115.0,manual,21950,Santafe,18320,Granada,Santafe
KIA,Sportage,Gasolina,840.0,150.0,manual,29240,Almería,4006,Almería,Almería
KIA,Sportage,Gasolina,63071.0,132.0,manual,21200,Murcia,30003,Murcia,Murcia
KIA,Sportage,Diésel,59337.0,136.0,manual,25990,Santafe,18320,Granada,Santafe
KIA,Sportage,Diésel,45717.0,115.0,manual,21950,Murcia,30003,Murcia,Murcia
KIA,Sportage,Gasolina,63071.0,132.0,manual,21200,Castello/Castellon de La Plana,12100,Castellón,Castello/Castellon de La Plana
KIA,Sportage,Diésel,92409.0,115.0,manual,18630,Olèrdola,8734,Barcelona,Olèrdola
KIA,Sportage,Diésel,92409.0,115.0,manual,18630,Olèrdola,8734,Barcelona,Olèrdola
KIA,Sportage,Gasolina,46387.0,132.0,manual,18900,Olèrdola,8734,Barcelona,Olèrdola
KIA,Sportage,Gasolina,46387.0,132.0,manual,18900,Olèrdola,8734,Barcelona,Olèrdola
KIA,Sportage,Diésel,59337.0,136.0,manual,25990,Murcia,30003,Murcia,Murcia
KIA,Sportage,Gasolina,63071.0,132.0,manual,21200,Olèrdola,8734,Barcelona,Olèrdola
KIA,Sportage,Gasolina,63071.0,132.0,manual,21200,Olèrdola,8734,Barcelona,Olèrdola
KIA,Sportage,Diésel,45717.0,115.0,manual,21950,Castello/Castellon de La Plana,12100,Castellón,Castello/Castellon de La Plana
KIA,Sportage,Diésel,92409.0,115.0,manual,18630,Mercado Parque Corredor del Henares,28850,Madrid,Mercado Parque Corredor del Henares
KIA,Sportage,Diésel,59337.0,136.0,manual,25990,Castello/Castellon de La Plana,12100,Castellón,Castello/Castellon de La Plana
KIA,Sportage,Gasolina,46387.0,132.0,manual,18900,Mercado Parque Corredor del Henares,28850,Madrid,Mercado Parque Corredor del Henares
KIA,Sportage,Diésel,45717.0,115.0,manual,21950,Olèrdola,8734,Barcelona,Olèrdola
KIA,Sportage,Diésel,45717.0,115.0,manual,21950,Olèrdola,8734,Barcelona,Olèrdola
KIA,Sportage,Gasolina,63071.0,132.0,manual,21200,Mercado Parque Corredor del Henares,28850,Madrid,Mercado Parque Corredor del Henares
KIA,Sportage,Diésel,45717.0,115.0,manual,21950,Mercado Parque Corredor del Henares,28850,Madrid,Mercado Parque Corredor del Henares
KIA,Sportage,Diésel,59337.0,136.0,manual,25990,Olèrdola,8734,Barcelona,Olèrdola
KIA,Sportage,Diésel,59337.0,136.0,manual,25990,Olèrdola,8734,Barcelona,Olèrdola
KIA,Sportage,Gasolina,63071.0,132.0,manual,21200,Granollers,8403,Barcelona,Granollers
KIA,Sportage,Gasolina,840.0,150.0,manual,29240,Toledo,45002,Toledo,Toledo
KIA,Sportage,Gasolina,63071.0,132.0,manual,21200,Las Rozas de Madrid,28232,Madrid,Las Rozas de Madrid
KIA,Sportage,Gasolina,63071.0,132.0,manual,21200,Alzira,46600,Valencia,Alzira
KIA,Sportage,Gasolina,63071.0,132.0,manual,21200,Alzira,46600,Valencia,Alzira
KIA,Sportage,Gasolina,63071.0,132.0,manual,21200,Alicante,3007,Alicante,Alicante
KIA,Sportage,Gasolina,63071.0,132.0,manual,21200,Valdepeñas,13300,Ciudad Real,Valdepeñas
KIA,Sportage,Gasolina,63071.0,132.0,manual,21200,Valdepeñas,13300,Ciudad Real,Valdepeñas
KIA,Sportage,Gasolina,63071.0,132.0,manual,21200,Mercabilbao,48970,Bizkaia,Mercabilbao
KIA,Sportage,Diésel,45717.0,115.0,manual,21950,Granollers,8403,Barcelona,Granollers
KIA,Sportage,Diésel,59337.0,136.0,manual,25990,Mercado Parque Corredor del Henares,28850,Madrid,Mercado Parque Corredor del Henares
KIA,Sportage,Diésel,69999.0,115.0,manual,17490,Oviedo,33003,Asturias,Oviedo
KIA,Sportage,Diésel,59337.0,136.0,manual,25990,Granollers,8403,Barcelona,Granollers
KIA,Sportage,Diésel,45717.0,115.0,manual,21950,Alicante,3007,Alicante,Alicante
KIA,Sportage,Diésel,45717.0,115.0,manual,21950,Alzira,46600,Valencia,Alzira
KIA,Sportage,Diésel,45717.0,115.0,manual,21950,Alzira,46600,Valencia,Alzira
KIA,Sportage,Diésel,45717.0,115.0,manual,21950,Las Rozas de Madrid,28232,Madrid,Las Rozas de Madrid
KIA,Sportage,Diésel,45717.0,115.0,manual,21950,Valdepeñas,13300,Ciudad Real,Valdepeñas
KIA,Sportage,Diésel,45717.0,115.0,manual,21950,Valdepeñas,13300,Ciudad Real,Valdepeñas
KIA,Sportage,Diésel,45717.0,115.0,manual,21950,Mercabilbao,48970,Bizkaia,Mercabilbao
KIA,Sportage,Diésel,59337.0,136.0,manual,25990,Alicante,3007,Alicante,Alicante
KIA,Sportage,Diésel,59337.0,136.0,manual,25990,Alzira,46600,Valencia,Alzira
KIA,Sportage,Diésel,59337.0,136.0,manual,25990,Alzira,46600,Valencia,Alzira
KIA,Sportage,Diésel,59337.0,136.0,manual,25990,Las Rozas de Madrid,28232,Madrid,Las Rozas de Madrid
KIA,Sportage,Diésel,59337.0,136.0,manual,25990,Valdepeñas,13300,Ciudad Real,Valdepeñas
KIA,Sportage,Diésel,59337.0,136.0,manual,25990,Valdepeñas,13300,Ciudad Real,Valdepeñas
KIA,Sportage,Diésel,59337.0,136.0,manual,25990,Mercabilbao,48970,Bizkaia,Mercabilbao
KIA,Sportage,Diésel,69999.0,115.0,manual,17490,Alicante,3010,Alicante,Alicante
KIA,Sportage,Diésel,69999.0,115.0,manual,17490,Alicante,3010,Murcia,Alicante
KIA,Sportage,Diésel,130903.0,115.0,manual,8990,Alicante,3010,Alicante,Alicante
KIA,Sportage,Diésel,130903.0,115.0,manual,8990,Alicante,3010,Murcia,Alicante
KIA,Sportage,Gasolina,63071.0,132.0,manual,21200,Paterna,46980,Valencia,Paterna
KIA,Sportage,Gasolina,63071.0,132.0,manual,21200,Atarrabia,31610,Navarra,Atarrabia
KIA,Sportage,Gasolina,63071.0,132.0,manual,21200,Colonia Pablo Iglesias,28520,Madrid,Colonia Pablo Iglesias
KIA,Sportage,Gasolina,63071.0,132.0,manual,21200,Zaragoza,50013,Zaragoza,Zaragoza
KIA,Sportage,Gasolina,63071.0,132.0,manual,21200,Alcalá de Guadaíra,41500,Sevilla,Alcalá de Guadaíra
KIA,Sportage,Gasolina,63071.0,132.0,manual,21200,Estepona,29680,Málaga,Estepona
KIA,Sportage,Diésel,69999.0,115.0,manual,17490,Vigo,36211,Pontevedra,Vigo
KIA,Sportage,Gasolina,840.0,150.0,manual,29240,Alicante,3010,Alicante,Alicante
KIA,Sportage,Gasolina,840.0,150.0,manual,29240,Alicante,3010,Murcia,Alicante
KIA,Sportage,Diésel,69999.0,115.0,manual,17490,Granada,18005,Granada,Granada
KIA,Sportage,Diésel,45717.0,115.0,manual,21950,Colonia Pablo Iglesias,28520,Madrid,Colonia Pablo Iglesias
KIA,Sportage,Diésel,45717.0,115.0,manual,21950,Zaragoza,50013,Zaragoza,Zaragoza
KIA,Sportage,Diésel,45717.0,115.0,manual,21950,Paterna,46980,Valencia,Paterna
KIA,Sportage,Diésel,45717.0,115.0,manual,21950,Atarrabia,31610,Navarra,Atarrabia
KIA,Sportage,Diésel,45717.0,115.0,manual,21950,Alcalá de Guadaíra,41500,Sevilla,Alcalá de Guadaíra
KIA,Sportage,Diésel,45717.0,115.0,manual,21950,Estepona,29680,Málaga,Estepona
KIA,Sportage,Diésel,130903.0,115.0,manual,8990,Vigo,36211,Pontevedra,Vigo
KIA,Sportage,Diésel,59337.0,136.0,manual,25990,Colonia Pablo Iglesias,28520,Madrid,Colonia Pablo Iglesias
KIA,Sportage,Diésel,59337.0,136.0,manual,25990,Zaragoza,50013,Zaragoza,Zaragoza
KIA,Sportage,Diésel,59337.0,136.0,manual,25990,Paterna,46980,Valencia,Paterna
KIA,Sportage,Diésel,59337.0,136.0,manual,25990,Atarrabia,31610,Navarra,Atarrabia
KIA,Sportage,Diésel,59337.0,136.0,manual,25990,Alcalá de Guadaíra,41500,Sevilla,Alcalá de Guadaíra
KIA,Sportage,Diésel,59337.0,136.0,manual,25990,Estepona,29680,Málaga,Estepona
KIA,Sportage,Diésel,130903.0,115.0,manual,8990,Granada,18005,Granada,Granada
KIA,Sportage,Diésel,118138.0,140.0,automatic,18899,Madrid,28014,Madrid,Madrid
KIA,Sportage,Diésel,118138.0,140.0,automatic,18899,Barcelona,8007,Barcelona,Barcelona
KIA,Sportage,Diésel,74328.0,115.0,manual,18399,Madrid,28014,Madrid,Madrid
KIA,Sportage,Diésel,74328.0,115.0,manual,18399,Barcelona,8007,Barcelona,Barcelona
KIA,Sportage,Diésel,69999.0,115.0,manual,17490,Pamplona/Iruña,31001,Navarra,Pamplona/Iruña
KIA,Sportage,Gasolina,840.0,150.0,manual,29240,Vigo,36211,Pontevedra,Vigo
KIA,Sportage,Gasolina,840.0,150.0,manual,29240,Granada,18005,Granada,Granada
KIA,Sportage,Gasolina,63071.0,132.0,manual,21200,Alameda del Obispo,14005,Córdoba,Alameda del Obispo
KIA,Sportage,Gasolina,840.0,150.0,manual,29240,Fuenlabrada,28947,Madrid,Fuenlabrada
KIA,Sportage,Diésel,45717.0,115.0,manual,21950,Alameda del Obispo,14005,Córdoba,Alameda del Obispo
KIA,Sportage,Gasolina,33500.0,132.0,manual,19490,Sant Boi de Llobregat,8830,Barcelona,Sant Boi de Llobregat
KIA,Sportage,Gasolina,38500.0,132.0,manual,20490,Sant Boi de Llobregat,8830,Barcelona,Sant Boi de Llobregat
KIA,Sportage,Diésel,59337.0,136.0,manual,25990,Alameda del Obispo,14005,Córdoba,Alameda del Obispo
KIA,Sportage,Gasolina,840.0,150.0,manual,29240,Colonia Pablo Iglesias,28520,Madrid,Colonia Pablo Iglesias
KIA,Sportage,Diésel,69999.0,115.0,manual,17490,Murcia,30005,Murcia,Murcia
KIA,Sportage,Diésel,130903.0,115.0,manual,8990,Murcia,30005,Murcia,Murcia
KIA,Sportage,Diésel,130903.0,115.0,manual,8990,Cáceres,10001,Cáceres,Cáceres
KIA,Sportage,Diésel,69999.0,115.0,manual,17490,Bilbao,48004,Bizkaia,Bilbao
KIA,Sportage,Gasolina,840.0,150.0,manual,29240,Murcia,30005,Murcia,Murcia
KIA,Sportage,Diésel,130903.0,115.0,manual,8990,Bilbao,48004,Bizkaia,Bilbao
KIA,Sportage,Diésel,69999.0,115.0,manual,17490,Sevilla,41005,Sevilla,Sevilla
KIA,Sportage,Diésel,69999.0,115.0,manual,17490,Valencia,46001,Valencia,Valencia
KIA,Sportage,Diésel,103814.0,115.0,manual,14290,Málaga,29005,Málaga,Málaga
KIA,Sportage,Diésel,103814.0,115.0,manual,14790,Málaga,29005,Málaga,Málaga
KIA,Sportage,Gasolina,840.0,150.0,manual,29240,Bilbao,48004,Bizkaia,Bilbao
KIA,Sportage,Diésel,130903.0,115.0,manual,8990,Sevilla,41005,Sevilla,Sevilla
KIA,Sportage,Diésel,130903.0,115.0,manual,8990,Valencia,46001,Valencia,Valencia
KIA,Sportage,Gasolina,101000.0,135.0,manual,13490,Málaga,29005,Málaga,Málaga
KIA,Sportage,Diésel,130903.0,115.0,manual,8990,Badajoz,6003,Badajoz,Badajoz
KIA,Sportage,Diésel,69999.0,115.0,manual,17490,Málaga,29005,Málaga,Málaga
KIA,Sportage,Diésel,130903.0,115.0,manual,8990,Málaga,29005,Málaga,Málaga
KIA,Sportage,Gasolina,840.0,150.0,manual,29240,Las Rozas de Madrid,28232,Madrid,Las Rozas de Madrid
KIA,Sportage,Gasolina,840.0,150.0,manual,29240,Camarma de Esteruelas,28816,Madrid,Camarma de Esteruelas
KIA,Sportage,Gasolina,840.0,150.0,manual,29240,Camarma de Esteruelas,28816,Madrid,Camarma de Esteruelas
KIA,Sportage,Gasolina,840.0,150.0,manual,29240,Collado Villalba,28400,Madrid,Collado Villalba
KIA,Sportage,Gasolina,840.0,150.0,manual,29240,Collado Villalba,28400,Madrid,Collado Villalba
KIA,Sportage,Diésel,130903.0,115.0,manual,8990,Córdoba,14003,Córdoba,Córdoba
KIA,Sportage,Diésel,69999.0,115.0,manual,17490,Armentia,1007,Álava,Armentia
KIA,Sportage,Diésel,130903.0,115.0,manual,8990,Huelva,21004,Huelva,Huelva
KIA,Sportage,Diésel,130903.0,115.0,manual,8990,Sevilla,41017,Sevilla,Sevilla
KIA,Sportage,Diésel,220000.0,115.0,manual,8400,Madrid,28018,Madrid,Madrid
Volkswagen,Tiguan,Diésel,58000.0,149.0,manual,412,Gandía,46701,Valencia,Gandía
Volkswagen,Tiguan,Diésel,58000.0,149.0,manual,399,Gandía,46701,Valencia,Gandía
Volkswagen,Tiguan,Gasolina,30000.0,130.0,manual,565,Barcelona,8009,Barcelona,Barcelona
Volkswagen,Tiguan,Diésel,32432.0,150.0,automatic,26990,Madrid,28021,Madrid,Madrid
Volkswagen,Tiguan,Diésel,74995.0,150.0,automatic,28350,Orkoien,31160,Navarra,Orkoien
Volkswagen,Tiguan,Gasolina,23206.0,130.0,manual,23990,Almería,4006,Almería,Almería
Volkswagen,Tiguan,Gasolina,23206.0,130.0,manual,23990,Ullastrell,8231,Barcelona,Ullastrell
Volkswagen,Tiguan,Gasolina,23206.0,130.0,manual,23990,Alicante,3010,Alicante,Alicante
Volkswagen,Tiguan,Gasolina,23206.0,130.0,manual,23990,Alicante,3010,Murcia,Alicante
Volkswagen,Tiguan,Gasolina,23206.0,130.0,manual,23990,Vigo,36211,Pontevedra,Vigo
Volkswagen,Tiguan,Gasolina,23206.0,130.0,manual,23990,Palma de Mallorca,7003,Baleares,Palma de Mallorca
Volkswagen,Tiguan,Gasolina,23206.0,130.0,manual,23990,Òrrius,8317,Barcelona,Òrrius
Volkswagen,Tiguan,Diésel,139000.0,140.0,manual,17900,Santiago de Compostela,15707,A Coruña,Santiago de Compostela
Volkswagen,Tiguan,Diésel,130000.0,150.0,automatic,24490,Lebrija,41740,Sevilla,Lebrija
Volkswagen,Tiguan,Gasolina,45501.0,180.0,automatic,36900,Sabadell,8201,Barcelona,Sabadell
Volkswagen,Tiguan,Diésel,159000.0,110.0,manual,15500,Villanueva del Arzobispo,23330,Jaén,Villanueva del Arzobispo
Volkswagen,Tiguan,Diésel,150000.0,140.0,manual,16490,Terrassa,8226,Barcelona,Terrassa
Volkswagen,Tiguan,Diésel,126000.0,115.0,manual,17800,Madrid,28010,Madrid,Madrid
Opel,Corsa,Gasolina,186000.0,80.0,manual,4490,Elx/Elche,3296,Alicante,Elx/Elche
Opel,Corsa,Gasolina,29998.0,100.0,manual,16490,Madrid,28021,Madrid,Madrid
Opel,Corsa,Gasolina,29998.0,100.0,manual,15990,Madrid,28021,Madrid,Madrid
Opel,Corsa,Gasolina,46645.0,100.0,manual,15590,Madrid,28021,Madrid,Madrid
Opel,Corsa,Gasolina,46645.0,100.0,manual,14990,Madrid,28021,Madrid,Madrid
Opel,Corsa,Diésel,23289.0,102.0,manual,16490,Madrid,28021,Madrid,Madrid
Opel,Corsa,Gasolina,25485.0,100.0,manual,15490,Madrid,28021,Madrid,Madrid
Opel,Corsa,Gasolina,21854.0,100.0,manual,15690,Madrid,28021,Madrid,Madrid
Opel,Corsa,Otros,90167.0,90.0,manual,11990,Madrid,28021,Madrid,Madrid
Opel,Corsa,Gasolina,54131.0,90.0,manual,12300,Torremolinos,29620,Málaga,Torremolinos
Opel,Corsa,Gasolina,54131.0,90.0,manual,12300,Torremolinos,29620,Málaga,Torremolinos
Opel,Corsa,Gasolina,54131.0,90.0,manual,12300,Torremolinos,29620,Málaga,Torremolinos
Opel,Corsa,Gasolina,54131.0,90.0,manual,12300,Olèrdola,8734,Barcelona,Olèrdola
Opel,Corsa,Gasolina,54131.0,90.0,manual,12300,Olèrdola,8734,Barcelona,Olèrdola
Opel,Corsa,Gasolina,54131.0,90.0,manual,12300,Mercado Parque Corredor del Henares,28850,Madrid,Mercado Parque Corredor del Henares
Opel,Corsa,Gasolina,10000.0,100.0,automatic,15990,Almería,4006,Almería,Almería
Opel,Corsa,Gasolina,10000.0,100.0,automatic,15990,Toledo,45002,Toledo,Toledo
Opel,Corsa,Gasolina,10000.0,100.0,automatic,15990,Alicante,3010,Alicante,Alicante
Opel,Corsa,Gasolina,10000.0,100.0,automatic,15990,Alicante,3010,Murcia,Alicante
Opel,Corsa,Gasolina,10000.0,100.0,automatic,15990,Vigo,36211,Pontevedra,Vigo
Opel,Corsa,Gasolina,10000.0,100.0,automatic,15990,Granada,18005,Granada,Granada
Opel,Corsa,Gasolina,10000.0,100.0,automatic,15990,Fuenlabrada,28947,Madrid,Fuenlabrada
Opel,Corsa,Gasolina,10000.0,100.0,automatic,15990,Colonia Pablo Iglesias,28520,Madrid,Colonia Pablo Iglesias
Opel,Corsa,Gasolina,10000.0,100.0,automatic,15990,Murcia,30005,Murcia,Murcia
Opel,Corsa,Gasolina,59450.0,120.0,manual,9990,Málaga,29005,Málaga,Málaga
Opel,Corsa,Gasolina,10000.0,100.0,automatic,15990,Bilbao,48004,Bizkaia,Bilbao
Opel,Corsa,Gasolina,10000.0,100.0,automatic,15990,Las Rozas de Madrid,28232,Madrid,Las Rozas de Madrid
Opel,Corsa,Gasolina,10000.0,100.0,automatic,15990,Camarma de Esteruelas,28816,Madrid,Camarma de Esteruelas
Opel,Corsa,Gasolina,10000.0,100.0,automatic,15990,Camarma de Esteruelas,28816,Madrid,Camarma de Esteruelas
Opel,Corsa,Gasolina,10000.0,100.0,automatic,15990,Collado Villalba,28400,Madrid,Collado Villalba
Opel,Corsa,Gasolina,10000.0,100.0,automatic,15990,Collado Villalba,28400,Madrid,Collado Villalba
Opel,Corsa,Gasolina,106113.0,85.0,manual,7800,Beade,36312,Pontevedra,Beade
Opel,Corsa,Gasolina,37000.0,90.0,manual,9999,Valencia,46002,Valencia,Valencia
Opel,Corsa,Gasolina,37000.0,90.0,manual,9999,Bormujos,41930,Sevilla,Bormujos
Opel,Corsa,Gasolina,100000.0,100.0,manual,6800,Vilafranca del Penedès,8720,Barcelona,Vilafranca del Penedès
Opel,Corsa,Otros,33000.0,90.0,manual,11800,Riba-Roja de Turia,46190,Valencia,Riba-Roja de Turia
Opel,Corsa,Diésel,199000.0,75.0,manual,3990,Canovelles,8420,Barcelona,Canovelles
Opel,Corsa,Gasolina,190000.0,80.0,manual,1990,Badalona,8913,Barcelona,Badalona
Opel,Astra,Diésel,90000.0,95.0,manual,8900,Lleida,25006,Lleida,Lleida
Opel,Astra,Diésel,90000.0,95.0,manual,8990,Lleida,25006,Lleida,Lleida
Opel,Astra,Diésel,220000.0,110.0,manual,4400,Tortosa,43500,Tarragona,Tortosa
Opel,Astra,Gasolina,155000.0,115.0,manual,6900,Tortosa,43500,Tarragona,Tortosa
Opel,Astra,Diésel,230000.0,110.0,manual,5300,Reus,43202,Tarragona,Reus
Opel,Astra,Diésel,90000.0,136.0,manual,14800,Ciudad Deportiva del Jarama,28709,Madrid,Ciudad Deportiva del Jarama
Opel,Astra,Diésel,67321.0,110.0,manual,13970,Puerto de Sagunto,46520,Valencia,Puerto de Sagunto
Opel,Astra,Diésel,126784.0,110.0,manual,13990,Madrid,28021,Madrid,Madrid
Opel,Astra,Gasolina,38315.0,145.0,manual,18990,Madrid,28021,Madrid,Madrid
Opel,Astra,Diésel,67679.0,130.0,manual,11770,Torremolinos,29620,Málaga,Torremolinos
Opel,Astra,Diésel,67679.0,130.0,manual,11770,Torremolinos,29620,Málaga,Torremolinos
Opel,Astra,Diésel,67679.0,130.0,manual,11770,Torremolinos,29620,Málaga,Torremolinos
Opel,Astra,Diésel,67321.0,110.0,manual,13970,Torremolinos,29620,Málaga,Torremolinos
Opel,Astra,Diésel,67321.0,110.0,manual,13970,Torremolinos,29620,Málaga,Torremolinos
Opel,Astra,Diésel,67321.0,110.0,manual,13970,Torremolinos,29620,Málaga,Torremolinos
Opel,Astra,Diésel,67321.0,110.0,manual,13970,Ciudad Real,13003,Ciudad Real,Ciudad Real
Opel,Astra,Diésel,67321.0,110.0,manual,13970,Barcelona,8007,Barcelona,Barcelona
Opel,Astra,Diésel,67321.0,110.0,manual,13970,Getafe,28906,Madrid,Getafe
Opel,Astra,Diésel,67321.0,110.0,manual,13970,Santiago de Compostela,15703,A Coruña,Santiago de Compostela
Opel,Astra,Diésel,67321.0,110.0,manual,13970,Albacete,2001,Albacete,Albacete
Opel,Astra,Diésel,67321.0,110.0,manual,13970,Vigo,36214,Pontevedra,Vigo
Opel,Astra,Diésel,67321.0,110.0,manual,13970,Badajoz,6008,Badajoz,Badajoz
Opel,Astra,Diésel,67321.0,110.0,manual,13970,Saladar,3700,Alicante,Saladar
Opel,Astra,Diésel,67321.0,110.0,manual,13970,Santafe,18320,Granada,Santafe
Opel,Astra,Diésel,67679.0,130.0,manual,11770,Olèrdola,8734,Barcelona,Olèrdola
Opel,Astra,Diésel,67679.0,130.0,manual,11770,Olèrdola,8734,Barcelona,Olèrdola
Opel,Astra,Diésel,67321.0,110.0,manual,13970,Murcia,30003,Murcia,Murcia
Opel,Astra,Diésel,126936.0,110.0,manual,7990,Almería,4006,Almería,Almería
Opel,Astra,Diésel,67321.0,110.0,manual,13970,Olèrdola,8734,Barcelona,Olèrdola
Opel,Astra,Diésel,67321.0,110.0,manual,13970,Olèrdola,8734,Barcelona,Olèrdola
Opel,Astra,Diésel,67321.0,110.0,manual,13970,Castello/Castellon de La Plana,12100,Castellón,Castello/Castellon de La Plana
Opel,Astra,Diésel,67679.0,130.0,manual,11770,Mercado Parque Corredor del Henares,28850,Madrid,Mercado Parque Corredor del Henares
Opel,Astra,Diésel,67321.0,110.0,manual,13970,Mercado Parque Corredor del Henares,28850,Madrid,Mercado Parque Corredor del Henares
Opel,Astra,Gasolina,164967.0,125.0,manual,9990,Almería,4006,Almería,Almería
Opel,Astra,Gasolina,85992.0,125.0,manual,11990,Almería,4006,Almería,Almería
Opel,Astra,Diésel,67321.0,110.0,manual,13970,Granollers,8403,Barcelona,Granollers
Opel,Astra,Diésel,67321.0,110.0,manual,13970,Alicante,3007,Alicante,Alicante
Opel,Astra,Diésel,67321.0,110.0,manual,13970,Alzira,46600,Valencia,Alzira
Opel,Astra,Diésel,67321.0,110.0,manual,13970,Alzira,46600,Valencia,Alzira
Opel,Astra,Diésel,67321.0,110.0,manual,13970,Las Rozas de Madrid,28232,Madrid,Las Rozas de Madrid
Opel,Astra,Diésel,67321.0,110.0,manual,13970,Valdepeñas,13300,Ciudad Real,Valdepeñas
Opel,Astra,Diésel,67321.0,110.0,manual,13970,Valdepeñas,13300,Ciudad Real,Valdepeñas
Opel,Astra,Diésel,67321.0,110.0,manual,13970,Mercabilbao,48970,Bizkaia,Mercabilbao
Opel,Astra,Diésel,126936.0,110.0,manual,7990,Marbella,29601,Málaga,Marbella
Opel,Astra,Diésel,126936.0,110.0,manual,7990,Alicante,3010,Alicante,Alicante
Opel,Astra,Diésel,126936.0,110.0,manual,7990,Alicante,3010,Murcia,Alicante
Opel,Astra,Diésel,67321.0,110.0,manual,13970,Zaragoza,50013,Zaragoza,Zaragoza
Opel,Astra,Diésel,67321.0,110.0,manual,13970,Estepona,29680,Málaga,Estepona
Opel,Astra,Diésel,67321.0,110.0,manual,13970,Alcalá de Guadaíra,41500,Sevilla,Alcalá de Guadaíra
Opel,Astra,Diésel,67321.0,110.0,manual,13970,Colonia Pablo Iglesias,28520,Madrid,Colonia Pablo Iglesias
Opel,Astra,Diésel,126936.0,110.0,manual,7990,Vigo,36211,Pontevedra,Vigo
Opel,Astra,Diésel,126936.0,110.0,manual,7990,Granada,18005,Granada,Granada
Opel,Astra,Diésel,104043.0,165.0,automatic,10499,Madrid,28014,Madrid,Madrid
Opel,Astra,Diésel,104043.0,165.0,automatic,10499,Barcelona,8007,Barcelona,Barcelona
Opel,Astra,Gasolina,43007.0,200.0,manual,18999,Madrid,28014,Madrid,Madrid
Opel,Astra,Gasolina,43007.0,200.0,manual,18999,Barcelona,8007,Barcelona,Barcelona
Opel,Astra,Diésel,73786.0,135.0,manual,12099,Madrid,28014,Madrid,Madrid
Opel,Astra,Diésel,73786.0,135.0,manual,12099,Barcelona,8007,Barcelona,Barcelona
Opel,Astra,Diésel,67321.0,110.0,manual,13970,Alameda del Obispo,14005,Córdoba,Alameda del Obispo
Opel,Astra,Gasolina,164967.0,125.0,manual,9990,Alicante,3010,Alicante,Alicante
Opel,Astra,Gasolina,164967.0,125.0,manual,9990,Alicante,3010,Murcia,Alicante
Opel,Astra,Gasolina,85992.0,125.0,manual,11990,Alicante,3010,Alicante,Alicante
Opel,Astra,Gasolina,85992.0,125.0,manual,11990,Alicante,3010,Murcia,Alicante
Opel,Astra,Diésel,76342.0,105.0,manual,15950,Sant Boi de Llobregat,8830,Barcelona,Sant Boi de Llobregat
Opel,Astra,Gasolina,164967.0,125.0,manual,9990,Vigo,36211,Pontevedra,Vigo
Opel,Astra,Gasolina,85992.0,125.0,manual,11990,Vigo,36211,Pontevedra,Vigo
Opel,Astra,Gasolina,164967.0,125.0,manual,9990,Granada,18005,Granada,Granada
Opel,Astra,Gasolina,85992.0,125.0,manual,11990,Granada,18005,Granada,Granada
Opel,Astra,Diésel,126936.0,110.0,manual,7990,Murcia,30005,Murcia,Murcia
Opel,Astra,Gasolina,164967.0,125.0,manual,9990,Cáceres,10001,Cáceres,Cáceres
Opel,Astra,Diésel,126936.0,110.0,manual,7990,Bilbao,48004,Bizkaia,Bilbao
Opel,Astra,Diésel,126936.0,110.0,manual,7990,Sevilla,41005,Sevilla,Sevilla
Opel,Astra,Diésel,126936.0,110.0,manual,7990,Valencia,46001,Valencia,Valencia
Opel,Astra,Gasolina,164967.0,125.0,manual,9990,Murcia,30005,Murcia,Murcia
Opel,Astra,Gasolina,85992.0,125.0,manual,11990,Murcia,30005,Murcia,Murcia
Opel,Astra,Diésel,126936.0,110.0,manual,7990,Málaga,29005,Málaga,Málaga
Opel,Astra,Gasolina,164967.0,125.0,manual,9990,Bilbao,48004,Bizkaia,Bilbao
Opel,Astra,Gasolina,85992.0,125.0,manual,11990,Bilbao,48004,Bizkaia,Bilbao
Opel,Astra,Gasolina,85992.0,125.0,manual,11990,Palma de Mallorca,7003,Baleares,Palma de Mallorca
Opel,Astra,Gasolina,164967.0,125.0,manual,9990,Badajoz,6003,Badajoz,Badajoz
Opel,Astra,Diésel,126936.0,110.0,manual,7990,Algeciras,11202,Cádiz,Algeciras
Opel,Astra,Gasolina,164967.0,125.0,manual,9990,Córdoba,14003,Córdoba,Córdoba
Opel,Astra,Gasolina,164967.0,125.0,manual,9990,Huelva,21004,Huelva,Huelva
Opel,Astra,Gasolina,85992.0,125.0,manual,11990,Castellón,12001,Castellón,Castellón
Opel,Astra,Gasolina,47015.0,110.0,manual,16900,Sevilla,41006,Sevilla,Sevilla
Opel,Astra,Diésel,475000.0,150.0,manual,1000,Pinto,28320,Madrid,Pinto
Opel,Astra,Diésel,200000.0,100.0,manual,2490,Revilla de Camargo,39600,Cantabria,Revilla de Camargo
Opel,Astra,Diésel,170000.0,110.0,manual,4990,Badalona,8913,Barcelona,Badalona
Opel,Astra,Gasolina,124000.0,115.0,manual,6490,Elx/Elche,3296,Alicante,Elx/Elche
Land Rover,Range Rover Evoque,Diésel,144000.0,180.0,automatic,33500,Alcorcón,28921,Madrid,Alcorcón
Land Rover,Range Rover Evoque,Diésel,179526.0,190.0,automatic,21450,Puerto de Sagunto,46520,Valencia,Puerto de Sagunto
Land Rover,Range Rover Evoque,Diésel,82746.0,150.0,automatic,27900,Puerto de Sagunto,46520,Valencia,Puerto de Sagunto
Land Rover,Range Rover Evoque,Diésel,86114.0,150.0,automatic,25900,Puerto de Sagunto,46520,Valencia,Puerto de Sagunto
Land Rover,Range Rover Evoque,Diésel,179526.0,190.0,automatic,21450,Alcobendas,28100,Madrid,Alcobendas
Land Rover,Range Rover Evoque,Diésel,86114.0,150.0,automatic,25900,Alcobendas,28100,Madrid,Alcobendas
Land Rover,Range Rover Evoque,Diésel,82746.0,150.0,automatic,27900,Alcobendas,28100,Madrid,Alcobendas
Land Rover,Range Rover Evoque,Diésel,179526.0,190.0,automatic,21450,Torremolinos,29620,Málaga,Torremolinos
Land Rover,Range Rover Evoque,Diésel,179526.0,190.0,automatic,21450,Torremolinos,29620,Málaga,Torremolinos
Land Rover,Range Rover Evoque,Diésel,179526.0,190.0,automatic,21450,Torremolinos,29620,Málaga,Torremolinos
Land Rover,Range Rover Evoque,Diésel,88423.0,150.0,manual,23800,Torremolinos,29620,Málaga,Torremolinos
Land Rover,Range Rover Evoque,Diésel,88423.0,150.0,manual,23800,Torremolinos,29620,Málaga,Torremolinos
Land Rover,Range Rover Evoque,Diésel,88423.0,150.0,manual,23800,Torremolinos,29620,Málaga,Torremolinos
Land Rover,Range Rover Evoque,Diésel,86114.0,150.0,automatic,25900,Torremolinos,29620,Málaga,Torremolinos
Land Rover,Range Rover Evoque,Diésel,86114.0,150.0,automatic,25900,Torremolinos,29620,Málaga,Torremolinos
Land Rover,Range Rover Evoque,Diésel,86114.0,150.0,automatic,25900,Torremolinos,29620,Málaga,Torremolinos
Land Rover,Range Rover Evoque,Diésel,82746.0,150.0,automatic,27900,Torremolinos,29620,Málaga,Torremolinos
Land Rover,Range Rover Evoque,Diésel,82746.0,150.0,automatic,27900,Torremolinos,29620,Málaga,Torremolinos
Land Rover,Range Rover Evoque,Diésel,82746.0,150.0,automatic,27900,Torremolinos,29620,Málaga,Torremolinos
Land Rover,Range Rover Evoque,Diésel,179526.0,190.0,automatic,21450,Ciudad Real,13003,Ciudad Real,Ciudad Real
Land Rover,Range Rover Evoque,Diésel,179526.0,190.0,automatic,21450,Barcelona,8007,Barcelona,Barcelona
Land Rover,Range Rover Evoque,Diésel,86114.0,150.0,automatic,25900,Ciudad Real,13003,Ciudad Real,Ciudad Real
Land Rover,Range Rover Evoque,Diésel,86114.0,150.0,automatic,25900,Barcelona,8007,Barcelona,Barcelona
Land Rover,Range Rover Evoque,Diésel,82746.0,150.0,automatic,27900,Ciudad Real,13003,Ciudad Real,Ciudad Real
Land Rover,Range Rover Evoque,Diésel,82746.0,150.0,automatic,27900,Barcelona,8007,Barcelona,Barcelona
Land Rover,Range Rover Evoque,Diésel,179526.0,190.0,automatic,21450,Getafe,28906,Madrid,Getafe
Land Rover,Range Rover Evoque,Diésel,179526.0,190.0,automatic,21450,Santiago de Compostela,15703,A Coruña,Santiago de Compostela
Land Rover,Range Rover Evoque,Diésel,86114.0,150.0,automatic,25900,Getafe,28906,Madrid,Getafe
Land Rover,Range Rover Evoque,Diésel,82746.0,150.0,automatic,27900,Getafe,28906,Madrid,Getafe
Land Rover,Range Rover Evoque,Diésel,179526.0,190.0,automatic,21450,Albacete,2001,Albacete,Albacete
Land Rover,Range Rover Evoque,Diésel,86114.0,150.0,automatic,25900,Santiago de Compostela,15703,A Coruña,Santiago de Compostela
Land Rover,Range Rover Evoque,Diésel,82746.0,150.0,automatic,27900,Santiago de Compostela,15703,A Coruña,Santiago de Compostela
Land Rover,Range Rover Evoque,Diésel,86114.0,150.0,automatic,25900,Albacete,2001,Albacete,Albacete
Land Rover,Range Rover Evoque,Diésel,82746.0,150.0,automatic,27900,Albacete,2001,Albacete,Albacete
Land Rover,Range Rover Evoque,Diésel,179526.0,190.0,automatic,21450,Vigo,36214,Pontevedra,Vigo
Land Rover,Range Rover Evoque,Diésel,86114.0,150.0,automatic,25900,Vigo,36214,Pontevedra,Vigo
Land Rover,Range Rover Evoque,Diésel,82746.0,150.0,automatic,27900,Vigo,36214,Pontevedra,Vigo
Land Rover,Range Rover Evoque,Diésel,179526.0,190.0,automatic,21450,Hidraulica Santillana,28770,Madrid,Hidraulica Santillana
Land Rover,Range Rover Evoque,Diésel,86114.0,150.0,automatic,25900,Hidraulica Santillana,28770,Madrid,Hidraulica Santillana
Land Rover,Range Rover Evoque,Diésel,82746.0,150.0,automatic,27900,Hidraulica Santillana,28770,Madrid,Hidraulica Santillana
Land Rover,Range Rover Evoque,Diésel,179526.0,190.0,automatic,21450,Badajoz,6008,Badajoz,Badajoz
Land Rover,Range Rover Evoque,Diésel,86114.0,150.0,automatic,25900,Badajoz,6008,Badajoz,Badajoz
Land Rover,Range Rover Evoque,Diésel,82746.0,150.0,automatic,27900,Badajoz,6008,Badajoz,Badajoz
Land Rover,Range Rover Evoque,Diésel,179526.0,190.0,automatic,21450,Saladar,3700,Alicante,Saladar
KIA,Carens,Gasolina,82008.0,135.0,manual,14145,Las Rozas de Madrid,28232,Madrid,Las Rozas de Madrid
Land Rover,Range Rover Evoque,Diésel,86114.0,150.0,automatic,25900,Saladar,3700,Alicante,Saladar
Land Rover,Range Rover Evoque,Diésel,82746.0,150.0,automatic,27900,Saladar,3700,Alicante,Saladar
Land Rover,Range Rover Evoque,Diésel,179526.0,190.0,automatic,21450,Santafe,18320,Granada,Santafe
Land Rover,Range Rover Evoque,Diésel,86114.0,150.0,automatic,25900,Santafe,18320,Granada,Santafe
Land Rover,Range Rover Evoque,Diésel,82746.0,150.0,automatic,27900,Santafe,18320,Granada,Santafe
Land Rover,Range Rover Evoque,Diésel,179526.0,190.0,automatic,21450,Murcia,30003,Murcia,Murcia
Land Rover,Range Rover Evoque,Diésel,86114.0,150.0,automatic,25900,Murcia,30003,Murcia,Murcia
Land Rover,Range Rover Evoque,Diésel,82746.0,150.0,automatic,27900,Murcia,30003,Murcia,Murcia
Land Rover,Range Rover Evoque,Diésel,179526.0,190.0,automatic,21450,Castello/Castellon de La Plana,12100,Castellón,Castello/Castellon de La Plana
Land Rover,Range Rover Evoque,Diésel,86114.0,150.0,automatic,25900,Castello/Castellon de La Plana,12100,Castellón,Castello/Castellon de La Plana
Land Rover,Range Rover Evoque,Diésel,82746.0,150.0,automatic,27900,Castello/Castellon de La Plana,12100,Castellón,Castello/Castellon de La Plana
Land Rover,Range Rover Evoque,Diésel,179526.0,190.0,automatic,21450,Olèrdola,8734,Barcelona,Olèrdola
Land Rover,Range Rover Evoque,Diésel,179526.0,190.0,automatic,21450,Olèrdola,8734,Barcelona,Olèrdola
Land Rover,Range Rover Evoque,Diésel,88423.0,150.0,manual,23800,Olèrdola,8734,Barcelona,Olèrdola
Land Rover,Range Rover Evoque,Diésel,88423.0,150.0,manual,23800,Olèrdola,8734,Barcelona,Olèrdola
Land Rover,Range Rover Evoque,Diésel,179526.0,190.0,automatic,21450,Mercado Parque Corredor del Henares,28850,Madrid,Mercado Parque Corredor del Henares
Land Rover,Range Rover Evoque,Diésel,86114.0,150.0,automatic,25900,Olèrdola,8734,Barcelona,Olèrdola
Land Rover,Range Rover Evoque,Diésel,86114.0,150.0,automatic,25900,Olèrdola,8734,Barcelona,Olèrdola
Land Rover,Range Rover Evoque,Diésel,82746.0,150.0,automatic,27900,Olèrdola,8734,Barcelona,Olèrdola
Land Rover,Range Rover Evoque,Diésel,82746.0,150.0,automatic,27900,Olèrdola,8734,Barcelona,Olèrdola
Land Rover,Range Rover Evoque,Diésel,88423.0,150.0,manual,23800,Mercado Parque Corredor del Henares,28850,Madrid,Mercado Parque Corredor del Henares
Land Rover,Range Rover Evoque,Diésel,179526.0,190.0,automatic,21450,Granollers,8403,Barcelona,Granollers
Land Rover,Range Rover Evoque,Diésel,86114.0,150.0,automatic,25900,Mercado Parque Corredor del Henares,28850,Madrid,Mercado Parque Corredor del Henares
Land Rover,Range Rover Evoque,Diésel,82746.0,150.0,automatic,27900,Mercado Parque Corredor del Henares,28850,Madrid,Mercado Parque Corredor del Henares
Land Rover,Range Rover Evoque,Diésel,86114.0,150.0,automatic,25900,Granollers,8403,Barcelona,Granollers
Land Rover,Range Rover Evoque,Diésel,179526.0,190.0,automatic,21450,Alicante,3007,Alicante,Alicante
Land Rover,Range Rover Evoque,Diésel,179526.0,190.0,automatic,21450,Alzira,46600,Valencia,Alzira
Land Rover,Range Rover Evoque,Diésel,179526.0,190.0,automatic,21450,Alzira,46600,Valencia,Alzira
Land Rover,Range Rover Evoque,Diésel,179526.0,190.0,automatic,21450,Mercabilbao,48970,Bizkaia,Mercabilbao
Land Rover,Range Rover Evoque,Diésel,179526.0,190.0,automatic,21450,Las Rozas de Madrid,28232,Madrid,Las Rozas de Madrid
Land Rover,Range Rover Evoque,Diésel,179526.0,190.0,automatic,21450,Valdepeñas,13300,Ciudad Real,Valdepeñas
Land Rover,Range Rover Evoque,Diésel,179526.0,190.0,automatic,21450,Valdepeñas,13300,Ciudad Real,Valdepeñas
Land Rover,Range Rover Evoque,Diésel,82746.0,150.0,automatic,27900,Granollers,8403,Barcelona,Granollers
Land Rover,Range Rover Evoque,Diésel,86114.0,150.0,automatic,25900,Alicante,3007,Alicante,Alicante
Land Rover,Range Rover Evoque,Diésel,86114.0,150.0,automatic,25900,Alzira,46600,Valencia,Alzira
Land Rover,Range Rover Evoque,Diésel,86114.0,150.0,automatic,25900,Alzira,46600,Valencia,Alzira
Land Rover,Range Rover Evoque,Diésel,86114.0,150.0,automatic,25900,Valdepeñas,13300,Ciudad Real,Valdepeñas
Land Rover,Range Rover Evoque,Diésel,86114.0,150.0,automatic,25900,Valdepeñas,13300,Ciudad Real,Valdepeñas
Land Rover,Range Rover Evoque,Diésel,86114.0,150.0,automatic,25900,Mercabilbao,48970,Bizkaia,Mercabilbao
Volvo,C70,Gasolina,92500.0,163.0,manual,8000,Madrid,28022,Madrid,Madrid
Land Rover,Range Rover Evoque,Diésel,86114.0,150.0,automatic,25900,Las Rozas de Madrid,28232,Madrid,Las Rozas de Madrid
Land Rover,Range Rover Evoque,Diésel,82746.0,150.0,automatic,27900,Alicante,3007,Alicante,Alicante
Land Rover,Range Rover Evoque,Diésel,82746.0,150.0,automatic,27900,Alzira,46600,Valencia,Alzira
Land Rover,Range Rover Evoque,Diésel,82746.0,150.0,automatic,27900,Alzira,46600,Valencia,Alzira
Land Rover,Range Rover Evoque,Diésel,82746.0,150.0,automatic,27900,Las Rozas de Madrid,28232,Madrid,Las Rozas de Madrid
Land Rover,Range Rover Evoque,Diésel,82746.0,150.0,automatic,27900,Valdepeñas,13300,Ciudad Real,Valdepeñas
Land Rover,Range Rover Evoque,Diésel,82746.0,150.0,automatic,27900,Valdepeñas,13300,Ciudad Real,Valdepeñas
Land Rover,Range Rover Evoque,Diésel,82746.0,150.0,automatic,27900,Mercabilbao,48970,Bizkaia,Mercabilbao
Land Rover,Range Rover Evoque,Diésel,179526.0,190.0,automatic,21450,Zaragoza,50013,Zaragoza,Zaragoza
Land Rover,Range Rover Evoque,Diésel,179526.0,190.0,automatic,21450,Paterna,46980,Valencia,Paterna
Land Rover,Range Rover Evoque,Diésel,179526.0,190.0,automatic,21450,Colonia Pablo Iglesias,28520,Madrid,Colonia Pablo Iglesias
Land Rover,Range Rover Evoque,Diésel,179526.0,190.0,automatic,21450,Atarrabia,31610,Navarra,Atarrabia
Land Rover,Range Rover Evoque,Diésel,179526.0,190.0,automatic,21450,Alcalá de Guadaíra,41500,Sevilla,Alcalá de Guadaíra
KIA,Carens,Gasolina,82008.0,135.0,manual,14145,Torremolinos,29620,Málaga,Torremolinos
KIA,Carens,Gasolina,82008.0,135.0,manual,14145,Torremolinos,29620,Málaga,Torremolinos
KIA,Carens,Gasolina,82008.0,135.0,manual,14145,Torremolinos,29620,Málaga,Torremolinos
Land Rover,Range Rover Evoque,Diésel,179526.0,190.0,automatic,21450,Estepona,29680,Málaga,Estepona
Land Rover,Range Rover Evoque,Diésel,86114.0,150.0,automatic,25900,Colonia Pablo Iglesias,28520,Madrid,Colonia Pablo Iglesias
Land Rover,Range Rover Evoque,Diésel,86114.0,150.0,automatic,25900,Zaragoza,50013,Zaragoza,Zaragoza
Land Rover,Range Rover Evoque,Diésel,86114.0,150.0,automatic,25900,Paterna,46980,Valencia,Paterna
Land Rover,Range Rover Evoque,Diésel,86114.0,150.0,automatic,25900,Atarrabia,31610,Navarra,Atarrabia
Land Rover,Range Rover Evoque,Diésel,86114.0,150.0,automatic,25900,Alcalá de Guadaíra,41500,Sevilla,Alcalá de Guadaíra
Land Rover,Range Rover Evoque,Diésel,86114.0,150.0,automatic,25900,Estepona,29680,Málaga,Estepona
Land Rover,Range Rover Evoque,Diésel,82746.0,150.0,automatic,27900,Colonia Pablo Iglesias,28520,Madrid,Colonia Pablo Iglesias
Land Rover,Range Rover Evoque,Diésel,82746.0,150.0,automatic,27900,Zaragoza,50013,Zaragoza,Zaragoza
Land Rover,Range Rover Evoque,Diésel,82746.0,150.0,automatic,27900,Paterna,46980,Valencia,Paterna
Land Rover,Range Rover Evoque,Diésel,82746.0,150.0,automatic,27900,Atarrabia,31610,Navarra,Atarrabia
Land Rover,Range Rover Evoque,Diésel,82746.0,150.0,automatic,27900,Alcalá de Guadaíra,41500,Sevilla,Alcalá de Guadaíra
Land Rover,Range Rover Evoque,Diésel,82746.0,150.0,automatic,27900,Estepona,29680,Málaga,Estepona
Land Rover,Range Rover Evoque,Diésel,179526.0,190.0,automatic,21450,Alameda del Obispo,14005,Córdoba,Alameda del Obispo
Land Rover,Range Rover Evoque,Diésel,86114.0,150.0,automatic,25900,Alameda del Obispo,14005,Córdoba,Alameda del Obispo
Land Rover,Range Rover Evoque,Diésel,82746.0,150.0,automatic,27900,Alameda del Obispo,14005,Córdoba,Alameda del Obispo
Land Rover,Range Rover Evoque,Diésel,152000.0,190.0,automatic,20900,Vigo,36207,Pontevedra,Vigo
Land Rover,Range Rover Evoque,Diésel,147000.0,150.0,manual,20700,Sant Boi de Llobregat,8830,Barcelona,Sant Boi de Llobregat
Land Rover,Range Rover Evoque,Diésel,124000.0,190.0,automatic,24900,Donostia-San Sebastián,20018,Gipuzkoa,Donostia-San Sebastián
Jeep,Renegade,Gasolina,8670.0,150.0,automatic,29889,Santiago de Compostela,15703,A Coruña,Santiago de Compostela
Jeep,Renegade,Gasolina,8670.0,150.0,automatic,29889,Albacete,2001,Albacete,Albacete
Jeep,Renegade,Gasolina,8670.0,150.0,automatic,29889,Vigo,36214,Pontevedra,Vigo
Jeep,Renegade,Gasolina,8670.0,150.0,automatic,29889,Hidraulica Santillana,28770,Madrid,Hidraulica Santillana
Jeep,Renegade,Gasolina,8670.0,150.0,automatic,29889,Badajoz,6008,Badajoz,Badajoz
Jeep,Renegade,Gasolina,8670.0,150.0,automatic,29889,Saladar,3700,Alicante,Saladar
Jeep,Renegade,Gasolina,132569.0,120.0,manual,14990,Santander,39010,Cantabria,Santander
Jeep,Renegade,Gasolina,132569.0,120.0,manual,14490,Santander,39010,Cantabria,Santander
Jeep,Renegade,Gasolina,132569.0,120.0,manual,14990,Almería,4006,Almería,Almería
Jeep,Renegade,Gasolina,132569.0,120.0,manual,14490,Almería,4006,Almería,Almería
Jeep,Renegade,Gasolina,8670.0,150.0,automatic,29889,Santafe,18320,Granada,Santafe
Jeep,Renegade,Gasolina,91840.0,120.0,manual,14990,Almería,4006,Almería,Almería
Jeep,Renegade,Gasolina,8670.0,150.0,automatic,29889,Murcia,30003,Murcia,Murcia
Jeep,Renegade,Gasolina,8670.0,150.0,automatic,29889,Castello/Castellon de La Plana,12100,Castellón,Castello/Castellon de La Plana
Jeep,Renegade,Gasolina,8670.0,150.0,automatic,29889,Olèrdola,8734,Barcelona,Olèrdola
Jeep,Renegade,Gasolina,8670.0,150.0,automatic,29889,Olèrdola,8734,Barcelona,Olèrdola
Jeep,Renegade,Gasolina,132569.0,120.0,manual,14990,Oviedo,33003,Asturias,Oviedo
Jeep,Renegade,Gasolina,132569.0,120.0,manual,14490,Oviedo,33003,Asturias,Oviedo
Jeep,Renegade,Gasolina,8670.0,150.0,automatic,29889,Mercado Parque Corredor del Henares,28850,Madrid,Mercado Parque Corredor del Henares
Jeep,Renegade,Gasolina,8670.0,150.0,automatic,29889,Granollers,8403,Barcelona,Granollers
Jeep,Renegade,Gasolina,132569.0,120.0,manual,14990,Alicante,3010,Alicante,Alicante
Jeep,Renegade,Gasolina,132569.0,120.0,manual,14990,Alicante,3010,Murcia,Alicante
Jeep,Renegade,Gasolina,132569.0,120.0,manual,14490,Alicante,3010,Alicante,Alicante
Jeep,Renegade,Gasolina,132569.0,120.0,manual,14490,Alicante,3010,Murcia,Alicante
Jeep,Renegade,Gasolina,8670.0,150.0,automatic,29889,Alicante,3007,Alicante,Alicante
Jeep,Renegade,Gasolina,8670.0,150.0,automatic,29889,Alzira,46600,Valencia,Alzira
Jeep,Renegade,Gasolina,8670.0,150.0,automatic,29889,Alzira,46600,Valencia,Alzira
Jeep,Renegade,Gasolina,8670.0,150.0,automatic,29889,Las Rozas de Madrid,28232,Madrid,Las Rozas de Madrid
Jeep,Renegade,Gasolina,8670.0,150.0,automatic,29889,Valdepeñas,13300,Ciudad Real,Valdepeñas
Jeep,Renegade,Gasolina,8670.0,150.0,automatic,29889,Valdepeñas,13300,Ciudad Real,Valdepeñas
Jeep,Renegade,Gasolina,8670.0,150.0,automatic,29889,Mercabilbao,48970,Bizkaia,Mercabilbao
Jeep,Renegade,Gasolina,132569.0,120.0,manual,14990,Vigo,36211,Pontevedra,Vigo
Jeep,Renegade,Gasolina,132569.0,120.0,manual,14490,Vigo,36211,Pontevedra,Vigo
Jeep,Renegade,Gasolina,132569.0,120.0,manual,14990,Granada,18005,Granada,Granada
Jeep,Renegade,Gasolina,132569.0,120.0,manual,14490,Granada,18005,Granada,Granada
Jeep,Renegade,Gasolina,8670.0,150.0,automatic,29889,Colonia Pablo Iglesias,28520,Madrid,Colonia Pablo Iglesias
Jeep,Renegade,Gasolina,8670.0,150.0,automatic,29889,Zaragoza,50013,Zaragoza,Zaragoza
Jeep,Renegade,Gasolina,8670.0,150.0,automatic,29889,Paterna,46980,Valencia,Paterna
Jeep,Renegade,Gasolina,8670.0,150.0,automatic,29889,Atarrabia,31610,Navarra,Atarrabia
Jeep,Renegade,Gasolina,8670.0,150.0,automatic,29889,Alcalá de Guadaíra,41500,Sevilla,Alcalá de Guadaíra
Jeep,Renegade,Gasolina,8670.0,150.0,automatic,29889,Estepona,29680,Málaga,Estepona
Jeep,Renegade,Gasolina,91840.0,120.0,manual,14990,Alicante,3010,Alicante,Alicante
Jeep,Renegade,Gasolina,91840.0,120.0,manual,14990,Alicante,3010,Murcia,Alicante
Jeep,Renegade,Gasolina,91840.0,120.0,manual,14990,Vigo,36211,Pontevedra,Vigo
Jeep,Renegade,Gasolina,91840.0,120.0,manual,14990,Granada,18005,Granada,Granada
Jeep,Renegade,Gasolina,91840.0,120.0,manual,14990,Ciudad Real,13005,Ciudad Real,Ciudad Real
Jeep,Renegade,Gasolina,8670.0,150.0,automatic,29889,Alameda del Obispo,14005,Córdoba,Alameda del Obispo
Jeep,Renegade,Gasolina,132569.0,120.0,manual,14990,Murcia,30005,Murcia,Murcia
Jeep,Renegade,Gasolina,132569.0,120.0,manual,14490,Murcia,30005,Murcia,Murcia
Jeep,Renegade,Gasolina,132569.0,120.0,manual,14990,Bilbao,48004,Bizkaia,Bilbao
Jeep,Renegade,Gasolina,132569.0,120.0,manual,14490,Bilbao,48004,Bizkaia,Bilbao
Jeep,Renegade,Gasolina,132569.0,120.0,manual,14990,Sevilla,41005,Sevilla,Sevilla
Jeep,Renegade,Gasolina,132569.0,120.0,manual,14490,Sevilla,41005,Sevilla,Sevilla
Jeep,Renegade,Gasolina,132569.0,120.0,manual,14990,Valencia,46001,Valencia,Valencia
Jeep,Renegade,Gasolina,132569.0,120.0,manual,14490,Valencia,46001,Valencia,Valencia
Jeep,Renegade,Gasolina,91840.0,120.0,manual,14990,Murcia,30005,Murcia,Murcia
Jeep,Renegade,Gasolina,91840.0,120.0,manual,14990,Bilbao,48004,Bizkaia,Bilbao
Jeep,Renegade,Gasolina,132569.0,120.0,manual,14990,Málaga,29005,Málaga,Málaga
Jeep,Renegade,Gasolina,132569.0,120.0,manual,14490,Málaga,29005,Málaga,Málaga
Jeep,Renegade,Gasolina,91840.0,120.0,manual,14990,Badajoz,6003,Badajoz,Badajoz
Jeep,Renegade,Gasolina,132569.0,120.0,manual,14990,Burgos,9004,Burgos,Burgos
Jeep,Renegade,Gasolina,132569.0,120.0,manual,14990,Burgos,9004,Burgos,Burgos
Jeep,Renegade,Gasolina,132569.0,120.0,manual,14490,Burgos,9004,Burgos,Burgos
Jeep,Renegade,Gasolina,132569.0,120.0,manual,14490,Burgos,9004,Burgos,Burgos
Jeep,Renegade,Gasolina,132569.0,120.0,manual,14990,Armentia,1007,Álava,Armentia
Jeep,Renegade,Gasolina,132569.0,120.0,manual,14490,Armentia,1007,Álava,Armentia
Jeep,Renegade,Gasolina,91840.0,120.0,manual,14990,Córdoba,14003,Córdoba,Córdoba
Jeep,Renegade,Gasolina,132569.0,120.0,manual,14990,Valladolid,47006,Valladolid,Valladolid
Jeep,Renegade,Gasolina,132569.0,120.0,manual,14490,Valladolid,47006,Valladolid,Valladolid
Jeep,Renegade,Gasolina,91840.0,120.0,manual,14990,Jaén,23008,Jaén,Jaén
Jeep,Renegade,Diésel,150000.0,140.0,manual,17990,Ciudad Real,13001,Ciudad Real,Ciudad Real
Jeep,Renegade,Diésel,159700.0,140.0,manual,17900,Lora del Río,41440,Sevilla,Lora del Río
Jeep,Renegade,Diésel,159700.0,140.0,manual,17900,Lora del Río,41440,Sevilla,Lora del Río
Jeep,Renegade,Diésel,98361.0,120.0,manual,21800,Caravaca de la Cruz,30400,Murcia,Caravaca de la Cruz
Jeep,Renegade,Diésel,98361.0,120.0,manual,21800,Caravaca de la Cruz,30400,Murcia,Caravaca de la Cruz
KIA,Rio,Diésel,62111.0,90.0,manual,15295,Santiago de Compostela,15703,A Coruña,Santiago de Compostela
KIA,Rio,Diésel,62111.0,90.0,manual,15295,Albacete,2001,Albacete,Albacete
KIA,Rio,Diésel,62111.0,90.0,manual,15295,Vigo,36214,Pontevedra,Vigo
KIA,Rio,Diésel,62111.0,90.0,manual,15295,Hidraulica Santillana,28770,Madrid,Hidraulica Santillana
KIA,Rio,Diésel,62111.0,90.0,manual,15295,Badajoz,6008,Badajoz,Badajoz
KIA,Rio,Diésel,62111.0,90.0,manual,15295,Saladar,3700,Alicante,Saladar
KIA,Rio,Diésel,62111.0,90.0,manual,15295,Santafe,18320,Granada,Santafe
KIA,Rio,Diésel,62111.0,90.0,manual,15295,Murcia,30003,Murcia,Murcia
KIA,Rio,Diésel,62111.0,90.0,manual,15295,Olèrdola,8734,Barcelona,Olèrdola
KIA,Rio,Diésel,62111.0,90.0,manual,15295,Olèrdola,8734,Barcelona,Olèrdola
KIA,Rio,Diésel,62111.0,90.0,manual,15295,Castello/Castellon de La Plana,12100,Castellón,Castello/Castellon de La Plana
KIA,Rio,Diésel,62111.0,90.0,manual,15295,Mercado Parque Corredor del Henares,28850,Madrid,Mercado Parque Corredor del Henares
KIA,Rio,Diésel,62111.0,90.0,manual,15295,Granollers,8403,Barcelona,Granollers
KIA,Rio,Diésel,62111.0,90.0,manual,15295,Alicante,3007,Alicante,Alicante
KIA,Rio,Diésel,62111.0,90.0,manual,15295,Las Rozas de Madrid,28232,Madrid,Las Rozas de Madrid
KIA,Rio,Diésel,62111.0,90.0,manual,15295,Valdepeñas,13300,Ciudad Real,Valdepeñas
KIA,Rio,Diésel,62111.0,90.0,manual,15295,Valdepeñas,13300,Ciudad Real,Valdepeñas
KIA,Rio,Diésel,62111.0,90.0,manual,15295,Alzira,46600,Valencia,Alzira
KIA,Rio,Diésel,62111.0,90.0,manual,15295,Alzira,46600,Valencia,Alzira
KIA,Rio,Diésel,62111.0,90.0,manual,15295,Mercabilbao,48970,Bizkaia,Mercabilbao
KIA,Rio,Diésel,62111.0,90.0,manual,15295,Alcalá de Guadaíra,41500,Sevilla,Alcalá de Guadaíra
KIA,Rio,Diésel,62111.0,90.0,manual,15295,Estepona,29680,Málaga,Estepona
KIA,Rio,Diésel,62111.0,90.0,manual,15295,Atarrabia,31610,Navarra,Atarrabia
KIA,Rio,Diésel,62111.0,90.0,manual,15295,Colonia Pablo Iglesias,28520,Madrid,Colonia Pablo Iglesias
KIA,Rio,Diésel,62111.0,90.0,manual,15295,Zaragoza,50013,Zaragoza,Zaragoza
KIA,Rio,Gasolina,29932.0,85.0,manual,12099,Madrid,28014,Madrid,Madrid
KIA,Rio,Gasolina,29932.0,85.0,manual,12099,Barcelona,8007,Barcelona,Barcelona
KIA,Rio,Gasolina,105256.0,85.0,manual,8899,Madrid,28014,Madrid,Madrid
KIA,Rio,Gasolina,105256.0,85.0,manual,8899,Barcelona,8007,Barcelona,Barcelona
KIA,Rio,Diésel,62111.0,90.0,manual,15295,Alameda del Obispo,14005,Córdoba,Alameda del Obispo
Peugeot,Partner,Diésel,105000.0,75.0,manual,14900,Vilanova i la Geltrú,8800,Barcelona,Vilanova i la Geltrú
Peugeot,Partner,Diésel,99000.0,120.0,manual,14900,Vilanova i la Geltrú,8800,Barcelona,Vilanova i la Geltrú
Peugeot,Partner,Diésel,99950.0,100.0,manual,193,Gandía,46701,Valencia,Gandía
Peugeot,Partner,Diésel,99950.0,100.0,manual,282,Barcelona,8009,Barcelona,Barcelona
Peugeot,Partner,Diésel,104686.0,98.0,manual,16675,Puerto de Sagunto,46520,Valencia,Puerto de Sagunto
Peugeot,Partner,Diésel,104686.0,98.0,manual,16675,Alcobendas,28100,Madrid,Alcobendas
Peugeot,Partner,Diésel,104686.0,98.0,manual,16675,Torremolinos,29620,Málaga,Torremolinos
Peugeot,Partner,Diésel,104686.0,98.0,manual,16675,Torremolinos,29620,Málaga,Torremolinos
Peugeot,Partner,Diésel,104686.0,98.0,manual,16675,Torremolinos,29620,Málaga,Torremolinos
Peugeot,Partner,Diésel,104686.0,98.0,manual,16675,Ciudad Real,13003,Ciudad Real,Ciudad Real
Peugeot,Partner,Diésel,104686.0,98.0,manual,16675,Barcelona,8007,Barcelona,Barcelona
Peugeot,Partner,Diésel,104686.0,98.0,manual,16675,Getafe,28906,Madrid,Getafe
Peugeot,Partner,Diésel,104686.0,98.0,manual,16675,Santiago de Compostela,15703,A Coruña,Santiago de Compostela
Peugeot,Partner,Diésel,104686.0,98.0,manual,16675,Albacete,2001,Albacete,Albacete
KIA,Carens,Gasolina,82008.0,135.0,manual,14145,Alcobendas,28100,Madrid,Alcobendas
Peugeot,Partner,Diésel,104686.0,98.0,manual,16675,Vigo,36214,Pontevedra,Vigo
Peugeot,Partner,Diésel,104686.0,98.0,manual,16675,Hidraulica Santillana,28770,Madrid,Hidraulica Santillana
Peugeot,Partner,Diésel,104686.0,98.0,manual,16675,Badajoz,6008,Badajoz,Badajoz
Peugeot,Partner,Diésel,104686.0,98.0,manual,16675,Saladar,3700,Alicante,Saladar
Peugeot,Partner,Diésel,104686.0,98.0,manual,16675,Santafe,18320,Granada,Santafe
Peugeot,Partner,Diésel,104686.0,98.0,manual,16675,Murcia,30003,Murcia,Murcia
Peugeot,Partner,Diésel,104686.0,98.0,manual,16675,Castello/Castellon de La Plana,12100,Castellón,Castello/Castellon de La Plana
Peugeot,Partner,Diésel,104686.0,98.0,manual,16675,Olèrdola,8734,Barcelona,Olèrdola
Peugeot,Partner,Diésel,104686.0,98.0,manual,16675,Olèrdola,8734,Barcelona,Olèrdola
Peugeot,Partner,Diésel,104686.0,98.0,manual,16675,Mercado Parque Corredor del Henares,28850,Madrid,Mercado Parque Corredor del Henares
Peugeot,Partner,Diésel,104686.0,98.0,manual,16675,Granollers,8403,Barcelona,Granollers
Peugeot,Partner,Diésel,104686.0,98.0,manual,16675,Alicante,3007,Alicante,Alicante
Peugeot,Partner,Diésel,104686.0,98.0,manual,16675,Alzira,46600,Valencia,Alzira
Peugeot,Partner,Diésel,104686.0,98.0,manual,16675,Alzira,46600,Valencia,Alzira
Peugeot,Partner,Diésel,104686.0,98.0,manual,16675,Las Rozas de Madrid,28232,Madrid,Las Rozas de Madrid
Peugeot,Partner,Diésel,104686.0,98.0,manual,16675,Valdepeñas,13300,Ciudad Real,Valdepeñas
Peugeot,Partner,Diésel,104686.0,98.0,manual,16675,Valdepeñas,13300,Ciudad Real,Valdepeñas
Peugeot,Partner,Diésel,104686.0,98.0,manual,16675,Mercabilbao,48970,Bizkaia,Mercabilbao
Peugeot,Partner,Diésel,104686.0,98.0,manual,16675,Alcalá de Guadaíra,41500,Sevilla,Alcalá de Guadaíra
Peugeot,Partner,Diésel,104686.0,98.0,manual,16675,Colonia Pablo Iglesias,28520,Madrid,Colonia Pablo Iglesias
Peugeot,Partner,Diésel,104686.0,98.0,manual,16675,Zaragoza,50013,Zaragoza,Zaragoza
Peugeot,Partner,Diésel,104686.0,98.0,manual,16675,Paterna,46980,Valencia,Paterna
Peugeot,Partner,Diésel,104686.0,98.0,manual,16675,Atarrabia,31610,Navarra,Atarrabia
Peugeot,Partner,Diésel,104686.0,98.0,manual,16675,Estepona,29680,Málaga,Estepona
Peugeot,Partner,Diésel,97839.0,75.0,manual,11999,Madrid,28014,Madrid,Madrid
Peugeot,Partner,Diésel,97839.0,75.0,manual,11999,Barcelona,8007,Barcelona,Barcelona
Peugeot,Partner,Diésel,104686.0,98.0,manual,16675,Alameda del Obispo,14005,Córdoba,Alameda del Obispo
Peugeot,Partner,Diésel,36407.0,100.0,manual,18500,Sant Boi de Llobregat,8830,Barcelona,Sant Boi de Llobregat
Peugeot,Partner,Diésel,11800.0,98.0,manual,21500,Sant Boi de Llobregat,8830,Barcelona,Sant Boi de Llobregat
Peugeot,Partner,Diésel,139000.0,75.0,manual,10980,Santa Coloma de Gramenet,8921,Barcelona,Santa Coloma de Gramenet
Peugeot,Partner,Diésel,169000.0,75.0,manual,9980,Santa Coloma de Gramenet,8921,Barcelona,Santa Coloma de Gramenet
Peugeot,Partner,Diésel,196000.0,75.0,manual,8980,Santa Coloma de Gramenet,8921,Barcelona,Santa Coloma de Gramenet
Peugeot,Partner,Diésel,33595.0,99.0,manual,17995,L'Hospitalet de Llobregat,8901,Barcelona,L'Hospitalet de Llobregat
Peugeot,Partner,Diésel,46325.0,75.0,manual,13500,L'Hospitalet de Llobregat,8901,Barcelona,L'Hospitalet de Llobregat
Peugeot,Partner,Diésel,210000.0,92.0,manual,7900,Ourense,32001,Ourense,Ourense
Peugeot,Partner,Diésel,213000.0,71.0,manual,4190,Elx/Elche,3296,Alicante,Elx/Elche
Renault,Megane,Gasolina,54092.0,100.0,manual,13990,Alhaurín el Grande,29120,Málaga,Alhaurín el Grande
Renault,Megane,Diésel,139000.0,110.0,manual,9500,Santa Coloma de Gramenet,8922,Barcelona,Santa Coloma de Gramenet
KIA,Carens,Diésel,167299.0,136.0,manual,9490,Salamanca,37008,Salamanca,Salamanca
KIA,Carens,Diésel,167299.0,136.0,manual,9490,Salamanca,37008,Salamanca,Salamanca
Renault,Megane,Diésel,83000.0,115.0,manual,211,Madrid,28009,Madrid,Madrid
Renault,Megane,Diésel,109000.0,115.0,manual,387,Madrid,28009,Madrid,Madrid
Renault,Megane,Diésel,115000.0,110.0,manual,445,Madrid,28006,Madrid,Madrid
Renault,Megane,Diésel,99950.0,115.0,manual,391,Madrid,28006,Madrid,Madrid
Renault,Megane,Diésel,99950.0,115.0,manual,391,Barcelona,8009,Barcelona,Barcelona
Renault,Megane,Diésel,60021.0,90.0,manual,13790,Madrid,28021,Madrid,Madrid
Renault,Megane,Gasolina,17250.0,130.0,manual,17990,Burgos,9007,Burgos,Burgos
Renault,Megane,Diésel,106227.0,115.0,manual,10990,Almería,4006,Almería,Almería
Renault,Megane,Diésel,125493.0,110.0,manual,11990,Almería,4006,Almería,Almería
Renault,Megane,Diésel,106227.0,115.0,manual,10990,Toledo,45002,Toledo,Toledo
Renault,Megane,Diésel,106227.0,115.0,manual,10990,Alicante,3010,Alicante,Alicante
Renault,Megane,Diésel,106227.0,115.0,manual,10990,Alicante,3010,Murcia,Alicante
Renault,Megane,Diésel,106227.0,115.0,manual,10990,Vigo,36211,Pontevedra,Vigo
Renault,Megane,Diésel,74526.0,110.0,manual,14999,Madrid,28014,Madrid,Madrid
Renault,Megane,Diésel,74526.0,110.0,manual,14999,Barcelona,8007,Barcelona,Barcelona
Renault,Megane,Diésel,109174.0,110.0,manual,9699,Madrid,28014,Madrid,Madrid
Renault,Megane,Diésel,109174.0,110.0,manual,9699,Barcelona,8007,Barcelona,Barcelona
Renault,Megane,Gasolina,36194.0,140.0,manual,17699,Madrid,28014,Madrid,Madrid
Renault,Megane,Gasolina,36194.0,140.0,manual,17299,Madrid,28014,Madrid,Madrid
Renault,Megane,Gasolina,36194.0,140.0,manual,17699,Barcelona,8007,Barcelona,Barcelona
Renault,Megane,Gasolina,36194.0,140.0,manual,17299,Barcelona,8007,Barcelona,Barcelona
Renault,Megane,Diésel,125493.0,110.0,manual,11990,Alicante,3010,Alicante,Alicante
Renault,Megane,Diésel,125493.0,110.0,manual,11990,Alicante,3010,Murcia,Alicante
Renault,Megane,Diésel,106227.0,115.0,manual,10990,Fuenlabrada,28947,Madrid,Fuenlabrada
Renault,Megane,Diésel,125493.0,110.0,manual,11990,Vigo,36211,Pontevedra,Vigo
Renault,Megane,Diésel,125493.0,110.0,manual,11990,Granada,18005,Granada,Granada
Renault,Megane,Diésel,106227.0,115.0,manual,10990,Colonia Pablo Iglesias,28520,Madrid,Colonia Pablo Iglesias
Volkswagen,T-Roc,Diésel,43701.0,115.0,manual,22900,Sant Boi de Llobregat,8830,Barcelona,Sant Boi de Llobregat
Volkswagen,T-Roc,Diésel,108303.0,115.0,manual,19990,Murcia,30005,Murcia,Murcia
Volkswagen,T-Roc,Diésel,71960.0,115.0,manual,18490,Málaga,29005,Málaga,Málaga
Volkswagen,T-Roc,Diésel,108303.0,115.0,manual,19990,Bilbao,48004,Bizkaia,Bilbao
Volkswagen,T-Roc,Diésel,108303.0,115.0,manual,19990,Palma de Mallorca,7003,Baleares,Palma de Mallorca
Volkswagen,T-Roc,Gasolina,126000.0,150.0,manual,22790,Casserres,8693,Barcelona,Casserres
Volkswagen,T-Roc,Diésel,34000.0,150.0,manual,28500,Vigo,36207,Pontevedra,Vigo
Volkswagen,T-Roc,Gasolina,63000.0,150.0,manual,22300,Valencia,46002,Valencia,Valencia
Volkswagen,T-Roc,Gasolina,63000.0,150.0,manual,22300,Bormujos,41930,Sevilla,Bormujos
Renault,Megane,Diésel,106227.0,115.0,manual,10990,Murcia,30005,Murcia,Murcia
Renault,Megane,Diésel,106227.0,115.0,manual,10990,Bilbao,48004,Bizkaia,Bilbao
Renault,Megane,Diésel,106227.0,115.0,manual,10990,Sevilla,41005,Sevilla,Sevilla
Renault,Megane,Diésel,106227.0,115.0,manual,10990,Valencia,46001,Valencia,Valencia
Renault,Megane,Diésel,106227.0,115.0,manual,10990,Málaga,29005,Málaga,Málaga
Renault,Megane,Diésel,125493.0,110.0,manual,11990,Murcia,30005,Murcia,Murcia
Renault,Megane,Diésel,125493.0,110.0,manual,11990,Palma de Mallorca,7003,Baleares,Palma de Mallorca
Renault,Megane,Diésel,125493.0,110.0,manual,11990,Bilbao,48004,Bizkaia,Bilbao
Renault,Megane,Diésel,106227.0,115.0,manual,10990,Las Rozas de Madrid,28232,Madrid,Las Rozas de Madrid
Renault,Megane,Diésel,106227.0,115.0,manual,10990,Camarma de Esteruelas,28816,Madrid,Camarma de Esteruelas
Renault,Megane,Diésel,106227.0,115.0,manual,10990,Camarma de Esteruelas,28816,Madrid,Camarma de Esteruelas
Renault,Megane,Diésel,106227.0,115.0,manual,10990,Collado Villalba,28400,Madrid,Collado Villalba
Renault,Megane,Diésel,106227.0,115.0,manual,10990,Collado Villalba,28400,Madrid,Collado Villalba
Opel,Grandland X,Diésel,43641.0,130.0,automatic,22989,Alcobendas,28100,Madrid,Alcobendas
Opel,Grandland X,Diésel,43641.0,130.0,automatic,22989,Torremolinos,29620,Málaga,Torremolinos
Opel,Grandland X,Diésel,43641.0,130.0,automatic,22989,Torremolinos,29620,Málaga,Torremolinos
Opel,Grandland X,Diésel,43641.0,130.0,automatic,22989,Torremolinos,29620,Málaga,Torremolinos
Opel,Grandland X,Diésel,43641.0,130.0,automatic,22989,Ciudad Real,13003,Ciudad Real,Ciudad Real
Opel,Grandland X,Diésel,43641.0,130.0,automatic,22989,Barcelona,8007,Barcelona,Barcelona
Opel,Grandland X,Diésel,43641.0,130.0,automatic,22989,Getafe,28906,Madrid,Getafe
Opel,Grandland X,Diésel,43641.0,130.0,automatic,22989,Santiago de Compostela,15703,A Coruña,Santiago de Compostela
Opel,Grandland X,Diésel,43641.0,130.0,automatic,22989,Albacete,2001,Albacete,Albacete
Opel,Grandland X,Diésel,43641.0,130.0,automatic,22989,Vigo,36214,Pontevedra,Vigo
Opel,Grandland X,Diésel,43641.0,130.0,automatic,22989,Hidraulica Santillana,28770,Madrid,Hidraulica Santillana
Opel,Grandland X,Diésel,43641.0,130.0,automatic,22989,Badajoz,6008,Badajoz,Badajoz
Opel,Grandland X,Diésel,43641.0,130.0,automatic,22989,Saladar,3700,Alicante,Saladar
Opel,Grandland X,Diésel,43641.0,130.0,automatic,22989,Santafe,18320,Granada,Santafe
Opel,Grandland X,Diésel,43641.0,130.0,automatic,22989,Murcia,30003,Murcia,Murcia
Opel,Grandland X,Diésel,58500.0,120.0,manual,16990,Almería,4006,Almería,Almería
Opel,Grandland X,Diésel,43641.0,130.0,automatic,22989,Castello/Castellon de La Plana,12100,Castellón,Castello/Castellon de La Plana
Opel,Grandland X,Diésel,43641.0,130.0,automatic,22989,Olèrdola,8734,Barcelona,Olèrdola
Opel,Grandland X,Diésel,43641.0,130.0,automatic,22989,Olèrdola,8734,Barcelona,Olèrdola
Opel,Grandland X,Diésel,43641.0,130.0,automatic,22989,Colonia Pablo Iglesias,28520,Madrid,Colonia Pablo Iglesias
Opel,Grandland X,Diésel,43641.0,130.0,automatic,22989,Zaragoza,50013,Zaragoza,Zaragoza
Opel,Grandland X,Diésel,43641.0,130.0,automatic,22989,Paterna,46980,Valencia,Paterna
Opel,Grandland X,Diésel,43641.0,130.0,automatic,22989,Atarrabia,31610,Navarra,Atarrabia
Opel,Grandland X,Diésel,43641.0,130.0,automatic,22989,Alcalá de Guadaíra,41500,Sevilla,Alcalá de Guadaíra
Opel,Grandland X,Diésel,43641.0,130.0,automatic,22989,Estepona,29680,Málaga,Estepona
Opel,Grandland X,Diésel,145842.0,120.0,manual,16399,Barcelona,8007,Barcelona,Barcelona
Opel,Grandland X,Diésel,145842.0,120.0,manual,16399,Madrid,28014,Madrid,Madrid
Opel,Grandland X,Diésel,34803.0,131.0,automatic,22499,Madrid,28014,Madrid,Madrid
Opel,Grandland X,Diésel,34803.0,131.0,automatic,22499,Barcelona,8007,Barcelona,Barcelona
Opel,Grandland X,Diésel,58500.0,120.0,manual,16990,Pamplona/Iruña,31001,Navarra,Pamplona/Iruña
Opel,Grandland X,Diésel,58500.0,120.0,manual,16990,Alicante,3010,Alicante,Alicante
Opel,Grandland X,Diésel,58500.0,120.0,manual,16990,Alicante,3010,Murcia,Alicante
Opel,Grandland X,Diésel,58500.0,120.0,manual,16990,Vigo,36211,Pontevedra,Vigo
Opel,Grandland X,Diésel,58500.0,120.0,manual,16990,Granada,18005,Granada,Granada
Nissan,Juke,Gasolina,39000.0,115.0,manual,13990,Cabrera de Mar,8349,Barcelona,Cabrera de Mar
Nissan,Juke,Gasolina,74925.0,112.0,manual,249,Girona,17007,Girona,Girona
Nissan,Juke,Gasolina,74925.0,112.0,manual,254,Girona,17007,Girona,Girona
Nissan,Juke,Gasolina,33000.0,94.0,manual,12990,Barcelona,8013,Barcelona,Barcelona
Nissan,Juke,Diésel,89098.0,110.0,manual,15990,Leganés,28915,Madrid,Leganés
Nissan,Juke,Diésel,89098.0,110.0,manual,15990,Murcia,30004,Murcia,Murcia
Nissan,Juke,Diésel,89098.0,110.0,manual,15990,Parla,28700,Madrid,Parla
Nissan,Juke,Diésel,89098.0,110.0,manual,15990,Alcorcón,28924,Madrid,Alcorcón
Nissan,Juke,Diésel,89098.0,110.0,manual,15990,Getafe,28903,Madrid,Getafe
Nissan,Juke,Diésel,89098.0,110.0,manual,15990,Valencia,28943,Madrid,Valencia
Nissan,Juke,Diésel,89098.0,110.0,manual,15990,Barcelona,8041,Barcelona,Barcelona
Nissan,Juke,Gasolina,83777.0,115.0,manual,13490,Madrid,28021,Madrid,Madrid
Nissan,Juke,Gasolina,83777.0,115.0,manual,13190,Madrid,28021,Madrid,Madrid
Nissan,Juke,Gasolina,91624.0,117.0,automatic,16445,Torremolinos,29620,Málaga,Torremolinos
Nissan,Juke,Gasolina,91624.0,117.0,automatic,16445,Torremolinos,29620,Málaga,Torremolinos
Nissan,Juke,Gasolina,91624.0,117.0,automatic,16445,Torremolinos,29620,Málaga,Torremolinos
Nissan,Juke,Gasolina,19926.0,117.0,manual,21275,Torremolinos,29620,Málaga,Torremolinos
Nissan,Juke,Gasolina,19926.0,117.0,manual,21275,Torremolinos,29620,Málaga,Torremolinos
Nissan,Juke,Gasolina,19926.0,117.0,manual,21275,Torremolinos,29620,Málaga,Torremolinos
Nissan,Juke,Gasolina,91624.0,117.0,automatic,16445,Olèrdola,8734,Barcelona,Olèrdola
Nissan,Juke,Gasolina,91624.0,117.0,automatic,16445,Olèrdola,8734,Barcelona,Olèrdola
Nissan,Juke,Gasolina,104341.0,115.0,manual,13900,Almería,4006,Almería,Almería
Nissan,Juke,Gasolina,91624.0,117.0,automatic,16445,Mercado Parque Corredor del Henares,28850,Madrid,Mercado Parque Corredor del Henares
Nissan,Juke,Gasolina,19926.0,117.0,manual,21275,Olèrdola,8734,Barcelona,Olèrdola
Nissan,Juke,Gasolina,19926.0,117.0,manual,21275,Olèrdola,8734,Barcelona,Olèrdola
Nissan,Juke,Gasolina,19926.0,117.0,manual,21275,Mercado Parque Corredor del Henares,28850,Madrid,Mercado Parque Corredor del Henares
Nissan,Juke,Gasolina,157859.0,117.0,manual,8299,Madrid,28014,Madrid,Madrid
Nissan,Juke,Gasolina,157859.0,117.0,manual,8299,Barcelona,8007,Barcelona,Barcelona
Nissan,Juke,Gasolina,89561.0,115.0,automatic,11199,Madrid,28014,Madrid,Madrid
Nissan,Juke,Gasolina,89561.0,115.0,automatic,10999,Madrid,28014,Madrid,Madrid
Nissan,Juke,Gasolina,89561.0,115.0,automatic,11199,Barcelona,8007,Barcelona,Barcelona
Nissan,Juke,Gasolina,89561.0,115.0,automatic,10999,Barcelona,8007,Barcelona,Barcelona
Nissan,Juke,Diésel,135923.0,110.0,manual,10899,Madrid,28014,Madrid,Madrid
Nissan,Juke,Diésel,135923.0,110.0,manual,10899,Barcelona,8007,Barcelona,Barcelona
Nissan,Juke,Gasolina,81149.0,115.0,manual,13499,Madrid,28014,Madrid,Madrid
Nissan,Juke,Gasolina,81149.0,115.0,manual,13499,Barcelona,8007,Barcelona,Barcelona
Nissan,Juke,Gasolina,104341.0,115.0,manual,13900,Alicante,3010,Alicante,Alicante
Nissan,Juke,Gasolina,104341.0,115.0,manual,13900,Alicante,3010,Murcia,Alicante
Nissan,Juke,Gasolina,104341.0,115.0,manual,13900,Vigo,36211,Pontevedra,Vigo
Nissan,Juke,Gasolina,104341.0,115.0,manual,13900,Granada,18005,Granada,Granada
Nissan,Juke,Gasolina,4567.0,114.0,manual,23900,Sant Boi de Llobregat,8830,Barcelona,Sant Boi de Llobregat
Nissan,Juke,Gasolina,1.0,114.0,manual,23900,Sant Boi de Llobregat,8830,Barcelona,Sant Boi de Llobregat
Nissan,Juke,Gasolina,104341.0,115.0,manual,13900,Murcia,30005,Murcia,Murcia
Nissan,Juke,Gasolina,104341.0,115.0,manual,13900,Bilbao,48004,Bizkaia,Bilbao
Nissan,Juke,Gasolina,104341.0,115.0,manual,13900,Ourense,32001,Ourense,Ourense
Nissan,Juke,Diésel,116000.0,110.0,manual,11990,Madrid,28019,Madrid,Madrid
Audi,Q3,Diésel,141668.0,150.0,automatic,18490,Pamplona/Iruña,31001,Navarra,Pamplona/Iruña
Audi,Q3,Diésel,141668.0,150.0,automatic,17990,Pamplona/Iruña,31001,Navarra,Pamplona/Iruña
Audi,Q3,Diésel,141668.0,150.0,automatic,18490,Granada,18005,Granada,Granada
Audi,Q3,Diésel,141668.0,150.0,automatic,17990,Granada,18005,Granada,Granada
Audi,Q3,Diésel,111000.0,150.0,automatic,19990,Alicante,3010,Alicante,Alicante
Audi,Q3,Diésel,111000.0,150.0,automatic,19990,Alicante,3010,Murcia,Alicante
Audi,Q3,Diésel,124610.0,150.0,automatic,18990,Granada,18005,Granada,Granada
Ford,Fiesta,Diésel,109000.0,85.0,manual,173,Gandía,46701,Valencia,Gandía
Ford,Fiesta,Gasolina,81000.0,100.0,manual,320,Valencia,46005,Valencia,Valencia
Ford,Fiesta,Diésel,109000.0,85.0,manual,309,Barcelona,8009,Barcelona,Barcelona
Ford,Fiesta,Gasolina,99000.0,69.0,manual,256,Barcelona,8009,Barcelona,Barcelona
Ford,Fiesta,Diésel,51025.0,85.0,manual,14590,Madrid,28021,Madrid,Madrid
Ford,Fiesta,Diésel,51025.0,85.0,manual,13790,Madrid,28021,Madrid,Madrid
Ford,Fiesta,Diésel,99223.0,85.0,manual,11500,Sant Cugat del Vallès,8172,Barcelona,Sant Cugat del Vallès
Ford,Fiesta,Diésel,99223.0,85.0,manual,11500,Alcobendas,28100,Madrid,Alcobendas
Ford,Fiesta,Diésel,99223.0,85.0,manual,11500,Murcia,30001,Murcia,Murcia
Ford,Fiesta,Diésel,99223.0,85.0,manual,11500,Barcelona,8008,Barcelona,Barcelona
Ford,Fiesta,Diésel,99223.0,85.0,manual,11500,Móstoles,28931,Madrid,Móstoles
Ford,Fiesta,Diésel,99223.0,85.0,manual,11500,Leganés,28914,Madrid,Leganés
Ford,Fiesta,Diésel,99223.0,85.0,manual,11500,Sabadell,8203,Barcelona,Sabadell
Ford,Fiesta,Diésel,99223.0,85.0,manual,11500,Toledo,45002,Toledo,Toledo
Ford,Fiesta,Diésel,99223.0,85.0,manual,11500,Zaragoza,50003,Zaragoza,Zaragoza
Ford,Fiesta,Gasolina,84490.0,85.0,manual,10700,Artatza,48940,Bizkaia,Artatza
Ford,Fiesta,Gasolina,84490.0,85.0,manual,9900,Artatza,48940,Bizkaia,Artatza
Ford,Fiesta,Diésel,99223.0,85.0,manual,11500,Valladolid,47004,Valladolid,Valladolid
Ford,Fiesta,Diésel,99223.0,85.0,manual,11500,Alcalá de Henares,28801,Madrid,Alcalá de Henares
Ford,Fiesta,Diésel,116692.0,70.0,manual,7299,Barcelona,8007,Barcelona,Barcelona
Ford,Fiesta,Gasolina,85990.0,82.0,manual,9399,Madrid,28014,Madrid,Madrid
Ford,Fiesta,Gasolina,85990.0,82.0,manual,9399,Barcelona,8007,Barcelona,Barcelona
Ford,Fiesta,Gasolina,71978.0,85.0,manual,11990,Sant Boi de Llobregat,8830,Barcelona,Sant Boi de Llobregat
Ford,Fiesta,Gasolina,68476.0,100.0,automatic,11880,Palma de Mallorca,7003,Baleares,Palma de Mallorca
Ford,Fiesta,Diésel,99223.0,85.0,manual,11500,Madrid,28013,Madrid,Madrid
Ford,Fiesta,Gasolina,46000.0,85.0,manual,12900,Valencia,46002,Valencia,Valencia
Ford,Fiesta,Diésel,145000.0,75.0,manual,5980,Santa Coloma de Gramenet,8921,Barcelona,Santa Coloma de Gramenet
Ford,Fiesta,Diésel,99223.0,85.0,manual,11500,Alicante,3001,Alicante,Alicante
Ford,Fiesta,Diésel,99223.0,85.0,manual,11500,San Sebastián de Los Reyes,28700,Madrid,San Sebastián de Los Reyes
Ford,Fiesta,Diésel,99223.0,85.0,manual,11500,Sevilla,41004,Sevilla,Sevilla
Ford,Fiesta,Diésel,99223.0,85.0,manual,11500,Leganés,28911,Madrid,Leganés
Ford,Fiesta,Diésel,99223.0,85.0,manual,11500,Almería,4001,Almería,Almería
Ford,Fiesta,Diésel,99223.0,85.0,manual,11500,Donostia-San Sebastián,20005,Gipuzkoa,Donostia-San Sebastián
Ford,Fiesta,Diésel,99223.0,85.0,manual,11500,Urbanitzacio El Medol,43150,Tarragona,Urbanitzacio El Medol
Ford,Fiesta,Diésel,99223.0,85.0,manual,11500,A Coruña,15003,A Coruña,A Coruña
Ford,Fiesta,Diésel,99223.0,85.0,manual,11500,Santander,39002,Cantabria,Santander
Ford,Fiesta,Diésel,99223.0,85.0,manual,11500,Valencia,46003,Valencia,Valencia
Ford,Fiesta,Diésel,99223.0,85.0,manual,11500,Granada,18002,Granada,Granada
Ford,Fiesta,Diésel,99223.0,85.0,manual,11500,Barcelona,8013,Barcelona,Barcelona
Ford,Fiesta,Diésel,99223.0,85.0,manual,11500,Huelva,21004,Huelva,Huelva
Ford,Fiesta,Diésel,180000.0,68.0,manual,4990,Torredonjimeno,23650,Jaén,Torredonjimeno
Ford,Fiesta,Diésel,90000.0,85.0,manual,12490,Monserrat,46192,Valencia,Monserrat
Ford,Fiesta,Gasolina,40000.0,85.0,manual,12300,Bormujos,41930,Sevilla,Bormujos
Toyota,Auris,Eléctrico,23795.0,136.0,automatic,17768,Torremolinos,29620,Málaga,Torremolinos
Toyota,Auris,Eléctrico,23795.0,136.0,automatic,17768,Torremolinos,29620,Málaga,Torremolinos
Toyota,Auris,Eléctrico,23795.0,136.0,automatic,17768,Torremolinos,29620,Málaga,Torremolinos
Toyota,Auris,Diésel,117244.0,90.0,manual,13200,Olèrdola,8734,Barcelona,Olèrdola
Toyota,Auris,Diésel,117244.0,90.0,manual,13200,Olèrdola,8734,Barcelona,Olèrdola
Toyota,Auris,Diésel,117244.0,90.0,manual,13200,Mercado Parque Corredor del Henares,28850,Madrid,Mercado Parque Corredor del Henares
Toyota,Auris,Eléctrico,23795.0,136.0,automatic,17768,Olèrdola,8734,Barcelona,Olèrdola
Toyota,Auris,Eléctrico,23795.0,136.0,automatic,17768,Olèrdola,8734,Barcelona,Olèrdola
Toyota,Auris,Eléctrico,23795.0,136.0,automatic,17768,Mercado Parque Corredor del Henares,28850,Madrid,Mercado Parque Corredor del Henares
Toyota,Auris,Gasolina,208000.0,101.0,manual,5400,Tortosa,43500,Tarragona,Tortosa
Toyota,Auris,Diésel,183000.0,126.0,manual,4990,Collado Villalba,28400,Madrid,Collado Villalba
Toyota,Auris,Diésel,183000.0,126.0,manual,4990,Collado Villalba,28400,Madrid,Collado Villalba
Toyota,Auris,Eléctrico,160000.0,136.0,automatic,13450,Coslada,28821,Madrid,Coslada
Toyota,Auris,Diésel,210000.0,126.0,manual,5900,Madrid,28018,Madrid,Madrid
Toyota,Auris,Diésel,250000.0,126.0,manual,4900,Elx/Elche,3204,Alicante,Elx/Elche
Toyota,Auris,Eléctrico,150000.0,136.0,automatic,13990,Ciudad Real,13001,Ciudad Real,Ciudad Real
Toyota,Auris,Gasolina,36102.0,116.0,manual,12900,Barcelona,8007,Barcelona,Barcelona
Toyota,Auris,Diésel,170000.0,90.0,manual,13750,Lleida,25006,Lleida,Lleida
Nissan,Qashqai,Gasolina,60000.0,140.0,manual,20890,Esplugues de Llobregat,8950,Barcelona,Esplugues de Llobregat
Nissan,Qashqai,Gasolina,156670.0,140.0,manual,8900,Mataró,8303,Barcelona,Mataró
Nissan,Qashqai,Diésel,74000.0,130.0,manual,20999,Alcalá de Guadaíra,41500,Sevilla,Alcalá de Guadaíra
Opel,Mokka X,Gasolina,71717.0,140.0,manual,14990,Granada,18005,Granada,Granada
Opel,Mokka X,Gasolina,71717.0,140.0,manual,14990,Murcia,30005,Murcia,Murcia
Opel,Mokka X,Diésel,22969.0,136.0,automatic,19800,Alzira,46600,Valencia,Alzira
Opel,Mokka X,Diésel,22969.0,136.0,automatic,19800,Alzira,46600,Valencia,Alzira
Opel,Mokka X,Diésel,22969.0,136.0,automatic,19800,Puerto de Sagunto,46520,Valencia,Puerto de Sagunto
Opel,Mokka X,Diésel,22969.0,136.0,automatic,19800,Alcobendas,28100,Madrid,Alcobendas
Opel,Mokka X,Diésel,22969.0,136.0,automatic,19800,Ciudad Real,13003,Ciudad Real,Ciudad Real
Nissan,Qashqai,Diésel,35000.0,115.0,manual,18690,Cogullada,46749,Valencia,Cogullada
Nissan,Qashqai,Diésel,79000.0,130.0,automatic,16990,Cabrera de Mar,8349,Barcelona,Cabrera de Mar
Nissan,Qashqai,Diésel,64000.0,115.0,manual,21500,Castellón de la Plana/Castelló de la Plana,12001,Castellón,Castellón de la Plana/Castelló de la Plana
Nissan,Qashqai,Diésel,106382.0,150.0,manual,20490,Lebrija,41740,Sevilla,Lebrija
Nissan,Qashqai,Gasolina,74000.0,140.0,manual,484,Madrid,28009,Madrid,Madrid
Nissan,Qashqai,Diésel,116000.0,130.0,manual,253,Madrid,28009,Madrid,Madrid
Nissan,Qashqai,Diésel,116000.0,130.0,manual,470,Madrid,28006,Madrid,Madrid
Nissan,Qashqai,Diésel,94314.0,130.0,automatic,19990,Puerto de Sagunto,46520,Valencia,Puerto de Sagunto
Nissan,Qashqai,Gasolina,104228.0,140.0,manual,17990,Madrid,28021,Madrid,Madrid
Nissan,Qashqai,Gasolina,104228.0,140.0,manual,18290,Madrid,28021,Madrid,Madrid
Nissan,Qashqai,Diésel,82602.0,110.0,manual,16990,Madrid,28021,Madrid,Madrid
Nissan,Qashqai,Diésel,94314.0,130.0,automatic,19990,Alcobendas,28100,Madrid,Alcobendas
Nissan,Qashqai,Diésel,53699.0,110.0,manual,17490,Torremolinos,29620,Málaga,Torremolinos
Nissan,Qashqai,Diésel,53699.0,110.0,manual,17490,Torremolinos,29620,Málaga,Torremolinos
Nissan,Qashqai,Diésel,53699.0,110.0,manual,17490,Torremolinos,29620,Málaga,Torremolinos
Nissan,Qashqai,Diésel,94314.0,130.0,automatic,19990,Torremolinos,29620,Málaga,Torremolinos
Nissan,Qashqai,Diésel,94314.0,130.0,automatic,19990,Torremolinos,29620,Málaga,Torremolinos
Nissan,Qashqai,Diésel,94314.0,130.0,automatic,19990,Torremolinos,29620,Málaga,Torremolinos
Nissan,Qashqai,Diésel,94314.0,130.0,automatic,19990,Ciudad Real,13003,Ciudad Real,Ciudad Real
Nissan,Qashqai,Diésel,94314.0,130.0,automatic,19990,Barcelona,8007,Barcelona,Barcelona
Nissan,Qashqai,Diésel,94314.0,130.0,automatic,19990,Getafe,28906,Madrid,Getafe
Nissan,Qashqai,Diésel,94314.0,130.0,automatic,19990,Santiago de Compostela,15703,A Coruña,Santiago de Compostela
Nissan,Qashqai,Diésel,94314.0,130.0,automatic,19990,Albacete,2001,Albacete,Albacete
Nissan,Qashqai,Diésel,94314.0,130.0,automatic,19990,Vigo,36214,Pontevedra,Vigo
Nissan,Qashqai,Diésel,94314.0,130.0,automatic,19990,Hidraulica Santillana,28770,Madrid,Hidraulica Santillana
Nissan,Qashqai,Diésel,94314.0,130.0,automatic,19990,Badajoz,6008,Badajoz,Badajoz
Nissan,Qashqai,Diésel,94314.0,130.0,automatic,19990,Saladar,3700,Alicante,Saladar
Nissan,Qashqai,Diésel,94314.0,130.0,automatic,19990,Santafe,18320,Granada,Santafe
Nissan,Qashqai,Diésel,94314.0,130.0,automatic,19990,Murcia,30003,Murcia,Murcia
Nissan,Qashqai,Diésel,51231.0,110.0,manual,17290,Almería,4006,Almería,Almería
Nissan,Qashqai,Gasolina,29812.0,115.0,manual,19990,Almería,4006,Almería,Almería
Nissan,Qashqai,Diésel,94314.0,130.0,automatic,19990,Castello/Castellon de La Plana,12100,Castellón,Castello/Castellon de La Plana
Nissan,Qashqai,Diésel,53699.0,110.0,manual,17490,Olèrdola,8734,Barcelona,Olèrdola
Nissan,Qashqai,Diésel,53699.0,110.0,manual,17490,Olèrdola,8734,Barcelona,Olèrdola
Nissan,Qashqai,Diésel,145214.0,115.0,manual,13990,Almería,4006,Almería,Almería
Nissan,Qashqai,Diésel,94314.0,130.0,automatic,19990,Olèrdola,8734,Barcelona,Olèrdola
Nissan,Qashqai,Diésel,94314.0,130.0,automatic,19990,Olèrdola,8734,Barcelona,Olèrdola
Nissan,Qashqai,Diésel,53699.0,110.0,manual,17490,Mercado Parque Corredor del Henares,28850,Madrid,Mercado Parque Corredor del Henares
Nissan,Qashqai,Diésel,94314.0,130.0,automatic,19990,Mercado Parque Corredor del Henares,28850,Madrid,Mercado Parque Corredor del Henares
Nissan,Qashqai,Diésel,94314.0,130.0,automatic,19990,Granollers,8403,Barcelona,Granollers
Nissan,Qashqai,Diésel,94314.0,130.0,automatic,19990,Las Rozas de Madrid,28232,Madrid,Las Rozas de Madrid
Nissan,Qashqai,Diésel,94314.0,130.0,automatic,19990,Alzira,46600,Valencia,Alzira
Nissan,Qashqai,Diésel,94314.0,130.0,automatic,19990,Alzira,46600,Valencia,Alzira
Nissan,Qashqai,Diésel,94314.0,130.0,automatic,19990,Valdepeñas,13300,Ciudad Real,Valdepeñas
Nissan,Qashqai,Diésel,94314.0,130.0,automatic,19990,Valdepeñas,13300,Ciudad Real,Valdepeñas
Nissan,Qashqai,Diésel,94314.0,130.0,automatic,19990,Alicante,3007,Alicante,Alicante
Nissan,Qashqai,Diésel,94314.0,130.0,automatic,19990,Mercabilbao,48970,Bizkaia,Mercabilbao
Nissan,Qashqai,Gasolina,105000.0,115.0,manual,16190,Barcelona,8007,Barcelona,Barcelona
Nissan,Qashqai,Diésel,94314.0,130.0,automatic,19990,Paterna,46980,Valencia,Paterna
Nissan,Qashqai,Diésel,94314.0,130.0,automatic,19990,Atarrabia,31610,Navarra,Atarrabia
Nissan,Qashqai,Diésel,94314.0,130.0,automatic,19990,Alcalá de Guadaíra,41500,Sevilla,Alcalá de Guadaíra
Nissan,Qashqai,Diésel,94314.0,130.0,automatic,19990,Estepona,29680,Málaga,Estepona
Nissan,Qashqai,Diésel,94314.0,130.0,automatic,19990,Colonia Pablo Iglesias,28520,Madrid,Colonia Pablo Iglesias
Nissan,Qashqai,Diésel,94314.0,130.0,automatic,19990,Zaragoza,50013,Zaragoza,Zaragoza
Nissan,Qashqai,Diésel,51231.0,110.0,manual,17290,Alicante,3010,Alicante,Alicante
Nissan,Qashqai,Diésel,51231.0,110.0,manual,17290,Alicante,3010,Murcia,Alicante
Nissan,Qashqai,Gasolina,29812.0,115.0,manual,19990,Alicante,3010,Alicante,Alicante
Nissan,Qashqai,Gasolina,29812.0,115.0,manual,19990,Alicante,3010,Murcia,Alicante
Nissan,Qashqai,Gasolina,18268.0,140.0,manual,22299,Madrid,28014,Madrid,Madrid
Nissan,Qashqai,Gasolina,18268.0,140.0,manual,22299,Barcelona,8007,Barcelona,Barcelona
Nissan,Qashqai,Diésel,96104.0,116.0,manual,17999,Madrid,28014,Madrid,Madrid
Nissan,Qashqai,Diésel,96104.0,116.0,manual,17999,Barcelona,8007,Barcelona,Barcelona
Nissan,Qashqai,Gasolina,20647.0,140.0,manual,21999,Madrid,28014,Madrid,Madrid
Nissan,Qashqai,Gasolina,20647.0,140.0,manual,21999,Barcelona,8007,Barcelona,Barcelona
Nissan,Qashqai,Diésel,51231.0,110.0,manual,17290,Vigo,36211,Pontevedra,Vigo
Nissan,Qashqai,Diésel,51231.0,110.0,manual,17290,Granada,18005,Granada,Granada
Nissan,Qashqai,Gasolina,29812.0,115.0,manual,19990,Vigo,36211,Pontevedra,Vigo
Nissan,Qashqai,Gasolina,29812.0,115.0,manual,19990,Granada,18005,Granada,Granada
Nissan,Qashqai,Diésel,145214.0,115.0,manual,13990,Alicante,3010,Alicante,Alicante
Nissan,Qashqai,Diésel,145214.0,115.0,manual,13990,Alicante,3010,Murcia,Alicante
Nissan,Qashqai,Diésel,94314.0,130.0,automatic,19990,Alameda del Obispo,14005,Córdoba,Alameda del Obispo
Nissan,Qashqai,Diésel,58857.0,115.0,manual,19990,Sant Boi de Llobregat,8830,Barcelona,Sant Boi de Llobregat
Nissan,Qashqai,Diésel,44715.0,115.0,automatic,17490,Sant Boi de Llobregat,8830,Barcelona,Sant Boi de Llobregat
Nissan,Qashqai,Diésel,21844.0,150.0,manual,27900,Sant Boi de Llobregat,8830,Barcelona,Sant Boi de Llobregat
Nissan,Qashqai,Diésel,145214.0,115.0,manual,13990,Vigo,36211,Pontevedra,Vigo
Nissan,Qashqai,Diésel,145214.0,115.0,manual,13990,Granada,18005,Granada,Granada
Nissan,Qashqai,Diésel,51231.0,110.0,manual,17290,Murcia,30005,Murcia,Murcia
Nissan,Qashqai,Gasolina,29812.0,115.0,manual,19990,Murcia,30005,Murcia,Murcia
Nissan,Qashqai,Gasolina,8602.0,140.0,manual,19990,Málaga,29005,Málaga,Málaga
Nissan,Qashqai,Diésel,51231.0,110.0,manual,17290,Bilbao,48004,Bizkaia,Bilbao
Nissan,Qashqai,Gasolina,29812.0,115.0,manual,19990,Bilbao,48004,Bizkaia,Bilbao
Nissan,Qashqai,Diésel,99000.0,110.0,manual,13990,Málaga,29005,Málaga,Málaga
Nissan,Qashqai,Diésel,51231.0,110.0,manual,17290,Palma de Mallorca,7003,Baleares,Palma de Mallorca
Nissan,Qashqai,Diésel,145214.0,115.0,manual,13990,Murcia,30005,Murcia,Murcia
Nissan,Qashqai,Diésel,145214.0,115.0,manual,13990,Bilbao,48004,Bizkaia,Bilbao
Nissan,Qashqai,Diésel,138000.0,110.0,manual,16990,Madrid,28044,Madrid,Madrid
Nissan,Qashqai,Gasolina,105000.0,115.0,manual,16190,Madrid,28014,Madrid,Madrid
Nissan,Qashqai,Gasolina,105000.0,115.0,manual,16190,Zaragoza,50018,Zaragoza,Zaragoza
Nissan,Qashqai,Diésel,79000.0,110.0,manual,16900,Vigo,36207,Pontevedra,Vigo
Nissan,Qashqai,Gasolina,22000.0,140.0,manual,19700,Bormujos,41930,Sevilla,Bormujos
Nissan,Qashqai,Gasolina,22000.0,140.0,manual,19700,Valencia,46002,Valencia,Valencia
Nissan,Qashqai,Gasolina,65000.0,115.0,manual,17490,Paiporta,46200,Valencia,Paiporta
Nissan,Qashqai,Diésel,32200.0,115.0,manual,19900,Lora del Río,41440,Sevilla,Lora del Río
Nissan,Qashqai,Diésel,32200.0,115.0,manual,19900,Lora del Río,41440,Sevilla,Lora del Río
Nissan,Qashqai,Diésel,64316.0,115.0,automatic,19900,Málaga,29006,Málaga,Málaga
Nissan,Qashqai,Diésel,179000.0,150.0,manual,7500,Sant Quirze del Vallès,8192,Barcelona,Sant Quirze del Vallès
Volkswagen,Passat,Diésel,90000.0,150.0,manual,18999,Vega Santa Maria,23700,Jaén,Vega Santa Maria
Volkswagen,Passat,Diésel,95000.0,149.0,manual,481,Sevilla,41018,Sevilla,Sevilla
Volkswagen,Passat,Diésel,72000.0,149.0,manual,266,Gandía,46701,Valencia,Gandía
Volkswagen,Touran,Diésel,96168.0,115.0,manual,21990,Lebrija,41740,Sevilla,Lebrija
Volkswagen,Touran,Diésel,109000.0,115.0,manual,245,Madrid,28009,Madrid,Madrid
Volkswagen,Touran,Diésel,66340.0,150.0,manual,24990,Madrid,28002,Madrid,Madrid
Volkswagen,Touran,Diésel,87367.0,105.0,manual,10990,Torremolinos,29620,Málaga,Torremolinos
Volkswagen,Touran,Diésel,87367.0,105.0,manual,10990,Torremolinos,29620,Málaga,Torremolinos
Volkswagen,Touran,Diésel,87367.0,105.0,manual,10990,Torremolinos,29620,Málaga,Torremolinos
Volkswagen,Touran,Diésel,96509.0,115.0,manual,20900,Sant Cugat del Vallès,8172,Barcelona,Sant Cugat del Vallès
Volkswagen,Touran,Diésel,96509.0,115.0,manual,20600,Sant Cugat del Vallès,8172,Barcelona,Sant Cugat del Vallès
Volkswagen,Touran,Diésel,96509.0,115.0,manual,20900,Alcobendas,28100,Madrid,Alcobendas
Volkswagen,Touran,Diésel,96509.0,115.0,manual,20600,Alcobendas,28100,Madrid,Alcobendas
Volkswagen,Touran,Diésel,96509.0,115.0,manual,20900,Murcia,30001,Murcia,Murcia
Volkswagen,Touran,Diésel,96509.0,115.0,manual,20600,Murcia,30001,Murcia,Murcia
Volkswagen,Touran,Diésel,96509.0,115.0,manual,20900,Leganés,28914,Madrid,Leganés
Volkswagen,Touran,Diésel,96509.0,115.0,manual,20600,Leganés,28914,Madrid,Leganés
Volkswagen,Touran,Diésel,96509.0,115.0,manual,20900,Sabadell,8203,Barcelona,Sabadell
Volkswagen,Touran,Diésel,96509.0,115.0,manual,20600,Sabadell,8203,Barcelona,Sabadell
Volkswagen,Touran,Diésel,96509.0,115.0,manual,20900,Toledo,45002,Toledo,Toledo
Volkswagen,Touran,Diésel,96509.0,115.0,manual,20600,Toledo,45002,Toledo,Toledo
Volkswagen,Touran,Diésel,96509.0,115.0,manual,20900,Zaragoza,50003,Zaragoza,Zaragoza
Volkswagen,Touran,Diésel,96509.0,115.0,manual,20600,Zaragoza,50003,Zaragoza,Zaragoza
Volkswagen,Touran,Diésel,96509.0,115.0,manual,20900,Viladecans,8840,Barcelona,Viladecans
Volkswagen,Touran,Diésel,96509.0,115.0,manual,20600,Viladecans,8840,Barcelona,Viladecans
Volkswagen,Touran,Diésel,87367.0,105.0,manual,10990,Olèrdola,8734,Barcelona,Olèrdola
Volkswagen,Touran,Diésel,87367.0,105.0,manual,10990,Olèrdola,8734,Barcelona,Olèrdola
Volkswagen,Touran,Diésel,87367.0,105.0,manual,10990,Mercado Parque Corredor del Henares,28850,Madrid,Mercado Parque Corredor del Henares
Volkswagen,Touran,Diésel,96509.0,115.0,manual,20900,Málaga,29015,Málaga,Málaga
Volkswagen,Touran,Diésel,96509.0,115.0,manual,20600,Málaga,29015,Málaga,Málaga
Volkswagen,Touran,Diésel,154173.0,115.0,automatic,17490,Almería,4006,Almería,Almería
Volkswagen,Touran,Diésel,96509.0,115.0,manual,20900,Valladolid,47004,Valladolid,Valladolid
Volkswagen,Touran,Diésel,96509.0,115.0,manual,20600,Valladolid,47004,Valladolid,Valladolid
Volkswagen,Touran,Diésel,96509.0,115.0,manual,20900,Alcalá de Henares,28801,Madrid,Alcalá de Henares
Volkswagen,Touran,Diésel,96509.0,115.0,manual,20600,Alcalá de Henares,28801,Madrid,Alcalá de Henares
Volkswagen,Touran,Diésel,154173.0,115.0,automatic,17490,Alicante,3010,Alicante,Alicante
Volkswagen,Touran,Diésel,154173.0,115.0,automatic,17490,Alicante,3010,Murcia,Alicante
Volkswagen,Touran,Diésel,154173.0,115.0,automatic,17490,Vigo,36211,Pontevedra,Vigo
Volkswagen,Touran,Diésel,154173.0,115.0,automatic,17490,Granada,18005,Granada,Granada
Volkswagen,Touran,Diésel,154173.0,115.0,automatic,17490,Murcia,30005,Murcia,Murcia
Volkswagen,Touran,Diésel,154173.0,115.0,automatic,17490,Bilbao,48004,Bizkaia,Bilbao
Volkswagen,Touran,Diésel,154173.0,115.0,automatic,17490,Palma de Mallorca,7003,Baleares,Palma de Mallorca
Volkswagen,Touran,Diésel,96509.0,115.0,manual,20900,Madrid,28013,Madrid,Madrid
Volkswagen,Touran,Diésel,96509.0,115.0,manual,20600,Madrid,28013,Madrid,Madrid
Volkswagen,Touran,Diésel,154173.0,115.0,automatic,17490,Castellón,12001,Castellón,Castellón
Volkswagen,Touran,Diésel,96509.0,115.0,manual,20900,San Sebastián de Los Reyes,28700,Madrid,San Sebastián de Los Reyes
Volkswagen,Touran,Diésel,96509.0,115.0,manual,20600,San Sebastián de Los Reyes,28700,Madrid,San Sebastián de Los Reyes
Volkswagen,Touran,Diésel,96509.0,115.0,manual,20900,Sevilla,41004,Sevilla,Sevilla
Volkswagen,Touran,Diésel,96509.0,115.0,manual,20600,Sevilla,41004,Sevilla,Sevilla
Volkswagen,Touran,Diésel,96509.0,115.0,manual,20900,Alicante,3001,Alicante,Alicante
Volkswagen,Touran,Diésel,96509.0,115.0,manual,20600,Alicante,3001,Alicante,Alicante
Volkswagen,Touran,Diésel,96509.0,115.0,manual,20900,Leganés,28911,Madrid,Leganés
Volkswagen,Touran,Diésel,96509.0,115.0,manual,20600,Leganés,28911,Madrid,Leganés
Volkswagen,Touran,Diésel,96509.0,115.0,manual,20900,Almería,4001,Almería,Almería
Volkswagen,Touran,Diésel,96509.0,115.0,manual,20600,Almería,4001,Almería,Almería
Volkswagen,Touran,Diésel,96509.0,115.0,manual,20900,Donostia-San Sebastián,20005,Gipuzkoa,Donostia-San Sebastián
Volkswagen,Touran,Diésel,96509.0,115.0,manual,20600,Donostia-San Sebastián,20005,Gipuzkoa,Donostia-San Sebastián
Volkswagen,Touran,Diésel,96509.0,115.0,manual,20900,Urbanitzacio El Medol,43150,Tarragona,Urbanitzacio El Medol
Volkswagen,Touran,Diésel,96509.0,115.0,manual,20600,Urbanitzacio El Medol,43150,Tarragona,Urbanitzacio El Medol
Volkswagen,Touran,Diésel,96509.0,115.0,manual,20900,Santander,39002,Cantabria,Santander
Volkswagen,Touran,Diésel,96509.0,115.0,manual,20600,Santander,39002,Cantabria,Santander
Volkswagen,Touran,Diésel,96509.0,115.0,manual,20900,A Coruña,15003,A Coruña,A Coruña
Volkswagen,Touran,Diésel,96509.0,115.0,manual,20600,A Coruña,15003,A Coruña,A Coruña
Volkswagen,Touran,Diésel,96509.0,115.0,manual,20900,Valencia,46003,Valencia,Valencia
Volkswagen,Touran,Diésel,96509.0,115.0,manual,20600,Valencia,46003,Valencia,Valencia
Volkswagen,Touran,Diésel,96509.0,115.0,manual,20900,Granada,18002,Granada,Granada
Volkswagen,Touran,Diésel,96509.0,115.0,manual,20600,Granada,18002,Granada,Granada
Volkswagen,Touran,Diésel,96509.0,115.0,manual,20900,Huelva,21004,Huelva,Huelva
Volkswagen,Touran,Diésel,96509.0,115.0,manual,20600,Huelva,21004,Huelva,Huelva
Volkswagen,Touran,Diésel,96509.0,115.0,manual,20900,Barcelona,8013,Barcelona,Barcelona
Volkswagen,Touran,Diésel,96509.0,115.0,manual,20600,Barcelona,8013,Barcelona,Barcelona
Volkswagen,Touran,Diésel,290000.0,105.0,automatic,4300,Móstoles,28938,Madrid,Móstoles
Audi,A3,Diésel,180000.0,105.0,manual,8900,Tarrega,25300,Lleida,Tarrega
Audi,A3,Diésel,87221.0,116.0,manual,20990,Vigo,36211,Pontevedra,Vigo
Audi,A3,Diésel,217197.0,150.0,manual,12490,Vigo,36211,Pontevedra,Vigo
Audi,A3,Diésel,87221.0,116.0,manual,20990,Granada,18005,Granada,Granada
Audi,A3,Gasolina,130000.0,300.0,automatic,23990,Fuenlabrada,28947,Madrid,Fuenlabrada
Audi,A3,Diésel,217197.0,150.0,manual,12490,Granada,18005,Granada,Granada
Audi,A3,Diésel,127600.0,116.0,automatic,18990,Málaga,29005,Málaga,Málaga
Audi,A3,Diésel,127600.0,116.0,automatic,17990,Málaga,29005,Málaga,Málaga
Audi,A3,Gasolina,130000.0,300.0,automatic,23990,Bilbao,48004,Bizkaia,Bilbao
Audi,A3,Diésel,87221.0,116.0,manual,20990,Murcia,30005,Murcia,Murcia
Audi,A3,Diésel,217197.0,150.0,manual,12490,Murcia,30005,Murcia,Murcia
Audi,A3,Diésel,87221.0,116.0,manual,20990,Bilbao,48004,Bizkaia,Bilbao
Audi,A3,Diésel,217197.0,150.0,manual,12490,Bilbao,48004,Bizkaia,Bilbao
Audi,A3,Diésel,217197.0,150.0,manual,12490,Palma de Mallorca,7003,Baleares,Palma de Mallorca
Audi,A3,Gasolina,124256.0,120.0,automatic,14499,Barcelona,8007,Barcelona,Barcelona
Audi,A3,Gasolina,61548.0,150.0,automatic,24199,Madrid,28014,Madrid,Madrid
Audi,A3,Gasolina,61548.0,150.0,automatic,24199,Barcelona,8007,Barcelona,Barcelona
Audi,A3,Diésel,156165.0,105.0,automatic,13699,Madrid,28014,Madrid,Madrid
Audi,A3,Diésel,156165.0,105.0,automatic,13699,Barcelona,8007,Barcelona,Barcelona
Audi,A3,Gasolina,124256.0,120.0,automatic,14499,Madrid,28014,Madrid,Madrid
Audi,A3,Gasolina,130000.0,300.0,automatic,23990,Las Rozas de Madrid,28232,Madrid,Las Rozas de Madrid
Audi,A3,Gasolina,130000.0,300.0,automatic,23990,Camarma de Esteruelas,28816,Madrid,Camarma de Esteruelas
Audi,A3,Gasolina,130000.0,300.0,automatic,23990,Camarma de Esteruelas,28816,Madrid,Camarma de Esteruelas
Audi,A3,Gasolina,130000.0,300.0,automatic,23990,Collado Villalba,28400,Madrid,Collado Villalba
Audi,A3,Gasolina,130000.0,300.0,automatic,23990,Collado Villalba,28400,Madrid,Collado Villalba
Audi,A3,Diésel,87221.0,116.0,manual,20990,Jaén,23008,Jaén,Jaén
Audi,A3,Diésel,178000.0,110.0,manual,13900,Santiago de Compostela,15707,A Coruña,Santiago de Compostela
Audi,A3,Gasolina,99261.0,115.0,manual,19900,Sevilla,41006,Sevilla,Sevilla
Audi,A3,Gasolina,82066.0,125.0,manual,21700,Granollers,8403,Barcelona,Granollers
Audi,A3,Diésel,288000.0,170.0,manual,7900,Arroyomolinos,28939,Madrid,Arroyomolinos
Audi,A3,Diésel,288000.0,170.0,manual,7900,Arroyomolinos,28939,Madrid,Arroyomolinos
Audi,A3,Diésel,175000.0,110.0,automatic,15000,Medina del Campo,47400,Valladolid,Medina del Campo
Audi,A3,Diésel,240000.0,140.0,manual,4990,Urbanizacion Calipo,28600,Madrid,Urbanizacion Calipo
Audi,A3,Gasolina,128000.0,116.0,manual,15900,Mairena del Aljarafe,41927,Sevilla,Mairena del Aljarafe
Audi,A3,Diésel,160000.0,105.0,manual,8990,Granollers,8403,Barcelona,Granollers
Audi,A3,Diésel,220000.0,140.0,manual,5999,Madrid,28018,Madrid,Madrid
Volkswagen,Golf,Diésel,71434.0,115.0,automatic,20400,Murcia,30001,Murcia,Murcia
Volkswagen,Golf,Diésel,139000.0,105.0,manual,14900,Vigo,36207,Pontevedra,Vigo
Volkswagen,Golf,Gasolina,123000.0,110.0,manual,13900,Donostia-San Sebastián,20017,Gipuzkoa,Donostia-San Sebastián
Volkswagen,Golf,Gasolina,228000.0,122.0,manual,6490,Granollers,8401,Barcelona,Granollers
Volkswagen,Golf,Diésel,80945.0,115.0,manual,17490,Lebrija,41740,Sevilla,Lebrija
Volkswagen,Golf,Gasolina,124000.0,115.0,manual,3990,Granollers,8403,Barcelona,Granollers
Volkswagen,Golf,Gasolina,111000.0,130.0,manual,248,Gandía,46701,Valencia,Gandía
Volkswagen,Golf,Diésel,73000.0,115.0,manual,442,Valencia,46005,Valencia,Valencia
Volkswagen,Golf,Diésel,87000.0,115.0,manual,434,Valencia,46005,Valencia,Valencia
Volkswagen,Golf,Diésel,115000.0,116.0,manual,378,Madrid,28006,Madrid,Madrid
Volkswagen,Golf,Diésel,134000.0,115.0,manual,14800,Badajoz,6008,Badajoz,Badajoz
Volkswagen,Golf,Diésel,134000.0,115.0,manual,14800,Madrid,28014,Madrid,Madrid
Volkswagen,Golf,Diésel,134000.0,115.0,manual,14800,Almería,4001,Almería,Almería
Volkswagen,Golf,Diésel,134000.0,115.0,manual,14800,Cádiz,11006,Cádiz,Cádiz
Volkswagen,Golf,Diésel,182994.0,110.0,automatic,14190,Torremolinos,29620,Málaga,Torremolinos
Volkswagen,Golf,Diésel,182994.0,110.0,automatic,14190,Torremolinos,29620,Málaga,Torremolinos
Volkswagen,Golf,Diésel,182994.0,110.0,automatic,14190,Torremolinos,29620,Málaga,Torremolinos
Volkswagen,Golf,Diésel,40606.0,115.0,manual,21950,Torremolinos,29620,Málaga,Torremolinos
Volkswagen,Golf,Diésel,40606.0,115.0,manual,21950,Torremolinos,29620,Málaga,Torremolinos
Volkswagen,Golf,Diésel,40606.0,115.0,manual,21950,Torremolinos,29620,Málaga,Torremolinos
Volkswagen,Golf,Gasolina,74984.0,245.0,automatic,28990,Almería,4006,Almería,Almería
Volkswagen,Golf,Diésel,126647.0,115.0,manual,16490,Almería,4006,Almería,Almería
Volkswagen,Golf,Diésel,182994.0,110.0,automatic,14190,Olèrdola,8734,Barcelona,Olèrdola
Volkswagen,Golf,Diésel,182994.0,110.0,automatic,14190,Olèrdola,8734,Barcelona,Olèrdola
Volkswagen,Golf,Diésel,116321.0,150.0,automatic,18990,Almería,4006,Almería,Almería
Volkswagen,Golf,Gasolina,29421.0,130.0,manual,17990,Almería,4006,Almería,Almería
Volkswagen,Golf,Diésel,182994.0,110.0,automatic,14190,Mercado Parque Corredor del Henares,28850,Madrid,Mercado Parque Corredor del Henares
Volkswagen,Golf,Diésel,40606.0,115.0,manual,21950,Olèrdola,8734,Barcelona,Olèrdola
Volkswagen,Golf,Diésel,40606.0,115.0,manual,21950,Olèrdola,8734,Barcelona,Olèrdola
Volkswagen,Golf,Diésel,40606.0,115.0,manual,21950,Mercado Parque Corredor del Henares,28850,Madrid,Mercado Parque Corredor del Henares
Volkswagen,Golf,Gasolina,74984.0,245.0,automatic,28990,Toledo,45002,Toledo,Toledo
Volkswagen,Golf,Gasolina,29421.0,130.0,manual,17990,Toledo,45002,Toledo,Toledo
Volkswagen,Golf,Diésel,126647.0,115.0,manual,16490,Ullastrell,8231,Barcelona,Ullastrell
Volkswagen,Golf,Gasolina,74984.0,245.0,automatic,28990,Alicante,3010,Alicante,Alicante
Volkswagen,Golf,Gasolina,74984.0,245.0,automatic,28990,Alicante,3010,Murcia,Alicante
Volkswagen,Golf,Diésel,126647.0,115.0,manual,16490,Alicante,3010,Alicante,Alicante
Volkswagen,Golf,Diésel,126647.0,115.0,manual,16490,Alicante,3010,Murcia,Alicante
Volkswagen,Golf,Gasolina,74984.0,245.0,automatic,28990,Vigo,36211,Pontevedra,Vigo
SEAT,Ibiza,Gasolina,48373.0,95.0,manual,249,Girona,17007,Girona,Girona
SEAT,Ibiza,Gasolina,48373.0,95.0,manual,254,Girona,17007,Girona,Girona
SEAT,Ibiza,Diésel,191800.0,68.0,manual,1995,Málaga,29004,Málaga,Málaga
SEAT,Ibiza,Gasolina,98000.0,192.0,manual,16900,Sant Joan Despí,8970,Barcelona,Sant Joan Despí
SEAT,Ibiza,Diésel,186000.0,90.0,manual,5990,Elx/Elche,3296,Alicante,Elx/Elche
SEAT,Ibiza,Gasolina,87000.0,70.0,manual,8900,Barcelona,8013,Barcelona,Barcelona
SEAT,Ibiza,Gasolina,78000.0,70.0,manual,5700,Santander,39011,Cantabria,Santander
SEAT,Ibiza,Diésel,57000.0,90.0,manual,12900,Palamós,17230,Girona,Palamós
SEAT,Ibiza,Otros,49000.0,90.0,manual,14800,Campillos,3339,Alicante,Campillos
SEAT,Ibiza,Gasolina,19244.0,95.0,manual,15500,Martorell,8760,Barcelona,Martorell
SEAT,Ibiza,Gasolina,19244.0,95.0,manual,18900,Martorell,8760,Barcelona,Martorell
SEAT,Ibiza,Gasolina,99950.0,115.0,manual,330,Sevilla,41018,Sevilla,Sevilla
SEAT,Ibiza,Gasolina,95000.0,115.0,manual,322,Barcelona,8007,Barcelona,Barcelona
SEAT,Ibiza,Gasolina,99950.0,115.0,manual,217,Madrid,28009,Madrid,Madrid
SEAT,Ibiza,Gasolina,50000.0,95.0,manual,193,Gandía,46701,Valencia,Gandía
SEAT,Ibiza,Gasolina,95000.0,115.0,manual,326,Madrid,28006,Madrid,Madrid
SEAT,Ibiza,Gasolina,98000.0,115.0,manual,324,Valencia,46005,Valencia,Valencia
SEAT,Ibiza,Gasolina,50000.0,95.0,manual,354,Madrid,28006,Madrid,Madrid
SEAT,Ibiza,Gasolina,32200.0,90.0,manual,12535,Puerto de Sagunto,46520,Valencia,Puerto de Sagunto
SEAT,Ibiza,Diésel,32849.0,90.0,manual,13900,Puerto de Sagunto,46520,Valencia,Puerto de Sagunto
SEAT,Ibiza,Diésel,75767.0,115.0,manual,17490,Madrid,28021,Madrid,Madrid
SEAT,Ibiza,Diésel,75767.0,115.0,manual,16990,Madrid,28021,Madrid,Madrid
SEAT,Ibiza,Gasolina,32200.0,90.0,manual,12535,Torremolinos,29620,Málaga,Torremolinos
SEAT,Ibiza,Gasolina,32200.0,90.0,manual,12535,Torremolinos,29620,Málaga,Torremolinos
SEAT,Ibiza,Gasolina,32200.0,90.0,manual,12535,Torremolinos,29620,Málaga,Torremolinos
SEAT,Ibiza,Diésel,32849.0,90.0,manual,13900,Torremolinos,29620,Málaga,Torremolinos
SEAT,Ibiza,Diésel,32849.0,90.0,manual,13900,Torremolinos,29620,Málaga,Torremolinos
SEAT,Ibiza,Diésel,32849.0,90.0,manual,13900,Torremolinos,29620,Málaga,Torremolinos
SEAT,Ibiza,Gasolina,26558.0,115.0,automatic,20350,Torremolinos,29620,Málaga,Torremolinos
SEAT,Ibiza,Gasolina,26558.0,115.0,automatic,20350,Torremolinos,29620,Málaga,Torremolinos
SEAT,Ibiza,Gasolina,26558.0,115.0,automatic,20350,Torremolinos,29620,Málaga,Torremolinos
SEAT,Ibiza,Gasolina,32200.0,90.0,manual,12535,Barcelona,8007,Barcelona,Barcelona
SEAT,Ibiza,Diésel,32849.0,90.0,manual,13900,Ciudad Real,13003,Ciudad Real,Ciudad Real
SEAT,Ibiza,Diésel,32849.0,90.0,manual,13900,Barcelona,8007,Barcelona,Barcelona
SEAT,Ibiza,Diésel,32849.0,90.0,manual,13900,Getafe,28906,Madrid,Getafe
SEAT,Ibiza,Diésel,32849.0,90.0,manual,13900,Santiago de Compostela,15703,A Coruña,Santiago de Compostela
SEAT,Ibiza,Diésel,32849.0,90.0,manual,13900,Albacete,2001,Albacete,Albacete
SEAT,Ibiza,Diésel,32849.0,90.0,manual,13900,Vigo,36214,Pontevedra,Vigo
SEAT,Ibiza,Diésel,32849.0,90.0,manual,13900,Hidraulica Santillana,28770,Madrid,Hidraulica Santillana
SEAT,Ibiza,Diésel,32849.0,90.0,manual,13900,Badajoz,6008,Badajoz,Badajoz
SEAT,Ibiza,Diésel,32849.0,90.0,manual,13900,Saladar,3700,Alicante,Saladar
SEAT,Ibiza,Gasolina,95000.0,85.0,manual,8900,Velilla de San Antonio,28891,Madrid,Velilla de San Antonio
SEAT,Ibiza,Diésel,32849.0,90.0,manual,13900,Santafe,18320,Granada,Santafe
SEAT,Ibiza,Diésel,98300.0,95.0,manual,12490,Almería,4006,Almería,Almería
SEAT,Ibiza,Gasolina,32200.0,90.0,manual,12535,Olèrdola,8734,Barcelona,Olèrdola
SEAT,Ibiza,Gasolina,32200.0,90.0,manual,12535,Olèrdola,8734,Barcelona,Olèrdola
SEAT,Ibiza,Diésel,32849.0,90.0,manual,13900,Murcia,30003,Murcia,Murcia
SEAT,Ibiza,Gasolina,30000.0,95.0,manual,13490,Almería,4006,Almería,Almería
SEAT,Ibiza,Diésel,32849.0,90.0,manual,13900,Olèrdola,8734,Barcelona,Olèrdola
SEAT,Ibiza,Diésel,32849.0,90.0,manual,13900,Olèrdola,8734,Barcelona,Olèrdola
SEAT,Ibiza,Gasolina,35282.0,95.0,manual,13490,Almería,4006,Almería,Almería
SEAT,Ibiza,Gasolina,32200.0,90.0,manual,12535,Castello/Castellon de La Plana,12100,Castellón,Castello/Castellon de La Plana
SEAT,Ibiza,Diésel,32849.0,90.0,manual,13900,Castello/Castellon de La Plana,12100,Castellón,Castello/Castellon de La Plana
SEAT,Ibiza,Diésel,141000.0,105.0,manual,6990,Almería,4006,Almería,Almería
SEAT,Ibiza,Gasolina,32200.0,90.0,manual,12535,Mercado Parque Corredor del Henares,28850,Madrid,Mercado Parque Corredor del Henares
SEAT,Ibiza,Diésel,32849.0,90.0,manual,13900,Mercado Parque Corredor del Henares,28850,Madrid,Mercado Parque Corredor del Henares
SEAT,Ibiza,Gasolina,19552.0,90.0,manual,10500,Almería,4006,Almería,Almería
SEAT,Ibiza,Gasolina,112098.0,75.0,manual,7990,Almería,4006,Almería,Almería
SEAT,Ibiza,Gasolina,67626.0,90.0,manual,10990,Almería,4006,Almería,Almería
SEAT,Ibiza,Gasolina,26558.0,115.0,automatic,20350,Olèrdola,8734,Barcelona,Olèrdola
SEAT,Ibiza,Gasolina,26558.0,115.0,automatic,20350,Olèrdola,8734,Barcelona,Olèrdola
SEAT,Ibiza,Gasolina,26558.0,115.0,automatic,20350,Mercado Parque Corredor del Henares,28850,Madrid,Mercado Parque Corredor del Henares
SEAT,Ibiza,Diésel,32849.0,90.0,manual,13900,Granollers,8403,Barcelona,Granollers
SEAT,Ibiza,Gasolina,32200.0,90.0,manual,12535,Alzira,46600,Valencia,Alzira
SEAT,Ibiza,Gasolina,32200.0,90.0,manual,12535,Alzira,46600,Valencia,Alzira
SEAT,Ibiza,Gasolina,32200.0,90.0,manual,12535,Alicante,3007,Alicante,Alicante
SEAT,Ibiza,Otros,18744.0,90.0,manual,13985,Sabadell,8201,Barcelona,Sabadell
SEAT,Ibiza,Gasolina,32200.0,90.0,manual,12535,Mercabilbao,48970,Bizkaia,Mercabilbao
SEAT,Ibiza,Diésel,32849.0,90.0,manual,13900,Alicante,3007,Alicante,Alicante
SEAT,Ibiza,Diésel,32849.0,90.0,manual,13900,Alzira,46600,Valencia,Alzira
SEAT,Ibiza,Diésel,32849.0,90.0,manual,13900,Alzira,46600,Valencia,Alzira
SEAT,Ibiza,Diésel,32849.0,90.0,manual,13900,Valdepeñas,13300,Ciudad Real,Valdepeñas
SEAT,Ibiza,Diésel,32849.0,90.0,manual,13900,Valdepeñas,13300,Ciudad Real,Valdepeñas
SEAT,Ibiza,Diésel,32849.0,90.0,manual,13900,Las Rozas de Madrid,28232,Madrid,Las Rozas de Madrid
SEAT,Ibiza,Diésel,32849.0,90.0,manual,13900,Mercabilbao,48970,Bizkaia,Mercabilbao
SEAT,Ibiza,Diésel,98300.0,95.0,manual,12490,Toledo,45002,Toledo,Toledo
SEAT,Ibiza,Gasolina,35282.0,95.0,manual,13490,Toledo,45002,Toledo,Toledo
SEAT,Ibiza,Gasolina,30000.0,95.0,manual,13490,Ullastrell,8231,Barcelona,Ullastrell
SEAT,Ibiza,Diésel,98300.0,95.0,manual,12490,Alicante,3010,Alicante,Alicante
SEAT,Ibiza,Diésel,98300.0,95.0,manual,12490,Alicante,3010,Murcia,Alicante
SEAT,Ibiza,Gasolina,32200.0,90.0,manual,12535,Colonia Pablo Iglesias,28520,Madrid,Colonia Pablo Iglesias
SEAT,Ibiza,Diésel,32849.0,90.0,manual,13900,Alcalá de Guadaíra,41500,Sevilla,Alcalá de Guadaíra
SEAT,Ibiza,Diésel,32849.0,90.0,manual,13900,Colonia Pablo Iglesias,28520,Madrid,Colonia Pablo Iglesias
SEAT,Ibiza,Diésel,32849.0,90.0,manual,13900,Zaragoza,50013,Zaragoza,Zaragoza
SEAT,Ibiza,Diésel,32849.0,90.0,manual,13900,Estepona,29680,Málaga,Estepona
SEAT,Ibiza,Gasolina,30000.0,95.0,manual,13490,Alicante,3010,Alicante,Alicante
SEAT,Ibiza,Gasolina,30000.0,95.0,manual,13490,Alicante,3010,Murcia,Alicante
SEAT,Ibiza,Gasolina,67626.0,90.0,manual,10990,Marbella,29601,Málaga,Marbella
SEAT,Ibiza,Diésel,98300.0,95.0,manual,12490,Vigo,36211,Pontevedra,Vigo
SEAT,Ibiza,Gasolina,35282.0,95.0,manual,13490,Alicante,3010,Alicante,Alicante
SEAT,Ibiza,Gasolina,35282.0,95.0,manual,13490,Alicante,3010,Murcia,Alicante
SEAT,Ibiza,Diésel,98300.0,95.0,manual,12490,Granada,18005,Granada,Granada
SEAT,Ibiza,Gasolina,3037.0,110.0,manual,18499,Barcelona,8007,Barcelona,Barcelona
SEAT,Ibiza,Gasolina,3037.0,110.0,manual,18099,Barcelona,8007,Barcelona,Barcelona
SEAT,Ibiza,Gasolina,60119.0,75.0,manual,9999,Barcelona,8007,Barcelona,Barcelona
SEAT,Ibiza,Diésel,141000.0,105.0,manual,6990,Alicante,3010,Alicante,Alicante
SEAT,Ibiza,Diésel,141000.0,105.0,manual,6990,Alicante,3010,Murcia,Alicante
SEAT,Ibiza,Gasolina,30000.0,95.0,manual,13490,Vigo,36211,Pontevedra,Vigo
SEAT,Ibiza,Gasolina,30000.0,95.0,manual,13490,Granada,18005,Granada,Granada
SEAT,Ibiza,Gasolina,35282.0,95.0,manual,13490,Vigo,36211,Pontevedra,Vigo
SEAT,Ibiza,Gasolina,35282.0,95.0,manual,13490,Granada,18005,Granada,Granada
SEAT,Ibiza,Gasolina,19552.0,90.0,manual,10500,Alicante,3010,Alicante,Alicante
SEAT,Ibiza,Gasolina,19552.0,90.0,manual,10500,Alicante,3010,Murcia,Alicante
SEAT,Ibiza,Diésel,141000.0,105.0,manual,6990,Vigo,36211,Pontevedra,Vigo
SEAT,Ibiza,Diésel,141000.0,105.0,manual,6990,Granada,18005,Granada,Granada
SEAT,Ibiza,Diésel,32849.0,90.0,manual,13900,Alameda del Obispo,14005,Córdoba,Alameda del Obispo
SEAT,Ibiza,Gasolina,112098.0,75.0,manual,7990,Alicante,3010,Alicante,Alicante
SEAT,Ibiza,Gasolina,112098.0,75.0,manual,7990,Alicante,3010,Murcia,Alicante
SEAT,Ibiza,Gasolina,67626.0,90.0,manual,10990,Alicante,3010,Alicante,Alicante
SEAT,Ibiza,Gasolina,67626.0,90.0,manual,10990,Alicante,3010,Murcia,Alicante
SEAT,Ibiza,Gasolina,19552.0,90.0,manual,10500,Vigo,36211,Pontevedra,Vigo
SEAT,Ibiza,Diésel,98300.0,95.0,manual,12490,Fuenlabrada,28947,Madrid,Fuenlabrada
SEAT,Ibiza,Gasolina,35282.0,95.0,manual,13490,Fuenlabrada,28947,Madrid,Fuenlabrada
SEAT,Ibiza,Gasolina,37263.0,110.0,manual,16900,Sant Boi de Llobregat,8830,Barcelona,Sant Boi de Llobregat
SEAT,Ibiza,Gasolina,40886.0,80.0,manual,12500,Sant Boi de Llobregat,8830,Barcelona,Sant Boi de Llobregat
SEAT,Ibiza,Gasolina,27323.0,80.0,manual,11900,Sant Boi de Llobregat,8830,Barcelona,Sant Boi de Llobregat
SEAT,Ibiza,Gasolina,19552.0,90.0,manual,10500,Granada,18005,Granada,Granada
SEAT,Ibiza,Gasolina,30000.0,95.0,manual,13490,Girona,17007,Girona,Girona
SEAT,Ibiza,Gasolina,112098.0,75.0,manual,7990,Vigo,36211,Pontevedra,Vigo
SEAT,Ibiza,Gasolina,67626.0,90.0,manual,10990,Vigo,36211,Pontevedra,Vigo
SEAT,Ibiza,Gasolina,112098.0,75.0,manual,7990,Granada,18005,Granada,Granada
SEAT,Ibiza,Gasolina,67626.0,90.0,manual,10990,Granada,18005,Granada,Granada
SEAT,Ibiza,Diésel,98300.0,95.0,manual,12490,Colonia Pablo Iglesias,28520,Madrid,Colonia Pablo Iglesias
SEAT,Ibiza,Gasolina,35282.0,95.0,manual,13490,Colonia Pablo Iglesias,28520,Madrid,Colonia Pablo Iglesias
SEAT,Ibiza,Diésel,98300.0,95.0,manual,12490,Murcia,30005,Murcia,Murcia
SEAT,Ibiza,Gasolina,30000.0,95.0,manual,13490,Murcia,30005,Murcia,Murcia
SEAT,Ibiza,Diésel,98300.0,95.0,manual,12490,Bilbao,48004,Bizkaia,Bilbao
SEAT,Ibiza,Gasolina,35282.0,95.0,manual,13490,Murcia,30005,Murcia,Murcia
SEAT,Ibiza,Gasolina,30000.0,95.0,manual,13490,Bilbao,48004,Bizkaia,Bilbao
SEAT,Ibiza,Diésel,141000.0,105.0,manual,6990,Murcia,30005,Murcia,Murcia
SEAT,Ibiza,Diésel,98300.0,95.0,manual,12490,Sevilla,41005,Sevilla,Sevilla
SEAT,Ibiza,Diésel,98300.0,95.0,manual,12490,Valencia,46001,Valencia,Valencia
SEAT,Ibiza,Gasolina,150100.0,180.0,automatic,12990,Málaga,29005,Málaga,Málaga
SEAT,Ibiza,Gasolina,150100.0,180.0,automatic,11990,Málaga,29005,Málaga,Málaga
SEAT,Ibiza,Gasolina,30073.0,95.0,manual,11990,Málaga,29005,Málaga,Málaga
SEAT,Ibiza,Gasolina,35282.0,95.0,manual,13490,Bilbao,48004,Bizkaia,Bilbao
SEAT,Ibiza,Gasolina,30000.0,95.0,manual,13490,Sevilla,41005,Sevilla,Sevilla
SEAT,Ibiza,Gasolina,30000.0,95.0,manual,13490,Valencia,46001,Valencia,Valencia
SEAT,Ibiza,Diésel,141000.0,105.0,manual,6990,Bilbao,48004,Bizkaia,Bilbao
SEAT,Ibiza,Gasolina,9115.0,150.0,automatic,21490,Málaga,29005,Málaga,Málaga
SEAT,Ibiza,Gasolina,19552.0,90.0,manual,10500,Murcia,30005,Murcia,Murcia
SEAT,Ibiza,Gasolina,74451.0,95.0,manual,10990,Málaga,29005,Málaga,Málaga
SEAT,Ibiza,Gasolina,35282.0,95.0,manual,13490,Valencia,46001,Valencia,Valencia
SEAT,Ibiza,Gasolina,35282.0,95.0,manual,13490,Sevilla,41005,Sevilla,Sevilla
SEAT,Ibiza,Gasolina,30000.0,95.0,manual,13490,Palma de Mallorca,7003,Baleares,Palma de Mallorca
SEAT,Ibiza,Diésel,98300.0,95.0,manual,12490,Málaga,29005,Málaga,Málaga
SEAT,Ibiza,Gasolina,19552.0,90.0,manual,10500,Bilbao,48004,Bizkaia,Bilbao
SEAT,Ibiza,Diésel,141000.0,105.0,manual,6990,Palma de Mallorca,7003,Baleares,Palma de Mallorca
SEAT,Ibiza,Gasolina,112098.0,75.0,manual,7990,Murcia,30005,Murcia,Murcia
SEAT,Ibiza,Gasolina,30000.0,95.0,manual,13490,Málaga,29005,Málaga,Málaga
SEAT,Ibiza,Gasolina,67626.0,90.0,manual,10990,Murcia,30005,Murcia,Murcia
SEAT,Ibiza,Gasolina,19552.0,90.0,manual,10500,Palma de Mallorca,7003,Baleares,Palma de Mallorca
SEAT,Ibiza,Gasolina,35282.0,95.0,manual,13490,Málaga,29005,Málaga,Málaga
SEAT,Ibiza,Gasolina,112098.0,75.0,manual,7990,Bilbao,48004,Bizkaia,Bilbao
SEAT,Ibiza,Gasolina,67626.0,90.0,manual,10990,Bilbao,48004,Bizkaia,Bilbao
SEAT,Ibiza,Diésel,98300.0,95.0,manual,12490,Las Rozas de Madrid,28232,Madrid,Las Rozas de Madrid
SEAT,Ibiza,Diésel,98300.0,95.0,manual,12490,Camarma de Esteruelas,28816,Madrid,Camarma de Esteruelas
SEAT,Ibiza,Diésel,98300.0,95.0,manual,12490,Camarma de Esteruelas,28816,Madrid,Camarma de Esteruelas
SEAT,Ibiza,Gasolina,35282.0,95.0,manual,13490,Las Rozas de Madrid,28232,Madrid,Las Rozas de Madrid
SEAT,Ibiza,Gasolina,35282.0,95.0,manual,13490,Camarma de Esteruelas,28816,Madrid,Camarma de Esteruelas
SEAT,Ibiza,Gasolina,35282.0,95.0,manual,13490,Camarma de Esteruelas,28816,Madrid,Camarma de Esteruelas
SEAT,Ibiza,Diésel,98300.0,95.0,manual,12490,Collado Villalba,28400,Madrid,Collado Villalba
SEAT,Ibiza,Diésel,98300.0,95.0,manual,12490,Collado Villalba,28400,Madrid,Collado Villalba
SEAT,Ibiza,Gasolina,35282.0,95.0,manual,13490,Collado Villalba,28400,Madrid,Collado Villalba
SEAT,Ibiza,Gasolina,35282.0,95.0,manual,13490,Collado Villalba,28400,Madrid,Collado Villalba
SEAT,Ibiza,Gasolina,30000.0,95.0,manual,13490,Òrrius,8317,Barcelona,Òrrius
SEAT,Ibiza,Gasolina,9115.0,150.0,automatic,21490,Urbanizacion La Granjilla,28700,Madrid,Urbanizacion La Granjilla
SEAT,Ibiza,Diésel,98300.0,95.0,manual,12490,Urbanizacion La Granjilla,28700,Madrid,Urbanizacion La Granjilla
SEAT,Ibiza,Diésel,98300.0,95.0,manual,12490,Villaviciosa de Odón,28670,Madrid,Villaviciosa de Odón
SEAT,Ibiza,Gasolina,67626.0,90.0,manual,10990,Algeciras,11202,Cádiz,Algeciras
SEAT,Ibiza,Gasolina,35282.0,95.0,manual,13490,Villaviciosa de Odón,28670,Madrid,Villaviciosa de Odón
SEAT,Ibiza,Gasolina,35282.0,95.0,manual,13490,Urbanizacion La Granjilla,28700,Madrid,Urbanizacion La Granjilla
SEAT,Ibiza,Gasolina,30000.0,95.0,manual,13490,Palau-Solita I Plegamans,8184,Barcelona,Palau-Solita I Plegamans
SEAT,Ibiza,Gasolina,30000.0,95.0,manual,13490,Palau-Solita I Plegamans,8184,Barcelona,Palau-Solita I Plegamans
SEAT,Ibiza,Diésel,141000.0,105.0,manual,6990,Castellón,12001,Castellón,Castellón
SEAT,Ibiza,Gasolina,19552.0,90.0,manual,10500,Castellón,12001,Castellón,Castellón
SEAT,Ibiza,Gasolina,112098.0,75.0,manual,7990,Jaén,23008,Jaén,Jaén
SEAT,Ibiza,Gasolina,30000.0,95.0,manual,13490,Tarragona,43006,Tarragona,Tarragona
SEAT,Ibiza,Diésel,138000.0,64.0,manual,3700,Cornella del Terri,17844,Girona,Cornella del Terri
SEAT,Ibiza,Otros,18744.0,90.0,manual,13985,Sant Boi de Llobregat,8830,Barcelona,Sant Boi de Llobregat
SEAT,Ibiza,Gasolina,160.0,60.0,manual,990,Pontevedra,36164,Pontevedra,Pontevedra
SEAT,Ibiza,Diésel,105000.0,95.0,manual,10495,Madrid,28043,Madrid,Madrid
SEAT,Ibiza,Diésel,105000.0,95.0,manual,9995,Madrid,28043,Madrid,Madrid
SEAT,Ibiza,Diésel,190000.0,105.0,manual,6400,Humanes de Madrid,28970,Madrid,Humanes de Madrid
SEAT,Ibiza,Gasolina,114000.0,85.0,manual,9990,Fuenlabrada,28943,Madrid,Fuenlabrada
SEAT,Ibiza,Gasolina,53195.0,105.0,automatic,15500,Girona,17005,Girona,Girona
SEAT,Ibiza,Diésel,193000.0,105.0,manual,5490,Utrera,41710,Sevilla,Utrera
Toyota,Corolla,Diésel,240000.0,177.0,manual,5290,Torremolinos,29620,Málaga,Torremolinos
Toyota,Corolla,Diésel,240000.0,177.0,manual,5290,Torremolinos,29620,Málaga,Torremolinos
Toyota,Corolla,Diésel,240000.0,177.0,manual,5290,Torremolinos,29620,Málaga,Torremolinos
Peugeot,308,Diésel,114000.0,149.0,manual,455,Madrid,28006,Madrid,Madrid
Peugeot,308,Diésel,119000.0,130.0,manual,316,Valencia,46005,Valencia,Valencia
Peugeot,308,Diésel,108000.0,130.0,manual,328,Barcelona,8009,Barcelona,Barcelona
Peugeot,308,Gasolina,68379.0,130.0,manual,12496,Puerto de Sagunto,46520,Valencia,Puerto de Sagunto
Peugeot,308,Gasolina,68379.0,130.0,manual,12496,Torremolinos,29620,Málaga,Torremolinos
Peugeot,308,Gasolina,68379.0,130.0,manual,12496,Torremolinos,29620,Málaga,Torremolinos
Peugeot,308,Gasolina,68379.0,130.0,manual,12496,Torremolinos,29620,Málaga,Torremolinos
Peugeot,308,Gasolina,62158.0,110.0,manual,14030,Torremolinos,29620,Málaga,Torremolinos
Peugeot,308,Gasolina,62158.0,110.0,manual,14030,Torremolinos,29620,Málaga,Torremolinos
Peugeot,308,Gasolina,62158.0,110.0,manual,14030,Torremolinos,29620,Málaga,Torremolinos
Peugeot,308,Diésel,37183.0,130.0,manual,18900,Torremolinos,29620,Málaga,Torremolinos
Peugeot,308,Diésel,37183.0,130.0,manual,18900,Torremolinos,29620,Málaga,Torremolinos
Peugeot,308,Diésel,37183.0,130.0,manual,18900,Torremolinos,29620,Málaga,Torremolinos
Peugeot,308,Gasolina,68379.0,130.0,manual,12496,Ciudad Real,13003,Ciudad Real,Ciudad Real
Peugeot,308,Gasolina,68379.0,130.0,manual,12496,Barcelona,8007,Barcelona,Barcelona
Peugeot,308,Gasolina,68379.0,130.0,manual,12496,Santiago de Compostela,15703,A Coruña,Santiago de Compostela
Peugeot,308,Gasolina,68379.0,130.0,manual,12496,Albacete,2001,Albacete,Albacete
Peugeot,308,Gasolina,62158.0,110.0,manual,14030,Albacete,2001,Albacete,Albacete
Peugeot,308,Gasolina,62158.0,110.0,manual,14030,Hidraulica Santillana,28770,Madrid,Hidraulica Santillana
Peugeot,308,Gasolina,68379.0,130.0,manual,12496,Saladar,3700,Alicante,Saladar
Peugeot,308,Gasolina,68379.0,130.0,manual,12496,Olèrdola,8734,Barcelona,Olèrdola
Peugeot,308,Gasolina,68379.0,130.0,manual,12496,Olèrdola,8734,Barcelona,Olèrdola
Peugeot,308,Gasolina,62158.0,110.0,manual,14030,Olèrdola,8734,Barcelona,Olèrdola
Peugeot,308,Gasolina,62158.0,110.0,manual,14030,Olèrdola,8734,Barcelona,Olèrdola
Peugeot,308,Gasolina,68379.0,130.0,manual,12496,Castello/Castellon de La Plana,12100,Castellón,Castello/Castellon de La Plana
Peugeot,308,Gasolina,62158.0,110.0,manual,14030,Castello/Castellon de La Plana,12100,Castellón,Castello/Castellon de La Plana
Peugeot,308,Gasolina,68379.0,130.0,manual,12496,Mercado Parque Corredor del Henares,28850,Madrid,Mercado Parque Corredor del Henares
Peugeot,308,Gasolina,113650.0,130.0,manual,8990,Almería,4006,Almería,Almería
Peugeot,308,Gasolina,62158.0,110.0,manual,14030,Mercado Parque Corredor del Henares,28850,Madrid,Mercado Parque Corredor del Henares
Peugeot,308,Diésel,37183.0,130.0,manual,18900,Olèrdola,8734,Barcelona,Olèrdola
Peugeot,308,Diésel,37183.0,130.0,manual,18900,Olèrdola,8734,Barcelona,Olèrdola
Peugeot,308,Diésel,37183.0,130.0,manual,18900,Mercado Parque Corredor del Henares,28850,Madrid,Mercado Parque Corredor del Henares
Peugeot,308,Gasolina,68379.0,130.0,manual,12496,Alzira,46600,Valencia,Alzira
Peugeot,308,Gasolina,68379.0,130.0,manual,12496,Alzira,46600,Valencia,Alzira
Peugeot,308,Gasolina,68379.0,130.0,manual,12496,Alicante,3007,Alicante,Alicante
Peugeot,308,Gasolina,68379.0,130.0,manual,12496,Mercabilbao,48970,Bizkaia,Mercabilbao
Peugeot,308,Gasolina,62158.0,110.0,manual,14030,Alicante,3007,Alicante,Alicante
Peugeot,308,Gasolina,62158.0,110.0,manual,14030,Alzira,46600,Valencia,Alzira
Peugeot,308,Gasolina,62158.0,110.0,manual,14030,Alzira,46600,Valencia,Alzira
Peugeot,308,Gasolina,68379.0,130.0,manual,12496,Colonia Pablo Iglesias,28520,Madrid,Colonia Pablo Iglesias
Peugeot,308,Gasolina,68379.0,130.0,manual,12496,Zaragoza,50013,Zaragoza,Zaragoza
Peugeot,308,Gasolina,113650.0,130.0,manual,8990,Marbella,29601,Málaga,Marbella
Peugeot,308,Gasolina,34569.0,110.0,manual,14499,Madrid,28014,Madrid,Madrid
Peugeot,308,Gasolina,34569.0,110.0,manual,14499,Barcelona,8007,Barcelona,Barcelona
Peugeot,308,Gasolina,30667.0,130.0,manual,16399,Madrid,28014,Madrid,Madrid
Peugeot,308,Gasolina,30667.0,130.0,manual,16399,Barcelona,8007,Barcelona,Barcelona
Peugeot,308,Diésel,52913.0,92.0,manual,9599,Madrid,28014,Madrid,Madrid
Peugeot,308,Diésel,52913.0,92.0,manual,9599,Barcelona,8007,Barcelona,Barcelona
Peugeot,308,Gasolina,113650.0,130.0,manual,8990,Alicante,3010,Alicante,Alicante
Peugeot,308,Gasolina,113650.0,130.0,manual,8990,Alicante,3010,Murcia,Alicante
Peugeot,308,Diésel,161000.0,100.0,manual,8300,Trasona,33468,Asturias,Trasona
Peugeot,308,Diésel,161000.0,100.0,manual,8300,Trasona,33468,Asturias,Trasona
Peugeot,308,Gasolina,113650.0,130.0,manual,8990,Vigo,36211,Pontevedra,Vigo
Peugeot,308,Gasolina,113650.0,130.0,manual,8990,Granada,18005,Granada,Granada
Peugeot,308,Gasolina,55905.0,130.0,manual,13990,Málaga,29005,Málaga,Málaga
Peugeot,308,Gasolina,113650.0,130.0,manual,8990,Murcia,30005,Murcia,Murcia
Peugeot,308,Diésel,76329.0,100.0,manual,11990,Málaga,29005,Málaga,Málaga
Peugeot,308,Gasolina,113650.0,130.0,manual,8990,Bilbao,48004,Bizkaia,Bilbao
Peugeot,308,Gasolina,113650.0,130.0,manual,8990,Algeciras,11202,Cádiz,Algeciras
Peugeot,308,Gasolina,36800.0,130.0,manual,17900,Lliça d'Amunt,8186,Barcelona,Lliça d'Amunt
Peugeot,308,Gasolina,140000.0,120.0,manual,6999,Castello/Castellon de La Plana,12100,Castellón,Castello/Castellon de La Plana
Peugeot,308,Gasolina,45000.0,110.0,manual,13490,Fuenlabrada,28943,Madrid,Fuenlabrada
Peugeot,308,Diésel,124000.0,100.0,manual,12500,Conil de la Frontera,11140,Cádiz,Conil de la Frontera
Audi,Q2,Diésel,41725.0,116.0,automatic,27900,Alcobendas,28100,Madrid,Alcobendas
Audi,Q2,Diésel,42713.0,116.0,automatic,25875,Torremolinos,29620,Málaga,Torremolinos
Audi,Q2,Diésel,42713.0,116.0,automatic,25875,Torremolinos,29620,Málaga,Torremolinos
Audi,Q2,Diésel,42713.0,116.0,automatic,25875,Torremolinos,29620,Málaga,Torremolinos
Audi,Q2,Diésel,41725.0,116.0,automatic,27900,Torremolinos,29620,Málaga,Torremolinos
Audi,Q2,Diésel,41725.0,116.0,automatic,27900,Torremolinos,29620,Málaga,Torremolinos
Audi,Q2,Diésel,41725.0,116.0,automatic,27900,Torremolinos,29620,Málaga,Torremolinos
Audi,Q2,Diésel,42713.0,116.0,automatic,25875,Ciudad Real,13003,Ciudad Real,Ciudad Real
Audi,Q2,Diésel,42713.0,116.0,automatic,25875,Barcelona,8007,Barcelona,Barcelona
Audi,Q2,Diésel,41725.0,116.0,automatic,27900,Ciudad Real,13003,Ciudad Real,Ciudad Real
Audi,Q2,Diésel,41725.0,116.0,automatic,27900,Barcelona,8007,Barcelona,Barcelona
Audi,Q2,Diésel,42713.0,116.0,automatic,25875,Getafe,28906,Madrid,Getafe
Audi,Q2,Diésel,41725.0,116.0,automatic,27900,Getafe,28906,Madrid,Getafe
Audi,Q2,Diésel,42713.0,116.0,automatic,25875,Santiago de Compostela,15703,A Coruña,Santiago de Compostela
Audi,Q2,Diésel,42713.0,116.0,automatic,25875,Albacete,2001,Albacete,Albacete
Audi,Q2,Diésel,41725.0,116.0,automatic,27900,Santiago de Compostela,15703,A Coruña,Santiago de Compostela
Audi,Q2,Diésel,41725.0,116.0,automatic,27900,Albacete,2001,Albacete,Albacete
Audi,Q2,Diésel,87122.0,116.0,automatic,23800,Sant Cugat del Vallès,8172,Barcelona,Sant Cugat del Vallès
Audi,Q2,Diésel,87122.0,116.0,automatic,23100,Sant Cugat del Vallès,8172,Barcelona,Sant Cugat del Vallès
Audi,Q2,Diésel,42713.0,116.0,automatic,25875,Vigo,36214,Pontevedra,Vigo
Audi,Q2,Diésel,41725.0,116.0,automatic,27900,Vigo,36214,Pontevedra,Vigo
Audi,Q2,Diésel,87122.0,116.0,automatic,23800,Alcobendas,28100,Madrid,Alcobendas
Audi,Q2,Diésel,87122.0,116.0,automatic,23100,Alcobendas,28100,Madrid,Alcobendas
Audi,Q2,Diésel,87122.0,116.0,automatic,23800,Leganés,28914,Madrid,Leganés
Audi,Q2,Diésel,87122.0,116.0,automatic,23100,Leganés,28914,Madrid,Leganés
Audi,Q2,Diésel,87122.0,116.0,automatic,23800,Sabadell,8203,Barcelona,Sabadell
Audi,Q2,Diésel,87122.0,116.0,automatic,23100,Sabadell,8203,Barcelona,Sabadell
Audi,Q2,Diésel,87122.0,116.0,automatic,23800,Toledo,45002,Toledo,Toledo
Audi,Q2,Diésel,87122.0,116.0,automatic,23100,Toledo,45002,Toledo,Toledo
Audi,Q2,Diésel,87122.0,116.0,automatic,23800,Zaragoza,50003,Zaragoza,Zaragoza
Audi,Q2,Diésel,87122.0,116.0,automatic,23100,Zaragoza,50003,Zaragoza,Zaragoza
Audi,Q2,Diésel,87122.0,116.0,automatic,23800,Viladecans,8840,Barcelona,Viladecans
Audi,Q2,Diésel,87122.0,116.0,automatic,23100,Viladecans,8840,Barcelona,Viladecans
Audi,Q2,Diésel,97800.0,116.0,manual,18490,Almería,4006,Almería,Almería
Audi,Q2,Diésel,42713.0,116.0,automatic,25875,Santafe,18320,Granada,Santafe
Audi,Q2,Diésel,41725.0,116.0,automatic,27900,Santafe,18320,Granada,Santafe
Audi,Q2,Diésel,87122.0,116.0,automatic,23800,Málaga,29015,Málaga,Málaga
Audi,Q2,Diésel,87122.0,116.0,automatic,23100,Málaga,29015,Málaga,Málaga
Audi,Q2,Diésel,42713.0,116.0,automatic,25875,Murcia,30003,Murcia,Murcia
Audi,Q2,Diésel,41725.0,116.0,automatic,27900,Murcia,30003,Murcia,Murcia
Audi,Q2,Diésel,42713.0,116.0,automatic,25875,Castello/Castellon de La Plana,12100,Castellón,Castello/Castellon de La Plana
Audi,Q2,Diésel,41725.0,116.0,automatic,27900,Castello/Castellon de La Plana,12100,Castellón,Castello/Castellon de La Plana
Audi,Q2,Diésel,42713.0,116.0,automatic,25875,Olèrdola,8734,Barcelona,Olèrdola
Audi,Q2,Diésel,42713.0,116.0,automatic,25875,Olèrdola,8734,Barcelona,Olèrdola
Audi,Q2,Diésel,42713.0,116.0,automatic,25875,Colonia Pablo Iglesias,28520,Madrid,Colonia Pablo Iglesias
Audi,Q2,Diésel,42713.0,116.0,automatic,25875,Zaragoza,50013,Zaragoza,Zaragoza
Audi,Q2,Diésel,42713.0,116.0,automatic,25875,Alcalá de Guadaíra,41500,Sevilla,Alcalá de Guadaíra
Audi,Q2,Diésel,42713.0,116.0,automatic,25875,Paterna,46980,Valencia,Paterna
Audi,Q2,Diésel,42713.0,116.0,automatic,25875,Atarrabia,31610,Navarra,Atarrabia
Audi,Q2,Diésel,42713.0,116.0,automatic,25875,Estepona,29680,Málaga,Estepona
Audi,Q2,Diésel,41725.0,116.0,automatic,27900,Colonia Pablo Iglesias,28520,Madrid,Colonia Pablo Iglesias
Audi,Q2,Diésel,41725.0,116.0,automatic,27900,Zaragoza,50013,Zaragoza,Zaragoza
Audi,Q2,Diésel,41725.0,116.0,automatic,27900,Paterna,46980,Valencia,Paterna
Audi,Q2,Diésel,41725.0,116.0,automatic,27900,Atarrabia,31610,Navarra,Atarrabia
Audi,Q2,Diésel,41725.0,116.0,automatic,27900,Alcalá de Guadaíra,41500,Sevilla,Alcalá de Guadaíra
Audi,Q2,Diésel,41725.0,116.0,automatic,27900,Estepona,29680,Málaga,Estepona
Audi,Q2,Diésel,87122.0,116.0,automatic,23800,Alcalá de Henares,28801,Madrid,Alcalá de Henares
Audi,Q2,Diésel,87122.0,116.0,automatic,23100,Alcalá de Henares,28801,Madrid,Alcalá de Henares
Audi,Q2,Diésel,97800.0,116.0,manual,18490,Girona,17007,Girona,Girona
Audi,Q2,Diésel,42713.0,116.0,automatic,25875,Alameda del Obispo,14005,Córdoba,Alameda del Obispo
Audi,Q2,Diésel,41725.0,116.0,automatic,27900,Alameda del Obispo,14005,Córdoba,Alameda del Obispo
Audi,Q2,Diésel,97800.0,116.0,manual,18490,Murcia,30005,Murcia,Murcia
Audi,Q2,Diésel,97800.0,116.0,manual,18490,Bilbao,48004,Bizkaia,Bilbao
Audi,Q2,Diésel,97800.0,116.0,manual,18490,Sevilla,41005,Sevilla,Sevilla
Audi,Q2,Diésel,97800.0,116.0,manual,18490,Valencia,46001,Valencia,Valencia
Audi,Q2,Diésel,97800.0,116.0,manual,18490,Palma de Mallorca,7003,Baleares,Palma de Mallorca
Audi,Q2,Diésel,87122.0,116.0,automatic,23800,Barcelona,8013,Barcelona,Barcelona
Audi,Q2,Diésel,87122.0,116.0,automatic,23100,Barcelona,8013,Barcelona,Barcelona
Audi,Q2,Gasolina,60000.0,116.0,manual,21700,Valencia,46002,Valencia,Valencia
Audi,Q2,Gasolina,60000.0,116.0,manual,21700,Bormujos,41930,Sevilla,Bormujos
BMW,X1,Diésel,69300.0,150.0,automatic,28600,Trapaga-Causo,48510,Bizkaia,Trapaga-Causo
BMW,X1,Diésel,40294.0,116.0,manual,26890,Leganés,28916,Madrid,Leganés
BMW,X1,Diésel,123990.0,150.0,automatic,21990,Valencia,46001,Valencia,Valencia
BMW,X1,Diésel,123990.0,150.0,automatic,21990,Málaga,29005,Málaga,Málaga
BMW,X1,Diésel,2500.0,150.0,automatic,36900,Barcelona,8028,Barcelona,Barcelona
BMW,X1,Diésel,200000.0,204.0,manual,13300,Reus,43202,Tarragona,Reus
BMW,Serie 4,Diésel,61500.0,190.0,automatic,25900,Alcaudete,23660,Jaén,Alcaudete
BMW,Serie 5,Diésel,69247.0,184.0,automatic,21890,Santa Maria del Aguila,4710,Almería,Santa Maria del Aguila
BMW,Serie 5,Diésel,165000.0,218.0,automatic,19990,Sevilla,41005,Sevilla,Sevilla
BMW,Serie 5,Diésel,165000.0,218.0,automatic,19990,Almería,4006,Almería,Almería
BMW,Serie 5,Diésel,165000.0,218.0,automatic,19990,Òrrius,8317,Barcelona,Òrrius
BMW,Serie 5,Diésel,165000.0,218.0,automatic,19990,Vigo,36211,Pontevedra,Vigo
BMW,Serie 5,Diésel,165000.0,218.0,automatic,19990,Murcia,30005,Murcia,Murcia
BMW,Serie 5,Diésel,165000.0,218.0,automatic,19990,Ullastrell,8231,Barcelona,Ullastrell
BMW,Serie 5,Diésel,165000.0,218.0,automatic,19990,Valencia,46001,Valencia,Valencia
BMW,Serie 5,Diésel,165000.0,218.0,automatic,19990,Granada,18005,Granada,Granada
BMW,Serie 5,Diésel,165000.0,218.0,automatic,19990,Málaga,29005,Málaga,Málaga
BMW,Serie 5,Diésel,165000.0,218.0,automatic,19990,Bilbao,48004,Bizkaia,Bilbao
BMW,Serie 5,Diésel,245000.0,184.0,manual,12990,Daganzo de Arriba,28814,Madrid,Daganzo de Arriba
BMW,Serie 5,Gasolina,140000.0,560.0,manual,37999,Alcantarilla,30820,Murcia,Alcantarilla
BMW,Serie 5,Gasolina,261000.0,150.0,manual,3990,Tarragona,43005,Tarragona,Tarragona
BMW,Serie 5,Gasolina,261000.0,150.0,manual,3490,Tarragona,43005,Tarragona,Tarragona
BMW,Serie 5,Diésel,0.0,163.0,manual,3500,Badajoz,6004,Badajoz,Badajoz
BMW,Serie 5,Diésel,220150.0,231.0,manual,6500,Catarroja,46470,Valencia,Catarroja
BMW,Serie 5,Diésel,220150.0,231.0,manual,6500,Catarroja,46470,Valencia,Catarroja
BMW,Serie 5,Diésel,220150.0,231.0,manual,6500,Catarroja,46470,Valencia,Catarroja
BMW,Serie 5,Diésel,220150.0,231.0,manual,6500,Catarroja,46470,Valencia,Catarroja
Opel,ADAM,Gasolina,40380.0,100.0,manual,12535,Mercado Parque Corredor del Henares,28850,Madrid,Mercado Parque Corredor del Henares
Opel,ADAM,Gasolina,40380.0,100.0,manual,12535,Valdepeñas,13300,Ciudad Real,Valdepeñas
Opel,ADAM,Gasolina,40380.0,100.0,manual,12535,Valdepeñas,13300,Ciudad Real,Valdepeñas
Opel,ADAM,Gasolina,40380.0,100.0,manual,12535,Ciudad Real,13003,Ciudad Real,Ciudad Real
BMW,Serie 2,Diésel,53134.0,150.0,manual,21275,Zaragoza,50013,Zaragoza,Zaragoza
BMW,Serie 2,Diésel,154564.0,150.0,manual,13530,Mercado Parque Corredor del Henares,28850,Madrid,Mercado Parque Corredor del Henares
BMW,Serie 2,Diésel,53134.0,150.0,manual,21275,Mercado Parque Corredor del Henares,28850,Madrid,Mercado Parque Corredor del Henares
BMW,Serie 2,Diésel,154564.0,150.0,manual,13530,Santa Maria del Aguila,4710,Almería,Santa Maria del Aguila
BMW,Serie 2,Diésel,154564.0,150.0,manual,13530,Alcalá de Guadaíra,41500,Sevilla,Alcalá de Guadaíra
BMW,Serie 2,Diésel,53134.0,150.0,manual,21275,Santa Maria del Aguila,4710,Almería,Santa Maria del Aguila
BMW,Serie 2,Diésel,53134.0,150.0,manual,21275,Alcalá de Guadaíra,41500,Sevilla,Alcalá de Guadaíra
BMW,Serie 2,Diésel,56400.0,150.0,automatic,24990,Sevilla,41005,Sevilla,Sevilla
BMW,Serie 2,Diésel,154564.0,150.0,manual,13530,Mercabilbao,48970,Bizkaia,Mercabilbao
BMW,Serie 2,Diésel,154564.0,150.0,manual,13530,Paterna,46980,Valencia,Paterna
BMW,Serie 2,Diésel,53134.0,150.0,manual,21275,Mercabilbao,48970,Bizkaia,Mercabilbao
BMW,Serie 2,Diésel,53134.0,150.0,manual,21275,Paterna,46980,Valencia,Paterna
BMW,Serie 2,Diésel,154564.0,150.0,manual,13530,Saladar,3700,Alicante,Saladar
BMW,Serie 2,Diésel,154564.0,150.0,manual,13530,Puerto de Sagunto,46520,Valencia,Puerto de Sagunto
BMW,Serie 2,Diésel,53134.0,150.0,manual,21275,Saladar,3700,Alicante,Saladar
BMW,Serie 2,Diésel,53134.0,150.0,manual,21275,Puerto de Sagunto,46520,Valencia,Puerto de Sagunto
BMW,Serie 2,Diésel,154564.0,150.0,manual,13530,Estepona,29680,Málaga,Estepona
BMW,Serie 2,Diésel,154564.0,150.0,manual,13530,Badajoz,6008,Badajoz,Badajoz
BMW,Serie 2,Diésel,53134.0,150.0,manual,21275,Estepona,29680,Málaga,Estepona
BMW,Serie 2,Diésel,154564.0,150.0,manual,13530,Atarrabia,31610,Navarra,Atarrabia
BMW,Serie 2,Diésel,53134.0,150.0,manual,21275,Vigo,36214,Pontevedra,Vigo
BMW,Serie 2,Diésel,53134.0,150.0,manual,21275,Murcia,30003,Murcia,Murcia
BMW,Serie 2,Diésel,53134.0,150.0,manual,21275,Atarrabia,31610,Navarra,Atarrabia
BMW,Serie 2,Diésel,154564.0,150.0,manual,13530,Olèrdola,8734,Barcelona,Olèrdola
BMW,Serie 2,Diésel,154564.0,150.0,manual,13530,Olèrdola,8734,Barcelona,Olèrdola
BMW,Serie 2,Diésel,53134.0,150.0,manual,21275,Olèrdola,8734,Barcelona,Olèrdola
BMW,Serie 2,Diésel,53134.0,150.0,manual,21275,Olèrdola,8734,Barcelona,Olèrdola
BMW,Serie 2,Diésel,154564.0,150.0,manual,13530,Sant Vicenç de Montalt,8394,Barcelona,Sant Vicenç de Montalt
BMW,Serie 2,Diésel,53134.0,150.0,manual,21275,Sant Vicenç de Montalt,8394,Barcelona,Sant Vicenç de Montalt
BMW,Serie 2,Diésel,46134.0,150.0,manual,27025,Sant Vicenç de Montalt,8394,Barcelona,Sant Vicenç de Montalt
BMW,Serie 2,Diésel,154564.0,150.0,manual,13530,Ciudad Real,13003,Ciudad Real,Ciudad Real
BMW,Serie 2,Diésel,154564.0,150.0,manual,13530,Santiago de Compostela,15703,A Coruña,Santiago de Compostela
BMW,Serie 2,Diésel,154564.0,150.0,manual,13530,Alcobendas,28100,Madrid,Alcobendas
BMW,Serie 2,Diésel,154564.0,150.0,manual,13530,Albacete,2001,Albacete,Albacete
BMW,Serie 2,Diésel,154564.0,150.0,manual,13530,Alzira,46600,Valencia,Alzira
BMW,Serie 2,Diésel,154564.0,150.0,manual,13530,Alzira,46600,Valencia,Alzira
BMW,Serie 2,Diésel,154564.0,150.0,manual,13530,Castello/Castellon de La Plana,12100,Castellón,Castello/Castellon de La Plana
BMW,Serie 2,Diésel,154564.0,150.0,manual,13530,Alicante,3007,Alicante,Alicante
BMW,Serie 2,Diésel,154564.0,150.0,manual,13530,Hidraulica Santillana,28770,Madrid,Hidraulica Santillana
BMW,Serie 2,Diésel,154564.0,150.0,manual,13530,Colonia Pablo Iglesias,28520,Madrid,Colonia Pablo Iglesias
BMW,Serie 2,Diésel,154564.0,150.0,manual,13530,Las Rozas de Madrid,28232,Madrid,Las Rozas de Madrid
BMW,Serie 2,Diésel,154564.0,150.0,manual,13530,Alameda del Obispo,14005,Córdoba,Alameda del Obispo
BMW,Serie 2,Diésel,154564.0,150.0,manual,13530,Torremolinos,29620,Málaga,Torremolinos
BMW,Serie 2,Diésel,154564.0,150.0,manual,13530,Torremolinos,29620,Málaga,Torremolinos
BMW,Serie 2,Diésel,154564.0,150.0,manual,13530,Torremolinos,29620,Málaga,Torremolinos
BMW,Serie 2,Diésel,53134.0,150.0,manual,21275,Ciudad Real,13003,Ciudad Real,Ciudad Real
BMW,Serie 2,Diésel,53134.0,150.0,manual,21275,Santiago de Compostela,15703,A Coruña,Santiago de Compostela
BMW,Serie 2,Diésel,53134.0,150.0,manual,21275,Castello/Castellon de La Plana,12100,Castellón,Castello/Castellon de La Plana
BMW,Serie 2,Diésel,53134.0,150.0,manual,21275,Alzira,46600,Valencia,Alzira
BMW,Serie 2,Diésel,53134.0,150.0,manual,21275,Alzira,46600,Valencia,Alzira
BMW,Serie 2,Diésel,53134.0,150.0,manual,21275,Alcobendas,28100,Madrid,Alcobendas
BMW,Serie 2,Diésel,53134.0,150.0,manual,21275,Hidraulica Santillana,28770,Madrid,Hidraulica Santillana
BMW,Serie 2,Diésel,53134.0,150.0,manual,21275,Albacete,2001,Albacete,Albacete
BMW,Serie 2,Diésel,53134.0,150.0,manual,21275,Alicante,3007,Alicante,Alicante
BMW,Serie 2,Diésel,53134.0,150.0,manual,21275,Colonia Pablo Iglesias,28520,Madrid,Colonia Pablo Iglesias
BMW,Serie 2,Diésel,53134.0,150.0,manual,21275,Torremolinos,29620,Málaga,Torremolinos
BMW,Serie 2,Diésel,53134.0,150.0,manual,21275,Torremolinos,29620,Málaga,Torremolinos
BMW,Serie 2,Diésel,53134.0,150.0,manual,21275,Torremolinos,29620,Málaga,Torremolinos
BMW,Serie 2,Diésel,53134.0,150.0,manual,21275,Las Rozas de Madrid,28232,Madrid,Las Rozas de Madrid
BMW,Serie 2,Diésel,53134.0,150.0,manual,21275,Alameda del Obispo,14005,Córdoba,Alameda del Obispo
BMW,Serie 2,Diésel,135000.0,190.0,manual,21990,Vigo,36202,Pontevedra,Vigo
BMW,Serie 2,Diésel,98000.0,116.0,manual,17990,Madrid,28009,Madrid,Madrid
BMW,Serie 2,Diésel,98000.0,116.0,manual,17990,Sevilla,41001,Sevilla,Sevilla
BMW,Serie 2,Diésel,164900.0,184.0,manual,21900,Carretera de San Martin de La Vega,28320,Madrid,Carretera de San Martin de La Vega
BMW,Serie 3,Gasolina,130000.0,343.0,manual,29990,El Villar,48980,Bizkaia,El Villar
BMW,Serie 3,Diésel,64345.0,143.0,manual,19580,Zaragoza,50013,Zaragoza,Zaragoza
BMW,Serie 3,Diésel,64345.0,143.0,manual,19580,Mercado Parque Corredor del Henares,28850,Madrid,Mercado Parque Corredor del Henares
BMW,Serie 3,Diésel,64345.0,143.0,manual,19580,Santa Maria del Aguila,4710,Almería,Santa Maria del Aguila
BMW,Serie 3,Diésel,64345.0,143.0,manual,19580,Alcalá de Guadaíra,41500,Sevilla,Alcalá de Guadaíra
BMW,Serie 3,Diésel,133051.0,143.0,manual,12490,Sevilla,41005,Sevilla,Sevilla
BMW,Serie 3,Diésel,64345.0,143.0,manual,19580,Mercabilbao,48970,Bizkaia,Mercabilbao
BMW,Serie 3,Diésel,64345.0,143.0,manual,19580,Paterna,46980,Valencia,Paterna
BMW,Serie 3,Diésel,133051.0,143.0,manual,12490,Salamanca,37008,Salamanca,Salamanca
BMW,Serie 3,Diésel,133051.0,143.0,manual,12490,Salamanca,37008,Salamanca,Salamanca
BMW,Serie 3,Diésel,133051.0,143.0,manual,12490,Valladolid,47006,Valladolid,Valladolid
BMW,Serie 3,Diésel,64345.0,143.0,manual,19580,Saladar,3700,Alicante,Saladar
BMW,Serie 3,Diésel,64345.0,143.0,manual,19580,Puerto de Sagunto,46520,Valencia,Puerto de Sagunto
BMW,Serie 3,Diésel,133051.0,143.0,manual,12490,Almería,4006,Almería,Almería
BMW,Serie 3,Diésel,133051.0,143.0,manual,12490,Vigo,36211,Pontevedra,Vigo
BMW,Serie 3,Diésel,64345.0,143.0,manual,19580,Estepona,29680,Málaga,Estepona
BMW,Serie 3,Diésel,64345.0,143.0,manual,19580,Badajoz,6008,Badajoz,Badajoz
BMW,Serie 1,Gasolina,102005.0,136.0,manual,13750,Mercado Parque Corredor del Henares,28850,Madrid,Mercado Parque Corredor del Henares
BMW,Serie 1,Gasolina,102005.0,136.0,manual,13750,Santa Maria del Aguila,4710,Almería,Santa Maria del Aguila
BMW,Serie 1,Gasolina,102005.0,136.0,manual,13750,Alcalá de Guadaíra,41500,Sevilla,Alcalá de Guadaíra
BMW,Serie 1,Diésel,49056.0,116.0,manual,18990,Sevilla,41005,Sevilla,Sevilla
BMW,Serie 1,Gasolina,102005.0,136.0,manual,13750,Mercabilbao,48970,Bizkaia,Mercabilbao
BMW,Serie 1,Gasolina,102005.0,136.0,manual,13750,Paterna,46980,Valencia,Paterna
BMW,Serie 1,Gasolina,102005.0,136.0,manual,13750,Saladar,3700,Alicante,Saladar
BMW,Serie 1,Gasolina,102005.0,136.0,manual,13750,Puerto de Sagunto,46520,Valencia,Puerto de Sagunto
BMW,Serie 1,Gasolina,102005.0,136.0,manual,13750,Estepona,29680,Málaga,Estepona
BMW,Serie 1,Gasolina,102005.0,136.0,manual,13750,Badajoz,6008,Badajoz,Badajoz
BMW,Serie 1,Gasolina,13853.0,140.0,manual,26490,Leganés,28916,Madrid,Leganés
BMW,Serie 1,Gasolina,102005.0,136.0,manual,13750,Valdepeñas,13300,Ciudad Real,Valdepeñas
BMW,Serie 1,Gasolina,102005.0,136.0,manual,13750,Valdepeñas,13300,Ciudad Real,Valdepeñas
BMW,Serie 1,Gasolina,102005.0,136.0,manual,13750,Santafe,18320,Granada,Santafe
BMW,Serie 1,Diésel,49056.0,116.0,manual,18990,Valencia,46001,Valencia,Valencia
BMW,Serie 1,Diésel,49056.0,116.0,manual,18990,Sevilla,41017,Sevilla,Sevilla
BMW,Serie 1,Diésel,49056.0,116.0,manual,18990,Málaga,29005,Málaga,Málaga
BMW,Serie 1,Gasolina,102005.0,136.0,manual,13750,Granollers,8403,Barcelona,Granollers
BMW,Serie 1,Gasolina,102005.0,136.0,manual,13750,Murcia,30003,Murcia,Murcia
BMW,Serie 1,Gasolina,102005.0,136.0,manual,13750,Vigo,36214,Pontevedra,Vigo
BMW,Serie 1,Gasolina,102005.0,136.0,manual,13750,Atarrabia,31610,Navarra,Atarrabia
BMW,Serie 1,Gasolina,102005.0,136.0,manual,13750,Santiago de Compostela,15703,A Coruña,Santiago de Compostela
BMW,Serie 1,Gasolina,102005.0,136.0,manual,13750,Alcobendas,28100,Madrid,Alcobendas
BMW,Serie 1,Gasolina,102005.0,136.0,manual,13750,Albacete,2001,Albacete,Albacete
BMW,Serie 1,Gasolina,102005.0,136.0,manual,13750,Castello/Castellon de La Plana,12100,Castellón,Castello/Castellon de La Plana
BMW,Serie 1,Gasolina,102005.0,136.0,manual,13750,Alicante,3007,Alicante,Alicante
BMW,Serie 1,Gasolina,102005.0,136.0,manual,13750,Hidraulica Santillana,28770,Madrid,Hidraulica Santillana
BMW,Serie 1,Gasolina,102005.0,136.0,manual,13750,Las Rozas de Madrid,28232,Madrid,Las Rozas de Madrid
BMW,Serie 1,Gasolina,102005.0,136.0,manual,13750,Colonia Pablo Iglesias,28520,Madrid,Colonia Pablo Iglesias
BMW,Serie 1,Gasolina,102005.0,136.0,manual,13750,Alameda del Obispo,14005,Córdoba,Alameda del Obispo
BMW,Serie 1,Gasolina,102005.0,136.0,manual,13750,Torremolinos,29620,Málaga,Torremolinos
BMW,Serie 1,Gasolina,102005.0,136.0,manual,13750,Torremolinos,29620,Málaga,Torremolinos
BMW,Serie 1,Gasolina,102005.0,136.0,manual,13750,Torremolinos,29620,Málaga,Torremolinos
Opel,ADAM,Gasolina,40380.0,100.0,manual,12535,Estepona,29680,Málaga,Estepona
Opel,ADAM,Gasolina,40380.0,100.0,manual,12535,Sant Vicenç de Montalt,8394,Barcelona,Sant Vicenç de Montalt
Opel,ADAM,Gasolina,21349.0,87.0,manual,12420,Olèrdola,8734,Barcelona,Olèrdola
Opel,ADAM,Gasolina,21349.0,87.0,manual,12420,Olèrdola,8734,Barcelona,Olèrdola
Opel,ADAM,Gasolina,40380.0,100.0,manual,12535,Olèrdola,8734,Barcelona,Olèrdola
Opel,ADAM,Gasolina,40380.0,100.0,manual,12535,Olèrdola,8734,Barcelona,Olèrdola
BMW,Serie 1,Gasolina,207043.0,122.0,manual,7990,Madrid,28046,Madrid,Madrid
BMW,Serie 1,Gasolina,207043.0,122.0,manual,7990,Alcobendas,28100,Madrid,Alcobendas
BMW,Serie 1,Gasolina,207043.0,122.0,manual,7990,Las Rozas de Madrid,28232,Madrid,Las Rozas de Madrid
BMW,Serie 1,Gasolina,207043.0,122.0,manual,7990,Leganés,28916,Madrid,Leganés
BMW,Serie 1,Diésel,179000.0,204.0,manual,9999,San Sebastián de Los Reyes,28703,Madrid,San Sebastián de Los Reyes
BMW,Serie 1,Diésel,150000.0,143.0,manual,12990,Torredonjimeno,23650,Jaén,Torredonjimeno
BMW,Serie 1,Gasolina,129608.0,136.0,manual,11900,Mejorada del Campo,28840,Madrid,Mejorada del Campo
BMW,Serie 1,Diésel,62782.0,116.0,manual,14499,Málaga,29004,Málaga,Málaga
BMW,Serie 1,Gasolina,180000.0,129.0,automatic,7500,Valladolid,47014,Valladolid,Valladolid
Fiat,500,Otros,51892.0,69.0,manual,14375,Mercabilbao,48970,Bizkaia,Mercabilbao
Fiat,500,Otros,51892.0,69.0,manual,14375,Paterna,46980,Valencia,Paterna
Fiat,500,Gasolina,44000.0,69.0,automatic,13490,Salamanca,37008,Salamanca,Salamanca
Fiat,500,Gasolina,44000.0,69.0,automatic,13490,Salamanca,37008,Salamanca,Salamanca
Fiat,500,Gasolina,44000.0,69.0,automatic,13490,Valladolid,47006,Valladolid,Valladolid
Fiat,500,Otros,51892.0,69.0,manual,14375,Saladar,3700,Alicante,Saladar
Fiat,500,Otros,51892.0,69.0,manual,14375,Puerto de Sagunto,46520,Valencia,Puerto de Sagunto
Fiat,500,Gasolina,57105.0,69.0,manual,11290,Almería,4006,Almería,Almería
Fiat,500,Gasolina,44000.0,69.0,automatic,13490,Almería,4006,Almería,Almería
Fiat,500,Gasolina,57105.0,69.0,manual,11290,Vigo,36211,Pontevedra,Vigo
Fiat,500,Otros,51892.0,69.0,manual,14375,Badajoz,6008,Badajoz,Badajoz
Fiat,500,Gasolina,79990.0,69.0,manual,7890,Valencia,46001,Valencia,Valencia
Fiat,500,Otros,51892.0,69.0,manual,14375,Santafe,18320,Granada,Santafe
Fiat,500,Otros,51892.0,69.0,manual,14375,Valdepeñas,13300,Ciudad Real,Valdepeñas
Fiat,500,Otros,51892.0,69.0,manual,14375,Valdepeñas,13300,Ciudad Real,Valdepeñas
Fiat,500,Gasolina,59990.0,69.0,manual,9990,Valencia,46001,Valencia,Valencia
Fiat,500,Gasolina,30500.0,69.0,automatic,12990,Valencia,46001,Valencia,Valencia
Fiat,500,Gasolina,79990.0,69.0,manual,7890,Málaga,29005,Málaga,Málaga
Fiat,500,Gasolina,57105.0,69.0,manual,11290,Murcia,30005,Murcia,Murcia
Fiat,500,Gasolina,40393.0,69.0,manual,8990,Valencia,46001,Valencia,Valencia
Fiat,500,Gasolina,59990.0,69.0,manual,9990,Málaga,29005,Málaga,Málaga
Fiat,500,Gasolina,30500.0,69.0,automatic,12990,Málaga,29005,Málaga,Málaga
Fiat,500,Gasolina,44000.0,69.0,automatic,13490,Murcia,30005,Murcia,Murcia
Fiat,500,Gasolina,40393.0,69.0,manual,8990,Málaga,29005,Málaga,Málaga
Fiat,500,Gasolina,57105.0,69.0,manual,11290,Valencia,46001,Valencia,Valencia
Fiat,500,Gasolina,44000.0,69.0,automatic,13490,Valencia,46001,Valencia,Valencia
Fiat,500,Gasolina,57105.0,69.0,manual,11290,Granada,18005,Granada,Granada
Fiat,500,Gasolina,57105.0,69.0,manual,11290,Málaga,29005,Málaga,Málaga
Fiat,500,Otros,51892.0,69.0,manual,14375,Granollers,8403,Barcelona,Granollers
Fiat,500,Gasolina,44000.0,69.0,automatic,13490,Granada,18005,Granada,Granada
Fiat,500,Gasolina,57105.0,69.0,manual,11290,Bilbao,48004,Bizkaia,Bilbao
Fiat,500,Gasolina,57105.0,69.0,manual,11290,Alicante,3010,Alicante,Alicante
Fiat,500,Gasolina,57105.0,69.0,manual,11290,Alicante,3010,Murcia,Alicante
Fiat,500,Otros,51892.0,69.0,manual,14375,Murcia,30003,Murcia,Murcia
Fiat,500,Otros,51892.0,69.0,manual,14375,Vigo,36214,Pontevedra,Vigo
Fiat,500,Otros,51892.0,69.0,manual,14375,Atarrabia,31610,Navarra,Atarrabia
Fiat,500,Gasolina,44000.0,69.0,automatic,13490,Bilbao,48004,Bizkaia,Bilbao
Fiat,500,Gasolina,44000.0,69.0,automatic,13490,Alicante,3010,Alicante,Alicante
Fiat,500,Gasolina,44000.0,69.0,automatic,13490,Alicante,3010,Murcia,Alicante
Fiat,500,Otros,51892.0,69.0,manual,14375,Olèrdola,8734,Barcelona,Olèrdola
Fiat,500,Otros,51892.0,69.0,manual,14375,Olèrdola,8734,Barcelona,Olèrdola
Fiat,500,Otros,51892.0,69.0,manual,14375,Sant Vicenç de Montalt,8394,Barcelona,Sant Vicenç de Montalt
Fiat,500,Gasolina,57105.0,69.0,manual,11290,Palma de Mallorca,7003,Baleares,Palma de Mallorca
Fiat,500,Gasolina,30500.0,69.0,automatic,12990,Palau-Solita I Plegamans,8184,Barcelona,Palau-Solita I Plegamans
Fiat,500,Gasolina,30500.0,69.0,automatic,12990,Palau-Solita I Plegamans,8184,Barcelona,Palau-Solita I Plegamans
Fiat,500,Gasolina,30500.0,69.0,automatic,12990,Tarragona,43006,Tarragona,Tarragona
Fiat,500,Gasolina,44000.0,69.0,automatic,13490,Oviedo,33003,Asturias,Oviedo
Fiat,500,Gasolina,44000.0,69.0,automatic,13490,Burgos,9004,Burgos,Burgos
Fiat,500,Gasolina,44000.0,69.0,automatic,13490,Burgos,9004,Burgos,Burgos
Fiat,500,Otros,51892.0,69.0,manual,14375,Ciudad Real,13003,Ciudad Real,Ciudad Real
Fiat,500,Otros,51892.0,69.0,manual,14375,Santiago de Compostela,15703,A Coruña,Santiago de Compostela
Fiat,500,Otros,51892.0,69.0,manual,14375,Alcobendas,28100,Madrid,Alcobendas
Fiat,500,Otros,51892.0,69.0,manual,14375,Albacete,2001,Albacete,Albacete
Fiat,500,Otros,51892.0,69.0,manual,14375,Alzira,46600,Valencia,Alzira
Fiat,500,Otros,51892.0,69.0,manual,14375,Alzira,46600,Valencia,Alzira
Fiat,500,Otros,51892.0,69.0,manual,14375,Castello/Castellon de La Plana,12100,Castellón,Castello/Castellon de La Plana
Fiat,500,Otros,51892.0,69.0,manual,14375,Alicante,3007,Alicante,Alicante
Fiat,500,Otros,51892.0,69.0,manual,14375,Hidraulica Santillana,28770,Madrid,Hidraulica Santillana
Fiat,500,Otros,51892.0,69.0,manual,14375,Las Rozas de Madrid,28232,Madrid,Las Rozas de Madrid
Fiat,500,Otros,51892.0,69.0,manual,14375,Colonia Pablo Iglesias,28520,Madrid,Colonia Pablo Iglesias
Fiat,500,Otros,51892.0,69.0,manual,14375,Torremolinos,29620,Málaga,Torremolinos
Fiat,500,Otros,51892.0,69.0,manual,14375,Torremolinos,29620,Málaga,Torremolinos
Fiat,500,Otros,51892.0,69.0,manual,14375,Torremolinos,29620,Málaga,Torremolinos
Fiat,500,Otros,51892.0,69.0,manual,14375,Alameda del Obispo,14005,Córdoba,Alameda del Obispo
Fiat,500,Gasolina,85423.0,69.0,manual,9900,Málaga,29006,Málaga,Málaga
Fiat,500,Gasolina,38440.0,69.0,manual,13900,Fornells de la Selva,17458,Girona,Fornells de la Selva
Fiat,500,Gasolina,12584.0,69.0,manual,207,Girona,17007,Girona,Girona
Fiat,500,Gasolina,12584.0,69.0,manual,212,Girona,17007,Girona,Girona
Fiat,500,Gasolina,66000.0,69.0,manual,10999,Muxa,27192,Lugo,Muxa
Citroen,Grand C4 Picasso,Gasolina,112500.0,130.0,manual,13490,Bilbao,48004,Bizkaia,Bilbao
Citroen,Grand C4 Picasso,Gasolina,112500.0,130.0,manual,13490,Sevilla,41005,Sevilla,Sevilla
Citroen,Grand C4 Picasso,Gasolina,112500.0,130.0,manual,13490,Vigo,36211,Pontevedra,Vigo
Citroen,Grand C4 Picasso,Gasolina,95500.0,130.0,manual,15490,Bilbao,48004,Bizkaia,Bilbao
Citroen,Grand C4 Picasso,Gasolina,95500.0,130.0,manual,14990,Bilbao,48004,Bizkaia,Bilbao
Citroen,Grand C4 Picasso,Gasolina,112500.0,130.0,manual,13490,Ullastrell,8231,Barcelona,Ullastrell
Citroen,Grand C4 Picasso,Gasolina,95500.0,130.0,manual,15490,Ullastrell,8231,Barcelona,Ullastrell
Citroen,Grand C4 Picasso,Gasolina,95500.0,130.0,manual,14990,Ullastrell,8231,Barcelona,Ullastrell
Citroen,Grand C4 Picasso,Gasolina,112500.0,130.0,manual,13490,Almería,4006,Almería,Almería
Citroen,Grand C4 Picasso,Gasolina,112500.0,130.0,manual,13490,Alicante,3010,Alicante,Alicante
Citroen,Grand C4 Picasso,Gasolina,112500.0,130.0,manual,13490,Alicante,3010,Murcia,Alicante
Citroen,Grand C4 Picasso,Gasolina,95500.0,130.0,manual,15490,Sevilla,41005,Sevilla,Sevilla
Citroen,Grand C4 Picasso,Gasolina,95500.0,130.0,manual,14990,Sevilla,41005,Sevilla,Sevilla
Citroen,Grand C4 Picasso,Gasolina,95500.0,130.0,manual,15490,Almería,4006,Almería,Almería
Citroen,Grand C4 Picasso,Gasolina,95500.0,130.0,manual,14990,Almería,4006,Almería,Almería
Citroen,Grand C4 Picasso,Gasolina,95500.0,130.0,manual,15490,Vigo,36211,Pontevedra,Vigo
Citroen,Grand C4 Picasso,Gasolina,95500.0,130.0,manual,14990,Vigo,36211,Pontevedra,Vigo
Citroen,Grand C4 Picasso,Gasolina,95500.0,130.0,manual,15490,Alicante,3010,Alicante,Alicante
Citroen,Grand C4 Picasso,Gasolina,95500.0,130.0,manual,15490,Alicante,3010,Murcia,Alicante
Citroen,Grand C4 Picasso,Gasolina,95500.0,130.0,manual,14990,Alicante,3010,Alicante,Alicante
Citroen,Grand C4 Picasso,Gasolina,95500.0,130.0,manual,14990,Alicante,3010,Murcia,Alicante
Citroen,Grand C4 Picasso,Gasolina,112500.0,130.0,manual,13490,Granada,18005,Granada,Granada
Citroen,Grand C4 Picasso,Gasolina,112500.0,130.0,manual,13490,Òrrius,8317,Barcelona,Òrrius
Citroen,Grand C4 Picasso,Gasolina,95500.0,130.0,manual,15490,Òrrius,8317,Barcelona,Òrrius
Citroen,Grand C4 Picasso,Gasolina,95500.0,130.0,manual,14990,Òrrius,8317,Barcelona,Òrrius
Citroen,Grand C4 Picasso,Gasolina,112500.0,130.0,manual,13490,Murcia,30005,Murcia,Murcia
Citroen,Grand C4 Picasso,Gasolina,112500.0,130.0,manual,13490,Girona,17007,Girona,Girona
Citroen,Grand C4 Picasso,Gasolina,95500.0,130.0,manual,15490,Girona,17007,Girona,Girona
Citroen,Grand C4 Picasso,Gasolina,95500.0,130.0,manual,14990,Girona,17007,Girona,Girona
Citroen,Grand C4 Picasso,Gasolina,95500.0,130.0,manual,15490,Murcia,30005,Murcia,Murcia
Citroen,Grand C4 Picasso,Gasolina,95500.0,130.0,manual,14990,Murcia,30005,Murcia,Murcia
Citroen,Grand C4 Picasso,Gasolina,95500.0,130.0,manual,15490,Granada,18005,Granada,Granada
Citroen,Grand C4 Picasso,Gasolina,95500.0,130.0,manual,14990,Granada,18005,Granada,Granada
Citroen,Grand C4 Picasso,Gasolina,112500.0,130.0,manual,13490,Valencia,46001,Valencia,Valencia
Citroen,Grand C4 Picasso,Gasolina,112500.0,130.0,manual,13490,Málaga,29005,Málaga,Málaga
Citroen,Grand C4 Picasso,Gasolina,95500.0,130.0,manual,15490,Málaga,29005,Málaga,Málaga
Citroen,Grand C4 Picasso,Gasolina,95500.0,130.0,manual,14990,Málaga,29005,Málaga,Málaga
Citroen,Grand C4 Picasso,Gasolina,95500.0,130.0,manual,15490,Valencia,46001,Valencia,Valencia
Citroen,Grand C4 Picasso,Gasolina,95500.0,130.0,manual,14990,Valencia,46001,Valencia,Valencia
Citroen,Grand C4 Picasso,Gasolina,112500.0,130.0,manual,13490,Palma de Mallorca,7003,Baleares,Palma de Mallorca
Citroen,Grand C4 Picasso,Gasolina,95500.0,130.0,manual,15490,Palma de Mallorca,7003,Baleares,Palma de Mallorca
Citroen,Grand C4 Picasso,Gasolina,95500.0,130.0,manual,14990,Palma de Mallorca,7003,Baleares,Palma de Mallorca
Citroen,Grand C4 Picasso,Gasolina,112500.0,130.0,manual,13490,Tarragona,43006,Tarragona,Tarragona
Citroen,Grand C4 Picasso,Gasolina,95500.0,130.0,manual,15490,Tarragona,43006,Tarragona,Tarragona
Citroen,Grand C4 Picasso,Gasolina,95500.0,130.0,manual,14990,Tarragona,43006,Tarragona,Tarragona
Citroen,Grand C4 Picasso,Gasolina,112500.0,130.0,manual,13490,Palau-Solita I Plegamans,8184,Barcelona,Palau-Solita I Plegamans
Citroen,Grand C4 Picasso,Gasolina,112500.0,130.0,manual,13490,Palau-Solita I Plegamans,8184,Barcelona,Palau-Solita I Plegamans
Citroen,Grand C4 Picasso,Gasolina,95500.0,130.0,manual,15490,Palau-Solita I Plegamans,8184,Barcelona,Palau-Solita I Plegamans
Citroen,Grand C4 Picasso,Gasolina,95500.0,130.0,manual,15490,Palau-Solita I Plegamans,8184,Barcelona,Palau-Solita I Plegamans
Citroen,Grand C4 Picasso,Gasolina,95500.0,130.0,manual,14990,Palau-Solita I Plegamans,8184,Barcelona,Palau-Solita I Plegamans
Citroen,Grand C4 Picasso,Gasolina,95500.0,130.0,manual,14990,Palau-Solita I Plegamans,8184,Barcelona,Palau-Solita I Plegamans
Citroen,Grand C4 Picasso,Diésel,150000.0,110.0,manual,8200,Moraleja de Enmedio,28950,Madrid,Moraleja de Enmedio
Hyundai,i40,Diésel,80842.0,116.0,manual,18490,Alcalá de Henares,28807,Madrid,Alcalá de Henares
Hyundai,i40,Diésel,80842.0,116.0,manual,18490,Alcalá de Henares,28807,Madrid,Alcalá de Henares
Citroen,C4,Gasolina,13361.0,80.0,manual,12985,Barcelona,8003,Barcelona,Barcelona
Citroen,C4,Gasolina,9504.0,130.0,automatic,23990,Madrid,28021,Madrid,Madrid
Citroen,C4,Diésel,151071.0,120.0,manual,11290,Madrid,28021,Madrid,Madrid
Citroen,C4,Diésel,151071.0,120.0,manual,11190,Madrid,28021,Madrid,Madrid
Mercedes-Benz,Clase E,Diésel,142292.0,170.0,manual,14900,Sant Vicenç de Montalt,8394,Barcelona,Sant Vicenç de Montalt
Mercedes-Benz,Clase E,Diésel,121000.0,231.0,automatic,22490,Fuenlabrada,28947,Madrid,Fuenlabrada
Citroen,C4,Diésel,97915.0,92.0,manual,9750,Sevilla,41007,Sevilla,Sevilla
Citroen,C4,Gasolina,109129.0,130.0,manual,12490,Leganés,28916,Madrid,Leganés
Citroen,C4,Gasolina,109129.0,130.0,manual,12490,Madrid,28046,Madrid,Madrid
Citroen,C4,Gasolina,109129.0,130.0,manual,12490,Alcobendas,28100,Madrid,Alcobendas
Citroen,C4,Gasolina,109129.0,130.0,manual,12490,Las Rozas de Madrid,28232,Madrid,Las Rozas de Madrid
Mercedes-Benz,Clase E,Diésel,340000.0,163.0,manual,3500,Fuengirola,29640,Málaga,Fuengirola
Mercedes-Benz,Clase E,Diésel,230000.0,136.0,manual,4500,Valencia,46023,Valencia,Valencia
Mercedes-Benz,Clase E,Diésel,85000.0,194.0,automatic,36990,Marbella,29601,Málaga,Marbella
Citroen,C4,Diésel,187671.0,92.0,manual,2790,Madrid,28026,Madrid,Madrid
Citroen,C4,Diésel,189000.0,138.0,manual,3490,Gijón,33201,Asturias,Gijón
Citroen,C4,Diésel,73800.0,99.0,manual,12890,Alcázar de San Juan,13600,Ciudad Real,Alcázar de San Juan
Audi,A1,Gasolina,87281.0,95.0,manual,15100,Valladolid,47004,Valladolid,Valladolid
Audi,A1,Gasolina,21925.0,95.0,manual,19990,Bilbao,48004,Bizkaia,Bilbao
Audi,A1,Gasolina,21925.0,95.0,manual,19990,Sevilla,41005,Sevilla,Sevilla
Audi,A1,Gasolina,87281.0,95.0,manual,15100,Sevilla,41004,Sevilla,Sevilla
Audi,A1,Gasolina,87281.0,95.0,manual,15100,Barcelona,8008,Barcelona,Barcelona
Audi,A1,Gasolina,21925.0,95.0,manual,19990,Almería,4006,Almería,Almería
Audi,A1,Gasolina,21925.0,95.0,manual,19990,Vigo,36211,Pontevedra,Vigo
Audi,A1,Gasolina,21925.0,95.0,manual,19990,Alicante,3010,Alicante,Alicante
Audi,A1,Gasolina,21925.0,95.0,manual,19990,Alicante,3010,Murcia,Alicante
Audi,A1,Gasolina,21925.0,95.0,manual,19990,Huelva,21004,Huelva,Huelva
Audi,A1,Gasolina,21925.0,95.0,manual,19990,Granada,18005,Granada,Granada
Audi,A1,Gasolina,21925.0,95.0,manual,19990,Sevilla,41017,Sevilla,Sevilla
Audi,A1,Gasolina,87281.0,95.0,manual,15100,Viladecans,8840,Barcelona,Viladecans
Audi,A1,Gasolina,21925.0,95.0,manual,19990,Murcia,30005,Murcia,Murcia
Audi,A1,Gasolina,21925.0,95.0,manual,19990,Málaga,29005,Málaga,Málaga
Audi,A1,Gasolina,21925.0,95.0,manual,19990,Valencia,46001,Valencia,Valencia
Audi,A1,Gasolina,21925.0,95.0,manual,19990,Badajoz,6003,Badajoz,Badajoz
Audi,A1,Gasolina,21925.0,95.0,manual,19990,Cáceres,10001,Cáceres,Cáceres
Audi,A1,Gasolina,87281.0,95.0,manual,15100,Urbanitzacio El Medol,43150,Tarragona,Urbanitzacio El Medol
Audi,A1,Gasolina,87281.0,95.0,manual,15100,Granada,18002,Granada,Granada
Audi,A1,Gasolina,87281.0,95.0,manual,15100,Zaragoza,50003,Zaragoza,Zaragoza
Audi,A1,Gasolina,87281.0,95.0,manual,15100,Santander,39002,Cantabria,Santander
Audi,A1,Gasolina,87281.0,95.0,manual,15100,Donostia-San Sebastián,20005,Gipuzkoa,Donostia-San Sebastián
Audi,A1,Gasolina,87281.0,95.0,manual,15100,Alcalá de Henares,28801,Madrid,Alcalá de Henares
Audi,A1,Gasolina,87281.0,95.0,manual,15100,Madrid,28013,Madrid,Madrid
Audi,A1,Gasolina,87281.0,95.0,manual,15100,San Sebastián de Los Reyes,28700,Madrid,San Sebastián de Los Reyes
Audi,A1,Gasolina,87281.0,95.0,manual,15100,Valencia,46003,Valencia,Valencia
Audi,A1,Gasolina,87281.0,95.0,manual,15100,Alcobendas,28100,Madrid,Alcobendas
Audi,A1,Gasolina,87281.0,95.0,manual,15100,Toledo,45002,Toledo,Toledo
Audi,A1,Gasolina,87281.0,95.0,manual,15100,Murcia,30001,Murcia,Murcia
Audi,A1,Gasolina,87281.0,95.0,manual,15100,Sabadell,8203,Barcelona,Sabadell
Audi,A1,Gasolina,87281.0,95.0,manual,15100,Almería,4001,Almería,Almería
Audi,A1,Gasolina,87281.0,95.0,manual,15100,Leganés,28914,Madrid,Leganés
Audi,A1,Gasolina,87281.0,95.0,manual,15100,Huelva,21004,Huelva,Huelva
Audi,A1,Gasolina,87281.0,95.0,manual,15100,Leganés,28911,Madrid,Leganés
Audi,A4,Diésel,400.0,130.0,manual,1390,Santiago de Compostela,36164,Pontevedra,Santiago de Compostela
Audi,A4,Diésel,85000.0,190.0,manual,27490,Bilbao,48001,Bizkaia,Bilbao
Audi,A4,Diésel,144000.0,190.0,automatic,27490,Bilbao,48001,Bizkaia,Bilbao
Audi,A4,Diésel,350000.0,143.0,automatic,7700,Utrera,41710,Sevilla,Utrera
Citroen,C4 Cactus,Gasolina,36200.0,110.0,manual,16490,Madrid,28021,Madrid,Madrid
Citroen,C4 Cactus,Diésel,131105.0,100.0,automatic,12420,Vigo,36214,Pontevedra,Vigo
Citroen,C4 Cactus,Diésel,17674.0,120.0,automatic,18900,Vigo,36214,Pontevedra,Vigo
Citroen,C4 Cactus,Diésel,131105.0,100.0,automatic,12420,Saladar,3700,Alicante,Saladar
Citroen,C4 Cactus,Diésel,17674.0,120.0,automatic,18900,Saladar,3700,Alicante,Saladar
Citroen,C4 Cactus,Diésel,131105.0,100.0,automatic,12420,Granollers,8403,Barcelona,Granollers
Citroen,C4 Cactus,Diésel,17674.0,120.0,automatic,18900,Granollers,8403,Barcelona,Granollers
Citroen,C4 Cactus,Diésel,131105.0,100.0,automatic,12420,Badajoz,6008,Badajoz,Badajoz
Citroen,C4 Cactus,Diésel,17674.0,120.0,automatic,18900,Badajoz,6008,Badajoz,Badajoz
Citroen,C4 Cactus,Diésel,131105.0,100.0,automatic,12420,Barcelona,8007,Barcelona,Barcelona
Citroen,C4 Cactus,Diésel,17674.0,120.0,automatic,18900,Barcelona,8007,Barcelona,Barcelona
Skoda,Karoq,Gasolina,12104.0,150.0,automatic,25185,Santa Maria del Aguila,4710,Almería,Santa Maria del Aguila
Skoda,Karoq,Gasolina,12104.0,150.0,automatic,25185,Sant Vicenç de Montalt,8394,Barcelona,Sant Vicenç de Montalt
Skoda,Karoq,Gasolina,20221.0,150.0,automatic,30200,Santa Coloma de Gramenet,8921,Barcelona,Santa Coloma de Gramenet
Skoda,Karoq,Diésel,34785.0,115.0,automatic,27900,Santa Coloma de Gramenet,8921,Barcelona,Santa Coloma de Gramenet
Skoda,Karoq,Gasolina,11600.0,150.0,manual,24900,Santa Coloma de Gramenet,8921,Barcelona,Santa Coloma de Gramenet
Skoda,Karoq,Diésel,30700.0,150.0,manual,27400,Santa Coloma de Gramenet,8921,Barcelona,Santa Coloma de Gramenet
Skoda,Karoq,Gasolina,17000.0,150.0,automatic,26900,Santa Coloma de Gramenet,8921,Barcelona,Santa Coloma de Gramenet
Skoda,Karoq,Gasolina,23500.0,150.0,automatic,26900,Santa Coloma de Gramenet,8921,Barcelona,Santa Coloma de Gramenet
Skoda,Karoq,Diésel,38260.0,115.0,automatic,27600,Santa Coloma de Gramenet,8921,Barcelona,Santa Coloma de Gramenet
Skoda,Karoq,Gasolina,25740.0,150.0,manual,29000,Santa Coloma de Gramenet,8921,Barcelona,Santa Coloma de Gramenet
Skoda,Karoq,Diésel,34477.0,150.0,manual,25299,Fornells de la Selva,17458,Girona,Fornells de la Selva
Skoda,Karoq,Gasolina,37932.0,150.0,automatic,27900,Santa Coloma de Gramenet,8921,Barcelona,Santa Coloma de Gramenet
Skoda,Karoq,Gasolina,39917.0,150.0,automatic,27900,Santa Coloma de Gramenet,8921,Barcelona,Santa Coloma de Gramenet
Skoda,Karoq,Gasolina,37054.0,150.0,automatic,27900,Santa Coloma de Gramenet,8921,Barcelona,Santa Coloma de Gramenet
Skoda,Karoq,Diésel,32820.0,115.0,automatic,28400,Fornells de la Selva,17458,Girona,Fornells de la Selva
Skoda,Karoq,Diésel,34442.0,115.0,automatic,27400,Santa Coloma de Gramenet,8921,Barcelona,Santa Coloma de Gramenet
Skoda,Karoq,Diésel,54750.0,115.0,automatic,27200,Santa Coloma de Gramenet,8921,Barcelona,Santa Coloma de Gramenet
Skoda,Karoq,Diésel,38243.0,115.0,automatic,27500,Santa Coloma de Gramenet,8921,Barcelona,Santa Coloma de Gramenet
Skoda,Karoq,Diésel,59784.0,115.0,automatic,27100,Santa Coloma de Gramenet,8921,Barcelona,Santa Coloma de Gramenet
Skoda,Karoq,Diésel,55783.0,115.0,automatic,27200,Santa Coloma de Gramenet,8921,Barcelona,Santa Coloma de Gramenet
Skoda,Karoq,Diésel,33524.0,115.0,automatic,28600,Fornells de la Selva,17458,Girona,Fornells de la Selva
Skoda,Karoq,Gasolina,20221.0,150.0,automatic,30200,Fornells de la Selva,17458,Girona,Fornells de la Selva
Skoda,Karoq,Diésel,29761.0,115.0,manual,27900,Fornells de la Selva,17458,Girona,Fornells de la Selva
Skoda,Karoq,Diésel,39258.0,115.0,automatic,28100,Fornells de la Selva,17458,Girona,Fornells de la Selva
Skoda,Karoq,Diésel,34785.0,115.0,automatic,27900,Fornells de la Selva,17458,Girona,Fornells de la Selva
Citroen,C3,Gasolina,42024.0,82.0,manual,12390,Madrid,28021,Madrid,Madrid
Citroen,C3,Gasolina,56861.0,110.0,automatic,15870,Collado Villalba,28400,Madrid,Collado Villalba
Citroen,C3,Gasolina,56861.0,110.0,automatic,15870,Collado Villalba,28400,Madrid,Collado Villalba
Citroen,C3,Gasolina,56861.0,110.0,automatic,15870,Vigo,36214,Pontevedra,Vigo
Citroen,C3,Gasolina,56861.0,110.0,automatic,15870,Mercado Parque Corredor del Henares,28850,Madrid,Mercado Parque Corredor del Henares
Citroen,C3,Gasolina,56861.0,110.0,automatic,15870,Colonia Pablo Iglesias,28520,Madrid,Colonia Pablo Iglesias
Citroen,C3,Gasolina,56861.0,110.0,automatic,15870,Sant Vicenç de Montalt,8394,Barcelona,Sant Vicenç de Montalt
Citroen,C3,Gasolina,56861.0,110.0,automatic,15870,Estepona,29680,Málaga,Estepona
Citroen,C3,Gasolina,56861.0,110.0,automatic,15870,Murcia,30003,Murcia,Murcia
Citroen,C3,Gasolina,56861.0,110.0,automatic,15870,Saladar,3700,Alicante,Saladar
Citroen,C3,Gasolina,56861.0,110.0,automatic,15870,Granollers,8403,Barcelona,Granollers
Citroen,C3,Gasolina,56861.0,110.0,automatic,15870,Ciudad Real,13003,Ciudad Real,Ciudad Real
Citroen,C3,Gasolina,56861.0,110.0,automatic,15870,Valdepeñas,13300,Ciudad Real,Valdepeñas
Citroen,C3,Gasolina,56861.0,110.0,automatic,15870,Valdepeñas,13300,Ciudad Real,Valdepeñas
Citroen,C3,Gasolina,57300.0,82.0,manual,8990,Ullastrell,8231,Barcelona,Ullastrell
Citroen,C3,Gasolina,57300.0,82.0,manual,8990,Castellón,12001,Castellón,Castellón
Citroen,C3,Gasolina,56861.0,110.0,automatic,15870,Badajoz,6008,Badajoz,Badajoz
Citroen,C3,Gasolina,57300.0,82.0,manual,8990,Bilbao,48004,Bizkaia,Bilbao
Citroen,C3,Gasolina,57300.0,82.0,manual,8990,Sevilla,41005,Sevilla,Sevilla
Citroen,C3,Gasolina,57300.0,82.0,manual,8990,Almería,4006,Almería,Almería
Citroen,C3,Gasolina,57300.0,82.0,manual,8990,Vigo,36211,Pontevedra,Vigo
Citroen,C3,Gasolina,57300.0,82.0,manual,8990,Alicante,3010,Alicante,Alicante
Citroen,C3,Gasolina,57300.0,82.0,manual,8990,Alicante,3010,Murcia,Alicante
Citroen,C3,Gasolina,57300.0,82.0,manual,8990,Málaga,29005,Málaga,Málaga
Citroen,C3,Gasolina,56861.0,110.0,automatic,15870,Olèrdola,8734,Barcelona,Olèrdola
Citroen,C3,Gasolina,56861.0,110.0,automatic,15870,Olèrdola,8734,Barcelona,Olèrdola
Citroen,C3,Gasolina,57300.0,82.0,manual,8990,Valencia,46001,Valencia,Valencia
Citroen,C3,Gasolina,56861.0,110.0,automatic,15870,Santa Maria del Aguila,4710,Almería,Santa Maria del Aguila
Citroen,C3,Gasolina,57300.0,82.0,manual,8990,Palma de Mallorca,7003,Baleares,Palma de Mallorca
Citroen,C3,Gasolina,57300.0,82.0,manual,8990,Tarragona,43006,Tarragona,Tarragona
Citroen,C3,Gasolina,56861.0,110.0,automatic,15870,Las Rozas de Madrid,28232,Madrid,Las Rozas de Madrid
Citroen,C3,Gasolina,56861.0,110.0,automatic,15870,Paterna,46980,Valencia,Paterna
Citroen,C3,Gasolina,56861.0,110.0,automatic,15870,Atarrabia,31610,Navarra,Atarrabia
Citroen,C3,Gasolina,56861.0,110.0,automatic,15870,Zaragoza,50013,Zaragoza,Zaragoza
Jeep,Renegade,Gasolina,8670.0,150.0,automatic,29889,Santa Maria del Aguila,4710,Almería,Santa Maria del Aguila
Jeep,Renegade,Gasolina,91840.0,120.0,manual,14990,Sevilla,41005,Sevilla,Sevilla
Jeep,Renegade,Gasolina,91840.0,120.0,manual,14990,Valencia,46001,Valencia,Valencia
Jeep,Renegade,Gasolina,91840.0,120.0,manual,14990,Málaga,29005,Málaga,Málaga
Jeep,Renegade,Gasolina,91840.0,120.0,manual,14990,Sevilla,41017,Sevilla,Sevilla
Jeep,Renegade,Gasolina,8670.0,150.0,automatic,29889,Sant Vicenç de Montalt,8394,Barcelona,Sant Vicenç de Montalt
Jeep,Renegade,Gasolina,9922.0,120.0,manual,20985,Sabadell,8201,Barcelona,Sabadell
Jeep,Renegade,Gasolina,9922.0,120.0,manual,20985,Sant Boi de Llobregat,8830,Barcelona,Sant Boi de Llobregat
Jeep,Renegade,Diésel,133000.0,105.0,manual,13990,Bétera,46117,Valencia,Bétera
Audi,Q5,Diésel,82000.0,149.0,manual,670,Madrid,28006,Madrid,Madrid
Audi,Q5,Diésel,99950.0,149.0,manual,742,Madrid,28006,Madrid,Madrid
Audi,Q5,Diésel,47154.0,150.0,manual,27588,Collado Villalba,28400,Madrid,Collado Villalba
Audi,Q5,Diésel,47154.0,150.0,manual,27588,Collado Villalba,28400,Madrid,Collado Villalba
Audi,Q5,Diésel,40006.0,163.0,automatic,39200,Collado Villalba,28400,Madrid,Collado Villalba
Audi,Q5,Diésel,40006.0,163.0,automatic,39200,Collado Villalba,28400,Madrid,Collado Villalba
Audi,Q5,Diésel,47154.0,150.0,manual,27588,Vigo,36214,Pontevedra,Vigo
Audi,Q5,Diésel,40006.0,163.0,automatic,39200,Vigo,36214,Pontevedra,Vigo
Audi,Q5,Diésel,47154.0,150.0,manual,27588,Mercado Parque Corredor del Henares,28850,Madrid,Mercado Parque Corredor del Henares
Audi,Q5,Diésel,40006.0,163.0,automatic,39200,Mercado Parque Corredor del Henares,28850,Madrid,Mercado Parque Corredor del Henares
Audi,Q5,Diésel,47154.0,150.0,manual,27588,Colonia Pablo Iglesias,28520,Madrid,Colonia Pablo Iglesias
Audi,Q5,Diésel,40006.0,163.0,automatic,39200,Colonia Pablo Iglesias,28520,Madrid,Colonia Pablo Iglesias
Audi,Q5,Diésel,47154.0,150.0,manual,27588,Sant Vicenç de Montalt,8394,Barcelona,Sant Vicenç de Montalt
Audi,Q5,Diésel,40006.0,163.0,automatic,39200,Sant Vicenç de Montalt,8394,Barcelona,Sant Vicenç de Montalt
Audi,Q5,Diésel,47154.0,150.0,manual,27588,Estepona,29680,Málaga,Estepona
Audi,Q5,Diésel,40006.0,163.0,automatic,39200,Estepona,29680,Málaga,Estepona
Audi,Q5,Diésel,47154.0,150.0,manual,27588,Murcia,30003,Murcia,Murcia
Audi,Q5,Diésel,47154.0,150.0,manual,27588,Saladar,3700,Alicante,Saladar
Audi,Q5,Diésel,47154.0,150.0,manual,27588,Granollers,8403,Barcelona,Granollers
Audi,Q5,Diésel,40006.0,163.0,automatic,39200,Murcia,30003,Murcia,Murcia
Audi,Q5,Diésel,40006.0,163.0,automatic,39200,Granollers,8403,Barcelona,Granollers
Audi,Q5,Diésel,40006.0,163.0,automatic,39200,Saladar,3700,Alicante,Saladar
Audi,Q5,Diésel,47154.0,150.0,manual,27588,Ciudad Real,13003,Ciudad Real,Ciudad Real
Audi,Q5,Diésel,40006.0,163.0,automatic,39200,Ciudad Real,13003,Ciudad Real,Ciudad Real
Audi,Q5,Diésel,47154.0,150.0,manual,27588,Valdepeñas,13300,Ciudad Real,Valdepeñas
Audi,Q5,Diésel,47154.0,150.0,manual,27588,Valdepeñas,13300,Ciudad Real,Valdepeñas
Audi,Q5,Diésel,40006.0,163.0,automatic,39200,Valdepeñas,13300,Ciudad Real,Valdepeñas
Audi,Q5,Diésel,40006.0,163.0,automatic,39200,Valdepeñas,13300,Ciudad Real,Valdepeñas
Audi,Q5,Diésel,47154.0,150.0,manual,27588,Badajoz,6008,Badajoz,Badajoz
Audi,Q5,Diésel,40006.0,163.0,automatic,39200,Badajoz,6008,Badajoz,Badajoz
Audi,Q5,Diésel,47154.0,150.0,manual,27588,Barcelona,8007,Barcelona,Barcelona
Audi,Q5,Diésel,40006.0,163.0,automatic,39200,Barcelona,8007,Barcelona,Barcelona
Audi,Q5,Diésel,246000.0,176.0,automatic,15990,Barcelona,8007,Barcelona,Barcelona
Audi,Q5,Diésel,246000.0,176.0,automatic,14890,Barcelona,8007,Barcelona,Barcelona
Audi,Q5,Diésel,47154.0,150.0,manual,27588,Olèrdola,8734,Barcelona,Olèrdola
Audi,Q5,Diésel,47154.0,150.0,manual,27588,Olèrdola,8734,Barcelona,Olèrdola
Audi,Q5,Diésel,40006.0,163.0,automatic,39200,Olèrdola,8734,Barcelona,Olèrdola
Audi,Q5,Diésel,40006.0,163.0,automatic,39200,Olèrdola,8734,Barcelona,Olèrdola
Audi,Q5,Diésel,47154.0,150.0,manual,27588,Santa Maria del Aguila,4710,Almería,Santa Maria del Aguila
Audi,Q5,Diésel,40006.0,163.0,automatic,39200,Santa Maria del Aguila,4710,Almería,Santa Maria del Aguila
Audi,Q5,Diésel,246000.0,176.0,automatic,15990,Madrid,28014,Madrid,Madrid
Audi,Q5,Diésel,246000.0,176.0,automatic,14890,Madrid,28014,Madrid,Madrid
Audi,Q5,Diésel,246000.0,176.0,automatic,15990,Zaragoza,50018,Zaragoza,Zaragoza
Audi,Q5,Diésel,246000.0,176.0,automatic,14890,Zaragoza,50018,Zaragoza,Zaragoza
Audi,Q5,Diésel,47154.0,150.0,manual,27588,Las Rozas de Madrid,28232,Madrid,Las Rozas de Madrid
Audi,Q5,Diésel,40006.0,163.0,automatic,39200,Las Rozas de Madrid,28232,Madrid,Las Rozas de Madrid
Audi,Q5,Diésel,47154.0,150.0,manual,27588,Puerto de Sagunto,46520,Valencia,Puerto de Sagunto
Audi,Q5,Diésel,47154.0,150.0,manual,27588,Santafe,18320,Granada,Santafe
Audi,Q5,Diésel,47154.0,150.0,manual,27588,Zaragoza,50013,Zaragoza,Zaragoza
Audi,A3,Diésel,56584.0,150.0,automatic,22990,Madrid,28021,Madrid,Madrid
Audi,A3,Diésel,56584.0,150.0,automatic,22290,Madrid,28021,Madrid,Madrid
Audi,A3,Diésel,100635.0,150.0,automatic,17990,Bilbao,48004,Bizkaia,Bilbao
Audi,A3,Diésel,100635.0,150.0,automatic,17790,Bilbao,48004,Bizkaia,Bilbao
Audi,A3,Diésel,100635.0,150.0,automatic,17990,Sevilla,41005,Sevilla,Sevilla
Audi,A3,Diésel,100635.0,150.0,automatic,17790,Sevilla,41005,Sevilla,Sevilla
Audi,A3,Diésel,100635.0,150.0,automatic,17990,Vigo,36211,Pontevedra,Vigo
Audi,A3,Diésel,100635.0,150.0,automatic,17790,Vigo,36211,Pontevedra,Vigo
Audi,A3,Diésel,100635.0,150.0,automatic,17990,Castellón,12001,Castellón,Castellón
Audi,A3,Diésel,100635.0,150.0,automatic,17790,Castellón,12001,Castellón,Castellón
Audi,A3,Diésel,100635.0,150.0,automatic,17990,Almería,4006,Almería,Almería
Audi,A3,Diésel,100635.0,150.0,automatic,17790,Almería,4006,Almería,Almería
Audi,A3,Diésel,100635.0,150.0,automatic,17990,Alicante,3010,Alicante,Alicante
Audi,A3,Diésel,100635.0,150.0,automatic,17990,Alicante,3010,Murcia,Alicante
Audi,A3,Diésel,100635.0,150.0,automatic,17790,Alicante,3010,Alicante,Alicante
Audi,A3,Diésel,100635.0,150.0,automatic,17790,Alicante,3010,Murcia,Alicante
Audi,A3,Diésel,100635.0,150.0,automatic,17990,Granada,18005,Granada,Granada
Audi,A3,Diésel,100635.0,150.0,automatic,17790,Granada,18005,Granada,Granada
Audi,A3,Diésel,100635.0,150.0,automatic,17990,Murcia,30005,Murcia,Murcia
Audi,A3,Diésel,100635.0,150.0,automatic,17790,Murcia,30005,Murcia,Murcia
Audi,A3,Diésel,100635.0,150.0,automatic,17990,Málaga,29005,Málaga,Málaga
Audi,A3,Diésel,100635.0,150.0,automatic,17790,Málaga,29005,Málaga,Málaga
Audi,A3,Diésel,100635.0,150.0,automatic,17990,Valencia,46001,Valencia,Valencia
Audi,A3,Diésel,100635.0,150.0,automatic,17790,Valencia,46001,Valencia,Valencia
Audi,A3,Diésel,100635.0,150.0,automatic,17990,Palma de Mallorca,7003,Baleares,Palma de Mallorca
Audi,A3,Diésel,100635.0,150.0,automatic,17790,Palma de Mallorca,7003,Baleares,Palma de Mallorca
Audi,A3,Diésel,144800.0,110.0,manual,13190,Barcelona,8007,Barcelona,Barcelona
Audi,A3,Diésel,137500.0,110.0,manual,15690,Barcelona,8007,Barcelona,Barcelona
Audi,A3,Diésel,144800.0,110.0,manual,13190,Madrid,28014,Madrid,Madrid
Audi,A3,Diésel,137500.0,110.0,manual,15690,Madrid,28014,Madrid,Madrid
Audi,A3,Diésel,144800.0,110.0,manual,13190,Zaragoza,50018,Zaragoza,Zaragoza
Audi,A3,Diésel,137500.0,110.0,manual,15690,Zaragoza,50018,Zaragoza,Zaragoza
Audi,Q3,Diésel,67000.0,149.0,manual,673,Madrid,28006,Madrid,Madrid
Audi,Q3,Diésel,112000.0,149.0,manual,605,Madrid,28006,Madrid,Madrid
Audi,Q3,Gasolina,29170.0,150.0,automatic,35990,Madrid,28021,Madrid,Madrid
Audi,Q3,Diésel,180000.0,140.0,manual,13900,Benetússer,46910,Valencia,Benetússer
Audi,Q3,Diésel,180000.0,140.0,manual,13900,Benetússer,46910,Valencia,Benetússer
Audi,Q3,Diésel,180000.0,140.0,manual,13900,Benetússer,46910,Valencia,Benetússer
Audi,Q3,Diésel,180000.0,140.0,manual,13900,Benetússer,46910,Valencia,Benetússer
Audi,Q3,Diésel,257122.0,140.0,manual,10990,Bilbao,48004,Bizkaia,Bilbao
Audi,Q3,Diésel,257122.0,140.0,manual,10990,Sevilla,41005,Sevilla,Sevilla
Audi,Q3,Diésel,257122.0,140.0,manual,10990,Almería,4006,Almería,Almería
Audi,Q3,Diésel,257122.0,140.0,manual,10990,Vigo,36211,Pontevedra,Vigo
Audi,Q3,Diésel,257122.0,140.0,manual,10990,Alicante,3010,Alicante,Alicante
Audi,Q3,Diésel,257122.0,140.0,manual,10990,Alicante,3010,Murcia,Alicante
Audi,Q3,Diésel,257122.0,140.0,manual,10990,Granada,18005,Granada,Granada
Audi,Q3,Diésel,257122.0,140.0,manual,10990,Jaén,23008,Jaén,Jaén
Audi,Q3,Diésel,257122.0,140.0,manual,10990,Sevilla,41017,Sevilla,Sevilla
Audi,Q3,Diésel,257122.0,140.0,manual,10990,Murcia,30005,Murcia,Murcia
Audi,Q3,Diésel,257122.0,140.0,manual,10990,Málaga,29005,Málaga,Málaga
Audi,Q3,Diésel,257122.0,140.0,manual,10990,Valencia,46001,Valencia,Valencia
Audi,Q3,Diésel,257122.0,140.0,manual,10990,Badajoz,6003,Badajoz,Badajoz
Audi,Q3,Diésel,204900.0,140.0,manual,15690,Barcelona,8007,Barcelona,Barcelona
Audi,Q3,Diésel,204900.0,140.0,manual,14890,Barcelona,8007,Barcelona,Barcelona
Audi,Q3,Diésel,257122.0,140.0,manual,10990,Ciudad Real,13005,Ciudad Real,Ciudad Real
Audi,Q3,Diésel,204900.0,140.0,manual,15690,Madrid,28014,Madrid,Madrid
Audi,Q3,Diésel,204900.0,140.0,manual,14890,Madrid,28014,Madrid,Madrid
Audi,Q3,Diésel,204900.0,140.0,manual,15690,Zaragoza,50018,Zaragoza,Zaragoza
Audi,Q3,Diésel,204900.0,140.0,manual,14890,Zaragoza,50018,Zaragoza,Zaragoza
Audi,Q3,Diésel,195000.0,140.0,manual,15900,Donostia-San Sebastián,20018,Gipuzkoa,Donostia-San Sebastián
Audi,Q3,Diésel,151000.0,150.0,manual,18990,Mérida,6800,Badajoz,Mérida
Audi,Q3,Diésel,54000.0,150.0,automatic,27900,Zaragoza,50001,Zaragoza,Zaragoza
Jeep,Compass,Gasolina,13931.0,140.0,manual,23805,Sant Vicenç de Montalt,8394,Barcelona,Sant Vicenç de Montalt
Jeep,Compass,Diésel,158340.0,163.0,manual,12900,Valladolid,47011,Valladolid,Valladolid
Jeep,Compass,Diésel,118468.0,140.0,automatic,25900,Valladolid,47011,Valladolid,Valladolid
Jeep,Compass,Diésel,27472.0,140.0,automatic,28635,Sant Vicenç de Montalt,8394,Barcelona,Sant Vicenç de Montalt
Dacia,Dokker,Otros,154891.0,98.0,manual,12535,Vigo,36214,Pontevedra,Vigo
Dacia,Dokker,Otros,154891.0,98.0,manual,12535,Saladar,3700,Alicante,Saladar
Dacia,Dokker,Otros,154891.0,98.0,manual,12535,Granollers,8403,Barcelona,Granollers
Dacia,Dokker,Otros,154891.0,98.0,manual,12535,Badajoz,6008,Badajoz,Badajoz
Dacia,Dokker,Diésel,98674.0,90.0,manual,11500,Barcelona,8007,Barcelona,Barcelona
Dacia,Dokker,Otros,154891.0,98.0,manual,12535,Barcelona,8007,Barcelona,Barcelona
Jeep,Compass,Gasolina,37663.0,140.0,manual,19900,Fornells de la Selva,17458,Girona,Fornells de la Selva
Citroen,Berlingo,Diésel,134000.0,100.0,manual,12562,Montcada i Reixac,8110,Barcelona,Montcada i Reixac
Citroen,Berlingo,Diésel,104965.0,75.0,manual,10702,Sevilla,41005,Sevilla,Sevilla
Citroen,Berlingo,Diésel,130377.0,100.0,manual,11198,Sevilla,41005,Sevilla,Sevilla
Citroen,Berlingo,Diésel,143445.0,75.0,manual,10289,Sevilla,41005,Sevilla,Sevilla
Citroen,Berlingo,Diésel,104965.0,75.0,manual,10702,Madrid,28014,Madrid,Madrid
Citroen,Berlingo,Diésel,130377.0,100.0,manual,11198,Madrid,28014,Madrid,Madrid
Citroen,Berlingo,Diésel,143445.0,75.0,manual,10289,Madrid,28014,Madrid,Madrid
Citroen,Berlingo,Diésel,20397.0,102.0,manual,22290,Madrid,28021,Madrid,Madrid
Citroen,Berlingo,Diésel,86873.0,102.0,manual,16990,Madrid,28021,Madrid,Madrid
Citroen,Berlingo,Diésel,86873.0,102.0,manual,16490,Madrid,28021,Madrid,Madrid
Citroen,Berlingo,Diésel,104965.0,75.0,manual,10702,Badajoz,6008,Badajoz,Badajoz
Citroen,Berlingo,Diésel,130377.0,100.0,manual,11198,Badajoz,6008,Badajoz,Badajoz
Citroen,Berlingo,Diésel,143445.0,75.0,manual,10289,Badajoz,6008,Badajoz,Badajoz
Citroen,Berlingo,Diésel,104965.0,75.0,manual,10702,Almería,4001,Almería,Almería
Citroen,Berlingo,Diésel,130377.0,100.0,manual,11198,Almería,4001,Almería,Almería
Citroen,Berlingo,Diésel,143445.0,75.0,manual,10289,Almería,4001,Almería,Almería
Citroen,Berlingo,Diésel,104965.0,75.0,manual,10702,Cádiz,11006,Cádiz,Cádiz
Citroen,Berlingo,Diésel,130377.0,100.0,manual,11198,Cádiz,11006,Cádiz,Cádiz
Citroen,Berlingo,Diésel,143445.0,75.0,manual,10289,Cádiz,11006,Cádiz,Cádiz
Citroen,Berlingo,Diésel,53375.0,100.0,manual,16190,Palma de Mallorca,7003,Baleares,Palma de Mallorca
Citroen,Berlingo,Diésel,157000.0,109.0,manual,9990,A Coruña,15004,A Coruña,A Coruña
Citroen,Berlingo,Diésel,162000.0,100.0,manual,13500,Málaga,29006,Málaga,Málaga
Citroen,Berlingo,Diésel,136596.0,100.0,manual,16500,Benicarló,12580,Castellón,Benicarló
Dacia,Sandero,Gasolina,3301.0,90.0,manual,12363,Saladar,3700,Alicante,Saladar
Dacia,Sandero,Gasolina,3301.0,90.0,manual,12363,Badajoz,6008,Badajoz,Badajoz
KIA,Carens,Gasolina,90200.0,135.0,manual,12990,Girona,17007,Girona,Girona
Dacia,Sandero,Gasolina,3301.0,90.0,manual,12363,Barcelona,8007,Barcelona,Barcelona
Dacia,Sandero,Gasolina,39319.0,73.0,manual,10500,L'Hospitalet de Llobregat,8901,Barcelona,L'Hospitalet de Llobregat
Citroen,C-Élysée,Gasolina,66654.0,82.0,manual,10490,Palau-Solita I Plegamans,8184,Barcelona,Palau-Solita I Plegamans
Citroen,C-Élysée,Gasolina,66654.0,82.0,manual,10490,Palau-Solita I Plegamans,8184,Barcelona,Palau-Solita I Plegamans
Citroen,C-Élysée,Diésel,106000.0,82.0,manual,9900,Torrejón de Velasco,28990,Madrid,Torrejón de Velasco
Citroen,C-Élysée,Diésel,106000.0,82.0,manual,9500,Torrejón de Velasco,28990,Madrid,Torrejón de Velasco
KIA,Picanto,Gasolina,38000.0,67.0,manual,8950,Sabadell,8206,Barcelona,Sabadell
Citroen,C4 Cactus,Diésel,72000.0,102.0,manual,389,Madrid,28006,Madrid,Madrid
Citroen,C4 Cactus,Gasolina,99950.0,110.0,manual,381,Madrid,28006,Madrid,Madrid
Citroen,C4 Cactus,Gasolina,29973.0,110.0,manual,16490,Madrid,28021,Madrid,Madrid
Citroen,C4 Cactus,Gasolina,29973.0,110.0,manual,16190,Madrid,28021,Madrid,Madrid
Citroen,C4 Cactus,Gasolina,30435.0,82.0,manual,13900,Inca,7300,Baleares,Inca
Citroen,C4 Cactus,Diésel,128000.0,100.0,manual,9990,Bilbao,48004,Bizkaia,Bilbao
Citroen,C4 Cactus,Diésel,128000.0,100.0,manual,9990,Sevilla,41005,Sevilla,Sevilla
Citroen,C4 Cactus,Diésel,128000.0,100.0,manual,9990,Vigo,36211,Pontevedra,Vigo
Citroen,C4 Cactus,Gasolina,90983.0,110.0,manual,9990,Bilbao,48004,Bizkaia,Bilbao
Citroen,C4 Cactus,Diésel,128000.0,100.0,manual,9990,Ullastrell,8231,Barcelona,Ullastrell
Citroen,C4 Cactus,Gasolina,90983.0,110.0,manual,9990,Castellón,12001,Castellón,Castellón
Citroen,C4 Cactus,Diésel,128000.0,100.0,manual,9990,Almería,4006,Almería,Almería
Citroen,C4 Cactus,Diésel,128000.0,100.0,manual,9990,Alicante,3010,Alicante,Alicante
Citroen,C4 Cactus,Diésel,128000.0,100.0,manual,9990,Alicante,3010,Murcia,Alicante
Citroen,C4 Cactus,Gasolina,90983.0,110.0,manual,9990,Sevilla,41005,Sevilla,Sevilla
Citroen,C4 Cactus,Diésel,105647.0,100.0,manual,11890,Bilbao,48004,Bizkaia,Bilbao
Citroen,C4 Cactus,Gasolina,90983.0,110.0,manual,9990,Almería,4006,Almería,Almería
Citroen,C4 Cactus,Gasolina,90983.0,110.0,manual,9990,Vigo,36211,Pontevedra,Vigo
Citroen,C4 Cactus,Diésel,105647.0,100.0,manual,11890,Sevilla,41005,Sevilla,Sevilla
Citroen,C4 Cactus,Gasolina,90983.0,110.0,manual,9990,Alicante,3010,Alicante,Alicante
Citroen,C4 Cactus,Gasolina,90983.0,110.0,manual,9990,Alicante,3010,Murcia,Alicante
Citroen,C4 Cactus,Gasolina,109000.0,82.0,automatic,9990,Almería,4006,Almería,Almería
Citroen,C4 Cactus,Diésel,105647.0,100.0,manual,11890,Almería,4006,Almería,Almería
Citroen,C4 Cactus,Diésel,105647.0,100.0,manual,11890,Vigo,36211,Pontevedra,Vigo
Citroen,C4 Cactus,Diésel,105647.0,100.0,manual,11890,Alicante,3010,Alicante,Alicante
Citroen,C4 Cactus,Diésel,105647.0,100.0,manual,11890,Alicante,3010,Murcia,Alicante
Citroen,C4 Cactus,Diésel,128000.0,100.0,manual,9990,Granada,18005,Granada,Granada
Citroen,C4 Cactus,Diésel,128000.0,100.0,manual,9990,Òrrius,8317,Barcelona,Òrrius
Citroen,C4 Cactus,Diésel,128000.0,100.0,manual,9990,Murcia,30005,Murcia,Murcia
Citroen,C4 Cactus,Diésel,105647.0,100.0,manual,11890,Las Rozas de Madrid,28232,Madrid,Las Rozas de Madrid
Citroen,C4 Cactus,Diésel,105647.0,100.0,manual,11890,Urbanizacion La Granjilla,28700,Madrid,Urbanizacion La Granjilla
Renault,Captur,Diésel,142492.0,90.0,manual,12420,Vigo,36214,Pontevedra,Vigo
Renault,Captur,Gasolina,89773.0,90.0,manual,12820,Vigo,36214,Pontevedra,Vigo
Renault,Captur,Gasolina,91190.0,90.0,manual,12800,Vigo,36214,Pontevedra,Vigo
Renault,Captur,Diésel,142492.0,90.0,manual,12420,Saladar,3700,Alicante,Saladar
Renault,Captur,Gasolina,89773.0,90.0,manual,12820,Saladar,3700,Alicante,Saladar
Renault,Captur,Gasolina,91190.0,90.0,manual,12800,Saladar,3700,Alicante,Saladar
Renault,Captur,Diésel,142492.0,90.0,manual,12420,Granollers,8403,Barcelona,Granollers
Renault,Captur,Gasolina,89773.0,90.0,manual,12820,Granollers,8403,Barcelona,Granollers
Renault,Captur,Gasolina,91190.0,90.0,manual,12800,Granollers,8403,Barcelona,Granollers
Renault,Captur,Diésel,142492.0,90.0,manual,12420,Badajoz,6008,Badajoz,Badajoz
Renault,Captur,Gasolina,89773.0,90.0,manual,12820,Badajoz,6008,Badajoz,Badajoz
Renault,Captur,Gasolina,91190.0,90.0,manual,12800,Badajoz,6008,Badajoz,Badajoz
Renault,Captur,Diésel,142492.0,90.0,manual,12420,Barcelona,8007,Barcelona,Barcelona
Renault,Captur,Gasolina,89773.0,90.0,manual,12820,Barcelona,8007,Barcelona,Barcelona
Renault,Captur,Gasolina,91190.0,90.0,manual,12800,Barcelona,8007,Barcelona,Barcelona
Citroen,Jumper,Diésel,77260.0,131.0,manual,25490,Madrid,28021,Madrid,Madrid
Citroen,Jumper,Diésel,77260.0,131.0,manual,26190,Madrid,28021,Madrid,Madrid
Citroen,Jumper,Diésel,136000.0,130.0,manual,18099,Santiago de Compostela,15707,A Coruña,Santiago de Compostela
Citroen,Jumper,Diésel,129000.0,130.0,manual,14990,Torrevieja,3183,Alicante,Torrevieja
Citroen,C4 Picasso,Gasolina,106701.0,165.0,automatic,13990,Madrid,28021,Madrid,Madrid
Citroen,C4 Picasso,Gasolina,106701.0,165.0,automatic,14190,Madrid,28021,Madrid,Madrid
Citroen,C4 Picasso,Gasolina,106701.0,165.0,automatic,13890,Madrid,28021,Madrid,Madrid
Citroen,C4 Picasso,Gasolina,84025.0,130.0,manual,13420,Mercado Parque Corredor del Henares,28850,Madrid,Mercado Parque Corredor del Henares
Citroen,C4 Picasso,Gasolina,84025.0,130.0,manual,13420,Colonia Pablo Iglesias,28520,Madrid,Colonia Pablo Iglesias
Citroen,C4 Picasso,Gasolina,84025.0,130.0,manual,13420,Sant Vicenç de Montalt,8394,Barcelona,Sant Vicenç de Montalt
Citroen,C4 Picasso,Gasolina,84025.0,130.0,manual,13420,Murcia,30003,Murcia,Murcia
Citroen,C4 Picasso,Gasolina,84025.0,130.0,manual,13420,Saladar,3700,Alicante,Saladar
Citroen,C4 Picasso,Gasolina,84025.0,130.0,manual,13420,Ciudad Real,13003,Ciudad Real,Ciudad Real
Citroen,C4 Picasso,Gasolina,84025.0,130.0,manual,13420,Valdepeñas,13300,Ciudad Real,Valdepeñas
Citroen,C4 Picasso,Gasolina,84025.0,130.0,manual,13420,Valdepeñas,13300,Ciudad Real,Valdepeñas
Citroen,C4 Picasso,Gasolina,84025.0,130.0,manual,13420,Badajoz,6008,Badajoz,Badajoz
Citroen,C4 Picasso,Gasolina,84025.0,130.0,manual,13420,Barcelona,8007,Barcelona,Barcelona
Citroen,C4 Picasso,Gasolina,84025.0,130.0,manual,13420,Olèrdola,8734,Barcelona,Olèrdola
Citroen,C4 Picasso,Gasolina,84025.0,130.0,manual,13420,Olèrdola,8734,Barcelona,Olèrdola
Citroen,C4 Picasso,Gasolina,84025.0,130.0,manual,13420,Santa Maria del Aguila,4710,Almería,Santa Maria del Aguila
Citroen,C4 Picasso,Gasolina,84025.0,130.0,manual,13420,Albacete,2001,Albacete,Albacete
Citroen,C4 Picasso,Gasolina,84025.0,130.0,manual,13420,Alzira,46600,Valencia,Alzira
Citroen,C4 Picasso,Gasolina,84025.0,130.0,manual,13420,Alzira,46600,Valencia,Alzira
Citroen,C4 Picasso,Gasolina,84025.0,130.0,manual,13420,Castello/Castellon de La Plana,12100,Castellón,Castello/Castellon de La Plana
Citroen,C4 Picasso,Gasolina,84025.0,130.0,manual,13420,Alicante,3007,Alicante,Alicante
Citroen,C4 Picasso,Gasolina,84025.0,130.0,manual,13420,Zaragoza,50013,Zaragoza,Zaragoza
Citroen,C4 Picasso,Gasolina,84025.0,130.0,manual,13420,Mercabilbao,48970,Bizkaia,Mercabilbao
Citroen,C4 Picasso,Gasolina,84025.0,130.0,manual,13420,Santafe,18320,Granada,Santafe
Citroen,C4 Picasso,Gasolina,84025.0,130.0,manual,13420,Puerto de Sagunto,46520,Valencia,Puerto de Sagunto
Citroen,C4 Picasso,Gasolina,84025.0,130.0,manual,13420,Alameda del Obispo,14005,Córdoba,Alameda del Obispo
Citroen,C4 Picasso,Gasolina,84025.0,130.0,manual,13420,Santiago de Compostela,15703,A Coruña,Santiago de Compostela
Citroen,C4 Picasso,Gasolina,84025.0,130.0,manual,13420,Getafe,28906,Madrid,Getafe
Alfa Romeo,Stelvio,Diésel,107300.0,150.0,automatic,27990,Benidorm,3501,Alicante,Benidorm
Alfa Romeo,Giulietta,Gasolina,77638.0,120.0,manual,15870,Granollers,8403,Barcelona,Granollers
Alfa Romeo,Giulietta,Gasolina,77638.0,120.0,manual,15870,Ciudad Real,13003,Ciudad Real,Ciudad Real
Alfa Romeo,Giulietta,Gasolina,77638.0,120.0,manual,15870,Valdepeñas,13300,Ciudad Real,Valdepeñas
Alfa Romeo,Giulietta,Gasolina,77638.0,120.0,manual,15870,Valdepeñas,13300,Ciudad Real,Valdepeñas
Alfa Romeo,Giulietta,Gasolina,77638.0,120.0,manual,15870,Badajoz,6008,Badajoz,Badajoz
Alfa Romeo,Giulietta,Gasolina,77638.0,120.0,manual,15870,Barcelona,8007,Barcelona,Barcelona
Alfa Romeo,Giulietta,Gasolina,77638.0,120.0,manual,15870,Olèrdola,8734,Barcelona,Olèrdola
Alfa Romeo,Giulietta,Gasolina,77638.0,120.0,manual,15870,Olèrdola,8734,Barcelona,Olèrdola
Alfa Romeo,Giulietta,Gasolina,77638.0,120.0,manual,15870,Santa Maria del Aguila,4710,Almería,Santa Maria del Aguila
Alfa Romeo,Giulietta,Gasolina,77638.0,120.0,manual,15870,Las Rozas de Madrid,28232,Madrid,Las Rozas de Madrid
Alfa Romeo,Giulietta,Gasolina,77638.0,120.0,manual,15870,Paterna,46980,Valencia,Paterna
Alfa Romeo,Giulietta,Gasolina,77638.0,120.0,manual,15870,Atarrabia,31610,Navarra,Atarrabia
Alfa Romeo,Giulietta,Gasolina,77638.0,120.0,manual,15870,Zaragoza,50013,Zaragoza,Zaragoza
Alfa Romeo,Giulietta,Gasolina,77638.0,120.0,manual,15870,Mercabilbao,48970,Bizkaia,Mercabilbao
Alfa Romeo,Giulietta,Gasolina,77638.0,120.0,manual,15870,Alcalá de Guadaíra,41500,Sevilla,Alcalá de Guadaíra
Alfa Romeo,Giulietta,Gasolina,77638.0,120.0,manual,15870,Hidraulica Santillana,28770,Madrid,Hidraulica Santillana
Alfa Romeo,Giulietta,Gasolina,77638.0,120.0,manual,15870,Puerto de Sagunto,46520,Valencia,Puerto de Sagunto
Alfa Romeo,Giulietta,Gasolina,77638.0,120.0,manual,15870,Santafe,18320,Granada,Santafe
Alfa Romeo,Giulietta,Gasolina,77638.0,120.0,manual,15870,Albacete,2001,Albacete,Albacete
Alfa Romeo,Giulietta,Gasolina,77638.0,120.0,manual,15870,Alzira,46600,Valencia,Alzira
Alfa Romeo,Giulietta,Gasolina,77638.0,120.0,manual,15870,Alzira,46600,Valencia,Alzira
Alfa Romeo,Giulietta,Gasolina,77638.0,120.0,manual,15870,Alcobendas,28100,Madrid,Alcobendas
Alfa Romeo,Giulietta,Gasolina,77638.0,120.0,manual,15870,Castello/Castellon de La Plana,12100,Castellón,Castello/Castellon de La Plana
Alfa Romeo,Giulietta,Gasolina,77638.0,120.0,manual,15870,Alicante,3007,Alicante,Alicante
Alfa Romeo,Giulietta,Gasolina,77638.0,120.0,manual,15870,Getafe,28906,Madrid,Getafe
Alfa Romeo,Giulietta,Gasolina,77638.0,120.0,manual,15870,Alameda del Obispo,14005,Córdoba,Alameda del Obispo
Alfa Romeo,Giulietta,Gasolina,77638.0,120.0,manual,15870,Torremolinos,29620,Málaga,Torremolinos
Alfa Romeo,Giulietta,Gasolina,77638.0,120.0,manual,15870,Torremolinos,29620,Málaga,Torremolinos
Alfa Romeo,Giulietta,Gasolina,77638.0,120.0,manual,15870,Torremolinos,29620,Málaga,Torremolinos
Alfa Romeo,Giulietta,Gasolina,77638.0,120.0,manual,15870,Santiago de Compostela,15703,A Coruña,Santiago de Compostela
Jeep,Grand Cherokee,Diésel,177688.0,241.0,automatic,15990,Málaga,29005,Málaga,Málaga
Jeep,Grand Cherokee,Diésel,106425.0,250.0,automatic,26990,Murcia,30005,Murcia,Murcia
Jeep,Grand Cherokee,Diésel,106425.0,250.0,automatic,26990,Valencia,46001,Valencia,Valencia
Jeep,Grand Cherokee,Diésel,177688.0,241.0,automatic,15990,Urbanizacion La Granjilla,28700,Madrid,Urbanizacion La Granjilla
Jeep,Grand Cherokee,Diésel,106425.0,250.0,automatic,26990,Granada,18005,Granada,Granada
Jeep,Grand Cherokee,Diésel,106425.0,250.0,automatic,26990,Bilbao,48004,Bizkaia,Bilbao
Jeep,Grand Cherokee,Diésel,106425.0,250.0,automatic,26990,Alicante,3010,Alicante,Alicante
Jeep,Grand Cherokee,Diésel,106425.0,250.0,automatic,26990,Alicante,3010,Murcia,Alicante
Jeep,Grand Cherokee,Diésel,106425.0,250.0,automatic,26990,Cáceres,10001,Cáceres,Cáceres
Jeep,Grand Cherokee,Diésel,177688.0,241.0,automatic,15990,Villaviciosa de Odón,28670,Madrid,Villaviciosa de Odón
Jeep,Grand Cherokee,Diésel,106425.0,250.0,automatic,26990,Córdoba,14003,Córdoba,Córdoba
Jeep,Grand Cherokee,Diésel,106425.0,250.0,automatic,26990,Badajoz,6003,Badajoz,Badajoz
Jeep,Grand Cherokee,Diésel,190000.0,241.0,automatic,18995,Arganda del Rey,28500,Madrid,Arganda del Rey
Volkswagen,Touareg,Diésel,199000.0,262.0,automatic,21950,Orihuela,3300,Alicante,Orihuela
Volkswagen,Touareg,Diésel,296000.0,225.0,automatic,7999,Mula,30170,Murcia,Mula
Audi,Q2,Diésel,77945.0,116.0,manual,22490,Madrid,28021,Madrid,Madrid
Audi,Q2,Diésel,77945.0,116.0,manual,22690,Madrid,28021,Madrid,Madrid
Audi,Q2,Gasolina,16434.0,150.0,manual,27190,Madrid,28021,Madrid,Madrid
Audi,Q2,Gasolina,16434.0,150.0,manual,26590,Madrid,28021,Madrid,Madrid
Audi,Q2,Diésel,50250.0,116.0,automatic,24200,Valladolid,47004,Valladolid,Valladolid
Audi,Q2,Gasolina,111254.0,150.0,manual,18990,Bilbao,48004,Bizkaia,Bilbao
Audi,Q2,Gasolina,111254.0,150.0,manual,18990,Sevilla,41005,Sevilla,Sevilla
Audi,Q2,Diésel,50250.0,116.0,automatic,24200,Sevilla,41004,Sevilla,Sevilla
Audi,Q2,Diésel,50250.0,116.0,automatic,24200,Barcelona,8008,Barcelona,Barcelona
Audi,Q2,Gasolina,36373.0,116.0,manual,22490,Bilbao,48004,Bizkaia,Bilbao
Audi,Q2,Gasolina,111254.0,150.0,manual,18990,Almería,4006,Almería,Almería
Audi,Q2,Gasolina,111254.0,150.0,manual,18990,Vigo,36211,Pontevedra,Vigo
Audi,Q2,Gasolina,111254.0,150.0,manual,18990,Alicante,3010,Alicante,Alicante
Audi,Q2,Gasolina,111254.0,150.0,manual,18990,Alicante,3010,Murcia,Alicante
Audi,Q2,Gasolina,36373.0,116.0,manual,22490,Sevilla,41005,Sevilla,Sevilla
Audi,Q2,Gasolina,36373.0,116.0,manual,22490,Almería,4006,Almería,Almería
Audi,Q2,Gasolina,36373.0,116.0,manual,22490,Vigo,36211,Pontevedra,Vigo
Audi,Q2,Gasolina,36373.0,116.0,manual,22490,Alicante,3010,Alicante,Alicante
Audi,Q2,Gasolina,36373.0,116.0,manual,22490,Alicante,3010,Murcia,Alicante
Audi,Q2,Gasolina,111254.0,150.0,manual,18990,Huelva,21004,Huelva,Huelva
Audi,Q2,Gasolina,111254.0,150.0,manual,18990,Granada,18005,Granada,Granada
Audi,Q2,Gasolina,111254.0,150.0,manual,18990,Sevilla,41017,Sevilla,Sevilla
Audi,Q2,Diésel,50250.0,116.0,automatic,24200,Viladecans,8840,Barcelona,Viladecans
Audi,Q2,Gasolina,36373.0,116.0,manual,22490,Las Rozas de Madrid,28232,Madrid,Las Rozas de Madrid
Audi,Q2,Gasolina,111254.0,150.0,manual,18990,Murcia,30005,Murcia,Murcia
Audi,Q2,Gasolina,36373.0,116.0,manual,22490,Urbanizacion La Granjilla,28700,Madrid,Urbanizacion La Granjilla
Audi,Q2,Gasolina,36373.0,116.0,manual,22490,Murcia,30005,Murcia,Murcia
Audi,Q2,Gasolina,36373.0,116.0,manual,22490,Granada,18005,Granada,Granada
Audi,Q2,Gasolina,36373.0,116.0,manual,22490,Collado Villalba,28400,Madrid,Collado Villalba
Audi,Q2,Gasolina,36373.0,116.0,manual,22490,Collado Villalba,28400,Madrid,Collado Villalba
Audi,Q2,Gasolina,111254.0,150.0,manual,18990,Málaga,29005,Málaga,Málaga
Audi,Q2,Gasolina,111254.0,150.0,manual,18990,Valencia,46001,Valencia,Valencia
Audi,Q2,Gasolina,36373.0,116.0,manual,22490,Toledo,45002,Toledo,Toledo
Audi,Q2,Gasolina,36373.0,116.0,manual,22490,Málaga,29005,Málaga,Málaga
Audi,Q2,Gasolina,36373.0,116.0,manual,22490,Valencia,46001,Valencia,Valencia
Audi,Q2,Gasolina,111254.0,150.0,manual,18990,Badajoz,6003,Badajoz,Badajoz
Audi,Q2,Gasolina,36373.0,116.0,manual,22490,Villaviciosa de Odón,28670,Madrid,Villaviciosa de Odón
Audi,Q2,Gasolina,111254.0,150.0,manual,18990,Cáceres,10001,Cáceres,Cáceres
Audi,Q2,Gasolina,111254.0,150.0,manual,18990,Córdoba,14003,Córdoba,Córdoba
Volkswagen,T-Roc,Diésel,108303.0,115.0,manual,19990,Sevilla,41005,Sevilla,Sevilla
Volkswagen,T-Roc,Diésel,108303.0,115.0,manual,19990,Valencia,46001,Valencia,Valencia
Volkswagen,T-Roc,Diésel,108303.0,115.0,manual,19990,Málaga,29005,Málaga,Málaga
Volkswagen,T-Roc,Gasolina,14568.0,150.0,manual,29500,Camas,41900,Sevilla,Camas
Volkswagen,T-Roc,Gasolina,5596.0,110.0,manual,25995,Zaragoza,50017,Zaragoza,Zaragoza
Volkswagen,T-Roc,Gasolina,43709.0,115.0,manual,22900,Santa Coloma de Gramenet,8921,Barcelona,Santa Coloma de Gramenet
Volkswagen,T-Roc,Gasolina,42000.0,115.0,manual,21900,Santa Coloma de Gramenet,8921,Barcelona,Santa Coloma de Gramenet
Volkswagen,T-Roc,Gasolina,21580.0,150.0,automatic,31900,Santa Coloma de Gramenet,8921,Barcelona,Santa Coloma de Gramenet
Volkswagen,T-Roc,Gasolina,24185.0,150.0,automatic,29900,Santa Coloma de Gramenet,8921,Barcelona,Santa Coloma de Gramenet
Volkswagen,T-Roc,Gasolina,52890.0,150.0,automatic,30400,Santa Coloma de Gramenet,8921,Barcelona,Santa Coloma de Gramenet
Volkswagen,T-Roc,Gasolina,27337.0,150.0,automatic,28900,Santa Coloma de Gramenet,8921,Barcelona,Santa Coloma de Gramenet
Volkswagen,T-Roc,Gasolina,27449.0,150.0,automatic,28900,Santa Coloma de Gramenet,8921,Barcelona,Santa Coloma de Gramenet
Volkswagen,T-Roc,Diésel,27518.0,115.0,manual,24999,Úbeda,23400,Jaén,Úbeda
Volkswagen,T-Roc,Gasolina,16252.0,110.0,manual,29900,Santa Coloma de Gramenet,8921,Barcelona,Santa Coloma de Gramenet
Volkswagen,T-Roc,Gasolina,15091.0,150.0,automatic,32900,Santa Coloma de Gramenet,8921,Barcelona,Santa Coloma de Gramenet
Volkswagen,T-Roc,Gasolina,26234.0,150.0,automatic,29900,Santa Coloma de Gramenet,8921,Barcelona,Santa Coloma de Gramenet
Volkswagen,T-Roc,Gasolina,39228.0,150.0,automatic,30900,Santa Coloma de Gramenet,8921,Barcelona,Santa Coloma de Gramenet
Volkswagen,T-Roc,Gasolina,37876.0,150.0,automatic,30900,Santa Coloma de Gramenet,8921,Barcelona,Santa Coloma de Gramenet
Volkswagen,T-Roc,Diésel,23156.0,150.0,automatic,31600,Santa Coloma de Gramenet,8921,Barcelona,Santa Coloma de Gramenet
Volkswagen,T-Roc,Diésel,33350.0,150.0,automatic,32500,Santa Coloma de Gramenet,8921,Barcelona,Santa Coloma de Gramenet
Volkswagen,T-Roc,Diésel,42457.0,150.0,automatic,31900,Santa Coloma de Gramenet,8921,Barcelona,Santa Coloma de Gramenet
Abarth,500,Gasolina,26188.0,145.0,manual,16990,Alicante,3010,Alicante,Alicante
Abarth,500,Gasolina,26188.0,145.0,manual,16990,Alicante,3010,Murcia,Alicante
Abarth,500,Gasolina,26188.0,145.0,manual,16990,Murcia,30005,Murcia,Murcia
Abarth,500,Gasolina,26188.0,145.0,manual,16990,Granada,18005,Granada,Granada
Abarth,500,Gasolina,31346.0,145.0,manual,18630,Barcelona,8007,Barcelona,Barcelona
Abarth,500,Gasolina,31346.0,145.0,manual,18630,Mercabilbao,48970,Bizkaia,Mercabilbao
Abarth,500,Gasolina,31346.0,145.0,manual,18630,Santafe,18320,Granada,Santafe
Abarth,500,Gasolina,31346.0,145.0,manual,18630,Puerto de Sagunto,46520,Valencia,Puerto de Sagunto
Abarth,500,Gasolina,31346.0,145.0,manual,18630,Zaragoza,50013,Zaragoza,Zaragoza
Abarth,500,Gasolina,31346.0,145.0,manual,18630,Hidraulica Santillana,28770,Madrid,Hidraulica Santillana
Abarth,500,Gasolina,31346.0,145.0,manual,18630,Castello/Castellon de La Plana,12100,Castellón,Castello/Castellon de La Plana
Dacia,Duster,Diésel,93813.0,115.0,manual,15990,Bilbao,48004,Bizkaia,Bilbao
Dacia,Duster,Diésel,93813.0,115.0,manual,15990,Sevilla,41005,Sevilla,Sevilla
Dacia,Duster,Diésel,93813.0,115.0,manual,15990,Almería,4006,Almería,Almería
Dacia,Duster,Diésel,93813.0,115.0,manual,15990,Vigo,36211,Pontevedra,Vigo
Dacia,Duster,Diésel,93813.0,115.0,manual,15990,Alicante,3010,Alicante,Alicante
Dacia,Duster,Diésel,93813.0,115.0,manual,15990,Alicante,3010,Murcia,Alicante
Dacia,Duster,Diésel,93813.0,115.0,manual,15990,Huelva,21004,Huelva,Huelva
Dacia,Duster,Diésel,93813.0,115.0,manual,15990,Sevilla,41017,Sevilla,Sevilla
Dacia,Duster,Diésel,93813.0,115.0,manual,15990,Murcia,30005,Murcia,Murcia
Dacia,Duster,Diésel,93813.0,115.0,manual,15990,Granada,18005,Granada,Granada
Dacia,Duster,Diésel,93813.0,115.0,manual,15990,Málaga,29005,Málaga,Málaga
Dacia,Duster,Diésel,93813.0,115.0,manual,15990,Valencia,46001,Valencia,Valencia
Dacia,Duster,Diésel,93813.0,115.0,manual,15990,Badajoz,6003,Badajoz,Badajoz
Dacia,Duster,Diésel,93813.0,115.0,manual,15990,Córdoba,14003,Córdoba,Córdoba
Dacia,Duster,Diésel,93813.0,115.0,manual,15990,Cáceres,10001,Cáceres,Cáceres
Dacia,Duster,Diésel,75890.0,115.0,manual,16990,Valencia,46002,Valencia,Valencia
Dacia,Duster,Gasolina,35152.0,114.0,manual,13850,Alcalá de Guadaíra,41500,Sevilla,Alcalá de Guadaíra
Dacia,Duster,Gasolina,35152.0,114.0,manual,13850,Málaga,29015,Málaga,Málaga
Audi,Q2,Diésel,71126.0,150.0,automatic,31625,Vigo,36214,Pontevedra,Vigo
Audi,Q2,Diésel,71126.0,150.0,automatic,31625,Saladar,3700,Alicante,Saladar
Audi,Q2,Diésel,71126.0,150.0,automatic,31625,Granollers,8403,Barcelona,Granollers
Audi,Q2,Diésel,33778.0,116.0,automatic,22990,Almería,4006,Almería,Almería
Audi,Q2,Diésel,71126.0,150.0,automatic,31625,Badajoz,6008,Badajoz,Badajoz
Audi,Q2,Diésel,33778.0,116.0,automatic,22990,Sevilla,41005,Sevilla,Sevilla
Audi,Q2,Diésel,33778.0,116.0,automatic,22990,Alicante,3010,Alicante,Alicante
Audi,Q2,Diésel,33778.0,116.0,automatic,22990,Alicante,3010,Murcia,Alicante
Audi,Q2,Diésel,33778.0,116.0,automatic,22990,Vigo,36211,Pontevedra,Vigo
Audi,Q2,Diésel,33778.0,116.0,automatic,22990,Granada,18005,Granada,Granada
Audi,Q2,Diésel,33778.0,116.0,automatic,22990,Málaga,29005,Málaga,Málaga
Audi,Q2,Diésel,33778.0,116.0,automatic,22990,Valencia,46001,Valencia,Valencia
Audi,Q2,Diésel,33778.0,116.0,automatic,22990,Bilbao,48004,Bizkaia,Bilbao
Audi,Q2,Diésel,71126.0,150.0,automatic,31625,Barcelona,8007,Barcelona,Barcelona
Audi,Q2,Diésel,33778.0,116.0,automatic,22990,Jaén,23008,Jaén,Jaén
Audi,Q2,Diésel,33778.0,116.0,automatic,22990,Murcia,30005,Murcia,Murcia
Volkswagen,Tiguan,Diésel,191379.0,240.0,manual,27490,Fuenlabrada,28946,Madrid,Fuenlabrada
Volkswagen,Tiguan,Gasolina,25901.0,150.0,automatic,31900,Zaragoza,50013,Zaragoza,Zaragoza
Volkswagen,Tiguan,Gasolina,25901.0,150.0,automatic,31900,Mercado Parque Corredor del Henares,28850,Madrid,Mercado Parque Corredor del Henares
Volkswagen,Tiguan,Gasolina,25901.0,150.0,automatic,31900,Santa Maria del Aguila,4710,Almería,Santa Maria del Aguila
Volkswagen,Tiguan,Gasolina,25901.0,150.0,automatic,31900,Alcalá de Guadaíra,41500,Sevilla,Alcalá de Guadaíra
Volkswagen,Tiguan,Gasolina,23206.0,130.0,manual,23990,Sevilla,41005,Sevilla,Sevilla
Volkswagen,Tiguan,Diésel,97000.0,150.0,automatic,27990,Sevilla,41005,Sevilla,Sevilla
Volkswagen,Tiguan,Gasolina,25901.0,150.0,automatic,31900,Mercabilbao,48970,Bizkaia,Mercabilbao
Volkswagen,Tiguan,Gasolina,25901.0,150.0,automatic,31900,Paterna,46980,Valencia,Paterna
Volkswagen,Tiguan,Gasolina,25901.0,150.0,automatic,31900,Saladar,3700,Alicante,Saladar
Volkswagen,Tiguan,Gasolina,25901.0,150.0,automatic,31900,Puerto de Sagunto,46520,Valencia,Puerto de Sagunto
Volkswagen,Tiguan,Diésel,97000.0,150.0,automatic,27990,Almería,4006,Almería,Almería
Volkswagen,Tiguan,Diésel,97000.0,150.0,automatic,27990,Òrrius,8317,Barcelona,Òrrius
Volkswagen,Tiguan,Diésel,97000.0,150.0,automatic,27990,Vigo,36211,Pontevedra,Vigo
Volkswagen,Tiguan,Diésel,97000.0,150.0,automatic,27990,Murcia,30005,Murcia,Murcia
Volkswagen,Tiguan,Diésel,97000.0,150.0,automatic,27990,Ullastrell,8231,Barcelona,Ullastrell
Volkswagen,Tiguan,Gasolina,23206.0,130.0,manual,23990,Valencia,46001,Valencia,Valencia
Volkswagen,Tiguan,Gasolina,25901.0,150.0,automatic,31900,Estepona,29680,Málaga,Estepona
Volkswagen,Tiguan,Diésel,97000.0,150.0,automatic,27990,Valencia,46001,Valencia,Valencia
Volkswagen,Tiguan,Gasolina,25901.0,150.0,automatic,31900,Badajoz,6008,Badajoz,Badajoz
Volkswagen,Tiguan,Gasolina,23206.0,130.0,manual,23990,Málaga,29005,Málaga,Málaga
Volkswagen,Tiguan,Diésel,97000.0,150.0,automatic,27990,Granada,18005,Granada,Granada
Volkswagen,Tiguan,Diésel,97000.0,150.0,automatic,27990,Málaga,29005,Málaga,Málaga
Volkswagen,Tiguan,Gasolina,25901.0,150.0,automatic,31900,Valdepeñas,13300,Ciudad Real,Valdepeñas
Volkswagen,Tiguan,Gasolina,25901.0,150.0,automatic,31900,Valdepeñas,13300,Ciudad Real,Valdepeñas
Volkswagen,Tiguan,Gasolina,25901.0,150.0,automatic,31900,Santafe,18320,Granada,Santafe
Volkswagen,Tiguan,Diésel,97000.0,150.0,automatic,27990,Bilbao,48004,Bizkaia,Bilbao
Volkswagen,Tiguan,Diésel,97000.0,150.0,automatic,27990,Alicante,3010,Alicante,Alicante
Volkswagen,Tiguan,Diésel,97000.0,150.0,automatic,27990,Alicante,3010,Murcia,Alicante
Volkswagen,Tiguan,Gasolina,25901.0,150.0,automatic,31900,Granollers,8403,Barcelona,Granollers
Volkswagen,Tiguan,Gasolina,25901.0,150.0,automatic,31900,Vigo,36214,Pontevedra,Vigo
Volkswagen,Tiguan,Gasolina,25901.0,150.0,automatic,31900,Murcia,30003,Murcia,Murcia
Volkswagen,Tiguan,Gasolina,25901.0,150.0,automatic,31900,Atarrabia,31610,Navarra,Atarrabia
Volkswagen,Tiguan,Gasolina,25901.0,150.0,automatic,31900,Olèrdola,8734,Barcelona,Olèrdola
Volkswagen,Tiguan,Gasolina,25901.0,150.0,automatic,31900,Olèrdola,8734,Barcelona,Olèrdola
Volkswagen,Tiguan,Diésel,97000.0,150.0,automatic,27990,Palma de Mallorca,7003,Baleares,Palma de Mallorca
Volkswagen,Tiguan,Gasolina,23206.0,130.0,manual,23990,Palau-Solita I Plegamans,8184,Barcelona,Palau-Solita I Plegamans
Volkswagen,Tiguan,Gasolina,23206.0,130.0,manual,23990,Palau-Solita I Plegamans,8184,Barcelona,Palau-Solita I Plegamans
Volkswagen,Tiguan,Diésel,97000.0,150.0,automatic,27990,Palau-Solita I Plegamans,8184,Barcelona,Palau-Solita I Plegamans
Volkswagen,Tiguan,Diésel,97000.0,150.0,automatic,27990,Palau-Solita I Plegamans,8184,Barcelona,Palau-Solita I Plegamans
Volkswagen,Tiguan,Diésel,97000.0,150.0,automatic,27990,Girona,17007,Girona,Girona
Volkswagen,Tiguan,Gasolina,23206.0,130.0,manual,23990,Tarragona,43006,Tarragona,Tarragona
Volkswagen,Tiguan,Diésel,97000.0,150.0,automatic,27990,Tarragona,43006,Tarragona,Tarragona
Volkswagen,Tiguan,Diésel,92726.0,115.0,manual,23985,Sabadell,8201,Barcelona,Sabadell
Volkswagen,Tiguan,Gasolina,25901.0,150.0,automatic,31900,Sant Vicenç de Montalt,8394,Barcelona,Sant Vicenç de Montalt
Volkswagen,Tiguan,Gasolina,25901.0,150.0,automatic,31900,Ciudad Real,13003,Ciudad Real,Ciudad Real
Volkswagen,Tiguan,Gasolina,25901.0,150.0,automatic,31900,Santiago de Compostela,15703,A Coruña,Santiago de Compostela
Volkswagen,Tiguan,Gasolina,25901.0,150.0,automatic,31900,Alcobendas,28100,Madrid,Alcobendas
Volkswagen,Tiguan,Gasolina,25901.0,150.0,automatic,31900,Hidraulica Santillana,28770,Madrid,Hidraulica Santillana
Volkswagen,Tiguan,Gasolina,25901.0,150.0,automatic,31900,Albacete,2001,Albacete,Albacete
Volkswagen,Tiguan,Gasolina,25901.0,150.0,automatic,31900,Alzira,46600,Valencia,Alzira
Volkswagen,Tiguan,Gasolina,25901.0,150.0,automatic,31900,Alzira,46600,Valencia,Alzira
Volkswagen,Tiguan,Gasolina,25901.0,150.0,automatic,31900,Castello/Castellon de La Plana,12100,Castellón,Castello/Castellon de La Plana
Volkswagen,Tiguan,Gasolina,25901.0,150.0,automatic,31900,Alicante,3007,Alicante,Alicante
Volkswagen,Tiguan,Gasolina,25901.0,150.0,automatic,31900,Colonia Pablo Iglesias,28520,Madrid,Colonia Pablo Iglesias
Volkswagen,Tiguan,Gasolina,25901.0,150.0,automatic,31900,Las Rozas de Madrid,28232,Madrid,Las Rozas de Madrid
Volkswagen,Tiguan,Gasolina,25901.0,150.0,automatic,31900,Alameda del Obispo,14005,Córdoba,Alameda del Obispo
Volkswagen,Tiguan,Gasolina,25901.0,150.0,automatic,31900,Torremolinos,29620,Málaga,Torremolinos
Volkswagen,Tiguan,Gasolina,25901.0,150.0,automatic,31900,Torremolinos,29620,Málaga,Torremolinos
Volkswagen,Tiguan,Gasolina,25901.0,150.0,automatic,31900,Torremolinos,29620,Málaga,Torremolinos
Volkswagen,Tiguan,Diésel,61182.0,150.0,manual,22990,Madrid,28046,Madrid,Madrid
Volkswagen,Tiguan,Diésel,61182.0,150.0,manual,22990,Alcobendas,28100,Madrid,Alcobendas
Volkswagen,Tiguan,Diésel,61182.0,150.0,manual,22990,Las Rozas de Madrid,28232,Madrid,Las Rozas de Madrid
Volkswagen,Tiguan,Diésel,61182.0,150.0,manual,22990,Leganés,28916,Madrid,Leganés
Volkswagen,Tiguan,Diésel,92726.0,115.0,manual,23985,Sant Boi de Llobregat,8830,Barcelona,Sant Boi de Llobregat
Volkswagen,Tiguan,Diésel,174607.0,150.0,automatic,25490,Fuenlabrada,28943,Madrid,Fuenlabrada
Volkswagen,Tiguan,Diésel,174607.0,150.0,automatic,24990,Fuenlabrada,28943,Madrid,Fuenlabrada
Audi,A5,Diésel,170000.0,190.0,manual,14890,Barcelona,8007,Barcelona,Barcelona
Audi,A5,Gasolina,218000.0,170.0,manual,15690,Barcelona,8007,Barcelona,Barcelona
Audi,A5,Diésel,196000.0,190.0,automatic,12490,Barcelona,8007,Barcelona,Barcelona
Audi,A5,Diésel,170000.0,190.0,manual,14890,Madrid,28014,Madrid,Madrid
Audi,A5,Gasolina,218000.0,170.0,manual,15690,Madrid,28014,Madrid,Madrid
Audi,A5,Diésel,196000.0,190.0,automatic,12490,Madrid,28014,Madrid,Madrid
Audi,A5,Diésel,170000.0,190.0,manual,14890,Zaragoza,50018,Zaragoza,Zaragoza
Audi,A5,Gasolina,218000.0,170.0,manual,15690,Zaragoza,50018,Zaragoza,Zaragoza
Audi,A5,Diésel,196000.0,190.0,automatic,12490,Zaragoza,50018,Zaragoza,Zaragoza
Audi,A5,Diésel,189000.0,170.0,manual,12500,Villanueva del Arzobispo,23330,Jaén,Villanueva del Arzobispo
Audi,A5,Diésel,114988.0,190.0,automatic,24790,Úbeda,23400,Jaén,Úbeda
Volkswagen,Tiguan,Diésel,87452.0,140.0,manual,280,Barcelona,8007,Barcelona,Barcelona
Volkswagen,Tiguan,Diésel,160000.0,140.0,automatic,11499,Alicante,3010,Alicante,Alicante
Volkswagen,Tiguan,Diésel,160000.0,140.0,automatic,11499,Alicante,3010,Murcia,Alicante
Volkswagen,Tiguan,Gasolina,47079.0,150.0,automatic,27400,Santa Coloma de Gramenet,8921,Barcelona,Santa Coloma de Gramenet
Volkswagen,Tiguan,Diésel,46705.0,150.0,automatic,39900,Santa Coloma de Gramenet,8921,Barcelona,Santa Coloma de Gramenet
Volkswagen,Tiguan,Gasolina,27895.0,150.0,automatic,31800,Santa Coloma de Gramenet,8921,Barcelona,Santa Coloma de Gramenet
Volkswagen,Tiguan,Diésel,11764.0,150.0,manual,34900,Santa Coloma de Gramenet,8921,Barcelona,Santa Coloma de Gramenet
Volkswagen,Tiguan,Diésel,83874.0,150.0,automatic,29500,Santa Coloma de Gramenet,8921,Barcelona,Santa Coloma de Gramenet
Volkswagen,Tiguan,Gasolina,49479.0,130.0,manual,30700,Santa Coloma de Gramenet,8921,Barcelona,Santa Coloma de Gramenet
Volkswagen,Tiguan,Diésel,17382.0,150.0,automatic,38600,Fornells de la Selva,17458,Girona,Fornells de la Selva
Volkswagen,Tiguan,Gasolina,60028.0,150.0,automatic,30900,Fornells de la Selva,17458,Girona,Fornells de la Selva
Volkswagen,Tiguan,Gasolina,47079.0,150.0,automatic,27400,Fornells de la Selva,17458,Girona,Fornells de la Selva
Volkswagen,Tiguan,Diésel,46705.0,150.0,automatic,39900,Fornells de la Selva,17458,Girona,Fornells de la Selva
Volkswagen,Tiguan,Gasolina,27895.0,150.0,automatic,31800,Fornells de la Selva,17458,Girona,Fornells de la Selva
Volkswagen,Tiguan,Diésel,11764.0,150.0,manual,34900,Fornells de la Selva,17458,Girona,Fornells de la Selva
Volkswagen,Tiguan,Diésel,72455.0,150.0,manual,29000,Fornells de la Selva,17458,Girona,Fornells de la Selva
Volkswagen,Tiguan,Diésel,64763.0,150.0,automatic,30000,Fornells de la Selva,17458,Girona,Fornells de la Selva
Volkswagen,Tiguan,Diésel,88015.0,150.0,manual,28900,Fornells de la Selva,17458,Girona,Fornells de la Selva
Volkswagen,Tiguan,Diésel,83874.0,150.0,automatic,29500,Fornells de la Selva,17458,Girona,Fornells de la Selva
Volkswagen,Tiguan,Diésel,111178.0,150.0,automatic,24500,Málaga,29004,Málaga,Málaga
Audi,A5,Diésel,59877.0,149.0,manual,26900,Valladolid,47011,Valladolid,Valladolid
Dacia,Sandero,Diésel,185874.0,95.0,manual,7500,Sevilla,41005,Sevilla,Sevilla
Dacia,Sandero,Diésel,185874.0,95.0,manual,7500,Madrid,28014,Madrid,Madrid
Dacia,Sandero,Gasolina,45000.0,75.0,manual,6450,Esplugues de Llobregat,8950,Barcelona,Esplugues de Llobregat
Dacia,Sandero,Diésel,185874.0,95.0,manual,7500,Badajoz,6008,Badajoz,Badajoz
Dacia,Sandero,Diésel,185874.0,95.0,manual,7500,Almería,4001,Almería,Almería
Dacia,Sandero,Diésel,185874.0,95.0,manual,7500,Cádiz,11006,Cádiz,Cádiz
Dacia,Sandero,Gasolina,109000.0,90.0,manual,8490,Bilbao,48004,Bizkaia,Bilbao
Dacia,Sandero,Gasolina,109000.0,90.0,manual,8490,Sevilla,41005,Sevilla,Sevilla
Dacia,Sandero,Gasolina,109000.0,90.0,manual,7990,Sevilla,41005,Sevilla,Sevilla
Dacia,Sandero,Gasolina,109000.0,90.0,manual,8490,Almería,4006,Almería,Almería
Dacia,Sandero,Gasolina,109000.0,90.0,manual,7990,Almería,4006,Almería,Almería
Dacia,Sandero,Gasolina,109000.0,90.0,manual,8490,Vigo,36211,Pontevedra,Vigo
Dacia,Sandero,Gasolina,109000.0,90.0,manual,7990,Vigo,36211,Pontevedra,Vigo
Dacia,Sandero,Gasolina,109000.0,90.0,manual,8490,Alicante,3010,Alicante,Alicante
Dacia,Sandero,Gasolina,109000.0,90.0,manual,8490,Alicante,3010,Murcia,Alicante
Dacia,Sandero,Gasolina,109000.0,90.0,manual,7990,Alicante,3010,Alicante,Alicante
Dacia,Sandero,Gasolina,109000.0,90.0,manual,7990,Alicante,3010,Murcia,Alicante
Dacia,Sandero,Gasolina,109000.0,90.0,manual,8490,Murcia,30005,Murcia,Murcia
Dacia,Sandero,Gasolina,109000.0,90.0,manual,7990,Murcia,30005,Murcia,Murcia
Dacia,Sandero,Gasolina,109000.0,90.0,manual,8490,Granada,18005,Granada,Granada
Dacia,Sandero,Gasolina,109000.0,90.0,manual,7990,Granada,18005,Granada,Granada
Dacia,Sandero,Gasolina,109000.0,90.0,manual,8490,Málaga,29005,Málaga,Málaga
Dacia,Sandero,Gasolina,109000.0,90.0,manual,7990,Málaga,29005,Málaga,Málaga
Dacia,Sandero,Gasolina,109000.0,90.0,manual,8490,Valencia,46001,Valencia,Valencia
Dacia,Sandero,Gasolina,109000.0,90.0,manual,7990,Valencia,46001,Valencia,Valencia
Dacia,Sandero,Gasolina,109000.0,90.0,manual,8490,Palma de Mallorca,7003,Baleares,Palma de Mallorca
Dacia,Sandero,Gasolina,109000.0,90.0,manual,7990,Palma de Mallorca,7003,Baleares,Palma de Mallorca
Dacia,Sandero,Gasolina,17500.0,75.0,manual,10990,Barcelona,8007,Barcelona,Barcelona
Audi,Q3,Diésel,64411.0,150.0,manual,25288,Santa Maria del Aguila,4710,Almería,Santa Maria del Aguila
Audi,Q3,Diésel,64411.0,150.0,manual,25288,Vigo,36214,Pontevedra,Vigo
Audi,Q3,Diésel,64411.0,150.0,manual,25288,Mercado Parque Corredor del Henares,28850,Madrid,Mercado Parque Corredor del Henares
Audi,Q3,Diésel,64411.0,150.0,manual,25288,Saladar,3700,Alicante,Saladar
Audi,Q3,Diésel,64411.0,150.0,manual,25288,Granollers,8403,Barcelona,Granollers
Audi,Q3,Diésel,64411.0,150.0,manual,25288,Sant Vicenç de Montalt,8394,Barcelona,Sant Vicenç de Montalt
Audi,Q3,Diésel,64411.0,150.0,manual,25288,Olèrdola,8734,Barcelona,Olèrdola
Audi,Q3,Diésel,64411.0,150.0,manual,25288,Olèrdola,8734,Barcelona,Olèrdola
Audi,Q3,Diésel,64411.0,150.0,manual,25288,Ciudad Real,13003,Ciudad Real,Ciudad Real
Audi,Q3,Diésel,64411.0,150.0,manual,25288,Colonia Pablo Iglesias,28520,Madrid,Colonia Pablo Iglesias
Audi,Q3,Diésel,64411.0,150.0,manual,25288,Badajoz,6008,Badajoz,Badajoz
Audi,Q3,Diésel,64411.0,150.0,manual,25288,Barcelona,8007,Barcelona,Barcelona
Audi,Q3,Diésel,64411.0,150.0,manual,25288,Atarrabia,31610,Navarra,Atarrabia
Audi,Q3,Diésel,64411.0,150.0,manual,25288,Puerto de Sagunto,46520,Valencia,Puerto de Sagunto
Audi,Q3,Diésel,64411.0,150.0,manual,25288,Mercabilbao,48970,Bizkaia,Mercabilbao
Audi,Q3,Diésel,64411.0,150.0,manual,25288,Santafe,18320,Granada,Santafe
Audi,Q3,Diésel,64411.0,150.0,manual,25288,Castello/Castellon de La Plana,12100,Castellón,Castello/Castellon de La Plana
Audi,Q3,Diésel,64411.0,150.0,manual,25288,Alzira,46600,Valencia,Alzira
Audi,Q3,Diésel,64411.0,150.0,manual,25288,Alzira,46600,Valencia,Alzira
Audi,Q3,Diésel,64411.0,150.0,manual,25288,Alicante,3007,Alicante,Alicante
MINI,Paceman,Diésel,70000.0,112.0,manual,17990,Paterna,46980,Valencia,Paterna
MINI,Paceman,Diésel,70000.0,112.0,manual,16990,Paterna,46980,Valencia,Paterna
MINI,Paceman,Diésel,152000.0,112.0,manual,12490,Vigo,36211,Pontevedra,Vigo
MINI,Paceman,Diésel,152000.0,112.0,manual,12490,Silla,46460,Valencia,Silla
Audi,A3,Gasolina,272000.0,125.0,manual,6990,Urbanizacion Beltraneja,19192,Guadalajara,Urbanizacion Beltraneja
Audi,A3,Gasolina,272000.0,125.0,manual,6990,Urbanizacion Beltraneja,19192,Guadalajara,Urbanizacion Beltraneja
Audi,A3,Gasolina,272000.0,125.0,manual,6990,Urbanizacion Beltraneja,19192,Guadalajara,Urbanizacion Beltraneja
Audi,A3,Diésel,121478.0,110.0,manual,16490,Almería,4006,Almería,Almería
Audi,A3,Diésel,121478.0,110.0,manual,16490,Sevilla,41005,Sevilla,Sevilla
Audi,A3,Diésel,121478.0,110.0,manual,16490,Alicante,3010,Alicante,Alicante
Audi,A3,Diésel,121478.0,110.0,manual,16490,Alicante,3010,Murcia,Alicante
Audi,A3,Diésel,121478.0,110.0,manual,16490,Vigo,36211,Pontevedra,Vigo
Audi,A3,Diésel,121478.0,110.0,manual,16490,Granada,18005,Granada,Granada
Audi,A3,Diésel,121478.0,110.0,manual,16490,Málaga,29005,Málaga,Málaga
Audi,A3,Diésel,121478.0,110.0,manual,16490,Valencia,46001,Valencia,Valencia
Audi,A3,Diésel,121478.0,110.0,manual,16490,Bilbao,48004,Bizkaia,Bilbao
Audi,A3,Diésel,121478.0,110.0,manual,16490,Murcia,30005,Murcia,Murcia
Audi,A3,Diésel,121478.0,110.0,manual,16490,Palma de Mallorca,7003,Baleares,Palma de Mallorca
Audi,A6,Diésel,98239.0,180.0,manual,10800,Vigo,36214,Pontevedra,Vigo
Audi,A6,Diésel,98239.0,180.0,manual,10800,Saladar,3700,Alicante,Saladar
Audi,A6,Diésel,98239.0,180.0,manual,10800,Granollers,8403,Barcelona,Granollers
Audi,A6,Diésel,98239.0,180.0,manual,10800,Badajoz,6008,Badajoz,Badajoz
Audi,A6,Diésel,98239.0,180.0,manual,10800,Barcelona,8007,Barcelona,Barcelona
Audi,A6,Diésel,254000.0,225.0,automatic,5950,Collado Villalba,28400,Madrid,Collado Villalba
Audi,A6,Diésel,254000.0,225.0,automatic,5950,Collado Villalba,28400,Madrid,Collado Villalba
Audi,A1,Gasolina,101010.0,86.0,manual,13900,Málaga,29006,Málaga,Málaga
Audi,A4,Diésel,115675.0,150.0,automatic,23490,Madrid,28021,Madrid,Madrid
Audi,A4,Diésel,115675.0,150.0,automatic,22990,Madrid,28021,Madrid,Madrid
Audi,A4,Diésel,61001.0,150.0,automatic,23490,Almería,4006,Almería,Almería
Audi,A4,Diésel,61001.0,150.0,automatic,23490,Sevilla,41005,Sevilla,Sevilla
Audi,A4,Diésel,61001.0,150.0,automatic,23490,Alicante,3010,Alicante,Alicante
Audi,A4,Diésel,61001.0,150.0,automatic,23490,Alicante,3010,Murcia,Alicante
Audi,A4,Diésel,61001.0,150.0,automatic,23490,Vigo,36211,Pontevedra,Vigo
Audi,A4,Diésel,61001.0,150.0,automatic,23490,Granada,18005,Granada,Granada
Audi,A4,Diésel,61001.0,150.0,automatic,23490,Málaga,29005,Málaga,Málaga
Audi,A4,Diésel,61001.0,150.0,automatic,23490,Valencia,46001,Valencia,Valencia
Audi,A4,Diésel,61001.0,150.0,automatic,23490,Bilbao,48004,Bizkaia,Bilbao
Audi,A4,Diésel,61001.0,150.0,automatic,23490,Murcia,30005,Murcia,Murcia
Audi,A4,Diésel,61001.0,150.0,automatic,23490,Palma de Mallorca,7003,Baleares,Palma de Mallorca
Hyundai,i30,Gasolina,46458.0,120.0,manual,18455,Collado Villalba,28400,Madrid,Collado Villalba
Hyundai,i30,Gasolina,46458.0,120.0,manual,18455,Collado Villalba,28400,Madrid,Collado Villalba
Hyundai,i30,Gasolina,46458.0,120.0,manual,18455,Vigo,36214,Pontevedra,Vigo
Hyundai,i30,Gasolina,46458.0,120.0,manual,18455,Mercado Parque Corredor del Henares,28850,Madrid,Mercado Parque Corredor del Henares
Hyundai,i30,Gasolina,46458.0,120.0,manual,18455,Colonia Pablo Iglesias,28520,Madrid,Colonia Pablo Iglesias
Hyundai,i30,Gasolina,46458.0,120.0,manual,18455,Sant Vicenç de Montalt,8394,Barcelona,Sant Vicenç de Montalt
Hyundai,i30,Gasolina,46458.0,120.0,manual,18455,Estepona,29680,Málaga,Estepona
Hyundai,i30,Gasolina,46458.0,120.0,manual,18455,Murcia,30003,Murcia,Murcia
Hyundai,i30,Gasolina,46458.0,120.0,manual,18455,Saladar,3700,Alicante,Saladar
Hyundai,i30,Gasolina,46458.0,120.0,manual,18455,Granollers,8403,Barcelona,Granollers
Hyundai,i30,Gasolina,46458.0,120.0,manual,18455,Ciudad Real,13003,Ciudad Real,Ciudad Real
Hyundai,i30,Gasolina,46458.0,120.0,manual,18455,Valdepeñas,13300,Ciudad Real,Valdepeñas
Hyundai,i30,Gasolina,46458.0,120.0,manual,18455,Valdepeñas,13300,Ciudad Real,Valdepeñas
Hyundai,i30,Gasolina,46458.0,120.0,manual,18455,Badajoz,6008,Badajoz,Badajoz
Hyundai,i30,Gasolina,46458.0,120.0,manual,18455,Barcelona,8007,Barcelona,Barcelona
Hyundai,i30,Gasolina,46458.0,120.0,manual,18455,Olèrdola,8734,Barcelona,Olèrdola
Hyundai,i30,Gasolina,46458.0,120.0,manual,18455,Olèrdola,8734,Barcelona,Olèrdola
Hyundai,i30,Gasolina,46458.0,120.0,manual,18455,Santa Maria del Aguila,4710,Almería,Santa Maria del Aguila
Hyundai,i30,Gasolina,46458.0,120.0,manual,18455,Las Rozas de Madrid,28232,Madrid,Las Rozas de Madrid
Hyundai,i30,Gasolina,46458.0,120.0,manual,18455,Paterna,46980,Valencia,Paterna
Hyundai,i30,Gasolina,46458.0,120.0,manual,18455,Atarrabia,31610,Navarra,Atarrabia
Hyundai,i30,Gasolina,46458.0,120.0,manual,18455,Alcalá de Guadaíra,41500,Sevilla,Alcalá de Guadaíra
Hyundai,i30,Gasolina,46458.0,120.0,manual,18455,Mercabilbao,48970,Bizkaia,Mercabilbao
Hyundai,i30,Gasolina,46458.0,120.0,manual,18455,Santafe,18320,Granada,Santafe
Hyundai,i30,Gasolina,46458.0,120.0,manual,18455,Puerto de Sagunto,46520,Valencia,Puerto de Sagunto
Hyundai,i30,Gasolina,46458.0,120.0,manual,18455,Zaragoza,50013,Zaragoza,Zaragoza
Hyundai,i30,Gasolina,46458.0,120.0,manual,18455,Hidraulica Santillana,28770,Madrid,Hidraulica Santillana
Hyundai,i30,Gasolina,46458.0,120.0,manual,18455,Castello/Castellon de La Plana,12100,Castellón,Castello/Castellon de La Plana
Hyundai,i30,Gasolina,46458.0,120.0,manual,18455,Alzira,46600,Valencia,Alzira
Hyundai,i30,Gasolina,46458.0,120.0,manual,18455,Alzira,46600,Valencia,Alzira
Hyundai,i30,Gasolina,46458.0,120.0,manual,18455,Alcobendas,28100,Madrid,Alcobendas
Hyundai,i30,Gasolina,46458.0,120.0,manual,18455,Albacete,2001,Albacete,Albacete
Hyundai,i30,Gasolina,46458.0,120.0,manual,18455,Alicante,3007,Alicante,Alicante
Hyundai,i30,Gasolina,46458.0,120.0,manual,18455,Torremolinos,29620,Málaga,Torremolinos
Hyundai,i30,Gasolina,46458.0,120.0,manual,18455,Torremolinos,29620,Málaga,Torremolinos
Hyundai,i30,Gasolina,46458.0,120.0,manual,18455,Torremolinos,29620,Málaga,Torremolinos
Hyundai,i30,Gasolina,46458.0,120.0,manual,18455,Getafe,28906,Madrid,Getafe
Hyundai,i30,Gasolina,46458.0,120.0,manual,18455,Alameda del Obispo,14005,Córdoba,Alameda del Obispo
Hyundai,i30,Gasolina,46458.0,120.0,manual,18455,Santiago de Compostela,15703,A Coruña,Santiago de Compostela
Hyundai,i30,Diésel,48398.0,116.0,manual,18600,Murcia,30007,Murcia,Murcia
Hyundai,i30,Diésel,175000.0,90.0,manual,6990,Poligono Industrial Madanela,15800,A Coruña,Poligono Industrial Madanela
Hyundai,i20,Gasolina,13577.0,100.0,manual,15999,Santiago de Compostela,15890,A Coruña,Santiago de Compostela
Hyundai,i20,Gasolina,13577.0,100.0,manual,15999,Fortiñon,15168,A Coruña,Fortiñon
Hyundai,Tucson,Diésel,57000.0,115.0,manual,486,Madrid,28006,Madrid,Madrid
Hyundai,Tucson,Diésel,123397.0,115.0,manual,15990,Madrid,28021,Madrid,Madrid
Hyundai,Tucson,Diésel,123397.0,115.0,manual,14990,Madrid,28021,Madrid,Madrid
Hyundai,Tucson,Diésel,128098.0,136.0,manual,20490,Madrid,28021,Madrid,Madrid
Hyundai,Tucson,Diésel,128098.0,136.0,manual,19990,Madrid,28021,Madrid,Madrid
Hyundai,Tucson,Gasolina,97696.0,131.0,manual,16790,Madrid,28021,Madrid,Madrid
Hyundai,Tucson,Diésel,113254.0,115.0,manual,18950,Collado Villalba,28400,Madrid,Collado Villalba
Hyundai,Tucson,Diésel,113254.0,115.0,manual,18950,Collado Villalba,28400,Madrid,Collado Villalba
Hyundai,Tucson,Diésel,113254.0,115.0,manual,18950,Vigo,36214,Pontevedra,Vigo
Hyundai,Tucson,Diésel,113254.0,115.0,manual,18950,Mercado Parque Corredor del Henares,28850,Madrid,Mercado Parque Corredor del Henares
Hyundai,Tucson,Diésel,113254.0,115.0,manual,18950,Colonia Pablo Iglesias,28520,Madrid,Colonia Pablo Iglesias
Hyundai,Tucson,Diésel,113254.0,115.0,manual,18950,Sant Vicenç de Montalt,8394,Barcelona,Sant Vicenç de Montalt
Hyundai,Tucson,Diésel,113254.0,115.0,manual,18950,Estepona,29680,Málaga,Estepona
Hyundai,Tucson,Diésel,113254.0,115.0,manual,18950,Murcia,30003,Murcia,Murcia
Hyundai,Tucson,Diésel,113254.0,115.0,manual,18950,Saladar,3700,Alicante,Saladar
Hyundai,Tucson,Diésel,113254.0,115.0,manual,18950,Granollers,8403,Barcelona,Granollers
Hyundai,Tucson,Diésel,113254.0,115.0,manual,18950,Ciudad Real,13003,Ciudad Real,Ciudad Real
Hyundai,Tucson,Gasolina,48086.0,177.0,automatic,25990,Bilbao,48004,Bizkaia,Bilbao
Hyundai,Tucson,Diésel,103970.0,116.0,manual,14990,Bilbao,48004,Bizkaia,Bilbao
Hyundai,Tucson,Gasolina,48086.0,177.0,automatic,25990,Sevilla,41005,Sevilla,Sevilla
Hyundai,Tucson,Diésel,103970.0,116.0,manual,14990,Sevilla,41005,Sevilla,Sevilla
Hyundai,Tucson,Gasolina,48086.0,177.0,automatic,25990,Almería,4006,Almería,Almería
Hyundai,Tucson,Gasolina,48086.0,177.0,automatic,25990,Vigo,36211,Pontevedra,Vigo
Hyundai,Tucson,Gasolina,48086.0,177.0,automatic,25990,Alicante,3010,Alicante,Alicante
Hyundai,Tucson,Gasolina,48086.0,177.0,automatic,25990,Alicante,3010,Murcia,Alicante
Hyundai,Tucson,Diésel,113254.0,115.0,manual,18950,Badajoz,6008,Badajoz,Badajoz
Hyundai,Tucson,Diésel,103970.0,116.0,manual,14990,Almería,4006,Almería,Almería
Hyundai,Tucson,Diésel,103970.0,116.0,manual,14990,Vigo,36211,Pontevedra,Vigo
Hyundai,Tucson,Diésel,103970.0,116.0,manual,14990,Alicante,3010,Alicante,Alicante
Hyundai,Tucson,Diésel,103970.0,116.0,manual,14990,Alicante,3010,Murcia,Alicante
Hyundai,Tucson,Diésel,103970.0,116.0,manual,14990,Las Rozas de Madrid,28232,Madrid,Las Rozas de Madrid
Hyundai,Tucson,Diésel,103970.0,116.0,manual,14990,Urbanizacion La Granjilla,28700,Madrid,Urbanizacion La Granjilla
Hyundai,Tucson,Gasolina,48086.0,177.0,automatic,25990,Murcia,30005,Murcia,Murcia
Hyundai,Tucson,Diésel,103970.0,116.0,manual,14990,Murcia,30005,Murcia,Murcia
Hyundai,Tucson,Gasolina,48086.0,177.0,automatic,25990,Granada,18005,Granada,Granada
Hyundai,i40,Diésel,117981.0,141.0,manual,15900,Viladecans,8840,Barcelona,Viladecans
Hyundai,i40,Diésel,117981.0,141.0,manual,15900,Urbanitzacio El Medol,43150,Tarragona,Urbanitzacio El Medol
Hyundai,i40,Diésel,117981.0,141.0,manual,15900,Granada,18002,Granada,Granada
Hyundai,i40,Diésel,117981.0,141.0,manual,15900,A Coruña,15003,A Coruña,A Coruña
Hyundai,i40,Diésel,117981.0,141.0,manual,15900,Zaragoza,50003,Zaragoza,Zaragoza
Hyundai,i40,Diésel,117981.0,141.0,manual,15900,Santander,39002,Cantabria,Santander
Hyundai,i40,Diésel,117981.0,141.0,manual,15900,Donostia-San Sebastián,20005,Gipuzkoa,Donostia-San Sebastián
Hyundai,i40,Diésel,117981.0,141.0,manual,15900,Alcalá de Henares,28801,Madrid,Alcalá de Henares
Hyundai,i40,Diésel,117981.0,141.0,manual,15900,Madrid,28013,Madrid,Madrid
Hyundai,i40,Diésel,117981.0,141.0,manual,15900,San Sebastián de Los Reyes,28700,Madrid,San Sebastián de Los Reyes
Hyundai,i40,Diésel,117981.0,141.0,manual,15900,Alcobendas,28100,Madrid,Alcobendas
Hyundai,i40,Diésel,117981.0,141.0,manual,15900,Toledo,45002,Toledo,Toledo
Hyundai,i40,Diésel,117981.0,141.0,manual,15900,Murcia,30001,Murcia,Murcia
Hyundai,i40,Diésel,117981.0,141.0,manual,15900,Sabadell,8203,Barcelona,Sabadell
Hyundai,i40,Diésel,117981.0,141.0,manual,15900,Almería,4001,Almería,Almería
Hyundai,i40,Diésel,117981.0,141.0,manual,15900,Alicante,3001,Alicante,Alicante
Hyundai,i40,Diésel,117981.0,141.0,manual,15900,Málaga,29015,Málaga,Málaga
Hyundai,i40,Diésel,117981.0,141.0,manual,15900,Leganés,28914,Madrid,Leganés
Mercedes-Benz,Clase E,Diésel,228000.0,190.0,manual,6000,Almería,4007,Almería,Almería
Mercedes-Benz,Clase E,Diésel,328000.0,177.0,automatic,1800,Murcia,30001,Murcia,Murcia
Mercedes-Benz,Clase E,Gasolina,155090.0,306.0,automatic,14990,Madrid,28015,Madrid,Madrid
Mercedes-Benz,Clase E,Gasolina,155090.0,306.0,automatic,14990,Barcelona,8006,Barcelona,Barcelona
Mercedes-Benz,Clase A,Gasolina,61989.0,163.0,automatic,30450,Estepona,29680,Málaga,Estepona
Mercedes-Benz,Clase A,Eléctrico,30685.0,218.0,automatic,37835,Estepona,29680,Málaga,Estepona
Mercedes-Benz,Clase A,Gasolina,61989.0,163.0,automatic,30450,Murcia,30003,Murcia,Murcia
Mercedes-Benz,Clase A,Eléctrico,30685.0,218.0,automatic,37835,Murcia,30003,Murcia,Murcia
Mercedes-Benz,Clase A,Gasolina,61989.0,163.0,automatic,30450,Saladar,3700,Alicante,Saladar
Mercedes-Benz,Clase A,Gasolina,61989.0,163.0,automatic,30450,Granollers,8403,Barcelona,Granollers
Mercedes-Benz,Clase A,Eléctrico,30685.0,218.0,automatic,37835,Saladar,3700,Alicante,Saladar
Mercedes-Benz,Clase A,Eléctrico,30685.0,218.0,automatic,37835,Granollers,8403,Barcelona,Granollers
Mercedes-Benz,Clase A,Diésel,40070.0,116.0,automatic,27450,Sevilla,41007,Sevilla,Sevilla
Mercedes-Benz,Clase A,Gasolina,61989.0,163.0,automatic,30450,Ciudad Real,13003,Ciudad Real,Ciudad Real
Mercedes-Benz,Clase A,Eléctrico,30685.0,218.0,automatic,37835,Ciudad Real,13003,Ciudad Real,Ciudad Real
Mercedes-Benz,Clase A,Gasolina,61989.0,163.0,automatic,30450,Valdepeñas,13300,Ciudad Real,Valdepeñas
Mercedes-Benz,Clase A,Gasolina,61989.0,163.0,automatic,30450,Valdepeñas,13300,Ciudad Real,Valdepeñas
Mercedes-Benz,Clase A,Eléctrico,30685.0,218.0,automatic,37835,Valdepeñas,13300,Ciudad Real,Valdepeñas
Mercedes-Benz,Clase A,Eléctrico,30685.0,218.0,automatic,37835,Valdepeñas,13300,Ciudad Real,Valdepeñas
Mercedes-Benz,Clase A,Gasolina,61989.0,163.0,automatic,30450,Las Rozas de Madrid,28232,Madrid,Las Rozas de Madrid
Mercedes-Benz,Clase A,Eléctrico,30685.0,218.0,automatic,37835,Las Rozas de Madrid,28232,Madrid,Las Rozas de Madrid
Mercedes-Benz,Clase A,Gasolina,61989.0,163.0,automatic,30450,Hidraulica Santillana,28770,Madrid,Hidraulica Santillana
Mercedes-Benz,Clase A,Gasolina,61989.0,163.0,automatic,30450,Alcobendas,28100,Madrid,Alcobendas
Mercedes-Benz,Clase A,Gasolina,61989.0,163.0,automatic,30450,Castello/Castellon de La Plana,12100,Castellón,Castello/Castellon de La Plana
Mercedes-Benz,Clase A,Gasolina,61989.0,163.0,automatic,30450,Atarrabia,31610,Navarra,Atarrabia
Mercedes-Benz,Clase A,Gasolina,61989.0,163.0,automatic,30450,Santafe,18320,Granada,Santafe
Mercedes-Benz,Clase A,Gasolina,61989.0,163.0,automatic,30450,Alcalá de Guadaíra,41500,Sevilla,Alcalá de Guadaíra
Citroen,Jumpy,Diésel,69980.0,102.0,manual,21490,Madrid,28860,Madrid,Madrid
Citroen,Jumpy,Diésel,69980.0,102.0,manual,20790,Madrid,28860,Madrid,Madrid
Citroen,Grand C4 Picasso,Diésel,176906.0,115.0,manual,12300,Vigo,36214,Pontevedra,Vigo
Citroen,Grand C4 Picasso,Diésel,176906.0,115.0,manual,12300,Saladar,3700,Alicante,Saladar
Citroen,Grand C4 Picasso,Diésel,176906.0,115.0,manual,12300,Granollers,8403,Barcelona,Granollers
Citroen,Grand C4 Picasso,Diésel,176906.0,115.0,manual,12300,Badajoz,6008,Badajoz,Badajoz
Citroen,Grand C4 Picasso,Diésel,176906.0,115.0,manual,12300,Barcelona,8007,Barcelona,Barcelona
Mercedes-Benz,Clase B,Diésel,59480.0,136.0,automatic,23800,Barcelona,8007,Barcelona,Barcelona
Mercedes-Benz,Clase B,Diésel,45061.0,150.0,automatic,29555,Barcelona,8007,Barcelona,Barcelona
Mercedes-Benz,Clase B,Diésel,81003.0,150.0,automatic,29555,Barcelona,8007,Barcelona,Barcelona
MINI,Paceman,Diésel,152000.0,112.0,manual,12490,Alicante,3010,Alicante,Alicante
MINI,Paceman,Diésel,152000.0,112.0,manual,12490,Alicante,3010,Murcia,Alicante
MINI,Paceman,Diésel,152000.0,112.0,manual,12490,Sevilla,41005,Sevilla,Sevilla
MINI,Paceman,Diésel,152000.0,112.0,manual,12490,Murcia,30005,Murcia,Murcia
Citroen,C4,Diésel,150000.0,110.0,automatic,6000,Huesca,8007,Barcelona,Huesca
Citroen,C4,Gasolina,189000.0,90.0,manual,2500,Urduliz,48610,Bizkaia,Urduliz
Citroen,C4,Diésel,142000.0,120.0,manual,9490,Argamasilla de Calatrava,13440,Ciudad Real,Argamasilla de Calatrava
Citroen,C-Élysée,Diésel,55080.0,102.0,manual,13800,Vigo,36214,Pontevedra,Vigo
Citroen,C-Élysée,Diésel,55080.0,102.0,manual,13800,Saladar,3700,Alicante,Saladar
Citroen,C-Élysée,Diésel,55080.0,102.0,manual,13800,Granollers,8403,Barcelona,Granollers
Citroen,C-Élysée,Diésel,55080.0,102.0,manual,13800,Badajoz,6008,Badajoz,Badajoz
Citroen,C-Élysée,Diésel,55080.0,102.0,manual,13800,Barcelona,8007,Barcelona,Barcelona
Mercedes-Benz,Clase C,Diésel,85829.0,170.0,automatic,35995,Collado Villalba,28400,Madrid,Collado Villalba
Mercedes-Benz,Clase C,Diésel,85829.0,170.0,automatic,35995,Collado Villalba,28400,Madrid,Collado Villalba
Mercedes-Benz,Clase C,Diésel,85829.0,170.0,automatic,35995,Vigo,36214,Pontevedra,Vigo
Mercedes-Benz,Clase C,Diésel,85829.0,170.0,automatic,35995,Mercado Parque Corredor del Henares,28850,Madrid,Mercado Parque Corredor del Henares
Mercedes-Benz,Clase C,Diésel,85829.0,170.0,automatic,35995,Colonia Pablo Iglesias,28520,Madrid,Colonia Pablo Iglesias
Mercedes-Benz,Clase C,Diésel,85829.0,170.0,automatic,35995,Sant Vicenç de Montalt,8394,Barcelona,Sant Vicenç de Montalt
Mercedes-Benz,Clase C,Diésel,85829.0,170.0,automatic,35995,Estepona,29680,Málaga,Estepona
Mercedes-Benz,Clase C,Diésel,85829.0,170.0,automatic,35995,Murcia,30003,Murcia,Murcia
Mercedes-Benz,Clase C,Diésel,85829.0,170.0,automatic,35995,Saladar,3700,Alicante,Saladar
Mercedes-Benz,Clase C,Diésel,85829.0,170.0,automatic,35995,Granollers,8403,Barcelona,Granollers
Mercedes-Benz,Clase C,Diésel,85829.0,170.0,automatic,35995,Ciudad Real,13003,Ciudad Real,Ciudad Real
Mercedes-Benz,Clase C,Diésel,85829.0,170.0,automatic,35995,Valdepeñas,13300,Ciudad Real,Valdepeñas
Mercedes-Benz,Clase C,Diésel,85829.0,170.0,automatic,35995,Valdepeñas,13300,Ciudad Real,Valdepeñas
Mercedes-Benz,Clase C,Diésel,85829.0,170.0,automatic,35995,Badajoz,6008,Badajoz,Badajoz
Mercedes-Benz,Clase C,Diésel,85829.0,170.0,automatic,35995,Barcelona,8007,Barcelona,Barcelona
Mercedes-Benz,Clase C,Diésel,85829.0,170.0,automatic,35995,Olèrdola,8734,Barcelona,Olèrdola
Mercedes-Benz,Clase C,Diésel,85829.0,170.0,automatic,35995,Olèrdola,8734,Barcelona,Olèrdola
Mercedes-Benz,Clase C,Diésel,85829.0,170.0,automatic,35995,Santa Maria del Aguila,4710,Almería,Santa Maria del Aguila
Mercedes-Benz,Clase C,Diésel,85829.0,170.0,automatic,35995,Las Rozas de Madrid,28232,Madrid,Las Rozas de Madrid
Mercedes-Benz,Clase C,Diésel,85829.0,170.0,automatic,35995,Hidraulica Santillana,28770,Madrid,Hidraulica Santillana
Mercedes-Benz,Clase C,Diésel,85829.0,170.0,automatic,35995,Zaragoza,50013,Zaragoza,Zaragoza
Mercedes-Benz,Clase C,Diésel,85829.0,170.0,automatic,35995,Paterna,46980,Valencia,Paterna
Mercedes-Benz,Clase C,Diésel,85829.0,170.0,automatic,35995,Albacete,2001,Albacete,Albacete
Mercedes-Benz,Clase C,Diésel,85829.0,170.0,automatic,35995,Alzira,46600,Valencia,Alzira
Mercedes-Benz,Clase C,Diésel,85829.0,170.0,automatic,35995,Alzira,46600,Valencia,Alzira
Mercedes-Benz,Clase C,Diésel,85829.0,170.0,automatic,35995,Alicante,3007,Alicante,Alicante
Mercedes-Benz,Clase C,Diésel,85829.0,170.0,automatic,35995,Getafe,28906,Madrid,Getafe
Mercedes-Benz,Clase C,Diésel,85829.0,170.0,automatic,35995,Alameda del Obispo,14005,Córdoba,Alameda del Obispo
Mercedes-Benz,Clase C,Diésel,85829.0,170.0,automatic,35995,Torremolinos,29620,Málaga,Torremolinos
Mercedes-Benz,Clase C,Diésel,85829.0,170.0,automatic,35995,Torremolinos,29620,Málaga,Torremolinos
Mercedes-Benz,Clase C,Diésel,85829.0,170.0,automatic,35995,Torremolinos,29620,Málaga,Torremolinos
Mercedes-Benz,Clase C,Diésel,85829.0,170.0,automatic,35995,Santiago de Compostela,15703,A Coruña,Santiago de Compostela
Citroen,C4 Picasso,Diésel,78795.0,120.0,automatic,15690,Madrid,28021,Madrid,Madrid
Citroen,C4 Picasso,Diésel,125267.0,115.0,manual,11950,Vigo,36214,Pontevedra,Vigo
Citroen,C4 Picasso,Diésel,90852.0,115.0,manual,12089,Saladar,3700,Alicante,Saladar
Citroen,C4 Picasso,Diésel,125267.0,115.0,manual,11950,Saladar,3700,Alicante,Saladar
Citroen,C4 Picasso,Diésel,125267.0,115.0,manual,11950,Granollers,8403,Barcelona,Granollers
Citroen,C4 Picasso,Diésel,90852.0,115.0,manual,12089,Badajoz,6008,Badajoz,Badajoz
Citroen,C4 Picasso,Diésel,125267.0,115.0,manual,11950,Badajoz,6008,Badajoz,Badajoz
Citroen,C4 Picasso,Diésel,90852.0,115.0,manual,12089,Barcelona,8007,Barcelona,Barcelona
Citroen,C4 Picasso,Diésel,125267.0,115.0,manual,11950,Barcelona,8007,Barcelona,Barcelona
KIA,Carens,Gasolina,82008.0,135.0,manual,14145,Alameda del Obispo,14005,Córdoba,Alameda del Obispo
Mercedes-Benz,Clase CLA,Gasolina,55428.0,122.0,automatic,29785,Mercado Parque Corredor del Henares,28850,Madrid,Mercado Parque Corredor del Henares
Mercedes-Benz,Clase CLA,Gasolina,55428.0,122.0,automatic,29785,Colonia Pablo Iglesias,28520,Madrid,Colonia Pablo Iglesias
Mercedes-Benz,Clase CLA,Gasolina,55428.0,122.0,automatic,29785,Sant Vicenç de Montalt,8394,Barcelona,Sant Vicenç de Montalt
Mercedes-Benz,Clase CLA,Gasolina,55428.0,122.0,automatic,29785,Estepona,29680,Málaga,Estepona
Mercedes-Benz,Clase CLA,Gasolina,55428.0,122.0,automatic,29785,Murcia,30003,Murcia,Murcia
Mercedes-Benz,Clase CLA,Gasolina,55428.0,122.0,automatic,29785,Saladar,3700,Alicante,Saladar
Mercedes-Benz,Clase CLA,Gasolina,55428.0,122.0,automatic,29785,Granollers,8403,Barcelona,Granollers
Mercedes-Benz,Clase CLA,Gasolina,55428.0,122.0,automatic,29785,Ciudad Real,13003,Ciudad Real,Ciudad Real
Mercedes-Benz,Clase CLA,Gasolina,55428.0,122.0,automatic,29785,Valdepeñas,13300,Ciudad Real,Valdepeñas
Mercedes-Benz,Clase CLA,Gasolina,55428.0,122.0,automatic,29785,Valdepeñas,13300,Ciudad Real,Valdepeñas
Mercedes-Benz,Clase CLA,Gasolina,55428.0,122.0,automatic,29785,Badajoz,6008,Badajoz,Badajoz
Mercedes-Benz,Clase CLA,Gasolina,55428.0,122.0,automatic,29785,Barcelona,8007,Barcelona,Barcelona
Mercedes-Benz,Clase CLA,Gasolina,55428.0,122.0,automatic,29785,Olèrdola,8734,Barcelona,Olèrdola
Mercedes-Benz,Clase CLA,Gasolina,55428.0,122.0,automatic,29785,Olèrdola,8734,Barcelona,Olèrdola
Mercedes-Benz,Clase CLA,Gasolina,55428.0,122.0,automatic,29785,Santa Maria del Aguila,4710,Almería,Santa Maria del Aguila
Mercedes-Benz,Clase CLA,Gasolina,55428.0,122.0,automatic,29785,Las Rozas de Madrid,28232,Madrid,Las Rozas de Madrid
Mercedes-Benz,Clase CLA,Gasolina,55428.0,122.0,automatic,29785,Zaragoza,50013,Zaragoza,Zaragoza
Mercedes-Benz,Clase CLA,Gasolina,55428.0,122.0,automatic,29785,Puerto de Sagunto,46520,Valencia,Puerto de Sagunto
Mercedes-Benz,Clase CLA,Gasolina,55428.0,122.0,automatic,29785,Mercabilbao,48970,Bizkaia,Mercabilbao
Mercedes-Benz,Clase CLA,Gasolina,55428.0,122.0,automatic,29785,Santafe,18320,Granada,Santafe
Mercedes-Benz,Clase CLA,Gasolina,55428.0,122.0,automatic,29785,Paterna,46980,Valencia,Paterna
Mercedes-Benz,Clase CLA,Gasolina,55428.0,122.0,automatic,29785,Atarrabia,31610,Navarra,Atarrabia
BMW,X3,Diésel,218000.0,143.0,manual,14990,Bilbao,48001,Bizkaia,Bilbao
BMW,X3,Diésel,90000.0,143.0,manual,12500,Fuenlabrada,28944,Madrid,Fuenlabrada
Honda,Civic,Diésel,117618.0,120.0,manual,12650,Vigo,36214,Pontevedra,Vigo
Honda,Civic,Diésel,117618.0,120.0,manual,12650,Granollers,8403,Barcelona,Granollers
Honda,Civic,Diésel,119873.0,120.0,manual,14990,Almería,4006,Almería,Almería
Honda,Civic,Diésel,117618.0,120.0,manual,12650,Badajoz,6008,Badajoz,Badajoz
Honda,Civic,Diésel,119873.0,120.0,manual,14990,Sevilla,41005,Sevilla,Sevilla
Honda,Civic,Diésel,119873.0,120.0,manual,14990,Alicante,3010,Alicante,Alicante
Honda,Civic,Diésel,119873.0,120.0,manual,14990,Alicante,3010,Murcia,Alicante
Honda,Civic,Diésel,119873.0,120.0,manual,14990,Vigo,36211,Pontevedra,Vigo
Honda,Civic,Diésel,117618.0,120.0,manual,12650,Barcelona,8007,Barcelona,Barcelona
Honda,Civic,Diésel,119873.0,120.0,manual,14990,Granada,18005,Granada,Granada
Honda,Civic,Diésel,119873.0,120.0,manual,14990,Málaga,29005,Málaga,Málaga
Honda,Civic,Diésel,119873.0,120.0,manual,14990,Valencia,46001,Valencia,Valencia
Honda,Civic,Diésel,119873.0,120.0,manual,14990,Bilbao,48004,Bizkaia,Bilbao
Honda,Civic,Diésel,119873.0,120.0,manual,14990,Murcia,30005,Murcia,Murcia
Honda,Civic,Diésel,119873.0,120.0,manual,14990,Palma de Mallorca,7003,Baleares,Palma de Mallorca
BMW,X1,Diésel,109735.0,150.0,manual,19290,Madrid,28021,Madrid,Madrid
BMW,X1,Diésel,109735.0,150.0,manual,19590,Madrid,28021,Madrid,Madrid
BMW,X1,Gasolina,110000.0,140.0,automatic,27990,Ciudad Real,13001,Ciudad Real,Ciudad Real
BMW,X1,Diésel,105500.0,150.0,automatic,21990,L'Hospitalet de Llobregat,8901,Barcelona,L'Hospitalet de Llobregat
BMW,X1,Diésel,60000.0,150.0,manual,25800,Valencia,46002,Valencia,Valencia
BMW,X1,Diésel,60000.0,150.0,manual,25800,Bormujos,41930,Sevilla,Bormujos
BMW,X1,Diésel,89000.0,190.0,automatic,27490,Bilbao,48001,Bizkaia,Bilbao
BMW,Serie 5,Diésel,107000.0,190.0,manual,683,Madrid,28006,Madrid,Madrid
BMW,Serie 5,Diésel,110000.0,136.0,manual,537,Madrid,28006,Madrid,Madrid
BMW,Serie 5,Diésel,141484.0,265.0,automatic,31990,Madrid,28021,Madrid,Madrid
BMW,Serie 5,Gasolina,217000.0,306.0,automatic,16990,Vilches,23220,Jaén,Vilches
BMW,Serie 5,Gasolina,217000.0,306.0,automatic,18990,Vilches,23220,Jaén,Vilches
BMW,X5,Diésel,158913.0,258.0,automatic,29800,Collado Villalba,28400,Madrid,Collado Villalba
BMW,X5,Diésel,158913.0,258.0,automatic,29800,Collado Villalba,28400,Madrid,Collado Villalba
BMW,X5,Diésel,158913.0,258.0,automatic,29800,Vigo,36214,Pontevedra,Vigo
BMW,X5,Diésel,158913.0,258.0,automatic,29800,Mercado Parque Corredor del Henares,28850,Madrid,Mercado Parque Corredor del Henares
BMW,X5,Diésel,158913.0,258.0,automatic,29800,Colonia Pablo Iglesias,28520,Madrid,Colonia Pablo Iglesias
BMW,X5,Diésel,158913.0,258.0,automatic,29800,Sant Vicenç de Montalt,8394,Barcelona,Sant Vicenç de Montalt
BMW,X5,Diésel,158913.0,258.0,automatic,29800,Estepona,29680,Málaga,Estepona
BMW,X5,Diésel,158913.0,258.0,automatic,29800,Murcia,30003,Murcia,Murcia
BMW,X5,Diésel,158913.0,258.0,automatic,29800,Saladar,3700,Alicante,Saladar
BMW,X5,Diésel,158913.0,258.0,automatic,29800,Granollers,8403,Barcelona,Granollers
BMW,X5,Diésel,158913.0,258.0,automatic,29800,Ciudad Real,13003,Ciudad Real,Ciudad Real
BMW,X5,Diésel,158913.0,258.0,automatic,29800,Valdepeñas,13300,Ciudad Real,Valdepeñas
BMW,X5,Diésel,158913.0,258.0,automatic,29800,Valdepeñas,13300,Ciudad Real,Valdepeñas
BMW,X5,Diésel,162292.0,218.0,automatic,21990,Bilbao,48004,Bizkaia,Bilbao
BMW,X5,Diésel,162292.0,218.0,automatic,21990,Sevilla,41005,Sevilla,Sevilla
BMW,X5,Diésel,162292.0,218.0,automatic,21990,Vigo,36211,Pontevedra,Vigo
BMW,X5,Diésel,122154.0,231.0,automatic,29990,Bilbao,48004,Bizkaia,Bilbao
BMW,X5,Diésel,162292.0,218.0,automatic,21990,Almería,4006,Almería,Almería
BMW,X5,Diésel,162292.0,218.0,automatic,21990,Alicante,3010,Alicante,Alicante
BMW,X5,Diésel,162292.0,218.0,automatic,21990,Alicante,3010,Murcia,Alicante
BMW,X5,Diésel,122154.0,231.0,automatic,29990,Sevilla,41005,Sevilla,Sevilla
BMW,X5,Diésel,122154.0,231.0,automatic,29990,Almería,4006,Almería,Almería
BMW,X5,Diésel,122154.0,231.0,automatic,29990,Vigo,36211,Pontevedra,Vigo
BMW,X5,Diésel,122154.0,231.0,automatic,29990,Alicante,3010,Alicante,Alicante
BMW,X5,Diésel,122154.0,231.0,automatic,29990,Alicante,3010,Murcia,Alicante
BMW,X5,Diésel,162292.0,218.0,automatic,21990,Granada,18005,Granada,Granada
BMW,X5,Diésel,158913.0,258.0,automatic,29800,Badajoz,6008,Badajoz,Badajoz
BMW,X5,Diésel,162292.0,218.0,automatic,21990,Marbella,29601,Málaga,Marbella
BMW,X5,Diésel,162292.0,218.0,automatic,21990,Murcia,30005,Murcia,Murcia
BMW,X5,Diésel,122154.0,231.0,automatic,29990,Murcia,30005,Murcia,Murcia
BMW,X5,Diésel,122154.0,231.0,automatic,29990,Granada,18005,Granada,Granada
BMW,X5,Diésel,162292.0,218.0,automatic,21990,Valencia,46001,Valencia,Valencia
BMW,X5,Diésel,162292.0,218.0,automatic,21990,Málaga,29005,Málaga,Málaga
BMW,X5,Diésel,122154.0,231.0,automatic,29990,Málaga,29005,Málaga,Málaga
BMW,X5,Diésel,122154.0,231.0,automatic,29990,Valencia,46001,Valencia,Valencia
BMW,X5,Diésel,158913.0,258.0,automatic,29800,Barcelona,8007,Barcelona,Barcelona
BMW,X5,Diésel,162292.0,218.0,automatic,21990,Algeciras,11202,Cádiz,Algeciras
BMW,Serie 4,Diésel,155000.0,184.0,automatic,20800,Martos,23600,Jaén,Martos
BMW,Serie 4,Diésel,180000.0,184.0,automatic,22500,El Esparragal,30163,Murcia,El Esparragal
Hyundai,ix35,Diésel,169013.0,115.0,manual,11990,Vigo,36214,Pontevedra,Vigo
Hyundai,ix35,Diésel,169013.0,115.0,manual,11990,Saladar,3700,Alicante,Saladar
Hyundai,ix35,Diésel,169013.0,115.0,manual,11990,Granollers,8403,Barcelona,Granollers
Hyundai,ix35,Gasolina,79215.0,135.0,manual,10490,Almería,4006,Almería,Almería
Hyundai,ix35,Diésel,169013.0,115.0,manual,11990,Badajoz,6008,Badajoz,Badajoz
Hyundai,ix35,Gasolina,79215.0,135.0,manual,10490,Ullastrell,8231,Barcelona,Ullastrell
Hyundai,ix35,Gasolina,79215.0,135.0,manual,10490,Òrrius,8317,Barcelona,Òrrius
Hyundai,ix35,Gasolina,79215.0,135.0,manual,10490,Sevilla,41005,Sevilla,Sevilla
Hyundai,ix35,Gasolina,79215.0,135.0,manual,10490,Alicante,3010,Alicante,Alicante
Hyundai,ix35,Gasolina,79215.0,135.0,manual,10490,Alicante,3010,Murcia,Alicante
Hyundai,ix35,Gasolina,79215.0,135.0,manual,10490,Vigo,36211,Pontevedra,Vigo
Hyundai,ix35,Diésel,169013.0,115.0,manual,11990,Barcelona,8007,Barcelona,Barcelona
Hyundai,ix35,Gasolina,79215.0,135.0,manual,10490,Granada,18005,Granada,Granada
Hyundai,ix35,Gasolina,79215.0,135.0,manual,10490,Málaga,29005,Málaga,Málaga
Hyundai,ix35,Gasolina,79215.0,135.0,manual,10490,Valencia,46001,Valencia,Valencia
Hyundai,ix35,Gasolina,79215.0,135.0,manual,10490,Bilbao,48004,Bizkaia,Bilbao
Hyundai,ix35,Gasolina,79215.0,135.0,manual,10490,Murcia,30005,Murcia,Murcia
Hyundai,ix35,Gasolina,79215.0,135.0,manual,10490,Palma de Mallorca,7003,Baleares,Palma de Mallorca
Hyundai,ix35,Gasolina,79215.0,135.0,manual,10490,Tarragona,43006,Tarragona,Tarragona
Hyundai,ix35,Gasolina,79215.0,135.0,manual,10490,Girona,17007,Girona,Girona
Hyundai,ix35,Gasolina,79215.0,135.0,manual,10490,Palau-Solita I Plegamans,8184,Barcelona,Palau-Solita I Plegamans
Hyundai,ix35,Gasolina,79215.0,135.0,manual,10490,Palau-Solita I Plegamans,8184,Barcelona,Palau-Solita I Plegamans
Hyundai,i30,Gasolina,181963.0,135.0,manual,8800,La Poveda,28500,Madrid,La Poveda
Hyundai,i30,Diésel,79257.0,90.0,manual,12420,Vigo,36214,Pontevedra,Vigo
Hyundai,i30,Diésel,53170.0,90.0,manual,12935,Vigo,36214,Pontevedra,Vigo
Hyundai,i30,Diésel,79257.0,90.0,manual,12420,Saladar,3700,Alicante,Saladar
Hyundai,i30,Diésel,53170.0,90.0,manual,12935,Saladar,3700,Alicante,Saladar
Hyundai,i30,Diésel,79257.0,90.0,manual,12420,Granollers,8403,Barcelona,Granollers
Hyundai,i30,Diésel,53170.0,90.0,manual,12935,Granollers,8403,Barcelona,Granollers
Hyundai,i30,Diésel,79257.0,90.0,manual,12420,Badajoz,6008,Badajoz,Badajoz
Hyundai,i30,Diésel,53170.0,90.0,manual,12935,Badajoz,6008,Badajoz,Badajoz
Hyundai,i30,Diésel,79257.0,90.0,manual,12420,Barcelona,8007,Barcelona,Barcelona
Hyundai,i30,Diésel,53170.0,90.0,manual,12935,Barcelona,8007,Barcelona,Barcelona
Hyundai,i30,Gasolina,25735.0,250.0,manual,22490,Granada,18005,Granada,Granada
Hyundai,i30,Gasolina,25735.0,250.0,manual,22490,Málaga,29005,Málaga,Málaga
Hyundai,i30,Gasolina,25735.0,250.0,manual,22490,Valencia,46001,Valencia,Valencia
Hyundai,i30,Gasolina,25735.0,250.0,manual,22490,Murcia,30005,Murcia,Murcia
Hyundai,i30,Gasolina,25735.0,250.0,manual,22490,Girona,17007,Girona,Girona
Hyundai,i30,Gasolina,25735.0,250.0,manual,22490,Palau-Solita I Plegamans,8184,Barcelona,Palau-Solita I Plegamans
Hyundai,i30,Gasolina,25735.0,250.0,manual,22490,Palau-Solita I Plegamans,8184,Barcelona,Palau-Solita I Plegamans
BMW,Serie 2,Diésel,99950.0,149.0,manual,560,Madrid,28006,Madrid,Madrid
BMW,Serie 2,Diésel,113657.0,150.0,manual,23690,Collado Villalba,28400,Madrid,Collado Villalba
BMW,Serie 2,Diésel,113657.0,150.0,manual,23690,Collado Villalba,28400,Madrid,Collado Villalba
BMW,Serie 2,Diésel,45729.0,150.0,manual,25300,Collado Villalba,28400,Madrid,Collado Villalba
BMW,Serie 2,Diésel,45729.0,150.0,manual,25300,Collado Villalba,28400,Madrid,Collado Villalba
BMW,Serie 2,Diésel,113657.0,150.0,manual,23690,Vigo,36214,Pontevedra,Vigo
BMW,Serie 2,Diésel,45729.0,150.0,manual,25300,Vigo,36214,Pontevedra,Vigo
BMW,Serie 2,Diésel,113657.0,150.0,manual,23690,Mercado Parque Corredor del Henares,28850,Madrid,Mercado Parque Corredor del Henares
BMW,Serie 2,Diésel,45729.0,150.0,manual,25300,Mercado Parque Corredor del Henares,28850,Madrid,Mercado Parque Corredor del Henares
BMW,Serie 2,Diésel,113657.0,150.0,manual,23690,Colonia Pablo Iglesias,28520,Madrid,Colonia Pablo Iglesias
BMW,Serie 2,Diésel,45729.0,150.0,manual,25300,Colonia Pablo Iglesias,28520,Madrid,Colonia Pablo Iglesias
BMW,Serie 2,Diésel,113657.0,150.0,manual,23690,Sant Vicenç de Montalt,8394,Barcelona,Sant Vicenç de Montalt
BMW,Serie 2,Diésel,45729.0,150.0,manual,25300,Sant Vicenç de Montalt,8394,Barcelona,Sant Vicenç de Montalt
BMW,Serie 2,Diésel,113657.0,150.0,manual,23690,Estepona,29680,Málaga,Estepona
BMW,Serie 2,Diésel,45729.0,150.0,manual,25300,Estepona,29680,Málaga,Estepona
BMW,Serie 2,Diésel,113657.0,150.0,manual,23690,Murcia,30003,Murcia,Murcia
BMW,Serie 2,Diésel,45729.0,150.0,manual,25300,Murcia,30003,Murcia,Murcia
BMW,Serie 2,Diésel,113657.0,150.0,manual,23690,Saladar,3700,Alicante,Saladar
BMW,Serie 2,Diésel,113657.0,150.0,manual,23690,Granollers,8403,Barcelona,Granollers
BMW,Serie 2,Diésel,45729.0,150.0,manual,25300,Saladar,3700,Alicante,Saladar
BMW,Serie 2,Diésel,45729.0,150.0,manual,25300,Granollers,8403,Barcelona,Granollers
BMW,Serie 2,Diésel,113657.0,150.0,manual,23690,Ciudad Real,13003,Ciudad Real,Ciudad Real
BMW,Serie 2,Diésel,45729.0,150.0,manual,25300,Ciudad Real,13003,Ciudad Real,Ciudad Real
BMW,Serie 2,Diésel,113657.0,150.0,manual,23690,Valdepeñas,13300,Ciudad Real,Valdepeñas
BMW,Serie 2,Diésel,113657.0,150.0,manual,23690,Valdepeñas,13300,Ciudad Real,Valdepeñas
BMW,Serie 2,Diésel,45729.0,150.0,manual,25300,Valdepeñas,13300,Ciudad Real,Valdepeñas
BMW,Serie 2,Diésel,45729.0,150.0,manual,25300,Valdepeñas,13300,Ciudad Real,Valdepeñas
BMW,Serie 2,Diésel,113657.0,150.0,manual,23690,Badajoz,6008,Badajoz,Badajoz
BMW,Serie 2,Diésel,45729.0,150.0,manual,25300,Badajoz,6008,Badajoz,Badajoz
BMW,Serie 2,Diésel,113657.0,150.0,manual,23690,Barcelona,8007,Barcelona,Barcelona
BMW,Serie 2,Diésel,45729.0,150.0,manual,25300,Barcelona,8007,Barcelona,Barcelona
BMW,Serie 2,Diésel,113657.0,150.0,manual,23690,Olèrdola,8734,Barcelona,Olèrdola
BMW,Serie 2,Diésel,113657.0,150.0,manual,23690,Olèrdola,8734,Barcelona,Olèrdola
BMW,Serie 2,Diésel,45729.0,150.0,manual,25300,Olèrdola,8734,Barcelona,Olèrdola
BMW,Serie 2,Diésel,45729.0,150.0,manual,25300,Olèrdola,8734,Barcelona,Olèrdola
BMW,Serie 2,Diésel,113657.0,150.0,manual,23690,Santa Maria del Aguila,4710,Almería,Santa Maria del Aguila
BMW,Serie 2,Diésel,45729.0,150.0,manual,25300,Santa Maria del Aguila,4710,Almería,Santa Maria del Aguila
BMW,Serie 2,Diésel,113657.0,150.0,manual,23690,Las Rozas de Madrid,28232,Madrid,Las Rozas de Madrid
BMW,Serie 2,Diésel,45729.0,150.0,manual,25300,Las Rozas de Madrid,28232,Madrid,Las Rozas de Madrid
BMW,Serie 2,Diésel,113657.0,150.0,manual,23690,Paterna,46980,Valencia,Paterna
BMW,Serie 2,Diésel,113657.0,150.0,manual,23690,Puerto de Sagunto,46520,Valencia,Puerto de Sagunto
BMW,Serie 2,Diésel,113657.0,150.0,manual,23690,Atarrabia,31610,Navarra,Atarrabia
BMW,Serie 2,Diésel,113657.0,150.0,manual,23690,Mercabilbao,48970,Bizkaia,Mercabilbao
BMW,Serie 2,Diésel,113657.0,150.0,manual,23690,Santafe,18320,Granada,Santafe
BMW,Serie 2,Diésel,113657.0,150.0,manual,23690,Alcalá de Guadaíra,41500,Sevilla,Alcalá de Guadaíra
BMW,Serie 2,Diésel,113657.0,150.0,manual,23690,Zaragoza,50013,Zaragoza,Zaragoza
Hyundai,i20,Diésel,78578.0,90.0,manual,12950,Granollers,8403,Barcelona,Granollers
Hyundai,i20,Gasolina,73982.0,85.0,manual,6990,Almería,4006,Almería,Almería
Hyundai,i20,Diésel,78578.0,90.0,manual,12950,Badajoz,6008,Badajoz,Badajoz
Hyundai,i20,Gasolina,73982.0,85.0,manual,6990,Sevilla,41005,Sevilla,Sevilla
Hyundai,i20,Gasolina,73982.0,85.0,manual,6990,Alicante,3010,Alicante,Alicante
Hyundai,i20,Gasolina,73982.0,85.0,manual,6990,Alicante,3010,Murcia,Alicante
Hyundai,i20,Gasolina,73982.0,85.0,manual,6990,Vigo,36211,Pontevedra,Vigo
Hyundai,i20,Gasolina,73982.0,85.0,manual,6990,Urbanizacion La Granjilla,28700,Madrid,Urbanizacion La Granjilla
Hyundai,i20,Gasolina,73982.0,85.0,manual,6990,Granada,18005,Granada,Granada
Hyundai,i20,Diésel,78578.0,90.0,manual,12950,Barcelona,8007,Barcelona,Barcelona
Hyundai,i20,Gasolina,73982.0,85.0,manual,6990,Málaga,29005,Málaga,Málaga
Hyundai,i20,Gasolina,73982.0,85.0,manual,6990,Murcia,30005,Murcia,Murcia
Hyundai,i20,Gasolina,73982.0,85.0,manual,6990,Valencia,46001,Valencia,Valencia
Hyundai,i20,Gasolina,73982.0,85.0,manual,6990,Bilbao,48004,Bizkaia,Bilbao
Hyundai,i20,Gasolina,73982.0,85.0,manual,6990,Collado Villalba,28400,Madrid,Collado Villalba
Hyundai,i20,Gasolina,73982.0,85.0,manual,6990,Collado Villalba,28400,Madrid,Collado Villalba
Hyundai,i20,Gasolina,73982.0,85.0,manual,6990,Toledo,45002,Toledo,Toledo
Hyundai,i20,Gasolina,73982.0,85.0,manual,6990,Colonia Pablo Iglesias,28520,Madrid,Colonia Pablo Iglesias
Hyundai,i20,Gasolina,73982.0,85.0,manual,6990,Villaviciosa de Odón,28670,Madrid,Villaviciosa de Odón
Hyundai,i20,Gasolina,73982.0,85.0,manual,6990,Las Rozas de Madrid,28232,Madrid,Las Rozas de Madrid
Hyundai,i20,Gasolina,73982.0,85.0,manual,6990,Fuenlabrada,28947,Madrid,Fuenlabrada
Hyundai,i20,Gasolina,73982.0,85.0,manual,6990,Camarma de Esteruelas,28816,Madrid,Camarma de Esteruelas
Hyundai,i20,Gasolina,73982.0,85.0,manual,6990,Camarma de Esteruelas,28816,Madrid,Camarma de Esteruelas
BMW,Serie 3,Diésel,261000.0,190.0,automatic,16690,Barcelona,8007,Barcelona,Barcelona
BMW,Serie 3,Diésel,167000.0,142.0,manual,13490,Barcelona,8007,Barcelona,Barcelona
BMW,Serie 3,Diésel,174000.0,149.0,manual,15690,Barcelona,8007,Barcelona,Barcelona
BMW,Serie 3,Diésel,261000.0,190.0,automatic,16690,Madrid,28014,Madrid,Madrid
BMW,Serie 3,Diésel,167000.0,142.0,manual,13490,Madrid,28014,Madrid,Madrid
BMW,Serie 3,Diésel,174000.0,149.0,manual,15690,Madrid,28014,Madrid,Madrid
BMW,Serie 3,Diésel,261000.0,190.0,automatic,16690,Zaragoza,50018,Zaragoza,Zaragoza
BMW,Serie 3,Diésel,167000.0,142.0,manual,13490,Zaragoza,50018,Zaragoza,Zaragoza
BMW,Serie 3,Diésel,174000.0,149.0,manual,15690,Zaragoza,50018,Zaragoza,Zaragoza
BMW,Serie 3,Diésel,220000.0,150.0,manual,4400,Chiclana de la Frontera,11130,Cádiz,Chiclana de la Frontera
Hyundai,Kona,Gasolina,41163.0,120.0,manual,15990,Murcia,30005,Murcia,Murcia
Hyundai,Kona,Gasolina,41163.0,120.0,manual,15990,Collado Villalba,28400,Madrid,Collado Villalba
Hyundai,Kona,Gasolina,41163.0,120.0,manual,15990,Collado Villalba,28400,Madrid,Collado Villalba
Hyundai,Kona,Gasolina,41163.0,120.0,manual,15990,Toledo,45002,Toledo,Toledo
BMW,Serie 1,Diésel,92308.0,150.0,automatic,21190,Madrid,28021,Madrid,Madrid
BMW,Serie 1,Diésel,92308.0,150.0,automatic,20890,Madrid,28021,Madrid,Madrid
BMW,Serie 1,Diésel,92875.0,116.0,manual,16675,Collado Villalba,28400,Madrid,Collado Villalba
BMW,Serie 1,Diésel,92875.0,116.0,manual,16675,Collado Villalba,28400,Madrid,Collado Villalba
BMW,Serie 1,Diésel,92875.0,116.0,manual,16675,Vigo,36214,Pontevedra,Vigo
BMW,Serie 1,Diésel,92875.0,116.0,manual,16675,Mercado Parque Corredor del Henares,28850,Madrid,Mercado Parque Corredor del Henares
BMW,Serie 1,Diésel,92875.0,116.0,manual,16675,Colonia Pablo Iglesias,28520,Madrid,Colonia Pablo Iglesias
BMW,Serie 1,Diésel,92875.0,116.0,manual,16675,Sant Vicenç de Montalt,8394,Barcelona,Sant Vicenç de Montalt
BMW,Serie 1,Diésel,92875.0,116.0,manual,16675,Estepona,29680,Málaga,Estepona
BMW,Serie 1,Diésel,92875.0,116.0,manual,16675,Murcia,30003,Murcia,Murcia
BMW,Serie 1,Diésel,92875.0,116.0,manual,16675,Saladar,3700,Alicante,Saladar
BMW,Serie 1,Diésel,92875.0,116.0,manual,16675,Granollers,8403,Barcelona,Granollers
BMW,Serie 1,Diésel,92875.0,116.0,manual,16675,Ciudad Real,13003,Ciudad Real,Ciudad Real
BMW,Serie 1,Diésel,92875.0,116.0,manual,16675,Valdepeñas,13300,Ciudad Real,Valdepeñas
BMW,Serie 1,Diésel,92875.0,116.0,manual,16675,Valdepeñas,13300,Ciudad Real,Valdepeñas
BMW,Serie 1,Diésel,147330.0,116.0,manual,14990,Bilbao,48004,Bizkaia,Bilbao
BMW,Serie 1,Diésel,147330.0,116.0,manual,14990,Sevilla,41005,Sevilla,Sevilla
BMW,Serie 1,Diésel,136000.0,150.0,automatic,18490,Bilbao,48004,Bizkaia,Bilbao
BMW,Serie 1,Diésel,136000.0,150.0,automatic,18490,Ullastrell,8231,Barcelona,Ullastrell
BMW,Serie 1,Diésel,147330.0,116.0,manual,14990,Almería,4006,Almería,Almería
BMW,Serie 1,Diésel,147330.0,116.0,manual,14990,Vigo,36211,Pontevedra,Vigo
BMW,Serie 1,Diésel,147330.0,116.0,manual,14990,Alicante,3010,Alicante,Alicante
BMW,Serie 1,Diésel,147330.0,116.0,manual,14990,Alicante,3010,Murcia,Alicante
BMW,Serie 1,Diésel,92875.0,116.0,manual,16675,Badajoz,6008,Badajoz,Badajoz
BMW,Serie 1,Diésel,136000.0,150.0,automatic,18490,Sevilla,41005,Sevilla,Sevilla
BMW,Serie 1,Diésel,136000.0,150.0,automatic,18490,Almería,4006,Almería,Almería
BMW,Serie 1,Diésel,136000.0,150.0,automatic,18490,Vigo,36211,Pontevedra,Vigo
BMW,Serie 1,Diésel,136000.0,150.0,automatic,18490,Alicante,3010,Alicante,Alicante
BMW,Serie 1,Diésel,136000.0,150.0,automatic,18490,Alicante,3010,Murcia,Alicante
BMW,Serie 1,Diésel,147330.0,116.0,manual,14990,Huelva,21004,Huelva,Huelva
BMW,Serie 1,Diésel,147330.0,116.0,manual,14990,Granada,18005,Granada,Granada
BMW,Serie 1,Diésel,147330.0,116.0,manual,14990,Sevilla,41017,Sevilla,Sevilla
BMW,Serie 1,Diésel,136000.0,150.0,automatic,18490,Òrrius,8317,Barcelona,Òrrius
BMW,Serie 1,Diésel,147330.0,116.0,manual,14990,Murcia,30005,Murcia,Murcia
Hyundai,Santa Fe,Diésel,132000.0,125.0,manual,4499,Badalona,8917,Barcelona,Badalona
Fiat,Tipo,Otros,185458.0,120.0,manual,7490,Collado Villalba,28400,Madrid,Collado Villalba
Fiat,Tipo,Otros,185458.0,120.0,manual,7490,Collado Villalba,28400,Madrid,Collado Villalba
Fiat,Tipo,Diésel,115000.0,95.0,manual,6990,Murcia,30005,Murcia,Murcia
Fiat,Tipo,Gasolina,38998.0,95.0,manual,11490,Granada,18005,Granada,Granada
Fiat,Tipo,Diésel,115000.0,95.0,manual,6990,Granada,18005,Granada,Granada
Fiat,Tipo,Otros,185458.0,120.0,manual,7490,Toledo,45002,Toledo,Toledo
Fiat,Tipo,Diésel,115000.0,95.0,manual,6990,Algeciras,11202,Cádiz,Algeciras
Fiat,500L,Diésel,114937.0,85.0,automatic,10450,Sevilla,41007,Sevilla,Sevilla
Fiat,500L,Diésel,114937.0,85.0,automatic,10250,Sevilla,41007,Sevilla,Sevilla
Fiat,500L,Gasolina,70490.0,95.0,manual,14370,Málaga,29015,Málaga,Málaga
Fiat,500L,Gasolina,15179.0,95.0,manual,18400,Estepona,29680,Málaga,Estepona
Fiat,500L,Diésel,37377.0,95.0,automatic,18285,Olèrdola,8734,Barcelona,Olèrdola
Fiat,500L,Diésel,37377.0,95.0,automatic,18285,Olèrdola,8734,Barcelona,Olèrdola
Fiat,500L,Gasolina,15179.0,95.0,manual,18400,Olèrdola,8734,Barcelona,Olèrdola
Fiat,500L,Gasolina,15179.0,95.0,manual,18400,Olèrdola,8734,Barcelona,Olèrdola
Fiat,500L,Diésel,37377.0,95.0,automatic,18285,Barcelona,8007,Barcelona,Barcelona
Fiat,500L,Gasolina,15179.0,95.0,manual,18400,Barcelona,8007,Barcelona,Barcelona
Fiat,500L,Diésel,37377.0,95.0,automatic,18285,Colonia Pablo Iglesias,28520,Madrid,Colonia Pablo Iglesias
Fiat,500L,Gasolina,15179.0,95.0,manual,18400,Colonia Pablo Iglesias,28520,Madrid,Colonia Pablo Iglesias
Fiat,500L,Diésel,37377.0,95.0,automatic,18285,Las Rozas de Madrid,28232,Madrid,Las Rozas de Madrid
Fiat,500L,Gasolina,15179.0,95.0,manual,18400,Las Rozas de Madrid,28232,Madrid,Las Rozas de Madrid
Fiat,500,Gasolina,55000.0,69.0,manual,308,Madrid,28006,Madrid,Madrid
Fiat,500,Gasolina,47360.0,85.0,automatic,12650,Colonia Pablo Iglesias,28520,Madrid,Colonia Pablo Iglesias
Fiat,500,Gasolina,47360.0,85.0,automatic,12650,Sant Vicenç de Montalt,8394,Barcelona,Sant Vicenç de Montalt
Fiat,500,Gasolina,47360.0,85.0,automatic,12650,Barcelona,8007,Barcelona,Barcelona
Fiat,500,Gasolina,47360.0,85.0,automatic,12650,Olèrdola,8734,Barcelona,Olèrdola
Fiat,500,Gasolina,47360.0,85.0,automatic,12650,Olèrdola,8734,Barcelona,Olèrdola
Fiat,500,Gasolina,47360.0,85.0,automatic,12650,Santa Maria del Aguila,4710,Almería,Santa Maria del Aguila
Fiat,500,Gasolina,47360.0,85.0,automatic,12650,Alzira,46600,Valencia,Alzira
Fiat,500,Gasolina,47360.0,85.0,automatic,12650,Alzira,46600,Valencia,Alzira
Fiat,500,Gasolina,47360.0,85.0,automatic,12650,Castello/Castellon de La Plana,12100,Castellón,Castello/Castellon de La Plana
Fiat,500,Gasolina,47360.0,85.0,automatic,12650,Alicante,3007,Alicante,Alicante
Fiat,500,Gasolina,47360.0,85.0,automatic,12650,Puerto de Sagunto,46520,Valencia,Puerto de Sagunto
Mercedes-Benz,Clase A,Diésel,82262.0,136.0,automatic,22425,Vigo,36214,Pontevedra,Vigo
Mercedes-Benz,Clase A,Diésel,82262.0,136.0,automatic,22425,Saladar,3700,Alicante,Saladar
Mercedes-Benz,Clase A,Diésel,82262.0,136.0,automatic,22425,Granollers,8403,Barcelona,Granollers
Mercedes-Benz,Clase A,Diésel,82262.0,136.0,automatic,22425,Badajoz,6008,Badajoz,Badajoz
Mercedes-Benz,Clase A,Diésel,82262.0,136.0,automatic,22425,Barcelona,8007,Barcelona,Barcelona
Mercedes-Benz,Clase A,Diésel,105000.0,109.0,manual,17500,Lleida,25195,Lleida,Lleida
Mercedes-Benz,Clase A,Diésel,105000.0,136.0,automatic,21900,Lleida,25195,Lleida,Lleida
Fiat,Punto,Diésel,63000.0,75.0,manual,6900,Bormujos,41930,Sevilla,Bormujos
Fiat,Punto,Diésel,63000.0,75.0,manual,6900,Valencia,46002,Valencia,Valencia
Mercedes-Benz,Clase B,Diésel,212741.0,136.0,manual,11935,Vigo,36214,Pontevedra,Vigo
Mercedes-Benz,Clase B,Diésel,212741.0,136.0,manual,11935,Saladar,3700,Alicante,Saladar
Mercedes-Benz,Clase B,Diésel,212741.0,136.0,manual,11935,Granollers,8403,Barcelona,Granollers
Mercedes-Benz,Clase B,Diésel,212741.0,136.0,manual,11935,Badajoz,6008,Badajoz,Badajoz
Mercedes-Benz,Clase B,Diésel,212741.0,136.0,manual,11935,Barcelona,8007,Barcelona,Barcelona
Ford,C-MAX,Gasolina,247982.0,125.0,manual,6190,Las Rozas de Madrid,28232,Madrid,Las Rozas de Madrid
Ford,C-MAX,Diésel,54000.0,115.0,manual,10990,La Puebla de Alfindén,50171,Zaragoza,La Puebla de Alfindén
Ford,C-MAX,Diésel,155200.0,90.0,manual,6990,Zaratán,47610,Valladolid,Zaratán
Ford,Focus,Gasolina,67000.0,125.0,manual,438,Madrid,28006,Madrid,Madrid
Ford,Focus,Diésel,155938.0,120.0,automatic,11100,Sevilla,41005,Sevilla,Sevilla
Ford,Focus,Diésel,155938.0,120.0,automatic,11100,Madrid,28014,Madrid,Madrid
Ford,Focus,Gasolina,41737.0,125.0,manual,18700,Collado Villalba,28400,Madrid,Collado Villalba
Ford,Focus,Gasolina,41737.0,125.0,manual,18700,Collado Villalba,28400,Madrid,Collado Villalba
Ford,Focus,Diésel,52810.0,120.0,manual,20125,Collado Villalba,28400,Madrid,Collado Villalba
Ford,Focus,Diésel,52810.0,120.0,manual,20125,Collado Villalba,28400,Madrid,Collado Villalba
Ford,Focus,Gasolina,41737.0,125.0,manual,18700,Vigo,36214,Pontevedra,Vigo
Ford,Focus,Diésel,52810.0,120.0,manual,20125,Vigo,36214,Pontevedra,Vigo
Ford,Focus,Diésel,155938.0,120.0,automatic,11100,Badajoz,6008,Badajoz,Badajoz
Ford,Focus,Diésel,155938.0,120.0,automatic,11100,Almería,4001,Almería,Almería
Ford,Focus,Diésel,155938.0,120.0,automatic,11100,Cádiz,11006,Cádiz,Cádiz
Ford,Focus,Gasolina,41737.0,125.0,manual,18700,Mercado Parque Corredor del Henares,28850,Madrid,Mercado Parque Corredor del Henares
Ford,Focus,Diésel,52810.0,120.0,manual,20125,Mercado Parque Corredor del Henares,28850,Madrid,Mercado Parque Corredor del Henares
Ford,Focus,Gasolina,41737.0,125.0,manual,18700,Colonia Pablo Iglesias,28520,Madrid,Colonia Pablo Iglesias
Ford,Focus,Diésel,52810.0,120.0,manual,20125,Colonia Pablo Iglesias,28520,Madrid,Colonia Pablo Iglesias
Ford,Focus,Gasolina,41737.0,125.0,manual,18700,Sant Vicenç de Montalt,8394,Barcelona,Sant Vicenç de Montalt
Ford,Focus,Diésel,52810.0,120.0,manual,20125,Sant Vicenç de Montalt,8394,Barcelona,Sant Vicenç de Montalt
Ford,Focus,Gasolina,41737.0,125.0,manual,18700,Estepona,29680,Málaga,Estepona
Ford,Focus,Diésel,52810.0,120.0,manual,20125,Estepona,29680,Málaga,Estepona
KIA,Carens,Gasolina,82008.0,135.0,manual,14145,Alzira,46600,Valencia,Alzira
KIA,Carens,Gasolina,82008.0,135.0,manual,14145,Alzira,46600,Valencia,Alzira
Ford,Focus,Gasolina,41737.0,125.0,manual,18700,Murcia,30003,Murcia,Murcia
Ford,Focus,Gasolina,41737.0,125.0,manual,18700,Saladar,3700,Alicante,Saladar
Ford,Focus,Gasolina,41737.0,125.0,manual,18700,Granollers,8403,Barcelona,Granollers
Ford,Focus,Diésel,52810.0,120.0,manual,20125,Murcia,30003,Murcia,Murcia
Ford,Focus,Diésel,52810.0,120.0,manual,20125,Saladar,3700,Alicante,Saladar
Ford,Focus,Diésel,52810.0,120.0,manual,20125,Granollers,8403,Barcelona,Granollers
Ford,Focus,Gasolina,41737.0,125.0,manual,18700,Ciudad Real,13003,Ciudad Real,Ciudad Real
Ford,Focus,Diésel,52810.0,120.0,manual,20125,Ciudad Real,13003,Ciudad Real,Ciudad Real
Ford,Focus,Gasolina,41737.0,125.0,manual,18700,Valdepeñas,13300,Ciudad Real,Valdepeñas
Ford,Focus,Gasolina,41737.0,125.0,manual,18700,Valdepeñas,13300,Ciudad Real,Valdepeñas
Ford,Focus,Diésel,52810.0,120.0,manual,20125,Valdepeñas,13300,Ciudad Real,Valdepeñas
Ford,Focus,Diésel,52810.0,120.0,manual,20125,Valdepeñas,13300,Ciudad Real,Valdepeñas
Ford,Focus,Gasolina,65835.0,125.0,manual,16990,Bilbao,48004,Bizkaia,Bilbao
Ford,Focus,Gasolina,65835.0,125.0,manual,16390,Bilbao,48004,Bizkaia,Bilbao
Ford,Mondeo,Diésel,160000.0,150.0,automatic,15990,Bilbao,48004,Bizkaia,Bilbao
Ford,Mondeo,Diésel,133928.0,150.0,manual,11990,Castellón,12001,Castellón,Castellón
Ford,Mondeo,Diésel,160000.0,150.0,automatic,15990,Sevilla,41005,Sevilla,Sevilla
Ford,Mondeo,Diésel,133928.0,150.0,manual,11990,Bilbao,48004,Bizkaia,Bilbao
Ford,Mondeo,Diésel,160000.0,150.0,automatic,15990,Almería,4006,Almería,Almería
Ford,Mondeo,Diésel,160000.0,150.0,automatic,15990,Vigo,36211,Pontevedra,Vigo
Ford,Mondeo,Diésel,160000.0,150.0,automatic,15990,Alicante,3010,Alicante,Alicante
Ford,Mondeo,Diésel,160000.0,150.0,automatic,15990,Alicante,3010,Murcia,Alicante
Ford,Mondeo,Diésel,133928.0,150.0,manual,11990,Sevilla,41005,Sevilla,Sevilla
Ford,Mondeo,Diésel,133928.0,150.0,manual,11990,Almería,4006,Almería,Almería
Ford,Mondeo,Diésel,133928.0,150.0,manual,11990,Vigo,36211,Pontevedra,Vigo
Ford,Mondeo,Diésel,133928.0,150.0,manual,11990,Alicante,3010,Alicante,Alicante
Ford,Mondeo,Diésel,133928.0,150.0,manual,11990,Alicante,3010,Murcia,Alicante
Ford,Mondeo,Diésel,95000.0,149.0,manual,15850,Terrassa,8223,Barcelona,Terrassa
Ford,Mondeo,Diésel,160000.0,150.0,automatic,15990,Las Rozas de Madrid,28232,Madrid,Las Rozas de Madrid
Ford,Mondeo,Diésel,160000.0,150.0,automatic,15990,Urbanizacion La Granjilla,28700,Madrid,Urbanizacion La Granjilla
Ford,Mondeo,Diésel,160000.0,150.0,automatic,15990,Murcia,30005,Murcia,Murcia
Ford,Mondeo,Diésel,160000.0,150.0,automatic,15990,Granada,18005,Granada,Granada
Ford,Mondeo,Diésel,133928.0,150.0,manual,11990,Murcia,30005,Murcia,Murcia
Ford,Mondeo,Diésel,160000.0,150.0,automatic,15990,Collado Villalba,28400,Madrid,Collado Villalba
Ford,Mondeo,Diésel,160000.0,150.0,automatic,15990,Collado Villalba,28400,Madrid,Collado Villalba
Ford,Mondeo,Diésel,95000.0,149.0,manual,15850,Burjassot,46100,Valencia,Burjassot
Ford,Mondeo,Diésel,160000.0,150.0,automatic,15990,Fuenlabrada,28947,Madrid,Fuenlabrada
Ford,Mondeo,Diésel,160000.0,150.0,automatic,15990,Colonia Pablo Iglesias,28520,Madrid,Colonia Pablo Iglesias
Ford,Mondeo,Diésel,160000.0,150.0,automatic,15990,Camarma de Esteruelas,28816,Madrid,Camarma de Esteruelas
Ford,Mondeo,Diésel,160000.0,150.0,automatic,15990,Camarma de Esteruelas,28816,Madrid,Camarma de Esteruelas
Mercedes-Benz,Clase C,Diésel,22000.0,136.0,automatic,9900,Valencia,46002,Valencia,Valencia
Mercedes-Benz,Clase CLA,Gasolina,66302.0,156.0,automatic,29325,Vigo,36214,Pontevedra,Vigo
Mercedes-Benz,Clase CLA,Gasolina,66302.0,156.0,automatic,29325,Saladar,3700,Alicante,Saladar
Mercedes-Benz,Clase CLA,Gasolina,66302.0,156.0,automatic,29325,Granollers,8403,Barcelona,Granollers
Mercedes-Benz,Clase CLA,Gasolina,66302.0,156.0,automatic,29325,Badajoz,6008,Badajoz,Badajoz
Mercedes-Benz,Clase CLA,Gasolina,66302.0,156.0,automatic,29325,Barcelona,8007,Barcelona,Barcelona
Ford,Fiesta,Diésel,39216.0,95.0,manual,14950,Collado Villalba,28400,Madrid,Collado Villalba
Ford,Fiesta,Diésel,39216.0,95.0,manual,14950,Collado Villalba,28400,Madrid,Collado Villalba
Ford,Fiesta,Diésel,39216.0,95.0,manual,14950,Vigo,36214,Pontevedra,Vigo
Ford,Fiesta,Diésel,39216.0,95.0,manual,14950,Mercado Parque Corredor del Henares,28850,Madrid,Mercado Parque Corredor del Henares
Ford,Fiesta,Diésel,39216.0,95.0,manual,14950,Colonia Pablo Iglesias,28520,Madrid,Colonia Pablo Iglesias
Ford,Fiesta,Diésel,39216.0,95.0,manual,14950,Sant Vicenç de Montalt,8394,Barcelona,Sant Vicenç de Montalt
Ford,Fiesta,Diésel,39216.0,95.0,manual,14950,Estepona,29680,Málaga,Estepona
Ford,Fiesta,Diésel,39216.0,95.0,manual,14950,Murcia,30003,Murcia,Murcia
Ford,Fiesta,Diésel,39216.0,95.0,manual,14950,Saladar,3700,Alicante,Saladar
Ford,Fiesta,Diésel,39216.0,95.0,manual,14950,Granollers,8403,Barcelona,Granollers
Ford,Fiesta,Gasolina,82580.0,82.0,manual,9750,Sevilla,41007,Sevilla,Sevilla
Ford,Fiesta,Diésel,39216.0,95.0,manual,14950,Ciudad Real,13003,Ciudad Real,Ciudad Real
Ford,Fiesta,Diésel,39216.0,95.0,manual,14950,Valdepeñas,13300,Ciudad Real,Valdepeñas
Ford,Fiesta,Diésel,39216.0,95.0,manual,14950,Valdepeñas,13300,Ciudad Real,Valdepeñas
Ford,Fiesta,Diésel,39216.0,95.0,manual,14950,Badajoz,6008,Badajoz,Badajoz
Ford,Fiesta,Diésel,39216.0,95.0,manual,14950,Barcelona,8007,Barcelona,Barcelona
Ford,Fiesta,Diésel,39216.0,95.0,manual,14950,Olèrdola,8734,Barcelona,Olèrdola
Ford,Fiesta,Diésel,39216.0,95.0,manual,14950,Olèrdola,8734,Barcelona,Olèrdola
Ford,Fiesta,Diésel,39216.0,95.0,manual,14950,Santa Maria del Aguila,4710,Almería,Santa Maria del Aguila
Ford,Fiesta,Diésel,39216.0,95.0,manual,14950,Las Rozas de Madrid,28232,Madrid,Las Rozas de Madrid
Ford,Fiesta,Diésel,39216.0,95.0,manual,14950,Hidraulica Santillana,28770,Madrid,Hidraulica Santillana
Ford,Fiesta,Diésel,39216.0,95.0,manual,14950,Paterna,46980,Valencia,Paterna
Ford,Fiesta,Diésel,39216.0,95.0,manual,14950,Atarrabia,31610,Navarra,Atarrabia
Ford,Fiesta,Diésel,39216.0,95.0,manual,14950,Zaragoza,50013,Zaragoza,Zaragoza
Ford,Fiesta,Diésel,39216.0,95.0,manual,14950,Alcalá de Guadaíra,41500,Sevilla,Alcalá de Guadaíra
Ford,Fiesta,Diésel,39216.0,95.0,manual,14950,Mercabilbao,48970,Bizkaia,Mercabilbao
Ford,Fiesta,Diésel,39216.0,95.0,manual,14950,Santafe,18320,Granada,Santafe
Ford,Fiesta,Diésel,39216.0,95.0,manual,14950,Puerto de Sagunto,46520,Valencia,Puerto de Sagunto
Ford,Transit,Diésel,116534.0,130.0,manual,19900,Valladolid,47004,Valladolid,Valladolid
Ford,Transit,Diésel,130000.0,130.0,manual,20990,Bilbao,48004,Bizkaia,Bilbao
Ford,Transit,Diésel,130000.0,130.0,manual,20990,Sevilla,41005,Sevilla,Sevilla
Ford,Transit,Diésel,116534.0,130.0,manual,19900,Sevilla,41004,Sevilla,Sevilla
Ford,Transit,Diésel,116534.0,130.0,manual,19900,Barcelona,8008,Barcelona,Barcelona
Ford,Transit,Diésel,130000.0,130.0,manual,20990,Almería,4006,Almería,Almería
Ford,Transit,Diésel,130000.0,130.0,manual,20990,Vigo,36211,Pontevedra,Vigo
Ford,Transit,Diésel,130000.0,130.0,manual,20990,Alicante,3010,Alicante,Alicante
Ford,Transit,Diésel,130000.0,130.0,manual,20990,Alicante,3010,Murcia,Alicante
Ford,Transit,Diésel,130000.0,130.0,manual,20990,Granada,18005,Granada,Granada
Ford,Transit,Diésel,130000.0,130.0,manual,20990,Murcia,30005,Murcia,Murcia
Ford,Transit,Diésel,116534.0,130.0,manual,19900,Viladecans,8840,Barcelona,Viladecans
Ford,Transit,Diésel,130000.0,130.0,manual,20990,Valencia,46001,Valencia,Valencia
Ford,Transit,Diésel,130000.0,130.0,manual,20990,Málaga,29005,Málaga,Málaga
Ford,Transit,Diésel,116534.0,130.0,manual,19900,Urbanitzacio El Medol,43150,Tarragona,Urbanitzacio El Medol
Ford,Transit,Diésel,116534.0,130.0,manual,19900,Granada,18002,Granada,Granada
Ford,Transit,Diésel,116534.0,130.0,manual,19900,A Coruña,15003,A Coruña,A Coruña
Ford,Transit,Diésel,116534.0,130.0,manual,19900,Zaragoza,50003,Zaragoza,Zaragoza
BMW,X3,Diésel,144183.0,150.0,manual,10900,Vigo,36214,Pontevedra,Vigo
BMW,X3,Diésel,163454.0,190.0,automatic,21850,Vigo,36214,Pontevedra,Vigo
BMW,X3,Diésel,144183.0,150.0,manual,10900,Saladar,3700,Alicante,Saladar
BMW,X3,Diésel,163454.0,190.0,automatic,21850,Saladar,3700,Alicante,Saladar
BMW,X3,Diésel,144183.0,150.0,manual,10900,Granollers,8403,Barcelona,Granollers
BMW,X3,Diésel,163454.0,190.0,automatic,21850,Granollers,8403,Barcelona,Granollers
BMW,X3,Diésel,134000.0,258.0,automatic,22990,Almería,4006,Almería,Almería
BMW,X3,Diésel,144183.0,150.0,manual,10900,Badajoz,6008,Badajoz,Badajoz
BMW,X3,Diésel,163454.0,190.0,automatic,21850,Badajoz,6008,Badajoz,Badajoz
BMW,X3,Diésel,134000.0,258.0,automatic,22990,Ullastrell,8231,Barcelona,Ullastrell
BMW,X3,Diésel,134000.0,258.0,automatic,22990,Òrrius,8317,Barcelona,Òrrius
BMW,X3,Diésel,134000.0,258.0,automatic,22990,Sevilla,41005,Sevilla,Sevilla
BMW,X3,Diésel,134000.0,258.0,automatic,22990,Alicante,3010,Alicante,Alicante
BMW,X3,Diésel,134000.0,258.0,automatic,22990,Alicante,3010,Murcia,Alicante
BMW,X3,Diésel,134000.0,258.0,automatic,22990,Vigo,36211,Pontevedra,Vigo
BMW,X3,Diésel,144183.0,150.0,manual,10900,Barcelona,8007,Barcelona,Barcelona
BMW,X3,Diésel,134000.0,258.0,automatic,22990,Granada,18005,Granada,Granada
BMW,X3,Diésel,163454.0,190.0,automatic,21850,Barcelona,8007,Barcelona,Barcelona
BMW,X3,Diésel,134000.0,258.0,automatic,22990,Bilbao,48004,Bizkaia,Bilbao
BMW,X3,Diésel,134000.0,258.0,automatic,22990,Murcia,30005,Murcia,Murcia
BMW,X3,Diésel,134000.0,258.0,automatic,22990,Palma de Mallorca,7003,Baleares,Palma de Mallorca
BMW,X3,Diésel,134000.0,258.0,automatic,22990,Tarragona,43006,Tarragona,Tarragona
BMW,X3,Diésel,134000.0,258.0,automatic,22990,Girona,17007,Girona,Girona
Ford,Kuga,Gasolina,81500.0,180.0,automatic,24970,Pinto,28320,Madrid,Pinto
Ford,Kuga,Diésel,173000.0,150.0,manual,13490,Bilbao,48004,Bizkaia,Bilbao
Ford,Kuga,Diésel,173000.0,150.0,manual,13390,Bilbao,48004,Bizkaia,Bilbao
Ford,Kuga,Diésel,106229.0,120.0,manual,16790,Bilbao,48004,Bizkaia,Bilbao
Ford,Kuga,Diésel,173000.0,150.0,manual,13490,Sevilla,41005,Sevilla,Sevilla
Ford,Kuga,Diésel,173000.0,150.0,manual,13390,Sevilla,41005,Sevilla,Sevilla
Ford,Kuga,Gasolina,57007.0,150.0,automatic,15990,Bilbao,48004,Bizkaia,Bilbao
Ford,Kuga,Diésel,106229.0,120.0,manual,16790,Sevilla,41005,Sevilla,Sevilla
Ford,Kuga,Gasolina,17900.0,150.0,manual,23290,Bilbao,48004,Bizkaia,Bilbao
Ford,Kuga,Gasolina,57007.0,150.0,automatic,15990,Sevilla,41005,Sevilla,Sevilla
Ford,Kuga,Diésel,173000.0,150.0,manual,13490,Vigo,36211,Pontevedra,Vigo
Ford,Kuga,Diésel,173000.0,150.0,manual,13390,Vigo,36211,Pontevedra,Vigo
Ford,Kuga,Diésel,106229.0,120.0,manual,16790,Vigo,36211,Pontevedra,Vigo
Ford,Kuga,Gasolina,17900.0,150.0,manual,23290,Sevilla,41005,Sevilla,Sevilla
Ford,Kuga,Gasolina,17900.0,150.0,manual,23290,Castellón,12001,Castellón,Castellón
Ford,Kuga,Gasolina,17900.0,150.0,manual,23290,Ullastrell,8231,Barcelona,Ullastrell
Ford,Kuga,Diésel,173000.0,150.0,manual,13490,Almería,4006,Almería,Almería
Ford,Kuga,Diésel,173000.0,150.0,manual,13390,Almería,4006,Almería,Almería
Ford,Kuga,Diésel,106229.0,120.0,manual,16790,Almería,4006,Almería,Almería
Ford,Kuga,Diésel,173000.0,150.0,manual,13490,Alicante,3010,Alicante,Alicante
Ford,Kuga,Diésel,173000.0,150.0,manual,13490,Alicante,3010,Murcia,Alicante
Ford,Kuga,Diésel,173000.0,150.0,manual,13390,Alicante,3010,Alicante,Alicante
Ford,Kuga,Diésel,173000.0,150.0,manual,13390,Alicante,3010,Murcia,Alicante
Ford,Kuga,Diésel,106229.0,120.0,manual,16790,Alicante,3010,Alicante,Alicante
Ford,Kuga,Diésel,106229.0,120.0,manual,16790,Alicante,3010,Murcia,Alicante
Ford,Kuga,Gasolina,57007.0,150.0,automatic,15990,Almería,4006,Almería,Almería
Ford,Kuga,Gasolina,57007.0,150.0,automatic,15990,Vigo,36211,Pontevedra,Vigo
Ford,Kuga,Gasolina,57007.0,150.0,automatic,15990,Alicante,3010,Alicante,Alicante
Ford,Kuga,Gasolina,57007.0,150.0,automatic,15990,Alicante,3010,Murcia,Alicante
Ford,Kuga,Gasolina,17900.0,150.0,manual,23290,Almería,4006,Almería,Almería
Ford,Kuga,Gasolina,17900.0,150.0,manual,23290,Vigo,36211,Pontevedra,Vigo
BMW,X1,Diésel,69094.0,150.0,automatic,24437,Vigo,36214,Pontevedra,Vigo
BMW,X1,Diésel,69094.0,150.0,automatic,24437,Saladar,3700,Alicante,Saladar
BMW,X1,Diésel,69094.0,150.0,automatic,24437,Granollers,8403,Barcelona,Granollers
BMW,X1,Diésel,69094.0,150.0,automatic,24437,Badajoz,6008,Badajoz,Badajoz
BMW,X1,Diésel,69094.0,150.0,automatic,24437,Barcelona,8007,Barcelona,Barcelona
BMW,X1,Diésel,64219.0,149.0,automatic,26900,Valladolid,47011,Valladolid,Valladolid
BMW,Serie 5,Diésel,147278.0,190.0,automatic,20790,Vigo,36214,Pontevedra,Vigo
BMW,Serie 5,Diésel,147278.0,190.0,automatic,20790,Saladar,3700,Alicante,Saladar
BMW,Serie 5,Diésel,147278.0,190.0,automatic,20790,Granollers,8403,Barcelona,Granollers
BMW,Serie 5,Diésel,147278.0,190.0,automatic,20790,Badajoz,6008,Badajoz,Badajoz
BMW,Serie 5,Diésel,147278.0,190.0,automatic,20790,Barcelona,8007,Barcelona,Barcelona
BMW,Serie 5,Gasolina,85000.0,507.0,automatic,26000,Madrid,28034,Madrid,Madrid
Ford,Mondeo,Diésel,205500.0,120.0,manual,9990,Sevilla,41005,Sevilla,Sevilla
Ford,Mondeo,Diésel,205500.0,120.0,manual,9990,Valencia,46001,Valencia,Valencia
Ford,Mondeo,Diésel,205500.0,120.0,manual,9990,Málaga,29005,Málaga,Málaga
Ford,Mondeo,Diésel,101000.0,150.0,manual,15990,Coslada,28823,Madrid,Coslada
Ford,Mondeo,Diésel,195402.0,145.0,manual,5900,Tabernas,4200,Almería,Tabernas
Ford,Mondeo,Gasolina,130000.0,130.0,manual,1990,Mataró,8301,Barcelona,Mataró
BMW,Serie 2,Diésel,227429.0,116.0,manual,12089,Granollers,8403,Barcelona,Granollers
BMW,Serie 2,Diésel,227429.0,116.0,manual,12089,Badajoz,6008,Badajoz,Badajoz
BMW,Serie 2,Diésel,90000.0,150.0,manual,22850,Mataró,8302,Barcelona,Mataró
BMW,Serie 3,Diésel,101909.0,163.0,manual,13900,Vigo,36214,Pontevedra,Vigo
BMW,Serie 3,Diésel,101909.0,163.0,manual,13900,Saladar,3700,Alicante,Saladar
BMW,Serie 3,Diésel,101909.0,163.0,manual,13900,Granollers,8403,Barcelona,Granollers
BMW,Serie 3,Diésel,101909.0,163.0,manual,13900,Badajoz,6008,Badajoz,Badajoz
BMW,Serie 3,Diésel,101909.0,163.0,manual,13900,Barcelona,8007,Barcelona,Barcelona
BMW,Serie 1,Diésel,79000.0,116.0,automatic,17500,Mijas,29650,Málaga,Mijas
BMW,Serie 1,Diésel,133329.0,177.0,automatic,12200,Vigo,36214,Pontevedra,Vigo
BMW,Serie 1,Diésel,133329.0,177.0,automatic,12200,Saladar,3700,Alicante,Saladar
BMW,Serie 1,Diésel,133329.0,177.0,automatic,12200,Granollers,8403,Barcelona,Granollers
BMW,Serie 1,Diésel,133329.0,177.0,automatic,12200,Badajoz,6008,Badajoz,Badajoz
BMW,Serie 1,Diésel,133329.0,177.0,automatic,12200,Barcelona,8007,Barcelona,Barcelona
Mazda,CX-5,Diésel,134883.0,150.0,manual,22989,Collado Villalba,28400,Madrid,Collado Villalba
Mazda,CX-5,Diésel,134883.0,150.0,manual,22989,Collado Villalba,28400,Madrid,Collado Villalba
Mazda,CX-5,Diésel,134883.0,150.0,manual,22989,Vigo,36214,Pontevedra,Vigo
Mazda,CX-5,Diésel,134883.0,150.0,manual,22989,Mercado Parque Corredor del Henares,28850,Madrid,Mercado Parque Corredor del Henares
Mazda,CX-5,Diésel,134883.0,150.0,manual,22989,Colonia Pablo Iglesias,28520,Madrid,Colonia Pablo Iglesias
Mazda,CX-5,Diésel,134883.0,150.0,manual,22989,Sant Vicenç de Montalt,8394,Barcelona,Sant Vicenç de Montalt
Mazda,CX-5,Diésel,134883.0,150.0,manual,22989,Estepona,29680,Málaga,Estepona
Mazda,CX-5,Diésel,134883.0,150.0,manual,22989,Murcia,30003,Murcia,Murcia
Mazda,CX-5,Diésel,134883.0,150.0,manual,22989,Saladar,3700,Alicante,Saladar
Mazda,CX-5,Diésel,134883.0,150.0,manual,22989,Granollers,8403,Barcelona,Granollers
Mazda,CX-5,Diésel,134883.0,150.0,manual,22989,Ciudad Real,13003,Ciudad Real,Ciudad Real
Mazda,CX-5,Diésel,134883.0,150.0,manual,22989,Valdepeñas,13300,Ciudad Real,Valdepeñas
Mazda,CX-5,Diésel,134883.0,150.0,manual,22989,Valdepeñas,13300,Ciudad Real,Valdepeñas
Mazda,CX-5,Diésel,233965.0,150.0,automatic,9990,Sevilla,41005,Sevilla,Sevilla
Mazda,CX-5,Diésel,158742.0,150.0,automatic,14990,Bilbao,48004,Bizkaia,Bilbao
Mazda,CX-5,Diésel,158742.0,150.0,automatic,14990,Sevilla,41005,Sevilla,Sevilla
Mazda,CX-5,Diésel,158742.0,150.0,automatic,14990,Almería,4006,Almería,Almería
Mazda,CX-5,Diésel,158742.0,150.0,automatic,14990,Vigo,36211,Pontevedra,Vigo
Mazda,CX-5,Diésel,158742.0,150.0,automatic,14990,Alicante,3010,Alicante,Alicante
Mazda,CX-5,Diésel,158742.0,150.0,automatic,14990,Alicante,3010,Murcia,Alicante
Mazda,CX-5,Diésel,158742.0,150.0,automatic,14990,Granada,18005,Granada,Granada
Mazda,CX-5,Diésel,134883.0,150.0,manual,22989,Badajoz,6008,Badajoz,Badajoz
Mazda,CX-5,Diésel,158742.0,150.0,automatic,14990,Murcia,30005,Murcia,Murcia
Mazda,CX-5,Diésel,233965.0,150.0,automatic,9990,Urbanizacion La Granjilla,28700,Madrid,Urbanizacion La Granjilla
Mazda,CX-5,Diésel,233965.0,150.0,automatic,9990,Valencia,46001,Valencia,Valencia
Mazda,CX-5,Diésel,233965.0,150.0,automatic,9990,Málaga,29005,Málaga,Málaga
Mazda,CX-5,Diésel,158742.0,150.0,automatic,14990,Málaga,29005,Málaga,Málaga
Mazda,CX-5,Diésel,158742.0,150.0,automatic,14990,Valencia,46001,Valencia,Valencia
Mazda,CX-5,Diésel,134883.0,150.0,manual,22989,Barcelona,8007,Barcelona,Barcelona
Ford,Transit Courier,Diésel,80000.0,100.0,manual,13990,Barcelona,8038,Barcelona,Barcelona
Peugeot,206,Gasolina,171000.0,138.0,manual,4900,Pineda de Mar,8397,Barcelona,Pineda de Mar
Ford,Focus,Diésel,212992.0,115.0,manual,2100,Madrid,28026,Madrid,Madrid
Ford,Focus,Diésel,58400.0,120.0,manual,16900,Sabadell,8201,Barcelona,Sabadell
Ford,Focus,Diésel,114429.0,120.0,manual,332,Madrid,28014,Madrid,Madrid
Ford,Focus,Gasolina,48570.0,125.0,manual,15927,Zaragoza,50013,Zaragoza,Zaragoza
Ford,Focus,Gasolina,23638.0,125.0,manual,17995,Zaragoza,50013,Zaragoza,Zaragoza
Ford,Focus,Gasolina,76600.0,125.0,manual,15800,Trapaga-Causo,48510,Bizkaia,Trapaga-Causo
Ford,Focus,Gasolina,48570.0,125.0,manual,15927,Mercado Parque Corredor del Henares,28850,Madrid,Mercado Parque Corredor del Henares
Ford,Focus,Gasolina,23638.0,125.0,manual,17995,Mercado Parque Corredor del Henares,28850,Madrid,Mercado Parque Corredor del Henares
Ford,Focus,Gasolina,48570.0,125.0,manual,15927,Santa Maria del Aguila,4710,Almería,Santa Maria del Aguila
Ford,Focus,Gasolina,23638.0,125.0,manual,17995,Santa Maria del Aguila,4710,Almería,Santa Maria del Aguila
Ford,Focus,Gasolina,50344.0,125.0,automatic,20528,Santa Maria del Aguila,4710,Almería,Santa Maria del Aguila
Ford,Focus,Diésel,69934.0,120.0,manual,20350,Santa Maria del Aguila,4710,Almería,Santa Maria del Aguila
Ford,Focus,Gasolina,48570.0,125.0,manual,15927,Alcalá de Guadaíra,41500,Sevilla,Alcalá de Guadaíra
Ford,Focus,Gasolina,23638.0,125.0,manual,17995,Alcalá de Guadaíra,41500,Sevilla,Alcalá de Guadaíra
Ford,Focus,Gasolina,41069.0,250.0,manual,24990,Santa Maria del Aguila,4710,Almería,Santa Maria del Aguila
Ford,Focus,Gasolina,29781.0,125.0,manual,16990,Sevilla,41005,Sevilla,Sevilla
Ford,Focus,Diésel,145712.0,95.0,manual,8890,Sevilla,41005,Sevilla,Sevilla
Ford,Focus,Diésel,73887.0,120.0,manual,12990,Sevilla,41005,Sevilla,Sevilla
Ford,Focus,Gasolina,48570.0,125.0,manual,15927,Mercabilbao,48970,Bizkaia,Mercabilbao
Ford,Focus,Gasolina,23638.0,125.0,manual,17995,Mercabilbao,48970,Bizkaia,Mercabilbao
Ford,Focus,Gasolina,48570.0,125.0,manual,15927,Paterna,46980,Valencia,Paterna
Ford,Focus,Gasolina,23638.0,125.0,manual,17995,Paterna,46980,Valencia,Paterna
Ford,Focus,Diésel,145712.0,95.0,manual,8890,Collado Villalba,28400,Madrid,Collado Villalba
Ford,Focus,Diésel,145712.0,95.0,manual,8890,Collado Villalba,28400,Madrid,Collado Villalba
Ford,Focus,Diésel,73887.0,120.0,manual,12990,Gandia,46701,Valencia,Gandia
Ford,Focus,Gasolina,48570.0,125.0,manual,15927,Saladar,3700,Alicante,Saladar
Ford,Focus,Gasolina,48570.0,125.0,manual,15927,Puerto de Sagunto,46520,Valencia,Puerto de Sagunto
Ford,Focus,Gasolina,23638.0,125.0,manual,17995,Saladar,3700,Alicante,Saladar
Ford,Focus,Gasolina,23638.0,125.0,manual,17995,Puerto de Sagunto,46520,Valencia,Puerto de Sagunto
Ford,Focus,Gasolina,79074.0,125.0,manual,14000,Zaragoza,50003,Zaragoza,Zaragoza
Ford,Focus,Diésel,145712.0,95.0,manual,8890,Almería,4006,Almería,Almería
Ford,Focus,Diésel,73887.0,120.0,manual,12990,Almería,4006,Almería,Almería
Ford,Focus,Diésel,145712.0,95.0,manual,8890,Vigo,36211,Pontevedra,Vigo
Ford,Focus,Gasolina,48570.0,125.0,manual,15927,Estepona,29680,Málaga,Estepona
Ford,Focus,Gasolina,23638.0,125.0,manual,17995,Estepona,29680,Málaga,Estepona
Ford,Focus,Diésel,73887.0,120.0,manual,12990,Vigo,36211,Pontevedra,Vigo
Ford,Focus,Gasolina,48570.0,125.0,manual,15927,Badajoz,6008,Badajoz,Badajoz
Ford,Focus,Gasolina,23638.0,125.0,manual,17995,Badajoz,6008,Badajoz,Badajoz
Ford,Focus,Gasolina,29781.0,125.0,manual,16990,Valencia,46001,Valencia,Valencia
Ford,Focus,Gasolina,48570.0,125.0,manual,15927,Santafe,18320,Granada,Santafe
Ford,Focus,Gasolina,48570.0,125.0,manual,15927,Valdepeñas,13300,Ciudad Real,Valdepeñas
Ford,Focus,Gasolina,48570.0,125.0,manual,15927,Valdepeñas,13300,Ciudad Real,Valdepeñas
Ford,Focus,Gasolina,23638.0,125.0,manual,17995,Valdepeñas,13300,Ciudad Real,Valdepeñas
Ford,Focus,Gasolina,23638.0,125.0,manual,17995,Valdepeñas,13300,Ciudad Real,Valdepeñas
Ford,Focus,Gasolina,23638.0,125.0,manual,17995,Santafe,18320,Granada,Santafe
Ford,Focus,Gasolina,29781.0,125.0,manual,16990,Málaga,29005,Málaga,Málaga
Ford,Focus,Diésel,145712.0,95.0,manual,8890,Murcia,30005,Murcia,Murcia
Ford,Focus,Diésel,73887.0,120.0,manual,12990,Castellón,12001,Castellón,Castellón
Ford,Focus,Diésel,73887.0,120.0,manual,12990,Murcia,30005,Murcia,Murcia
Ford,Focus,Diésel,145712.0,95.0,manual,8890,Valencia,46001,Valencia,Valencia
Ford,Focus,Diésel,73887.0,120.0,manual,12990,Valencia,46001,Valencia,Valencia
Ford,Focus,Diésel,145712.0,95.0,manual,8890,Granada,18005,Granada,Granada
Ford,Focus,Diésel,145712.0,95.0,manual,8890,Toledo,45002,Toledo,Toledo
Ford,Focus,Gasolina,48570.0,125.0,manual,15927,Granollers,8403,Barcelona,Granollers
Ford,Focus,Gasolina,23638.0,125.0,manual,17995,Granollers,8403,Barcelona,Granollers
Ford,Focus,Gasolina,79074.0,125.0,manual,14000,Barcelona,8008,Barcelona,Barcelona
Ford,Focus,Diésel,73887.0,120.0,manual,12990,Granada,18005,Granada,Granada
Ford,Focus,Diésel,179950.0,115.0,manual,2150,Bormujos,41930,Sevilla,Bormujos
Ford,Focus,Diésel,145712.0,95.0,manual,8890,Las Rozas de Madrid,28232,Madrid,Las Rozas de Madrid
Ford,Focus,Gasolina,48570.0,125.0,manual,15927,Murcia,30003,Murcia,Murcia
Ford,Focus,Gasolina,48570.0,125.0,manual,15927,Vigo,36214,Pontevedra,Vigo
Ford,Focus,Gasolina,48570.0,125.0,manual,15927,Atarrabia,31610,Navarra,Atarrabia
Ford,Focus,Gasolina,23638.0,125.0,manual,17995,Murcia,30003,Murcia,Murcia
Ford,Focus,Gasolina,23638.0,125.0,manual,17995,Vigo,36214,Pontevedra,Vigo
Ford,Focus,Gasolina,23638.0,125.0,manual,17995,Atarrabia,31610,Navarra,Atarrabia
Ford,Focus,Diésel,145712.0,95.0,manual,8890,Bilbao,48004,Bizkaia,Bilbao
Ford,Focus,Diésel,145712.0,95.0,manual,8890,Alicante,3010,Alicante,Alicante
Ford,Focus,Diésel,145712.0,95.0,manual,8890,Alicante,3010,Murcia,Alicante
Ford,Focus,Gasolina,79074.0,125.0,manual,14000,Santander,39002,Cantabria,Santander
Ford,Focus,Gasolina,48570.0,125.0,manual,15927,Olèrdola,8734,Barcelona,Olèrdola
Ford,Focus,Gasolina,48570.0,125.0,manual,15927,Olèrdola,8734,Barcelona,Olèrdola
Ford,Focus,Diésel,73887.0,120.0,manual,12990,Bilbao,48004,Bizkaia,Bilbao
Ford,Focus,Diésel,73887.0,120.0,manual,12990,Alicante,3010,Alicante,Alicante
Ford,Focus,Diésel,73887.0,120.0,manual,12990,Alicante,3010,Murcia,Alicante
Ford,Focus,Gasolina,23638.0,125.0,manual,17995,Olèrdola,8734,Barcelona,Olèrdola
Ford,Focus,Gasolina,23638.0,125.0,manual,17995,Olèrdola,8734,Barcelona,Olèrdola
Ford,Focus,Gasolina,48792.0,125.0,automatic,14375,Sant Vicenç de Montalt,8394,Barcelona,Sant Vicenç de Montalt
Ford,Focus,Diésel,145712.0,95.0,manual,8890,Colonia Pablo Iglesias,28520,Madrid,Colonia Pablo Iglesias
Ford,Focus,Diésel,145712.0,95.0,manual,8890,Fuenlabrada,28947,Madrid,Fuenlabrada
Ford,Focus,Diésel,145712.0,95.0,manual,8890,Camarma de Esteruelas,28816,Madrid,Camarma de Esteruelas
Ford,Focus,Diésel,145712.0,95.0,manual,8890,Camarma de Esteruelas,28816,Madrid,Camarma de Esteruelas
Ford,Focus,Gasolina,48570.0,125.0,manual,15927,Sant Vicenç de Montalt,8394,Barcelona,Sant Vicenç de Montalt
Ford,Focus,Gasolina,79074.0,125.0,manual,14000,Almería,4001,Almería,Almería
Ford,Focus,Gasolina,24734.0,125.0,manual,19999,Madrid,28014,Madrid,Madrid
Ford,Focus,Gasolina,24734.0,125.0,manual,19999,Barcelona,8007,Barcelona,Barcelona
Ford,Focus,Gasolina,23638.0,125.0,manual,17995,Sant Vicenç de Montalt,8394,Barcelona,Sant Vicenç de Montalt
Ford,Focus,Gasolina,50344.0,125.0,automatic,20528,Sant Vicenç de Montalt,8394,Barcelona,Sant Vicenç de Montalt
Ford,Focus,Diésel,69934.0,120.0,manual,20350,Sant Vicenç de Montalt,8394,Barcelona,Sant Vicenç de Montalt
Ford,Focus,Diésel,73887.0,120.0,manual,12990,Palma de Mallorca,7003,Baleares,Palma de Mallorca
Ford,Focus,Diésel,45810.0,150.0,automatic,25288,Sant Vicenç de Montalt,8394,Barcelona,Sant Vicenç de Montalt
Ford,Focus,Gasolina,41069.0,250.0,manual,24990,Sant Vicenç de Montalt,8394,Barcelona,Sant Vicenç de Montalt
Ford,Focus,Diésel,104342.0,95.0,manual,12300,Valladolid,47011,Valladolid,Valladolid
Ford,Focus,Gasolina,79074.0,125.0,manual,14000,Granada,18002,Granada,Granada
Ford,Focus,Diésel,55480.0,95.0,manual,15900,Valladolid,47011,Valladolid,Valladolid
Ford,Focus,Gasolina,79074.0,125.0,manual,14000,Urbanitzacio El Medol,43150,Tarragona,Urbanitzacio El Medol
Ford,Focus,Gasolina,79074.0,125.0,manual,14000,Madrid,28013,Madrid,Madrid
Ford,Focus,Gasolina,79074.0,125.0,manual,14000,Huelva,21004,Huelva,Huelva
Ford,Focus,Gasolina,79074.0,125.0,manual,14000,Donostia-San Sebastián,20005,Gipuzkoa,Donostia-San Sebastián
Ford,Focus,Gasolina,48570.0,125.0,manual,15927,Ciudad Real,13003,Ciudad Real,Ciudad Real
Ford,Focus,Gasolina,23638.0,125.0,manual,17995,Ciudad Real,13003,Ciudad Real,Ciudad Real
Ford,Focus,Gasolina,48570.0,125.0,manual,15927,Santiago de Compostela,15703,A Coruña,Santiago de Compostela
Ford,Focus,Gasolina,23638.0,125.0,manual,17995,Santiago de Compostela,15703,A Coruña,Santiago de Compostela
Ford,Focus,Gasolina,48570.0,125.0,manual,15927,Alzira,46600,Valencia,Alzira
Ford,Focus,Gasolina,48570.0,125.0,manual,15927,Alzira,46600,Valencia,Alzira
Ford,Focus,Gasolina,48570.0,125.0,manual,15927,Albacete,2001,Albacete,Albacete
Ford,Focus,Gasolina,48570.0,125.0,manual,15927,Alicante,3007,Alicante,Alicante
Ford,Focus,Gasolina,48570.0,125.0,manual,15927,Alcobendas,28100,Madrid,Alcobendas
Ford,Focus,Gasolina,48570.0,125.0,manual,15927,Castello/Castellon de La Plana,12100,Castellón,Castello/Castellon de La Plana
Ford,Focus,Gasolina,48570.0,125.0,manual,15927,Hidraulica Santillana,28770,Madrid,Hidraulica Santillana
Ford,Focus,Gasolina,23638.0,125.0,manual,17995,Alcobendas,28100,Madrid,Alcobendas
Ford,Focus,Gasolina,23638.0,125.0,manual,17995,Hidraulica Santillana,28770,Madrid,Hidraulica Santillana
Ford,Focus,Gasolina,23638.0,125.0,manual,17995,Albacete,2001,Albacete,Albacete
Ford,Focus,Gasolina,23638.0,125.0,manual,17995,Castello/Castellon de La Plana,12100,Castellón,Castello/Castellon de La Plana
Ford,Focus,Gasolina,23638.0,125.0,manual,17995,Alicante,3007,Alicante,Alicante
Ford,Focus,Gasolina,23638.0,125.0,manual,17995,Alzira,46600,Valencia,Alzira
Ford,Focus,Gasolina,23638.0,125.0,manual,17995,Alzira,46600,Valencia,Alzira
Ford,Focus,Gasolina,48570.0,125.0,manual,15927,Colonia Pablo Iglesias,28520,Madrid,Colonia Pablo Iglesias
Ford,Focus,Gasolina,48570.0,125.0,manual,15927,Las Rozas de Madrid,28232,Madrid,Las Rozas de Madrid
Ford,Focus,Gasolina,48570.0,125.0,manual,15927,Alameda del Obispo,14005,Córdoba,Alameda del Obispo
Ford,Focus,Gasolina,48570.0,125.0,manual,15927,Torremolinos,29620,Málaga,Torremolinos
Ford,Focus,Gasolina,48570.0,125.0,manual,15927,Torremolinos,29620,Málaga,Torremolinos
Ford,Focus,Gasolina,48570.0,125.0,manual,15927,Torremolinos,29620,Málaga,Torremolinos
Ford,Focus,Gasolina,23638.0,125.0,manual,17995,Colonia Pablo Iglesias,28520,Madrid,Colonia Pablo Iglesias
Ford,Focus,Gasolina,23638.0,125.0,manual,17995,Las Rozas de Madrid,28232,Madrid,Las Rozas de Madrid
Ford,Focus,Gasolina,23638.0,125.0,manual,17995,Alameda del Obispo,14005,Córdoba,Alameda del Obispo
Ford,Focus,Gasolina,23638.0,125.0,manual,17995,Torremolinos,29620,Málaga,Torremolinos
Ford,Focus,Gasolina,23638.0,125.0,manual,17995,Torremolinos,29620,Málaga,Torremolinos
Ford,Focus,Gasolina,23638.0,125.0,manual,17995,Torremolinos,29620,Málaga,Torremolinos
Ford,Focus,Gasolina,79074.0,125.0,manual,14000,Sevilla,41004,Sevilla,Sevilla
Ford,Focus,Gasolina,79074.0,125.0,manual,14000,Leganés,28914,Madrid,Leganés
Ford,Focus,Gasolina,79074.0,125.0,manual,14000,Murcia,30001,Murcia,Murcia
Ford,Focus,Gasolina,79074.0,125.0,manual,14000,Leganés,28911,Madrid,Leganés
Ford,Focus,Gasolina,79074.0,125.0,manual,14000,Valencia,46003,Valencia,Valencia
Ford,Focus,Gasolina,79074.0,125.0,manual,14000,Sabadell,8203,Barcelona,Sabadell
Ford,Focus,Gasolina,79074.0,125.0,manual,14000,Toledo,45002,Toledo,Toledo
Ford,Focus,Gasolina,79074.0,125.0,manual,14000,Alcalá de Henares,28801,Madrid,Alcalá de Henares
Ford,Focus,Gasolina,79074.0,125.0,manual,14000,Alcobendas,28100,Madrid,Alcobendas
Ford,Focus,Gasolina,79074.0,125.0,manual,14000,Barcelona,8013,Barcelona,Barcelona
Ford,Focus,Gasolina,79074.0,125.0,manual,14000,Valladolid,47004,Valladolid,Valladolid
Ford,Focus,Gasolina,79074.0,125.0,manual,14000,Viladecans,8840,Barcelona,Viladecans
Ford,Focus,Gasolina,79074.0,125.0,manual,14000,San Sebastián de Los Reyes,28700,Madrid,San Sebastián de Los Reyes
Ford,Focus,Gasolina,79074.0,125.0,manual,14000,Móstoles,28931,Madrid,Móstoles
Ford,Focus,Gasolina,136000.0,180.0,manual,11990,Barcelona,8038,Barcelona,Barcelona
Jaguar,XE,Diésel,86330.0,180.0,automatic,18490,Valencia,46001,Valencia,Valencia
Jaguar,XE,Diésel,86330.0,180.0,automatic,18490,Cáceres,10001,Cáceres,Cáceres
Jaguar,XE,Diésel,86330.0,180.0,automatic,18490,Ciudad Real,13005,Ciudad Real,Ciudad Real
Ford,Focus,Diésel,178000.0,115.0,manual,8300,La Papiola,43178,Tarragona,La Papiola
Ford,Focus,Diésel,61305.0,185.0,automatic,23999,Cuenca,16002,Cuenca,Cuenca
Ford,Focus,Gasolina,34900.0,100.0,manual,5490,Leioa,48940,Bizkaia,Leioa
Ford,Focus,Diésel,210000.0,95.0,manual,4300,Badalona,8911,Barcelona,Badalona
Ford,Focus,Gasolina,92000.0,100.0,manual,2690,Massanassa,46470,Valencia,Massanassa
Ford,Focus,Gasolina,92000.0,100.0,manual,2690,Massanassa,46470,Valencia,Massanassa
Ford,Focus,Gasolina,92000.0,100.0,manual,2690,Massanassa,46470,Valencia,Massanassa
Ford,Focus,Gasolina,92000.0,100.0,manual,2690,Massanassa,46470,Valencia,Massanassa
Peugeot,207,Diésel,105040.0,92.0,manual,7900,Santafe,18320,Granada,Santafe
Peugeot,207,Diésel,42000.0,68.0,manual,7995,Bonavista,43100,Tarragona,Bonavista
Peugeot,207,Diésel,42000.0,68.0,manual,7995,Bonavista,43100,Tarragona,Bonavista
Peugeot,207,Diésel,160000.0,92.0,manual,5500,Calonge,17251,Girona,Calonge
Peugeot,207,Gasolina,116700.0,75.0,manual,5795,Torrent,46900,Valencia,Torrent
Peugeot,207,Diésel,202000.0,70.0,manual,3900,Badajoz,6007,Badajoz,Badajoz
Peugeot,207,Gasolina,180000.0,110.0,manual,4500,Beniparrell,46469,Valencia,Beniparrell
Peugeot,207,Gasolina,180000.0,110.0,manual,4200,Beniparrell,46469,Valencia,Beniparrell
Peugeot,207,Diésel,90000.0,70.0,manual,5495,Los Combos,28938,Madrid,Los Combos
Ford,Focus,Gasolina,175000.0,125.0,manual,6999,Villanueva del Arzobispo,23330,Jaén,Villanueva del Arzobispo
Peugeot,2008,Diésel,89000.0,100.0,manual,434,Madrid,28006,Madrid,Madrid
Peugeot,2008,Diésel,116000.0,102.0,manual,318,Madrid,28006,Madrid,Madrid
Peugeot,2008,Diésel,52549.0,100.0,manual,20490,Madrid,28021,Madrid,Madrid
Peugeot,2008,Diésel,52549.0,100.0,manual,20690,Madrid,28021,Madrid,Madrid
Peugeot,2008,Diésel,35280.0,100.0,manual,20990,Madrid,28021,Madrid,Madrid
Peugeot,2008,Diésel,35280.0,100.0,manual,21390,Madrid,28021,Madrid,Madrid
Peugeot,2008,Gasolina,98000.0,110.0,automatic,14990,Bilbao,48004,Bizkaia,Bilbao
Peugeot,2008,Gasolina,98000.0,110.0,automatic,14990,Sevilla,41005,Sevilla,Sevilla
Peugeot,2008,Diésel,90000.0,92.0,automatic,11490,Bilbao,48004,Bizkaia,Bilbao
Peugeot,2008,Diésel,90000.0,92.0,automatic,11490,Sevilla,41005,Sevilla,Sevilla
Peugeot,2008,Diésel,90000.0,92.0,automatic,11490,Ullastrell,8231,Barcelona,Ullastrell
Peugeot,2008,Gasolina,98000.0,110.0,automatic,14990,Almería,4006,Almería,Almería
Peugeot,2008,Gasolina,98000.0,110.0,automatic,14990,Vigo,36211,Pontevedra,Vigo
Peugeot,2008,Gasolina,98000.0,110.0,automatic,14990,Alicante,3010,Alicante,Alicante
Peugeot,2008,Gasolina,98000.0,110.0,automatic,14990,Alicante,3010,Murcia,Alicante
Peugeot,2008,Diésel,90000.0,92.0,automatic,11490,Vigo,36211,Pontevedra,Vigo
Peugeot,2008,Diésel,90000.0,92.0,automatic,11490,Almería,4006,Almería,Almería
Peugeot,2008,Diésel,90000.0,92.0,automatic,11490,Alicante,3010,Alicante,Alicante
Peugeot,2008,Diésel,90000.0,92.0,automatic,11490,Alicante,3010,Murcia,Alicante
Peugeot,2008,Gasolina,98000.0,110.0,automatic,14990,Huelva,21004,Huelva,Huelva
Peugeot,2008,Gasolina,98000.0,110.0,automatic,14990,Granada,18005,Granada,Granada
Peugeot,2008,Diésel,90000.0,92.0,automatic,11490,Granada,18005,Granada,Granada
Peugeot,2008,Gasolina,98000.0,110.0,automatic,14990,Sevilla,41017,Sevilla,Sevilla
Peugeot,2008,Diésel,90000.0,92.0,automatic,11490,Òrrius,8317,Barcelona,Òrrius
Peugeot,2008,Diésel,90000.0,92.0,automatic,11490,Girona,17007,Girona,Girona
Peugeot,2008,Gasolina,98000.0,110.0,automatic,14990,Málaga,29005,Málaga,Málaga
Peugeot,2008,Gasolina,98000.0,110.0,automatic,14990,Valencia,46001,Valencia,Valencia
Peugeot,2008,Diésel,90000.0,92.0,automatic,11490,Málaga,29005,Málaga,Málaga
Peugeot,2008,Diésel,90000.0,92.0,automatic,11490,Valencia,46001,Valencia,Valencia
Peugeot,2008,Gasolina,98000.0,110.0,automatic,14990,Badajoz,6003,Badajoz,Badajoz
Peugeot,2008,Gasolina,98000.0,110.0,automatic,14990,Cáceres,10001,Cáceres,Cáceres
Peugeot,2008,Diésel,90000.0,92.0,automatic,11490,Palma de Mallorca,7003,Baleares,Palma de Mallorca
Peugeot,2008,Diésel,90000.0,92.0,automatic,11490,Tarragona,43006,Tarragona,Tarragona
Peugeot,2008,Diésel,90000.0,92.0,automatic,11490,Palau-Solita I Plegamans,8184,Barcelona,Palau-Solita I Plegamans
Peugeot,2008,Diésel,90000.0,92.0,automatic,11490,Palau-Solita I Plegamans,8184,Barcelona,Palau-Solita I Plegamans
Ford,Focus,Gasolina,196000.0,225.0,manual,10850,Los Tanagos,39548,Cantabria,Los Tanagos
Ford,Focus,Gasolina,196000.0,225.0,manual,10850,Los Tanagos,39548,Cantabria,Los Tanagos
Fiat,Tipo,Otros,181456.0,120.0,manual,10300,La Poveda,28500,Madrid,La Poveda
Peugeot,3008,Diésel,112000.0,149.0,manual,502,Madrid,28006,Madrid,Madrid
Peugeot,3008,Diésel,94935.0,130.0,automatic,24990,Madrid,28021,Madrid,Madrid
Peugeot,3008,Diésel,80111.0,130.0,automatic,25990,Madrid,28021,Madrid,Madrid
Peugeot,3008,Diésel,103308.0,130.0,manual,18990,Bilbao,48004,Bizkaia,Bilbao
Peugeot,3008,Diésel,103308.0,130.0,manual,17990,Bilbao,48004,Bizkaia,Bilbao
Peugeot,3008,Diésel,103308.0,130.0,manual,18990,Sevilla,41005,Sevilla,Sevilla
Peugeot,3008,Diésel,103308.0,130.0,manual,17990,Sevilla,41005,Sevilla,Sevilla
Peugeot,3008,Gasolina,57000.0,130.0,manual,13490,Bilbao,48004,Bizkaia,Bilbao
Peugeot,3008,Gasolina,89000.0,180.0,automatic,23990,Bilbao,48004,Bizkaia,Bilbao
Peugeot,3008,Gasolina,89000.0,180.0,automatic,23990,Ullastrell,8231,Barcelona,Ullastrell
Peugeot,3008,Diésel,103308.0,130.0,manual,18990,Almería,4006,Almería,Almería
Peugeot,3008,Diésel,103308.0,130.0,manual,17990,Almería,4006,Almería,Almería
Peugeot,3008,Diésel,103308.0,130.0,manual,18990,Vigo,36211,Pontevedra,Vigo
Peugeot,3008,Diésel,103308.0,130.0,manual,17990,Vigo,36211,Pontevedra,Vigo
Peugeot,3008,Gasolina,57000.0,130.0,manual,13490,Sevilla,41005,Sevilla,Sevilla
Peugeot,3008,Diésel,103308.0,130.0,manual,18990,Alicante,3010,Alicante,Alicante
Peugeot,3008,Diésel,103308.0,130.0,manual,18990,Alicante,3010,Murcia,Alicante
Peugeot,3008,Diésel,103308.0,130.0,manual,17990,Alicante,3010,Alicante,Alicante
Peugeot,3008,Diésel,103308.0,130.0,manual,17990,Alicante,3010,Murcia,Alicante
Peugeot,3008,Gasolina,89000.0,180.0,automatic,23990,Sevilla,41005,Sevilla,Sevilla
Peugeot,3008,Gasolina,57000.0,130.0,manual,13490,Almería,4006,Almería,Almería
Peugeot,3008,Gasolina,57000.0,130.0,manual,13490,Vigo,36211,Pontevedra,Vigo
Peugeot,3008,Gasolina,57000.0,130.0,manual,13490,Alicante,3010,Alicante,Alicante
Peugeot,3008,Gasolina,57000.0,130.0,manual,13490,Alicante,3010,Murcia,Alicante
Peugeot,3008,Gasolina,89000.0,180.0,automatic,23990,Almería,4006,Almería,Almería
Peugeot,3008,Gasolina,89000.0,180.0,automatic,23990,Vigo,36211,Pontevedra,Vigo
Peugeot,3008,Gasolina,89000.0,180.0,automatic,23990,Alicante,3010,Alicante,Alicante
Peugeot,3008,Gasolina,89000.0,180.0,automatic,23990,Alicante,3010,Murcia,Alicante
Peugeot,3008,Diésel,103308.0,130.0,manual,18990,Granada,18005,Granada,Granada
Peugeot,3008,Diésel,103308.0,130.0,manual,17990,Granada,18005,Granada,Granada
Peugeot,3008,Diésel,116000.0,130.0,manual,19450,Terrassa,8223,Barcelona,Terrassa
Peugeot,3008,Diésel,116000.0,130.0,manual,18950,Terrassa,8223,Barcelona,Terrassa
Peugeot,3008,Diésel,103308.0,130.0,manual,18990,Jaén,23008,Jaén,Jaén
Peugeot,3008,Diésel,103308.0,130.0,manual,17990,Jaén,23008,Jaén,Jaén
Peugeot,3008,Diésel,103308.0,130.0,manual,18990,Sevilla,41017,Sevilla,Sevilla
Peugeot,3008,Diésel,103308.0,130.0,manual,17990,Sevilla,41017,Sevilla,Sevilla
Peugeot,3008,Gasolina,89000.0,180.0,automatic,23990,Òrrius,8317,Barcelona,Òrrius
Peugeot,3008,Gasolina,57000.0,130.0,manual,13490,Las Rozas de Madrid,28232,Madrid,Las Rozas de Madrid
Peugeot,3008,Diésel,103308.0,130.0,manual,18990,Murcia,30005,Murcia,Murcia
Peugeot,3008,Diésel,103308.0,130.0,manual,17990,Murcia,30005,Murcia,Murcia
Peugeot,3008,Gasolina,57000.0,130.0,manual,13490,Urbanizacion La Granjilla,28700,Madrid,Urbanizacion La Granjilla
Peugeot,3008,Gasolina,89000.0,180.0,automatic,23990,Girona,17007,Girona,Girona
Peugeot,3008,Gasolina,57000.0,130.0,manual,13490,Murcia,30005,Murcia,Murcia
Peugeot,3008,Gasolina,89000.0,180.0,automatic,23990,Murcia,30005,Murcia,Murcia
Peugeot,3008,Gasolina,57000.0,130.0,manual,13490,Granada,18005,Granada,Granada
Fiat,500L,Gasolina,103755.0,95.0,manual,12639,Granollers,8403,Barcelona,Granollers
Fiat,500L,Gasolina,65756.0,95.0,manual,12600,Granollers,8403,Barcelona,Granollers
Fiat,500L,Gasolina,165699.0,95.0,manual,6990,Almería,4006,Almería,Almería
Fiat,500L,Gasolina,165699.0,95.0,manual,7990,Almería,4006,Almería,Almería
Fiat,500L,Gasolina,103755.0,95.0,manual,12639,Badajoz,6008,Badajoz,Badajoz
Fiat,500L,Gasolina,65756.0,95.0,manual,12600,Badajoz,6008,Badajoz,Badajoz
Fiat,500L,Gasolina,165699.0,95.0,manual,6990,Sevilla,41005,Sevilla,Sevilla
Fiat,500L,Gasolina,165699.0,95.0,manual,7990,Sevilla,41005,Sevilla,Sevilla
Fiat,500L,Gasolina,165699.0,95.0,manual,6990,Alicante,3010,Alicante,Alicante
Fiat,500L,Gasolina,165699.0,95.0,manual,6990,Alicante,3010,Murcia,Alicante
Fiat,500L,Gasolina,165699.0,95.0,manual,7990,Alicante,3010,Alicante,Alicante
Fiat,500L,Gasolina,165699.0,95.0,manual,7990,Alicante,3010,Murcia,Alicante
Fiat,500L,Gasolina,165699.0,95.0,manual,6990,Vigo,36211,Pontevedra,Vigo
Fiat,500L,Gasolina,165699.0,95.0,manual,7990,Vigo,36211,Pontevedra,Vigo
Fiat,500L,Gasolina,165699.0,95.0,manual,6990,Granada,18005,Granada,Granada
Fiat,500L,Gasolina,165699.0,95.0,manual,7990,Granada,18005,Granada,Granada
Fiat,500L,Gasolina,165699.0,95.0,manual,6990,Sevilla,41017,Sevilla,Sevilla
Fiat,500L,Gasolina,165699.0,95.0,manual,7990,Sevilla,41017,Sevilla,Sevilla
Fiat,500L,Gasolina,103755.0,95.0,manual,12639,Barcelona,8007,Barcelona,Barcelona
Fiat,500L,Gasolina,65756.0,95.0,manual,12600,Barcelona,8007,Barcelona,Barcelona
Fiat,500L,Gasolina,165699.0,95.0,manual,6990,Málaga,29005,Málaga,Málaga
Fiat,500L,Gasolina,165699.0,95.0,manual,7990,Málaga,29005,Málaga,Málaga
Fiat,500L,Gasolina,165699.0,95.0,manual,6990,Valencia,46001,Valencia,Valencia
Fiat,500L,Gasolina,165699.0,95.0,manual,7990,Valencia,46001,Valencia,Valencia
Fiat,500L,Gasolina,165699.0,95.0,manual,6990,Bilbao,48004,Bizkaia,Bilbao
Fiat,500L,Gasolina,165699.0,95.0,manual,7990,Bilbao,48004,Bizkaia,Bilbao
Fiat,500L,Gasolina,165699.0,95.0,manual,6990,Murcia,30005,Murcia,Murcia
Fiat,500L,Gasolina,165699.0,95.0,manual,7990,Murcia,30005,Murcia,Murcia
Fiat,500L,Gasolina,165699.0,95.0,manual,6990,Algeciras,11202,Cádiz,Algeciras
Fiat,500L,Gasolina,165699.0,95.0,manual,7990,Algeciras,11202,Cádiz,Algeciras
Fiat,500L,Gasolina,165699.0,95.0,manual,6990,Marbella,29601,Málaga,Marbella
Fiat,500L,Gasolina,165699.0,95.0,manual,7990,Marbella,29601,Málaga,Marbella
Peugeot,508,Diésel,27369.0,130.0,automatic,25990,Córdoba,14003,Córdoba,Córdoba
Peugeot,508,Diésel,27369.0,130.0,automatic,25990,Cáceres,10001,Cáceres,Cáceres
Peugeot,508,Diésel,139000.0,204.0,automatic,11900,Velilla de San Antonio,28891,Madrid,Velilla de San Antonio
Peugeot,508,Diésel,138000.0,120.0,manual,13990,Bilbao,48001,Bizkaia,Bilbao
Peugeot,208,Gasolina,41303.0,100.0,manual,15390,Madrid,28021,Madrid,Madrid
Peugeot,208,Diésel,42375.0,100.0,manual,11790,Madrid,28021,Madrid,Madrid
Peugeot,208,Diésel,93805.0,100.0,manual,11590,Madrid,28021,Madrid,Madrid
Peugeot,208,Diésel,93805.0,100.0,manual,11790,Madrid,28021,Madrid,Madrid
Peugeot,208,Gasolina,46550.0,110.0,automatic,14375,Vigo,36214,Pontevedra,Vigo
Peugeot,208,Diésel,8604.0,100.0,manual,19952,Collado Villalba,28400,Madrid,Collado Villalba
Peugeot,208,Diésel,8604.0,100.0,manual,19952,Collado Villalba,28400,Madrid,Collado Villalba
Peugeot,208,Diésel,8604.0,100.0,manual,19952,Vigo,36214,Pontevedra,Vigo
Peugeot,208,Gasolina,46550.0,110.0,automatic,14375,Mercado Parque Corredor del Henares,28850,Madrid,Mercado Parque Corredor del Henares
Peugeot,208,Diésel,8604.0,100.0,manual,19952,Mercado Parque Corredor del Henares,28850,Madrid,Mercado Parque Corredor del Henares
Peugeot,208,Gasolina,46550.0,110.0,automatic,14375,Colonia Pablo Iglesias,28520,Madrid,Colonia Pablo Iglesias
Peugeot,208,Diésel,8604.0,100.0,manual,19952,Colonia Pablo Iglesias,28520,Madrid,Colonia Pablo Iglesias
Peugeot,208,Gasolina,46550.0,110.0,automatic,14375,Sant Vicenç de Montalt,8394,Barcelona,Sant Vicenç de Montalt
Peugeot,208,Gasolina,46550.0,110.0,automatic,14375,Estepona,29680,Málaga,Estepona
Peugeot,208,Diésel,8604.0,100.0,manual,19952,Sant Vicenç de Montalt,8394,Barcelona,Sant Vicenç de Montalt
Peugeot,208,Diésel,8604.0,100.0,manual,19952,Estepona,29680,Málaga,Estepona
Peugeot,208,Gasolina,43770.0,75.0,manual,15900,Inca,7300,Baleares,Inca
Peugeot,208,Gasolina,46550.0,110.0,automatic,14375,Murcia,30003,Murcia,Murcia
Peugeot,208,Gasolina,46550.0,110.0,automatic,14375,Saladar,3700,Alicante,Saladar
Peugeot,208,Gasolina,46550.0,110.0,automatic,14375,Granollers,8403,Barcelona,Granollers
Peugeot,208,Diésel,8604.0,100.0,manual,19952,Murcia,30003,Murcia,Murcia
Peugeot,208,Diésel,8604.0,100.0,manual,19952,Saladar,3700,Alicante,Saladar
Peugeot,208,Diésel,8604.0,100.0,manual,19952,Granollers,8403,Barcelona,Granollers
Peugeot,208,Gasolina,46550.0,110.0,automatic,14375,Ciudad Real,13003,Ciudad Real,Ciudad Real
Peugeot,208,Diésel,8604.0,100.0,manual,19952,Ciudad Real,13003,Ciudad Real,Ciudad Real
Peugeot,208,Gasolina,46550.0,110.0,automatic,14375,Valdepeñas,13300,Ciudad Real,Valdepeñas
Peugeot,208,Gasolina,46550.0,110.0,automatic,14375,Valdepeñas,13300,Ciudad Real,Valdepeñas
Peugeot,208,Diésel,8604.0,100.0,manual,19952,Valdepeñas,13300,Ciudad Real,Valdepeñas
Peugeot,208,Diésel,8604.0,100.0,manual,19952,Valdepeñas,13300,Ciudad Real,Valdepeñas
Peugeot,208,Diésel,110000.0,68.0,manual,8490,Bilbao,48004,Bizkaia,Bilbao
Peugeot,208,Diésel,112725.0,75.0,manual,6990,Bilbao,48004,Bizkaia,Bilbao
Peugeot,208,Diésel,110000.0,68.0,manual,8490,Sevilla,41005,Sevilla,Sevilla
Peugeot,208,Diésel,112725.0,75.0,manual,6990,Sevilla,41005,Sevilla,Sevilla
Peugeot,208,Gasolina,46550.0,110.0,automatic,14375,Badajoz,6008,Badajoz,Badajoz
Peugeot,208,Diésel,110000.0,68.0,manual,8490,Almería,4006,Almería,Almería
Peugeot,208,Diésel,110000.0,68.0,manual,8490,Vigo,36211,Pontevedra,Vigo
Peugeot,208,Diésel,110000.0,68.0,manual,8490,Alicante,3010,Alicante,Alicante
Peugeot,208,Diésel,110000.0,68.0,manual,8490,Alicante,3010,Murcia,Alicante
Peugeot,208,Gasolina,95166.0,82.0,manual,10990,Bilbao,48004,Bizkaia,Bilbao
Peugeot,208,Diésel,112725.0,75.0,manual,6990,Almería,4006,Almería,Almería
Peugeot,208,Diésel,112725.0,75.0,manual,6990,Vigo,36211,Pontevedra,Vigo
Peugeot,208,Diésel,112725.0,75.0,manual,6990,Alicante,3010,Alicante,Alicante
Peugeot,208,Diésel,112725.0,75.0,manual,6990,Alicante,3010,Murcia,Alicante
Peugeot,208,Gasolina,95166.0,82.0,manual,10990,Sevilla,41005,Sevilla,Sevilla
Fiat,500,Gasolina,44245.0,69.0,manual,11995,L'Hospitalet de Llobregat,8901,Barcelona,L'Hospitalet de Llobregat
Fiat,500,Gasolina,65000.0,85.0,manual,9990,Sabadell,8203,Barcelona,Sabadell
Fiat,500,Gasolina,65000.0,85.0,manual,10495,Sabadell,8203,Barcelona,Sabadell
Peugeot,308,Diésel,108000.0,130.0,manual,328,Madrid,28006,Madrid,Madrid
Peugeot,308,Diésel,139800.0,120.0,manual,11300,Trapaga-Causo,48510,Bizkaia,Trapaga-Causo
Peugeot,308,Gasolina,35032.0,110.0,manual,16790,Madrid,28021,Madrid,Madrid
Peugeot,308,Gasolina,26791.0,130.0,manual,15990,Castellón,12001,Castellón,Castellón
Peugeot,308,Gasolina,26791.0,130.0,manual,15990,Bilbao,48004,Bizkaia,Bilbao
Peugeot,308,Gasolina,26791.0,130.0,manual,15990,Sevilla,41005,Sevilla,Sevilla
Peugeot,308,Diésel,105000.0,130.0,manual,13990,Bilbao,48004,Bizkaia,Bilbao
Peugeot,308,Diésel,105000.0,130.0,manual,13990,Sevilla,41005,Sevilla,Sevilla
Peugeot,308,Gasolina,26791.0,130.0,manual,15990,Almería,4006,Almería,Almería
Peugeot,308,Gasolina,26791.0,130.0,manual,15990,Vigo,36211,Pontevedra,Vigo
Peugeot,308,Gasolina,26791.0,130.0,manual,15990,Alicante,3010,Alicante,Alicante
Peugeot,308,Gasolina,26791.0,130.0,manual,15990,Alicante,3010,Murcia,Alicante
Peugeot,308,Diésel,105000.0,130.0,manual,13990,Almería,4006,Almería,Almería
Peugeot,308,Diésel,105000.0,130.0,manual,13990,Vigo,36211,Pontevedra,Vigo
Peugeot,308,Diésel,105000.0,130.0,manual,13990,Alicante,3010,Alicante,Alicante
Peugeot,308,Diésel,105000.0,130.0,manual,13990,Alicante,3010,Murcia,Alicante
Peugeot,308,Diésel,105000.0,130.0,manual,13990,Las Rozas de Madrid,28232,Madrid,Las Rozas de Madrid
Peugeot,308,Diésel,105000.0,130.0,manual,13990,Urbanizacion La Granjilla,28700,Madrid,Urbanizacion La Granjilla
Peugeot,308,Gasolina,26791.0,130.0,manual,15990,Murcia,30005,Murcia,Murcia
Peugeot,308,Gasolina,26791.0,130.0,manual,15990,Granada,18005,Granada,Granada
Peugeot,308,Diésel,105000.0,130.0,manual,13990,Murcia,30005,Murcia,Murcia
Peugeot,308,Diésel,105000.0,130.0,manual,13990,Collado Villalba,28400,Madrid,Collado Villalba
Peugeot,308,Diésel,105000.0,130.0,manual,13990,Collado Villalba,28400,Madrid,Collado Villalba
Peugeot,308,Diésel,105000.0,130.0,manual,13990,Granada,18005,Granada,Granada
Peugeot,308,Gasolina,26791.0,130.0,manual,15990,Málaga,29005,Málaga,Málaga
Peugeot,308,Gasolina,26791.0,130.0,manual,15990,Valencia,46001,Valencia,Valencia
Peugeot,308,Diésel,105000.0,130.0,manual,13990,Toledo,45002,Toledo,Toledo
Peugeot,308,Diésel,105000.0,130.0,manual,13990,Málaga,29005,Málaga,Málaga
Peugeot,308,Diésel,105000.0,130.0,manual,13990,Valencia,46001,Valencia,Valencia
Peugeot,308,Diésel,105000.0,130.0,manual,13990,Villaviciosa de Odón,28670,Madrid,Villaviciosa de Odón
Peugeot,308,Gasolina,26791.0,130.0,manual,15990,Palma de Mallorca,7003,Baleares,Palma de Mallorca
Peugeot,308,Diésel,105000.0,130.0,manual,13990,Fuenlabrada,28947,Madrid,Fuenlabrada
Peugeot,308,Diésel,105000.0,130.0,manual,13990,Camarma de Esteruelas,28816,Madrid,Camarma de Esteruelas
Peugeot,308,Diésel,105000.0,130.0,manual,13990,Camarma de Esteruelas,28816,Madrid,Camarma de Esteruelas
Peugeot,308,Diésel,105000.0,130.0,manual,13990,Colonia Pablo Iglesias,28520,Madrid,Colonia Pablo Iglesias
Peugeot,307,Diésel,93000.0,110.0,manual,4990,El Prat de Llobregat,8820,Barcelona,El Prat de Llobregat
Ford,Fiesta,Gasolina,33036.0,100.0,manual,13789,Zaragoza,50013,Zaragoza,Zaragoza
Ford,Fiesta,Gasolina,33036.0,100.0,manual,13789,Mercado Parque Corredor del Henares,28850,Madrid,Mercado Parque Corredor del Henares
Ford,Fiesta,Gasolina,33036.0,100.0,manual,13789,Santa Maria del Aguila,4710,Almería,Santa Maria del Aguila
Ford,Fiesta,Gasolina,33036.0,100.0,manual,13789,Alcalá de Guadaíra,41500,Sevilla,Alcalá de Guadaíra
Ford,Fiesta,Gasolina,125000.0,100.0,manual,8990,Sevilla,41005,Sevilla,Sevilla
Ford,Fiesta,Gasolina,31289.0,100.0,manual,13990,Sevilla,41005,Sevilla,Sevilla
Ford,Fiesta,Gasolina,33036.0,100.0,manual,13789,Mercabilbao,48970,Bizkaia,Mercabilbao
Ford,Fiesta,Gasolina,33036.0,100.0,manual,13789,Paterna,46980,Valencia,Paterna
Ford,Fiesta,Gasolina,33036.0,100.0,manual,13789,Saladar,3700,Alicante,Saladar
Ford,Fiesta,Gasolina,33036.0,100.0,manual,13789,Puerto de Sagunto,46520,Valencia,Puerto de Sagunto
Ford,Fiesta,Gasolina,125000.0,100.0,manual,8990,Almería,4006,Almería,Almería
Ford,Fiesta,Gasolina,31289.0,100.0,manual,13990,Almería,4006,Almería,Almería
Ford,Fiesta,Gasolina,33036.0,100.0,manual,13789,Estepona,29680,Málaga,Estepona
Ford,Fiesta,Gasolina,125000.0,100.0,manual,8990,Vigo,36211,Pontevedra,Vigo
Ford,Fiesta,Gasolina,31289.0,100.0,manual,13990,Vigo,36211,Pontevedra,Vigo
Ford,Fiesta,Gasolina,33036.0,100.0,manual,13789,Badajoz,6008,Badajoz,Badajoz
Ford,Fiesta,Diésel,77881.0,75.0,manual,10990,Leganés,28916,Madrid,Leganés
Ford,Fiesta,Gasolina,33036.0,100.0,manual,13789,Santafe,18320,Granada,Santafe
Ford,Fiesta,Gasolina,33036.0,100.0,manual,13789,Valdepeñas,13300,Ciudad Real,Valdepeñas
Ford,Fiesta,Gasolina,33036.0,100.0,manual,13789,Valdepeñas,13300,Ciudad Real,Valdepeñas
Ford,Fiesta,Gasolina,125000.0,100.0,manual,8990,Murcia,30005,Murcia,Murcia
Ford,Fiesta,Gasolina,31289.0,100.0,manual,13990,Castellón,12001,Castellón,Castellón
Ford,Fiesta,Gasolina,31289.0,100.0,manual,13990,Murcia,30005,Murcia,Murcia
Ford,Fiesta,Gasolina,125000.0,100.0,manual,8990,Valencia,46001,Valencia,Valencia
Ford,Fiesta,Gasolina,31289.0,100.0,manual,13990,Valencia,46001,Valencia,Valencia
Ford,Fiesta,Gasolina,33036.0,100.0,manual,13789,Granollers,8403,Barcelona,Granollers
Ford,Fiesta,Gasolina,125000.0,100.0,manual,8990,Granada,18005,Granada,Granada
Ford,Fiesta,Gasolina,31289.0,100.0,manual,13990,Granada,18005,Granada,Granada
Ford,Fiesta,Gasolina,33036.0,100.0,manual,13789,Vigo,36214,Pontevedra,Vigo
Ford,Fiesta,Gasolina,33036.0,100.0,manual,13789,Murcia,30003,Murcia,Murcia
Ford,Fiesta,Gasolina,33036.0,100.0,manual,13789,Atarrabia,31610,Navarra,Atarrabia
Ford,Fiesta,Gasolina,125000.0,100.0,manual,8990,Bilbao,48004,Bizkaia,Bilbao
Ford,Fiesta,Gasolina,125000.0,100.0,manual,8990,Alicante,3010,Alicante,Alicante
Ford,Fiesta,Gasolina,125000.0,100.0,manual,8990,Alicante,3010,Murcia,Alicante
Ford,Fiesta,Gasolina,33036.0,100.0,manual,13789,Olèrdola,8734,Barcelona,Olèrdola
Ford,Fiesta,Gasolina,33036.0,100.0,manual,13789,Olèrdola,8734,Barcelona,Olèrdola
Ford,Fiesta,Gasolina,31289.0,100.0,manual,13990,Bilbao,48004,Bizkaia,Bilbao
Ford,Fiesta,Gasolina,31289.0,100.0,manual,13990,Alicante,3010,Alicante,Alicante
Ford,Fiesta,Gasolina,31289.0,100.0,manual,13990,Alicante,3010,Murcia,Alicante
Ford,Fiesta,Gasolina,33036.0,100.0,manual,13789,Sant Vicenç de Montalt,8394,Barcelona,Sant Vicenç de Montalt
Ford,Fiesta,Gasolina,85699.0,82.0,manual,8199,Madrid,28014,Madrid,Madrid
Ford,Fiesta,Gasolina,85699.0,82.0,manual,8199,Barcelona,8007,Barcelona,Barcelona
Ford,Fiesta,Gasolina,125000.0,100.0,manual,8990,Palma de Mallorca,7003,Baleares,Palma de Mallorca
Ford,Fiesta,Gasolina,31289.0,100.0,manual,13990,Palma de Mallorca,7003,Baleares,Palma de Mallorca
Ford,Fiesta,Gasolina,33036.0,100.0,manual,13789,Ciudad Real,13003,Ciudad Real,Ciudad Real
Ford,Fiesta,Gasolina,33036.0,100.0,manual,13789,Santiago de Compostela,15703,A Coruña,Santiago de Compostela
Ford,Fiesta,Gasolina,33036.0,100.0,manual,13789,Alcobendas,28100,Madrid,Alcobendas
Ford,Fiesta,Gasolina,33036.0,100.0,manual,13789,Albacete,2001,Albacete,Albacete
Ford,Fiesta,Gasolina,33036.0,100.0,manual,13789,Alzira,46600,Valencia,Alzira
Ford,Fiesta,Gasolina,33036.0,100.0,manual,13789,Alzira,46600,Valencia,Alzira
Ford,Fiesta,Gasolina,33036.0,100.0,manual,13789,Castello/Castellon de La Plana,12100,Castellón,Castello/Castellon de La Plana
Ford,Fiesta,Gasolina,33036.0,100.0,manual,13789,Alicante,3007,Alicante,Alicante
Ford,Fiesta,Gasolina,33036.0,100.0,manual,13789,Hidraulica Santillana,28770,Madrid,Hidraulica Santillana
Ford,Fiesta,Gasolina,33036.0,100.0,manual,13789,Colonia Pablo Iglesias,28520,Madrid,Colonia Pablo Iglesias
Ford,Fiesta,Gasolina,33036.0,100.0,manual,13789,Las Rozas de Madrid,28232,Madrid,Las Rozas de Madrid
Ford,Fiesta,Gasolina,33036.0,100.0,manual,13789,Alameda del Obispo,14005,Córdoba,Alameda del Obispo
Ford,Fiesta,Gasolina,33036.0,100.0,manual,13789,Torremolinos,29620,Málaga,Torremolinos
Ford,Fiesta,Gasolina,33036.0,100.0,manual,13789,Torremolinos,29620,Málaga,Torremolinos
Ford,Fiesta,Gasolina,33036.0,100.0,manual,13789,Torremolinos,29620,Málaga,Torremolinos
Ford,Fiesta,Gasolina,31900.0,75.0,manual,14800,Castelldefels,8860,Barcelona,Castelldefels
Ford,Fiesta,Diésel,149000.0,95.0,manual,5990,Camping Costa Blanca,43850,Tarragona,Camping Costa Blanca
Ford,Fiesta,Diésel,239900.0,68.0,manual,3149,Alqueria,29130,Málaga,Alqueria
Ford,Fiesta,Diésel,103900.0,68.0,manual,4900,Zaratán,47610,Valladolid,Zaratán
Ford,Fiesta,Gasolina,176300.0,96.0,automatic,6500,Vélez-Málaga,29700,Málaga,Vélez-Málaga
Ford,Fiesta,Diésel,84470.0,95.0,manual,183,Girona,17007,Girona,Girona
Ford,Fiesta,Diésel,84470.0,95.0,manual,188,Girona,17007,Girona,Girona
SEAT,Exeo,Diésel,280000.0,143.0,manual,2999,San Martin,28939,Madrid,San Martin
SEAT,Exeo,Diésel,280000.0,143.0,manual,2999,San Martin,28939,Madrid,San Martin
Ford,C-MAX,Gasolina,56031.0,125.0,manual,17520,Vigo,36214,Pontevedra,Vigo
Ford,C-MAX,Gasolina,56031.0,125.0,manual,17520,Saladar,3700,Alicante,Saladar
Ford,C-MAX,Gasolina,56031.0,125.0,manual,17520,Granollers,8403,Barcelona,Granollers
Ford,C-MAX,Gasolina,56031.0,125.0,manual,17520,Badajoz,6008,Badajoz,Badajoz
Ford,C-MAX,Gasolina,56031.0,125.0,manual,17520,Barcelona,8007,Barcelona,Barcelona
Peugeot,Rifter,Diésel,60000.0,100.0,manual,22990,Granada,18005,Granada,Granada
Peugeot,Rifter,Diésel,66459.0,100.0,manual,24139,Barcelona,8007,Barcelona,Barcelona
Peugeot,Rifter,Diésel,60000.0,100.0,manual,22990,Málaga,29005,Málaga,Málaga
Peugeot,Rifter,Diésel,60000.0,100.0,manual,22990,Valencia,46001,Valencia,Valencia
Peugeot,Rifter,Diésel,66459.0,100.0,manual,24139,Olèrdola,8734,Barcelona,Olèrdola
Peugeot,Rifter,Diésel,66459.0,100.0,manual,24139,Olèrdola,8734,Barcelona,Olèrdola
Peugeot,Rifter,Diésel,60000.0,100.0,manual,22990,Armentia,1007,Álava,Armentia
Peugeot,Rifter,Diésel,60000.0,100.0,manual,22990,Oviedo,33003,Asturias,Oviedo
Peugeot,Rifter,Diésel,66459.0,100.0,manual,24139,Santa Maria del Aguila,4710,Almería,Santa Maria del Aguila
Peugeot,Rifter,Diésel,66459.0,100.0,manual,24139,Las Rozas de Madrid,28232,Madrid,Las Rozas de Madrid
Peugeot,Rifter,Diésel,66459.0,100.0,manual,24139,Zaragoza,50013,Zaragoza,Zaragoza
Peugeot,Rifter,Diésel,66459.0,100.0,manual,24139,Paterna,46980,Valencia,Paterna
Peugeot,Rifter,Diésel,66459.0,100.0,manual,24139,Puerto de Sagunto,46520,Valencia,Puerto de Sagunto
Peugeot,206,Diésel,170000.0,70.0,manual,2290,Terrassa,8221,Barcelona,Terrassa
Peugeot,5008,Diésel,151480.0,112.0,manual,9400,Linares,23700,Jaén,Linares
Peugeot,5008,Gasolina,107000.0,130.0,manual,497,Madrid,28006,Madrid,Madrid
Peugeot,5008,Diésel,106000.0,181.0,automatic,25900,Castello/Castellon de La Plana,12100,Castellón,Castello/Castellon de La Plana
Peugeot,5008,Diésel,89900.0,130.0,manual,19790,Bilbao,48004,Bizkaia,Bilbao
Peugeot,5008,Diésel,89900.0,130.0,manual,19490,Bilbao,48004,Bizkaia,Bilbao
Peugeot,5008,Diésel,89900.0,130.0,manual,19790,Sevilla,41005,Sevilla,Sevilla
Peugeot,5008,Diésel,89900.0,130.0,manual,19490,Sevilla,41005,Sevilla,Sevilla
Peugeot,5008,Diésel,89900.0,130.0,manual,19790,Vigo,36211,Pontevedra,Vigo
Peugeot,5008,Diésel,89900.0,130.0,manual,19490,Vigo,36211,Pontevedra,Vigo
Peugeot,5008,Diésel,89900.0,130.0,manual,19790,Almería,4006,Almería,Almería
Peugeot,5008,Diésel,89900.0,130.0,manual,19490,Almería,4006,Almería,Almería
Peugeot,5008,Diésel,89900.0,130.0,manual,19790,Alicante,3010,Alicante,Alicante
Peugeot,5008,Diésel,89900.0,130.0,manual,19790,Alicante,3010,Murcia,Alicante
Peugeot,5008,Diésel,89900.0,130.0,manual,19490,Alicante,3010,Alicante,Alicante
Peugeot,5008,Diésel,89900.0,130.0,manual,19490,Alicante,3010,Murcia,Alicante
Peugeot,5008,Diésel,89900.0,130.0,manual,19790,Granada,18005,Granada,Granada
Peugeot,5008,Diésel,89900.0,130.0,manual,19490,Granada,18005,Granada,Granada
Peugeot,5008,Diésel,89900.0,130.0,manual,19790,Las Rozas de Madrid,28232,Madrid,Las Rozas de Madrid
Peugeot,5008,Diésel,89900.0,130.0,manual,19490,Las Rozas de Madrid,28232,Madrid,Las Rozas de Madrid
Peugeot,5008,Diésel,89900.0,130.0,manual,19790,Urbanizacion La Granjilla,28700,Madrid,Urbanizacion La Granjilla
Peugeot,5008,Diésel,89900.0,130.0,manual,19490,Urbanizacion La Granjilla,28700,Madrid,Urbanizacion La Granjilla
Peugeot,5008,Diésel,89900.0,130.0,manual,19790,Murcia,30005,Murcia,Murcia
Peugeot,5008,Diésel,89900.0,130.0,manual,19490,Murcia,30005,Murcia,Murcia
Peugeot,5008,Diésel,89900.0,130.0,manual,19790,Collado Villalba,28400,Madrid,Collado Villalba
Peugeot,5008,Diésel,89900.0,130.0,manual,19790,Collado Villalba,28400,Madrid,Collado Villalba
Peugeot,5008,Diésel,89900.0,130.0,manual,19490,Collado Villalba,28400,Madrid,Collado Villalba
Peugeot,5008,Diésel,89900.0,130.0,manual,19490,Collado Villalba,28400,Madrid,Collado Villalba
Peugeot,5008,Diésel,89900.0,130.0,manual,19790,Málaga,29005,Málaga,Málaga
Peugeot,5008,Diésel,89900.0,130.0,manual,19490,Málaga,29005,Málaga,Málaga
Peugeot,5008,Diésel,89900.0,130.0,manual,19790,Valencia,46001,Valencia,Valencia
Peugeot,5008,Diésel,89900.0,130.0,manual,19490,Valencia,46001,Valencia,Valencia
Peugeot,5008,Diésel,89900.0,130.0,manual,19790,Toledo,45002,Toledo,Toledo
Peugeot,5008,Diésel,89900.0,130.0,manual,19490,Toledo,45002,Toledo,Toledo
Peugeot,5008,Diésel,89900.0,130.0,manual,19790,Villaviciosa de Odón,28670,Madrid,Villaviciosa de Odón
Peugeot,5008,Diésel,89900.0,130.0,manual,19490,Villaviciosa de Odón,28670,Madrid,Villaviciosa de Odón
Peugeot,5008,Diésel,89900.0,130.0,manual,19790,Fuenlabrada,28947,Madrid,Fuenlabrada
Peugeot,5008,Diésel,89900.0,130.0,manual,19490,Fuenlabrada,28947,Madrid,Fuenlabrada
Peugeot,5008,Diésel,89900.0,130.0,manual,19790,Colonia Pablo Iglesias,28520,Madrid,Colonia Pablo Iglesias
Peugeot,5008,Diésel,89900.0,130.0,manual,19490,Colonia Pablo Iglesias,28520,Madrid,Colonia Pablo Iglesias
Peugeot,5008,Diésel,89900.0,130.0,manual,19790,Camarma de Esteruelas,28816,Madrid,Camarma de Esteruelas
Peugeot,5008,Diésel,89900.0,130.0,manual,19790,Camarma de Esteruelas,28816,Madrid,Camarma de Esteruelas
Peugeot,5008,Diésel,89900.0,130.0,manual,19490,Camarma de Esteruelas,28816,Madrid,Camarma de Esteruelas
Peugeot,5008,Diésel,89900.0,130.0,manual,19490,Camarma de Esteruelas,28816,Madrid,Camarma de Esteruelas
Peugeot,5008,Gasolina,217300.0,120.0,manual,5990,Madrid,28022,Madrid,Madrid
Peugeot,5008,Diésel,41564.0,120.0,manual,23299,Madrid,28014,Madrid,Madrid
Peugeot,5008,Diésel,41564.0,120.0,manual,23299,Barcelona,8007,Barcelona,Barcelona
Ford,EcoSport,Gasolina,90237.0,140.0,manual,17800,Granollers,8403,Barcelona,Granollers
Ford,EcoSport,Gasolina,38323.0,140.0,manual,18170,Granollers,8403,Barcelona,Granollers
Ford,EcoSport,Gasolina,90237.0,140.0,manual,17800,Vigo,36214,Pontevedra,Vigo
Ford,EcoSport,Gasolina,90237.0,140.0,manual,17800,Murcia,30003,Murcia,Murcia
Ford,EcoSport,Gasolina,38323.0,140.0,manual,18170,Vigo,36214,Pontevedra,Vigo
Ford,EcoSport,Gasolina,38323.0,140.0,manual,18170,Murcia,30003,Murcia,Murcia
Ford,EcoSport,Gasolina,90237.0,140.0,manual,17800,Atarrabia,31610,Navarra,Atarrabia
Ford,EcoSport,Gasolina,38323.0,140.0,manual,18170,Atarrabia,31610,Navarra,Atarrabia
Ford,EcoSport,Gasolina,90237.0,140.0,manual,17800,Olèrdola,8734,Barcelona,Olèrdola
Ford,EcoSport,Gasolina,90237.0,140.0,manual,17800,Olèrdola,8734,Barcelona,Olèrdola
Ford,EcoSport,Gasolina,38323.0,140.0,manual,18170,Olèrdola,8734,Barcelona,Olèrdola
Ford,EcoSport,Gasolina,38323.0,140.0,manual,18170,Olèrdola,8734,Barcelona,Olèrdola
Ford,EcoSport,Gasolina,90237.0,140.0,manual,17800,Sant Vicenç de Montalt,8394,Barcelona,Sant Vicenç de Montalt
Ford,EcoSport,Gasolina,38323.0,140.0,manual,18170,Sant Vicenç de Montalt,8394,Barcelona,Sant Vicenç de Montalt
Ford,EcoSport,Gasolina,90237.0,140.0,manual,17800,Ciudad Real,13003,Ciudad Real,Ciudad Real
Ford,EcoSport,Gasolina,38323.0,140.0,manual,18170,Ciudad Real,13003,Ciudad Real,Ciudad Real
Ford,EcoSport,Gasolina,90237.0,140.0,manual,17800,Santiago de Compostela,15703,A Coruña,Santiago de Compostela
Ford,EcoSport,Gasolina,38323.0,140.0,manual,18170,Santiago de Compostela,15703,A Coruña,Santiago de Compostela
Ford,EcoSport,Gasolina,90237.0,140.0,manual,17800,Alcobendas,28100,Madrid,Alcobendas
Ford,EcoSport,Gasolina,90237.0,140.0,manual,17800,Hidraulica Santillana,28770,Madrid,Hidraulica Santillana
Ford,EcoSport,Gasolina,90237.0,140.0,manual,17800,Albacete,2001,Albacete,Albacete
Ford,EcoSport,Gasolina,90237.0,140.0,manual,17800,Alzira,46600,Valencia,Alzira
Ford,EcoSport,Gasolina,90237.0,140.0,manual,17800,Alzira,46600,Valencia,Alzira
Ford,EcoSport,Gasolina,90237.0,140.0,manual,17800,Castello/Castellon de La Plana,12100,Castellón,Castello/Castellon de La Plana
Ford,EcoSport,Gasolina,90237.0,140.0,manual,17800,Alicante,3007,Alicante,Alicante
Ford,EcoSport,Gasolina,38323.0,140.0,manual,18170,Alzira,46600,Valencia,Alzira
Ford,EcoSport,Gasolina,38323.0,140.0,manual,18170,Alzira,46600,Valencia,Alzira
Ford,EcoSport,Gasolina,38323.0,140.0,manual,18170,Alcobendas,28100,Madrid,Alcobendas
Ford,EcoSport,Gasolina,38323.0,140.0,manual,18170,Hidraulica Santillana,28770,Madrid,Hidraulica Santillana
Ford,EcoSport,Gasolina,38323.0,140.0,manual,18170,Albacete,2001,Albacete,Albacete
Ford,EcoSport,Gasolina,38323.0,140.0,manual,18170,Castello/Castellon de La Plana,12100,Castellón,Castello/Castellon de La Plana
Ford,EcoSport,Gasolina,38323.0,140.0,manual,18170,Alicante,3007,Alicante,Alicante
Ford,EcoSport,Gasolina,90237.0,140.0,manual,17800,Colonia Pablo Iglesias,28520,Madrid,Colonia Pablo Iglesias
Ford,EcoSport,Gasolina,90237.0,140.0,manual,17800,Las Rozas de Madrid,28232,Madrid,Las Rozas de Madrid
Ford,EcoSport,Gasolina,90237.0,140.0,manual,17800,Alameda del Obispo,14005,Córdoba,Alameda del Obispo
Ford,EcoSport,Gasolina,90237.0,140.0,manual,17800,Torremolinos,29620,Málaga,Torremolinos
Ford,EcoSport,Gasolina,90237.0,140.0,manual,17800,Torremolinos,29620,Málaga,Torremolinos
Ford,EcoSport,Gasolina,90237.0,140.0,manual,17800,Torremolinos,29620,Málaga,Torremolinos
Ford,EcoSport,Gasolina,38323.0,140.0,manual,18170,Colonia Pablo Iglesias,28520,Madrid,Colonia Pablo Iglesias
Ford,EcoSport,Gasolina,38323.0,140.0,manual,18170,Las Rozas de Madrid,28232,Madrid,Las Rozas de Madrid
Ford,EcoSport,Gasolina,38323.0,140.0,manual,18170,Alameda del Obispo,14005,Córdoba,Alameda del Obispo
Ford,EcoSport,Gasolina,38323.0,140.0,manual,18170,Torremolinos,29620,Málaga,Torremolinos
Ford,EcoSport,Gasolina,38323.0,140.0,manual,18170,Torremolinos,29620,Málaga,Torremolinos
Ford,EcoSport,Gasolina,38323.0,140.0,manual,18170,Torremolinos,29620,Málaga,Torremolinos
Peugeot,Partner,Diésel,152810.0,75.0,manual,13966,Sant Boi de Llobregat,8830,Barcelona,Sant Boi de Llobregat
Peugeot,Partner,Diésel,216247.0,92.0,manual,9100,La Poveda,28500,Madrid,La Poveda
Peugeot,Partner,Diésel,152352.0,110.0,manual,7500,Massanassa,46470,Valencia,Massanassa
Peugeot,Partner,Diésel,152352.0,110.0,manual,7500,Massanassa,46470,Valencia,Massanassa
Peugeot,Partner,Diésel,152352.0,110.0,manual,7500,Massanassa,46470,Valencia,Massanassa
Peugeot,Partner,Diésel,152352.0,110.0,manual,7500,Massanassa,46470,Valencia,Massanassa
Peugeot,Partner,Diésel,130000.0,75.0,manual,10500,Calonge,17251,Girona,Calonge
Peugeot,Partner,Diésel,149000.0,92.0,manual,10900,Mataró,8302,Barcelona,Mataró
Peugeot,Partner,Diésel,87000.0,100.0,manual,17500,Sueca,46410,Valencia,Sueca
Ford,Focus,Diésel,87772.0,120.0,manual,12535,Vigo,36214,Pontevedra,Vigo
Ford,Focus,Diésel,87772.0,120.0,manual,12535,Saladar,3700,Alicante,Saladar
Ford,Focus,Diésel,87772.0,120.0,manual,12535,Granollers,8403,Barcelona,Granollers
Ford,Focus,Diésel,87772.0,120.0,manual,12535,Badajoz,6008,Badajoz,Badajoz
Ford,Focus,Diésel,87772.0,120.0,manual,12535,Barcelona,8007,Barcelona,Barcelona
Ford,Focus,Diésel,72000.0,90.0,manual,6850,Montblanc,43400,Tarragona,Montblanc
Ford,Focus,Diésel,72000.0,90.0,manual,6750,Montblanc,43400,Tarragona,Montblanc
Ford,Mondeo,Diésel,188349.0,150.0,automatic,13600,La Poveda,28500,Madrid,La Poveda
Ford,Mondeo,Diésel,18.0,155.0,manual,8490,Pontevedra,36164,Pontevedra,Pontevedra
Opel,Zafira Tourer,Diésel,105878.0,134.0,manual,14990,Sevilla,41005,Sevilla,Sevilla
Opel,Zafira Tourer,Diésel,105878.0,134.0,manual,14990,Collado Villalba,28400,Madrid,Collado Villalba
Opel,Zafira Tourer,Diésel,105878.0,134.0,manual,14990,Collado Villalba,28400,Madrid,Collado Villalba
Opel,Zafira Tourer,Diésel,65000.0,120.0,manual,13490,Almería,4006,Almería,Almería
Opel,Zafira Tourer,Diésel,65000.0,120.0,manual,13490,Òrrius,8317,Barcelona,Òrrius
Opel,Zafira Tourer,Diésel,105878.0,134.0,manual,14990,Almería,4006,Almería,Almería
Opel,Zafira Tourer,Diésel,65000.0,120.0,manual,13490,Vigo,36211,Pontevedra,Vigo
Opel,Zafira Tourer,Diésel,105878.0,134.0,manual,14990,Vigo,36211,Pontevedra,Vigo
Opel,Zafira Tourer,Diésel,65000.0,120.0,manual,13490,Murcia,30005,Murcia,Murcia
Opel,Zafira Tourer,Diésel,65000.0,120.0,manual,13490,Ullastrell,8231,Barcelona,Ullastrell
Opel,Zafira Tourer,Diésel,105878.0,134.0,manual,14990,Murcia,30005,Murcia,Murcia
Opel,Zafira Tourer,Diésel,65000.0,120.0,manual,13490,Valencia,46001,Valencia,Valencia
Opel,Zafira Tourer,Diésel,105878.0,134.0,manual,14990,Valencia,46001,Valencia,Valencia
Opel,Zafira Tourer,Diésel,65000.0,120.0,manual,13490,Granada,18005,Granada,Granada
Opel,Zafira Tourer,Diésel,65000.0,120.0,manual,13490,Málaga,29005,Málaga,Málaga
Opel,Zafira Tourer,Diésel,105878.0,134.0,manual,14990,Granada,18005,Granada,Granada
Opel,Zafira Tourer,Diésel,105878.0,134.0,manual,14990,Málaga,29005,Málaga,Málaga
Opel,Zafira Tourer,Diésel,105878.0,134.0,manual,14990,Urbanizacion La Granjilla,28700,Madrid,Urbanizacion La Granjilla
Opel,Zafira Tourer,Diésel,105878.0,134.0,manual,14990,Toledo,45002,Toledo,Toledo
Opel,Zafira Tourer,Diésel,65000.0,120.0,manual,13490,Alicante,3010,Alicante,Alicante
Opel,Zafira Tourer,Diésel,65000.0,120.0,manual,13490,Alicante,3010,Murcia,Alicante
Opel,Zafira Tourer,Diésel,65000.0,120.0,manual,13490,Bilbao,48004,Bizkaia,Bilbao
Opel,Zafira Tourer,Diésel,105878.0,134.0,manual,14990,Bilbao,48004,Bizkaia,Bilbao
Opel,Zafira Tourer,Diésel,105878.0,134.0,manual,14990,Alicante,3010,Alicante,Alicante
Opel,Zafira Tourer,Diésel,105878.0,134.0,manual,14990,Alicante,3010,Murcia,Alicante
Opel,Zafira Tourer,Diésel,105878.0,134.0,manual,14990,Las Rozas de Madrid,28232,Madrid,Las Rozas de Madrid
Opel,Zafira Tourer,Diésel,105878.0,134.0,manual,14990,Fuenlabrada,28947,Madrid,Fuenlabrada
Opel,Zafira Tourer,Diésel,105878.0,134.0,manual,14990,Camarma de Esteruelas,28816,Madrid,Camarma de Esteruelas
Opel,Zafira Tourer,Diésel,105878.0,134.0,manual,14990,Camarma de Esteruelas,28816,Madrid,Camarma de Esteruelas
Opel,Zafira Tourer,Diésel,105878.0,134.0,manual,14990,Colonia Pablo Iglesias,28520,Madrid,Colonia Pablo Iglesias
Opel,Zafira Tourer,Diésel,48380.0,136.0,manual,14900,Sant Vicenç de Montalt,8394,Barcelona,Sant Vicenç de Montalt
Opel,Zafira Tourer,Diésel,105878.0,134.0,manual,14990,Villaviciosa de Odón,28670,Madrid,Villaviciosa de Odón
Opel,Zafira Tourer,Diésel,65000.0,120.0,manual,13490,Palma de Mallorca,7003,Baleares,Palma de Mallorca
Opel,Zafira Tourer,Diésel,65000.0,120.0,manual,13490,Palau-Solita I Plegamans,8184,Barcelona,Palau-Solita I Plegamans
Opel,Zafira Tourer,Diésel,65000.0,120.0,manual,13490,Palau-Solita I Plegamans,8184,Barcelona,Palau-Solita I Plegamans
Opel,Zafira Tourer,Diésel,65000.0,120.0,manual,13490,Girona,17007,Girona,Girona
Opel,Zafira Tourer,Diésel,65000.0,120.0,manual,13490,Tarragona,43006,Tarragona,Tarragona
Alfa Romeo,Giulietta,Diésel,84269.0,120.0,manual,15950,Alicante,3007,Alicante,Alicante
Alfa Romeo,Giulietta,Diésel,84269.0,120.0,manual,15950,Atarrabia,31610,Navarra,Atarrabia
Alfa Romeo,Giulietta,Diésel,84269.0,120.0,manual,15950,Alameda del Obispo,14005,Córdoba,Alameda del Obispo
Alfa Romeo,Giulietta,Diésel,84269.0,120.0,manual,15950,Torremolinos,29620,Málaga,Torremolinos
Alfa Romeo,Giulietta,Diésel,84269.0,120.0,manual,15950,Torremolinos,29620,Málaga,Torremolinos
Alfa Romeo,Giulietta,Diésel,84269.0,120.0,manual,15950,Torremolinos,29620,Málaga,Torremolinos
Ford,Kuga,Gasolina,57685.0,120.0,manual,13990,Sevilla,41005,Sevilla,Sevilla
Ford,Kuga,Diésel,122000.0,150.0,manual,14990,Sevilla,41005,Sevilla,Sevilla
Ford,Kuga,Gasolina,34300.0,120.0,manual,17990,Sevilla,41005,Sevilla,Sevilla
Ford,Kuga,Gasolina,38000.0,150.0,manual,19990,Sevilla,41005,Sevilla,Sevilla
Ford,Kuga,Diésel,122000.0,150.0,manual,14990,Almería,4006,Almería,Almería
Ford,Kuga,Diésel,122000.0,150.0,manual,14990,Vigo,36211,Pontevedra,Vigo
Ford,Kuga,Gasolina,34300.0,120.0,manual,17990,Almería,4006,Almería,Almería
Ford,Kuga,Gasolina,38000.0,150.0,manual,19990,Almería,4006,Almería,Almería
Ford,Kuga,Gasolina,34300.0,120.0,manual,17990,Vigo,36211,Pontevedra,Vigo
Ford,Kuga,Gasolina,38000.0,150.0,manual,19990,Vigo,36211,Pontevedra,Vigo
Ford,Kuga,Gasolina,71331.0,150.0,manual,18990,Leganés,28916,Madrid,Leganés
Ford,Kuga,Gasolina,38000.0,150.0,manual,19990,Jaén,23008,Jaén,Jaén
Ford,Kuga,Diésel,122000.0,150.0,manual,14990,Murcia,30005,Murcia,Murcia
Ford,Kuga,Gasolina,57685.0,120.0,manual,13990,Valencia,46001,Valencia,Valencia
Ford,Kuga,Diésel,122000.0,150.0,manual,14990,Valencia,46001,Valencia,Valencia
Ford,Kuga,Gasolina,34300.0,120.0,manual,17990,Murcia,30005,Murcia,Murcia
Ford,Kuga,Gasolina,38000.0,150.0,manual,19990,Murcia,30005,Murcia,Murcia
Ford,Kuga,Diésel,122000.0,150.0,manual,14990,Málaga,29005,Málaga,Málaga
Ford,Kuga,Gasolina,34300.0,120.0,manual,17990,Valencia,46001,Valencia,Valencia
Ford,Kuga,Gasolina,38000.0,150.0,manual,19990,Valencia,46001,Valencia,Valencia
Ford,Kuga,Gasolina,34300.0,120.0,manual,17990,Granada,18005,Granada,Granada
Ford,Kuga,Gasolina,38000.0,150.0,manual,19990,Granada,18005,Granada,Granada
Ford,Kuga,Diésel,122000.0,150.0,manual,14990,Bilbao,48004,Bizkaia,Bilbao
Ford,Kuga,Diésel,122000.0,150.0,manual,14990,Alicante,3010,Alicante,Alicante
Ford,Kuga,Diésel,122000.0,150.0,manual,14990,Alicante,3010,Murcia,Alicante
Ford,Kuga,Diésel,122000.0,150.0,manual,14990,Algeciras,11202,Cádiz,Algeciras
Ford,Kuga,Gasolina,34300.0,120.0,manual,17990,Bilbao,48004,Bizkaia,Bilbao
Ford,Kuga,Gasolina,34300.0,120.0,manual,17990,Alicante,3010,Alicante,Alicante
Ford,Kuga,Gasolina,34300.0,120.0,manual,17990,Alicante,3010,Murcia,Alicante
Ford,Kuga,Gasolina,38000.0,150.0,manual,19990,Alicante,3010,Alicante,Alicante
Ford,Kuga,Gasolina,38000.0,150.0,manual,19990,Alicante,3010,Murcia,Alicante
Ford,Kuga,Gasolina,38000.0,150.0,manual,19990,Bilbao,48004,Bizkaia,Bilbao
Ford,Kuga,Diésel,122000.0,150.0,manual,14990,Marbella,29601,Málaga,Marbella
Ford,Kuga,Gasolina,34300.0,120.0,manual,17990,Armentia,1007,Álava,Armentia
Ford,Fiesta,Diésel,178593.0,86.0,manual,10700,La Poveda,28500,Madrid,La Poveda
Ford,Kuga,Diésel,115000.0,140.0,manual,13490,Granollers,8403,Barcelona,Granollers
Alfa Romeo,Giulietta,Diésel,84269.0,120.0,manual,15950,Mercabilbao,48970,Bizkaia,Mercabilbao
Alfa Romeo,Giulietta,Diésel,84269.0,120.0,manual,15950,Zaragoza,50013,Zaragoza,Zaragoza
Alfa Romeo,Giulietta,Diésel,84269.0,120.0,manual,15950,Getafe,28906,Madrid,Getafe
Alfa Romeo,Giulietta,Gasolina,168000.0,120.0,manual,8990,Fuenlabrada,28943,Madrid,Fuenlabrada
Ford,Kuga,Gasolina,44000.0,120.0,manual,19700,Santa Coloma de Gramenet,8921,Barcelona,Santa Coloma de Gramenet
Ford,EcoSport,Diésel,115865.0,91.0,manual,11935,Vigo,36214,Pontevedra,Vigo
Ford,EcoSport,Diésel,115865.0,91.0,manual,11935,Saladar,3700,Alicante,Saladar
Ford,EcoSport,Diésel,115865.0,91.0,manual,11935,Granollers,8403,Barcelona,Granollers
Ford,EcoSport,Diésel,115865.0,91.0,manual,11935,Badajoz,6008,Badajoz,Badajoz
Ford,EcoSport,Diésel,92000.0,95.0,manual,10490,Almería,4006,Almería,Almería
Ford,EcoSport,Diésel,92000.0,95.0,manual,9990,Almería,4006,Almería,Almería
Ford,EcoSport,Diésel,92000.0,95.0,manual,10490,Castellón,12001,Castellón,Castellón
Ford,EcoSport,Diésel,92000.0,95.0,manual,9990,Castellón,12001,Castellón,Castellón
Ford,EcoSport,Diésel,92000.0,95.0,manual,10490,Sevilla,41005,Sevilla,Sevilla
Ford,EcoSport,Diésel,92000.0,95.0,manual,9990,Sevilla,41005,Sevilla,Sevilla
Ford,EcoSport,Diésel,92000.0,95.0,manual,10490,Alicante,3010,Alicante,Alicante
Ford,EcoSport,Diésel,92000.0,95.0,manual,10490,Alicante,3010,Murcia,Alicante
Ford,EcoSport,Diésel,92000.0,95.0,manual,9990,Alicante,3010,Alicante,Alicante
Ford,EcoSport,Diésel,92000.0,95.0,manual,9990,Alicante,3010,Murcia,Alicante
Ford,EcoSport,Diésel,92000.0,95.0,manual,10490,Vigo,36211,Pontevedra,Vigo
Ford,EcoSport,Diésel,92000.0,95.0,manual,9990,Vigo,36211,Pontevedra,Vigo
Ford,EcoSport,Diésel,115865.0,91.0,manual,11935,Barcelona,8007,Barcelona,Barcelona
Ford,EcoSport,Diésel,92000.0,95.0,manual,10490,Granada,18005,Granada,Granada
Ford,EcoSport,Diésel,92000.0,95.0,manual,9990,Granada,18005,Granada,Granada
Ford,EcoSport,Diésel,92000.0,95.0,manual,10490,Málaga,29005,Málaga,Málaga
Ford,EcoSport,Diésel,92000.0,95.0,manual,9990,Málaga,29005,Málaga,Málaga
Ford,EcoSport,Diésel,92000.0,95.0,manual,10490,Valencia,46001,Valencia,Valencia
Ford,EcoSport,Diésel,92000.0,95.0,manual,9990,Valencia,46001,Valencia,Valencia
Ford,EcoSport,Diésel,92000.0,95.0,manual,10490,Bilbao,48004,Bizkaia,Bilbao
Ford,EcoSport,Diésel,92000.0,95.0,manual,9990,Bilbao,48004,Bizkaia,Bilbao
Ford,EcoSport,Diésel,92000.0,95.0,manual,10490,Murcia,30005,Murcia,Murcia
Ford,EcoSport,Diésel,92000.0,95.0,manual,9990,Murcia,30005,Murcia,Murcia
Ford,EcoSport,Diésel,92000.0,95.0,manual,10490,Palma de Mallorca,7003,Baleares,Palma de Mallorca
Ford,EcoSport,Diésel,92000.0,95.0,manual,9990,Palma de Mallorca,7003,Baleares,Palma de Mallorca
Ford,EcoSport,Gasolina,60000.0,140.0,manual,13500,Madrid,28029,Madrid,Madrid
Ford,Kuga,Diésel,148628.0,140.0,manual,11978,Vigo,36214,Pontevedra,Vigo
Ford,Kuga,Diésel,148628.0,140.0,manual,11978,Saladar,3700,Alicante,Saladar
Ford,Kuga,Diésel,148628.0,140.0,manual,11978,Granollers,8403,Barcelona,Granollers
Ford,Kuga,Diésel,148628.0,140.0,manual,11978,Badajoz,6008,Badajoz,Badajoz
Ford,Kuga,Diésel,148628.0,140.0,manual,11978,Barcelona,8007,Barcelona,Barcelona
Opel,Crossland,Gasolina,31951.0,130.0,manual,21400,Santa Coloma de Gramenet,8921,Barcelona,Santa Coloma de Gramenet
Opel,Crossland,Gasolina,46909.0,110.0,manual,18000,Santa Coloma de Gramenet,8921,Barcelona,Santa Coloma de Gramenet
Opel,Crossland,Diésel,7821.0,110.0,manual,23400,Santa Coloma de Gramenet,8921,Barcelona,Santa Coloma de Gramenet
Opel,Crossland,Gasolina,25027.0,110.0,manual,19300,Santa Coloma de Gramenet,8921,Barcelona,Santa Coloma de Gramenet
Opel,Crossland,Gasolina,10.0,130.0,manual,23550,Fornells de la Selva,17458,Girona,Fornells de la Selva
Opel,Combo,Diésel,128000.0,90.0,manual,8500,Valdemoro,28340,Madrid,Valdemoro
Opel,Combo,Diésel,135000.0,90.0,manual,8500,Zamora,49004,Zamora,Zamora
Opel,Combo,Diésel,100971.0,99.0,manual,14990,Bormujos,41840,Sevilla,Bormujos
Opel,Combo,Diésel,100971.0,99.0,manual,251,Bormujos,41840,Sevilla,Bormujos
Opel,Combo,Diésel,48433.0,102.0,manual,22600,Santa Coloma de Gramenet,8921,Barcelona,Santa Coloma de Gramenet
Volkswagen,Passat,Diésel,94000.0,149.0,manual,490,Madrid,28006,Madrid,Madrid
Volkswagen,Passat,Diésel,136673.0,105.0,manual,11490,Madrid,28021,Madrid,Madrid
Volkswagen,Passat,Diésel,136673.0,105.0,manual,11290,Madrid,28021,Madrid,Madrid
Volkswagen,Passat,Diésel,87103.0,150.0,manual,17880,Collado Villalba,28400,Madrid,Collado Villalba
Volkswagen,Passat,Diésel,87103.0,150.0,manual,17880,Collado Villalba,28400,Madrid,Collado Villalba
Volkswagen,Passat,Diésel,180797.0,140.0,manual,7700,La Poveda,28500,Madrid,La Poveda
Volkswagen,Passat,Diésel,87103.0,150.0,manual,17880,Vigo,36214,Pontevedra,Vigo
Volkswagen,Passat,Diésel,87103.0,150.0,manual,17880,Mercado Parque Corredor del Henares,28850,Madrid,Mercado Parque Corredor del Henares
Volkswagen,Passat,Diésel,87103.0,150.0,manual,17880,Colonia Pablo Iglesias,28520,Madrid,Colonia Pablo Iglesias
Volkswagen,Passat,Diésel,87103.0,150.0,manual,17880,Sant Vicenç de Montalt,8394,Barcelona,Sant Vicenç de Montalt
Volkswagen,Passat,Diésel,87103.0,150.0,manual,17880,Estepona,29680,Málaga,Estepona
Volkswagen,Passat,Diésel,87103.0,150.0,manual,17880,Murcia,30003,Murcia,Murcia
Volkswagen,Passat,Diésel,87103.0,150.0,manual,17880,Saladar,3700,Alicante,Saladar
Volkswagen,Passat,Diésel,87103.0,150.0,manual,17880,Granollers,8403,Barcelona,Granollers
Volkswagen,Passat,Diésel,87103.0,150.0,manual,17880,Ciudad Real,13003,Ciudad Real,Ciudad Real
Volkswagen,Passat,Diésel,87103.0,150.0,manual,17880,Valdepeñas,13300,Ciudad Real,Valdepeñas
Volkswagen,Passat,Diésel,87103.0,150.0,manual,17880,Valdepeñas,13300,Ciudad Real,Valdepeñas
Volkswagen,Passat,Gasolina,100796.0,150.0,manual,16990,Bilbao,48004,Bizkaia,Bilbao
Volkswagen,Passat,Diésel,87103.0,150.0,manual,17880,Badajoz,6008,Badajoz,Badajoz
Volkswagen,Passat,Gasolina,100796.0,150.0,manual,16990,Almería,4006,Almería,Almería
Volkswagen,Passat,Gasolina,100796.0,150.0,manual,16990,Vigo,36211,Pontevedra,Vigo
Volkswagen,Passat,Gasolina,100796.0,150.0,manual,16990,Alicante,3010,Alicante,Alicante
Volkswagen,Passat,Gasolina,100796.0,150.0,manual,16990,Alicante,3010,Murcia,Alicante
Volkswagen,Passat,Gasolina,100796.0,150.0,manual,16990,Murcia,30005,Murcia,Murcia
Volkswagen,Passat,Diésel,87103.0,150.0,manual,17880,Barcelona,8007,Barcelona,Barcelona
Volkswagen,Passat,Gasolina,100796.0,150.0,manual,16990,Málaga,29005,Málaga,Málaga
Volkswagen,Passat,Gasolina,100796.0,150.0,manual,16990,Valencia,46001,Valencia,Valencia
Volkswagen,Passat,Diésel,87103.0,150.0,manual,17880,Olèrdola,8734,Barcelona,Olèrdola
Volkswagen,Passat,Diésel,87103.0,150.0,manual,17880,Olèrdola,8734,Barcelona,Olèrdola
Volkswagen,Passat,Diésel,87103.0,150.0,manual,17880,Santa Maria del Aguila,4710,Almería,Santa Maria del Aguila
Volkswagen,Passat,Gasolina,100796.0,150.0,manual,16990,Armentia,1007,Álava,Armentia
Volkswagen,Passat,Gasolina,100796.0,150.0,manual,16990,Burgos,9004,Burgos,Burgos
Volkswagen,Passat,Gasolina,100796.0,150.0,manual,16990,Burgos,9004,Burgos,Burgos
Volkswagen,Passat,Diésel,87103.0,150.0,manual,17880,Las Rozas de Madrid,28232,Madrid,Las Rozas de Madrid
Volkswagen,Passat,Diésel,87103.0,150.0,manual,17880,Paterna,46980,Valencia,Paterna
Volkswagen,Passat,Diésel,87103.0,150.0,manual,17880,Atarrabia,31610,Navarra,Atarrabia
Volkswagen,Passat,Diésel,87103.0,150.0,manual,17880,Alcalá de Guadaíra,41500,Sevilla,Alcalá de Guadaíra
Opel,Mokka X,Gasolina,66654.0,140.0,manual,15985,Zaragoza,50013,Zaragoza,Zaragoza
Opel,Mokka X,Gasolina,66654.0,140.0,manual,15985,Mercado Parque Corredor del Henares,28850,Madrid,Mercado Parque Corredor del Henares
Opel,Mokka X,Gasolina,66654.0,140.0,manual,15985,Santa Maria del Aguila,4710,Almería,Santa Maria del Aguila
Opel,Mokka X,Diésel,22969.0,136.0,automatic,19800,Santa Maria del Aguila,4710,Almería,Santa Maria del Aguila
Opel,Mokka X,Gasolina,66654.0,140.0,manual,15985,Alcalá de Guadaíra,41500,Sevilla,Alcalá de Guadaíra
Opel,Mokka X,Gasolina,88670.0,140.0,manual,13990,Sevilla,41005,Sevilla,Sevilla
Opel,Mokka X,Gasolina,34181.0,140.0,manual,14990,Sevilla,41005,Sevilla,Sevilla
Opel,Mokka X,Gasolina,66654.0,140.0,manual,15985,Mercabilbao,48970,Bizkaia,Mercabilbao
Opel,Mokka X,Gasolina,66654.0,140.0,manual,15985,Paterna,46980,Valencia,Paterna
Opel,Mokka X,Gasolina,34181.0,140.0,manual,14990,Collado Villalba,28400,Madrid,Collado Villalba
Opel,Mokka X,Gasolina,34181.0,140.0,manual,14990,Collado Villalba,28400,Madrid,Collado Villalba
Opel,Mokka X,Gasolina,66654.0,140.0,manual,15985,Saladar,3700,Alicante,Saladar
Opel,Mokka X,Gasolina,66654.0,140.0,manual,15985,Puerto de Sagunto,46520,Valencia,Puerto de Sagunto
Opel,Mokka X,Gasolina,34181.0,140.0,manual,14990,Almería,4006,Almería,Almería
Opel,Mokka X,Gasolina,34181.0,140.0,manual,14990,Vigo,36211,Pontevedra,Vigo
Opel,Mokka X,Gasolina,66654.0,140.0,manual,15985,Estepona,29680,Málaga,Estepona
Opel,Mokka X,Gasolina,66654.0,140.0,manual,15985,Badajoz,6008,Badajoz,Badajoz
Opel,Mokka X,Gasolina,66654.0,140.0,manual,15985,Santafe,18320,Granada,Santafe
Opel,Mokka X,Gasolina,66654.0,140.0,manual,15985,Valdepeñas,13300,Ciudad Real,Valdepeñas
Opel,Mokka X,Gasolina,66654.0,140.0,manual,15985,Valdepeñas,13300,Ciudad Real,Valdepeñas
Opel,Mokka X,Gasolina,88670.0,140.0,manual,13990,Valencia,46001,Valencia,Valencia
Opel,Mokka X,Gasolina,34181.0,140.0,manual,14990,Murcia,30005,Murcia,Murcia
Opel,Mokka X,Gasolina,88670.0,140.0,manual,13990,Málaga,29005,Málaga,Málaga
Opel,Mokka X,Gasolina,34181.0,140.0,manual,14990,Urbanizacion La Granjilla,28700,Madrid,Urbanizacion La Granjilla
Opel,Mokka X,Gasolina,34181.0,140.0,manual,14990,Granada,18005,Granada,Granada
Opel,Mokka X,Gasolina,34181.0,140.0,manual,14990,Toledo,45002,Toledo,Toledo
Opel,Mokka X,Gasolina,66654.0,140.0,manual,15985,Granollers,8403,Barcelona,Granollers
Opel,Mokka X,Gasolina,34181.0,140.0,manual,14990,Las Rozas de Madrid,28232,Madrid,Las Rozas de Madrid
Opel,Mokka X,Gasolina,66654.0,140.0,manual,15985,Murcia,30003,Murcia,Murcia
Opel,Mokka X,Gasolina,34181.0,140.0,manual,14990,Bilbao,48004,Bizkaia,Bilbao
Opel,Mokka X,Gasolina,66654.0,140.0,manual,15985,Atarrabia,31610,Navarra,Atarrabia
Opel,Mokka X,Gasolina,66654.0,140.0,manual,15985,Olèrdola,8734,Barcelona,Olèrdola
Opel,Mokka X,Gasolina,66654.0,140.0,manual,15985,Olèrdola,8734,Barcelona,Olèrdola
Opel,Mokka X,Gasolina,34181.0,140.0,manual,14990,Colonia Pablo Iglesias,28520,Madrid,Colonia Pablo Iglesias
Opel,Mokka X,Gasolina,34181.0,140.0,manual,14990,Fuenlabrada,28947,Madrid,Fuenlabrada
Opel,Mokka X,Gasolina,34181.0,140.0,manual,14990,Camarma de Esteruelas,28816,Madrid,Camarma de Esteruelas
Opel,Mokka X,Gasolina,34181.0,140.0,manual,14990,Camarma de Esteruelas,28816,Madrid,Camarma de Esteruelas
Opel,Mokka X,Diésel,77159.0,135.0,manual,16699,Madrid,28014,Madrid,Madrid
Opel,Mokka X,Diésel,77159.0,135.0,manual,16699,Barcelona,8007,Barcelona,Barcelona
Opel,Mokka X,Gasolina,34181.0,140.0,manual,14990,Villaviciosa de Odón,28670,Madrid,Villaviciosa de Odón
Opel,Mokka X,Gasolina,66654.0,140.0,manual,15985,Sant Vicenç de Montalt,8394,Barcelona,Sant Vicenç de Montalt
Opel,Mokka X,Diésel,22969.0,136.0,automatic,19800,Sant Vicenç de Montalt,8394,Barcelona,Sant Vicenç de Montalt
Opel,Mokka X,Gasolina,88670.0,140.0,manual,13990,Palau-Solita I Plegamans,8184,Barcelona,Palau-Solita I Plegamans
Opel,Mokka X,Gasolina,88670.0,140.0,manual,13990,Palau-Solita I Plegamans,8184,Barcelona,Palau-Solita I Plegamans
Opel,Mokka X,Gasolina,88670.0,140.0,manual,13990,Tarragona,43006,Tarragona,Tarragona
Opel,Mokka X,Gasolina,66654.0,140.0,manual,15985,Ciudad Real,13003,Ciudad Real,Ciudad Real
Opel,Mokka X,Gasolina,66654.0,140.0,manual,15985,Santiago de Compostela,15703,A Coruña,Santiago de Compostela
Opel,Mokka X,Gasolina,66654.0,140.0,manual,15985,Alcobendas,28100,Madrid,Alcobendas
Opel,Mokka X,Gasolina,66654.0,140.0,manual,15985,Albacete,2001,Albacete,Albacete
Opel,Mokka X,Gasolina,66654.0,140.0,manual,15985,Alzira,46600,Valencia,Alzira
Opel,Mokka X,Gasolina,66654.0,140.0,manual,15985,Alzira,46600,Valencia,Alzira
Opel,Mokka X,Gasolina,66654.0,140.0,manual,15985,Castello/Castellon de La Plana,12100,Castellón,Castello/Castellon de La Plana
Opel,Mokka X,Gasolina,66654.0,140.0,manual,15985,Alicante,3007,Alicante,Alicante
Opel,Mokka X,Gasolina,66654.0,140.0,manual,15985,Hidraulica Santillana,28770,Madrid,Hidraulica Santillana
Opel,Mokka X,Gasolina,66654.0,140.0,manual,15985,Colonia Pablo Iglesias,28520,Madrid,Colonia Pablo Iglesias
Opel,Mokka X,Gasolina,66654.0,140.0,manual,15985,Las Rozas de Madrid,28232,Madrid,Las Rozas de Madrid
Opel,Mokka X,Gasolina,66654.0,140.0,manual,15985,Alameda del Obispo,14005,Córdoba,Alameda del Obispo
Opel,Mokka X,Gasolina,66654.0,140.0,manual,15985,Torremolinos,29620,Málaga,Torremolinos
Opel,Mokka X,Gasolina,66654.0,140.0,manual,15985,Torremolinos,29620,Málaga,Torremolinos
Opel,Mokka X,Gasolina,66654.0,140.0,manual,15985,Torremolinos,29620,Málaga,Torremolinos
Opel,Mokka X,Diésel,108659.0,136.0,manual,15400,Fornells de la Selva,17458,Girona,Fornells de la Selva
Opel,Grandland X,Diésel,43641.0,130.0,automatic,22989,Santa Maria del Aguila,4710,Almería,Santa Maria del Aguila
Opel,Grandland X,Diésel,58500.0,120.0,manual,16990,Sevilla,41005,Sevilla,Sevilla
Opel,Grandland X,Diésel,58500.0,120.0,manual,16990,Valencia,46001,Valencia,Valencia
Opel,Grandland X,Diésel,58500.0,120.0,manual,16990,Málaga,29005,Málaga,Málaga
Opel,Grandland X,Diésel,43641.0,130.0,automatic,22989,Sant Vicenç de Montalt,8394,Barcelona,Sant Vicenç de Montalt
Opel,Grandland X,Gasolina,35000.0,130.0,manual,16950,Igualada,8700,Barcelona,Igualada
Opel,Grandland X,Gasolina,9700.0,130.0,manual,33400,Santa Coloma de Gramenet,8921,Barcelona,Santa Coloma de Gramenet
Opel,Grandland X,Diésel,40000.0,130.0,manual,24900,Santa Coloma de Gramenet,8921,Barcelona,Santa Coloma de Gramenet
Opel,Grandland X,Gasolina,5000.0,130.0,manual,29900,Santa Coloma de Gramenet,8921,Barcelona,Santa Coloma de Gramenet
Volkswagen,Touran,Diésel,109000.0,115.0,manual,458,Madrid,28006,Madrid,Madrid
Volkswagen,Touran,Diésel,35600.0,150.0,automatic,33990,Bilbao,48004,Bizkaia,Bilbao
Volkswagen,Touran,Diésel,35600.0,150.0,automatic,33990,Almería,4006,Almería,Almería
Volkswagen,Touran,Diésel,35600.0,150.0,automatic,33990,Vigo,36211,Pontevedra,Vigo
Volkswagen,Touran,Diésel,35600.0,150.0,automatic,33990,Alicante,3010,Alicante,Alicante
Volkswagen,Touran,Diésel,35600.0,150.0,automatic,33990,Alicante,3010,Murcia,Alicante
Volkswagen,Touran,Diésel,35600.0,150.0,automatic,33990,Murcia,30005,Murcia,Murcia
Volkswagen,Touran,Diésel,35600.0,150.0,automatic,33990,Málaga,29005,Málaga,Málaga
Volkswagen,Touran,Diésel,35600.0,150.0,automatic,33990,Valencia,46001,Valencia,Valencia
Volkswagen,Touran,Diésel,35600.0,150.0,automatic,33990,Armentia,1007,Álava,Armentia
Volkswagen,Touran,Diésel,35600.0,150.0,automatic,33990,Burgos,9004,Burgos,Burgos
Volkswagen,Touran,Diésel,35600.0,150.0,automatic,33990,Burgos,9004,Burgos,Burgos
Volkswagen,Touran,Diésel,100124.0,115.0,manual,21400,Igualada,8700,Barcelona,Igualada
Volkswagen,Touran,Diésel,193000.0,177.0,automatic,16900,Rutis,15174,A Coruña,Rutis
Volkswagen,Touran,Diésel,200000.0,140.0,manual,10000,El Esparragal,30163,Murcia,El Esparragal
Volkswagen,Touran,Diésel,64000.0,115.0,manual,22400,Arroyo de La Miel,29631,Málaga,Arroyo de La Miel
Volkswagen,Golf,Gasolina,81000.0,115.0,manual,337,Madrid,28006,Madrid,Madrid
Volkswagen,Golf,Diésel,116505.0,115.0,manual,17500,Madrid,28014,Madrid,Madrid
Volkswagen,Golf,Eléctrico,26606.0,136.0,automatic,21490,Madrid,28021,Madrid,Madrid
Volkswagen,Golf,Gasolina,74932.0,110.0,manual,15467,Collado Villalba,28400,Madrid,Collado Villalba
Volkswagen,Golf,Gasolina,74932.0,110.0,manual,15467,Collado Villalba,28400,Madrid,Collado Villalba
Volkswagen,Golf,Gasolina,92497.0,125.0,manual,17537,Collado Villalba,28400,Madrid,Collado Villalba
Volkswagen,Golf,Gasolina,92497.0,125.0,manual,17537,Collado Villalba,28400,Madrid,Collado Villalba
Volkswagen,Golf,Gasolina,51988.0,115.0,manual,18055,Collado Villalba,28400,Madrid,Collado Villalba
Volkswagen,Golf,Gasolina,51988.0,115.0,manual,18055,Collado Villalba,28400,Madrid,Collado Villalba
Volkswagen,Golf,Gasolina,74932.0,110.0,manual,15467,Vigo,36214,Pontevedra,Vigo
Volkswagen,Golf,Gasolina,92497.0,125.0,manual,17537,Vigo,36214,Pontevedra,Vigo
Volkswagen,Golf,Gasolina,51988.0,115.0,manual,18055,Vigo,36214,Pontevedra,Vigo
Volkswagen,Golf,Diésel,116505.0,115.0,manual,17500,Badajoz,6008,Badajoz,Badajoz
Volkswagen,Golf,Diésel,116505.0,115.0,manual,17500,Almería,4001,Almería,Almería
Volkswagen,Golf,Diésel,116505.0,115.0,manual,17500,Cádiz,11006,Cádiz,Cádiz
Volkswagen,Golf,Gasolina,74932.0,110.0,manual,15467,Mercado Parque Corredor del Henares,28850,Madrid,Mercado Parque Corredor del Henares
Volkswagen,Golf,Gasolina,92497.0,125.0,manual,17537,Mercado Parque Corredor del Henares,28850,Madrid,Mercado Parque Corredor del Henares
Volkswagen,Golf,Gasolina,51988.0,115.0,manual,18055,Mercado Parque Corredor del Henares,28850,Madrid,Mercado Parque Corredor del Henares
Volkswagen,Golf,Gasolina,74932.0,110.0,manual,15467,Colonia Pablo Iglesias,28520,Madrid,Colonia Pablo Iglesias
Volkswagen,Golf,Gasolina,92497.0,125.0,manual,17537,Colonia Pablo Iglesias,28520,Madrid,Colonia Pablo Iglesias
Volkswagen,Golf,Gasolina,51988.0,115.0,manual,18055,Colonia Pablo Iglesias,28520,Madrid,Colonia Pablo Iglesias
Volkswagen,Golf,Gasolina,74932.0,110.0,manual,15467,Sant Vicenç de Montalt,8394,Barcelona,Sant Vicenç de Montalt
Volkswagen,Golf,Gasolina,92497.0,125.0,manual,17537,Sant Vicenç de Montalt,8394,Barcelona,Sant Vicenç de Montalt
Volkswagen,Golf,Gasolina,74932.0,110.0,manual,15467,Estepona,29680,Málaga,Estepona
Volkswagen,Golf,Gasolina,51988.0,115.0,manual,18055,Sant Vicenç de Montalt,8394,Barcelona,Sant Vicenç de Montalt
Volkswagen,Golf,Gasolina,92497.0,125.0,manual,17537,Estepona,29680,Málaga,Estepona
Volkswagen,Golf,Gasolina,51988.0,115.0,manual,18055,Estepona,29680,Málaga,Estepona
Volkswagen,Golf,Gasolina,74932.0,110.0,manual,15467,Murcia,30003,Murcia,Murcia
Volkswagen,Golf,Gasolina,74932.0,110.0,manual,15467,Saladar,3700,Alicante,Saladar
Volkswagen,Golf,Gasolina,74932.0,110.0,manual,15467,Granollers,8403,Barcelona,Granollers
Volkswagen,Golf,Gasolina,92497.0,125.0,manual,17537,Murcia,30003,Murcia,Murcia
Volkswagen,Golf,Gasolina,92497.0,125.0,manual,17537,Saladar,3700,Alicante,Saladar
Volkswagen,Golf,Gasolina,92497.0,125.0,manual,17537,Granollers,8403,Barcelona,Granollers
Opel,Astra,Gasolina,163598.0,105.0,manual,4500,La Poveda,28500,Madrid,La Poveda
Opel,Astra,Diésel,67321.0,110.0,manual,13970,Santa Maria del Aguila,4710,Almería,Santa Maria del Aguila
Opel,Astra,Gasolina,164967.0,125.0,manual,9990,Sevilla,41005,Sevilla,Sevilla
Opel,Astra,Gasolina,85992.0,125.0,manual,11990,Sevilla,41005,Sevilla,Sevilla
Opel,Astra,Diésel,84861.0,110.0,manual,11500,Zaragoza,50003,Zaragoza,Zaragoza
Opel,Astra,Diésel,84861.0,110.0,manual,10500,Zaragoza,50003,Zaragoza,Zaragoza
Opel,Astra,Diésel,79744.0,110.0,manual,13500,Zaragoza,50003,Zaragoza,Zaragoza
Opel,Astra,Diésel,79744.0,110.0,manual,12800,Zaragoza,50003,Zaragoza,Zaragoza
Opel,Astra,Gasolina,164967.0,125.0,manual,9990,Valencia,46001,Valencia,Valencia
Opel,Astra,Gasolina,85992.0,125.0,manual,11990,Valencia,46001,Valencia,Valencia
Opel,Astra,Gasolina,164967.0,125.0,manual,9990,Sevilla,41017,Sevilla,Sevilla
Opel,Astra,Gasolina,164967.0,125.0,manual,9990,Málaga,29005,Málaga,Málaga
Opel,Astra,Gasolina,85992.0,125.0,manual,11990,Málaga,29005,Málaga,Málaga
Opel,Astra,Diésel,84861.0,110.0,manual,11500,Barcelona,8008,Barcelona,Barcelona
Opel,Astra,Diésel,84861.0,110.0,manual,10500,Barcelona,8008,Barcelona,Barcelona
Opel,Astra,Diésel,79744.0,110.0,manual,13500,Barcelona,8008,Barcelona,Barcelona
Opel,Astra,Diésel,79744.0,110.0,manual,12800,Barcelona,8008,Barcelona,Barcelona
Opel,Astra,Diésel,84861.0,110.0,manual,11500,Santander,39002,Cantabria,Santander
Opel,Astra,Diésel,84861.0,110.0,manual,10500,Santander,39002,Cantabria,Santander
Opel,Astra,Diésel,79744.0,110.0,manual,13500,Santander,39002,Cantabria,Santander
Opel,Astra,Diésel,79744.0,110.0,manual,12800,Santander,39002,Cantabria,Santander
Opel,Astra,Diésel,67321.0,110.0,manual,13970,Sant Vicenç de Montalt,8394,Barcelona,Sant Vicenç de Montalt
Opel,Astra,Diésel,84037.0,110.0,manual,8999,Madrid,28014,Madrid,Madrid
Opel,Astra,Diésel,84037.0,110.0,manual,8999,Barcelona,8007,Barcelona,Barcelona
Opel,Astra,Diésel,84861.0,110.0,manual,11500,Almería,4001,Almería,Almería
Opel,Astra,Diésel,84861.0,110.0,manual,10500,Almería,4001,Almería,Almería
Opel,Astra,Diésel,79744.0,110.0,manual,13500,Almería,4001,Almería,Almería
Opel,Astra,Diésel,79744.0,110.0,manual,12800,Almería,4001,Almería,Almería
Opel,Astra,Diésel,117439.0,110.0,manual,11900,Valladolid,47011,Valladolid,Valladolid
Opel,Astra,Diésel,84861.0,110.0,manual,11500,Granada,18002,Granada,Granada
Opel,Astra,Diésel,84861.0,110.0,manual,10500,Granada,18002,Granada,Granada
Opel,Astra,Diésel,79744.0,110.0,manual,13500,Granada,18002,Granada,Granada
Opel,Astra,Diésel,79744.0,110.0,manual,12800,Granada,18002,Granada,Granada
Opel,Astra,Diésel,84861.0,110.0,manual,11500,Urbanitzacio El Medol,43150,Tarragona,Urbanitzacio El Medol
Opel,Astra,Diésel,84861.0,110.0,manual,10500,Urbanitzacio El Medol,43150,Tarragona,Urbanitzacio El Medol
Opel,Astra,Diésel,79744.0,110.0,manual,13500,Urbanitzacio El Medol,43150,Tarragona,Urbanitzacio El Medol
Opel,Astra,Diésel,79744.0,110.0,manual,12800,Urbanitzacio El Medol,43150,Tarragona,Urbanitzacio El Medol
Opel,Astra,Diésel,84861.0,110.0,manual,11500,Madrid,28013,Madrid,Madrid
Opel,Astra,Diésel,84861.0,110.0,manual,10500,Madrid,28013,Madrid,Madrid
Opel,Astra,Diésel,79744.0,110.0,manual,13500,Madrid,28013,Madrid,Madrid
Opel,Astra,Diésel,79744.0,110.0,manual,12800,Madrid,28013,Madrid,Madrid
Opel,Astra,Diésel,84861.0,110.0,manual,11500,Huelva,21004,Huelva,Huelva
Opel,Astra,Diésel,84861.0,110.0,manual,10500,Huelva,21004,Huelva,Huelva
Opel,Astra,Diésel,84861.0,110.0,manual,11500,Donostia-San Sebastián,20005,Gipuzkoa,Donostia-San Sebastián
Opel,Astra,Diésel,84861.0,110.0,manual,10500,Donostia-San Sebastián,20005,Gipuzkoa,Donostia-San Sebastián
Opel,Astra,Diésel,79744.0,110.0,manual,13500,Huelva,21004,Huelva,Huelva
Opel,Astra,Diésel,79744.0,110.0,manual,12800,Huelva,21004,Huelva,Huelva
Opel,Astra,Diésel,79744.0,110.0,manual,13500,Donostia-San Sebastián,20005,Gipuzkoa,Donostia-San Sebastián
Opel,Astra,Diésel,79744.0,110.0,manual,12800,Donostia-San Sebastián,20005,Gipuzkoa,Donostia-San Sebastián
Opel,Astra,Diésel,67012.0,104.0,manual,15990,Valencia,46002,Valencia,Valencia
Opel,Astra,Diésel,84861.0,110.0,manual,11500,Murcia,30001,Murcia,Murcia
Opel,Astra,Diésel,84861.0,110.0,manual,10500,Murcia,30001,Murcia,Murcia
Opel,Astra,Diésel,79744.0,110.0,manual,13500,Murcia,30001,Murcia,Murcia
Opel,Astra,Diésel,79744.0,110.0,manual,12800,Murcia,30001,Murcia,Murcia
Opel,Astra,Diésel,84861.0,110.0,manual,11500,Leganés,28911,Madrid,Leganés
Opel,Astra,Diésel,84861.0,110.0,manual,10500,Leganés,28911,Madrid,Leganés
Opel,Astra,Diésel,79744.0,110.0,manual,13500,Leganés,28911,Madrid,Leganés
Opel,Astra,Diésel,79744.0,110.0,manual,12800,Leganés,28911,Madrid,Leganés
Opel,Astra,Diésel,84861.0,110.0,manual,11500,Valencia,46003,Valencia,Valencia
Opel,Astra,Diésel,84861.0,110.0,manual,10500,Valencia,46003,Valencia,Valencia
Opel,Astra,Diésel,79744.0,110.0,manual,13500,Valencia,46003,Valencia,Valencia
Opel,Astra,Diésel,79744.0,110.0,manual,12800,Valencia,46003,Valencia,Valencia
Opel,Astra,Diésel,84861.0,110.0,manual,11500,Sabadell,8203,Barcelona,Sabadell
Opel,Astra,Diésel,84861.0,110.0,manual,10500,Sabadell,8203,Barcelona,Sabadell
Opel,Astra,Diésel,79744.0,110.0,manual,13500,Sabadell,8203,Barcelona,Sabadell
Opel,Astra,Diésel,79744.0,110.0,manual,12800,Sabadell,8203,Barcelona,Sabadell
Opel,Astra,Diésel,84861.0,110.0,manual,11500,Toledo,45002,Toledo,Toledo
Opel,Astra,Diésel,84861.0,110.0,manual,10500,Toledo,45002,Toledo,Toledo
Opel,Astra,Diésel,79744.0,110.0,manual,13500,Toledo,45002,Toledo,Toledo
Opel,Astra,Diésel,79744.0,110.0,manual,12800,Toledo,45002,Toledo,Toledo
Opel,Astra,Diésel,84861.0,110.0,manual,11500,Alcalá de Henares,28801,Madrid,Alcalá de Henares
Opel,Astra,Diésel,84861.0,110.0,manual,10500,Alcalá de Henares,28801,Madrid,Alcalá de Henares
Opel,Astra,Diésel,79744.0,110.0,manual,13500,Alcalá de Henares,28801,Madrid,Alcalá de Henares
Opel,Astra,Diésel,79744.0,110.0,manual,12800,Alcalá de Henares,28801,Madrid,Alcalá de Henares
Opel,Astra,Diésel,84861.0,110.0,manual,11500,Alcobendas,28100,Madrid,Alcobendas
Opel,Astra,Diésel,84861.0,110.0,manual,10500,Alcobendas,28100,Madrid,Alcobendas
Opel,Astra,Diésel,79744.0,110.0,manual,13500,Alcobendas,28100,Madrid,Alcobendas
Opel,Astra,Diésel,79744.0,110.0,manual,12800,Alcobendas,28100,Madrid,Alcobendas
Opel,Astra,Diésel,84861.0,110.0,manual,11500,Barcelona,8013,Barcelona,Barcelona
Opel,Astra,Diésel,84861.0,110.0,manual,10500,Barcelona,8013,Barcelona,Barcelona
Opel,Astra,Diésel,79744.0,110.0,manual,13500,Barcelona,8013,Barcelona,Barcelona
Opel,Astra,Diésel,79744.0,110.0,manual,12800,Barcelona,8013,Barcelona,Barcelona
Opel,Astra,Diésel,84861.0,110.0,manual,11500,Valladolid,47004,Valladolid,Valladolid
Opel,Astra,Diésel,84861.0,110.0,manual,10500,Valladolid,47004,Valladolid,Valladolid
Opel,Astra,Diésel,79744.0,110.0,manual,13500,Valladolid,47004,Valladolid,Valladolid
Opel,Astra,Diésel,79744.0,110.0,manual,12800,Valladolid,47004,Valladolid,Valladolid
Opel,Astra,Diésel,84861.0,110.0,manual,11500,Viladecans,8840,Barcelona,Viladecans
Opel,Astra,Diésel,84861.0,110.0,manual,10500,Viladecans,8840,Barcelona,Viladecans
Opel,Astra,Diésel,84861.0,110.0,manual,11500,San Sebastián de Los Reyes,28700,Madrid,San Sebastián de Los Reyes
Opel,Astra,Diésel,84861.0,110.0,manual,10500,San Sebastián de Los Reyes,28700,Madrid,San Sebastián de Los Reyes
Opel,Astra,Diésel,79744.0,110.0,manual,13500,Viladecans,8840,Barcelona,Viladecans
Opel,Astra,Diésel,79744.0,110.0,manual,12800,Viladecans,8840,Barcelona,Viladecans
Opel,Astra,Diésel,79744.0,110.0,manual,13500,San Sebastián de Los Reyes,28700,Madrid,San Sebastián de Los Reyes
Opel,Astra,Diésel,79744.0,110.0,manual,12800,San Sebastián de Los Reyes,28700,Madrid,San Sebastián de Los Reyes
Opel,Astra,Diésel,84861.0,110.0,manual,11500,Móstoles,28931,Madrid,Móstoles
Opel,Astra,Diésel,84861.0,110.0,manual,10500,Móstoles,28931,Madrid,Móstoles
Opel,Astra,Diésel,79744.0,110.0,manual,13500,Móstoles,28931,Madrid,Móstoles
Opel,Astra,Diésel,79744.0,110.0,manual,12800,Móstoles,28931,Madrid,Móstoles
Opel,Astra,Diésel,130000.0,110.0,manual,5290,Terrassa,8221,Barcelona,Terrassa
Opel,Astra,Diésel,167000.0,100.0,manual,2900,Badajoz,6007,Badajoz,Badajoz
Opel,Astra,Diésel,130000.0,110.0,manual,12500,La Escucha,30813,Murcia,La Escucha
Opel,Astra,Diésel,46280.0,110.0,manual,6490,Leioa,48940,Bizkaia,Leioa
Opel,Astra,Diésel,160000.0,120.0,manual,3900,Badalona,8911,Barcelona,Badalona
Opel,Astra,Diésel,187000.0,100.0,manual,4690,Massanassa,46470,Valencia,Massanassa
Opel,Astra,Diésel,187000.0,100.0,manual,4690,Massanassa,46470,Valencia,Massanassa
Opel,Astra,Diésel,187000.0,100.0,manual,4690,Massanassa,46470,Valencia,Massanassa
Opel,Astra,Diésel,187000.0,100.0,manual,4690,Massanassa,46470,Valencia,Massanassa
Opel,Astra,Gasolina,200000.0,100.0,manual,350,San Sebastián de Los Reyes,28700,Madrid,San Sebastián de Los Reyes
Opel,Astra,Gasolina,1.0,130.0,manual,26400,Santa Coloma de Gramenet,8921,Barcelona,Santa Coloma de Gramenet
Opel,Astra,Diésel,58407.0,122.0,manual,289,Girona,17007,Girona,Girona
Opel,Astra,Diésel,58407.0,122.0,manual,294,Girona,17007,Girona,Girona
Opel,Astra,Diésel,138000.0,100.0,manual,2490,Sant Joan Despí,8970,Barcelona,Sant Joan Despí
Volkswagen,Polo,Gasolina,51490.0,95.0,manual,309,Madrid,28014,Madrid,Madrid
Volkswagen,Polo,Gasolina,17843.0,95.0,manual,17590,Madrid,28021,Madrid,Madrid
Volkswagen,Polo,Gasolina,26126.0,95.0,manual,15490,Madrid,28021,Madrid,Madrid
Volkswagen,Polo,Gasolina,66278.0,80.0,manual,12490,Madrid,28021,Madrid,Madrid
Volkswagen,Polo,Gasolina,82532.0,80.0,manual,12990,Madrid,28021,Madrid,Madrid
Volkswagen,Polo,Gasolina,32493.0,80.0,manual,13990,Madrid,28021,Madrid,Madrid
Volkswagen,Polo,Gasolina,56215.0,95.0,manual,16790,Madrid,28021,Madrid,Madrid
Volkswagen,Polo,Gasolina,56215.0,95.0,manual,16490,Madrid,28021,Madrid,Madrid
Volkswagen,Polo,Gasolina,73959.0,95.0,manual,15990,Madrid,28021,Madrid,Madrid
Volkswagen,Polo,Gasolina,73959.0,95.0,manual,15590,Madrid,28021,Madrid,Madrid
Volkswagen,Polo,Gasolina,69607.0,115.0,manual,18055,Collado Villalba,28400,Madrid,Collado Villalba
Volkswagen,Polo,Gasolina,69607.0,115.0,manual,18055,Collado Villalba,28400,Madrid,Collado Villalba
Volkswagen,Polo,Diésel,71465.0,101.0,manual,8700,Baza,18800,Granada,Baza
Volkswagen,Polo,Gasolina,69607.0,115.0,manual,18055,Vigo,36214,Pontevedra,Vigo
Volkswagen,Polo,Gasolina,69607.0,115.0,manual,18055,Mercado Parque Corredor del Henares,28850,Madrid,Mercado Parque Corredor del Henares
Volkswagen,Polo,Gasolina,69607.0,115.0,manual,18055,Colonia Pablo Iglesias,28520,Madrid,Colonia Pablo Iglesias
Volkswagen,Polo,Gasolina,69607.0,115.0,manual,18055,Sant Vicenç de Montalt,8394,Barcelona,Sant Vicenç de Montalt
Volkswagen,Polo,Gasolina,69607.0,115.0,manual,18055,Estepona,29680,Málaga,Estepona
Volkswagen,Polo,Gasolina,44606.0,75.0,manual,13300,Orkoien,31160,Navarra,Orkoien
Volkswagen,Polo,Gasolina,69607.0,115.0,manual,18055,Murcia,30003,Murcia,Murcia
Volkswagen,Polo,Gasolina,69607.0,115.0,manual,18055,Saladar,3700,Alicante,Saladar
Volkswagen,Polo,Gasolina,69607.0,115.0,manual,18055,Granollers,8403,Barcelona,Granollers
Volkswagen,Polo,Gasolina,69607.0,115.0,manual,18055,Ciudad Real,13003,Ciudad Real,Ciudad Real
Volkswagen,Polo,Gasolina,69607.0,115.0,manual,18055,Valdepeñas,13300,Ciudad Real,Valdepeñas
Volkswagen,Polo,Gasolina,69607.0,115.0,manual,18055,Valdepeñas,13300,Ciudad Real,Valdepeñas
Volkswagen,Polo,Gasolina,61000.0,75.0,manual,10990,Bilbao,48004,Bizkaia,Bilbao
Volkswagen,Polo,Gasolina,37800.0,200.0,automatic,21990,Bilbao,48004,Bizkaia,Bilbao
Volkswagen,Polo,Gasolina,61000.0,75.0,manual,10990,Sevilla,41005,Sevilla,Sevilla
Volkswagen,Polo,Gasolina,37800.0,200.0,automatic,21990,Sevilla,41005,Sevilla,Sevilla
Volkswagen,Polo,Gasolina,37800.0,200.0,automatic,21990,Ullastrell,8231,Barcelona,Ullastrell
Volkswagen,Polo,Gasolina,61000.0,75.0,manual,10990,Almería,4006,Almería,Almería
Volkswagen,Polo,Gasolina,61000.0,75.0,manual,10990,Vigo,36211,Pontevedra,Vigo
Volkswagen,Polo,Gasolina,37800.0,200.0,automatic,21990,Almería,4006,Almería,Almería
Volkswagen,Polo,Gasolina,37800.0,200.0,automatic,21990,Vigo,36211,Pontevedra,Vigo
Volkswagen,Polo,Gasolina,61000.0,75.0,manual,10990,Alicante,3010,Alicante,Alicante
Volkswagen,Polo,Gasolina,61000.0,75.0,manual,10990,Alicante,3010,Murcia,Alicante
Volkswagen,Polo,Gasolina,37800.0,200.0,automatic,21990,Alicante,3010,Alicante,Alicante
Volkswagen,Polo,Gasolina,37800.0,200.0,automatic,21990,Alicante,3010,Murcia,Alicante
Volkswagen,Polo,Gasolina,69607.0,115.0,manual,18055,Badajoz,6008,Badajoz,Badajoz
Volkswagen,Polo,Gasolina,61000.0,75.0,manual,10990,Granada,18005,Granada,Granada
Volkswagen,Polo,Gasolina,37800.0,200.0,automatic,21990,Granada,18005,Granada,Granada
Mazda,CX-5,Gasolina,25880.0,165.0,automatic,27370,Vigo,36214,Pontevedra,Vigo
Mazda,CX-5,Gasolina,25880.0,165.0,automatic,27370,Saladar,3700,Alicante,Saladar
Mazda,CX-5,Gasolina,25880.0,165.0,automatic,27370,Granollers,8403,Barcelona,Granollers
Mazda,CX-5,Gasolina,25880.0,165.0,automatic,27370,Badajoz,6008,Badajoz,Badajoz
Mazda,CX-5,Gasolina,25880.0,165.0,automatic,27370,Barcelona,8007,Barcelona,Barcelona
Mazda,CX-5,Diésel,52395.0,150.0,automatic,19490,Málaga,29006,Málaga,Málaga
Peugeot,407,Diésel,452000.0,110.0,manual,2290,Novelda,3660,Alicante,Novelda
Peugeot,2008,Diésel,47345.0,100.0,manual,20890,Madrid,28021,Madrid,Madrid
Peugeot,2008,Diésel,47345.0,100.0,manual,21590,Madrid,28021,Madrid,Madrid
Volkswagen,T-Roc,Gasolina,52094.0,115.0,manual,19990,Madrid,28021,Madrid,Madrid
Volkswagen,T-Roc,Diésel,42975.0,150.0,automatic,26500,Collado Villalba,28400,Madrid,Collado Villalba
Volkswagen,T-Roc,Diésel,42975.0,150.0,automatic,26500,Collado Villalba,28400,Madrid,Collado Villalba
Volkswagen,T-Roc,Diésel,42975.0,150.0,automatic,26500,Vigo,36214,Pontevedra,Vigo
Volkswagen,T-Roc,Diésel,42975.0,150.0,automatic,26500,Mercado Parque Corredor del Henares,28850,Madrid,Mercado Parque Corredor del Henares
Volkswagen,T-Roc,Diésel,24751.0,115.0,manual,23990,Barcelona,8036,Barcelona,Barcelona
Volkswagen,T-Roc,Diésel,42975.0,150.0,automatic,26500,Colonia Pablo Iglesias,28520,Madrid,Colonia Pablo Iglesias
Volkswagen,T-Roc,Diésel,42975.0,150.0,automatic,26500,Sant Vicenç de Montalt,8394,Barcelona,Sant Vicenç de Montalt
Volkswagen,T-Roc,Diésel,42975.0,150.0,automatic,26500,Estepona,29680,Málaga,Estepona
Volkswagen,T-Roc,Diésel,42975.0,150.0,automatic,26500,Murcia,30003,Murcia,Murcia
Volkswagen,T-Roc,Diésel,42975.0,150.0,automatic,26500,Saladar,3700,Alicante,Saladar
Volkswagen,T-Roc,Diésel,42975.0,150.0,automatic,26500,Granollers,8403,Barcelona,Granollers
Volkswagen,T-Roc,Diésel,42975.0,150.0,automatic,26500,Ciudad Real,13003,Ciudad Real,Ciudad Real
Volkswagen,T-Roc,Diésel,42975.0,150.0,automatic,26500,Valdepeñas,13300,Ciudad Real,Valdepeñas
Volkswagen,T-Roc,Diésel,42975.0,150.0,automatic,26500,Valdepeñas,13300,Ciudad Real,Valdepeñas
Volkswagen,T-Roc,Gasolina,69868.0,150.0,manual,23990,Bilbao,48004,Bizkaia,Bilbao
Volkswagen,T-Roc,Gasolina,69868.0,150.0,manual,23990,Sevilla,41005,Sevilla,Sevilla
Volkswagen,T-Roc,Gasolina,21990.0,150.0,automatic,24800,Bilbao,48004,Bizkaia,Bilbao
Volkswagen,T-Roc,Gasolina,69868.0,150.0,manual,23990,Vigo,36211,Pontevedra,Vigo
Volkswagen,T-Roc,Gasolina,69868.0,150.0,manual,23990,Almería,4006,Almería,Almería
Volkswagen,T-Roc,Gasolina,21990.0,150.0,automatic,24800,Sevilla,41005,Sevilla,Sevilla
Volkswagen,T-Roc,Gasolina,69868.0,150.0,manual,23990,Alicante,3010,Alicante,Alicante
Volkswagen,T-Roc,Gasolina,69868.0,150.0,manual,23990,Alicante,3010,Murcia,Alicante
Volkswagen,T-Roc,Gasolina,21990.0,150.0,automatic,24800,Almería,4006,Almería,Almería
Volkswagen,T-Roc,Gasolina,21990.0,150.0,automatic,24800,Vigo,36211,Pontevedra,Vigo
Volkswagen,T-Roc,Gasolina,21990.0,150.0,automatic,24800,Alicante,3010,Alicante,Alicante
Volkswagen,T-Roc,Gasolina,21990.0,150.0,automatic,24800,Alicante,3010,Murcia,Alicante
Volkswagen,T-Roc,Gasolina,69868.0,150.0,manual,23990,Granada,18005,Granada,Granada
Volkswagen,T-Roc,Diésel,42975.0,150.0,automatic,26500,Badajoz,6008,Badajoz,Badajoz
Volkswagen,T-Roc,Gasolina,99950.0,115.0,manual,17950,Terrassa,8223,Barcelona,Terrassa
Volkswagen,T-Roc,Gasolina,69868.0,150.0,manual,23990,Las Rozas de Madrid,28232,Madrid,Las Rozas de Madrid
Volkswagen,T-Roc,Gasolina,21990.0,150.0,automatic,24800,Las Rozas de Madrid,28232,Madrid,Las Rozas de Madrid
Volkswagen,T-Roc,Gasolina,69868.0,150.0,manual,23990,Urbanizacion La Granjilla,28700,Madrid,Urbanizacion La Granjilla
Volkswagen,T-Roc,Gasolina,69868.0,150.0,manual,23990,Murcia,30005,Murcia,Murcia
Volkswagen,T-Roc,Gasolina,21990.0,150.0,automatic,24800,Urbanizacion La Granjilla,28700,Madrid,Urbanizacion La Granjilla
Volkswagen,T-Roc,Gasolina,21990.0,150.0,automatic,24800,Murcia,30005,Murcia,Murcia
Volkswagen,T-Roc,Gasolina,21990.0,150.0,automatic,24800,Granada,18005,Granada,Granada
Volkswagen,Transporter,Diésel,127311.0,102.0,manual,24950,Sevilla,41007,Sevilla,Sevilla
Volkswagen,Transporter,Diésel,185000.0,102.0,manual,4800,Urduliz,48610,Bizkaia,Urduliz
Volkswagen,Touareg,Diésel,168000.0,262.0,automatic,33990,Sevilla,41001,Sevilla,Sevilla
Volkswagen,Tiguan,Diésel,97849.0,150.0,automatic,22990,Madrid,28021,Madrid,Madrid
Volkswagen,Tiguan,Diésel,125304.0,110.0,manual,15300,Collado Villalba,28400,Madrid,Collado Villalba
Volkswagen,Tiguan,Diésel,125304.0,110.0,manual,15300,Collado Villalba,28400,Madrid,Collado Villalba
Volkswagen,Tiguan,Diésel,125304.0,110.0,manual,15300,Vigo,36214,Pontevedra,Vigo
Volkswagen,Tiguan,Diésel,125304.0,110.0,manual,15300,Mercado Parque Corredor del Henares,28850,Madrid,Mercado Parque Corredor del Henares
Volkswagen,Tiguan,Diésel,47600.0,150.0,manual,26990,Barcelona,8036,Barcelona,Barcelona
Volkswagen,Tiguan,Diésel,125304.0,110.0,manual,15300,Colonia Pablo Iglesias,28520,Madrid,Colonia Pablo Iglesias
Volkswagen,Tiguan,Diésel,125304.0,110.0,manual,15300,Sant Vicenç de Montalt,8394,Barcelona,Sant Vicenç de Montalt
Volkswagen,Tiguan,Diésel,125304.0,110.0,manual,15300,Estepona,29680,Málaga,Estepona
Volkswagen,Tiguan,Diésel,125304.0,110.0,manual,15300,Murcia,30003,Murcia,Murcia
Volkswagen,Tiguan,Diésel,125304.0,110.0,manual,15300,Saladar,3700,Alicante,Saladar
Volkswagen,Tiguan,Diésel,125304.0,110.0,manual,15300,Granollers,8403,Barcelona,Granollers
Volkswagen,Tiguan,Diésel,125304.0,110.0,manual,15300,Ciudad Real,13003,Ciudad Real,Ciudad Real
Volkswagen,Tiguan,Diésel,125304.0,110.0,manual,15300,Valdepeñas,13300,Ciudad Real,Valdepeñas
Volkswagen,Tiguan,Diésel,125304.0,110.0,manual,15300,Valdepeñas,13300,Ciudad Real,Valdepeñas
Volkswagen,Tiguan,Diésel,141283.0,190.0,automatic,22490,Bilbao,48004,Bizkaia,Bilbao
Volkswagen,Tiguan,Diésel,141283.0,190.0,automatic,22490,Sevilla,41005,Sevilla,Sevilla
Volkswagen,Tiguan,Diésel,109700.0,110.0,manual,14490,Bilbao,48004,Bizkaia,Bilbao
Volkswagen,Tiguan,Diésel,109700.0,110.0,manual,14990,Bilbao,48004,Bizkaia,Bilbao
Volkswagen,Tiguan,Diésel,141283.0,190.0,automatic,22490,Castellón,12001,Castellón,Castellón
Volkswagen,Tiguan,Diésel,125304.0,110.0,manual,15300,Badajoz,6008,Badajoz,Badajoz
Volkswagen,Tiguan,Diésel,109700.0,110.0,manual,14490,Sevilla,41005,Sevilla,Sevilla
Volkswagen,Tiguan,Diésel,109700.0,110.0,manual,14990,Sevilla,41005,Sevilla,Sevilla
Volkswagen,Tiguan,Diésel,141283.0,190.0,automatic,22490,Almería,4006,Almería,Almería
Volkswagen,Tiguan,Diésel,141283.0,190.0,automatic,22490,Vigo,36211,Pontevedra,Vigo
Volkswagen,Tiguan,Diésel,141283.0,190.0,automatic,22490,Alicante,3010,Alicante,Alicante
Volkswagen,Tiguan,Diésel,141283.0,190.0,automatic,22490,Alicante,3010,Murcia,Alicante
Volkswagen,Tiguan,Diésel,109700.0,110.0,manual,14490,Almería,4006,Almería,Almería
Volkswagen,Tiguan,Diésel,109700.0,110.0,manual,14990,Almería,4006,Almería,Almería
Volkswagen,Tiguan,Diésel,109700.0,110.0,manual,14490,Vigo,36211,Pontevedra,Vigo
Volkswagen,Tiguan,Diésel,109700.0,110.0,manual,14990,Vigo,36211,Pontevedra,Vigo
Volkswagen,Tiguan,Diésel,109700.0,110.0,manual,14490,Alicante,3010,Alicante,Alicante
Volkswagen,Tiguan,Diésel,109700.0,110.0,manual,14490,Alicante,3010,Murcia,Alicante
Volkswagen,Tiguan,Diésel,109700.0,110.0,manual,14990,Alicante,3010,Alicante,Alicante
Volkswagen,Tiguan,Diésel,109700.0,110.0,manual,14990,Alicante,3010,Murcia,Alicante
Volkswagen,Tiguan,Diésel,141283.0,190.0,automatic,22490,Granada,18005,Granada,Granada
Volkswagen,Tiguan,Diésel,109700.0,110.0,manual,14490,Las Rozas de Madrid,28232,Madrid,Las Rozas de Madrid
Volkswagen,Tiguan,Diésel,109700.0,110.0,manual,14990,Las Rozas de Madrid,28232,Madrid,Las Rozas de Madrid
Volkswagen,Tiguan,Diésel,109700.0,110.0,manual,14490,Urbanizacion La Granjilla,28700,Madrid,Urbanizacion La Granjilla
Volkswagen,Tiguan,Diésel,109700.0,110.0,manual,14990,Urbanizacion La Granjilla,28700,Madrid,Urbanizacion La Granjilla
Volkswagen,Tiguan,Diésel,141283.0,190.0,automatic,22490,Murcia,30005,Murcia,Murcia
Volkswagen,Tiguan,Diésel,109700.0,110.0,manual,14490,Murcia,30005,Murcia,Murcia
Volkswagen,Tiguan,Diésel,109700.0,110.0,manual,14990,Murcia,30005,Murcia,Murcia
Volkswagen,Tiguan,Diésel,109700.0,110.0,manual,14490,Granada,18005,Granada,Granada
Volkswagen,Tiguan,Diésel,109700.0,110.0,manual,14990,Granada,18005,Granada,Granada
Peugeot,3008,Diésel,102494.0,120.0,manual,11825,Vigo,36214,Pontevedra,Vigo
Peugeot,3008,Diésel,158596.0,150.0,manual,11880,Vigo,36214,Pontevedra,Vigo
Peugeot,3008,Diésel,102212.0,120.0,manual,13789,Vigo,36214,Pontevedra,Vigo
Peugeot,3008,Diésel,102494.0,120.0,manual,11825,Saladar,3700,Alicante,Saladar
Peugeot,3008,Diésel,158596.0,150.0,manual,11880,Saladar,3700,Alicante,Saladar
Peugeot,3008,Diésel,102212.0,120.0,manual,13789,Saladar,3700,Alicante,Saladar
Peugeot,3008,Diésel,102494.0,120.0,manual,11825,Granollers,8403,Barcelona,Granollers
Peugeot,3008,Diésel,158596.0,150.0,manual,11880,Granollers,8403,Barcelona,Granollers
Peugeot,3008,Diésel,133998.0,120.0,manual,12089,Granollers,8403,Barcelona,Granollers
Peugeot,3008,Diésel,102212.0,120.0,manual,13789,Granollers,8403,Barcelona,Granollers
Peugeot,3008,Diésel,102494.0,120.0,manual,11825,Badajoz,6008,Badajoz,Badajoz
Peugeot,3008,Diésel,158596.0,150.0,manual,11880,Badajoz,6008,Badajoz,Badajoz
Peugeot,3008,Diésel,50028.0,130.0,manual,20990,Almería,4006,Almería,Almería
Peugeot,3008,Diésel,50028.0,130.0,manual,20490,Almería,4006,Almería,Almería
Peugeot,3008,Diésel,133998.0,120.0,manual,12089,Badajoz,6008,Badajoz,Badajoz
Peugeot,3008,Diésel,102212.0,120.0,manual,13789,Badajoz,6008,Badajoz,Badajoz
Peugeot,3008,Diésel,50028.0,130.0,manual,20990,Sevilla,41005,Sevilla,Sevilla
Peugeot,3008,Diésel,50028.0,130.0,manual,20490,Sevilla,41005,Sevilla,Sevilla
Peugeot,3008,Diésel,102494.0,120.0,manual,11825,Barcelona,8007,Barcelona,Barcelona
Peugeot,3008,Diésel,50028.0,130.0,manual,20990,Alicante,3010,Alicante,Alicante
Peugeot,3008,Diésel,50028.0,130.0,manual,20990,Alicante,3010,Murcia,Alicante
Peugeot,3008,Diésel,50028.0,130.0,manual,20490,Alicante,3010,Alicante,Alicante
Peugeot,3008,Diésel,50028.0,130.0,manual,20490,Alicante,3010,Murcia,Alicante
Peugeot,3008,Diésel,50028.0,130.0,manual,20990,Vigo,36211,Pontevedra,Vigo
Peugeot,3008,Diésel,50028.0,130.0,manual,20490,Vigo,36211,Pontevedra,Vigo
Peugeot,3008,Diésel,158596.0,150.0,manual,11880,Barcelona,8007,Barcelona,Barcelona
Peugeot,3008,Diésel,50028.0,130.0,manual,20990,Granada,18005,Granada,Granada
Peugeot,3008,Diésel,50028.0,130.0,manual,20490,Granada,18005,Granada,Granada
Peugeot,3008,Diésel,133998.0,120.0,manual,12089,Barcelona,8007,Barcelona,Barcelona
Peugeot,3008,Diésel,102212.0,120.0,manual,13789,Barcelona,8007,Barcelona,Barcelona
Peugeot,3008,Diésel,50028.0,130.0,manual,20990,Málaga,29005,Málaga,Málaga
Peugeot,3008,Diésel,50028.0,130.0,manual,20490,Málaga,29005,Málaga,Málaga
Peugeot,3008,Diésel,50028.0,130.0,manual,20990,Valencia,46001,Valencia,Valencia
Peugeot,3008,Diésel,50028.0,130.0,manual,20490,Valencia,46001,Valencia,Valencia
Peugeot,3008,Diésel,50028.0,130.0,manual,20990,Bilbao,48004,Bizkaia,Bilbao
Peugeot,3008,Diésel,50028.0,130.0,manual,20490,Bilbao,48004,Bizkaia,Bilbao
Peugeot,3008,Diésel,50028.0,130.0,manual,20990,Murcia,30005,Murcia,Murcia
Peugeot,3008,Diésel,50028.0,130.0,manual,20490,Murcia,30005,Murcia,Murcia
Peugeot,3008,Diésel,50028.0,130.0,manual,20990,Palma de Mallorca,7003,Baleares,Palma de Mallorca
Peugeot,3008,Diésel,50028.0,130.0,manual,20490,Palma de Mallorca,7003,Baleares,Palma de Mallorca
Peugeot,208,Gasolina,42840.0,110.0,manual,15500,L'Hospitalet de Llobregat,8901,Barcelona,L'Hospitalet de Llobregat
Peugeot,308,Diésel,147851.0,120.0,manual,12420,Vigo,36214,Pontevedra,Vigo
Peugeot,308,Diésel,147851.0,120.0,manual,12420,Saladar,3700,Alicante,Saladar
Peugeot,308,Diésel,147851.0,120.0,manual,12420,Granollers,8403,Barcelona,Granollers
Peugeot,308,Diésel,147851.0,120.0,manual,12420,Badajoz,6008,Badajoz,Badajoz
Peugeot,308,Diésel,147851.0,120.0,manual,12420,Barcelona,8007,Barcelona,Barcelona
Peugeot,Rifter,Diésel,1207.0,130.0,manual,29500,Vigo,36214,Pontevedra,Vigo
Peugeot,Rifter,Diésel,1207.0,130.0,manual,29500,Saladar,3700,Alicante,Saladar
Peugeot,Rifter,Diésel,1207.0,130.0,manual,29500,Granollers,8403,Barcelona,Granollers
Peugeot,Rifter,Diésel,1207.0,130.0,manual,29500,Badajoz,6008,Badajoz,Badajoz
Peugeot,Rifter,Diésel,1207.0,130.0,manual,29500,Barcelona,8007,Barcelona,Barcelona
Peugeot,Rifter,Diésel,47333.0,130.0,manual,25900,Pineda de Mar,8397,Barcelona,Pineda de Mar
Peugeot,Rifter,Gasolina,7524.0,109.0,manual,22500,Pineda de Mar,8397,Barcelona,Pineda de Mar
Peugeot,108,Gasolina,74924.0,69.0,automatic,12535,Vigo,36214,Pontevedra,Vigo
Peugeot,108,Gasolina,74924.0,69.0,automatic,12535,Saladar,3700,Alicante,Saladar
Peugeot,108,Gasolina,74924.0,69.0,automatic,12535,Granollers,8403,Barcelona,Granollers
Peugeot,108,Gasolina,39469.0,72.0,manual,12592,Granollers,8403,Barcelona,Granollers
Peugeot,108,Gasolina,74924.0,69.0,automatic,12535,Badajoz,6008,Badajoz,Badajoz
Peugeot,108,Gasolina,39469.0,72.0,manual,12592,Badajoz,6008,Badajoz,Badajoz
Peugeot,108,Gasolina,74924.0,69.0,automatic,12535,Barcelona,8007,Barcelona,Barcelona
Peugeot,108,Gasolina,39469.0,72.0,manual,12592,Barcelona,8007,Barcelona,Barcelona
Peugeot,5008,Diésel,318000.0,150.0,manual,4995,Madrid,28018,Madrid,Madrid
Peugeot,5008,Diésel,137469.0,150.0,manual,11900,Vigo,36214,Pontevedra,Vigo
Peugeot,5008,Gasolina,77415.0,130.0,manual,15237,Vigo,36214,Pontevedra,Vigo
Peugeot,5008,Diésel,137469.0,150.0,manual,11900,Saladar,3700,Alicante,Saladar
Peugeot,5008,Gasolina,77415.0,130.0,manual,15237,Saladar,3700,Alicante,Saladar
Peugeot,5008,Diésel,137469.0,150.0,manual,11900,Granollers,8403,Barcelona,Granollers
Peugeot,5008,Gasolina,77415.0,130.0,manual,15237,Granollers,8403,Barcelona,Granollers
Peugeot,5008,Diésel,137469.0,150.0,manual,11900,Badajoz,6008,Badajoz,Badajoz
Peugeot,5008,Gasolina,77415.0,130.0,manual,15237,Badajoz,6008,Badajoz,Badajoz
Peugeot,5008,Diésel,137469.0,150.0,manual,11900,Barcelona,8007,Barcelona,Barcelona
Peugeot,5008,Gasolina,77415.0,130.0,manual,15237,Barcelona,8007,Barcelona,Barcelona
Jaguar,F-Pace,Diésel,107194.0,180.0,automatic,31912,Zaragoza,50013,Zaragoza,Zaragoza
Jaguar,F-Pace,Diésel,107194.0,180.0,automatic,31912,Paterna,46980,Valencia,Paterna
Jaguar,F-Pace,Diésel,107194.0,180.0,automatic,31912,Puerto de Sagunto,46520,Valencia,Puerto de Sagunto
Jaguar,F-Pace,Diésel,107194.0,180.0,automatic,31912,Santafe,18320,Granada,Santafe
Jaguar,F-Pace,Diésel,118000.0,180.0,automatic,32000,Lugones,33420,Asturias,Lugones
Porsche,Panamera,Gasolina,142149.0,400.0,automatic,26990,Murcia,30005,Murcia,Murcia
Porsche,Panamera,Gasolina,142149.0,400.0,automatic,26990,Sevilla,41017,Sevilla,Sevilla
Porsche,Panamera,Gasolina,142149.0,400.0,automatic,26990,Valencia,46001,Valencia,Valencia
Porsche,Panamera,Gasolina,142149.0,400.0,automatic,26990,Málaga,29005,Málaga,Málaga
Porsche,Panamera,Gasolina,142149.0,400.0,automatic,26990,Granada,18005,Granada,Granada
Porsche,Panamera,Gasolina,142149.0,400.0,automatic,26990,Alicante,3010,Alicante,Alicante
Porsche,Panamera,Gasolina,142149.0,400.0,automatic,26990,Alicante,3010,Murcia,Alicante
Porsche,Panamera,Gasolina,142149.0,400.0,automatic,26990,Bilbao,48004,Bizkaia,Bilbao
Porsche,Panamera,Gasolina,142149.0,400.0,automatic,26990,Córdoba,14003,Córdoba,Córdoba
Porsche,Panamera,Gasolina,142149.0,400.0,automatic,26990,Ciudad Real,13005,Ciudad Real,Ciudad Real
Peugeot,Partner,Diésel,120000.0,120.0,manual,15000,Ventas del Carrizal,23693,Jaén,Ventas del Carrizal
Peugeot,Partner,Diésel,114000.0,75.0,manual,5600,Alella,8328,Barcelona,Alella
Mazda,CX-3,Gasolina,41045.0,121.0,manual,19500,Fornells de la Selva,17458,Girona,Fornells de la Selva
Mazda,CX-3,Gasolina,42417.0,121.0,manual,21000,Fornells de la Selva,17458,Girona,Fornells de la Selva
Land Rover,Discovery Sport,Diésel,160631.0,180.0,automatic,20300,Mercado Parque Corredor del Henares,28850,Madrid,Mercado Parque Corredor del Henares
Land Rover,Discovery Sport,Diésel,160631.0,180.0,automatic,20300,Colonia Pablo Iglesias,28520,Madrid,Colonia Pablo Iglesias
Land Rover,Discovery Sport,Diésel,160631.0,180.0,automatic,20300,Sant Vicenç de Montalt,8394,Barcelona,Sant Vicenç de Montalt
Land Rover,Discovery Sport,Diésel,160631.0,180.0,automatic,20300,Estepona,29680,Málaga,Estepona
Land Rover,Discovery Sport,Diésel,160631.0,180.0,automatic,20300,Murcia,30003,Murcia,Murcia
Land Rover,Discovery Sport,Diésel,160631.0,180.0,automatic,20300,Saladar,3700,Alicante,Saladar
Land Rover,Discovery Sport,Diésel,160631.0,180.0,automatic,20300,Granollers,8403,Barcelona,Granollers
Land Rover,Discovery Sport,Diésel,160631.0,180.0,automatic,20300,Ciudad Real,13003,Ciudad Real,Ciudad Real
Land Rover,Discovery Sport,Diésel,160631.0,180.0,automatic,20300,Valdepeñas,13300,Ciudad Real,Valdepeñas
Land Rover,Discovery Sport,Diésel,160631.0,180.0,automatic,20300,Valdepeñas,13300,Ciudad Real,Valdepeñas
Land Rover,Discovery Sport,Diésel,160631.0,180.0,automatic,20300,Badajoz,6008,Badajoz,Badajoz
Land Rover,Discovery Sport,Diésel,160631.0,180.0,automatic,20300,Barcelona,8007,Barcelona,Barcelona
Land Rover,Discovery Sport,Diésel,160631.0,180.0,automatic,20300,Olèrdola,8734,Barcelona,Olèrdola
Land Rover,Discovery Sport,Diésel,160631.0,180.0,automatic,20300,Olèrdola,8734,Barcelona,Olèrdola
Land Rover,Discovery Sport,Diésel,160631.0,180.0,automatic,20300,Santa Maria del Aguila,4710,Almería,Santa Maria del Aguila
Land Rover,Discovery Sport,Diésel,160631.0,180.0,automatic,20300,Las Rozas de Madrid,28232,Madrid,Las Rozas de Madrid
Land Rover,Discovery Sport,Diésel,160631.0,180.0,automatic,20300,Mercabilbao,48970,Bizkaia,Mercabilbao
Land Rover,Discovery Sport,Diésel,160631.0,180.0,automatic,20300,Alcalá de Guadaíra,41500,Sevilla,Alcalá de Guadaíra
Land Rover,Discovery Sport,Diésel,160631.0,180.0,automatic,20300,Zaragoza,50013,Zaragoza,Zaragoza
Land Rover,Discovery Sport,Diésel,160631.0,180.0,automatic,20300,Paterna,46980,Valencia,Paterna
Land Rover,Discovery Sport,Diésel,160631.0,180.0,automatic,20300,Puerto de Sagunto,46520,Valencia,Puerto de Sagunto
Land Rover,Discovery Sport,Diésel,160631.0,180.0,automatic,20300,Atarrabia,31610,Navarra,Atarrabia
Land Rover,Discovery Sport,Diésel,160631.0,180.0,automatic,20300,Santiago de Compostela,15703,A Coruña,Santiago de Compostela
Peugeot,208,Gasolina,119000.0,82.0,manual,9900,Cúllar Vega,18195,Granada,Cúllar Vega
Peugeot,208,Gasolina,40791.0,82.0,manual,12995,Zaragoza,50013,Zaragoza,Zaragoza
Peugeot,208,Gasolina,81720.0,110.0,manual,13225,Zaragoza,50013,Zaragoza,Zaragoza
Peugeot,208,Gasolina,47100.0,110.0,manual,13685,Zaragoza,50013,Zaragoza,Zaragoza
Peugeot,208,Gasolina,40791.0,82.0,manual,12995,Mercado Parque Corredor del Henares,28850,Madrid,Mercado Parque Corredor del Henares
Peugeot,208,Gasolina,81720.0,110.0,manual,13225,Mercado Parque Corredor del Henares,28850,Madrid,Mercado Parque Corredor del Henares
Peugeot,208,Gasolina,47100.0,110.0,manual,13685,Mercado Parque Corredor del Henares,28850,Madrid,Mercado Parque Corredor del Henares
Peugeot,208,Gasolina,40791.0,82.0,manual,12995,Santa Maria del Aguila,4710,Almería,Santa Maria del Aguila
Peugeot,208,Gasolina,81720.0,110.0,manual,13225,Santa Maria del Aguila,4710,Almería,Santa Maria del Aguila
Peugeot,208,Gasolina,47100.0,110.0,manual,13685,Santa Maria del Aguila,4710,Almería,Santa Maria del Aguila
Peugeot,208,Gasolina,81720.0,110.0,manual,13225,Alcalá de Guadaíra,41500,Sevilla,Alcalá de Guadaíra
Peugeot,208,Gasolina,47100.0,110.0,manual,13685,Alcalá de Guadaíra,41500,Sevilla,Alcalá de Guadaíra
Peugeot,208,Gasolina,29063.0,100.0,manual,15990,Sevilla,41005,Sevilla,Sevilla
Peugeot,208,Diésel,27713.0,100.0,manual,12990,Sevilla,41005,Sevilla,Sevilla
Peugeot,208,Gasolina,40791.0,82.0,manual,12995,Mercabilbao,48970,Bizkaia,Mercabilbao
Peugeot,208,Gasolina,81720.0,110.0,manual,13225,Mercabilbao,48970,Bizkaia,Mercabilbao
Peugeot,208,Gasolina,47100.0,110.0,manual,13685,Mercabilbao,48970,Bizkaia,Mercabilbao
Peugeot,208,Gasolina,47100.0,110.0,manual,13685,Paterna,46980,Valencia,Paterna
Peugeot,208,Gasolina,40791.0,82.0,manual,12995,Saladar,3700,Alicante,Saladar
Peugeot,208,Gasolina,81720.0,110.0,manual,13225,Saladar,3700,Alicante,Saladar
Peugeot,208,Gasolina,40791.0,82.0,manual,12995,Puerto de Sagunto,46520,Valencia,Puerto de Sagunto
Peugeot,208,Gasolina,81720.0,110.0,manual,13225,Puerto de Sagunto,46520,Valencia,Puerto de Sagunto
Peugeot,208,Gasolina,47100.0,110.0,manual,13685,Saladar,3700,Alicante,Saladar
Peugeot,208,Gasolina,47100.0,110.0,manual,13685,Puerto de Sagunto,46520,Valencia,Puerto de Sagunto
Peugeot,208,Gasolina,40791.0,82.0,manual,12995,Estepona,29680,Málaga,Estepona
Peugeot,208,Gasolina,47100.0,110.0,manual,13685,Estepona,29680,Málaga,Estepona
Peugeot,208,Gasolina,40791.0,82.0,manual,12995,Badajoz,6008,Badajoz,Badajoz
Peugeot,208,Gasolina,81720.0,110.0,manual,13225,Badajoz,6008,Badajoz,Badajoz
Peugeot,208,Gasolina,47100.0,110.0,manual,13685,Badajoz,6008,Badajoz,Badajoz
Peugeot,208,Gasolina,40791.0,82.0,manual,12995,Valdepeñas,13300,Ciudad Real,Valdepeñas
Peugeot,208,Gasolina,40791.0,82.0,manual,12995,Valdepeñas,13300,Ciudad Real,Valdepeñas
Peugeot,208,Gasolina,40791.0,82.0,manual,12995,Santafe,18320,Granada,Santafe
Peugeot,208,Gasolina,81720.0,110.0,manual,13225,Santafe,18320,Granada,Santafe
Peugeot,208,Gasolina,81720.0,110.0,manual,13225,Valdepeñas,13300,Ciudad Real,Valdepeñas
Peugeot,208,Gasolina,81720.0,110.0,manual,13225,Valdepeñas,13300,Ciudad Real,Valdepeñas
Peugeot,208,Gasolina,47100.0,110.0,manual,13685,Valdepeñas,13300,Ciudad Real,Valdepeñas
Peugeot,208,Gasolina,47100.0,110.0,manual,13685,Valdepeñas,13300,Ciudad Real,Valdepeñas
Peugeot,208,Gasolina,47100.0,110.0,manual,13685,Santafe,18320,Granada,Santafe
Peugeot,208,Gasolina,29063.0,100.0,manual,15990,Valencia,46001,Valencia,Valencia
Peugeot,208,Diésel,27713.0,100.0,manual,12990,Valencia,46001,Valencia,Valencia
Peugeot,208,Gasolina,29063.0,100.0,manual,15990,Málaga,29005,Málaga,Málaga
Peugeot,208,Diésel,27713.0,100.0,manual,12990,Málaga,29005,Málaga,Málaga
Peugeot,208,Gasolina,40791.0,82.0,manual,12995,Granollers,8403,Barcelona,Granollers
Peugeot,208,Gasolina,81720.0,110.0,manual,13225,Granollers,8403,Barcelona,Granollers
Peugeot,208,Gasolina,47100.0,110.0,manual,13685,Granollers,8403,Barcelona,Granollers
Peugeot,208,Gasolina,40791.0,82.0,manual,12995,Murcia,30003,Murcia,Murcia
Peugeot,208,Gasolina,40791.0,82.0,manual,12995,Vigo,36214,Pontevedra,Vigo
Peugeot,208,Gasolina,81720.0,110.0,manual,13225,Murcia,30003,Murcia,Murcia
Peugeot,208,Gasolina,81720.0,110.0,manual,13225,Vigo,36214,Pontevedra,Vigo
Peugeot,208,Gasolina,47100.0,110.0,manual,13685,Murcia,30003,Murcia,Murcia
Peugeot,208,Gasolina,47100.0,110.0,manual,13685,Vigo,36214,Pontevedra,Vigo
Peugeot,208,Gasolina,47100.0,110.0,manual,13685,Atarrabia,31610,Navarra,Atarrabia
Peugeot,208,Gasolina,40791.0,82.0,manual,12995,Olèrdola,8734,Barcelona,Olèrdola
Peugeot,208,Gasolina,40791.0,82.0,manual,12995,Olèrdola,8734,Barcelona,Olèrdola
Peugeot,208,Gasolina,81720.0,110.0,manual,13225,Olèrdola,8734,Barcelona,Olèrdola
Peugeot,208,Gasolina,81720.0,110.0,manual,13225,Olèrdola,8734,Barcelona,Olèrdola
Iveco,Daily,Diésel,70000.0,156.0,manual,23500,La Puebla de Alfindén,50171,Zaragoza,La Puebla de Alfindén
Iveco,Daily,Diésel,90000.0,145.0,manual,16500,Utrera,41710,Sevilla,Utrera
Iveco,Daily,Diésel,246600.0,140.0,manual,29900,Elx/Elche,3204,Alicante,Elx/Elche
Peugeot,208,Gasolina,47100.0,110.0,manual,13685,Olèrdola,8734,Barcelona,Olèrdola
Peugeot,208,Gasolina,47100.0,110.0,manual,13685,Olèrdola,8734,Barcelona,Olèrdola
Peugeot,208,Gasolina,40791.0,82.0,manual,12995,Sant Vicenç de Montalt,8394,Barcelona,Sant Vicenç de Montalt
Peugeot,208,Gasolina,81720.0,110.0,manual,13225,Sant Vicenç de Montalt,8394,Barcelona,Sant Vicenç de Montalt
Peugeot,208,Gasolina,47100.0,110.0,manual,13685,Sant Vicenç de Montalt,8394,Barcelona,Sant Vicenç de Montalt
Peugeot,208,Gasolina,12650.0,82.0,manual,12799,Madrid,28014,Madrid,Madrid
Peugeot,208,Gasolina,12650.0,82.0,manual,12799,Barcelona,8007,Barcelona,Barcelona
Peugeot,208,Gasolina,15361.0,100.0,automatic,21250,Sant Vicenç de Montalt,8394,Barcelona,Sant Vicenç de Montalt
Peugeot,208,Gasolina,29063.0,100.0,manual,15990,Palau-Solita I Plegamans,8184,Barcelona,Palau-Solita I Plegamans
Peugeot,208,Gasolina,29063.0,100.0,manual,15990,Palau-Solita I Plegamans,8184,Barcelona,Palau-Solita I Plegamans
Peugeot,208,Gasolina,29063.0,100.0,manual,15990,Tarragona,43006,Tarragona,Tarragona
Peugeot,208,Gasolina,40791.0,82.0,manual,12995,Ciudad Real,13003,Ciudad Real,Ciudad Real
Peugeot,208,Gasolina,81720.0,110.0,manual,13225,Ciudad Real,13003,Ciudad Real,Ciudad Real
Peugeot,208,Gasolina,47100.0,110.0,manual,13685,Ciudad Real,13003,Ciudad Real,Ciudad Real
Peugeot,208,Gasolina,40791.0,82.0,manual,12995,Santiago de Compostela,15703,A Coruña,Santiago de Compostela
Peugeot,208,Gasolina,81720.0,110.0,manual,13225,Santiago de Compostela,15703,A Coruña,Santiago de Compostela
Peugeot,208,Gasolina,47100.0,110.0,manual,13685,Santiago de Compostela,15703,A Coruña,Santiago de Compostela
Peugeot,208,Gasolina,40791.0,82.0,manual,12995,Albacete,2001,Albacete,Albacete
Peugeot,208,Gasolina,40791.0,82.0,manual,12995,Alzira,46600,Valencia,Alzira
Peugeot,208,Gasolina,40791.0,82.0,manual,12995,Alzira,46600,Valencia,Alzira
Peugeot,208,Gasolina,40791.0,82.0,manual,12995,Castello/Castellon de La Plana,12100,Castellón,Castello/Castellon de La Plana
Peugeot,208,Gasolina,81720.0,110.0,manual,13225,Albacete,2001,Albacete,Albacete
Peugeot,208,Gasolina,81720.0,110.0,manual,13225,Alzira,46600,Valencia,Alzira
Peugeot,208,Gasolina,81720.0,110.0,manual,13225,Alzira,46600,Valencia,Alzira
Land Rover,Range Rover Evoque,Diésel,153668.0,150.0,manual,17930,Collado Villalba,28400,Madrid,Collado Villalba
Land Rover,Range Rover Evoque,Diésel,153668.0,150.0,manual,17930,Collado Villalba,28400,Madrid,Collado Villalba
Land Rover,Range Rover Evoque,Diésel,142489.0,150.0,automatic,18500,Collado Villalba,28400,Madrid,Collado Villalba
Land Rover,Range Rover Evoque,Diésel,142489.0,150.0,automatic,18500,Collado Villalba,28400,Madrid,Collado Villalba
Land Rover,Range Rover Evoque,Diésel,145997.0,150.0,automatic,21900,Collado Villalba,28400,Madrid,Collado Villalba
Land Rover,Range Rover Evoque,Diésel,145997.0,150.0,automatic,21900,Collado Villalba,28400,Madrid,Collado Villalba
Land Rover,Range Rover Evoque,Diésel,145997.0,150.0,automatic,22250,Collado Villalba,28400,Madrid,Collado Villalba
Land Rover,Range Rover Evoque,Diésel,145997.0,150.0,automatic,22250,Collado Villalba,28400,Madrid,Collado Villalba
Land Rover,Range Rover Evoque,Diésel,153668.0,150.0,manual,17930,Vigo,36214,Pontevedra,Vigo
Land Rover,Range Rover Evoque,Diésel,142489.0,150.0,automatic,18500,Vigo,36214,Pontevedra,Vigo
Land Rover,Range Rover Evoque,Diésel,145997.0,150.0,automatic,21900,Vigo,36214,Pontevedra,Vigo
Land Rover,Range Rover Evoque,Diésel,145997.0,150.0,automatic,22250,Vigo,36214,Pontevedra,Vigo
Land Rover,Range Rover Evoque,Diésel,153668.0,150.0,manual,17930,Mercado Parque Corredor del Henares,28850,Madrid,Mercado Parque Corredor del Henares
Land Rover,Range Rover Evoque,Diésel,142489.0,150.0,automatic,18500,Mercado Parque Corredor del Henares,28850,Madrid,Mercado Parque Corredor del Henares
Land Rover,Range Rover Evoque,Diésel,145997.0,150.0,automatic,21900,Mercado Parque Corredor del Henares,28850,Madrid,Mercado Parque Corredor del Henares
Land Rover,Range Rover Evoque,Diésel,145997.0,150.0,automatic,22250,Mercado Parque Corredor del Henares,28850,Madrid,Mercado Parque Corredor del Henares
Land Rover,Range Rover Evoque,Diésel,153668.0,150.0,manual,17930,Colonia Pablo Iglesias,28520,Madrid,Colonia Pablo Iglesias
Land Rover,Range Rover Evoque,Diésel,142489.0,150.0,automatic,18500,Colonia Pablo Iglesias,28520,Madrid,Colonia Pablo Iglesias
Land Rover,Range Rover Evoque,Diésel,145997.0,150.0,automatic,21900,Colonia Pablo Iglesias,28520,Madrid,Colonia Pablo Iglesias
Land Rover,Range Rover Evoque,Diésel,145997.0,150.0,automatic,22250,Colonia Pablo Iglesias,28520,Madrid,Colonia Pablo Iglesias
Land Rover,Range Rover Evoque,Diésel,153668.0,150.0,manual,17930,Sant Vicenç de Montalt,8394,Barcelona,Sant Vicenç de Montalt
Land Rover,Range Rover Evoque,Diésel,142489.0,150.0,automatic,18500,Sant Vicenç de Montalt,8394,Barcelona,Sant Vicenç de Montalt
Land Rover,Range Rover Evoque,Diésel,153668.0,150.0,manual,17930,Estepona,29680,Málaga,Estepona
Land Rover,Range Rover Evoque,Diésel,142489.0,150.0,automatic,18500,Estepona,29680,Málaga,Estepona
Land Rover,Range Rover Evoque,Diésel,145997.0,150.0,automatic,21900,Sant Vicenç de Montalt,8394,Barcelona,Sant Vicenç de Montalt
Land Rover,Range Rover Evoque,Diésel,145997.0,150.0,automatic,22250,Sant Vicenç de Montalt,8394,Barcelona,Sant Vicenç de Montalt
Land Rover,Range Rover Evoque,Diésel,145997.0,150.0,automatic,21900,Estepona,29680,Málaga,Estepona
Land Rover,Range Rover Evoque,Diésel,145997.0,150.0,automatic,22250,Estepona,29680,Málaga,Estepona
Land Rover,Range Rover Evoque,Diésel,153668.0,150.0,manual,17930,Murcia,30003,Murcia,Murcia
Land Rover,Range Rover Evoque,Diésel,142489.0,150.0,automatic,18500,Murcia,30003,Murcia,Murcia
Land Rover,Range Rover Evoque,Diésel,153668.0,150.0,manual,17930,Saladar,3700,Alicante,Saladar
Land Rover,Range Rover Evoque,Diésel,153668.0,150.0,manual,17930,Granollers,8403,Barcelona,Granollers
Land Rover,Range Rover Evoque,Diésel,142489.0,150.0,automatic,18500,Saladar,3700,Alicante,Saladar
Land Rover,Range Rover Evoque,Diésel,142489.0,150.0,automatic,18500,Granollers,8403,Barcelona,Granollers
Land Rover,Range Rover Evoque,Diésel,145997.0,150.0,automatic,21900,Murcia,30003,Murcia,Murcia
Land Rover,Range Rover Evoque,Diésel,145997.0,150.0,automatic,22250,Murcia,30003,Murcia,Murcia
Land Rover,Range Rover Evoque,Diésel,145997.0,150.0,automatic,21900,Saladar,3700,Alicante,Saladar
Land Rover,Range Rover Evoque,Diésel,145997.0,150.0,automatic,22250,Saladar,3700,Alicante,Saladar
Land Rover,Range Rover Evoque,Diésel,145997.0,150.0,automatic,21900,Granollers,8403,Barcelona,Granollers
Land Rover,Range Rover Evoque,Diésel,145997.0,150.0,automatic,22250,Granollers,8403,Barcelona,Granollers
Land Rover,Range Rover Evoque,Diésel,153668.0,150.0,manual,17930,Ciudad Real,13003,Ciudad Real,Ciudad Real
Land Rover,Range Rover Evoque,Diésel,142489.0,150.0,automatic,18500,Ciudad Real,13003,Ciudad Real,Ciudad Real
Land Rover,Range Rover Evoque,Diésel,145997.0,150.0,automatic,21900,Ciudad Real,13003,Ciudad Real,Ciudad Real
Land Rover,Range Rover Evoque,Diésel,145997.0,150.0,automatic,22250,Ciudad Real,13003,Ciudad Real,Ciudad Real
Land Rover,Range Rover Evoque,Diésel,153668.0,150.0,manual,17930,Valdepeñas,13300,Ciudad Real,Valdepeñas
Land Rover,Range Rover Evoque,Diésel,153668.0,150.0,manual,17930,Valdepeñas,13300,Ciudad Real,Valdepeñas
Land Rover,Range Rover Evoque,Diésel,142489.0,150.0,automatic,18500,Valdepeñas,13300,Ciudad Real,Valdepeñas
Land Rover,Range Rover Evoque,Diésel,142489.0,150.0,automatic,18500,Valdepeñas,13300,Ciudad Real,Valdepeñas
Land Rover,Range Rover Evoque,Diésel,145997.0,150.0,automatic,21900,Valdepeñas,13300,Ciudad Real,Valdepeñas
Land Rover,Range Rover Evoque,Diésel,145997.0,150.0,automatic,21900,Valdepeñas,13300,Ciudad Real,Valdepeñas
Land Rover,Range Rover Evoque,Diésel,145997.0,150.0,automatic,22250,Valdepeñas,13300,Ciudad Real,Valdepeñas
Land Rover,Range Rover Evoque,Diésel,145997.0,150.0,automatic,22250,Valdepeñas,13300,Ciudad Real,Valdepeñas
Land Rover,Range Rover Evoque,Diésel,153668.0,150.0,manual,17930,Badajoz,6008,Badajoz,Badajoz
Land Rover,Range Rover Evoque,Diésel,142489.0,150.0,automatic,18500,Badajoz,6008,Badajoz,Badajoz
Land Rover,Range Rover Evoque,Diésel,145997.0,150.0,automatic,21900,Badajoz,6008,Badajoz,Badajoz
Land Rover,Range Rover Evoque,Diésel,145997.0,150.0,automatic,22250,Badajoz,6008,Badajoz,Badajoz
Land Rover,Range Rover Evoque,Diésel,153668.0,150.0,manual,17930,Barcelona,8007,Barcelona,Barcelona
Land Rover,Range Rover Evoque,Diésel,142489.0,150.0,automatic,18500,Barcelona,8007,Barcelona,Barcelona
Peugeot,208,Gasolina,81720.0,110.0,manual,13225,Castello/Castellon de La Plana,12100,Castellón,Castello/Castellon de La Plana
Peugeot,208,Gasolina,40791.0,82.0,manual,12995,Alicante,3007,Alicante,Alicante
Peugeot,208,Gasolina,81720.0,110.0,manual,13225,Alicante,3007,Alicante,Alicante
Peugeot,208,Gasolina,81720.0,110.0,manual,13225,Hidraulica Santillana,28770,Madrid,Hidraulica Santillana
Peugeot,208,Gasolina,47100.0,110.0,manual,13685,Albacete,2001,Albacete,Albacete
Peugeot,208,Gasolina,47100.0,110.0,manual,13685,Castello/Castellon de La Plana,12100,Castellón,Castello/Castellon de La Plana
Peugeot,208,Gasolina,47100.0,110.0,manual,13685,Alzira,46600,Valencia,Alzira
Peugeot,208,Gasolina,47100.0,110.0,manual,13685,Alzira,46600,Valencia,Alzira
Peugeot,208,Gasolina,47100.0,110.0,manual,13685,Alicante,3007,Alicante,Alicante
Peugeot,208,Gasolina,47100.0,110.0,manual,13685,Hidraulica Santillana,28770,Madrid,Hidraulica Santillana
Peugeot,208,Gasolina,40791.0,82.0,manual,12995,Alameda del Obispo,14005,Córdoba,Alameda del Obispo
Mercedes-Benz,Viano,Diésel,128894.0,204.0,automatic,17900,Getafe,28906,Madrid,Getafe
Mercedes-Benz,Viano,Diésel,128894.0,204.0,automatic,17900,Saladar,3700,Alicante,Saladar
Mercedes-Benz,Viano,Diésel,128894.0,204.0,automatic,17900,Santafe,18320,Granada,Santafe
Mercedes-Benz,Viano,Diésel,128894.0,204.0,automatic,17900,Alicante,3007,Alicante,Alicante
Mercedes-Benz,Viano,Diésel,128894.0,204.0,automatic,17900,Atarrabia,31610,Navarra,Atarrabia
Peugeot,208,Gasolina,40791.0,82.0,manual,12995,Colonia Pablo Iglesias,28520,Madrid,Colonia Pablo Iglesias
Peugeot,208,Gasolina,81720.0,110.0,manual,13225,Alameda del Obispo,14005,Córdoba,Alameda del Obispo
Peugeot,208,Gasolina,81720.0,110.0,manual,13225,Colonia Pablo Iglesias,28520,Madrid,Colonia Pablo Iglesias
Peugeot,208,Gasolina,47100.0,110.0,manual,13685,Colonia Pablo Iglesias,28520,Madrid,Colonia Pablo Iglesias
Peugeot,208,Gasolina,47100.0,110.0,manual,13685,Las Rozas de Madrid,28232,Madrid,Las Rozas de Madrid
Peugeot,208,Gasolina,47100.0,110.0,manual,13685,Alameda del Obispo,14005,Córdoba,Alameda del Obispo
Peugeot,208,Gasolina,47100.0,110.0,manual,13685,Torremolinos,29620,Málaga,Torremolinos
Peugeot,208,Gasolina,47100.0,110.0,manual,13685,Torremolinos,29620,Málaga,Torremolinos
Peugeot,208,Gasolina,47100.0,110.0,manual,13685,Torremolinos,29620,Málaga,Torremolinos
Toyota,Corolla,Eléctrico,99540.0,122.0,automatic,20125,Collado Villalba,28400,Madrid,Collado Villalba
Toyota,Corolla,Eléctrico,99540.0,122.0,automatic,20125,Collado Villalba,28400,Madrid,Collado Villalba
Toyota,Corolla,Eléctrico,99540.0,122.0,automatic,20125,Vigo,36214,Pontevedra,Vigo
Toyota,Corolla,Eléctrico,99540.0,122.0,automatic,20125,Mercado Parque Corredor del Henares,28850,Madrid,Mercado Parque Corredor del Henares
Toyota,Corolla,Eléctrico,99540.0,122.0,automatic,20125,Colonia Pablo Iglesias,28520,Madrid,Colonia Pablo Iglesias
Toyota,Corolla,Eléctrico,99540.0,122.0,automatic,20125,Sant Vicenç de Montalt,8394,Barcelona,Sant Vicenç de Montalt
Toyota,Corolla,Eléctrico,99540.0,122.0,automatic,20125,Estepona,29680,Málaga,Estepona
Toyota,Corolla,Eléctrico,99540.0,122.0,automatic,20125,Murcia,30003,Murcia,Murcia
Toyota,Corolla,Eléctrico,99540.0,122.0,automatic,20125,Saladar,3700,Alicante,Saladar
Toyota,Corolla,Eléctrico,99540.0,122.0,automatic,20125,Granollers,8403,Barcelona,Granollers
Toyota,Corolla,Eléctrico,99540.0,122.0,automatic,20125,Ciudad Real,13003,Ciudad Real,Ciudad Real
Toyota,Corolla,Eléctrico,99540.0,122.0,automatic,20125,Valdepeñas,13300,Ciudad Real,Valdepeñas
Toyota,Corolla,Eléctrico,99540.0,122.0,automatic,20125,Valdepeñas,13300,Ciudad Real,Valdepeñas
Toyota,Corolla,Eléctrico,99540.0,122.0,automatic,20125,Badajoz,6008,Badajoz,Badajoz
Toyota,Corolla,Eléctrico,99540.0,122.0,automatic,20125,Barcelona,8007,Barcelona,Barcelona
Toyota,Corolla,Eléctrico,99540.0,122.0,automatic,20125,Olèrdola,8734,Barcelona,Olèrdola
Toyota,Corolla,Eléctrico,99540.0,122.0,automatic,20125,Olèrdola,8734,Barcelona,Olèrdola
Toyota,Corolla,Eléctrico,99540.0,122.0,automatic,20125,Santa Maria del Aguila,4710,Almería,Santa Maria del Aguila
Toyota,Corolla,Eléctrico,99540.0,122.0,automatic,20125,Las Rozas de Madrid,28232,Madrid,Las Rozas de Madrid
Toyota,Corolla,Eléctrico,99540.0,122.0,automatic,20125,Alcalá de Guadaíra,41500,Sevilla,Alcalá de Guadaíra
Toyota,Corolla,Eléctrico,99540.0,122.0,automatic,20125,Paterna,46980,Valencia,Paterna
Toyota,Corolla,Eléctrico,99540.0,122.0,automatic,20125,Atarrabia,31610,Navarra,Atarrabia
Toyota,Corolla,Eléctrico,99540.0,122.0,automatic,20125,Mercabilbao,48970,Bizkaia,Mercabilbao
Toyota,Corolla,Eléctrico,99540.0,122.0,automatic,20125,Santafe,18320,Granada,Santafe
Toyota,Corolla,Eléctrico,99540.0,122.0,automatic,20125,Puerto de Sagunto,46520,Valencia,Puerto de Sagunto
Toyota,Corolla,Eléctrico,99540.0,122.0,automatic,20125,Zaragoza,50013,Zaragoza,Zaragoza
Toyota,Corolla,Eléctrico,99540.0,122.0,automatic,20125,Hidraulica Santillana,28770,Madrid,Hidraulica Santillana
Toyota,Corolla,Eléctrico,99540.0,122.0,automatic,20125,Alzira,46600,Valencia,Alzira
Toyota,Corolla,Eléctrico,99540.0,122.0,automatic,20125,Alzira,46600,Valencia,Alzira
Toyota,Corolla,Eléctrico,99540.0,122.0,automatic,20125,Castello/Castellon de La Plana,12100,Castellón,Castello/Castellon de La Plana
Toyota,Corolla,Eléctrico,99540.0,122.0,automatic,20125,Alcobendas,28100,Madrid,Alcobendas
Toyota,Corolla,Eléctrico,99540.0,122.0,automatic,20125,Alicante,3007,Alicante,Alicante
Toyota,Corolla,Eléctrico,99540.0,122.0,automatic,20125,Albacete,2001,Albacete,Albacete
Toyota,Corolla,Eléctrico,99540.0,122.0,automatic,20125,Torremolinos,29620,Málaga,Torremolinos
Toyota,Corolla,Eléctrico,99540.0,122.0,automatic,20125,Torremolinos,29620,Málaga,Torremolinos
Toyota,Corolla,Eléctrico,99540.0,122.0,automatic,20125,Torremolinos,29620,Málaga,Torremolinos
Toyota,Corolla,Eléctrico,99540.0,122.0,automatic,20125,Santiago de Compostela,15703,A Coruña,Santiago de Compostela
Toyota,Corolla,Eléctrico,99540.0,122.0,automatic,20125,Getafe,28906,Madrid,Getafe
Toyota,Corolla,Eléctrico,99540.0,122.0,automatic,20125,Alameda del Obispo,14005,Córdoba,Alameda del Obispo
Toyota,Corolla,Eléctrico,21972.0,180.0,automatic,30990,Madrid,28046,Madrid,Madrid
Toyota,Corolla,Eléctrico,21972.0,180.0,automatic,30990,Leganés,28916,Madrid,Leganés
Toyota,Corolla,Eléctrico,21972.0,180.0,automatic,30990,Alcobendas,28100,Madrid,Alcobendas
Toyota,Corolla,Eléctrico,21972.0,180.0,automatic,30990,Las Rozas de Madrid,28232,Madrid,Las Rozas de Madrid
Land Rover,Discovery,Diésel,82000.0,240.0,automatic,38500,Sabadell,8203,Barcelona,Sabadell
Peugeot,208,Diésel,102000.0,75.0,manual,8000,Bormujos,41930,Sevilla,Bormujos
Peugeot,208,Diésel,102000.0,75.0,manual,8000,Valencia,46002,Valencia,Valencia
Peugeot,208,Gasolina,66000.0,82.0,manual,11100,Bormujos,41930,Sevilla,Bormujos
Peugeot,208,Gasolina,66000.0,82.0,manual,11100,Valencia,46002,Valencia,Valencia
Land Rover,Range Rover Sport,Diésel,176107.0,258.0,automatic,30300,Collado Villalba,28400,Madrid,Collado Villalba
Land Rover,Range Rover Sport,Diésel,176107.0,258.0,automatic,30300,Collado Villalba,28400,Madrid,Collado Villalba
Land Rover,Range Rover Sport,Diésel,176107.0,258.0,automatic,30300,Vigo,36214,Pontevedra,Vigo
Land Rover,Range Rover Sport,Diésel,176107.0,258.0,automatic,30300,Mercado Parque Corredor del Henares,28850,Madrid,Mercado Parque Corredor del Henares
Land Rover,Range Rover Sport,Diésel,176107.0,258.0,automatic,30300,Colonia Pablo Iglesias,28520,Madrid,Colonia Pablo Iglesias
Land Rover,Range Rover Sport,Diésel,176107.0,258.0,automatic,30300,Sant Vicenç de Montalt,8394,Barcelona,Sant Vicenç de Montalt
Land Rover,Range Rover Sport,Diésel,176107.0,258.0,automatic,30300,Estepona,29680,Málaga,Estepona
Land Rover,Range Rover Sport,Diésel,176107.0,258.0,automatic,30300,Murcia,30003,Murcia,Murcia
Land Rover,Range Rover Sport,Diésel,176107.0,258.0,automatic,30300,Saladar,3700,Alicante,Saladar
Land Rover,Range Rover Sport,Diésel,176107.0,258.0,automatic,30300,Granollers,8403,Barcelona,Granollers
Land Rover,Range Rover Sport,Diésel,176107.0,258.0,automatic,30300,Ciudad Real,13003,Ciudad Real,Ciudad Real
Land Rover,Range Rover Sport,Diésel,176107.0,258.0,automatic,30300,Valdepeñas,13300,Ciudad Real,Valdepeñas
Land Rover,Range Rover Sport,Diésel,176107.0,258.0,automatic,30300,Valdepeñas,13300,Ciudad Real,Valdepeñas
Land Rover,Range Rover Sport,Diésel,176107.0,258.0,automatic,30300,Badajoz,6008,Badajoz,Badajoz
Land Rover,Range Rover Sport,Diésel,176107.0,258.0,automatic,30300,Barcelona,8007,Barcelona,Barcelona
Land Rover,Range Rover Sport,Diésel,176107.0,258.0,automatic,30300,Olèrdola,8734,Barcelona,Olèrdola
Land Rover,Range Rover Sport,Diésel,176107.0,258.0,automatic,30300,Olèrdola,8734,Barcelona,Olèrdola
Land Rover,Range Rover Sport,Diésel,176107.0,258.0,automatic,30300,Santa Maria del Aguila,4710,Almería,Santa Maria del Aguila
Land Rover,Range Rover Sport,Diésel,176107.0,258.0,automatic,30300,Las Rozas de Madrid,28232,Madrid,Las Rozas de Madrid
Land Rover,Range Rover Sport,Diésel,176107.0,258.0,automatic,30300,Hidraulica Santillana,28770,Madrid,Hidraulica Santillana
Land Rover,Range Rover Sport,Diésel,176107.0,258.0,automatic,30300,Alcobendas,28100,Madrid,Alcobendas
Land Rover,Range Rover Sport,Diésel,176107.0,258.0,automatic,30300,Zaragoza,50013,Zaragoza,Zaragoza
Land Rover,Range Rover Sport,Diésel,176107.0,258.0,automatic,30300,Paterna,46980,Valencia,Paterna
Land Rover,Range Rover Sport,Diésel,176107.0,258.0,automatic,30300,Puerto de Sagunto,46520,Valencia,Puerto de Sagunto
Land Rover,Range Rover Sport,Diésel,176107.0,258.0,automatic,30300,Castello/Castellon de La Plana,12100,Castellón,Castello/Castellon de La Plana
Land Rover,Range Rover Sport,Diésel,176107.0,258.0,automatic,30300,Atarrabia,31610,Navarra,Atarrabia
Land Rover,Range Rover Sport,Diésel,176107.0,258.0,automatic,30300,Mercabilbao,48970,Bizkaia,Mercabilbao
Land Rover,Range Rover Sport,Diésel,176107.0,258.0,automatic,30300,Santafe,18320,Granada,Santafe
Land Rover,Range Rover Sport,Diésel,176107.0,258.0,automatic,30300,Alcalá de Guadaíra,41500,Sevilla,Alcalá de Guadaíra
Land Rover,Range Rover Sport,Diésel,176107.0,258.0,automatic,30300,Albacete,2001,Albacete,Albacete
Land Rover,Range Rover Sport,Diésel,176107.0,258.0,automatic,30300,Alzira,46600,Valencia,Alzira
Land Rover,Range Rover Sport,Diésel,176107.0,258.0,automatic,30300,Alzira,46600,Valencia,Alzira
Land Rover,Range Rover Sport,Diésel,176107.0,258.0,automatic,30300,Alicante,3007,Alicante,Alicante
Land Rover,Range Rover Sport,Diésel,176107.0,258.0,automatic,30300,Getafe,28906,Madrid,Getafe
Land Rover,Range Rover Sport,Diésel,176107.0,258.0,automatic,30300,Alameda del Obispo,14005,Córdoba,Alameda del Obispo
Land Rover,Range Rover Sport,Diésel,176107.0,258.0,automatic,30300,Torremolinos,29620,Málaga,Torremolinos
Land Rover,Range Rover Sport,Diésel,176107.0,258.0,automatic,30300,Torremolinos,29620,Málaga,Torremolinos
Land Rover,Range Rover Sport,Diésel,176107.0,258.0,automatic,30300,Torremolinos,29620,Málaga,Torremolinos
Land Rover,Range Rover Sport,Diésel,176107.0,258.0,automatic,30300,Santiago de Compostela,15703,A Coruña,Santiago de Compostela
Land Rover,Range Rover Sport,Gasolina,178000.0,390.0,automatic,14900,Utrera,41710,Sevilla,Utrera
Peugeot,208,Diésel,27605.0,100.0,manual,19800,Santa Coloma de Gramenet,8921,Barcelona,Santa Coloma de Gramenet
Peugeot,208,Diésel,24699.0,100.0,manual,19800,Santa Coloma de Gramenet,8921,Barcelona,Santa Coloma de Gramenet
Peugeot,208,Diésel,39347.0,100.0,manual,19800,Santa Coloma de Gramenet,8921,Barcelona,Santa Coloma de Gramenet
Peugeot,208,Diésel,20742.0,100.0,manual,19800,Santa Coloma de Gramenet,8921,Barcelona,Santa Coloma de Gramenet
Peugeot,208,Diésel,35899.0,100.0,manual,19700,Santa Coloma de Gramenet,8921,Barcelona,Santa Coloma de Gramenet
Peugeot,208,Diésel,36910.0,100.0,manual,19700,Santa Coloma de Gramenet,8921,Barcelona,Santa Coloma de Gramenet
Peugeot,208,Diésel,28296.0,100.0,manual,19800,Santa Coloma de Gramenet,8921,Barcelona,Santa Coloma de Gramenet
Peugeot,208,Diésel,42449.0,100.0,manual,19800,Santa Coloma de Gramenet,8921,Barcelona,Santa Coloma de Gramenet
Peugeot,208,Gasolina,29316.0,100.0,automatic,21500,Santa Coloma de Gramenet,8921,Barcelona,Santa Coloma de Gramenet
Peugeot,208,Diésel,24752.0,100.0,manual,19800,Santa Coloma de Gramenet,8921,Barcelona,Santa Coloma de Gramenet
Peugeot,208,Diésel,17570.0,100.0,manual,19900,Santa Coloma de Gramenet,8921,Barcelona,Santa Coloma de Gramenet
Peugeot,208,Gasolina,31515.0,100.0,automatic,21500,Fornells de la Selva,17458,Girona,Fornells de la Selva
Toyota,Verso,Gasolina,53741.0,132.0,manual,16490,Valencia,46001,Valencia,Valencia
Toyota,Verso,Gasolina,53741.0,132.0,manual,16490,Málaga,29005,Málaga,Málaga
Toyota,Verso,Gasolina,53741.0,132.0,manual,16490,Palma de Mallorca,7003,Baleares,Palma de Mallorca
Toyota,Verso,Gasolina,105000.0,132.0,manual,14990,Sevilla,41001,Sevilla,Sevilla
Toyota,Verso,Diésel,159000.0,126.0,manual,10500,Tarragona,43006,Tarragona,Tarragona
Toyota,Aygo,Gasolina,40643.0,72.0,manual,10990,Rafelbuñol/Rafelbunyol,46138,Valencia,Rafelbuñol/Rafelbunyol
Toyota,Aygo,Gasolina,116577.0,68.0,manual,90,Madrid,28042,Madrid,Madrid
Toyota,Aygo,Gasolina,41400.0,72.0,manual,11999,Guardamar del Segura,3140,Alicante,Guardamar del Segura
Peugeot,207,Gasolina,140000.0,90.0,manual,4900,Sant Vicenç de Montalt,8394,Barcelona,Sant Vicenç de Montalt
Peugeot,207,Gasolina,140000.0,90.0,manual,4590,Sant Vicenç de Montalt,8394,Barcelona,Sant Vicenç de Montalt
Peugeot,207,Gasolina,205000.0,90.0,manual,2499,Sevilla,41016,Sevilla,Sevilla
Peugeot,207,Gasolina,172000.0,75.0,manual,3700,Torrijos,45500,Toledo,Torrijos
Peugeot,207,Gasolina,83800.0,150.0,manual,6490,Leioa,48940,Bizkaia,Leioa
Mazda,CX-30,Gasolina,13168.0,122.0,manual,26990,Santa Maria del Aguila,4710,Almería,Santa Maria del Aguila
Mazda,CX-30,Gasolina,30061.0,180.0,automatic,28990,Santa Maria del Aguila,4710,Almería,Santa Maria del Aguila
Mazda,CX-30,Gasolina,13168.0,122.0,manual,26990,Alcalá de Guadaíra,41500,Sevilla,Alcalá de Guadaíra
Mazda,CX-30,Gasolina,30061.0,180.0,automatic,28990,Alcalá de Guadaíra,41500,Sevilla,Alcalá de Guadaíra
Mazda,CX-30,Gasolina,13168.0,122.0,manual,26990,Mercabilbao,48970,Bizkaia,Mercabilbao
Mazda,CX-30,Gasolina,30061.0,180.0,automatic,28990,Mercabilbao,48970,Bizkaia,Mercabilbao
Mazda,CX-30,Gasolina,13168.0,122.0,manual,26990,Paterna,46980,Valencia,Paterna
Mazda,CX-30,Gasolina,30061.0,180.0,automatic,28990,Paterna,46980,Valencia,Paterna
Mazda,CX-30,Gasolina,13168.0,122.0,manual,26990,Saladar,3700,Alicante,Saladar
Mazda,CX-30,Gasolina,13168.0,122.0,manual,26990,Puerto de Sagunto,46520,Valencia,Puerto de Sagunto
Mazda,CX-30,Gasolina,30061.0,180.0,automatic,28990,Saladar,3700,Alicante,Saladar
Mazda,CX-30,Gasolina,30061.0,180.0,automatic,28990,Puerto de Sagunto,46520,Valencia,Puerto de Sagunto
Mazda,CX-30,Gasolina,13168.0,122.0,manual,26990,Estepona,29680,Málaga,Estepona
Mazda,CX-30,Gasolina,30061.0,180.0,automatic,28990,Estepona,29680,Málaga,Estepona
Mazda,CX-30,Gasolina,13168.0,122.0,manual,26990,Badajoz,6008,Badajoz,Badajoz
Mazda,CX-30,Gasolina,30061.0,180.0,automatic,28990,Badajoz,6008,Badajoz,Badajoz
Mazda,CX-30,Gasolina,13168.0,122.0,manual,26990,Valdepeñas,13300,Ciudad Real,Valdepeñas
Mazda,CX-30,Gasolina,13168.0,122.0,manual,26990,Valdepeñas,13300,Ciudad Real,Valdepeñas
Mazda,CX-30,Gasolina,30061.0,180.0,automatic,28990,Sant Vicenç de Montalt,8394,Barcelona,Sant Vicenç de Montalt
Mazda,CX-30,Gasolina,13168.0,122.0,manual,26990,Ciudad Real,13003,Ciudad Real,Ciudad Real
Mazda,CX-30,Gasolina,30061.0,180.0,automatic,28990,Ciudad Real,13003,Ciudad Real,Ciudad Real
Mazda,CX-30,Gasolina,13168.0,122.0,manual,26990,Santiago de Compostela,15703,A Coruña,Santiago de Compostela
Toyota,Yaris,Gasolina,19321.0,125.0,manual,17900,Lleida,25194,Lleida,Lleida
Toyota,Yaris,Eléctrico,55152.0,100.0,automatic,16950,Madrid,28045,Madrid,Madrid
Toyota,Yaris,Diésel,132000.0,90.0,manual,6999,Sant Vicent del Raspeig,3690,Alicante,Sant Vicent del Raspeig
Toyota,Yaris,Eléctrico,68926.0,100.0,automatic,14900,Sant Boi de Llobregat,8830,Barcelona,Sant Boi de Llobregat
Toyota,Yaris,Gasolina,75000.0,100.0,manual,16490,Santa Coloma de Gramenet,8922,Barcelona,Santa Coloma de Gramenet
Toyota,Yaris,Eléctrico,20000.0,100.0,automatic,17999,Santa Pola,3130,Alicante,Santa Pola
Toyota,Yaris,Eléctrico,180849.0,100.0,manual,156,Madrid,28042,Madrid,Madrid
Toyota,Yaris,Diésel,136000.0,90.0,manual,4990,Coslada,28823,Madrid,Coslada
Toyota,Yaris,Gasolina,67000.0,87.0,manual,5999,Vilatenim,17484,Girona,Vilatenim
Toyota,Yaris,Gasolina,82553.0,111.0,manual,14500,Poligono Tres Caminos,11100,Cádiz,Poligono Tres Caminos
Mazda,CX-30,Gasolina,30061.0,180.0,automatic,28990,Santiago de Compostela,15703,A Coruña,Santiago de Compostela
Mazda,CX-30,Gasolina,13168.0,122.0,manual,26990,Alcobendas,28100,Madrid,Alcobendas
Mazda,CX-30,Gasolina,13168.0,122.0,manual,26990,Hidraulica Santillana,28770,Madrid,Hidraulica Santillana
Mazda,CX-30,Gasolina,13168.0,122.0,manual,26990,Albacete,2001,Albacete,Albacete
Mazda,CX-30,Gasolina,13168.0,122.0,manual,26990,Alzira,46600,Valencia,Alzira
Mazda,CX-30,Gasolina,13168.0,122.0,manual,26990,Alzira,46600,Valencia,Alzira
Mazda,CX-30,Gasolina,13168.0,122.0,manual,26990,Castello/Castellon de La Plana,12100,Castellón,Castello/Castellon de La Plana
Mazda,CX-30,Gasolina,13168.0,122.0,manual,26990,Alicante,3007,Alicante,Alicante
Mazda,CX-30,Gasolina,13168.0,122.0,manual,26990,Colonia Pablo Iglesias,28520,Madrid,Colonia Pablo Iglesias
Mazda,CX-30,Gasolina,13168.0,122.0,manual,26990,Las Rozas de Madrid,28232,Madrid,Las Rozas de Madrid
Mazda,CX-30,Gasolina,13168.0,122.0,manual,26990,Alameda del Obispo,14005,Córdoba,Alameda del Obispo
Mazda,CX-30,Gasolina,13168.0,122.0,manual,26990,Torremolinos,29620,Málaga,Torremolinos
Mazda,CX-30,Gasolina,13168.0,122.0,manual,26990,Torremolinos,29620,Málaga,Torremolinos
Mazda,CX-30,Gasolina,13168.0,122.0,manual,26990,Torremolinos,29620,Málaga,Torremolinos
Mazda,CX-30,Gasolina,30061.0,180.0,automatic,28990,Alcobendas,28100,Madrid,Alcobendas
Mazda,CX-30,Gasolina,30061.0,180.0,automatic,28990,Albacete,2001,Albacete,Albacete
Mazda,CX-30,Gasolina,30061.0,180.0,automatic,28990,Alzira,46600,Valencia,Alzira
Mazda,CX-30,Gasolina,30061.0,180.0,automatic,28990,Alzira,46600,Valencia,Alzira
Mazda,CX-30,Gasolina,30061.0,180.0,automatic,28990,Hidraulica Santillana,28770,Madrid,Hidraulica Santillana
Mazda,CX-30,Gasolina,30061.0,180.0,automatic,28990,Castello/Castellon de La Plana,12100,Castellón,Castello/Castellon de La Plana
Mazda,CX-30,Gasolina,30061.0,180.0,automatic,28990,Alicante,3007,Alicante,Alicante
Mazda,CX-30,Gasolina,30061.0,180.0,automatic,28990,Colonia Pablo Iglesias,28520,Madrid,Colonia Pablo Iglesias
Mazda,CX-30,Gasolina,30061.0,180.0,automatic,28990,Las Rozas de Madrid,28232,Madrid,Las Rozas de Madrid
Mazda,CX-30,Gasolina,30061.0,180.0,automatic,28990,Alameda del Obispo,14005,Córdoba,Alameda del Obispo
Mazda,CX-30,Gasolina,30061.0,180.0,automatic,28990,Torremolinos,29620,Málaga,Torremolinos
Mazda,CX-30,Gasolina,30061.0,180.0,automatic,28990,Torremolinos,29620,Málaga,Torremolinos
Mazda,CX-30,Gasolina,30061.0,180.0,automatic,28990,Torremolinos,29620,Málaga,Torremolinos
Mazda,CX-30,Gasolina,50874.0,122.0,manual,25300,Santa Coloma de Gramenet,8921,Barcelona,Santa Coloma de Gramenet
Mazda,CX-30,Gasolina,31115.0,180.0,automatic,28300,Fornells de la Selva,17458,Girona,Fornells de la Selva
Mazda,CX-30,Gasolina,24086.0,180.0,automatic,28600,Fornells de la Selva,17458,Girona,Fornells de la Selva
Mazda,CX-30,Eléctrico,34000.0,122.0,manual,24900,Valencia,46006,Valencia,Valencia
Toyota,C-HR,Eléctrico,68408.0,122.0,automatic,22300,Collado Villalba,28400,Madrid,Collado Villalba
Toyota,C-HR,Eléctrico,68408.0,122.0,automatic,22300,Collado Villalba,28400,Madrid,Collado Villalba
Toyota,C-HR,Eléctrico,68408.0,122.0,automatic,22300,Vigo,36214,Pontevedra,Vigo
Toyota,C-HR,Eléctrico,68408.0,122.0,automatic,22300,Mercado Parque Corredor del Henares,28850,Madrid,Mercado Parque Corredor del Henares
Toyota,C-HR,Eléctrico,68408.0,122.0,automatic,22300,Colonia Pablo Iglesias,28520,Madrid,Colonia Pablo Iglesias
Toyota,C-HR,Eléctrico,68408.0,122.0,automatic,22300,Sant Vicenç de Montalt,8394,Barcelona,Sant Vicenç de Montalt
Toyota,C-HR,Eléctrico,68408.0,122.0,automatic,22300,Estepona,29680,Málaga,Estepona
Toyota,C-HR,Eléctrico,68408.0,122.0,automatic,22300,Murcia,30003,Murcia,Murcia
Toyota,C-HR,Eléctrico,68408.0,122.0,automatic,22300,Saladar,3700,Alicante,Saladar
Toyota,C-HR,Eléctrico,68408.0,122.0,automatic,22300,Granollers,8403,Barcelona,Granollers
Toyota,C-HR,Eléctrico,39877.0,122.0,automatic,22450,Sevilla,41007,Sevilla,Sevilla
Toyota,C-HR,Eléctrico,39877.0,122.0,automatic,24450,Sevilla,41007,Sevilla,Sevilla
Toyota,C-HR,Eléctrico,68408.0,122.0,automatic,22300,Ciudad Real,13003,Ciudad Real,Ciudad Real
Toyota,C-HR,Eléctrico,68408.0,122.0,automatic,22300,Valdepeñas,13300,Ciudad Real,Valdepeñas
Toyota,C-HR,Eléctrico,68408.0,122.0,automatic,22300,Valdepeñas,13300,Ciudad Real,Valdepeñas
Toyota,C-HR,Eléctrico,68408.0,122.0,automatic,22300,Badajoz,6008,Badajoz,Badajoz
Toyota,C-HR,Eléctrico,68408.0,122.0,automatic,22300,Barcelona,8007,Barcelona,Barcelona
Toyota,C-HR,Eléctrico,68408.0,122.0,automatic,22300,Olèrdola,8734,Barcelona,Olèrdola
Toyota,C-HR,Eléctrico,68408.0,122.0,automatic,22300,Olèrdola,8734,Barcelona,Olèrdola
Toyota,C-HR,Eléctrico,20254.0,122.0,automatic,21000,A Coruña,15003,A Coruña,A Coruña
Toyota,C-HR,Eléctrico,68408.0,122.0,automatic,22300,Santa Maria del Aguila,4710,Almería,Santa Maria del Aguila
Toyota,C-HR,Eléctrico,68408.0,122.0,automatic,22300,Las Rozas de Madrid,28232,Madrid,Las Rozas de Madrid
Toyota,C-HR,Eléctrico,68408.0,122.0,automatic,22300,Paterna,46980,Valencia,Paterna
Toyota,C-HR,Eléctrico,68408.0,122.0,automatic,22300,Puerto de Sagunto,46520,Valencia,Puerto de Sagunto
Toyota,C-HR,Eléctrico,68408.0,122.0,automatic,22300,Atarrabia,31610,Navarra,Atarrabia
Toyota,C-HR,Eléctrico,68408.0,122.0,automatic,22300,Mercabilbao,48970,Bizkaia,Mercabilbao
Toyota,C-HR,Eléctrico,68408.0,122.0,automatic,22300,Santafe,18320,Granada,Santafe
Toyota,C-HR,Eléctrico,68408.0,122.0,automatic,22300,Alcalá de Guadaíra,41500,Sevilla,Alcalá de Guadaíra
Toyota,C-HR,Eléctrico,68408.0,122.0,automatic,22300,Zaragoza,50013,Zaragoza,Zaragoza
Toyota,C-HR,Eléctrico,68408.0,122.0,automatic,22300,Hidraulica Santillana,28770,Madrid,Hidraulica Santillana
Toyota,C-HR,Eléctrico,68408.0,122.0,automatic,22300,Alzira,46600,Valencia,Alzira
Toyota,C-HR,Eléctrico,68408.0,122.0,automatic,22300,Alzira,46600,Valencia,Alzira
Peugeot,5008,Diésel,194910.0,120.0,manual,18700,La Poveda,28500,Madrid,La Poveda
Peugeot,5008,Gasolina,121629.0,130.0,manual,14190,Zaragoza,50013,Zaragoza,Zaragoza
Peugeot,5008,Diésel,48951.0,130.0,manual,29889,Zaragoza,50013,Zaragoza,Zaragoza
Peugeot,5008,Gasolina,121629.0,130.0,manual,14190,Mercado Parque Corredor del Henares,28850,Madrid,Mercado Parque Corredor del Henares
Peugeot,5008,Diésel,48951.0,130.0,manual,29889,Mercado Parque Corredor del Henares,28850,Madrid,Mercado Parque Corredor del Henares
Peugeot,5008,Gasolina,121629.0,130.0,manual,14190,Santa Maria del Aguila,4710,Almería,Santa Maria del Aguila
Peugeot,5008,Gasolina,121629.0,130.0,manual,14190,Alcalá de Guadaíra,41500,Sevilla,Alcalá de Guadaíra
Peugeot,5008,Diésel,48951.0,130.0,manual,29889,Santa Maria del Aguila,4710,Almería,Santa Maria del Aguila
Peugeot,5008,Diésel,48951.0,130.0,manual,29889,Alcalá de Guadaíra,41500,Sevilla,Alcalá de Guadaíra
Peugeot,5008,Gasolina,61845.0,130.0,manual,22490,Sevilla,41005,Sevilla,Sevilla
Peugeot,5008,Diésel,137000.0,150.0,manual,20990,Sevilla,41005,Sevilla,Sevilla
Peugeot,5008,Diésel,162258.0,120.0,automatic,16990,Sevilla,41005,Sevilla,Sevilla
Peugeot,5008,Diésel,82204.0,115.0,manual,9990,Sevilla,41005,Sevilla,Sevilla
Peugeot,5008,Diésel,46019.0,130.0,manual,21990,Sevilla,41005,Sevilla,Sevilla
Peugeot,5008,Gasolina,121629.0,130.0,manual,14190,Mercabilbao,48970,Bizkaia,Mercabilbao
Peugeot,5008,Gasolina,121629.0,130.0,manual,14190,Paterna,46980,Valencia,Paterna
Peugeot,5008,Diésel,48951.0,130.0,manual,29889,Mercabilbao,48970,Bizkaia,Mercabilbao
Peugeot,5008,Diésel,48951.0,130.0,manual,29889,Paterna,46980,Valencia,Paterna
Peugeot,5008,Gasolina,121629.0,130.0,manual,14190,Saladar,3700,Alicante,Saladar
Peugeot,5008,Gasolina,121629.0,130.0,manual,14190,Puerto de Sagunto,46520,Valencia,Puerto de Sagunto
Peugeot,5008,Diésel,48951.0,130.0,manual,29889,Saladar,3700,Alicante,Saladar
Peugeot,5008,Diésel,48951.0,130.0,manual,29889,Puerto de Sagunto,46520,Valencia,Puerto de Sagunto
Peugeot,5008,Diésel,82204.0,115.0,manual,9990,Almería,4006,Almería,Almería
Peugeot,5008,Diésel,46019.0,130.0,manual,21990,Almería,4006,Almería,Almería
Peugeot,5008,Diésel,82204.0,115.0,manual,9990,Vigo,36211,Pontevedra,Vigo
Peugeot,5008,Diésel,46019.0,130.0,manual,21990,Vigo,36211,Pontevedra,Vigo
Peugeot,5008,Gasolina,121629.0,130.0,manual,14190,Estepona,29680,Málaga,Estepona
Peugeot,5008,Gasolina,121629.0,130.0,manual,14190,Badajoz,6008,Badajoz,Badajoz
Peugeot,5008,Gasolina,61845.0,130.0,manual,22490,Valencia,46001,Valencia,Valencia
Peugeot,5008,Diésel,137000.0,150.0,manual,20990,Valencia,46001,Valencia,Valencia
Peugeot,5008,Diésel,162258.0,120.0,automatic,16990,Valencia,46001,Valencia,Valencia
Peugeot,5008,Diésel,82204.0,115.0,manual,9990,Murcia,30005,Murcia,Murcia
Peugeot,5008,Gasolina,121629.0,130.0,manual,14190,Valdepeñas,13300,Ciudad Real,Valdepeñas
Peugeot,5008,Gasolina,121629.0,130.0,manual,14190,Valdepeñas,13300,Ciudad Real,Valdepeñas
Peugeot,5008,Gasolina,121629.0,130.0,manual,14190,Santafe,18320,Granada,Santafe
Peugeot,5008,Diésel,48951.0,130.0,manual,29889,Estepona,29680,Málaga,Estepona
Peugeot,5008,Gasolina,61845.0,130.0,manual,22490,Málaga,29005,Málaga,Málaga
Peugeot,5008,Diésel,137000.0,150.0,manual,20990,Málaga,29005,Málaga,Málaga
Peugeot,5008,Diésel,162258.0,120.0,automatic,16990,Málaga,29005,Málaga,Málaga
Peugeot,5008,Diésel,46019.0,130.0,manual,21990,Murcia,30005,Murcia,Murcia
Peugeot,5008,Diésel,82204.0,115.0,manual,9990,Valencia,46001,Valencia,Valencia
Peugeot,5008,Diésel,48951.0,130.0,manual,29889,Badajoz,6008,Badajoz,Badajoz
Peugeot,5008,Diésel,82204.0,115.0,manual,9990,Granada,18005,Granada,Granada
Peugeot,5008,Diésel,46019.0,130.0,manual,21990,Valencia,46001,Valencia,Valencia
Peugeot,5008,Diésel,82204.0,115.0,manual,9990,Málaga,29005,Málaga,Málaga
Peugeot,5008,Diésel,48951.0,130.0,manual,29889,Valdepeñas,13300,Ciudad Real,Valdepeñas
Peugeot,5008,Diésel,48951.0,130.0,manual,29889,Valdepeñas,13300,Ciudad Real,Valdepeñas
Peugeot,5008,Diésel,48951.0,130.0,manual,29889,Santafe,18320,Granada,Santafe
Peugeot,5008,Diésel,137000.0,150.0,manual,20990,Urbanizacion La Granjilla,28700,Madrid,Urbanizacion La Granjilla
Peugeot,5008,Diésel,46019.0,130.0,manual,21990,Málaga,29005,Málaga,Málaga
Peugeot,5008,Diésel,46019.0,130.0,manual,21990,Granada,18005,Granada,Granada
Peugeot,5008,Gasolina,121629.0,130.0,manual,14190,Granollers,8403,Barcelona,Granollers
Peugeot,5008,Diésel,82204.0,115.0,manual,9990,Bilbao,48004,Bizkaia,Bilbao
Peugeot,5008,Diésel,82204.0,115.0,manual,9990,Alicante,3010,Alicante,Alicante
Peugeot,5008,Diésel,82204.0,115.0,manual,9990,Alicante,3010,Murcia,Alicante
Peugeot,5008,Diésel,48951.0,130.0,manual,29889,Granollers,8403,Barcelona,Granollers
Peugeot,5008,Gasolina,121629.0,130.0,manual,14190,Murcia,30003,Murcia,Murcia
Peugeot,5008,Gasolina,121629.0,130.0,manual,14190,Vigo,36214,Pontevedra,Vigo
Toyota,Land Cruiser,Diésel,153580.0,177.0,manual,30417,Mercado Parque Corredor del Henares,28850,Madrid,Mercado Parque Corredor del Henares
Toyota,Land Cruiser,Diésel,153580.0,177.0,manual,30417,Colonia Pablo Iglesias,28520,Madrid,Colonia Pablo Iglesias
Toyota,Land Cruiser,Diésel,153580.0,177.0,manual,30417,Sant Vicenç de Montalt,8394,Barcelona,Sant Vicenç de Montalt
Toyota,Land Cruiser,Diésel,153580.0,177.0,manual,30417,Estepona,29680,Málaga,Estepona
Toyota,Land Cruiser,Diésel,153580.0,177.0,manual,30417,Murcia,30003,Murcia,Murcia
Toyota,Land Cruiser,Diésel,153580.0,177.0,manual,30417,Saladar,3700,Alicante,Saladar
Toyota,Land Cruiser,Diésel,153580.0,177.0,manual,30417,Granollers,8403,Barcelona,Granollers
Toyota,Land Cruiser,Diésel,153580.0,177.0,manual,30417,Ciudad Real,13003,Ciudad Real,Ciudad Real
Toyota,Land Cruiser,Diésel,153580.0,177.0,manual,30417,Valdepeñas,13300,Ciudad Real,Valdepeñas
Toyota,Land Cruiser,Diésel,153580.0,177.0,manual,30417,Valdepeñas,13300,Ciudad Real,Valdepeñas
Toyota,Land Cruiser,Diésel,153580.0,177.0,manual,30417,Badajoz,6008,Badajoz,Badajoz
Toyota,Land Cruiser,Diésel,153580.0,177.0,manual,30417,Barcelona,8007,Barcelona,Barcelona
Toyota,Land Cruiser,Diésel,153580.0,177.0,manual,30417,Olèrdola,8734,Barcelona,Olèrdola
Toyota,Land Cruiser,Diésel,153580.0,177.0,manual,30417,Olèrdola,8734,Barcelona,Olèrdola
Toyota,Land Cruiser,Diésel,153580.0,177.0,manual,30417,Santa Maria del Aguila,4710,Almería,Santa Maria del Aguila
Toyota,Land Cruiser,Diésel,153580.0,177.0,manual,30417,Las Rozas de Madrid,28232,Madrid,Las Rozas de Madrid
Toyota,Land Cruiser,Diésel,153580.0,177.0,manual,30417,Puerto de Sagunto,46520,Valencia,Puerto de Sagunto
Toyota,Land Cruiser,Diésel,153580.0,177.0,manual,30417,Zaragoza,50013,Zaragoza,Zaragoza
Toyota,Land Cruiser,Diésel,153580.0,177.0,manual,30417,Paterna,46980,Valencia,Paterna
Toyota,Land Cruiser,Diésel,153580.0,177.0,manual,30417,Mercabilbao,48970,Bizkaia,Mercabilbao
Toyota,Land Cruiser,Diésel,153580.0,177.0,manual,30417,Santafe,18320,Granada,Santafe
Toyota,Land Cruiser,Diésel,153580.0,177.0,manual,30417,Alcalá de Guadaíra,41500,Sevilla,Alcalá de Guadaíra
Toyota,Land Cruiser,Diésel,153580.0,177.0,manual,30417,Hidraulica Santillana,28770,Madrid,Hidraulica Santillana
Toyota,Land Cruiser,Diésel,153580.0,177.0,manual,30417,Atarrabia,31610,Navarra,Atarrabia
Peugeot,5008,Gasolina,121629.0,130.0,manual,14190,Atarrabia,31610,Navarra,Atarrabia
Peugeot,5008,Diésel,46019.0,130.0,manual,21990,Alicante,3010,Alicante,Alicante
Peugeot,5008,Diésel,46019.0,130.0,manual,21990,Alicante,3010,Murcia,Alicante
Peugeot,5008,Diésel,46019.0,130.0,manual,21990,Bilbao,48004,Bizkaia,Bilbao
Peugeot,5008,Gasolina,121629.0,130.0,manual,14190,Olèrdola,8734,Barcelona,Olèrdola
Peugeot,5008,Gasolina,121629.0,130.0,manual,14190,Olèrdola,8734,Barcelona,Olèrdola
Peugeot,5008,Diésel,48951.0,130.0,manual,29889,Vigo,36214,Pontevedra,Vigo
Peugeot,5008,Diésel,48951.0,130.0,manual,29889,Murcia,30003,Murcia,Murcia
Peugeot,5008,Diésel,48951.0,130.0,manual,29889,Atarrabia,31610,Navarra,Atarrabia
Peugeot,5008,Diésel,105781.0,115.0,manual,12299,Madrid,28014,Madrid,Madrid
Peugeot,5008,Diésel,105781.0,115.0,manual,12299,Barcelona,8007,Barcelona,Barcelona
Peugeot,5008,Diésel,133655.0,130.0,manual,19399,Madrid,28014,Madrid,Madrid
Peugeot,5008,Diésel,133655.0,130.0,manual,19399,Barcelona,8007,Barcelona,Barcelona
Peugeot,5008,Gasolina,121629.0,130.0,manual,14190,Sant Vicenç de Montalt,8394,Barcelona,Sant Vicenç de Montalt
Peugeot,5008,Diésel,48951.0,130.0,manual,29889,Olèrdola,8734,Barcelona,Olèrdola
Peugeot,5008,Diésel,48951.0,130.0,manual,29889,Olèrdola,8734,Barcelona,Olèrdola
Peugeot,5008,Diésel,137000.0,150.0,manual,20990,Villaviciosa de Odón,28670,Madrid,Villaviciosa de Odón
Peugeot,5008,Diésel,46019.0,130.0,manual,21990,Palma de Mallorca,7003,Baleares,Palma de Mallorca
Peugeot,5008,Diésel,48951.0,130.0,manual,29889,Sant Vicenç de Montalt,8394,Barcelona,Sant Vicenç de Montalt
Peugeot,5008,Gasolina,121629.0,130.0,manual,14190,Ciudad Real,13003,Ciudad Real,Ciudad Real
Peugeot,5008,Gasolina,121629.0,130.0,manual,14190,Santiago de Compostela,15703,A Coruña,Santiago de Compostela
Peugeot,5008,Gasolina,121629.0,130.0,manual,14190,Alcobendas,28100,Madrid,Alcobendas
Peugeot,5008,Gasolina,121629.0,130.0,manual,14190,Albacete,2001,Albacete,Albacete
Peugeot,5008,Gasolina,121629.0,130.0,manual,14190,Alzira,46600,Valencia,Alzira
Peugeot,5008,Gasolina,121629.0,130.0,manual,14190,Alzira,46600,Valencia,Alzira
Peugeot,5008,Gasolina,121629.0,130.0,manual,14190,Castello/Castellon de La Plana,12100,Castellón,Castello/Castellon de La Plana
Peugeot,5008,Gasolina,121629.0,130.0,manual,14190,Alicante,3007,Alicante,Alicante
Peugeot,5008,Gasolina,121629.0,130.0,manual,14190,Hidraulica Santillana,28770,Madrid,Hidraulica Santillana
Peugeot,5008,Gasolina,121629.0,130.0,manual,14190,Alameda del Obispo,14005,Córdoba,Alameda del Obispo
Peugeot,5008,Gasolina,121629.0,130.0,manual,14190,Torremolinos,29620,Málaga,Torremolinos
Peugeot,5008,Gasolina,121629.0,130.0,manual,14190,Torremolinos,29620,Málaga,Torremolinos
Peugeot,5008,Gasolina,121629.0,130.0,manual,14190,Torremolinos,29620,Málaga,Torremolinos
Peugeot,5008,Gasolina,121629.0,130.0,manual,14190,Colonia Pablo Iglesias,28520,Madrid,Colonia Pablo Iglesias
Peugeot,5008,Gasolina,121629.0,130.0,manual,14190,Las Rozas de Madrid,28232,Madrid,Las Rozas de Madrid
Peugeot,5008,Diésel,48951.0,130.0,manual,29889,Ciudad Real,13003,Ciudad Real,Ciudad Real
Peugeot,5008,Diésel,48951.0,130.0,manual,29889,Santiago de Compostela,15703,A Coruña,Santiago de Compostela
Peugeot,5008,Diésel,48951.0,130.0,manual,29889,Alcobendas,28100,Madrid,Alcobendas
Peugeot,5008,Diésel,48951.0,130.0,manual,29889,Hidraulica Santillana,28770,Madrid,Hidraulica Santillana
Peugeot,5008,Diésel,48951.0,130.0,manual,29889,Albacete,2001,Albacete,Albacete
Peugeot,5008,Diésel,48951.0,130.0,manual,29889,Alzira,46600,Valencia,Alzira
Peugeot,5008,Diésel,48951.0,130.0,manual,29889,Alzira,46600,Valencia,Alzira
Peugeot,5008,Diésel,48951.0,130.0,manual,29889,Castello/Castellon de La Plana,12100,Castellón,Castello/Castellon de La Plana
Peugeot,5008,Diésel,48951.0,130.0,manual,29889,Alicante,3007,Alicante,Alicante
Peugeot,5008,Diésel,48951.0,130.0,manual,29889,Colonia Pablo Iglesias,28520,Madrid,Colonia Pablo Iglesias
Peugeot,5008,Diésel,48951.0,130.0,manual,29889,Las Rozas de Madrid,28232,Madrid,Las Rozas de Madrid
Peugeot,5008,Diésel,48951.0,130.0,manual,29889,Alameda del Obispo,14005,Córdoba,Alameda del Obispo
Peugeot,5008,Diésel,48951.0,130.0,manual,29889,Torremolinos,29620,Málaga,Torremolinos
Peugeot,5008,Diésel,48951.0,130.0,manual,29889,Torremolinos,29620,Málaga,Torremolinos
Peugeot,5008,Diésel,48951.0,130.0,manual,29889,Torremolinos,29620,Málaga,Torremolinos
Peugeot,5008,Diésel,130000.0,115.0,manual,11499,Huesca,22001,Huesca,Huesca
Peugeot,5008,Diésel,210000.0,120.0,manual,10780,Ibi,3440,Alicante,Ibi
Peugeot,5008,Diésel,220000.0,120.0,automatic,8999,Tortosa,43500,Tarragona,Tortosa
Toyota,Auris,Eléctrico,131000.0,99.0,automatic,10990,El Aeroport del Prat,8820,Barcelona,El Aeroport del Prat
Toyota,Auris,Eléctrico,146000.0,136.0,automatic,11900,La Roca del Vallès,8430,Barcelona,La Roca del Vallès
Toyota,Auris,Diésel,145000.0,90.0,manual,4500,Badajoz,6007,Badajoz,Badajoz
Dacia,Dokker,Gasolina,34469.0,102.0,manual,13990,Madrid,28046,Madrid,Madrid
Dacia,Dokker,Gasolina,39800.0,131.0,manual,17990,La Canonja,43110,Tarragona,La Canonja
Dacia,Dokker,Gasolina,39800.0,131.0,manual,17990,Barcelona,8007,Barcelona,Barcelona
Opel,Antara,Diésel,93000.0,150.0,manual,8450,Berga,8600,Barcelona,Berga
Opel,Antara,Diésel,80400.0,163.0,manual,10500,Madrid,28046,Madrid,Madrid
Opel,Antara,Diésel,80400.0,163.0,manual,10500,Los Negrales,28430,Madrid,Los Negrales
Opel,Antara,Diésel,80400.0,163.0,manual,10500,Los Negrales,28430,Madrid,Los Negrales
Peugeot,3008,Gasolina,77700.0,130.0,manual,22800,Ajalvir,28864,Madrid,Ajalvir
Peugeot,3008,Diésel,77974.0,130.0,manual,19990,Sevilla,41005,Sevilla,Sevilla
Peugeot,3008,Diésel,82220.0,130.0,automatic,21990,Sevilla,41005,Sevilla,Sevilla
Peugeot,3008,Diésel,30724.0,120.0,manual,18990,Sevilla,41005,Sevilla,Sevilla
Peugeot,3008,Diésel,80472.0,180.0,automatic,22990,Sevilla,41005,Sevilla,Sevilla
Peugeot,3008,Diésel,80472.0,180.0,automatic,22990,Salamanca,37008,Salamanca,Salamanca
Peugeot,3008,Diésel,80472.0,180.0,automatic,22990,Salamanca,37008,Salamanca,Salamanca
Peugeot,3008,Diésel,80472.0,180.0,automatic,22990,Valladolid,47006,Valladolid,Valladolid
Peugeot,3008,Diésel,30724.0,120.0,manual,18990,Almería,4006,Almería,Almería
Peugeot,3008,Diésel,80472.0,180.0,automatic,22990,Almería,4006,Almería,Almería
Peugeot,3008,Diésel,30724.0,120.0,manual,18990,Vigo,36211,Pontevedra,Vigo
Peugeot,3008,Diésel,80472.0,180.0,automatic,22990,Vigo,36211,Pontevedra,Vigo
Peugeot,3008,Diésel,133708.0,130.0,manual,19490,Leganés,28916,Madrid,Leganés
Peugeot,3008,Diésel,77974.0,130.0,manual,19990,Valencia,46001,Valencia,Valencia
Peugeot,3008,Diésel,82220.0,130.0,automatic,21990,Valencia,46001,Valencia,Valencia
Peugeot,3008,Diésel,30724.0,120.0,manual,18990,Murcia,30005,Murcia,Murcia
Peugeot,3008,Diésel,80472.0,180.0,automatic,22990,Murcia,30005,Murcia,Murcia
Peugeot,3008,Diésel,30724.0,120.0,manual,18990,Castellón,12001,Castellón,Castellón
Peugeot,3008,Diésel,77974.0,130.0,manual,19990,Málaga,29005,Málaga,Málaga
Peugeot,3008,Diésel,82220.0,130.0,automatic,21990,Málaga,29005,Málaga,Málaga
Peugeot,3008,Diésel,30724.0,120.0,manual,18990,Valencia,46001,Valencia,Valencia
Peugeot,3008,Diésel,80472.0,180.0,automatic,22990,Valencia,46001,Valencia,Valencia
Peugeot,3008,Diésel,30724.0,120.0,manual,18990,Málaga,29005,Málaga,Málaga
Peugeot,3008,Diésel,30724.0,120.0,manual,18990,Granada,18005,Granada,Granada
Peugeot,3008,Diésel,80472.0,180.0,automatic,22990,Málaga,29005,Málaga,Málaga
Peugeot,3008,Diésel,80472.0,180.0,automatic,22990,Granada,18005,Granada,Granada
Peugeot,3008,Diésel,30724.0,120.0,manual,18990,Alicante,3010,Alicante,Alicante
Peugeot,3008,Diésel,30724.0,120.0,manual,18990,Alicante,3010,Murcia,Alicante
Peugeot,3008,Diésel,30724.0,120.0,manual,18990,Bilbao,48004,Bizkaia,Bilbao
Peugeot,3008,Diésel,80472.0,180.0,automatic,22990,Bilbao,48004,Bizkaia,Bilbao
Peugeot,3008,Diésel,80472.0,180.0,automatic,22990,Alicante,3010,Alicante,Alicante
Peugeot,3008,Diésel,80472.0,180.0,automatic,22990,Alicante,3010,Murcia,Alicante
Peugeot,3008,Diésel,80472.0,180.0,automatic,22990,Cáceres,10001,Cáceres,Cáceres
Peugeot,3008,Diésel,30724.0,120.0,manual,18990,Palma de Mallorca,7003,Baleares,Palma de Mallorca
Peugeot,3008,Diésel,80472.0,180.0,automatic,22990,Oviedo,33003,Asturias,Oviedo
Peugeot,3008,Diésel,30724.0,120.0,manual,18990,Tarragona,43006,Tarragona,Tarragona
Peugeot,3008,Diésel,80472.0,180.0,automatic,22990,Burgos,9004,Burgos,Burgos
Peugeot,3008,Diésel,80472.0,180.0,automatic,22990,Burgos,9004,Burgos,Burgos
Peugeot,3008,Diésel,73502.0,120.0,manual,18520,Valencia,46026,Valencia,Valencia
Peugeot,3008,Diésel,183450.0,112.0,manual,7950,Fuenlabrada,28945,Madrid,Fuenlabrada
Peugeot,3008,Gasolina,84220.0,130.0,automatic,19900,Riba-Roja de Turia,46190,Valencia,Riba-Roja de Turia
Infiniti,Q50,Diésel,128307.0,170.0,automatic,15785,Atarrabia,31610,Navarra,Atarrabia
Infiniti,Q50,Diésel,128307.0,170.0,automatic,15785,Paterna,46980,Valencia,Paterna
Infiniti,Q50,Diésel,128307.0,170.0,automatic,15785,Alcalá de Guadaíra,41500,Sevilla,Alcalá de Guadaíra
Infiniti,Q50,Diésel,128307.0,170.0,automatic,15785,Zaragoza,50013,Zaragoza,Zaragoza
Infiniti,Q50,Diésel,128307.0,170.0,automatic,15785,Santafe,18320,Granada,Santafe
Infiniti,Q50,Diésel,128307.0,170.0,automatic,15785,Puerto de Sagunto,46520,Valencia,Puerto de Sagunto
Infiniti,Q50,Diésel,128307.0,170.0,automatic,15785,Mercabilbao,48970,Bizkaia,Mercabilbao
Peugeot,Rifter,Diésel,43106.0,130.0,manual,23575,Zaragoza,50013,Zaragoza,Zaragoza
Peugeot,Rifter,Diésel,51992.0,130.0,manual,28635,Zaragoza,50013,Zaragoza,Zaragoza
Peugeot,Rifter,Diésel,107918.0,100.0,manual,18285,Mercado Parque Corredor del Henares,28850,Madrid,Mercado Parque Corredor del Henares
Peugeot,Rifter,Diésel,43106.0,130.0,manual,23575,Mercado Parque Corredor del Henares,28850,Madrid,Mercado Parque Corredor del Henares
Peugeot,Rifter,Diésel,51992.0,130.0,manual,28635,Mercado Parque Corredor del Henares,28850,Madrid,Mercado Parque Corredor del Henares
Peugeot,Rifter,Diésel,107918.0,100.0,manual,18285,Santa Maria del Aguila,4710,Almería,Santa Maria del Aguila
Peugeot,Rifter,Diésel,107918.0,100.0,manual,18285,Alcalá de Guadaíra,41500,Sevilla,Alcalá de Guadaíra
Peugeot,Rifter,Diésel,43106.0,130.0,manual,23575,Santa Maria del Aguila,4710,Almería,Santa Maria del Aguila
Peugeot,Rifter,Diésel,43106.0,130.0,manual,23575,Alcalá de Guadaíra,41500,Sevilla,Alcalá de Guadaíra
Peugeot,Rifter,Diésel,51992.0,130.0,manual,28635,Santa Maria del Aguila,4710,Almería,Santa Maria del Aguila
Peugeot,Rifter,Diésel,51992.0,130.0,manual,28635,Alcalá de Guadaíra,41500,Sevilla,Alcalá de Guadaíra
Peugeot,Rifter,Diésel,96567.0,100.0,manual,17990,Sevilla,41005,Sevilla,Sevilla
Peugeot,Rifter,Diésel,107918.0,100.0,manual,18285,Mercabilbao,48970,Bizkaia,Mercabilbao
Peugeot,Rifter,Diésel,107918.0,100.0,manual,18285,Paterna,46980,Valencia,Paterna
Peugeot,Rifter,Diésel,43106.0,130.0,manual,23575,Mercabilbao,48970,Bizkaia,Mercabilbao
Peugeot,Rifter,Diésel,51992.0,130.0,manual,28635,Mercabilbao,48970,Bizkaia,Mercabilbao
Peugeot,Rifter,Diésel,43106.0,130.0,manual,23575,Paterna,46980,Valencia,Paterna
Peugeot,Rifter,Diésel,96567.0,100.0,manual,17990,Huelva,21004,Huelva,Huelva
Peugeot,Rifter,Diésel,51992.0,130.0,manual,28635,Paterna,46980,Valencia,Paterna
Peugeot,Rifter,Diésel,107918.0,100.0,manual,18285,Saladar,3700,Alicante,Saladar
Peugeot,Rifter,Diésel,107918.0,100.0,manual,18285,Puerto de Sagunto,46520,Valencia,Puerto de Sagunto
Peugeot,Rifter,Diésel,43106.0,130.0,manual,23575,Saladar,3700,Alicante,Saladar
Peugeot,Rifter,Diésel,43106.0,130.0,manual,23575,Puerto de Sagunto,46520,Valencia,Puerto de Sagunto
Peugeot,Rifter,Diésel,51992.0,130.0,manual,28635,Saladar,3700,Alicante,Saladar
Peugeot,Rifter,Diésel,51992.0,130.0,manual,28635,Puerto de Sagunto,46520,Valencia,Puerto de Sagunto
Peugeot,Rifter,Diésel,96567.0,100.0,manual,17990,Almería,4006,Almería,Almería
Peugeot,Rifter,Diésel,96567.0,100.0,manual,17990,Vigo,36211,Pontevedra,Vigo
Peugeot,Rifter,Diésel,107918.0,100.0,manual,18285,Estepona,29680,Málaga,Estepona
Peugeot,Rifter,Diésel,107918.0,100.0,manual,18285,Badajoz,6008,Badajoz,Badajoz
Peugeot,Rifter,Diésel,43106.0,130.0,manual,23575,Estepona,29680,Málaga,Estepona
Peugeot,Rifter,Diésel,96567.0,100.0,manual,17990,Murcia,30005,Murcia,Murcia
Peugeot,Rifter,Diésel,51992.0,130.0,manual,28635,Estepona,29680,Málaga,Estepona
Peugeot,Rifter,Diésel,43106.0,130.0,manual,23575,Badajoz,6008,Badajoz,Badajoz
Peugeot,Rifter,Diésel,107918.0,100.0,manual,18285,Valdepeñas,13300,Ciudad Real,Valdepeñas
Peugeot,Rifter,Diésel,107918.0,100.0,manual,18285,Valdepeñas,13300,Ciudad Real,Valdepeñas
Peugeot,Rifter,Diésel,107918.0,100.0,manual,18285,Santafe,18320,Granada,Santafe
Peugeot,Rifter,Diésel,51992.0,130.0,manual,28635,Badajoz,6008,Badajoz,Badajoz
Peugeot,Rifter,Diésel,96567.0,100.0,manual,17990,Valencia,46001,Valencia,Valencia
Peugeot,Rifter,Diésel,96567.0,100.0,manual,17990,Sevilla,41017,Sevilla,Sevilla
Peugeot,Rifter,Diésel,43106.0,130.0,manual,23575,Valdepeñas,13300,Ciudad Real,Valdepeñas
Peugeot,Rifter,Diésel,43106.0,130.0,manual,23575,Valdepeñas,13300,Ciudad Real,Valdepeñas
Peugeot,Rifter,Diésel,43106.0,130.0,manual,23575,Santafe,18320,Granada,Santafe
Peugeot,Rifter,Diésel,96567.0,100.0,manual,17990,Granada,18005,Granada,Granada
Peugeot,Rifter,Diésel,96567.0,100.0,manual,17990,Málaga,29005,Málaga,Málaga
Peugeot,Rifter,Diésel,51992.0,130.0,manual,28635,Valdepeñas,13300,Ciudad Real,Valdepeñas
Peugeot,Rifter,Diésel,51992.0,130.0,manual,28635,Valdepeñas,13300,Ciudad Real,Valdepeñas
Peugeot,Rifter,Diésel,51992.0,130.0,manual,28635,Santafe,18320,Granada,Santafe
Peugeot,Rifter,Diésel,51992.0,130.0,manual,28635,Olèrdola,8734,Barcelona,Olèrdola
Peugeot,Rifter,Diésel,51992.0,130.0,manual,28635,Olèrdola,8734,Barcelona,Olèrdola
Peugeot,Rifter,Diésel,96567.0,100.0,manual,17990,Córdoba,14003,Córdoba,Córdoba
Peugeot,Rifter,Diésel,107918.0,100.0,manual,18285,Sant Vicenç de Montalt,8394,Barcelona,Sant Vicenç de Montalt
Peugeot,Rifter,Diésel,84923.0,100.0,manual,20750,Sant Vicenç de Montalt,8394,Barcelona,Sant Vicenç de Montalt
Peugeot,Rifter,Diésel,96567.0,100.0,manual,17990,Badajoz,6003,Badajoz,Badajoz
Peugeot,Rifter,Diésel,43106.0,130.0,manual,23575,Sant Vicenç de Montalt,8394,Barcelona,Sant Vicenç de Montalt
Peugeot,Rifter,Diésel,51992.0,130.0,manual,28635,Sant Vicenç de Montalt,8394,Barcelona,Sant Vicenç de Montalt
Peugeot,Rifter,Diésel,107918.0,100.0,manual,18285,Ciudad Real,13003,Ciudad Real,Ciudad Real
Peugeot,Rifter,Diésel,107918.0,100.0,manual,18285,Santiago de Compostela,15703,A Coruña,Santiago de Compostela
Peugeot,Rifter,Diésel,107918.0,100.0,manual,18285,Hidraulica Santillana,28770,Madrid,Hidraulica Santillana
Peugeot,Rifter,Diésel,107918.0,100.0,manual,18285,Albacete,2001,Albacete,Albacete
Peugeot,Rifter,Diésel,107918.0,100.0,manual,18285,Alzira,46600,Valencia,Alzira
Peugeot,Rifter,Diésel,107918.0,100.0,manual,18285,Alzira,46600,Valencia,Alzira
Peugeot,Rifter,Diésel,107918.0,100.0,manual,18285,Alicante,3007,Alicante,Alicante
Peugeot,Rifter,Diésel,107918.0,100.0,manual,18285,Alcobendas,28100,Madrid,Alcobendas
Peugeot,Rifter,Diésel,107918.0,100.0,manual,18285,Castello/Castellon de La Plana,12100,Castellón,Castello/Castellon de La Plana
Peugeot,Rifter,Diésel,43106.0,130.0,manual,23575,Ciudad Real,13003,Ciudad Real,Ciudad Real
Peugeot,Rifter,Diésel,107918.0,100.0,manual,18285,Colonia Pablo Iglesias,28520,Madrid,Colonia Pablo Iglesias
Peugeot,Rifter,Diésel,107918.0,100.0,manual,18285,Las Rozas de Madrid,28232,Madrid,Las Rozas de Madrid
Peugeot,Rifter,Diésel,107918.0,100.0,manual,18285,Alameda del Obispo,14005,Córdoba,Alameda del Obispo
Peugeot,Rifter,Diésel,107918.0,100.0,manual,18285,Torremolinos,29620,Málaga,Torremolinos
Peugeot,Rifter,Diésel,107918.0,100.0,manual,18285,Torremolinos,29620,Málaga,Torremolinos
Peugeot,Rifter,Diésel,107918.0,100.0,manual,18285,Torremolinos,29620,Málaga,Torremolinos
Peugeot,Rifter,Diésel,43106.0,130.0,manual,23575,Santiago de Compostela,15703,A Coruña,Santiago de Compostela
Peugeot,Rifter,Diésel,51992.0,130.0,manual,28635,Ciudad Real,13003,Ciudad Real,Ciudad Real
Peugeot,Rifter,Diésel,43106.0,130.0,manual,23575,Alcobendas,28100,Madrid,Alcobendas
Peugeot,Rifter,Diésel,43106.0,130.0,manual,23575,Albacete,2001,Albacete,Albacete
Peugeot,Rifter,Diésel,43106.0,130.0,manual,23575,Alzira,46600,Valencia,Alzira
Peugeot,Rifter,Diésel,43106.0,130.0,manual,23575,Alzira,46600,Valencia,Alzira
Peugeot,Rifter,Diésel,43106.0,130.0,manual,23575,Castello/Castellon de La Plana,12100,Castellón,Castello/Castellon de La Plana
Peugeot,Rifter,Diésel,43106.0,130.0,manual,23575,Hidraulica Santillana,28770,Madrid,Hidraulica Santillana
Peugeot,Rifter,Diésel,43106.0,130.0,manual,23575,Alicante,3007,Alicante,Alicante
Peugeot,Rifter,Diésel,51992.0,130.0,manual,28635,Santiago de Compostela,15703,A Coruña,Santiago de Compostela
Peugeot,Rifter,Diésel,43106.0,130.0,manual,23575,Las Rozas de Madrid,28232,Madrid,Las Rozas de Madrid
Peugeot,Rifter,Diésel,43106.0,130.0,manual,23575,Colonia Pablo Iglesias,28520,Madrid,Colonia Pablo Iglesias
Peugeot,Rifter,Diésel,43106.0,130.0,manual,23575,Alameda del Obispo,14005,Córdoba,Alameda del Obispo
Peugeot,Rifter,Diésel,43106.0,130.0,manual,23575,Torremolinos,29620,Málaga,Torremolinos
Peugeot,Rifter,Diésel,43106.0,130.0,manual,23575,Torremolinos,29620,Málaga,Torremolinos
Peugeot,Rifter,Diésel,43106.0,130.0,manual,23575,Torremolinos,29620,Málaga,Torremolinos
Peugeot,Rifter,Diésel,51992.0,130.0,manual,28635,Alcobendas,28100,Madrid,Alcobendas
Peugeot,Rifter,Diésel,51992.0,130.0,manual,28635,Hidraulica Santillana,28770,Madrid,Hidraulica Santillana
Peugeot,Rifter,Diésel,51992.0,130.0,manual,28635,Albacete,2001,Albacete,Albacete
Peugeot,Rifter,Diésel,51992.0,130.0,manual,28635,Alzira,46600,Valencia,Alzira
Peugeot,Rifter,Diésel,51992.0,130.0,manual,28635,Alzira,46600,Valencia,Alzira
Peugeot,Rifter,Diésel,51992.0,130.0,manual,28635,Castello/Castellon de La Plana,12100,Castellón,Castello/Castellon de La Plana
Peugeot,Rifter,Diésel,51992.0,130.0,manual,28635,Alicante,3007,Alicante,Alicante
Peugeot,Rifter,Diésel,51992.0,130.0,manual,28635,Colonia Pablo Iglesias,28520,Madrid,Colonia Pablo Iglesias
Peugeot,Rifter,Diésel,51992.0,130.0,manual,28635,Las Rozas de Madrid,28232,Madrid,Las Rozas de Madrid
Peugeot,Rifter,Diésel,51992.0,130.0,manual,28635,Alameda del Obispo,14005,Córdoba,Alameda del Obispo
Peugeot,Rifter,Diésel,51992.0,130.0,manual,28635,Torremolinos,29620,Málaga,Torremolinos
Peugeot,Rifter,Diésel,51992.0,130.0,manual,28635,Torremolinos,29620,Málaga,Torremolinos
Peugeot,Rifter,Diésel,51992.0,130.0,manual,28635,Torremolinos,29620,Málaga,Torremolinos
Peugeot,Rifter,Diésel,5000.0,130.0,automatic,32500,Toledo,45002,Toledo,Toledo
Peugeot,Rifter,Diésel,1.0,100.0,manual,21200,Leganés,28914,Madrid,Leganés
Peugeot,Rifter,Diésel,69780.0,130.0,manual,27490,Alcalá de Henares,28807,Madrid,Alcalá de Henares
Peugeot,Rifter,Diésel,69780.0,130.0,manual,27490,Alcalá de Henares,28807,Madrid,Alcalá de Henares
Peugeot,2008,Diésel,107000.0,100.0,manual,12900,Valdemoro,28340,Madrid,Valdemoro
Peugeot,2008,Gasolina,59000.0,110.0,manual,14800,O Porriño,36400,Pontevedra,O Porriño
Peugeot,2008,Gasolina,78231.0,82.0,manual,9990,Sevilla,41005,Sevilla,Sevilla
Peugeot,2008,Diésel,155499.0,100.0,manual,8990,Sevilla,41005,Sevilla,Sevilla
Peugeot,2008,Gasolina,59981.0,100.0,manual,16990,Sevilla,41005,Sevilla,Sevilla
Peugeot,2008,Gasolina,47000.0,130.0,manual,21990,Sevilla,41005,Sevilla,Sevilla
Peugeot,2008,Gasolina,12761.0,100.0,manual,23500,Sevilla,41006,Sevilla,Sevilla
Peugeot,2008,Gasolina,12761.0,100.0,manual,22900,Sevilla,41006,Sevilla,Sevilla
Peugeot,2008,Gasolina,12761.0,100.0,manual,23500,Dos Hermanas,41012,Sevilla,Dos Hermanas
Peugeot,2008,Gasolina,12761.0,100.0,manual,22900,Dos Hermanas,41012,Sevilla,Dos Hermanas
Peugeot,2008,Gasolina,35841.0,100.0,manual,19900,Dos Hermanas,41012,Sevilla,Dos Hermanas
Peugeot,2008,Gasolina,28947.0,130.0,manual,14500,Dos Hermanas,41012,Sevilla,Dos Hermanas
Peugeot,2008,Gasolina,35841.0,100.0,manual,19900,Sevilla,41006,Sevilla,Sevilla
Peugeot,2008,Gasolina,28947.0,130.0,manual,14500,Sevilla,41006,Sevilla,Sevilla
Peugeot,2008,Gasolina,47000.0,130.0,manual,21990,Almería,4006,Almería,Almería
Peugeot,2008,Gasolina,47000.0,130.0,manual,21990,Òrrius,8317,Barcelona,Òrrius
Peugeot,2008,Gasolina,47000.0,130.0,manual,21990,Vigo,36211,Pontevedra,Vigo
Peugeot,2008,Gasolina,78231.0,82.0,manual,9990,Valencia,46001,Valencia,Valencia
Peugeot,2008,Diésel,155499.0,100.0,manual,8990,Valencia,46001,Valencia,Valencia
Peugeot,2008,Gasolina,59981.0,100.0,manual,16990,Valencia,46001,Valencia,Valencia
Peugeot,2008,Gasolina,47000.0,130.0,manual,21990,Murcia,30005,Murcia,Murcia
Peugeot,2008,Gasolina,78231.0,82.0,manual,9990,Málaga,29005,Málaga,Málaga
Peugeot,2008,Gasolina,47000.0,130.0,manual,21990,Ullastrell,8231,Barcelona,Ullastrell
Peugeot,2008,Diésel,155499.0,100.0,manual,8990,Málaga,29005,Málaga,Málaga
Peugeot,2008,Gasolina,59981.0,100.0,manual,16990,Málaga,29005,Málaga,Málaga
Peugeot,2008,Diésel,155499.0,100.0,manual,8990,Sevilla,41017,Sevilla,Sevilla
Peugeot,2008,Gasolina,47000.0,130.0,manual,21990,Valencia,46001,Valencia,Valencia
Peugeot,2008,Gasolina,47000.0,130.0,manual,21990,Granada,18005,Granada,Granada
Peugeot,2008,Gasolina,47000.0,130.0,manual,21990,Málaga,29005,Málaga,Málaga
Peugeot,2008,Gasolina,47000.0,130.0,manual,21990,Bilbao,48004,Bizkaia,Bilbao
Peugeot,2008,Gasolina,47000.0,130.0,manual,21990,Alicante,3010,Alicante,Alicante
Peugeot,2008,Gasolina,47000.0,130.0,manual,21990,Alicante,3010,Murcia,Alicante
Peugeot,2008,Diésel,76435.0,120.0,manual,13999,Madrid,28014,Madrid,Madrid
Peugeot,2008,Diésel,76435.0,120.0,manual,13999,Barcelona,8007,Barcelona,Barcelona
Peugeot,2008,Diésel,8012.0,110.0,manual,22599,Barcelona,8007,Barcelona,Barcelona
Peugeot,2008,Diésel,8012.0,110.0,manual,22599,Madrid,28014,Madrid,Madrid
Peugeot,2008,Gasolina,47000.0,130.0,manual,21990,Palma de Mallorca,7003,Baleares,Palma de Mallorca
Peugeot,2008,Gasolina,47000.0,130.0,manual,21990,Palau-Solita I Plegamans,8184,Barcelona,Palau-Solita I Plegamans
Peugeot,2008,Gasolina,47000.0,130.0,manual,21990,Palau-Solita I Plegamans,8184,Barcelona,Palau-Solita I Plegamans
Peugeot,2008,Gasolina,78231.0,82.0,manual,9990,Tarragona,43006,Tarragona,Tarragona
Peugeot,2008,Gasolina,47000.0,130.0,manual,21990,Girona,17007,Girona,Girona
Peugeot,2008,Gasolina,47000.0,130.0,manual,21990,Tarragona,43006,Tarragona,Tarragona
Peugeot,2008,Gasolina,18323.0,130.0,automatic,29400,Santa Coloma de Gramenet,8921,Barcelona,Santa Coloma de Gramenet
Peugeot,2008,Diésel,19130.0,110.0,manual,27300,Santa Coloma de Gramenet,8921,Barcelona,Santa Coloma de Gramenet
Peugeot,2008,Gasolina,19159.0,130.0,automatic,29400,Santa Coloma de Gramenet,8921,Barcelona,Santa Coloma de Gramenet
Peugeot,2008,Gasolina,28438.0,130.0,automatic,29300,Santa Coloma de Gramenet,8921,Barcelona,Santa Coloma de Gramenet
Peugeot,2008,Gasolina,54411.0,82.0,manual,15000,Fornells de la Selva,17458,Girona,Fornells de la Selva
Peugeot,2008,Gasolina,27606.0,110.0,manual,23970,Foios,46134,Valencia,Foios
Peugeot,2008,Diésel,198000.0,100.0,manual,9490,Valencia,46010,Valencia,Valencia
KIA,Picanto,Gasolina,111139.0,69.0,manual,5490,Fuenlabrada,28946,Madrid,Fuenlabrada
KIA,Picanto,Gasolina,52000.0,66.0,manual,10900,Palamós,17230,Girona,Palamós
KIA,Picanto,Gasolina,20000.0,67.0,manual,11400,Murcia,30003,Murcia,Murcia
KIA,Picanto,Gasolina,20000.0,67.0,manual,10900,Murcia,30003,Murcia,Murcia
KIA,Picanto,Gasolina,20000.0,67.0,manual,11400,Sevilla,41018,Sevilla,Sevilla
KIA,Picanto,Gasolina,20000.0,67.0,manual,10900,Sevilla,41018,Sevilla,Sevilla
KIA,Picanto,Gasolina,20000.0,67.0,manual,11400,Cúllar Vega,18195,Granada,Cúllar Vega
KIA,Picanto,Gasolina,20000.0,67.0,manual,10900,Cúllar Vega,18195,Granada,Cúllar Vega
KIA,Picanto,Gasolina,15029.0,67.0,manual,13190,Barcelona,8030,Barcelona,Barcelona
KIA,Picanto,Gasolina,13425.0,67.0,manual,13190,Barcelona,8030,Barcelona,Barcelona
KIA,Carens,Diésel,68358.0,141.0,manual,18900,Colonia Pablo Iglesias,28520,Madrid,Colonia Pablo Iglesias
KIA,Carens,Diésel,56529.0,141.0,automatic,17990,Oviedo,33003,Asturias,Oviedo
KIA,Carens,Diésel,56529.0,141.0,automatic,17990,Ourense,32001,Ourense,Ourense
KIA,Carens,Diésel,68358.0,141.0,manual,18900,Las Rozas de Madrid,28232,Madrid,Las Rozas de Madrid
KIA,Carens,Diésel,68358.0,141.0,manual,18900,Torremolinos,29620,Málaga,Torremolinos
KIA,Carens,Diésel,68358.0,141.0,manual,18900,Torremolinos,29620,Málaga,Torremolinos
KIA,Carens,Diésel,68358.0,141.0,manual,18900,Torremolinos,29620,Málaga,Torremolinos
KIA,Carens,Diésel,68358.0,141.0,manual,18900,Atarrabia,31610,Navarra,Atarrabia
KIA,Carens,Diésel,68358.0,141.0,manual,18900,Alameda del Obispo,14005,Córdoba,Alameda del Obispo
KIA,Ceed,Diésel,86000.0,136.0,manual,412,Madrid,28006,Madrid,Madrid
KIA,Ceed,Gasolina,98000.0,119.0,manual,316,Madrid,28006,Madrid,Madrid
KIA,Ceed,Gasolina,30328.0,120.0,manual,16290,Madrid,28021,Madrid,Madrid
KIA,Ceed,Diésel,88000.0,136.0,manual,15950,Collado Villalba,28400,Madrid,Collado Villalba
KIA,Ceed,Diésel,88000.0,136.0,manual,15950,Collado Villalba,28400,Madrid,Collado Villalba
KIA,Ceed,Diésel,88000.0,136.0,manual,15950,Vigo,36214,Pontevedra,Vigo
KIA,Ceed,Diésel,22268.0,115.0,manual,22125,Collado Villalba,28400,Madrid,Collado Villalba
KIA,Ceed,Diésel,22268.0,115.0,manual,22125,Collado Villalba,28400,Madrid,Collado Villalba
KIA,Ceed,Diésel,66987.0,136.0,manual,21735,Collado Villalba,28400,Madrid,Collado Villalba
KIA,Ceed,Diésel,66987.0,136.0,manual,21735,Collado Villalba,28400,Madrid,Collado Villalba
KIA,Ceed,Diésel,22268.0,115.0,manual,22125,Vigo,36214,Pontevedra,Vigo
KIA,Ceed,Diésel,66987.0,136.0,manual,21735,Vigo,36214,Pontevedra,Vigo
KIA,Ceed,Diésel,88000.0,136.0,manual,15950,Mercado Parque Corredor del Henares,28850,Madrid,Mercado Parque Corredor del Henares
KIA,Ceed,Diésel,22268.0,115.0,manual,22125,Mercado Parque Corredor del Henares,28850,Madrid,Mercado Parque Corredor del Henares
KIA,Ceed,Diésel,66987.0,136.0,manual,21735,Mercado Parque Corredor del Henares,28850,Madrid,Mercado Parque Corredor del Henares
KIA,Ceed,Diésel,88000.0,136.0,manual,15950,Colonia Pablo Iglesias,28520,Madrid,Colonia Pablo Iglesias
KIA,Ceed,Diésel,22268.0,115.0,manual,22125,Colonia Pablo Iglesias,28520,Madrid,Colonia Pablo Iglesias
KIA,Ceed,Diésel,66987.0,136.0,manual,21735,Colonia Pablo Iglesias,28520,Madrid,Colonia Pablo Iglesias
KIA,Ceed,Diésel,88000.0,136.0,manual,15950,Sant Vicenç de Montalt,8394,Barcelona,Sant Vicenç de Montalt
KIA,Ceed,Diésel,88000.0,136.0,manual,15950,Estepona,29680,Málaga,Estepona
KIA,Ceed,Diésel,22268.0,115.0,manual,22125,Sant Vicenç de Montalt,8394,Barcelona,Sant Vicenç de Montalt
KIA,Ceed,Diésel,66987.0,136.0,manual,21735,Sant Vicenç de Montalt,8394,Barcelona,Sant Vicenç de Montalt
KIA,Ceed,Diésel,22268.0,115.0,manual,22125,Estepona,29680,Málaga,Estepona
KIA,Ceed,Diésel,66987.0,136.0,manual,21735,Estepona,29680,Málaga,Estepona
KIA,Ceed,Diésel,88000.0,136.0,manual,15950,Murcia,30003,Murcia,Murcia
KIA,Ceed,Diésel,88000.0,136.0,manual,15950,Saladar,3700,Alicante,Saladar
KIA,Ceed,Diésel,88000.0,136.0,manual,15950,Granollers,8403,Barcelona,Granollers
KIA,Ceed,Diésel,22268.0,115.0,manual,22125,Murcia,30003,Murcia,Murcia
KIA,Ceed,Diésel,66987.0,136.0,manual,21735,Murcia,30003,Murcia,Murcia
KIA,Ceed,Diésel,22268.0,115.0,manual,22125,Saladar,3700,Alicante,Saladar
KIA,Ceed,Diésel,22268.0,115.0,manual,22125,Granollers,8403,Barcelona,Granollers
KIA,Ceed,Diésel,66987.0,136.0,manual,21735,Saladar,3700,Alicante,Saladar
KIA,Ceed,Diésel,66987.0,136.0,manual,21735,Granollers,8403,Barcelona,Granollers
KIA,Ceed,Diésel,88000.0,136.0,manual,15950,Ciudad Real,13003,Ciudad Real,Ciudad Real
KIA,Ceed,Diésel,22268.0,115.0,manual,22125,Ciudad Real,13003,Ciudad Real,Ciudad Real
KIA,Ceed,Diésel,66987.0,136.0,manual,21735,Ciudad Real,13003,Ciudad Real,Ciudad Real
KIA,Ceed,Diésel,88000.0,136.0,manual,15950,Valdepeñas,13300,Ciudad Real,Valdepeñas
KIA,Ceed,Diésel,88000.0,136.0,manual,15950,Valdepeñas,13300,Ciudad Real,Valdepeñas
KIA,Ceed,Diésel,22268.0,115.0,manual,22125,Valdepeñas,13300,Ciudad Real,Valdepeñas
KIA,Ceed,Diésel,22268.0,115.0,manual,22125,Valdepeñas,13300,Ciudad Real,Valdepeñas
KIA,Ceed,Diésel,66987.0,136.0,manual,21735,Valdepeñas,13300,Ciudad Real,Valdepeñas
KIA,Ceed,Diésel,66987.0,136.0,manual,21735,Valdepeñas,13300,Ciudad Real,Valdepeñas
KIA,Ceed,Diésel,88000.0,136.0,manual,15950,Badajoz,6008,Badajoz,Badajoz
KIA,Ceed,Diésel,22268.0,115.0,manual,22125,Badajoz,6008,Badajoz,Badajoz
KIA,Ceed,Diésel,66987.0,136.0,manual,21735,Badajoz,6008,Badajoz,Badajoz
KIA,Ceed,Diésel,88000.0,136.0,manual,15950,Barcelona,8007,Barcelona,Barcelona
KIA,XCeed,Gasolina,24134.0,160.0,automatic,27990,Badajoz,6008,Badajoz,Badajoz
KIA,XCeed,Gasolina,24134.0,160.0,automatic,27990,Barcelona,8007,Barcelona,Barcelona
KIA,XCeed,Gasolina,24134.0,160.0,automatic,27990,Olèrdola,8734,Barcelona,Olèrdola
KIA,XCeed,Gasolina,24134.0,160.0,automatic,27990,Olèrdola,8734,Barcelona,Olèrdola
KIA,XCeed,Gasolina,24134.0,160.0,automatic,27990,Santa Maria del Aguila,4710,Almería,Santa Maria del Aguila
KIA,XCeed,Gasolina,24134.0,160.0,automatic,27990,Las Rozas de Madrid,28232,Madrid,Las Rozas de Madrid
KIA,XCeed,Gasolina,24134.0,160.0,automatic,27990,Santafe,18320,Granada,Santafe
KIA,XCeed,Gasolina,24134.0,160.0,automatic,27990,Puerto de Sagunto,46520,Valencia,Puerto de Sagunto
KIA,XCeed,Gasolina,24134.0,160.0,automatic,27990,Mercabilbao,48970,Bizkaia,Mercabilbao
KIA,XCeed,Gasolina,24134.0,160.0,automatic,27990,Zaragoza,50013,Zaragoza,Zaragoza
KIA,XCeed,Gasolina,24134.0,160.0,automatic,27990,Paterna,46980,Valencia,Paterna
KIA,XCeed,Gasolina,24134.0,160.0,automatic,27990,Atarrabia,31610,Navarra,Atarrabia
KIA,XCeed,Gasolina,24134.0,160.0,automatic,27990,Alcalá de Guadaíra,41500,Sevilla,Alcalá de Guadaíra
KIA,XCeed,Gasolina,24134.0,160.0,automatic,27990,Hidraulica Santillana,28770,Madrid,Hidraulica Santillana
KIA,XCeed,Gasolina,24134.0,160.0,automatic,27990,Alcobendas,28100,Madrid,Alcobendas
KIA,XCeed,Gasolina,24134.0,160.0,automatic,27990,Albacete,2001,Albacete,Albacete
KIA,XCeed,Gasolina,24134.0,160.0,automatic,27990,Alzira,46600,Valencia,Alzira
KIA,XCeed,Gasolina,24134.0,160.0,automatic,27990,Alzira,46600,Valencia,Alzira
KIA,XCeed,Gasolina,24134.0,160.0,automatic,27990,Alicante,3007,Alicante,Alicante
KIA,XCeed,Gasolina,24134.0,160.0,automatic,27990,Getafe,28906,Madrid,Getafe
KIA,XCeed,Gasolina,24134.0,160.0,automatic,27990,Alameda del Obispo,14005,Córdoba,Alameda del Obispo
KIA,XCeed,Gasolina,24134.0,160.0,automatic,27990,Torremolinos,29620,Málaga,Torremolinos
KIA,XCeed,Gasolina,24134.0,160.0,automatic,27990,Torremolinos,29620,Málaga,Torremolinos
KIA,XCeed,Gasolina,24134.0,160.0,automatic,27990,Torremolinos,29620,Málaga,Torremolinos
KIA,XCeed,Gasolina,24134.0,160.0,automatic,27990,Santiago de Compostela,15703,A Coruña,Santiago de Compostela
KIA,XCeed,Gasolina,36391.0,120.0,manual,17490,Rafelbuñol/Rafelbunyol,46138,Valencia,Rafelbuñol/Rafelbunyol
KIA,XCeed,Diésel,48000.0,136.0,automatic,24900,Alzira,46600,Valencia,Alzira
KIA,XCeed,Diésel,48000.0,136.0,automatic,24900,Alzira,46600,Valencia,Alzira
Peugeot,108,Gasolina,53000.0,72.0,automatic,12400,Santa Coloma de Gramenet,8921,Barcelona,Santa Coloma de Gramenet
KIA,Sorento,Diésel,198800.0,170.0,manual,5490,Collado Villalba,28400,Madrid,Collado Villalba
KIA,Sorento,Diésel,198800.0,170.0,manual,5490,Collado Villalba,28400,Madrid,Collado Villalba
KIA,Sportage,Diésel,79000.0,115.0,manual,18290,Bilbao,48004,Bizkaia,Bilbao
KIA,Sportage,Gasolina,82964.0,132.0,manual,16990,Bilbao,48004,Bizkaia,Bilbao
KIA,Sportage,Diésel,79000.0,115.0,manual,18290,Sevilla,41005,Sevilla,Sevilla
KIA,Sportage,Gasolina,82964.0,132.0,manual,16990,Sevilla,41005,Sevilla,Sevilla
KIA,Sportage,Diésel,79000.0,115.0,manual,18290,Almería,4006,Almería,Almería
KIA,Sportage,Gasolina,82964.0,132.0,manual,16990,Almería,4006,Almería,Almería
KIA,Sportage,Diésel,79000.0,115.0,manual,18290,Vigo,36211,Pontevedra,Vigo
KIA,Sportage,Diésel,79000.0,115.0,manual,18290,Alicante,3010,Alicante,Alicante
KIA,Sportage,Diésel,79000.0,115.0,manual,18290,Alicante,3010,Murcia,Alicante
KIA,Sportage,Gasolina,82964.0,132.0,manual,16990,Vigo,36211,Pontevedra,Vigo
KIA,Sportage,Gasolina,82964.0,132.0,manual,16990,Alicante,3010,Alicante,Alicante
KIA,Sportage,Gasolina,82964.0,132.0,manual,16990,Alicante,3010,Murcia,Alicante
KIA,Sportage,Gasolina,82964.0,132.0,manual,16990,Jaén,23008,Jaén,Jaén
KIA,Sportage,Gasolina,82964.0,132.0,manual,16990,Sevilla,41017,Sevilla,Sevilla
KIA,Sportage,Diésel,79000.0,115.0,manual,18290,Murcia,30005,Murcia,Murcia
KIA,Sportage,Gasolina,82964.0,132.0,manual,16990,Murcia,30005,Murcia,Murcia
KIA,Sportage,Diésel,79000.0,115.0,manual,18290,Granada,18005,Granada,Granada
KIA,Sportage,Gasolina,82964.0,132.0,manual,16990,Granada,18005,Granada,Granada
KIA,Sportage,Diésel,79000.0,115.0,manual,18290,Málaga,29005,Málaga,Málaga
KIA,Sportage,Gasolina,82964.0,132.0,manual,16990,Málaga,29005,Málaga,Málaga
KIA,Sportage,Diésel,79000.0,115.0,manual,18290,Valencia,46001,Valencia,Valencia
KIA,Sportage,Gasolina,82964.0,132.0,manual,16990,Valencia,46001,Valencia,Valencia
Peugeot,308,Diésel,36576.0,130.0,manual,18750,Zaragoza,50013,Zaragoza,Zaragoza
Peugeot,308,Diésel,36576.0,130.0,manual,18750,Mercado Parque Corredor del Henares,28850,Madrid,Mercado Parque Corredor del Henares
Peugeot,308,Gasolina,68379.0,130.0,manual,12496,Santa Maria del Aguila,4710,Almería,Santa Maria del Aguila
Peugeot,308,Diésel,36576.0,130.0,manual,18750,Santa Maria del Aguila,4710,Almería,Santa Maria del Aguila
Peugeot,308,Diésel,36576.0,130.0,manual,18750,Alcalá de Guadaíra,41500,Sevilla,Alcalá de Guadaíra
Peugeot,308,Gasolina,113650.0,130.0,manual,8990,Sevilla,41005,Sevilla,Sevilla
Peugeot,308,Diésel,36576.0,130.0,manual,18750,Mercabilbao,48970,Bizkaia,Mercabilbao
Peugeot,308,Diésel,36576.0,130.0,manual,18750,Paterna,46980,Valencia,Paterna
Peugeot,308,Diésel,36576.0,130.0,manual,18750,Saladar,3700,Alicante,Saladar
Peugeot,308,Diésel,36576.0,130.0,manual,18750,Puerto de Sagunto,46520,Valencia,Puerto de Sagunto
Peugeot,308,Diésel,94919.0,120.0,manual,11490,Leganés,28916,Madrid,Leganés
Peugeot,308,Diésel,36576.0,130.0,manual,18750,Estepona,29680,Málaga,Estepona
Peugeot,308,Diésel,36576.0,130.0,manual,18750,Badajoz,6008,Badajoz,Badajoz
Peugeot,308,Gasolina,113650.0,130.0,manual,8990,Valencia,46001,Valencia,Valencia
Peugeot,308,Diésel,36576.0,130.0,manual,18750,Valdepeñas,13300,Ciudad Real,Valdepeñas
Peugeot,308,Diésel,36576.0,130.0,manual,18750,Valdepeñas,13300,Ciudad Real,Valdepeñas
Peugeot,308,Diésel,36576.0,130.0,manual,18750,Santafe,18320,Granada,Santafe
Peugeot,308,Gasolina,113650.0,130.0,manual,8990,Málaga,29005,Málaga,Málaga
Peugeot,308,Diésel,36576.0,130.0,manual,18750,Granollers,8403,Barcelona,Granollers
Peugeot,308,Diésel,36576.0,130.0,manual,18750,Vigo,36214,Pontevedra,Vigo
Peugeot,308,Diésel,36576.0,130.0,manual,18750,Murcia,30003,Murcia,Murcia
Peugeot,308,Diésel,36576.0,130.0,manual,18750,Atarrabia,31610,Navarra,Atarrabia
Peugeot,308,Diésel,36576.0,130.0,manual,18750,Olèrdola,8734,Barcelona,Olèrdola
Peugeot,308,Diésel,36576.0,130.0,manual,18750,Olèrdola,8734,Barcelona,Olèrdola
Peugeot,308,Gasolina,68379.0,130.0,manual,12496,Sant Vicenç de Montalt,8394,Barcelona,Sant Vicenç de Montalt
Peugeot,308,Gasolina,62158.0,110.0,manual,14030,Sant Vicenç de Montalt,8394,Barcelona,Sant Vicenç de Montalt
Peugeot,308,Diésel,87221.0,180.0,automatic,17899,Madrid,28014,Madrid,Madrid
Peugeot,308,Diésel,87221.0,180.0,automatic,17899,Barcelona,8007,Barcelona,Barcelona
Peugeot,308,Diésel,37183.0,130.0,manual,18900,Sant Vicenç de Montalt,8394,Barcelona,Sant Vicenç de Montalt
Peugeot,308,Diésel,36576.0,130.0,manual,18750,Sant Vicenç de Montalt,8394,Barcelona,Sant Vicenç de Montalt
Peugeot,308,Diésel,36576.0,130.0,manual,18750,Ciudad Real,13003,Ciudad Real,Ciudad Real
Peugeot,308,Diésel,36576.0,130.0,manual,18750,Santiago de Compostela,15703,A Coruña,Santiago de Compostela
Peugeot,308,Diésel,36576.0,130.0,manual,18750,Castello/Castellon de La Plana,12100,Castellón,Castello/Castellon de La Plana
Peugeot,308,Diésel,36576.0,130.0,manual,18750,Hidraulica Santillana,28770,Madrid,Hidraulica Santillana
Peugeot,308,Diésel,36576.0,130.0,manual,18750,Albacete,2001,Albacete,Albacete
Peugeot,308,Diésel,36576.0,130.0,manual,18750,Alicante,3007,Alicante,Alicante
Peugeot,308,Diésel,36576.0,130.0,manual,18750,Alzira,46600,Valencia,Alzira
Peugeot,308,Diésel,36576.0,130.0,manual,18750,Alzira,46600,Valencia,Alzira
Peugeot,308,Diésel,36576.0,130.0,manual,18750,Alcobendas,28100,Madrid,Alcobendas
Peugeot,308,Diésel,36576.0,130.0,manual,18750,Colonia Pablo Iglesias,28520,Madrid,Colonia Pablo Iglesias
Peugeot,308,Diésel,36576.0,130.0,manual,18750,Las Rozas de Madrid,28232,Madrid,Las Rozas de Madrid
Peugeot,308,Diésel,36576.0,130.0,manual,18750,Alameda del Obispo,14005,Córdoba,Alameda del Obispo
Peugeot,308,Diésel,36576.0,130.0,manual,18750,Torremolinos,29620,Málaga,Torremolinos
Peugeot,308,Diésel,36576.0,130.0,manual,18750,Torremolinos,29620,Málaga,Torremolinos
Peugeot,308,Diésel,36576.0,130.0,manual,18750,Torremolinos,29620,Málaga,Torremolinos
Peugeot,308,Gasolina,85000.0,120.0,manual,9990,Catarroja,46470,Valencia,Catarroja
Peugeot,308,Gasolina,85000.0,120.0,manual,9990,Catarroja,46470,Valencia,Catarroja
Peugeot,308,Gasolina,85000.0,120.0,manual,9990,Catarroja,46470,Valencia,Catarroja
Peugeot,308,Gasolina,85000.0,120.0,manual,9990,Catarroja,46470,Valencia,Catarroja
Peugeot,308,Diésel,39200.0,130.0,automatic,22500,La Canonja,43110,Tarragona,La Canonja
Peugeot,308,Diésel,157000.0,110.0,manual,6499,Albal,46470,Valencia,Albal
Peugeot,308,Diésel,157000.0,110.0,manual,6499,Albal,46470,Valencia,Albal
Peugeot,308,Diésel,157000.0,110.0,manual,6499,Albal,46470,Valencia,Albal
Peugeot,308,Diésel,157000.0,110.0,manual,6499,Albal,46470,Valencia,Albal
KIA,Rio,Gasolina,30746.0,100.0,manual,16100,Collado Villalba,28400,Madrid,Collado Villalba
KIA,Rio,Gasolina,30746.0,100.0,manual,16100,Collado Villalba,28400,Madrid,Collado Villalba
KIA,Rio,Gasolina,30746.0,100.0,manual,16100,Vigo,36214,Pontevedra,Vigo
KIA,Rio,Gasolina,30746.0,100.0,manual,16100,Mercado Parque Corredor del Henares,28850,Madrid,Mercado Parque Corredor del Henares
KIA,Rio,Gasolina,30746.0,100.0,manual,16100,Colonia Pablo Iglesias,28520,Madrid,Colonia Pablo Iglesias
KIA,Rio,Gasolina,30746.0,100.0,manual,16100,Sant Vicenç de Montalt,8394,Barcelona,Sant Vicenç de Montalt
KIA,Rio,Gasolina,30746.0,100.0,manual,16100,Estepona,29680,Málaga,Estepona
KIA,Rio,Gasolina,30746.0,100.0,manual,16100,Murcia,30003,Murcia,Murcia
KIA,Rio,Gasolina,30746.0,100.0,manual,16100,Saladar,3700,Alicante,Saladar
KIA,Rio,Gasolina,30746.0,100.0,manual,16100,Granollers,8403,Barcelona,Granollers
KIA,Rio,Gasolina,30746.0,100.0,manual,16100,Ciudad Real,13003,Ciudad Real,Ciudad Real
KIA,Rio,Gasolina,30746.0,100.0,manual,16100,Valdepeñas,13300,Ciudad Real,Valdepeñas
KIA,Rio,Gasolina,30746.0,100.0,manual,16100,Valdepeñas,13300,Ciudad Real,Valdepeñas
KIA,Rio,Gasolina,30746.0,100.0,manual,16100,Badajoz,6008,Badajoz,Badajoz
KIA,Rio,Gasolina,30746.0,100.0,manual,16100,Barcelona,8007,Barcelona,Barcelona
KIA,Rio,Gasolina,30746.0,100.0,manual,16100,Olèrdola,8734,Barcelona,Olèrdola
KIA,Rio,Gasolina,30746.0,100.0,manual,16100,Olèrdola,8734,Barcelona,Olèrdola
KIA,Rio,Gasolina,30746.0,100.0,manual,16100,Santa Maria del Aguila,4710,Almería,Santa Maria del Aguila
KIA,Rio,Gasolina,30746.0,100.0,manual,16100,Las Rozas de Madrid,28232,Madrid,Las Rozas de Madrid
KIA,Rio,Gasolina,30746.0,100.0,manual,16100,Atarrabia,31610,Navarra,Atarrabia
KIA,Rio,Gasolina,30746.0,100.0,manual,16100,Paterna,46980,Valencia,Paterna
KIA,Rio,Gasolina,30746.0,100.0,manual,16100,Alcalá de Guadaíra,41500,Sevilla,Alcalá de Guadaíra
KIA,Rio,Gasolina,30746.0,100.0,manual,16100,Zaragoza,50013,Zaragoza,Zaragoza
KIA,Rio,Gasolina,30746.0,100.0,manual,16100,Puerto de Sagunto,46520,Valencia,Puerto de Sagunto
KIA,Rio,Gasolina,30746.0,100.0,manual,16100,Mercabilbao,48970,Bizkaia,Mercabilbao
KIA,Rio,Gasolina,30746.0,100.0,manual,16100,Santafe,18320,Granada,Santafe
KIA,Rio,Gasolina,30746.0,100.0,manual,16100,Hidraulica Santillana,28770,Madrid,Hidraulica Santillana
KIA,Rio,Gasolina,30746.0,100.0,manual,16100,Alcobendas,28100,Madrid,Alcobendas
KIA,Rio,Gasolina,30746.0,100.0,manual,16100,Albacete,2001,Albacete,Albacete
KIA,Rio,Gasolina,30746.0,100.0,manual,16100,Castello/Castellon de La Plana,12100,Castellón,Castello/Castellon de La Plana
KIA,Rio,Gasolina,30746.0,100.0,manual,16100,Getafe,28906,Madrid,Getafe
KIA,Rio,Gasolina,30746.0,100.0,manual,16100,Alameda del Obispo,14005,Córdoba,Alameda del Obispo
KIA,Rio,Gasolina,30746.0,100.0,manual,16100,Torremolinos,29620,Málaga,Torremolinos
KIA,Rio,Gasolina,30746.0,100.0,manual,16100,Torremolinos,29620,Málaga,Torremolinos
KIA,Rio,Gasolina,30746.0,100.0,manual,16100,Torremolinos,29620,Málaga,Torremolinos
KIA,Rio,Gasolina,30746.0,100.0,manual,16100,Santiago de Compostela,15703,A Coruña,Santiago de Compostela
Peugeot,308,Diésel,230000.0,120.0,manual,10490,Utrera,41710,Sevilla,Utrera
Peugeot,308,Diésel,144000.0,92.0,manual,7899,El Cigarral,29120,Málaga,El Cigarral
KIA,Stonic,Gasolina,98371.0,120.0,automatic,17990,Madrid,28021,Madrid,Madrid
KIA,Stonic,Gasolina,112635.0,120.0,manual,15390,Madrid,28021,Madrid,Madrid
KIA,Stonic,Diésel,100111.0,110.0,manual,13990,Bilbao,48004,Bizkaia,Bilbao
KIA,Stonic,Diésel,100111.0,110.0,manual,13990,Sevilla,41005,Sevilla,Sevilla
KIA,Stonic,Diésel,100111.0,110.0,manual,13990,Vigo,36211,Pontevedra,Vigo
KIA,Stonic,Diésel,100111.0,110.0,manual,13990,Almería,4006,Almería,Almería
KIA,Stonic,Diésel,100111.0,110.0,manual,13990,Alicante,3010,Alicante,Alicante
KIA,Stonic,Diésel,100111.0,110.0,manual,13990,Alicante,3010,Murcia,Alicante
KIA,Stonic,Diésel,100111.0,110.0,manual,13990,Granada,18005,Granada,Granada
KIA,Stonic,Diésel,100111.0,110.0,manual,13990,Murcia,30005,Murcia,Murcia
KIA,Stonic,Diésel,100111.0,110.0,manual,13990,Málaga,29005,Málaga,Málaga
KIA,Stonic,Diésel,100111.0,110.0,manual,13990,Valencia,46001,Valencia,Valencia
KIA,Stonic,Gasolina,44000.0,120.0,automatic,17900,Arroyo de La Miel,29631,Málaga,Arroyo de La Miel
Peugeot,407,Gasolina,155100.0,136.0,manual,3300,Málaga,29004,Málaga,Málaga
Opel,Corsa,Gasolina,2000.0,100.0,manual,19600,Ajalvir,28864,Madrid,Ajalvir
Opel,Corsa,Gasolina,34266.0,90.0,manual,13570,Zaragoza,50013,Zaragoza,Zaragoza
Opel,Corsa,Gasolina,87800.0,75.0,manual,13900,O Porriño,36400,Pontevedra,O Porriño
Opel,Corsa,Gasolina,34266.0,90.0,manual,13570,Mercado Parque Corredor del Henares,28850,Madrid,Mercado Parque Corredor del Henares
Opel,Corsa,Gasolina,34266.0,90.0,manual,13570,Santa Maria del Aguila,4710,Almería,Santa Maria del Aguila
Opel,Corsa,Gasolina,34266.0,90.0,manual,13570,Alcalá de Guadaíra,41500,Sevilla,Alcalá de Guadaíra
Opel,Corsa,Gasolina,10000.0,100.0,automatic,15990,Sevilla,41005,Sevilla,Sevilla
Opel,Corsa,Gasolina,68080.0,90.0,manual,8990,Sevilla,41005,Sevilla,Sevilla
Opel,Corsa,Gasolina,114668.0,90.0,manual,7900,Sevilla,41005,Sevilla,Sevilla
Opel,Corsa,Gasolina,34266.0,90.0,manual,13570,Mercabilbao,48970,Bizkaia,Mercabilbao
Opel,Corsa,Gasolina,34266.0,90.0,manual,13570,Saladar,3700,Alicante,Saladar
Opel,Corsa,Gasolina,34266.0,90.0,manual,13570,Puerto de Sagunto,46520,Valencia,Puerto de Sagunto
Opel,Corsa,Diésel,98721.0,75.0,manual,9500,Zaragoza,50003,Zaragoza,Zaragoza
Opel,Corsa,Diésel,98721.0,75.0,manual,8900,Zaragoza,50003,Zaragoza,Zaragoza
Opel,Corsa,Gasolina,68080.0,90.0,manual,8990,Almería,4006,Almería,Almería
Opel,Corsa,Gasolina,114668.0,90.0,manual,7900,Almería,4006,Almería,Almería
Opel,Corsa,Gasolina,68080.0,90.0,manual,8990,Vigo,36211,Pontevedra,Vigo
Opel,Corsa,Gasolina,114668.0,90.0,manual,7900,Vigo,36211,Pontevedra,Vigo
Opel,Corsa,Gasolina,34266.0,90.0,manual,13570,Estepona,29680,Málaga,Estepona
Opel,Corsa,Gasolina,34266.0,90.0,manual,13570,Badajoz,6008,Badajoz,Badajoz
Opel,Corsa,Gasolina,10000.0,100.0,automatic,15990,Valencia,46001,Valencia,Valencia
Opel,Corsa,Gasolina,68080.0,90.0,manual,8990,Jaén,23008,Jaén,Jaén
Opel,Corsa,Gasolina,114668.0,90.0,manual,7900,Jaén,23008,Jaén,Jaén
Opel,Corsa,Gasolina,34266.0,90.0,manual,13570,Santafe,18320,Granada,Santafe
Opel,Corsa,Gasolina,34266.0,90.0,manual,13570,Valdepeñas,13300,Ciudad Real,Valdepeñas
Opel,Corsa,Gasolina,34266.0,90.0,manual,13570,Valdepeñas,13300,Ciudad Real,Valdepeñas
Opel,Corsa,Gasolina,10000.0,100.0,automatic,15990,Málaga,29005,Málaga,Málaga
Opel,Corsa,Gasolina,68080.0,90.0,manual,8990,Murcia,30005,Murcia,Murcia
Opel,Corsa,Gasolina,114668.0,90.0,manual,7900,Murcia,30005,Murcia,Murcia
Opel,Corsa,Gasolina,68080.0,90.0,manual,8990,Valencia,46001,Valencia,Valencia
Opel,Corsa,Gasolina,114668.0,90.0,manual,7900,Valencia,46001,Valencia,Valencia
Opel,Corsa,Gasolina,10000.0,100.0,automatic,15990,Urbanizacion La Granjilla,28700,Madrid,Urbanizacion La Granjilla
Opel,Corsa,Gasolina,68080.0,90.0,manual,8990,Málaga,29005,Málaga,Málaga
Opel,Corsa,Gasolina,114668.0,90.0,manual,7900,Málaga,29005,Málaga,Málaga
Opel,Corsa,Gasolina,68080.0,90.0,manual,8990,Granada,18005,Granada,Granada
Opel,Corsa,Gasolina,114668.0,90.0,manual,7900,Granada,18005,Granada,Granada
Opel,Corsa,Gasolina,34266.0,90.0,manual,13570,Granollers,8403,Barcelona,Granollers
Opel,Corsa,Diésel,98721.0,75.0,manual,9500,Barcelona,8008,Barcelona,Barcelona
Opel,Corsa,Diésel,98721.0,75.0,manual,8900,Barcelona,8008,Barcelona,Barcelona
Opel,Corsa,Gasolina,34266.0,90.0,manual,13570,Vigo,36214,Pontevedra,Vigo
Opel,Corsa,Gasolina,34266.0,90.0,manual,13570,Murcia,30003,Murcia,Murcia
Opel,Corsa,Gasolina,68080.0,90.0,manual,8990,Bilbao,48004,Bizkaia,Bilbao
Opel,Corsa,Gasolina,68080.0,90.0,manual,8990,Alicante,3010,Alicante,Alicante
Opel,Corsa,Gasolina,68080.0,90.0,manual,8990,Alicante,3010,Murcia,Alicante
Opel,Corsa,Gasolina,114668.0,90.0,manual,7900,Alicante,3010,Alicante,Alicante
Opel,Corsa,Gasolina,114668.0,90.0,manual,7900,Alicante,3010,Murcia,Alicante
Opel,Corsa,Gasolina,114668.0,90.0,manual,7900,Bilbao,48004,Bizkaia,Bilbao
Opel,Corsa,Gasolina,34266.0,90.0,manual,13570,Olèrdola,8734,Barcelona,Olèrdola
Opel,Corsa,Gasolina,34266.0,90.0,manual,13570,Olèrdola,8734,Barcelona,Olèrdola
Opel,Corsa,Diésel,98721.0,75.0,manual,9500,Santander,39002,Cantabria,Santander
Opel,Corsa,Diésel,98721.0,75.0,manual,8900,Santander,39002,Cantabria,Santander
Opel,Corsa,Gasolina,34266.0,90.0,manual,13570,Sant Vicenç de Montalt,8394,Barcelona,Sant Vicenç de Montalt
Opel,Corsa,Gasolina,10000.0,100.0,automatic,15990,Villaviciosa de Odón,28670,Madrid,Villaviciosa de Odón
Opel,Corsa,Diésel,98721.0,75.0,manual,9500,Almería,4001,Almería,Almería
Opel,Corsa,Diésel,98721.0,75.0,manual,8900,Almería,4001,Almería,Almería
Opel,Corsa,Diésel,98721.0,75.0,manual,9500,Granada,18002,Granada,Granada
Opel,Corsa,Diésel,98721.0,75.0,manual,8900,Granada,18002,Granada,Granada
Opel,Corsa,Diésel,98721.0,75.0,manual,9500,Urbanitzacio El Medol,43150,Tarragona,Urbanitzacio El Medol
Opel,Corsa,Diésel,98721.0,75.0,manual,8900,Urbanitzacio El Medol,43150,Tarragona,Urbanitzacio El Medol
Opel,Corsa,Diésel,98721.0,75.0,manual,9500,Madrid,28013,Madrid,Madrid
Opel,Corsa,Diésel,98721.0,75.0,manual,8900,Madrid,28013,Madrid,Madrid
Opel,Corsa,Diésel,98721.0,75.0,manual,9500,Huelva,21004,Huelva,Huelva
Opel,Corsa,Diésel,98721.0,75.0,manual,8900,Huelva,21004,Huelva,Huelva
Opel,Corsa,Diésel,98721.0,75.0,manual,9500,Donostia-San Sebastián,20005,Gipuzkoa,Donostia-San Sebastián
Opel,Corsa,Diésel,98721.0,75.0,manual,8900,Donostia-San Sebastián,20005,Gipuzkoa,Donostia-San Sebastián
Opel,Corsa,Gasolina,34266.0,90.0,manual,13570,Ciudad Real,13003,Ciudad Real,Ciudad Real
Opel,Corsa,Gasolina,34266.0,90.0,manual,13570,Santiago de Compostela,15703,A Coruña,Santiago de Compostela
Opel,Corsa,Gasolina,34266.0,90.0,manual,13570,Albacete,2001,Albacete,Albacete
Opel,Corsa,Gasolina,34266.0,90.0,manual,13570,Alzira,46600,Valencia,Alzira
Opel,Corsa,Gasolina,34266.0,90.0,manual,13570,Alzira,46600,Valencia,Alzira
Opel,Corsa,Gasolina,34266.0,90.0,manual,13570,Castello/Castellon de La Plana,12100,Castellón,Castello/Castellon de La Plana
Opel,Corsa,Gasolina,34266.0,90.0,manual,13570,Alicante,3007,Alicante,Alicante
Opel,Corsa,Gasolina,34266.0,90.0,manual,13570,Hidraulica Santillana,28770,Madrid,Hidraulica Santillana
Opel,Corsa,Gasolina,34266.0,90.0,manual,13570,Colonia Pablo Iglesias,28520,Madrid,Colonia Pablo Iglesias
Opel,Corsa,Gasolina,34266.0,90.0,manual,13570,Las Rozas de Madrid,28232,Madrid,Las Rozas de Madrid
Opel,Corsa,Gasolina,34266.0,90.0,manual,13570,Alameda del Obispo,14005,Córdoba,Alameda del Obispo
Opel,Corsa,Gasolina,34266.0,90.0,manual,13570,Torremolinos,29620,Málaga,Torremolinos
Opel,Corsa,Gasolina,34266.0,90.0,manual,13570,Torremolinos,29620,Málaga,Torremolinos
Opel,Corsa,Gasolina,34266.0,90.0,manual,13570,Torremolinos,29620,Málaga,Torremolinos
Opel,Corsa,Diésel,98721.0,75.0,manual,9500,Sevilla,41004,Sevilla,Sevilla
Opel,Corsa,Diésel,98721.0,75.0,manual,8900,Sevilla,41004,Sevilla,Sevilla
Opel,Corsa,Diésel,98721.0,75.0,manual,9500,Leganés,28914,Madrid,Leganés
Opel,Corsa,Diésel,98721.0,75.0,manual,8900,Leganés,28914,Madrid,Leganés
Opel,Corsa,Diésel,98721.0,75.0,manual,9500,Murcia,30001,Murcia,Murcia
Opel,Corsa,Diésel,98721.0,75.0,manual,8900,Murcia,30001,Murcia,Murcia
Opel,Corsa,Diésel,98721.0,75.0,manual,9500,Leganés,28911,Madrid,Leganés
Opel,Corsa,Diésel,98721.0,75.0,manual,8900,Leganés,28911,Madrid,Leganés
Opel,Corsa,Diésel,98721.0,75.0,manual,9500,Valencia,46003,Valencia,Valencia
Opel,Corsa,Diésel,98721.0,75.0,manual,8900,Valencia,46003,Valencia,Valencia
Opel,Corsa,Diésel,98721.0,75.0,manual,9500,Sabadell,8203,Barcelona,Sabadell
Opel,Corsa,Diésel,98721.0,75.0,manual,8900,Sabadell,8203,Barcelona,Sabadell
Opel,Corsa,Diésel,98721.0,75.0,manual,9500,Toledo,45002,Toledo,Toledo
Opel,Corsa,Diésel,98721.0,75.0,manual,8900,Toledo,45002,Toledo,Toledo
Opel,Corsa,Diésel,98721.0,75.0,manual,9500,Alcalá de Henares,28801,Madrid,Alcalá de Henares
Opel,Corsa,Diésel,98721.0,75.0,manual,8900,Alcalá de Henares,28801,Madrid,Alcalá de Henares
Opel,Corsa,Diésel,98721.0,75.0,manual,9500,Alcobendas,28100,Madrid,Alcobendas
Opel,Corsa,Diésel,98721.0,75.0,manual,8900,Alcobendas,28100,Madrid,Alcobendas
Opel,Corsa,Diésel,98721.0,75.0,manual,9500,Barcelona,8013,Barcelona,Barcelona
Opel,Corsa,Diésel,98721.0,75.0,manual,8900,Barcelona,8013,Barcelona,Barcelona
Opel,Corsa,Diésel,98721.0,75.0,manual,9500,Valladolid,47004,Valladolid,Valladolid
Opel,Corsa,Diésel,98721.0,75.0,manual,8900,Valladolid,47004,Valladolid,Valladolid
Opel,Corsa,Diésel,98721.0,75.0,manual,9500,San Sebastián de Los Reyes,28700,Madrid,San Sebastián de Los Reyes
Opel,Corsa,Diésel,98721.0,75.0,manual,8900,San Sebastián de Los Reyes,28700,Madrid,San Sebastián de Los Reyes
Opel,Corsa,Diésel,98721.0,75.0,manual,9500,Viladecans,8840,Barcelona,Viladecans
Opel,Corsa,Diésel,98721.0,75.0,manual,8900,Viladecans,8840,Barcelona,Viladecans
Opel,Corsa,Diésel,98721.0,75.0,manual,9500,Móstoles,28931,Madrid,Móstoles
Opel,Corsa,Diésel,98721.0,75.0,manual,8900,Móstoles,28931,Madrid,Móstoles
Opel,Corsa,Gasolina,95000.0,90.0,manual,9990,Jerez de la Frontera,11401,Cádiz,Jerez de la Frontera
Opel,Corsa,Diésel,140000.0,85.0,manual,4990,Marbella,29601,Málaga,Marbella
Opel,Corsa,Gasolina,139000.0,90.0,manual,6900,Santa Coloma de Gramenet,8922,Barcelona,Santa Coloma de Gramenet
Opel,Corsa,Gasolina,88000.0,80.0,manual,4500,Valencia,46018,Valencia,Valencia
Opel,Corsa,Diésel,188000.0,75.0,manual,5490,Massanassa,46470,Valencia,Massanassa
Opel,Corsa,Diésel,188000.0,75.0,manual,5490,Massanassa,46470,Valencia,Massanassa
Opel,Corsa,Diésel,188000.0,75.0,manual,5490,Massanassa,46470,Valencia,Massanassa
Opel,Corsa,Diésel,188000.0,75.0,manual,5490,Massanassa,46470,Valencia,Massanassa
Opel,Corsa,Gasolina,12700.0,102.0,manual,17900,Bétera,46117,Valencia,Bétera
Opel,Corsa,Diésel,65565.0,75.0,manual,8490,Bormujos,41840,Sevilla,Bormujos
Opel,Corsa,Diésel,65565.0,75.0,manual,142,Bormujos,41840,Sevilla,Bormujos
Opel,Corsa,Gasolina,34038.0,100.0,manual,16400,Santa Coloma de Gramenet,8921,Barcelona,Santa Coloma de Gramenet
Opel,Corsa,Gasolina,13000.0,100.0,manual,18600,Santa Coloma de Gramenet,8921,Barcelona,Santa Coloma de Gramenet
Opel,Corsa,Diésel,25500.0,102.0,manual,16400,Santa Coloma de Gramenet,8921,Barcelona,Santa Coloma de Gramenet
Opel,Corsa,Diésel,1.0,102.0,manual,19656,Santa Coloma de Gramenet,8921,Barcelona,Santa Coloma de Gramenet
Opel,Corsa,Gasolina,48000.0,90.0,manual,10900,Santa Coloma de Gramenet,8921,Barcelona,Santa Coloma de Gramenet
Opel,Corsa,Gasolina,68626.0,90.0,manual,11000,Santa Coloma de Gramenet,8921,Barcelona,Santa Coloma de Gramenet
Opel,Corsa,Gasolina,62144.0,90.0,manual,12900,Santa Coloma de Gramenet,8921,Barcelona,Santa Coloma de Gramenet
Opel,Corsa,Diésel,10296.0,102.0,manual,17300,Santa Coloma de Gramenet,8921,Barcelona,Santa Coloma de Gramenet
Opel,Corsa,Gasolina,25324.0,100.0,manual,16300,Santa Coloma de Gramenet,8921,Barcelona,Santa Coloma de Gramenet
Opel,Corsa,Gasolina,53947.0,100.0,manual,16000,Santa Coloma de Gramenet,8921,Barcelona,Santa Coloma de Gramenet
Opel,Corsa,Gasolina,37107.0,100.0,manual,17100,Santa Coloma de Gramenet,8921,Barcelona,Santa Coloma de Gramenet
Opel,Corsa,Gasolina,52986.0,100.0,manual,16100,Santa Coloma de Gramenet,8921,Barcelona,Santa Coloma de Gramenet
Opel,Corsa,Gasolina,44849.0,100.0,manual,16400,Santa Coloma de Gramenet,8921,Barcelona,Santa Coloma de Gramenet
Opel,Corsa,Diésel,32554.0,102.0,manual,17400,Santa Coloma de Gramenet,8921,Barcelona,Santa Coloma de Gramenet
Opel,Corsa,Gasolina,56550.0,100.0,manual,16100,Santa Coloma de Gramenet,8921,Barcelona,Santa Coloma de Gramenet
Opel,Corsa,Gasolina,26907.0,100.0,automatic,19000,Santa Coloma de Gramenet,8921,Barcelona,Santa Coloma de Gramenet
Opel,Corsa,Diésel,35878.0,102.0,manual,17300,Santa Coloma de Gramenet,8921,Barcelona,Santa Coloma de Gramenet
Opel,Corsa,Gasolina,29658.0,100.0,manual,16400,Santa Coloma de Gramenet,8921,Barcelona,Santa Coloma de Gramenet
Opel,Corsa,Gasolina,24122.0,100.0,manual,16500,Santa Coloma de Gramenet,8921,Barcelona,Santa Coloma de Gramenet
Opel,Corsa,Gasolina,35000.0,90.0,automatic,14300,Santa Coloma de Gramenet,8921,Barcelona,Santa Coloma de Gramenet
Opel,Corsa,Gasolina,23147.0,100.0,manual,17100,Santa Coloma de Gramenet,8921,Barcelona,Santa Coloma de Gramenet
Opel,Corsa,Gasolina,43753.0,100.0,manual,17100,Santa Coloma de Gramenet,8921,Barcelona,Santa Coloma de Gramenet
Opel,Corsa,Gasolina,35736.0,100.0,manual,17100,Santa Coloma de Gramenet,8921,Barcelona,Santa Coloma de Gramenet
Opel,Corsa,Gasolina,33154.0,100.0,manual,17400,Santa Coloma de Gramenet,8921,Barcelona,Santa Coloma de Gramenet
Opel,Corsa,Gasolina,20801.0,100.0,manual,18300,Fornells de la Selva,17458,Girona,Fornells de la Selva
Opel,Corsa,Gasolina,21630.0,100.0,manual,18300,Fornells de la Selva,17458,Girona,Fornells de la Selva
Opel,Corsa,Gasolina,20023.0,100.0,manual,18300,Fornells de la Selva,17458,Girona,Fornells de la Selva
Opel,Corsa,Diésel,47519.0,102.0,manual,17200,Santa Coloma de Gramenet,8921,Barcelona,Santa Coloma de Gramenet
Opel,Corsa,Gasolina,31332.0,100.0,manual,17900,Santa Coloma de Gramenet,8921,Barcelona,Santa Coloma de Gramenet
Opel,Corsa,Gasolina,34038.0,100.0,manual,16400,Fornells de la Selva,17458,Girona,Fornells de la Selva
Opel,Corsa,Gasolina,70008.0,100.0,manual,11900,Fornells de la Selva,17458,Girona,Fornells de la Selva
Opel,Corsa,Gasolina,64011.0,90.0,manual,12900,Fornells de la Selva,17458,Girona,Fornells de la Selva
Lexus,IS,Eléctrico,143696.0,223.0,automatic,20130,Vigo,36214,Pontevedra,Vigo
Lexus,IS,Eléctrico,143696.0,223.0,automatic,20130,Mercado Parque Corredor del Henares,28850,Madrid,Mercado Parque Corredor del Henares
Lexus,IS,Eléctrico,143696.0,223.0,automatic,20130,Colonia Pablo Iglesias,28520,Madrid,Colonia Pablo Iglesias
Lexus,IS,Eléctrico,143696.0,223.0,automatic,20130,Sant Vicenç de Montalt,8394,Barcelona,Sant Vicenç de Montalt
Lexus,IS,Eléctrico,143696.0,223.0,automatic,20130,Estepona,29680,Málaga,Estepona
Lexus,IS,Eléctrico,143696.0,223.0,automatic,20130,Murcia,30003,Murcia,Murcia
Lexus,IS,Eléctrico,143696.0,223.0,automatic,20130,Saladar,3700,Alicante,Saladar
Lexus,IS,Eléctrico,143696.0,223.0,automatic,20130,Granollers,8403,Barcelona,Granollers
Lexus,IS,Eléctrico,143696.0,223.0,automatic,20130,Ciudad Real,13003,Ciudad Real,Ciudad Real
Lexus,IS,Eléctrico,143696.0,223.0,automatic,20130,Valdepeñas,13300,Ciudad Real,Valdepeñas
Lexus,IS,Eléctrico,143696.0,223.0,automatic,20130,Valdepeñas,13300,Ciudad Real,Valdepeñas
Lexus,IS,Eléctrico,143696.0,223.0,automatic,20130,Badajoz,6008,Badajoz,Badajoz
Lexus,IS,Eléctrico,143696.0,223.0,automatic,20130,Barcelona,8007,Barcelona,Barcelona
Lexus,IS,Eléctrico,143696.0,223.0,automatic,20130,Olèrdola,8734,Barcelona,Olèrdola
Lexus,IS,Eléctrico,143696.0,223.0,automatic,20130,Olèrdola,8734,Barcelona,Olèrdola
Lexus,IS,Eléctrico,143696.0,223.0,automatic,20130,Santa Maria del Aguila,4710,Almería,Santa Maria del Aguila
Lexus,IS,Eléctrico,143696.0,223.0,automatic,20130,Las Rozas de Madrid,28232,Madrid,Las Rozas de Madrid
Lexus,IS,Eléctrico,143696.0,223.0,automatic,20130,Zaragoza,50013,Zaragoza,Zaragoza
Lexus,IS,Eléctrico,143696.0,223.0,automatic,20130,Paterna,46980,Valencia,Paterna
Lexus,IS,Eléctrico,143696.0,223.0,automatic,20130,Puerto de Sagunto,46520,Valencia,Puerto de Sagunto
Lexus,IS,Eléctrico,143696.0,223.0,automatic,20130,Atarrabia,31610,Navarra,Atarrabia
Lexus,IS,Eléctrico,143696.0,223.0,automatic,20130,Mercabilbao,48970,Bizkaia,Mercabilbao
Lexus,IS,Eléctrico,143696.0,223.0,automatic,20130,Albacete,2001,Albacete,Albacete
Lexus,IS,Eléctrico,143696.0,223.0,automatic,20130,Alicante,3007,Alicante,Alicante
Lexus,IS,Eléctrico,143696.0,223.0,automatic,20130,Getafe,28906,Madrid,Getafe
Lexus,IS,Eléctrico,143696.0,223.0,automatic,20130,Alameda del Obispo,14005,Córdoba,Alameda del Obispo
Lexus,IS,Eléctrico,143696.0,223.0,automatic,20130,Santiago de Compostela,15703,A Coruña,Santiago de Compostela
Lexus,IS,Eléctrico,143696.0,223.0,automatic,20130,Torremolinos,29620,Málaga,Torremolinos
Lexus,IS,Eléctrico,143696.0,223.0,automatic,20130,Torremolinos,29620,Málaga,Torremolinos
Lexus,IS,Eléctrico,143696.0,223.0,automatic,20130,Torremolinos,29620,Málaga,Torremolinos
Lexus,IS,Diésel,153000.0,177.0,manual,6850,Torrefarrera,25123,Lleida,Torrefarrera
Lexus,IS,Eléctrico,106000.0,223.0,automatic,20490,Barcelona,8007,Barcelona,Barcelona
Mazda,CX-5,Diésel,138020.0,150.0,automatic,15389,Zaragoza,50013,Zaragoza,Zaragoza
Mazda,CX-5,Gasolina,39104.0,194.0,automatic,26900,Zaragoza,50013,Zaragoza,Zaragoza
Mazda,CX-5,Diésel,90150.0,150.0,manual,17900,Fornells de la Selva,17458,Girona,Fornells de la Selva
Mazda,CX-5,Diésel,138020.0,150.0,automatic,15389,Mercado Parque Corredor del Henares,28850,Madrid,Mercado Parque Corredor del Henares
Mazda,CX-5,Gasolina,39104.0,194.0,automatic,26900,Mercado Parque Corredor del Henares,28850,Madrid,Mercado Parque Corredor del Henares
Mazda,CX-5,Diésel,138020.0,150.0,automatic,15389,Santa Maria del Aguila,4710,Almería,Santa Maria del Aguila
Mazda,CX-5,Diésel,138020.0,150.0,automatic,15389,Alcalá de Guadaíra,41500,Sevilla,Alcalá de Guadaíra
Mazda,CX-5,Gasolina,39104.0,194.0,automatic,26900,Santa Maria del Aguila,4710,Almería,Santa Maria del Aguila
Mazda,CX-5,Gasolina,39104.0,194.0,automatic,26900,Alcalá de Guadaíra,41500,Sevilla,Alcalá de Guadaíra
Mazda,CX-5,Diésel,177525.0,150.0,manual,13990,Sevilla,41005,Sevilla,Sevilla
Mazda,CX-5,Diésel,12000.0,150.0,manual,33990,Sevilla,41005,Sevilla,Sevilla
Mazda,CX-5,Gasolina,54075.0,165.0,manual,21990,Sevilla,41005,Sevilla,Sevilla
Mazda,CX-5,Diésel,138020.0,150.0,automatic,15389,Mercabilbao,48970,Bizkaia,Mercabilbao
Mazda,CX-5,Diésel,138020.0,150.0,automatic,15389,Paterna,46980,Valencia,Paterna
Mazda,CX-5,Gasolina,39104.0,194.0,automatic,26900,Mercabilbao,48970,Bizkaia,Mercabilbao
Mazda,CX-5,Gasolina,39104.0,194.0,automatic,26900,Paterna,46980,Valencia,Paterna
Mazda,CX-5,Diésel,138020.0,150.0,automatic,15389,Saladar,3700,Alicante,Saladar
Mazda,CX-5,Diésel,138020.0,150.0,automatic,15389,Puerto de Sagunto,46520,Valencia,Puerto de Sagunto
Mazda,CX-5,Gasolina,39104.0,194.0,automatic,26900,Saladar,3700,Alicante,Saladar
Mazda,CX-5,Gasolina,39104.0,194.0,automatic,26900,Puerto de Sagunto,46520,Valencia,Puerto de Sagunto
Mazda,CX-5,Diésel,12000.0,150.0,manual,33990,Almería,4006,Almería,Almería
Mazda,CX-5,Gasolina,54075.0,165.0,manual,21990,Almería,4006,Almería,Almería
Mazda,CX-5,Diésel,12000.0,150.0,manual,33990,Vigo,36211,Pontevedra,Vigo
Mazda,CX-5,Gasolina,54075.0,165.0,manual,21990,Vigo,36211,Pontevedra,Vigo
Mazda,CX-5,Diésel,138020.0,150.0,automatic,15389,Estepona,29680,Málaga,Estepona
Mazda,CX-5,Diésel,138020.0,150.0,automatic,15389,Badajoz,6008,Badajoz,Badajoz
Mazda,CX-5,Diésel,177525.0,150.0,manual,13990,Valencia,46001,Valencia,Valencia
Mazda,CX-5,Gasolina,39104.0,194.0,automatic,26900,Estepona,29680,Málaga,Estepona
Mazda,CX-5,Diésel,138020.0,150.0,automatic,15389,Santafe,18320,Granada,Santafe
Mazda,CX-5,Diésel,138020.0,150.0,automatic,15389,Valdepeñas,13300,Ciudad Real,Valdepeñas
Mazda,CX-5,Diésel,138020.0,150.0,automatic,15389,Valdepeñas,13300,Ciudad Real,Valdepeñas
Mazda,CX-5,Diésel,12000.0,150.0,manual,33990,Murcia,30005,Murcia,Murcia
Mazda,CX-5,Gasolina,54075.0,165.0,manual,21990,Murcia,30005,Murcia,Murcia
Mazda,CX-5,Diésel,177525.0,150.0,manual,13990,Málaga,29005,Málaga,Málaga
Mitsubishi,Eclipse Cross,Gasolina,42081.0,163.0,manual,22137,Las Rozas de Madrid,28232,Madrid,Las Rozas de Madrid
Mitsubishi,Eclipse Cross,Gasolina,42081.0,163.0,manual,22137,Paterna,46980,Valencia,Paterna
Mitsubishi,Eclipse Cross,Gasolina,42081.0,163.0,manual,22137,Santafe,18320,Granada,Santafe
Mitsubishi,Eclipse Cross,Gasolina,42081.0,163.0,manual,22137,Zaragoza,50013,Zaragoza,Zaragoza
Mitsubishi,Eclipse Cross,Gasolina,42081.0,163.0,manual,22137,Puerto de Sagunto,46520,Valencia,Puerto de Sagunto
Mitsubishi,Eclipse Cross,Gasolina,42081.0,163.0,manual,22137,Atarrabia,31610,Navarra,Atarrabia
Mitsubishi,Eclipse Cross,Gasolina,42081.0,163.0,manual,22137,Mercabilbao,48970,Bizkaia,Mercabilbao
Mitsubishi,Eclipse Cross,Gasolina,42081.0,163.0,manual,22137,Alcalá de Guadaíra,41500,Sevilla,Alcalá de Guadaíra
Peugeot,Partner,Diésel,190006.0,90.0,manual,8500,Granja de Rocamora,3348,Alicante,Granja de Rocamora
Peugeot,Partner,Gasolina,112000.0,110.0,manual,16900,Valdemoro,28340,Madrid,Valdemoro
Peugeot,Partner,Diésel,104686.0,98.0,manual,16675,Santa Maria del Aguila,4710,Almería,Santa Maria del Aguila
Peugeot,Partner,Gasolina,60567.0,110.0,manual,17099,Barcelona,8007,Barcelona,Barcelona
Peugeot,Partner,Gasolina,60567.0,110.0,manual,17099,Madrid,28014,Madrid,Madrid
Peugeot,Partner,Gasolina,25862.0,110.0,manual,17099,Barcelona,8007,Barcelona,Barcelona
Peugeot,Partner,Gasolina,25862.0,110.0,manual,17099,Madrid,28014,Madrid,Madrid
Peugeot,Partner,Diésel,104686.0,98.0,manual,16675,Sant Vicenç de Montalt,8394,Barcelona,Sant Vicenç de Montalt
Peugeot,Partner,Diésel,99000.0,75.0,manual,9800,Córdoba,14007,Córdoba,Córdoba
Peugeot,Partner,Diésel,290000.0,90.0,manual,3999,Sabadell,8203,Barcelona,Sabadell
Peugeot,Partner,Diésel,159600.0,75.0,manual,8590,Castello/Castellon de La Plana,12100,Castellón,Castello/Castellon de La Plana
Peugeot,Partner,Diésel,164500.0,75.0,manual,7900,Móra d'Ebre,43740,Tarragona,Móra d'Ebre
Peugeot,Partner,Diésel,183343.0,92.0,manual,6900,Mataró,8303,Barcelona,Mataró
Peugeot,307,Gasolina,181000.0,138.0,manual,4290,Tordera,8490,Barcelona,Tordera
Peugeot,307,Diésel,289500.0,90.0,manual,2790,Castello/Castellon de La Plana,12100,Castellón,Castello/Castellon de La Plana
Peugeot,307,Diésel,230000.0,110.0,manual,3999,Arbuio,48810,Bizkaia,Arbuio
Peugeot,307,Diésel,280000.0,136.0,manual,1850,Mataró,8301,Barcelona,Mataró
Peugeot,307,Gasolina,118000.0,110.0,manual,5499,Santa Pola,3130,Alicante,Santa Pola
Peugeot,307,Diésel,190000.0,110.0,manual,2999,Logroño,26001,La Rioja,Logroño
Mitsubishi,Outlander,Eléctrico,39050.0,224.0,automatic,35075,Paterna,46980,Valencia,Paterna
Mitsubishi,Outlander,Eléctrico,39050.0,224.0,automatic,35075,Puerto de Sagunto,46520,Valencia,Puerto de Sagunto
Mitsubishi,Outlander,Eléctrico,39050.0,224.0,automatic,35075,Getafe,28906,Madrid,Getafe
Mitsubishi,Outlander,Eléctrico,39050.0,224.0,automatic,35075,Mercabilbao,48970,Bizkaia,Mercabilbao
Nissan,Qashqai,Diésel,270000.0,106.0,manual,7900,Elx/Elche,3204,Alicante,Elx/Elche
Nissan,Qashqai,Diésel,176031.0,110.0,manual,12900,Sevilla,41005,Sevilla,Sevilla
Nissan,Qashqai,Diésel,159990.0,130.0,manual,13900,Sevilla,41005,Sevilla,Sevilla
Nissan,Qashqai,Diésel,187269.0,110.0,manual,12700,Madrid,28014,Madrid,Madrid
Nissan,Qashqai,Diésel,176031.0,110.0,manual,12900,Madrid,28014,Madrid,Madrid
Nissan,Qashqai,Diésel,159990.0,130.0,manual,13900,Madrid,28014,Madrid,Madrid
Nissan,Qashqai,Gasolina,51431.0,140.0,manual,18990,Madrid,28021,Madrid,Madrid
Nissan,Qashqai,Diésel,58602.0,150.0,manual,21990,Madrid,28021,Madrid,Madrid
Nissan,Qashqai,Diésel,95640.0,110.0,manual,14890,Madrid,28021,Madrid,Madrid
Nissan,Qashqai,Gasolina,60934.0,140.0,manual,20125,Collado Villalba,28400,Madrid,Collado Villalba
Nissan,Qashqai,Gasolina,60934.0,140.0,manual,20125,Collado Villalba,28400,Madrid,Collado Villalba
Nissan,Qashqai,Diésel,56229.0,110.0,manual,20182,Collado Villalba,28400,Madrid,Collado Villalba
Nissan,Qashqai,Diésel,56229.0,110.0,manual,20182,Collado Villalba,28400,Madrid,Collado Villalba
Nissan,Qashqai,Gasolina,60934.0,140.0,manual,20125,Vigo,36214,Pontevedra,Vigo
Nissan,Qashqai,Diésel,56229.0,110.0,manual,20182,Vigo,36214,Pontevedra,Vigo
Nissan,Qashqai,Diésel,187269.0,110.0,manual,12700,Badajoz,6008,Badajoz,Badajoz
Nissan,Qashqai,Diésel,176031.0,110.0,manual,12900,Badajoz,6008,Badajoz,Badajoz
Nissan,Qashqai,Diésel,159990.0,130.0,manual,13900,Badajoz,6008,Badajoz,Badajoz
Nissan,Qashqai,Diésel,187269.0,110.0,manual,12700,Almería,4001,Almería,Almería
Nissan,Qashqai,Diésel,176031.0,110.0,manual,12900,Almería,4001,Almería,Almería
Nissan,Qashqai,Diésel,159990.0,130.0,manual,13900,Almería,4001,Almería,Almería
Nissan,Qashqai,Diésel,187269.0,110.0,manual,12700,Cádiz,11006,Cádiz,Cádiz
Nissan,Qashqai,Diésel,176031.0,110.0,manual,12900,Cádiz,11006,Cádiz,Cádiz
Nissan,Qashqai,Diésel,159990.0,130.0,manual,13900,Cádiz,11006,Cádiz,Cádiz
Nissan,Qashqai,Diésel,74829.0,110.0,manual,11800,Mercado Parque Corredor del Henares,28850,Madrid,Mercado Parque Corredor del Henares
Nissan,Qashqai,Gasolina,60934.0,140.0,manual,20125,Mercado Parque Corredor del Henares,28850,Madrid,Mercado Parque Corredor del Henares
Nissan,Qashqai,Diésel,56229.0,110.0,manual,20182,Mercado Parque Corredor del Henares,28850,Madrid,Mercado Parque Corredor del Henares
Nissan,Qashqai,Diésel,74829.0,110.0,manual,11800,Colonia Pablo Iglesias,28520,Madrid,Colonia Pablo Iglesias
Nissan,Qashqai,Gasolina,60934.0,140.0,manual,20125,Colonia Pablo Iglesias,28520,Madrid,Colonia Pablo Iglesias
Nissan,Qashqai,Diésel,56229.0,110.0,manual,20182,Colonia Pablo Iglesias,28520,Madrid,Colonia Pablo Iglesias
Nissan,Qashqai,Diésel,74829.0,110.0,manual,11800,Sant Vicenç de Montalt,8394,Barcelona,Sant Vicenç de Montalt
Nissan,Qashqai,Gasolina,60934.0,140.0,manual,20125,Sant Vicenç de Montalt,8394,Barcelona,Sant Vicenç de Montalt
Nissan,Qashqai,Diésel,56229.0,110.0,manual,20182,Sant Vicenç de Montalt,8394,Barcelona,Sant Vicenç de Montalt
Nissan,Qashqai,Gasolina,60934.0,140.0,manual,20125,Estepona,29680,Málaga,Estepona
Nissan,Qashqai,Diésel,56229.0,110.0,manual,20182,Estepona,29680,Málaga,Estepona
Nissan,Qashqai,Gasolina,60934.0,140.0,manual,20125,Murcia,30003,Murcia,Murcia
Renault,Scenic,Gasolina,109000.0,140.0,automatic,18290,Ajalvir,28864,Madrid,Ajalvir
Renault,Scenic,Diésel,138898.0,105.0,manual,5990,Leganés,28915,Madrid,Leganés
Renault,Scenic,Diésel,138898.0,105.0,manual,5990,Parla,28700,Madrid,Parla
Renault,Scenic,Diésel,138898.0,105.0,manual,5990,Valencia,28943,Madrid,Valencia
Renault,Scenic,Gasolina,76427.0,140.0,manual,18630,Zaragoza,50013,Zaragoza,Zaragoza
Renault,Scenic,Diésel,138898.0,105.0,manual,5990,Alcorcón,28924,Madrid,Alcorcón
Renault,Scenic,Diésel,138898.0,105.0,manual,5990,Barcelona,8041,Barcelona,Barcelona
Renault,Scenic,Diésel,138898.0,105.0,manual,5990,Getafe,28903,Madrid,Getafe
Renault,Scenic,Diésel,138898.0,105.0,manual,5990,Murcia,30004,Murcia,Murcia
Renault,Scenic,Gasolina,76427.0,140.0,manual,18630,Mercado Parque Corredor del Henares,28850,Madrid,Mercado Parque Corredor del Henares
Renault,Scenic,Gasolina,76427.0,140.0,manual,18630,Santa Maria del Aguila,4710,Almería,Santa Maria del Aguila
Renault,Scenic,Gasolina,76427.0,140.0,manual,18630,Alcalá de Guadaíra,41500,Sevilla,Alcalá de Guadaíra
Renault,Scenic,Gasolina,76427.0,140.0,manual,18630,Mercabilbao,48970,Bizkaia,Mercabilbao
Renault,Scenic,Gasolina,76427.0,140.0,manual,18630,Paterna,46980,Valencia,Paterna
Renault,Scenic,Gasolina,76427.0,140.0,manual,18630,Saladar,3700,Alicante,Saladar
Renault,Scenic,Gasolina,76427.0,140.0,manual,18630,Puerto de Sagunto,46520,Valencia,Puerto de Sagunto
Renault,Scenic,Gasolina,76427.0,140.0,manual,18630,Estepona,29680,Málaga,Estepona
Renault,Scenic,Gasolina,76427.0,140.0,manual,18630,Badajoz,6008,Badajoz,Badajoz
Renault,Scenic,Gasolina,76427.0,140.0,manual,18630,Valdepeñas,13300,Ciudad Real,Valdepeñas
Renault,Scenic,Gasolina,76427.0,140.0,manual,18630,Valdepeñas,13300,Ciudad Real,Valdepeñas
Renault,Scenic,Gasolina,76427.0,140.0,manual,18630,Santafe,18320,Granada,Santafe
Renault,Scenic,Gasolina,76427.0,140.0,manual,18630,Granollers,8403,Barcelona,Granollers
Renault,Scenic,Gasolina,76427.0,140.0,manual,18630,Vigo,36214,Pontevedra,Vigo
Renault,Scenic,Gasolina,76427.0,140.0,manual,18630,Murcia,30003,Murcia,Murcia
Renault,Scenic,Gasolina,76427.0,140.0,manual,18630,Atarrabia,31610,Navarra,Atarrabia
Renault,Scenic,Gasolina,76427.0,140.0,manual,18630,Olèrdola,8734,Barcelona,Olèrdola
Renault,Scenic,Gasolina,76427.0,140.0,manual,18630,Olèrdola,8734,Barcelona,Olèrdola
Renault,Scenic,Gasolina,76427.0,140.0,manual,18630,Sant Vicenç de Montalt,8394,Barcelona,Sant Vicenç de Montalt
Renault,Scenic,Gasolina,76427.0,140.0,manual,18630,Ciudad Real,13003,Ciudad Real,Ciudad Real
Renault,Scenic,Gasolina,76427.0,140.0,manual,18630,Santiago de Compostela,15703,A Coruña,Santiago de Compostela
Renault,Scenic,Gasolina,76427.0,140.0,manual,18630,Alcobendas,28100,Madrid,Alcobendas
Renault,Scenic,Gasolina,76427.0,140.0,manual,18630,Hidraulica Santillana,28770,Madrid,Hidraulica Santillana
Renault,Scenic,Gasolina,76427.0,140.0,manual,18630,Albacete,2001,Albacete,Albacete
Renault,Scenic,Gasolina,76427.0,140.0,manual,18630,Alzira,46600,Valencia,Alzira
Renault,Scenic,Gasolina,76427.0,140.0,manual,18630,Alzira,46600,Valencia,Alzira
Renault,Scenic,Gasolina,76427.0,140.0,manual,18630,Castello/Castellon de La Plana,12100,Castellón,Castello/Castellon de La Plana
Renault,Scenic,Gasolina,76427.0,140.0,manual,18630,Alicante,3007,Alicante,Alicante
Renault,Scenic,Gasolina,76427.0,140.0,manual,18630,Colonia Pablo Iglesias,28520,Madrid,Colonia Pablo Iglesias
Renault,Scenic,Gasolina,76427.0,140.0,manual,18630,Las Rozas de Madrid,28232,Madrid,Las Rozas de Madrid
Renault,Scenic,Gasolina,76427.0,140.0,manual,18630,Alameda del Obispo,14005,Córdoba,Alameda del Obispo
Renault,Scenic,Gasolina,76427.0,140.0,manual,18630,Torremolinos,29620,Málaga,Torremolinos
Renault,Scenic,Gasolina,76427.0,140.0,manual,18630,Torremolinos,29620,Málaga,Torremolinos
Renault,Scenic,Gasolina,76427.0,140.0,manual,18630,Torremolinos,29620,Málaga,Torremolinos
Renault,Scenic,Gasolina,180000.0,130.0,manual,6990,Canovelles,8420,Barcelona,Canovelles
Renault,Scenic,Gasolina,71100.0,115.0,manual,16400,Fornells de la Selva,17458,Girona,Fornells de la Selva
Renault,Scenic,Diésel,209000.0,130.0,manual,5990,Elx/Elche,3296,Alicante,Elx/Elche
Renault,Scenic,Diésel,253000.0,130.0,manual,3499,Málaga,29004,Málaga,Málaga
Nissan,Micra,Diésel,62183.0,90.0,manual,14145,Vigo,36214,Pontevedra,Vigo
Nissan,Micra,Diésel,62183.0,90.0,manual,14145,Mercado Parque Corredor del Henares,28850,Madrid,Mercado Parque Corredor del Henares
Nissan,Micra,Diésel,62183.0,90.0,manual,14145,Colonia Pablo Iglesias,28520,Madrid,Colonia Pablo Iglesias
Nissan,Micra,Diésel,62183.0,90.0,manual,14145,Sant Vicenç de Montalt,8394,Barcelona,Sant Vicenç de Montalt
Nissan,Micra,Diésel,62183.0,90.0,manual,14145,Estepona,29680,Málaga,Estepona
Nissan,Micra,Diésel,62183.0,90.0,manual,14145,Murcia,30003,Murcia,Murcia
Nissan,Micra,Diésel,62183.0,90.0,manual,14145,Saladar,3700,Alicante,Saladar
Nissan,Micra,Diésel,62183.0,90.0,manual,14145,Granollers,8403,Barcelona,Granollers
Nissan,Micra,Diésel,62183.0,90.0,manual,14145,Ciudad Real,13003,Ciudad Real,Ciudad Real
Nissan,Micra,Diésel,62183.0,90.0,manual,14145,Valdepeñas,13300,Ciudad Real,Valdepeñas
Nissan,Micra,Diésel,62183.0,90.0,manual,14145,Valdepeñas,13300,Ciudad Real,Valdepeñas
Nissan,Micra,Diésel,62183.0,90.0,manual,14145,Badajoz,6008,Badajoz,Badajoz
Nissan,Micra,Gasolina,80866.0,73.0,manual,9390,Bilbao,48004,Bizkaia,Bilbao
Nissan,Micra,Gasolina,80866.0,73.0,manual,9390,Sevilla,41005,Sevilla,Sevilla
Nissan,Micra,Gasolina,80866.0,73.0,manual,9390,Almería,4006,Almería,Almería
Nissan,Micra,Gasolina,80866.0,73.0,manual,9390,Vigo,36211,Pontevedra,Vigo
Nissan,Micra,Gasolina,80866.0,73.0,manual,9390,Alicante,3010,Alicante,Alicante
Nissan,Micra,Gasolina,80866.0,73.0,manual,9390,Alicante,3010,Murcia,Alicante
Nissan,Micra,Diésel,62183.0,90.0,manual,14145,Barcelona,8007,Barcelona,Barcelona
Nissan,Micra,Gasolina,80866.0,73.0,manual,9390,Murcia,30005,Murcia,Murcia
Nissan,Micra,Gasolina,80866.0,73.0,manual,9390,Granada,18005,Granada,Granada
Nissan,Micra,Diésel,62183.0,90.0,manual,14145,Olèrdola,8734,Barcelona,Olèrdola
Nissan,Micra,Diésel,62183.0,90.0,manual,14145,Olèrdola,8734,Barcelona,Olèrdola
Nissan,Micra,Gasolina,80866.0,73.0,manual,9390,Málaga,29005,Málaga,Málaga
Nissan,Micra,Gasolina,80866.0,73.0,manual,9390,Valencia,46001,Valencia,Valencia
Nissan,Micra,Diésel,62183.0,90.0,manual,14145,Santa Maria del Aguila,4710,Almería,Santa Maria del Aguila
Nissan,Micra,Gasolina,80866.0,73.0,manual,9390,Oviedo,33003,Asturias,Oviedo
Nissan,Micra,Diésel,62183.0,90.0,manual,14145,Alzira,46600,Valencia,Alzira
Nissan,Micra,Diésel,62183.0,90.0,manual,14145,Alzira,46600,Valencia,Alzira
Nissan,Micra,Diésel,62183.0,90.0,manual,14145,Castello/Castellon de La Plana,12100,Castellón,Castello/Castellon de La Plana
Nissan,Micra,Diésel,62183.0,90.0,manual,14145,Albacete,2001,Albacete,Albacete
Nissan,Micra,Diésel,62183.0,90.0,manual,14145,Zaragoza,50013,Zaragoza,Zaragoza
Nissan,Micra,Diésel,62183.0,90.0,manual,14145,Alcalá de Guadaíra,41500,Sevilla,Alcalá de Guadaíra
Nissan,Micra,Diésel,62183.0,90.0,manual,14145,Alicante,3007,Alicante,Alicante
Nissan,Micra,Diésel,62183.0,90.0,manual,14145,Mercabilbao,48970,Bizkaia,Mercabilbao
Nissan,Micra,Diésel,62183.0,90.0,manual,14145,Santafe,18320,Granada,Santafe
Nissan,Micra,Diésel,62183.0,90.0,manual,14145,Puerto de Sagunto,46520,Valencia,Puerto de Sagunto
Nissan,Micra,Diésel,62183.0,90.0,manual,14145,Santiago de Compostela,15703,A Coruña,Santiago de Compostela
Nissan,Micra,Diésel,62183.0,90.0,manual,14145,Getafe,28906,Madrid,Getafe
Nissan,Micra,Diésel,62183.0,90.0,manual,14145,Alameda del Obispo,14005,Córdoba,Alameda del Obispo
Renault,Master,Diésel,129000.0,110.0,manual,20800,Trapaga-Causo,48510,Bizkaia,Trapaga-Causo
Renault,Master,Diésel,130000.0,110.0,manual,12500,Cerceda,28412,Madrid,Cerceda
Alfa Romeo,Spider,Diésel,116506.0,200.0,manual,12800,Alcalá de Guadaíra,41500,Sevilla,Alcalá de Guadaíra
Alfa Romeo,Spider,Diésel,116506.0,200.0,manual,12800,Castello/Castellon de La Plana,12100,Castellón,Castello/Castellon de La Plana
Alfa Romeo,Spider,Diésel,116506.0,200.0,manual,12800,Colonia Pablo Iglesias,28520,Madrid,Colonia Pablo Iglesias
Alfa Romeo,Spider,Diésel,116506.0,200.0,manual,12800,Paterna,46980,Valencia,Paterna
Nissan,Navara,Diésel,108804.0,231.0,automatic,26990,Granada,18005,Granada,Granada
Renault,Talisman,Diésel,83400.0,110.0,manual,17700,Trapaga-Causo,48510,Bizkaia,Trapaga-Causo
Renault,Talisman,Diésel,126000.0,130.0,manual,12990,Sevilla,41005,Sevilla,Sevilla
Renault,Talisman,Diésel,125927.0,160.0,automatic,16990,Sevilla,41005,Sevilla,Sevilla
Renault,Talisman,Diésel,125927.0,160.0,automatic,16990,Collado Villalba,28400,Madrid,Collado Villalba
Renault,Talisman,Diésel,125927.0,160.0,automatic,16990,Collado Villalba,28400,Madrid,Collado Villalba
Renault,Talisman,Diésel,125927.0,160.0,automatic,16990,Almería,4006,Almería,Almería
Renault,Talisman,Diésel,125927.0,160.0,automatic,16990,Vigo,36211,Pontevedra,Vigo
Renault,Talisman,Diésel,104000.0,110.0,manual,15190,Leganés,28916,Madrid,Leganés
Renault,Talisman,Diésel,126000.0,130.0,manual,12990,Valencia,46001,Valencia,Valencia
Renault,Talisman,Diésel,126000.0,130.0,manual,12990,Málaga,29005,Málaga,Málaga
Renault,Talisman,Diésel,125927.0,160.0,automatic,16990,Murcia,30005,Murcia,Murcia
Renault,Talisman,Diésel,125927.0,160.0,automatic,16990,Valencia,46001,Valencia,Valencia
Renault,Talisman,Diésel,125927.0,160.0,automatic,16990,Málaga,29005,Málaga,Málaga
Renault,Talisman,Diésel,125927.0,160.0,automatic,16990,Granada,18005,Granada,Granada
Renault,Talisman,Diésel,125927.0,160.0,automatic,16990,Urbanizacion La Granjilla,28700,Madrid,Urbanizacion La Granjilla
Renault,Talisman,Diésel,125927.0,160.0,automatic,16990,Toledo,45002,Toledo,Toledo
Renault,Talisman,Diésel,125927.0,160.0,automatic,16990,Las Rozas de Madrid,28232,Madrid,Las Rozas de Madrid
Renault,Talisman,Diésel,125927.0,160.0,automatic,16990,Alicante,3010,Alicante,Alicante
Renault,Talisman,Diésel,125927.0,160.0,automatic,16990,Alicante,3010,Murcia,Alicante
Renault,Talisman,Diésel,125927.0,160.0,automatic,16990,Bilbao,48004,Bizkaia,Bilbao
Renault,Talisman,Diésel,125927.0,160.0,automatic,16990,Colonia Pablo Iglesias,28520,Madrid,Colonia Pablo Iglesias
Renault,Talisman,Diésel,125927.0,160.0,automatic,16990,Fuenlabrada,28947,Madrid,Fuenlabrada
Renault,Talisman,Diésel,125927.0,160.0,automatic,16990,Camarma de Esteruelas,28816,Madrid,Camarma de Esteruelas
Renault,Talisman,Diésel,125927.0,160.0,automatic,16990,Camarma de Esteruelas,28816,Madrid,Camarma de Esteruelas
Renault,Talisman,Diésel,125927.0,160.0,automatic,16990,Villaviciosa de Odón,28670,Madrid,Villaviciosa de Odón
Renault,Talisman,Diésel,126000.0,130.0,manual,12990,Palau-Solita I Plegamans,8184,Barcelona,Palau-Solita I Plegamans
Renault,Talisman,Diésel,126000.0,130.0,manual,12990,Palau-Solita I Plegamans,8184,Barcelona,Palau-Solita I Plegamans
Renault,Talisman,Diésel,126000.0,130.0,manual,12990,Tarragona,43006,Tarragona,Tarragona
Renault,Talisman,Diésel,142241.0,160.0,automatic,15490,Fuenlabrada,28943,Madrid,Fuenlabrada
Nissan,X-Trail,Diésel,197767.0,130.0,manual,17200,Sevilla,41005,Sevilla,Sevilla
Nissan,X-Trail,Diésel,197767.0,130.0,manual,17200,Madrid,28014,Madrid,Madrid
Nissan,X-Trail,Diésel,120389.0,130.0,manual,19990,Madrid,28021,Madrid,Madrid
Nissan,X-Trail,Diésel,120389.0,130.0,manual,19690,Madrid,28021,Madrid,Madrid
Nissan,X-Trail,Diésel,64160.0,130.0,manual,22425,Collado Villalba,28400,Madrid,Collado Villalba
Nissan,X-Trail,Diésel,64160.0,130.0,manual,22425,Collado Villalba,28400,Madrid,Collado Villalba
Nissan,X-Trail,Diésel,64160.0,130.0,manual,22425,Vigo,36214,Pontevedra,Vigo
Nissan,X-Trail,Diésel,197767.0,130.0,manual,17200,Badajoz,6008,Badajoz,Badajoz
Nissan,X-Trail,Diésel,197767.0,130.0,manual,17200,Almería,4001,Almería,Almería
Nissan,X-Trail,Diésel,197767.0,130.0,manual,17200,Cádiz,11006,Cádiz,Cádiz
Nissan,X-Trail,Diésel,64160.0,130.0,manual,22425,Mercado Parque Corredor del Henares,28850,Madrid,Mercado Parque Corredor del Henares
Nissan,X-Trail,Diésel,64160.0,130.0,manual,22425,Colonia Pablo Iglesias,28520,Madrid,Colonia Pablo Iglesias
Nissan,X-Trail,Diésel,64160.0,130.0,manual,22425,Sant Vicenç de Montalt,8394,Barcelona,Sant Vicenç de Montalt
Nissan,X-Trail,Diésel,64160.0,130.0,manual,22425,Estepona,29680,Málaga,Estepona
Nissan,X-Trail,Diésel,64160.0,130.0,manual,22425,Murcia,30003,Murcia,Murcia
Nissan,X-Trail,Diésel,64160.0,130.0,manual,22425,Saladar,3700,Alicante,Saladar
Nissan,X-Trail,Diésel,64160.0,130.0,manual,22425,Granollers,8403,Barcelona,Granollers
Nissan,X-Trail,Diésel,73258.0,130.0,manual,23100,Valladolid,47004,Valladolid,Valladolid
Nissan,X-Trail,Diésel,64160.0,130.0,manual,22425,Ciudad Real,13003,Ciudad Real,Ciudad Real
Nissan,X-Trail,Diésel,64160.0,130.0,manual,22425,Valdepeñas,13300,Ciudad Real,Valdepeñas
Nissan,X-Trail,Diésel,64160.0,130.0,manual,22425,Valdepeñas,13300,Ciudad Real,Valdepeñas
Nissan,X-Trail,Diésel,73258.0,130.0,manual,23100,Sevilla,41004,Sevilla,Sevilla
Nissan,X-Trail,Diésel,73258.0,130.0,manual,23100,Barcelona,8008,Barcelona,Barcelona
Nissan,X-Trail,Diésel,64160.0,130.0,manual,22425,Badajoz,6008,Badajoz,Badajoz
Nissan,X-Trail,Diésel,73258.0,130.0,manual,23100,Viladecans,8840,Barcelona,Viladecans
Nissan,X-Trail,Diésel,64160.0,130.0,manual,22425,Barcelona,8007,Barcelona,Barcelona
Nissan,X-Trail,Diésel,64160.0,130.0,manual,22425,Olèrdola,8734,Barcelona,Olèrdola
Nissan,X-Trail,Diésel,64160.0,130.0,manual,22425,Olèrdola,8734,Barcelona,Olèrdola
Nissan,X-Trail,Diésel,73258.0,130.0,manual,23100,Urbanitzacio El Medol,43150,Tarragona,Urbanitzacio El Medol
Nissan,X-Trail,Diésel,73258.0,130.0,manual,23100,Granada,18002,Granada,Granada
Nissan,X-Trail,Diésel,64160.0,130.0,manual,22425,Santa Maria del Aguila,4710,Almería,Santa Maria del Aguila
Nissan,X-Trail,Diésel,73258.0,130.0,manual,23100,A Coruña,15003,A Coruña,A Coruña
Nissan,X-Trail,Diésel,73258.0,130.0,manual,23100,Zaragoza,50003,Zaragoza,Zaragoza
Nissan,X-Trail,Diésel,73258.0,130.0,manual,23100,Santander,39002,Cantabria,Santander
Nissan,X-Trail,Diésel,73258.0,130.0,manual,23100,Donostia-San Sebastián,20005,Gipuzkoa,Donostia-San Sebastián
Nissan,X-Trail,Diésel,73258.0,130.0,manual,23100,Alcalá de Henares,28801,Madrid,Alcalá de Henares
Nissan,X-Trail,Diésel,155990.0,130.0,manual,14290,San Sebastián de Los Reyes,28700,Madrid,San Sebastián de Los Reyes
Nissan,X-Trail,Diésel,64160.0,130.0,manual,22425,Las Rozas de Madrid,28232,Madrid,Las Rozas de Madrid
Nissan,X-Trail,Diésel,64160.0,130.0,manual,22425,Zaragoza,50013,Zaragoza,Zaragoza
Nissan,X-Trail,Diésel,64160.0,130.0,manual,22425,Paterna,46980,Valencia,Paterna
Nissan,X-Trail,Diésel,64160.0,130.0,manual,22425,Puerto de Sagunto,46520,Valencia,Puerto de Sagunto
Nissan,X-Trail,Diésel,64160.0,130.0,manual,22425,Atarrabia,31610,Navarra,Atarrabia
Nissan,X-Trail,Diésel,64160.0,130.0,manual,22425,Mercabilbao,48970,Bizkaia,Mercabilbao
Renault,Captur,Gasolina,58427.0,90.0,manual,327,Madrid,28014,Madrid,Madrid
Renault,Captur,Gasolina,40868.0,150.0,automatic,19895,Zaragoza,50013,Zaragoza,Zaragoza
Renault,Captur,Gasolina,40868.0,150.0,automatic,19895,Mercado Parque Corredor del Henares,28850,Madrid,Mercado Parque Corredor del Henares
Renault,Captur,Diésel,95561.0,90.0,manual,13450,Santa Maria del Aguila,4710,Almería,Santa Maria del Aguila
Renault,Captur,Gasolina,40868.0,150.0,automatic,19895,Santa Maria del Aguila,4710,Almería,Santa Maria del Aguila
Renault,Captur,Otros,9582.0,100.0,manual,22195,Santa Maria del Aguila,4710,Almería,Santa Maria del Aguila
Renault,Captur,Gasolina,40868.0,150.0,automatic,19895,Alcalá de Guadaíra,41500,Sevilla,Alcalá de Guadaíra
Renault,Captur,Gasolina,40868.0,150.0,automatic,19895,Mercabilbao,48970,Bizkaia,Mercabilbao
Renault,Captur,Gasolina,40868.0,150.0,automatic,19895,Paterna,46980,Valencia,Paterna
Renault,Captur,Gasolina,40868.0,150.0,automatic,19895,Saladar,3700,Alicante,Saladar
Renault,Captur,Gasolina,40868.0,150.0,automatic,19895,Puerto de Sagunto,46520,Valencia,Puerto de Sagunto
Renault,Captur,Gasolina,40868.0,150.0,automatic,19895,Estepona,29680,Málaga,Estepona
Renault,Captur,Gasolina,40868.0,150.0,automatic,19895,Badajoz,6008,Badajoz,Badajoz
Renault,Captur,Gasolina,40868.0,150.0,automatic,19895,Valdepeñas,13300,Ciudad Real,Valdepeñas
Renault,Captur,Gasolina,40868.0,150.0,automatic,19895,Valdepeñas,13300,Ciudad Real,Valdepeñas
Renault,Captur,Gasolina,40868.0,150.0,automatic,19895,Santafe,18320,Granada,Santafe
Renault,Captur,Gasolina,40868.0,150.0,automatic,19895,Granollers,8403,Barcelona,Granollers
Renault,Captur,Gasolina,40868.0,150.0,automatic,19895,Vigo,36214,Pontevedra,Vigo
Renault,Captur,Gasolina,40868.0,150.0,automatic,19895,Murcia,30003,Murcia,Murcia
Renault,Captur,Gasolina,40868.0,150.0,automatic,19895,Atarrabia,31610,Navarra,Atarrabia
Renault,Captur,Gasolina,40868.0,150.0,automatic,19895,Olèrdola,8734,Barcelona,Olèrdola
Renault,Captur,Gasolina,40868.0,150.0,automatic,19895,Olèrdola,8734,Barcelona,Olèrdola
Renault,Captur,Diésel,95561.0,90.0,manual,13450,Sant Vicenç de Montalt,8394,Barcelona,Sant Vicenç de Montalt
Renault,Captur,Gasolina,78174.0,120.0,automatic,16999,Barcelona,8007,Barcelona,Barcelona
Renault,Captur,Gasolina,78174.0,120.0,automatic,16999,Madrid,28014,Madrid,Madrid
Renault,Captur,Diésel,97733.0,90.0,automatic,15499,Madrid,28014,Madrid,Madrid
Renault,Captur,Diésel,97733.0,90.0,automatic,15499,Barcelona,8007,Barcelona,Barcelona
Renault,Captur,Gasolina,40868.0,150.0,automatic,19895,Sant Vicenç de Montalt,8394,Barcelona,Sant Vicenç de Montalt
Renault,Captur,Gasolina,40868.0,150.0,automatic,19895,Ciudad Real,13003,Ciudad Real,Ciudad Real
Renault,Captur,Gasolina,40868.0,150.0,automatic,19895,Santiago de Compostela,15703,A Coruña,Santiago de Compostela
Renault,Captur,Gasolina,40868.0,150.0,automatic,19895,Castello/Castellon de La Plana,12100,Castellón,Castello/Castellon de La Plana
Renault,Captur,Gasolina,40868.0,150.0,automatic,19895,Hidraulica Santillana,28770,Madrid,Hidraulica Santillana
Renault,Captur,Gasolina,40868.0,150.0,automatic,19895,Albacete,2001,Albacete,Albacete
Renault,Captur,Gasolina,40868.0,150.0,automatic,19895,Alzira,46600,Valencia,Alzira
Renault,Captur,Gasolina,40868.0,150.0,automatic,19895,Alzira,46600,Valencia,Alzira
Renault,Captur,Gasolina,40868.0,150.0,automatic,19895,Alicante,3007,Alicante,Alicante
Renault,Captur,Gasolina,40868.0,150.0,automatic,19895,Alcobendas,28100,Madrid,Alcobendas
Renault,Captur,Gasolina,40868.0,150.0,automatic,19895,Colonia Pablo Iglesias,28520,Madrid,Colonia Pablo Iglesias
Renault,Captur,Gasolina,40868.0,150.0,automatic,19895,Las Rozas de Madrid,28232,Madrid,Las Rozas de Madrid
Renault,Captur,Gasolina,40868.0,150.0,automatic,19895,Alameda del Obispo,14005,Córdoba,Alameda del Obispo
Renault,Captur,Gasolina,40868.0,150.0,automatic,19895,Torremolinos,29620,Málaga,Torremolinos
Renault,Captur,Gasolina,40868.0,150.0,automatic,19895,Torremolinos,29620,Málaga,Torremolinos
Renault,Captur,Gasolina,40868.0,150.0,automatic,19895,Torremolinos,29620,Málaga,Torremolinos
Nissan,Juke,Diésel,84467.0,110.0,manual,14490,Collado Villalba,28400,Madrid,Collado Villalba
Nissan,Juke,Diésel,84467.0,110.0,manual,14490,Collado Villalba,28400,Madrid,Collado Villalba
Nissan,Juke,Diésel,84467.0,110.0,manual,14490,Vigo,36214,Pontevedra,Vigo
Nissan,Juke,Gasolina,87023.0,112.0,manual,14030,Mercado Parque Corredor del Henares,28850,Madrid,Mercado Parque Corredor del Henares
Nissan,Juke,Diésel,84467.0,110.0,manual,14490,Mercado Parque Corredor del Henares,28850,Madrid,Mercado Parque Corredor del Henares
Nissan,Juke,Gasolina,87023.0,112.0,manual,14030,Colonia Pablo Iglesias,28520,Madrid,Colonia Pablo Iglesias
Nissan,Juke,Diésel,84467.0,110.0,manual,14490,Colonia Pablo Iglesias,28520,Madrid,Colonia Pablo Iglesias
Nissan,Juke,Gasolina,87023.0,112.0,manual,14030,Sant Vicenç de Montalt,8394,Barcelona,Sant Vicenç de Montalt
Nissan,Juke,Diésel,84467.0,110.0,manual,14490,Sant Vicenç de Montalt,8394,Barcelona,Sant Vicenç de Montalt
Nissan,Juke,Diésel,84467.0,110.0,manual,14490,Estepona,29680,Málaga,Estepona
Nissan,Juke,Gasolina,87023.0,112.0,manual,14030,Murcia,30003,Murcia,Murcia
Nissan,Juke,Diésel,84467.0,110.0,manual,14490,Murcia,30003,Murcia,Murcia
Nissan,Juke,Gasolina,87023.0,112.0,manual,14030,Saladar,3700,Alicante,Saladar
Nissan,Juke,Gasolina,87023.0,112.0,manual,14030,Granollers,8403,Barcelona,Granollers
Nissan,Juke,Diésel,84467.0,110.0,manual,14490,Saladar,3700,Alicante,Saladar
Nissan,Juke,Diésel,84467.0,110.0,manual,14490,Granollers,8403,Barcelona,Granollers
Nissan,Juke,Gasolina,87023.0,112.0,manual,14030,Ciudad Real,13003,Ciudad Real,Ciudad Real
Nissan,Juke,Diésel,84467.0,110.0,manual,14490,Ciudad Real,13003,Ciudad Real,Ciudad Real
Nissan,Juke,Gasolina,87023.0,112.0,manual,14030,Valdepeñas,13300,Ciudad Real,Valdepeñas
Nissan,Juke,Gasolina,87023.0,112.0,manual,14030,Valdepeñas,13300,Ciudad Real,Valdepeñas
Nissan,Juke,Diésel,84467.0,110.0,manual,14490,Valdepeñas,13300,Ciudad Real,Valdepeñas
Nissan,Juke,Diésel,84467.0,110.0,manual,14490,Valdepeñas,13300,Ciudad Real,Valdepeñas
Nissan,Juke,Gasolina,97944.0,115.0,manual,11990,Bilbao,48004,Bizkaia,Bilbao
Nissan,Juke,Gasolina,87023.0,112.0,manual,14030,Badajoz,6008,Badajoz,Badajoz
Nissan,Juke,Diésel,84467.0,110.0,manual,14490,Badajoz,6008,Badajoz,Badajoz
Nissan,Juke,Gasolina,97944.0,115.0,manual,11990,Sevilla,41005,Sevilla,Sevilla
Nissan,Juke,Gasolina,97944.0,115.0,manual,11990,Almería,4006,Almería,Almería
Nissan,Juke,Gasolina,97944.0,115.0,manual,11990,Vigo,36211,Pontevedra,Vigo
Nissan,Juke,Gasolina,97944.0,115.0,manual,11990,Alicante,3010,Alicante,Alicante
Nissan,Juke,Gasolina,97944.0,115.0,manual,11990,Alicante,3010,Murcia,Alicante
Nissan,Juke,Gasolina,97944.0,115.0,manual,11990,Huelva,21004,Huelva,Huelva
Nissan,Juke,Gasolina,97944.0,115.0,manual,11990,Sevilla,41017,Sevilla,Sevilla
Nissan,Juke,Gasolina,97944.0,115.0,manual,11990,Murcia,30005,Murcia,Murcia
Nissan,Juke,Gasolina,87023.0,112.0,manual,14030,Barcelona,8007,Barcelona,Barcelona
Nissan,Juke,Gasolina,97944.0,115.0,manual,11990,Granada,18005,Granada,Granada
Nissan,Juke,Diésel,84467.0,110.0,manual,14490,Barcelona,8007,Barcelona,Barcelona
Nissan,Juke,Gasolina,97944.0,115.0,manual,11990,Málaga,29005,Málaga,Málaga
Nissan,Juke,Gasolina,97944.0,115.0,manual,11990,Valencia,46001,Valencia,Valencia
Nissan,Juke,Gasolina,87023.0,112.0,manual,14030,Olèrdola,8734,Barcelona,Olèrdola
Nissan,Juke,Gasolina,87023.0,112.0,manual,14030,Olèrdola,8734,Barcelona,Olèrdola
Renault,Captur,Gasolina,11288.0,120.0,automatic,18900,Santa Coloma de Gramenet,8921,Barcelona,Santa Coloma de Gramenet
Renault,Captur,Diésel,39000.0,90.0,manual,15400,Santa Coloma de Gramenet,8921,Barcelona,Santa Coloma de Gramenet
Renault,Captur,Gasolina,11288.0,120.0,automatic,18900,Fornells de la Selva,17458,Girona,Fornells de la Selva
Renault,Captur,Gasolina,78987.0,90.0,manual,13000,Fornells de la Selva,17458,Girona,Fornells de la Selva
Renault,Talisman,Diésel,140000.0,130.0,manual,13900,Valdemoro,28340,Madrid,Valdemoro
Renault,Talisman,Diésel,49000.0,149.0,manual,446,Madrid,28006,Madrid,Madrid
Renault,Talisman,Diésel,61068.0,120.0,manual,17990,Bilbao,48004,Bizkaia,Bilbao
Renault,Talisman,Diésel,61068.0,120.0,manual,16990,Bilbao,48004,Bizkaia,Bilbao
Renault,Talisman,Diésel,61068.0,120.0,manual,17990,Sevilla,41005,Sevilla,Sevilla
Renault,Talisman,Diésel,61068.0,120.0,manual,16990,Sevilla,41005,Sevilla,Sevilla
Renault,Talisman,Diésel,61068.0,120.0,manual,17990,Almería,4006,Almería,Almería
Renault,Talisman,Diésel,61068.0,120.0,manual,16990,Almería,4006,Almería,Almería
Renault,Talisman,Diésel,61068.0,120.0,manual,17990,Vigo,36211,Pontevedra,Vigo
Renault,Talisman,Diésel,61068.0,120.0,manual,16990,Vigo,36211,Pontevedra,Vigo
Renault,Talisman,Diésel,61068.0,120.0,manual,17990,Alicante,3010,Alicante,Alicante
Renault,Talisman,Diésel,61068.0,120.0,manual,17990,Alicante,3010,Murcia,Alicante
Renault,Talisman,Diésel,61068.0,120.0,manual,16990,Alicante,3010,Alicante,Alicante
Renault,Talisman,Diésel,61068.0,120.0,manual,16990,Alicante,3010,Murcia,Alicante
Renault,Talisman,Diésel,61068.0,120.0,manual,17990,Marbella,29601,Málaga,Marbella
Renault,Talisman,Diésel,61068.0,120.0,manual,16990,Marbella,29601,Málaga,Marbella
Renault,Talisman,Diésel,61068.0,120.0,manual,17990,Murcia,30005,Murcia,Murcia
Renault,Talisman,Diésel,61068.0,120.0,manual,16990,Murcia,30005,Murcia,Murcia
Renault,Talisman,Diésel,61068.0,120.0,manual,17990,Granada,18005,Granada,Granada
Renault,Talisman,Diésel,61068.0,120.0,manual,16990,Granada,18005,Granada,Granada
Renault,Talisman,Diésel,61068.0,120.0,manual,17990,Málaga,29005,Málaga,Málaga
Renault,Talisman,Diésel,61068.0,120.0,manual,16990,Málaga,29005,Málaga,Málaga
Renault,Talisman,Diésel,61068.0,120.0,manual,17990,Valencia,46001,Valencia,Valencia
Renault,Talisman,Diésel,61068.0,120.0,manual,16990,Valencia,46001,Valencia,Valencia
Renault,Talisman,Diésel,61068.0,120.0,manual,17990,Algeciras,11202,Cádiz,Algeciras
Renault,Talisman,Diésel,61068.0,120.0,manual,16990,Algeciras,11202,Cádiz,Algeciras
Renault,Talisman,Diésel,52402.0,130.0,manual,16500,Alfafar,46910,Valencia,Alfafar
Renault,Talisman,Diésel,52402.0,130.0,manual,16500,Alfafar,46910,Valencia,Alfafar
Renault,Talisman,Diésel,52402.0,130.0,manual,16500,Alfafar,46910,Valencia,Alfafar
Renault,Talisman,Diésel,52402.0,130.0,manual,16500,Alfafar,46910,Valencia,Alfafar
Renault,Talisman,Diésel,133000.0,160.0,automatic,20990,Bilbao,48001,Bizkaia,Bilbao
Renault,Captur,Gasolina,72000.0,89.0,manual,380,Madrid,28006,Madrid,Madrid
Renault,Captur,Gasolina,87000.0,89.0,manual,328,Madrid,28006,Madrid,Madrid
Renault,Captur,Gasolina,95000.0,89.0,manual,318,Madrid,28006,Madrid,Madrid
Renault,Captur,Diésel,45628.0,90.0,manual,17825,Collado Villalba,28400,Madrid,Collado Villalba
Renault,Captur,Diésel,45628.0,90.0,manual,17825,Collado Villalba,28400,Madrid,Collado Villalba
Renault,Captur,Diésel,65354.0,90.0,automatic,17825,Collado Villalba,28400,Madrid,Collado Villalba
Renault,Captur,Diésel,65354.0,90.0,automatic,17825,Collado Villalba,28400,Madrid,Collado Villalba
Renault,Captur,Diésel,45628.0,90.0,manual,17825,Vigo,36214,Pontevedra,Vigo
Renault,Captur,Diésel,65354.0,90.0,automatic,17825,Vigo,36214,Pontevedra,Vigo
Renault,Captur,Diésel,45628.0,90.0,manual,17825,Mercado Parque Corredor del Henares,28850,Madrid,Mercado Parque Corredor del Henares
Renault,Captur,Diésel,65354.0,90.0,automatic,17825,Mercado Parque Corredor del Henares,28850,Madrid,Mercado Parque Corredor del Henares
Renault,Captur,Diésel,45628.0,90.0,manual,17825,Colonia Pablo Iglesias,28520,Madrid,Colonia Pablo Iglesias
Renault,Captur,Diésel,65354.0,90.0,automatic,17825,Colonia Pablo Iglesias,28520,Madrid,Colonia Pablo Iglesias
Renault,Captur,Diésel,45628.0,90.0,manual,17825,Sant Vicenç de Montalt,8394,Barcelona,Sant Vicenç de Montalt
Renault,Captur,Diésel,65354.0,90.0,automatic,17825,Sant Vicenç de Montalt,8394,Barcelona,Sant Vicenç de Montalt
Renault,Captur,Diésel,45628.0,90.0,manual,17825,Estepona,29680,Málaga,Estepona
Renault,Captur,Diésel,65354.0,90.0,automatic,17825,Estepona,29680,Málaga,Estepona
Renault,Captur,Diésel,45628.0,90.0,manual,17825,Murcia,30003,Murcia,Murcia
Renault,Captur,Diésel,65354.0,90.0,automatic,17825,Murcia,30003,Murcia,Murcia
Renault,Captur,Diésel,45628.0,90.0,manual,17825,Saladar,3700,Alicante,Saladar
Renault,Captur,Diésel,45628.0,90.0,manual,17825,Granollers,8403,Barcelona,Granollers
Renault,Captur,Diésel,65354.0,90.0,automatic,17825,Saladar,3700,Alicante,Saladar
Renault,Captur,Diésel,65354.0,90.0,automatic,17825,Granollers,8403,Barcelona,Granollers
Renault,Captur,Diésel,45628.0,90.0,manual,17825,Ciudad Real,13003,Ciudad Real,Ciudad Real
Renault,Captur,Diésel,65354.0,90.0,automatic,17825,Ciudad Real,13003,Ciudad Real,Ciudad Real
Renault,Captur,Diésel,45628.0,90.0,manual,17825,Valdepeñas,13300,Ciudad Real,Valdepeñas
Renault,Captur,Diésel,45628.0,90.0,manual,17825,Valdepeñas,13300,Ciudad Real,Valdepeñas
Renault,Captur,Diésel,65354.0,90.0,automatic,17825,Valdepeñas,13300,Ciudad Real,Valdepeñas
Renault,Captur,Diésel,65354.0,90.0,automatic,17825,Valdepeñas,13300,Ciudad Real,Valdepeñas
Renault,Captur,Gasolina,90520.0,120.0,automatic,15490,Bilbao,48004,Bizkaia,Bilbao
Renault,Captur,Diésel,63322.0,90.0,automatic,12990,Bilbao,48004,Bizkaia,Bilbao
Renault,Captur,Diésel,134416.0,90.0,manual,12990,Castellón,12001,Castellón,Castellón
Renault,Captur,Gasolina,90520.0,120.0,automatic,15490,Almería,4006,Almería,Almería
Renault,Captur,Gasolina,90520.0,120.0,automatic,15490,Vigo,36211,Pontevedra,Vigo
Renault,Captur,Gasolina,90520.0,120.0,automatic,15490,Alicante,3010,Alicante,Alicante
Renault,Captur,Gasolina,90520.0,120.0,automatic,15490,Alicante,3010,Murcia,Alicante
Renault,Captur,Diésel,63322.0,90.0,automatic,12990,Sevilla,41005,Sevilla,Sevilla
Renault,Captur,Diésel,134416.0,90.0,manual,12990,Bilbao,48004,Bizkaia,Bilbao
Renault,Captur,Diésel,45628.0,90.0,manual,17825,Badajoz,6008,Badajoz,Badajoz
Renault,Captur,Diésel,65354.0,90.0,automatic,17825,Badajoz,6008,Badajoz,Badajoz
Renault,Captur,Diésel,134416.0,90.0,manual,12990,Sevilla,41005,Sevilla,Sevilla
Renault,Captur,Diésel,63322.0,90.0,automatic,12990,Almería,4006,Almería,Almería
Renault,Captur,Diésel,63322.0,90.0,automatic,12990,Vigo,36211,Pontevedra,Vigo
Renault,Captur,Diésel,63322.0,90.0,automatic,12990,Alicante,3010,Alicante,Alicante
Renault,Captur,Diésel,63322.0,90.0,automatic,12990,Alicante,3010,Murcia,Alicante
Renault,Trafic,Diésel,167085.0,100.0,manual,9500,Lorquí,30564,Murcia,Lorquí
Renault,Trafic,Diésel,51270.0,120.0,manual,22990,Algete,28110,Madrid,Algete
Renault,Trafic,Diésel,150000.0,95.0,manual,14900,Villanueva del Arzobispo,23330,Jaén,Villanueva del Arzobispo
Renault,Trafic,Diésel,99000.0,120.0,manual,18500,Yecla,30510,Murcia,Yecla
Renault,Scenic,Diésel,114000.0,110.0,manual,466,Madrid,28006,Madrid,Madrid
Renault,Scenic,Diésel,170000.0,105.0,manual,3900,Sant Vicenç de Montalt,8394,Barcelona,Sant Vicenç de Montalt
Renault,Scenic,Diésel,122000.0,85.0,manual,4299,Albal,46470,Valencia,Albal
Renault,Scenic,Diésel,122000.0,85.0,manual,4299,Albal,46470,Valencia,Albal
Renault,Scenic,Diésel,122000.0,85.0,manual,4299,Albal,46470,Valencia,Albal
Renault,Scenic,Diésel,122000.0,85.0,manual,4299,Albal,46470,Valencia,Albal
Renault,Scenic,Diésel,118000.0,130.0,manual,3499,Humanes de Madrid,28970,Madrid,Humanes de Madrid
Renault,Scenic,Diésel,240000.0,105.0,manual,2490,Coslada,28823,Madrid,Coslada
Renault,Master,Diésel,299800.0,130.0,manual,12810,Cubas de la Sagra,28978,Madrid,Cubas de la Sagra
Renault,Master,Diésel,230000.0,110.0,manual,14500,Utrera,41710,Sevilla,Utrera
Renault,Grand Scenic,Gasolina,96000.0,140.0,manual,470,Madrid,28006,Madrid,Madrid
Renault,Grand Scenic,Diésel,87857.0,110.0,manual,24400,Valladolid,47004,Valladolid,Valladolid
Renault,Grand Scenic,Diésel,87857.0,110.0,manual,20900,Valladolid,47004,Valladolid,Valladolid
Renault,Grand Scenic,Diésel,87857.0,110.0,manual,24400,Sevilla,41004,Sevilla,Sevilla
Renault,Grand Scenic,Diésel,87857.0,110.0,manual,20900,Sevilla,41004,Sevilla,Sevilla
Renault,Grand Scenic,Diésel,87857.0,110.0,manual,24400,Barcelona,8008,Barcelona,Barcelona
Renault,Grand Scenic,Diésel,87857.0,110.0,manual,20900,Barcelona,8008,Barcelona,Barcelona
Renault,Grand Scenic,Diésel,87857.0,110.0,manual,24400,Viladecans,8840,Barcelona,Viladecans
Renault,Grand Scenic,Diésel,87857.0,110.0,manual,20900,Viladecans,8840,Barcelona,Viladecans
Renault,Grand Scenic,Diésel,87857.0,110.0,manual,24400,Urbanitzacio El Medol,43150,Tarragona,Urbanitzacio El Medol
Renault,Grand Scenic,Diésel,87857.0,110.0,manual,20900,Urbanitzacio El Medol,43150,Tarragona,Urbanitzacio El Medol
Renault,Grand Scenic,Diésel,87857.0,110.0,manual,24400,Granada,18002,Granada,Granada
Renault,Grand Scenic,Diésel,87857.0,110.0,manual,20900,Granada,18002,Granada,Granada
Renault,Grand Scenic,Diésel,87857.0,110.0,manual,24400,A Coruña,15003,A Coruña,A Coruña
Renault,Grand Scenic,Diésel,87857.0,110.0,manual,20900,A Coruña,15003,A Coruña,A Coruña
Renault,Grand Scenic,Diésel,87857.0,110.0,manual,24400,Zaragoza,50003,Zaragoza,Zaragoza
Renault,Grand Scenic,Diésel,87857.0,110.0,manual,20900,Zaragoza,50003,Zaragoza,Zaragoza
Renault,Grand Scenic,Diésel,87857.0,110.0,manual,24400,Santander,39002,Cantabria,Santander
Renault,Grand Scenic,Diésel,87857.0,110.0,manual,20900,Santander,39002,Cantabria,Santander
Renault,Grand Scenic,Diésel,87857.0,110.0,manual,24400,Donostia-San Sebastián,20005,Gipuzkoa,Donostia-San Sebastián
Renault,Grand Scenic,Diésel,87857.0,110.0,manual,20900,Donostia-San Sebastián,20005,Gipuzkoa,Donostia-San Sebastián
Renault,Grand Scenic,Diésel,87857.0,110.0,manual,24400,Alcalá de Henares,28801,Madrid,Alcalá de Henares
Renault,Grand Scenic,Diésel,87857.0,110.0,manual,20900,Alcalá de Henares,28801,Madrid,Alcalá de Henares
Renault,Grand Scenic,Diésel,87857.0,110.0,manual,24400,Madrid,28013,Madrid,Madrid
Renault,Grand Scenic,Diésel,87857.0,110.0,manual,20900,Madrid,28013,Madrid,Madrid
Renault,Grand Scenic,Diésel,87857.0,110.0,manual,24400,San Sebastián de Los Reyes,28700,Madrid,San Sebastián de Los Reyes
Renault,Grand Scenic,Diésel,87857.0,110.0,manual,20900,San Sebastián de Los Reyes,28700,Madrid,San Sebastián de Los Reyes
Renault,Grand Scenic,Diésel,87857.0,110.0,manual,24400,Valencia,46003,Valencia,Valencia
Renault,Grand Scenic,Diésel,87857.0,110.0,manual,20900,Valencia,46003,Valencia,Valencia
Renault,Grand Scenic,Diésel,87857.0,110.0,manual,24400,Alcobendas,28100,Madrid,Alcobendas
Renault,Grand Scenic,Diésel,87857.0,110.0,manual,20900,Alcobendas,28100,Madrid,Alcobendas
Renault,Grand Scenic,Diésel,87857.0,110.0,manual,24400,Toledo,45002,Toledo,Toledo
Renault,Grand Scenic,Diésel,87857.0,110.0,manual,20900,Toledo,45002,Toledo,Toledo
Renault,Grand Scenic,Diésel,87857.0,110.0,manual,24400,Murcia,30001,Murcia,Murcia
Renault,Grand Scenic,Diésel,87857.0,110.0,manual,20900,Murcia,30001,Murcia,Murcia
Renault,Grand Scenic,Diésel,87857.0,110.0,manual,24400,Sabadell,8203,Barcelona,Sabadell
Renault,Grand Scenic,Diésel,87857.0,110.0,manual,20900,Sabadell,8203,Barcelona,Sabadell
Renault,Grand Scenic,Diésel,87857.0,110.0,manual,24400,Almería,4001,Almería,Almería
Renault,Grand Scenic,Diésel,87857.0,110.0,manual,20900,Almería,4001,Almería,Almería
Renault,Grand Scenic,Diésel,87857.0,110.0,manual,24400,Alicante,3001,Alicante,Alicante
Renault,Grand Scenic,Diésel,87857.0,110.0,manual,20900,Alicante,3001,Alicante,Alicante
Renault,Grand Scenic,Diésel,87857.0,110.0,manual,24400,Málaga,29015,Málaga,Málaga
Renault,Grand Scenic,Diésel,87857.0,110.0,manual,20900,Málaga,29015,Málaga,Málaga
Renault,Grand Scenic,Diésel,87857.0,110.0,manual,24400,Leganés,28914,Madrid,Leganés
Renault,Grand Scenic,Diésel,87857.0,110.0,manual,20900,Leganés,28914,Madrid,Leganés
Renault,Grand Scenic,Diésel,87857.0,110.0,manual,24400,Sant Cugat del Vallès,8172,Barcelona,Sant Cugat del Vallès
Renault,Grand Scenic,Diésel,87857.0,110.0,manual,20900,Sant Cugat del Vallès,8172,Barcelona,Sant Cugat del Vallès
Renault,Grand Scenic,Diésel,87857.0,110.0,manual,24400,Huelva,21004,Huelva,Huelva
Renault,Grand Scenic,Diésel,87857.0,110.0,manual,20900,Huelva,21004,Huelva,Huelva
Renault,Grand Scenic,Diésel,87857.0,110.0,manual,24400,Leganés,28911,Madrid,Leganés
Renault,Grand Scenic,Diésel,87857.0,110.0,manual,20900,Leganés,28911,Madrid,Leganés
Renault,Grand Scenic,Diésel,87857.0,110.0,manual,24400,Barcelona,8013,Barcelona,Barcelona
Renault,Grand Scenic,Diésel,87857.0,110.0,manual,20900,Barcelona,8013,Barcelona,Barcelona
Renault,Grand Scenic,Diésel,87857.0,110.0,manual,24400,Móstoles,28931,Madrid,Móstoles
Renault,Grand Scenic,Diésel,87857.0,110.0,manual,20900,Móstoles,28931,Madrid,Móstoles
Renault,Trafic,Diésel,158200.0,145.0,manual,22800,Trapaga-Causo,48510,Bizkaia,Trapaga-Causo
Renault,Trafic,Diésel,122000.0,100.0,manual,8900,Griñón,28977,Madrid,Griñón
Renault,Trafic,Diésel,108000.0,125.0,manual,26600,Murcia,30003,Murcia,Murcia
Renault,Trafic,Diésel,108000.0,125.0,manual,26600,Sevilla,41018,Sevilla,Sevilla
Renault,Trafic,Diésel,108000.0,125.0,manual,26600,Cúllar Vega,18195,Granada,Cúllar Vega
Renault,Espace,Diésel,157170.0,160.0,automatic,19990,Bilbao,48004,Bizkaia,Bilbao
Renault,Espace,Diésel,157170.0,160.0,automatic,19990,Sevilla,41005,Sevilla,Sevilla
Renault,Espace,Diésel,157170.0,160.0,automatic,19990,Almería,4006,Almería,Almería
Renault,Espace,Diésel,157170.0,160.0,automatic,19990,Vigo,36211,Pontevedra,Vigo
Renault,Espace,Diésel,157170.0,160.0,automatic,19990,Alicante,3010,Alicante,Alicante
Renault,Espace,Diésel,157170.0,160.0,automatic,19990,Alicante,3010,Murcia,Alicante
Renault,Espace,Diésel,157170.0,160.0,automatic,19990,Las Rozas de Madrid,28232,Madrid,Las Rozas de Madrid
Renault,Espace,Diésel,157170.0,160.0,automatic,19990,Urbanizacion La Granjilla,28700,Madrid,Urbanizacion La Granjilla
Renault,Espace,Diésel,157170.0,160.0,automatic,19990,Murcia,30005,Murcia,Murcia
Renault,Espace,Diésel,157170.0,160.0,automatic,19990,Granada,18005,Granada,Granada
Renault,Espace,Diésel,157170.0,160.0,automatic,19990,Collado Villalba,28400,Madrid,Collado Villalba
Renault,Espace,Diésel,157170.0,160.0,automatic,19990,Collado Villalba,28400,Madrid,Collado Villalba
Renault,Espace,Diésel,157170.0,160.0,automatic,19990,Toledo,45002,Toledo,Toledo
Renault,Espace,Diésel,157170.0,160.0,automatic,19990,Málaga,29005,Málaga,Málaga
Renault,Espace,Diésel,157170.0,160.0,automatic,19990,Valencia,46001,Valencia,Valencia
Renault,Espace,Diésel,157170.0,160.0,automatic,19990,Villaviciosa de Odón,28670,Madrid,Villaviciosa de Odón
Renault,Espace,Diésel,157170.0,160.0,automatic,19990,Fuenlabrada,28947,Madrid,Fuenlabrada
Renault,Espace,Diésel,157170.0,160.0,automatic,19990,Camarma de Esteruelas,28816,Madrid,Camarma de Esteruelas
Renault,Espace,Diésel,157170.0,160.0,automatic,19990,Camarma de Esteruelas,28816,Madrid,Camarma de Esteruelas
Renault,Espace,Diésel,157170.0,160.0,automatic,19990,Colonia Pablo Iglesias,28520,Madrid,Colonia Pablo Iglesias
Renault,Kadjar,Diésel,142722.0,130.0,manual,15200,Sevilla,41005,Sevilla,Sevilla
Renault,Kadjar,Diésel,142722.0,130.0,manual,15200,Madrid,28014,Madrid,Madrid
Renault,Kadjar,Gasolina,80945.0,130.0,manual,17900,Collado Villalba,28400,Madrid,Collado Villalba
Renault,Kadjar,Gasolina,80945.0,130.0,manual,17900,Collado Villalba,28400,Madrid,Collado Villalba
Renault,Kadjar,Gasolina,80945.0,130.0,manual,17900,Vigo,36214,Pontevedra,Vigo
Renault,Kadjar,Diésel,142722.0,130.0,manual,15200,Badajoz,6008,Badajoz,Badajoz
Renault,Kadjar,Diésel,142722.0,130.0,manual,15200,Almería,4001,Almería,Almería
Renault,Kadjar,Diésel,142722.0,130.0,manual,15200,Cádiz,11006,Cádiz,Cádiz
Renault,Kadjar,Gasolina,80945.0,130.0,manual,17900,Mercado Parque Corredor del Henares,28850,Madrid,Mercado Parque Corredor del Henares
Renault,Kadjar,Gasolina,80945.0,130.0,manual,17900,Colonia Pablo Iglesias,28520,Madrid,Colonia Pablo Iglesias
Renault,Kadjar,Gasolina,80945.0,130.0,manual,17900,Sant Vicenç de Montalt,8394,Barcelona,Sant Vicenç de Montalt
Renault,Kadjar,Gasolina,80945.0,130.0,manual,17900,Estepona,29680,Málaga,Estepona
Renault,Kadjar,Gasolina,80945.0,130.0,manual,17900,Murcia,30003,Murcia,Murcia
Renault,Kadjar,Gasolina,80945.0,130.0,manual,17900,Saladar,3700,Alicante,Saladar
Renault,Kadjar,Gasolina,80945.0,130.0,manual,17900,Granollers,8403,Barcelona,Granollers
Renault,Kadjar,Gasolina,80945.0,130.0,manual,17900,Ciudad Real,13003,Ciudad Real,Ciudad Real
Renault,Kadjar,Gasolina,80945.0,130.0,manual,17900,Valdepeñas,13300,Ciudad Real,Valdepeñas
Renault,Kadjar,Gasolina,80945.0,130.0,manual,17900,Valdepeñas,13300,Ciudad Real,Valdepeñas
Renault,Kadjar,Gasolina,80945.0,130.0,manual,17900,Badajoz,6008,Badajoz,Badajoz
Renault,Kadjar,Gasolina,25000.0,130.0,manual,15990,Vigo,36211,Pontevedra,Vigo
Renault,Kadjar,Gasolina,25000.0,130.0,manual,15990,Alicante,3010,Alicante,Alicante
Renault,Kadjar,Gasolina,25000.0,130.0,manual,15990,Alicante,3010,Murcia,Alicante
Renault,Kadjar,Gasolina,80945.0,130.0,manual,17900,Barcelona,8007,Barcelona,Barcelona
Renault,Kadjar,Gasolina,25000.0,130.0,manual,15990,Valencia,46001,Valencia,Valencia
Renault,Kadjar,Gasolina,80945.0,130.0,manual,17900,Olèrdola,8734,Barcelona,Olèrdola
Renault,Kadjar,Gasolina,80945.0,130.0,manual,17900,Olèrdola,8734,Barcelona,Olèrdola
Renault,Kadjar,Gasolina,80945.0,130.0,manual,17900,Santa Maria del Aguila,4710,Almería,Santa Maria del Aguila
Renault,Kadjar,Gasolina,80945.0,130.0,manual,17900,Las Rozas de Madrid,28232,Madrid,Las Rozas de Madrid
Renault,Kadjar,Gasolina,80945.0,130.0,manual,17900,Paterna,46980,Valencia,Paterna
Renault,Kangoo,Diésel,131849.0,75.0,manual,9793,Sevilla,41005,Sevilla,Sevilla
Renault,Kangoo,Diésel,131849.0,75.0,manual,9793,Madrid,28014,Madrid,Madrid
Renault,Kangoo,Diésel,131849.0,75.0,manual,9793,Badajoz,6008,Badajoz,Badajoz
Renault,Kangoo,Diésel,131849.0,75.0,manual,9793,Almería,4001,Almería,Almería
Renault,Kangoo,Diésel,131849.0,75.0,manual,9793,Cádiz,11006,Cádiz,Cádiz
Renault,Kangoo,Diésel,116961.0,75.0,manual,8990,Bilbao,48004,Bizkaia,Bilbao
Renault,Kangoo,Diésel,116961.0,75.0,manual,8990,Sevilla,41005,Sevilla,Sevilla
Renault,Kangoo,Diésel,116961.0,75.0,manual,8990,Almería,4006,Almería,Almería
Renault,Kangoo,Diésel,116961.0,75.0,manual,8990,Vigo,36211,Pontevedra,Vigo
Renault,Kangoo,Diésel,116961.0,75.0,manual,8990,Alicante,3010,Alicante,Alicante
Renault,Kangoo,Diésel,116961.0,75.0,manual,8990,Alicante,3010,Murcia,Alicante
Renault,Kangoo,Diésel,116961.0,75.0,manual,8990,Huelva,21004,Huelva,Huelva
Renault,Kangoo,Diésel,116961.0,75.0,manual,8990,Sevilla,41017,Sevilla,Sevilla
Renault,Kangoo,Diésel,116961.0,75.0,manual,8990,Murcia,30005,Murcia,Murcia
Renault,Kangoo,Diésel,116961.0,75.0,manual,8990,Granada,18005,Granada,Granada
Renault,Kangoo,Diésel,116961.0,75.0,manual,8990,Valencia,46001,Valencia,Valencia
Renault,Kangoo,Diésel,116961.0,75.0,manual,8990,Badajoz,6003,Badajoz,Badajoz
Renault,Kangoo,Diésel,116961.0,75.0,manual,8990,Córdoba,14003,Córdoba,Córdoba
Renault,Kangoo,Diésel,116961.0,75.0,manual,8990,Cáceres,10001,Cáceres,Cáceres
Renault,Kangoo,Diésel,137858.0,90.0,manual,8990,A Coruña,15001,A Coruña,A Coruña
Renault,Kangoo,Diésel,87916.0,90.0,manual,11300,A Coruña,15001,A Coruña,A Coruña
Renault,Kangoo,Diésel,87916.0,90.0,manual,11300,Vigo,36204,Pontevedra,Vigo
Renault,Kangoo,Diésel,137858.0,90.0,manual,8990,Vigo,36204,Pontevedra,Vigo
Renault,Kangoo,Diésel,316800.0,65.0,manual,2990,Novelda,3660,Alicante,Novelda
Renault,Kangoo,Gasolina,29259.0,115.0,manual,15390,Madrid,28029,Madrid,Madrid
Renault,Laguna,Diésel,190000.0,130.0,manual,6900,Colonia Pablo Iglesias,28520,Madrid,Colonia Pablo Iglesias
Land Rover,Range Rover Evoque,Diésel,185818.0,179.0,manual,24000,La Poveda,28500,Madrid,La Poveda
Land Rover,Range Rover Evoque,Diésel,137549.0,150.0,manual,24138,Zaragoza,50013,Zaragoza,Zaragoza
Land Rover,Range Rover Evoque,Diésel,137549.0,150.0,manual,24138,Mercado Parque Corredor del Henares,28850,Madrid,Mercado Parque Corredor del Henares
Land Rover,Range Rover Evoque,Diésel,179526.0,190.0,automatic,21450,Santa Maria del Aguila,4710,Almería,Santa Maria del Aguila
Land Rover,Range Rover Evoque,Diésel,137549.0,150.0,manual,24138,Santa Maria del Aguila,4710,Almería,Santa Maria del Aguila
Land Rover,Range Rover Evoque,Diésel,86114.0,150.0,automatic,25900,Santa Maria del Aguila,4710,Almería,Santa Maria del Aguila
Land Rover,Range Rover Evoque,Diésel,82746.0,150.0,automatic,27900,Santa Maria del Aguila,4710,Almería,Santa Maria del Aguila
Land Rover,Range Rover Evoque,Diésel,137549.0,150.0,manual,24138,Alcalá de Guadaíra,41500,Sevilla,Alcalá de Guadaíra
Land Rover,Range Rover Evoque,Diésel,137549.0,150.0,manual,24138,Mercabilbao,48970,Bizkaia,Mercabilbao
Land Rover,Range Rover Evoque,Diésel,137549.0,150.0,manual,24138,Paterna,46980,Valencia,Paterna
Land Rover,Range Rover Evoque,Diésel,137549.0,150.0,manual,24138,Saladar,3700,Alicante,Saladar
Land Rover,Range Rover Evoque,Diésel,137549.0,150.0,manual,24138,Puerto de Sagunto,46520,Valencia,Puerto de Sagunto
Land Rover,Range Rover Evoque,Diésel,137549.0,150.0,manual,24138,Estepona,29680,Málaga,Estepona
Land Rover,Range Rover Evoque,Diésel,137549.0,150.0,manual,24138,Badajoz,6008,Badajoz,Badajoz
Land Rover,Range Rover Evoque,Diésel,137549.0,150.0,manual,24138,Valdepeñas,13300,Ciudad Real,Valdepeñas
Land Rover,Range Rover Evoque,Diésel,137549.0,150.0,manual,24138,Valdepeñas,13300,Ciudad Real,Valdepeñas
Land Rover,Range Rover Evoque,Diésel,137549.0,150.0,manual,24138,Santafe,18320,Granada,Santafe
Land Rover,Range Rover Evoque,Diésel,137549.0,150.0,manual,24138,Granollers,8403,Barcelona,Granollers
Land Rover,Range Rover Evoque,Diésel,137549.0,150.0,manual,24138,Vigo,36214,Pontevedra,Vigo
Land Rover,Range Rover Evoque,Diésel,137549.0,150.0,manual,24138,Murcia,30003,Murcia,Murcia
Land Rover,Range Rover Evoque,Diésel,137549.0,150.0,manual,24138,Atarrabia,31610,Navarra,Atarrabia
Land Rover,Range Rover Evoque,Diésel,137549.0,150.0,manual,24138,Olèrdola,8734,Barcelona,Olèrdola
Land Rover,Range Rover Evoque,Diésel,137549.0,150.0,manual,24138,Olèrdola,8734,Barcelona,Olèrdola
Land Rover,Range Rover Evoque,Diésel,179526.0,190.0,automatic,21450,Sant Vicenç de Montalt,8394,Barcelona,Sant Vicenç de Montalt
Land Rover,Range Rover Evoque,Diésel,88423.0,150.0,manual,23800,Sant Vicenç de Montalt,8394,Barcelona,Sant Vicenç de Montalt
Land Rover,Range Rover Evoque,Diésel,137549.0,150.0,manual,24138,Sant Vicenç de Montalt,8394,Barcelona,Sant Vicenç de Montalt
Land Rover,Range Rover Evoque,Diésel,86114.0,150.0,automatic,25900,Sant Vicenç de Montalt,8394,Barcelona,Sant Vicenç de Montalt
Land Rover,Range Rover Evoque,Diésel,82746.0,150.0,automatic,27900,Sant Vicenç de Montalt,8394,Barcelona,Sant Vicenç de Montalt
Land Rover,Range Rover Evoque,Diésel,137549.0,150.0,manual,24138,Ciudad Real,13003,Ciudad Real,Ciudad Real
Land Rover,Range Rover Evoque,Diésel,137549.0,150.0,manual,24138,Santiago de Compostela,15703,A Coruña,Santiago de Compostela
Land Rover,Range Rover Evoque,Diésel,137549.0,150.0,manual,24138,Alcobendas,28100,Madrid,Alcobendas
Land Rover,Range Rover Evoque,Diésel,137549.0,150.0,manual,24138,Hidraulica Santillana,28770,Madrid,Hidraulica Santillana
Land Rover,Range Rover Evoque,Diésel,137549.0,150.0,manual,24138,Albacete,2001,Albacete,Albacete
Land Rover,Range Rover Evoque,Diésel,137549.0,150.0,manual,24138,Alzira,46600,Valencia,Alzira
Land Rover,Range Rover Evoque,Diésel,137549.0,150.0,manual,24138,Alzira,46600,Valencia,Alzira
Land Rover,Range Rover Evoque,Diésel,137549.0,150.0,manual,24138,Castello/Castellon de La Plana,12100,Castellón,Castello/Castellon de La Plana
Land Rover,Range Rover Evoque,Diésel,137549.0,150.0,manual,24138,Alicante,3007,Alicante,Alicante
Land Rover,Range Rover Evoque,Diésel,137549.0,150.0,manual,24138,Colonia Pablo Iglesias,28520,Madrid,Colonia Pablo Iglesias
Land Rover,Range Rover Evoque,Diésel,137549.0,150.0,manual,24138,Alameda del Obispo,14005,Córdoba,Alameda del Obispo
Land Rover,Range Rover Evoque,Diésel,137549.0,150.0,manual,24138,Torremolinos,29620,Málaga,Torremolinos
Land Rover,Range Rover Evoque,Diésel,137549.0,150.0,manual,24138,Torremolinos,29620,Málaga,Torremolinos
Land Rover,Range Rover Evoque,Diésel,137549.0,150.0,manual,24138,Torremolinos,29620,Málaga,Torremolinos
Land Rover,Range Rover Evoque,Diésel,137549.0,150.0,manual,24138,Las Rozas de Madrid,28232,Madrid,Las Rozas de Madrid
Land Rover,Range Rover Evoque,Diésel,72000.0,150.0,automatic,35750,Sabadell,8205,Barcelona,Sabadell
Land Rover,Range Rover Evoque,Diésel,71913.0,150.0,automatic,31990,Lugar Nuevo de La Corona,46910,Valencia,Lugar Nuevo de La Corona
Land Rover,Range Rover Evoque,Diésel,71913.0,150.0,automatic,31990,Lugar Nuevo de La Corona,46910,Valencia,Lugar Nuevo de La Corona
Land Rover,Range Rover Evoque,Diésel,71913.0,150.0,automatic,31990,Lugar Nuevo de La Corona,46910,Valencia,Lugar Nuevo de La Corona
Land Rover,Range Rover Evoque,Diésel,71913.0,150.0,automatic,31990,Lugar Nuevo de La Corona,46910,Valencia,Lugar Nuevo de La Corona
Renault,Megane,Diésel,70698.0,90.0,manual,12700,Sevilla,41005,Sevilla,Sevilla
Renault,Megane,Diésel,70698.0,90.0,manual,12700,Madrid,28014,Madrid,Madrid
Renault,Megane,Diésel,70698.0,90.0,manual,12700,Badajoz,6008,Badajoz,Badajoz
Renault,Megane,Diésel,70698.0,90.0,manual,12700,Almería,4001,Almería,Almería
Renault,Megane,Diésel,70698.0,90.0,manual,12700,Cádiz,11006,Cádiz,Cádiz
Renault,Megane,Diésel,199999.0,110.0,manual,9990,Camping Costa Blanca,43850,Tarragona,Camping Costa Blanca
Renault,Megane,Diésel,134240.0,115.0,manual,13700,A Coruña,15001,A Coruña,A Coruña
Renault,Megane,Diésel,134240.0,115.0,manual,13700,Vigo,36204,Pontevedra,Vigo
Renault,Megane,Gasolina,39900.0,140.0,manual,22900,Montmeló,8160,Barcelona,Montmeló
Renault,Megane,Diésel,122000.0,110.0,manual,13499,Torrellano,3320,Alicante,Torrellano
Renault,Clio,Diésel,111571.0,75.0,manual,9900,Sevilla,41005,Sevilla,Sevilla
Renault,Clio,Diésel,111571.0,75.0,manual,9900,Madrid,28014,Madrid,Madrid
Renault,Clio,Diésel,125980.0,90.0,manual,10990,Madrid,28021,Madrid,Madrid
Renault,Clio,Diésel,125980.0,90.0,manual,10690,Madrid,28021,Madrid,Madrid
Renault,Clio,Diésel,111571.0,75.0,manual,9900,Badajoz,6008,Badajoz,Badajoz
Renault,Clio,Diésel,111571.0,75.0,manual,9900,Almería,4001,Almería,Almería
Renault,Clio,Diésel,111571.0,75.0,manual,9900,Cádiz,11006,Cádiz,Cádiz
Renault,Clio,Diésel,179890.0,75.0,manual,5490,Utebo,50180,Zaragoza,Utebo
Renault,Clio,Diésel,65713.0,90.0,manual,9990,Bilbao,48004,Bizkaia,Bilbao
Renault,Clio,Gasolina,73000.0,90.0,manual,10990,Bilbao,48004,Bizkaia,Bilbao
Renault,Clio,Diésel,65713.0,90.0,manual,9990,Sevilla,41005,Sevilla,Sevilla
Renault,Clio,Gasolina,73000.0,90.0,manual,10990,Sevilla,41005,Sevilla,Sevilla
Renault,Clio,Diésel,65713.0,90.0,manual,9990,Almería,4006,Almería,Almería
Renault,Clio,Diésel,65713.0,90.0,manual,9990,Vigo,36211,Pontevedra,Vigo
Renault,Clio,Diésel,65713.0,90.0,manual,9990,Alicante,3010,Alicante,Alicante
Renault,Clio,Diésel,65713.0,90.0,manual,9990,Alicante,3010,Murcia,Alicante
Renault,Clio,Gasolina,73000.0,90.0,manual,10990,Almería,4006,Almería,Almería
Renault,Clio,Gasolina,73000.0,90.0,manual,10990,Vigo,36211,Pontevedra,Vigo
Renault,Clio,Gasolina,73000.0,90.0,manual,10990,Alicante,3010,Alicante,Alicante
Renault,Clio,Gasolina,73000.0,90.0,manual,10990,Alicante,3010,Murcia,Alicante
Renault,Clio,Diésel,65713.0,90.0,manual,9990,Granada,18005,Granada,Granada
Renault,Clio,Gasolina,73000.0,90.0,manual,10990,Granada,18005,Granada,Granada
Renault,Clio,Diésel,65713.0,90.0,manual,9990,Salamanca,37008,Salamanca,Salamanca
Renault,Clio,Diésel,65713.0,90.0,manual,9990,Salamanca,37008,Salamanca,Salamanca
Renault,Clio,Diésel,65713.0,90.0,manual,9990,Murcia,30005,Murcia,Murcia
Renault,Clio,Gasolina,73000.0,90.0,manual,10990,Murcia,30005,Murcia,Murcia
Renault,Clio,Diésel,65713.0,90.0,manual,9990,Málaga,29005,Málaga,Málaga
Renault,Clio,Diésel,65713.0,90.0,manual,9990,Valencia,46001,Valencia,Valencia
Renault,Clio,Gasolina,73000.0,90.0,manual,10990,Málaga,29005,Málaga,Málaga
Renault,Clio,Gasolina,73000.0,90.0,manual,10990,Valencia,46001,Valencia,Valencia
Renault,Clio,Diésel,65713.0,90.0,manual,9990,Badajoz,6003,Badajoz,Badajoz
Renault,Clio,Diésel,65713.0,90.0,manual,9990,Cáceres,10001,Cáceres,Cáceres
Land Rover,Discovery Sport,Diésel,123125.0,150.0,automatic,25289,Zaragoza,50013,Zaragoza,Zaragoza
Land Rover,Discovery Sport,Diésel,123125.0,150.0,automatic,25289,Mercado Parque Corredor del Henares,28850,Madrid,Mercado Parque Corredor del Henares
Land Rover,Discovery Sport,Diésel,123125.0,150.0,automatic,25289,Santa Maria del Aguila,4710,Almería,Santa Maria del Aguila
Land Rover,Discovery Sport,Diésel,123125.0,150.0,automatic,25289,Alcalá de Guadaíra,41500,Sevilla,Alcalá de Guadaíra
Land Rover,Discovery Sport,Diésel,123125.0,150.0,automatic,25289,Mercabilbao,48970,Bizkaia,Mercabilbao
Land Rover,Discovery Sport,Diésel,123125.0,150.0,automatic,25289,Paterna,46980,Valencia,Paterna
Land Rover,Discovery Sport,Diésel,123125.0,150.0,automatic,25289,Saladar,3700,Alicante,Saladar
Land Rover,Discovery Sport,Diésel,123125.0,150.0,automatic,25289,Puerto de Sagunto,46520,Valencia,Puerto de Sagunto
Land Rover,Discovery Sport,Diésel,123125.0,150.0,automatic,25289,Estepona,29680,Málaga,Estepona
Land Rover,Discovery Sport,Diésel,123125.0,150.0,automatic,25289,Badajoz,6008,Badajoz,Badajoz
Land Rover,Discovery Sport,Diésel,123125.0,150.0,automatic,25289,Valdepeñas,13300,Ciudad Real,Valdepeñas
Land Rover,Discovery Sport,Diésel,123125.0,150.0,automatic,25289,Valdepeñas,13300,Ciudad Real,Valdepeñas
Land Rover,Discovery Sport,Diésel,123125.0,150.0,automatic,25289,Santafe,18320,Granada,Santafe
Land Rover,Discovery Sport,Diésel,123125.0,150.0,automatic,25289,Granollers,8403,Barcelona,Granollers
Land Rover,Discovery Sport,Diésel,123125.0,150.0,automatic,25289,Vigo,36214,Pontevedra,Vigo
Land Rover,Discovery Sport,Diésel,123125.0,150.0,automatic,25289,Murcia,30003,Murcia,Murcia
Land Rover,Discovery Sport,Diésel,123125.0,150.0,automatic,25289,Atarrabia,31610,Navarra,Atarrabia
Land Rover,Discovery Sport,Diésel,123125.0,150.0,automatic,25289,Olèrdola,8734,Barcelona,Olèrdola
Land Rover,Discovery Sport,Diésel,123125.0,150.0,automatic,25289,Olèrdola,8734,Barcelona,Olèrdola
Land Rover,Discovery Sport,Diésel,123125.0,150.0,automatic,25289,Sant Vicenç de Montalt,8394,Barcelona,Sant Vicenç de Montalt
Land Rover,Discovery Sport,Diésel,123125.0,150.0,automatic,25289,Ciudad Real,13003,Ciudad Real,Ciudad Real
Land Rover,Discovery Sport,Diésel,123125.0,150.0,automatic,25289,Santiago de Compostela,15703,A Coruña,Santiago de Compostela
Land Rover,Discovery Sport,Diésel,123125.0,150.0,automatic,25289,Alcobendas,28100,Madrid,Alcobendas
Land Rover,Discovery Sport,Diésel,123125.0,150.0,automatic,25289,Hidraulica Santillana,28770,Madrid,Hidraulica Santillana
Land Rover,Discovery Sport,Diésel,123125.0,150.0,automatic,25289,Albacete,2001,Albacete,Albacete
Land Rover,Discovery Sport,Diésel,123125.0,150.0,automatic,25289,Castello/Castellon de La Plana,12100,Castellón,Castello/Castellon de La Plana
Land Rover,Discovery Sport,Diésel,123125.0,150.0,automatic,25289,Alzira,46600,Valencia,Alzira
Land Rover,Discovery Sport,Diésel,123125.0,150.0,automatic,25289,Alzira,46600,Valencia,Alzira
Land Rover,Discovery Sport,Diésel,123125.0,150.0,automatic,25289,Alicante,3007,Alicante,Alicante
Land Rover,Discovery Sport,Diésel,123125.0,150.0,automatic,25289,Colonia Pablo Iglesias,28520,Madrid,Colonia Pablo Iglesias
Land Rover,Discovery Sport,Diésel,123125.0,150.0,automatic,25289,Las Rozas de Madrid,28232,Madrid,Las Rozas de Madrid
Land Rover,Discovery Sport,Diésel,123125.0,150.0,automatic,25289,Alameda del Obispo,14005,Córdoba,Alameda del Obispo
Land Rover,Discovery Sport,Diésel,123125.0,150.0,automatic,25289,Torremolinos,29620,Málaga,Torremolinos
Land Rover,Discovery Sport,Diésel,123125.0,150.0,automatic,25289,Torremolinos,29620,Málaga,Torremolinos
Land Rover,Discovery Sport,Diésel,123125.0,150.0,automatic,25289,Torremolinos,29620,Málaga,Torremolinos
SEAT,Leon,Gasolina,21087.0,150.0,manual,22990,Madrid,28021,Madrid,Madrid
SEAT,Leon,Gasolina,43960.0,130.0,manual,17135,Collado Villalba,28400,Madrid,Collado Villalba
SEAT,Leon,Gasolina,43960.0,130.0,manual,17135,Collado Villalba,28400,Madrid,Collado Villalba
SEAT,Leon,Gasolina,43960.0,130.0,manual,17135,Vigo,36214,Pontevedra,Vigo
SEAT,Leon,Gasolina,43960.0,130.0,manual,17135,Mercado Parque Corredor del Henares,28850,Madrid,Mercado Parque Corredor del Henares
SEAT,Leon,Gasolina,43960.0,130.0,manual,17135,Colonia Pablo Iglesias,28520,Madrid,Colonia Pablo Iglesias
SEAT,Leon,Gasolina,43960.0,130.0,manual,17135,Sant Vicenç de Montalt,8394,Barcelona,Sant Vicenç de Montalt
SEAT,Leon,Gasolina,43960.0,130.0,manual,17135,Estepona,29680,Málaga,Estepona
SEAT,Leon,Gasolina,43960.0,130.0,manual,17135,Murcia,30003,Murcia,Murcia
SEAT,Leon,Gasolina,43960.0,130.0,manual,17135,Saladar,3700,Alicante,Saladar
SEAT,Leon,Gasolina,43960.0,130.0,manual,17135,Granollers,8403,Barcelona,Granollers
SEAT,Leon,Gasolina,43960.0,130.0,manual,17135,Ciudad Real,13003,Ciudad Real,Ciudad Real
SEAT,Leon,Gasolina,43960.0,130.0,manual,17135,Valdepeñas,13300,Ciudad Real,Valdepeñas
SEAT,Leon,Gasolina,43960.0,130.0,manual,17135,Valdepeñas,13300,Ciudad Real,Valdepeñas
SEAT,Leon,Gasolina,45724.0,150.0,manual,21990,Bilbao,48004,Bizkaia,Bilbao
SEAT,Leon,Gasolina,45724.0,150.0,manual,20990,Bilbao,48004,Bizkaia,Bilbao
SEAT,Leon,Gasolina,92016.0,150.0,automatic,15990,Bilbao,48004,Bizkaia,Bilbao
SEAT,Leon,Gasolina,45724.0,150.0,manual,21990,Sevilla,41005,Sevilla,Sevilla
SEAT,Leon,Gasolina,45724.0,150.0,manual,20990,Sevilla,41005,Sevilla,Sevilla
SEAT,Leon,Gasolina,19976.0,150.0,manual,20990,Bilbao,48004,Bizkaia,Bilbao
SEAT,Leon,Gasolina,92016.0,150.0,automatic,15990,Sevilla,41005,Sevilla,Sevilla
SEAT,Leon,Diésel,50000.0,110.0,manual,12990,Castellón,12001,Castellón,Castellón
SEAT,Leon,Gasolina,19976.0,150.0,manual,20990,Sevilla,41005,Sevilla,Sevilla
SEAT,Leon,Gasolina,45724.0,150.0,manual,21990,Almería,4006,Almería,Almería
SEAT,Leon,Gasolina,45724.0,150.0,manual,20990,Almería,4006,Almería,Almería
SEAT,Leon,Gasolina,45724.0,150.0,manual,21990,Vigo,36211,Pontevedra,Vigo
SEAT,Leon,Gasolina,45724.0,150.0,manual,20990,Vigo,36211,Pontevedra,Vigo
SEAT,Leon,Gasolina,51059.0,300.0,manual,25990,Bilbao,48004,Bizkaia,Bilbao
SEAT,Leon,Gasolina,45724.0,150.0,manual,21990,Alicante,3010,Alicante,Alicante
SEAT,Leon,Gasolina,45724.0,150.0,manual,21990,Alicante,3010,Murcia,Alicante
SEAT,Leon,Gasolina,45724.0,150.0,manual,20990,Alicante,3010,Alicante,Alicante
SEAT,Leon,Gasolina,45724.0,150.0,manual,20990,Alicante,3010,Murcia,Alicante
SEAT,Leon,Gasolina,43960.0,130.0,manual,17135,Badajoz,6008,Badajoz,Badajoz
SEAT,Leon,Gasolina,92016.0,150.0,automatic,15990,Almería,4006,Almería,Almería
SEAT,Leon,Gasolina,92016.0,150.0,automatic,15990,Vigo,36211,Pontevedra,Vigo
SEAT,Leon,Diésel,50000.0,110.0,manual,12990,Bilbao,48004,Bizkaia,Bilbao
SEAT,Leon,Gasolina,92016.0,150.0,automatic,15990,Alicante,3010,Alicante,Alicante
SEAT,Leon,Gasolina,92016.0,150.0,automatic,15990,Alicante,3010,Murcia,Alicante
SEAT,Leon,Gasolina,19976.0,150.0,manual,20990,Almería,4006,Almería,Almería
SEAT,Leon,Gasolina,19976.0,150.0,manual,20990,Vigo,36211,Pontevedra,Vigo
SEAT,Leon,Gasolina,19976.0,150.0,manual,20990,Alicante,3010,Alicante,Alicante
SEAT,Leon,Gasolina,19976.0,150.0,manual,20990,Alicante,3010,Murcia,Alicante
SEAT,Leon,Diésel,50000.0,110.0,manual,12990,Sevilla,41005,Sevilla,Sevilla
SEAT,Tarraco,Diésel,42000.0,150.0,manual,35990,Irún,20305,Gipuzkoa,Irún
SEAT,Toledo,Diésel,188000.0,140.0,manual,3950,Esplugues de Llobregat,8950,Barcelona,Esplugues de Llobregat
SEAT,Toledo,Diésel,145000.0,90.0,manual,11800,Coria,10800,Cáceres,Coria
SEAT,Toledo,Gasolina,78000.0,115.0,manual,2400,L'Hospitalet de Llobregat,8901,Barcelona,L'Hospitalet de Llobregat
SEAT,Ibiza,Diésel,96011.0,90.0,manual,9900,Sevilla,41005,Sevilla,Sevilla
SEAT,Ibiza,Diésel,96011.0,90.0,manual,9900,Madrid,28014,Madrid,Madrid
SEAT,Ibiza,Gasolina,36333.0,75.0,manual,11490,Madrid,28021,Madrid,Madrid
SEAT,Ibiza,Gasolina,36333.0,75.0,manual,11690,Madrid,28021,Madrid,Madrid
SEAT,Ibiza,Diésel,62330.0,80.0,manual,13490,Madrid,28021,Madrid,Madrid
SEAT,Ibiza,Gasolina,76217.0,90.0,manual,10990,Madrid,28021,Madrid,Madrid
SEAT,Ibiza,Gasolina,76217.0,90.0,manual,11290,Madrid,28021,Madrid,Madrid
SEAT,Ibiza,Gasolina,95143.0,115.0,manual,14890,Madrid,28021,Madrid,Madrid
SEAT,Ibiza,Gasolina,95143.0,115.0,manual,14590,Madrid,28021,Madrid,Madrid
SEAT,Ibiza,Diésel,93478.0,115.0,manual,18975,Collado Villalba,28400,Madrid,Collado Villalba
SEAT,Ibiza,Diésel,93478.0,115.0,manual,18975,Collado Villalba,28400,Madrid,Collado Villalba
SEAT,Ibiza,Diésel,93478.0,115.0,manual,18975,Vigo,36214,Pontevedra,Vigo
SEAT,Ibiza,Diésel,96011.0,90.0,manual,9900,Badajoz,6008,Badajoz,Badajoz
SEAT,Ibiza,Diésel,96011.0,90.0,manual,9900,Almería,4001,Almería,Almería
SEAT,Ibiza,Diésel,96011.0,90.0,manual,9900,Cádiz,11006,Cádiz,Cádiz
SEAT,Ibiza,Diésel,93478.0,115.0,manual,18975,Mercado Parque Corredor del Henares,28850,Madrid,Mercado Parque Corredor del Henares
SEAT,Ibiza,Diésel,93478.0,115.0,manual,18975,Colonia Pablo Iglesias,28520,Madrid,Colonia Pablo Iglesias
SEAT,Ibiza,Diésel,93478.0,115.0,manual,18975,Sant Vicenç de Montalt,8394,Barcelona,Sant Vicenç de Montalt
SEAT,Ibiza,Diésel,93478.0,115.0,manual,18975,Estepona,29680,Málaga,Estepona
SEAT,Ibiza,Diésel,93478.0,115.0,manual,18975,Murcia,30003,Murcia,Murcia
SEAT,Ibiza,Diésel,93478.0,115.0,manual,18975,Saladar,3700,Alicante,Saladar
SEAT,Ibiza,Diésel,93478.0,115.0,manual,18975,Granollers,8403,Barcelona,Granollers
SEAT,Ibiza,Diésel,143000.0,90.0,manual,8950,Sevilla,41007,Sevilla,Sevilla
SEAT,Ibiza,Gasolina,114251.0,90.0,manual,10950,Sevilla,41007,Sevilla,Sevilla
SEAT,Ibiza,Diésel,93478.0,115.0,manual,18975,Ciudad Real,13003,Ciudad Real,Ciudad Real
SEAT,Ibiza,Diésel,93478.0,115.0,manual,18975,Valdepeñas,13300,Ciudad Real,Valdepeñas
SEAT,Ibiza,Diésel,93478.0,115.0,manual,18975,Valdepeñas,13300,Ciudad Real,Valdepeñas
SEAT,Ibiza,Gasolina,31000.0,110.0,manual,18490,Bilbao,48004,Bizkaia,Bilbao
SEAT,Ibiza,Gasolina,31000.0,110.0,manual,18490,Castellón,12001,Castellón,Castellón
SEAT,Ibiza,Gasolina,31000.0,110.0,manual,18490,Sevilla,41005,Sevilla,Sevilla
SEAT,Ibiza,Gasolina,19552.0,90.0,manual,10500,Sevilla,41005,Sevilla,Sevilla
Land Rover,Freelander,Diésel,280000.0,112.0,manual,5990,Arriaga,1013,Álava,Arriaga
Land Rover,Freelander,Diésel,224000.0,160.0,manual,9900,Poligono Fuente del Jarro,46988,Valencia,Poligono Fuente del Jarro
Renault,Grand Scenic,Diésel,134.0,130.0,manual,18990,Sevilla,41005,Sevilla,Sevilla
Renault,Grand Scenic,Diésel,134.0,130.0,manual,18990,Valencia,46001,Valencia,Valencia
Renault,Grand Scenic,Diésel,134.0,130.0,manual,18990,Málaga,29005,Málaga,Málaga
Renault,Grand Scenic,Gasolina,39534.0,140.0,automatic,25199,Madrid,28014,Madrid,Madrid
Renault,Grand Scenic,Gasolina,39534.0,140.0,automatic,25199,Barcelona,8007,Barcelona,Barcelona
Renault,Grand Scenic,Diésel,100336.0,130.0,manual,19499,Madrid,28014,Madrid,Madrid
Renault,Grand Scenic,Diésel,100336.0,130.0,manual,19499,Barcelona,8007,Barcelona,Barcelona
Renault,Grand Scenic,Diésel,210000.0,130.0,manual,5499,Logroño,26001,La Rioja,Logroño
Renault,Grand Scenic,Diésel,133328.0,110.0,manual,236,Tarragona,43002,Tarragona,Tarragona
Renault,Grand Scenic,Diésel,133328.0,110.0,manual,236,Girona,17005,Girona,Girona
Skoda,Octavia,Diésel,111000.0,115.0,manual,383,Madrid,28006,Madrid,Madrid
Skoda,Octavia,Gasolina,59700.0,245.0,automatic,25499,Castello/Castellon de La Plana,12100,Castellón,Castello/Castellon de La Plana
Skoda,Octavia,Diésel,228000.0,190.0,automatic,17000,Montijo,6480,Badajoz,Montijo
Skoda,Octavia,Gasolina,88973.0,105.0,manual,9500,Mataró,8302,Barcelona,Mataró
Skoda,Octavia,Gasolina,54905.0,150.0,automatic,21900,Martorell,8760,Barcelona,Martorell
Land Rover,Range Rover Sport,Diésel,175138.0,272.0,automatic,12900,Sant Vicenç de Montalt,8394,Barcelona,Sant Vicenç de Montalt
Land Rover,Range Rover Sport,Diésel,139000.0,258.0,automatic,36400,Alcorcón,28921,Madrid,Alcorcón
Jeep,Renegade,Gasolina,77935.0,120.0,manual,17825,Collado Villalba,28400,Madrid,Collado Villalba
Jeep,Renegade,Gasolina,77935.0,120.0,manual,17825,Collado Villalba,28400,Madrid,Collado Villalba
Jeep,Renegade,Gasolina,77935.0,120.0,manual,17825,Vigo,36214,Pontevedra,Vigo
Jeep,Renegade,Gasolina,77935.0,120.0,manual,17825,Mercado Parque Corredor del Henares,28850,Madrid,Mercado Parque Corredor del Henares
Jeep,Renegade,Gasolina,77935.0,120.0,manual,17825,Colonia Pablo Iglesias,28520,Madrid,Colonia Pablo Iglesias
Jeep,Renegade,Gasolina,77935.0,120.0,manual,17825,Sant Vicenç de Montalt,8394,Barcelona,Sant Vicenç de Montalt
Jeep,Renegade,Gasolina,77935.0,120.0,manual,17825,Estepona,29680,Málaga,Estepona
Jeep,Renegade,Gasolina,77935.0,120.0,manual,17825,Murcia,30003,Murcia,Murcia
Jeep,Renegade,Gasolina,77935.0,120.0,manual,17825,Saladar,3700,Alicante,Saladar
Jeep,Renegade,Gasolina,77935.0,120.0,manual,17825,Granollers,8403,Barcelona,Granollers
Jeep,Renegade,Gasolina,77935.0,120.0,manual,17825,Ciudad Real,13003,Ciudad Real,Ciudad Real
Jeep,Renegade,Gasolina,77935.0,120.0,manual,17825,Valdepeñas,13300,Ciudad Real,Valdepeñas
Jeep,Renegade,Gasolina,77935.0,120.0,manual,17825,Valdepeñas,13300,Ciudad Real,Valdepeñas
Jeep,Renegade,Gasolina,77935.0,120.0,manual,17825,Badajoz,6008,Badajoz,Badajoz
Jeep,Renegade,Gasolina,77935.0,120.0,manual,17825,Barcelona,8007,Barcelona,Barcelona
Jeep,Renegade,Gasolina,77935.0,120.0,manual,17825,Olèrdola,8734,Barcelona,Olèrdola
Jeep,Renegade,Gasolina,77935.0,120.0,manual,17825,Olèrdola,8734,Barcelona,Olèrdola
Jeep,Renegade,Gasolina,77935.0,120.0,manual,17825,Santa Maria del Aguila,4710,Almería,Santa Maria del Aguila
Jeep,Renegade,Gasolina,77935.0,120.0,manual,17825,Las Rozas de Madrid,28232,Madrid,Las Rozas de Madrid
Jeep,Renegade,Gasolina,77935.0,120.0,manual,17825,Paterna,46980,Valencia,Paterna
Jeep,Renegade,Gasolina,77935.0,120.0,manual,17825,Atarrabia,31610,Navarra,Atarrabia
Jeep,Renegade,Gasolina,77935.0,120.0,manual,17825,Alcalá de Guadaíra,41500,Sevilla,Alcalá de Guadaíra
Jeep,Renegade,Gasolina,77935.0,120.0,manual,17825,Santafe,18320,Granada,Santafe
Jeep,Renegade,Gasolina,77935.0,120.0,manual,17825,Puerto de Sagunto,46520,Valencia,Puerto de Sagunto
Jeep,Renegade,Gasolina,77935.0,120.0,manual,17825,Zaragoza,50013,Zaragoza,Zaragoza
Jeep,Renegade,Gasolina,77935.0,120.0,manual,17825,Mercabilbao,48970,Bizkaia,Mercabilbao
Jeep,Renegade,Gasolina,77935.0,120.0,manual,17825,Hidraulica Santillana,28770,Madrid,Hidraulica Santillana
Jeep,Renegade,Gasolina,77935.0,120.0,manual,17825,Alcobendas,28100,Madrid,Alcobendas
Jeep,Renegade,Gasolina,77935.0,120.0,manual,17825,Albacete,2001,Albacete,Albacete
Jeep,Renegade,Gasolina,77935.0,120.0,manual,17825,Castello/Castellon de La Plana,12100,Castellón,Castello/Castellon de La Plana
Jeep,Renegade,Gasolina,77935.0,120.0,manual,17825,Alzira,46600,Valencia,Alzira
Jeep,Renegade,Gasolina,77935.0,120.0,manual,17825,Alzira,46600,Valencia,Alzira
Jeep,Renegade,Gasolina,77935.0,120.0,manual,17825,Alicante,3007,Alicante,Alicante
Jeep,Renegade,Gasolina,77935.0,120.0,manual,17825,Alameda del Obispo,14005,Córdoba,Alameda del Obispo
Jeep,Renegade,Gasolina,77935.0,120.0,manual,17825,Torremolinos,29620,Málaga,Torremolinos
Jeep,Renegade,Gasolina,77935.0,120.0,manual,17825,Torremolinos,29620,Málaga,Torremolinos
Jeep,Renegade,Gasolina,77935.0,120.0,manual,17825,Torremolinos,29620,Málaga,Torremolinos
Jeep,Renegade,Gasolina,77935.0,120.0,manual,17825,Santiago de Compostela,15703,A Coruña,Santiago de Compostela
Jeep,Renegade,Gasolina,77935.0,120.0,manual,17825,Getafe,28906,Madrid,Getafe
Jeep,Compass,Gasolina,30863.0,140.0,manual,21990,Madrid,28021,Madrid,Madrid
Jeep,Compass,Gasolina,71677.0,140.0,manual,17490,Madrid,28021,Madrid,Madrid
Renault,Espace,Diésel,155000.0,160.0,automatic,15990,Sevilla,41005,Sevilla,Sevilla
Renault,Espace,Diésel,113500.0,130.0,manual,16490,Sevilla,41005,Sevilla,Sevilla
Renault,Espace,Diésel,83800.0,160.0,automatic,23490,Sevilla,41005,Sevilla,Sevilla
Renault,Espace,Diésel,83800.0,160.0,automatic,23490,Collado Villalba,28400,Madrid,Collado Villalba
Renault,Espace,Diésel,83800.0,160.0,automatic,23490,Collado Villalba,28400,Madrid,Collado Villalba
Renault,Espace,Diésel,113500.0,130.0,manual,16490,Almería,4006,Almería,Almería
Renault,Espace,Diésel,83800.0,160.0,automatic,23490,Almería,4006,Almería,Almería
Renault,Espace,Diésel,113500.0,130.0,manual,16490,Vigo,36211,Pontevedra,Vigo
Renault,Espace,Diésel,83800.0,160.0,automatic,23490,Vigo,36211,Pontevedra,Vigo
Renault,Espace,Diésel,155000.0,160.0,automatic,15990,Valencia,46001,Valencia,Valencia
Renault,Espace,Diésel,113500.0,130.0,manual,16490,Murcia,30005,Murcia,Murcia
Renault,Espace,Diésel,83800.0,160.0,automatic,23490,Murcia,30005,Murcia,Murcia
Renault,Espace,Diésel,155000.0,160.0,automatic,15990,Málaga,29005,Málaga,Málaga
Renault,Espace,Diésel,113500.0,130.0,manual,16490,Valencia,46001,Valencia,Valencia
Renault,Espace,Diésel,83800.0,160.0,automatic,23490,Valencia,46001,Valencia,Valencia
Renault,Espace,Diésel,113500.0,130.0,manual,16490,Granada,18005,Granada,Granada
Renault,Espace,Diésel,83800.0,160.0,automatic,23490,Toledo,45002,Toledo,Toledo
Renault,Espace,Diésel,83800.0,160.0,automatic,23490,Granada,18005,Granada,Granada
Renault,Espace,Diésel,83800.0,160.0,automatic,23490,Las Rozas de Madrid,28232,Madrid,Las Rozas de Madrid
Renault,Espace,Diésel,113500.0,130.0,manual,16490,Bilbao,48004,Bizkaia,Bilbao
Renault,Espace,Diésel,113500.0,130.0,manual,16490,Alicante,3010,Alicante,Alicante
Renault,Espace,Diésel,113500.0,130.0,manual,16490,Alicante,3010,Murcia,Alicante
Renault,Espace,Diésel,83800.0,160.0,automatic,23490,Bilbao,48004,Bizkaia,Bilbao
Renault,Espace,Diésel,83800.0,160.0,automatic,23490,Alicante,3010,Alicante,Alicante
Renault,Espace,Diésel,83800.0,160.0,automatic,23490,Alicante,3010,Murcia,Alicante
Renault,Espace,Diésel,83570.0,160.0,automatic,21499,Barcelona,8007,Barcelona,Barcelona
Renault,Espace,Diésel,83570.0,160.0,automatic,21499,Madrid,28014,Madrid,Madrid
Renault,Espace,Diésel,83800.0,160.0,automatic,23490,Colonia Pablo Iglesias,28520,Madrid,Colonia Pablo Iglesias
Renault,Espace,Diésel,83800.0,160.0,automatic,23490,Fuenlabrada,28947,Madrid,Fuenlabrada
Renault,Espace,Diésel,83800.0,160.0,automatic,23490,Camarma de Esteruelas,28816,Madrid,Camarma de Esteruelas
Renault,Espace,Diésel,83800.0,160.0,automatic,23490,Camarma de Esteruelas,28816,Madrid,Camarma de Esteruelas
Renault,Espace,Diésel,113500.0,130.0,manual,16490,Palma de Mallorca,7003,Baleares,Palma de Mallorca
Renault,Espace,Diésel,155000.0,160.0,automatic,15990,Palau-Solita I Plegamans,8184,Barcelona,Palau-Solita I Plegamans
Renault,Espace,Diésel,155000.0,160.0,automatic,15990,Palau-Solita I Plegamans,8184,Barcelona,Palau-Solita I Plegamans
Renault,Espace,Diésel,135000.0,160.0,automatic,17490,Fuenlabrada,28943,Madrid,Fuenlabrada
Jeep,Wrangler,Diésel,79072.0,200.0,automatic,37900,Murcia,30003,Murcia,Murcia
Jeep,Wrangler,Diésel,79072.0,200.0,automatic,37900,Saladar,3700,Alicante,Saladar
Jeep,Wrangler,Diésel,79072.0,200.0,automatic,37900,Granollers,8403,Barcelona,Granollers
Jeep,Wrangler,Diésel,79072.0,200.0,automatic,37900,Ciudad Real,13003,Ciudad Real,Ciudad Real
Jeep,Wrangler,Diésel,79072.0,200.0,automatic,37900,Valdepeñas,13300,Ciudad Real,Valdepeñas
Jeep,Wrangler,Diésel,79072.0,200.0,automatic,37900,Valdepeñas,13300,Ciudad Real,Valdepeñas
Jeep,Wrangler,Diésel,79072.0,200.0,automatic,37900,Badajoz,6008,Badajoz,Badajoz
Jeep,Wrangler,Diésel,79072.0,200.0,automatic,37900,Barcelona,8007,Barcelona,Barcelona
Jeep,Wrangler,Diésel,79072.0,200.0,automatic,37900,Olèrdola,8734,Barcelona,Olèrdola
Jeep,Wrangler,Diésel,79072.0,200.0,automatic,37900,Olèrdola,8734,Barcelona,Olèrdola
Jeep,Wrangler,Diésel,79072.0,200.0,automatic,37900,Santa Maria del Aguila,4710,Almería,Santa Maria del Aguila
Jeep,Wrangler,Diésel,79072.0,200.0,automatic,37900,Las Rozas de Madrid,28232,Madrid,Las Rozas de Madrid
Jeep,Wrangler,Diésel,79072.0,200.0,automatic,37900,Alcobendas,28100,Madrid,Alcobendas
Jeep,Wrangler,Diésel,79072.0,200.0,automatic,37900,Hidraulica Santillana,28770,Madrid,Hidraulica Santillana
Jeep,Wrangler,Diésel,79072.0,200.0,automatic,37900,Castello/Castellon de La Plana,12100,Castellón,Castello/Castellon de La Plana
Jeep,Wrangler,Diésel,79072.0,200.0,automatic,37900,Atarrabia,31610,Navarra,Atarrabia
Jeep,Wrangler,Diésel,79072.0,200.0,automatic,37900,Mercabilbao,48970,Bizkaia,Mercabilbao
Jeep,Wrangler,Diésel,79072.0,200.0,automatic,37900,Zaragoza,50013,Zaragoza,Zaragoza
Jeep,Wrangler,Diésel,79072.0,200.0,automatic,37900,Paterna,46980,Valencia,Paterna
Jeep,Wrangler,Diésel,79072.0,200.0,automatic,37900,Alzira,46600,Valencia,Alzira
Jeep,Wrangler,Diésel,79072.0,200.0,automatic,37900,Alzira,46600,Valencia,Alzira
Jeep,Wrangler,Diésel,79072.0,200.0,automatic,37900,Alicante,3007,Alicante,Alicante
Jeep,Wrangler,Diésel,79072.0,200.0,automatic,37900,Santafe,18320,Granada,Santafe
Jeep,Wrangler,Diésel,79072.0,200.0,automatic,37900,Alcalá de Guadaíra,41500,Sevilla,Alcalá de Guadaíra
Jeep,Wrangler,Diésel,79072.0,200.0,automatic,37900,Albacete,2001,Albacete,Albacete
Jeep,Wrangler,Diésel,79072.0,200.0,automatic,37900,Getafe,28906,Madrid,Getafe
Jeep,Wrangler,Diésel,79072.0,200.0,automatic,37900,Alameda del Obispo,14005,Córdoba,Alameda del Obispo
Jeep,Wrangler,Diésel,79072.0,200.0,automatic,37900,Torremolinos,29620,Málaga,Torremolinos
Jeep,Wrangler,Diésel,79072.0,200.0,automatic,37900,Torremolinos,29620,Málaga,Torremolinos
Jeep,Wrangler,Diésel,79072.0,200.0,automatic,37900,Torremolinos,29620,Málaga,Torremolinos
Jeep,Wrangler,Diésel,79072.0,200.0,automatic,37900,Santiago de Compostela,15703,A Coruña,Santiago de Compostela
Toyota,Aygo,Gasolina,8.0,72.0,manual,20900,Fornells de la Selva,17458,Girona,Fornells de la Selva
Toyota,Aygo,Gasolina,53040.0,70.0,manual,10099,Madrid,28014,Madrid,Madrid
Toyota,Aygo,Gasolina,53040.0,70.0,manual,10099,Barcelona,8007,Barcelona,Barcelona
Opel,Zafira Tourer,Diésel,71582.0,136.0,manual,12990,Bilbao,48004,Bizkaia,Bilbao
Opel,Zafira Tourer,Diésel,71582.0,136.0,manual,12990,Castellón,12001,Castellón,Castellón
Opel,Zafira Tourer,Diésel,71582.0,136.0,manual,12990,Sevilla,41005,Sevilla,Sevilla
Opel,Zafira Tourer,Diésel,71582.0,136.0,manual,12990,Almería,4006,Almería,Almería
Opel,Zafira Tourer,Diésel,71582.0,136.0,manual,12990,Vigo,36211,Pontevedra,Vigo
Opel,Zafira Tourer,Diésel,71582.0,136.0,manual,12990,Alicante,3010,Alicante,Alicante
Opel,Zafira Tourer,Diésel,71582.0,136.0,manual,12990,Alicante,3010,Murcia,Alicante
Opel,Zafira Tourer,Diésel,71582.0,136.0,manual,12990,Murcia,30005,Murcia,Murcia
Opel,Zafira Tourer,Diésel,71582.0,136.0,manual,12990,Granada,18005,Granada,Granada
Opel,Zafira Tourer,Diésel,71582.0,136.0,manual,12990,Málaga,29005,Málaga,Málaga
Opel,Zafira Tourer,Diésel,71582.0,136.0,manual,12990,Valencia,46001,Valencia,Valencia
Opel,Zafira Tourer,Diésel,71582.0,136.0,manual,12990,Palma de Mallorca,7003,Baleares,Palma de Mallorca
Opel,Zafira Tourer,Diésel,213000.0,130.0,manual,8000,Donostia-San Sebastián,20018,Gipuzkoa,Donostia-San Sebastián
Opel,Crossland,Gasolina,14306.0,130.0,manual,19490,Madrid,28021,Madrid,Madrid
Opel,Crossland,Gasolina,10151.0,130.0,manual,19990,Madrid,28021,Madrid,Madrid
Opel,Crossland,Gasolina,36210.0,110.0,manual,17990,Madrid,28021,Madrid,Madrid
Opel,Crossland,Gasolina,36210.0,110.0,manual,16990,Madrid,28021,Madrid,Madrid
Opel,Combo,Diésel,81306.0,95.0,manual,10990,Madrid,28021,Madrid,Madrid
Opel,Combo,Diésel,122301.0,100.0,manual,14500,Alcover,43460,Tarragona,Alcover
Opel,Combo,Diésel,79000.0,95.0,manual,15600,Gandia,46701,Valencia,Gandia
Opel,Mokka X,Gasolina,63000.0,140.0,manual,14990,La Canonja,43110,Tarragona,La Canonja
Opel,Mokka X,Gasolina,63000.0,140.0,manual,14990,Barcelona,8007,Barcelona,Barcelona
Opel,Grandland X,Diésel,111000.0,120.0,manual,15400,Bormujos,41930,Sevilla,Bormujos
Opel,Grandland X,Diésel,111000.0,120.0,manual,15400,Valencia,46002,Valencia,Valencia
Opel,Grandland X,Diésel,64867.0,120.0,manual,16599,Barcelona,8007,Barcelona,Barcelona
Opel,Grandland X,Diésel,69529.0,131.0,manual,16890,Sevilla,41006,Sevilla,Sevilla
Opel,Grandland X,Diésel,69529.0,131.0,manual,16890,Torrejón de Ardoz,28850,Madrid,Torrejón de Ardoz
Opel,Grandland X,Diésel,69529.0,131.0,manual,16890,Valencia,46002,Valencia,Valencia
Opel,Grandland X,Diésel,69529.0,131.0,manual,16890,Sant Boi de Llobregat,8830,Barcelona,Sant Boi de Llobregat
Opel,Astra,Diésel,108125.0,110.0,manual,11900,Sevilla,41005,Sevilla,Sevilla
Opel,Astra,Diésel,108125.0,110.0,manual,11900,Madrid,28014,Madrid,Madrid
Opel,Astra,Gasolina,32729.0,145.0,manual,19490,Madrid,28021,Madrid,Madrid
Opel,Astra,Gasolina,33315.0,145.0,manual,18990,Madrid,28021,Madrid,Madrid
Opel,Astra,Gasolina,28503.0,130.0,manual,17490,Madrid,28021,Madrid,Madrid
Opel,Astra,Diésel,214283.0,110.0,manual,6800,La Poveda,28500,Madrid,La Poveda
Opel,Astra,Diésel,108125.0,110.0,manual,11900,Badajoz,6008,Badajoz,Badajoz
Opel,Astra,Diésel,108125.0,110.0,manual,11900,Almería,4001,Almería,Almería
Opel,Astra,Diésel,108125.0,110.0,manual,11900,Cádiz,11006,Cádiz,Cádiz
Opel,Astra,Diésel,133100.0,110.0,manual,9990,Bilbao,48004,Bizkaia,Bilbao
Opel,Astra,Diésel,133100.0,110.0,manual,9990,Sevilla,41005,Sevilla,Sevilla
Opel,Astra,Diésel,133100.0,110.0,manual,9990,Almería,4006,Almería,Almería
Opel,Astra,Diésel,133100.0,110.0,manual,9990,Vigo,36211,Pontevedra,Vigo
Opel,Astra,Diésel,133100.0,110.0,manual,9990,Alicante,3010,Alicante,Alicante
Opel,Astra,Diésel,133100.0,110.0,manual,9990,Alicante,3010,Murcia,Alicante
Opel,Astra,Diésel,133100.0,110.0,manual,9990,Huelva,21004,Huelva,Huelva
Opel,Astra,Diésel,133100.0,110.0,manual,9990,Sevilla,41017,Sevilla,Sevilla
Opel,Astra,Diésel,133100.0,110.0,manual,9990,Murcia,30005,Murcia,Murcia
Opel,Astra,Diésel,133100.0,110.0,manual,9990,Granada,18005,Granada,Granada
Opel,Astra,Diésel,133100.0,110.0,manual,9990,Málaga,29005,Málaga,Málaga
Opel,Astra,Diésel,133100.0,110.0,manual,9990,Valencia,46001,Valencia,Valencia
Opel,Astra,Diésel,133100.0,110.0,manual,9990,Badajoz,6003,Badajoz,Badajoz
Opel,Astra,Diésel,133100.0,110.0,manual,9990,Córdoba,14003,Córdoba,Córdoba
Opel,Astra,Diésel,133100.0,110.0,manual,9990,Cáceres,10001,Cáceres,Cáceres
Opel,Zafira,Diésel,113000.0,120.0,manual,5950,Sedaví,46910,Valencia,Sedaví
Opel,Zafira,Diésel,113000.0,120.0,manual,5950,Sedaví,46910,Valencia,Sedaví
Opel,Zafira,Diésel,113000.0,120.0,manual,5950,Sedaví,46910,Valencia,Sedaví
Opel,Zafira,Diésel,113000.0,120.0,manual,5950,Sedaví,46910,Valencia,Sedaví
Toyota,Yaris,Gasolina,69900.0,69.0,manual,6500,Torrelodones,28250,Madrid,Torrelodones
Toyota,Yaris,Gasolina,69900.0,69.0,manual,6500,Torrelodones,28250,Madrid,Torrelodones
Toyota,Yaris,Eléctrico,4949.0,116.0,automatic,23900,Barcelona,8007,Barcelona,Barcelona
Toyota,Yaris,Eléctrico,51683.0,100.0,automatic,14990,Barcelona,8007,Barcelona,Barcelona
Toyota,Yaris,Gasolina,60000.0,69.0,manual,7990,Arriaga,1013,Álava,Arriaga
Opel,Combo Life,Diésel,27877.0,102.0,manual,23900,Sevilla,41006,Sevilla,Sevilla
Toyota,Yaris,Otros,91359.0,100.0,automatic,200,Madrid,28014,Madrid,Madrid
Opel,Combo Life,Diésel,14508.0,131.0,manual,27600,Saladar,3700,Alicante,Saladar
Toyota,Yaris,Eléctrico,36867.0,100.0,automatic,16300,Girona,17005,Girona,Girona
Toyota,Yaris,Gasolina,79576.0,100.0,automatic,17000,Santa Coloma de Gramenet,8921,Barcelona,Santa Coloma de Gramenet
Toyota,Yaris,Gasolina,10938.0,100.0,automatic,17600,Santa Coloma de Gramenet,8921,Barcelona,Santa Coloma de Gramenet
Toyota,Yaris,Gasolina,21579.0,111.0,manual,15900,Santa Coloma de Gramenet,8921,Barcelona,Santa Coloma de Gramenet
Toyota,Yaris,Gasolina,14940.0,116.0,automatic,21900,Santa Coloma de Gramenet,8921,Barcelona,Santa Coloma de Gramenet
Toyota,Yaris,Gasolina,79576.0,100.0,automatic,17000,Fornells de la Selva,17458,Girona,Fornells de la Selva
Toyota,Yaris,Gasolina,10938.0,100.0,automatic,17600,Fornells de la Selva,17458,Girona,Fornells de la Selva
Toyota,Yaris,Gasolina,47544.0,100.0,automatic,17600,Fornells de la Selva,17458,Girona,Fornells de la Selva
Toyota,Yaris,Gasolina,22797.0,100.0,automatic,16400,Fornells de la Selva,17458,Girona,Fornells de la Selva
Toyota,Yaris,Gasolina,92472.0,111.0,manual,13700,Fornells de la Selva,17458,Girona,Fornells de la Selva
Toyota,Yaris,Gasolina,30714.0,100.0,automatic,16900,Fornells de la Selva,17458,Girona,Fornells de la Selva
Toyota,Yaris,Gasolina,167000.0,101.0,manual,6490,Torrefarrera,25123,Lleida,Torrefarrera
Opel,Crossland X,Diésel,53518.0,99.0,manual,13490,Bilbao,48004,Bizkaia,Bilbao
Opel,Crossland X,Diésel,53518.0,99.0,manual,13490,Sevilla,41005,Sevilla,Sevilla
Opel,Crossland X,Diésel,53518.0,99.0,manual,13490,Almería,4006,Almería,Almería
Opel,Crossland X,Diésel,53518.0,99.0,manual,13490,Vigo,36211,Pontevedra,Vigo
Opel,Crossland X,Diésel,53518.0,99.0,manual,13490,Alicante,3010,Alicante,Alicante
Opel,Crossland X,Diésel,53518.0,99.0,manual,13490,Alicante,3010,Murcia,Alicante
Opel,Crossland X,Diésel,53518.0,99.0,manual,13490,Las Rozas de Madrid,28232,Madrid,Las Rozas de Madrid
Opel,Crossland X,Diésel,53518.0,99.0,manual,13490,Urbanizacion La Granjilla,28700,Madrid,Urbanizacion La Granjilla
Opel,Crossland X,Diésel,53518.0,99.0,manual,13490,Murcia,30005,Murcia,Murcia
Opel,Crossland X,Diésel,53518.0,99.0,manual,13490,Granada,18005,Granada,Granada
Opel,Crossland X,Diésel,53518.0,99.0,manual,13490,Collado Villalba,28400,Madrid,Collado Villalba
Opel,Crossland X,Diésel,53518.0,99.0,manual,13490,Collado Villalba,28400,Madrid,Collado Villalba
Opel,Crossland X,Diésel,53518.0,99.0,manual,13490,Toledo,45002,Toledo,Toledo
Opel,Crossland X,Diésel,53518.0,99.0,manual,13490,Málaga,29005,Málaga,Málaga
Opel,Crossland X,Diésel,53518.0,99.0,manual,13490,Valencia,46001,Valencia,Valencia
Opel,Crossland X,Diésel,53518.0,99.0,manual,13490,Villaviciosa de Odón,28670,Madrid,Villaviciosa de Odón
Opel,Crossland X,Diésel,53518.0,99.0,manual,13490,Fuenlabrada,28947,Madrid,Fuenlabrada
Opel,Crossland X,Diésel,53518.0,99.0,manual,13490,Colonia Pablo Iglesias,28520,Madrid,Colonia Pablo Iglesias
Opel,Crossland X,Diésel,53518.0,99.0,manual,13490,Camarma de Esteruelas,28816,Madrid,Camarma de Esteruelas
Opel,Crossland X,Diésel,53518.0,99.0,manual,13490,Camarma de Esteruelas,28816,Madrid,Camarma de Esteruelas
Opel,Crossland X,Gasolina,52635.0,131.0,manual,14800,Málaga,29015,Málaga,Málaga
Opel,Crossland X,Diésel,97000.0,102.0,manual,16490,Bilbao,48001,Bizkaia,Bilbao
Opel,Antara,Diésel,79898.0,163.0,manual,11490,Bilbao,48004,Bizkaia,Bilbao
Opel,Antara,Diésel,79898.0,163.0,manual,11490,Almería,4006,Almería,Almería
Opel,Antara,Diésel,79898.0,163.0,manual,11490,Vigo,36211,Pontevedra,Vigo
Opel,Antara,Diésel,79898.0,163.0,manual,11490,Alicante,3010,Alicante,Alicante
Opel,Antara,Diésel,79898.0,163.0,manual,11490,Alicante,3010,Murcia,Alicante
Opel,Antara,Diésel,79898.0,163.0,manual,11490,Murcia,30005,Murcia,Murcia
Opel,Antara,Diésel,79898.0,163.0,manual,11490,Málaga,29005,Málaga,Málaga
Opel,Antara,Diésel,79898.0,163.0,manual,11490,Valencia,46001,Valencia,Valencia
Opel,Antara,Diésel,79898.0,163.0,manual,11490,Armentia,1007,Álava,Armentia
Opel,Antara,Diésel,79898.0,163.0,manual,11490,Burgos,9004,Burgos,Burgos
Opel,Antara,Diésel,79898.0,163.0,manual,11490,Burgos,9004,Burgos,Burgos
Opel,Antara,Diésel,122.0,163.0,manual,12300,Aspe,3680,Alicante,Aspe
Toyota,C-HR,Eléctrico,94183.0,122.0,automatic,20125,Zaragoza,50013,Zaragoza,Zaragoza
Toyota,C-HR,Eléctrico,94183.0,122.0,automatic,20125,Mercado Parque Corredor del Henares,28850,Madrid,Mercado Parque Corredor del Henares
Toyota,C-HR,Eléctrico,94183.0,122.0,automatic,20125,Santa Maria del Aguila,4710,Almería,Santa Maria del Aguila
Toyota,C-HR,Eléctrico,94183.0,122.0,automatic,20125,Alcalá de Guadaíra,41500,Sevilla,Alcalá de Guadaíra
Toyota,C-HR,Eléctrico,94183.0,122.0,automatic,20125,Mercabilbao,48970,Bizkaia,Mercabilbao
Toyota,C-HR,Eléctrico,94183.0,122.0,automatic,20125,Paterna,46980,Valencia,Paterna
Toyota,C-HR,Eléctrico,94183.0,122.0,automatic,20125,Saladar,3700,Alicante,Saladar
Toyota,C-HR,Eléctrico,94183.0,122.0,automatic,20125,Puerto de Sagunto,46520,Valencia,Puerto de Sagunto
Toyota,C-HR,Eléctrico,94183.0,122.0,automatic,20125,Estepona,29680,Málaga,Estepona
Opel,Meriva,Diésel,43335.0,110.0,manual,8990,Málaga,29005,Málaga,Málaga
Opel,Meriva,Diésel,43335.0,110.0,manual,8990,Valencia,46001,Valencia,Valencia
Toyota,C-HR,Eléctrico,94183.0,122.0,automatic,20125,Badajoz,6008,Badajoz,Badajoz
Toyota,C-HR,Eléctrico,94183.0,122.0,automatic,20125,Valdepeñas,13300,Ciudad Real,Valdepeñas
Toyota,C-HR,Eléctrico,94183.0,122.0,automatic,20125,Valdepeñas,13300,Ciudad Real,Valdepeñas
Toyota,C-HR,Eléctrico,94183.0,122.0,automatic,20125,Santafe,18320,Granada,Santafe
Toyota,C-HR,Eléctrico,94183.0,122.0,automatic,20125,Granollers,8403,Barcelona,Granollers
Toyota,C-HR,Eléctrico,94183.0,122.0,automatic,20125,Vigo,36214,Pontevedra,Vigo
Toyota,C-HR,Eléctrico,94183.0,122.0,automatic,20125,Murcia,30003,Murcia,Murcia
Toyota,C-HR,Eléctrico,94183.0,122.0,automatic,20125,Atarrabia,31610,Navarra,Atarrabia
Toyota,C-HR,Eléctrico,94183.0,122.0,automatic,20125,Olèrdola,8734,Barcelona,Olèrdola
Toyota,C-HR,Eléctrico,94183.0,122.0,automatic,20125,Olèrdola,8734,Barcelona,Olèrdola
Toyota,C-HR,Eléctrico,94183.0,122.0,automatic,20125,Sant Vicenç de Montalt,8394,Barcelona,Sant Vicenç de Montalt
Toyota,C-HR,Eléctrico,41924.0,122.0,automatic,21839,Sant Vicenç de Montalt,8394,Barcelona,Sant Vicenç de Montalt
Toyota,C-HR,Eléctrico,85492.0,122.0,automatic,25012,Sant Vicenç de Montalt,8394,Barcelona,Sant Vicenç de Montalt
Toyota,C-HR,Eléctrico,94183.0,122.0,automatic,20125,Ciudad Real,13003,Ciudad Real,Ciudad Real
Toyota,C-HR,Eléctrico,94183.0,122.0,automatic,20125,Santiago de Compostela,15703,A Coruña,Santiago de Compostela
Toyota,C-HR,Eléctrico,94183.0,122.0,automatic,20125,Castello/Castellon de La Plana,12100,Castellón,Castello/Castellon de La Plana
Toyota,C-HR,Eléctrico,94183.0,122.0,automatic,20125,Hidraulica Santillana,28770,Madrid,Hidraulica Santillana
Toyota,C-HR,Eléctrico,94183.0,122.0,automatic,20125,Albacete,2001,Albacete,Albacete
Toyota,C-HR,Eléctrico,94183.0,122.0,automatic,20125,Alicante,3007,Alicante,Alicante
Toyota,C-HR,Eléctrico,94183.0,122.0,automatic,20125,Alcobendas,28100,Madrid,Alcobendas
Toyota,C-HR,Eléctrico,94183.0,122.0,automatic,20125,Alzira,46600,Valencia,Alzira
Toyota,C-HR,Eléctrico,94183.0,122.0,automatic,20125,Alzira,46600,Valencia,Alzira
Toyota,C-HR,Eléctrico,94183.0,122.0,automatic,20125,Colonia Pablo Iglesias,28520,Madrid,Colonia Pablo Iglesias
Toyota,C-HR,Eléctrico,94183.0,122.0,automatic,20125,Las Rozas de Madrid,28232,Madrid,Las Rozas de Madrid
Toyota,C-HR,Eléctrico,94183.0,122.0,automatic,20125,Torremolinos,29620,Málaga,Torremolinos
Toyota,C-HR,Eléctrico,94183.0,122.0,automatic,20125,Torremolinos,29620,Málaga,Torremolinos
Toyota,C-HR,Eléctrico,94183.0,122.0,automatic,20125,Torremolinos,29620,Málaga,Torremolinos
Toyota,C-HR,Eléctrico,94183.0,122.0,automatic,20125,Alameda del Obispo,14005,Córdoba,Alameda del Obispo
Toyota,C-HR,Eléctrico,65898.0,122.0,automatic,22500,Pamplona/Iruña,31005,Navarra,Pamplona/Iruña
Toyota,C-HR,Otros,82649.0,122.0,automatic,270,Madrid,28014,Madrid,Madrid
Toyota,C-HR,Eléctrico,29852.0,122.0,automatic,20818,Barcelona,8030,Barcelona,Barcelona
Toyota,C-HR,Gasolina,29119.0,122.0,automatic,27200,Santa Coloma de Gramenet,8921,Barcelona,Santa Coloma de Gramenet
Toyota,C-HR,Gasolina,41918.0,122.0,automatic,23000,Santa Coloma de Gramenet,8921,Barcelona,Santa Coloma de Gramenet
Toyota,C-HR,Gasolina,18609.0,122.0,automatic,26800,Santa Coloma de Gramenet,8921,Barcelona,Santa Coloma de Gramenet
Toyota,C-HR,Gasolina,20316.0,122.0,automatic,28900,Santa Coloma de Gramenet,8921,Barcelona,Santa Coloma de Gramenet
Toyota,C-HR,Gasolina,23587.0,122.0,automatic,29100,Santa Coloma de Gramenet,8921,Barcelona,Santa Coloma de Gramenet
Toyota,C-HR,Gasolina,22430.0,122.0,automatic,28900,Santa Coloma de Gramenet,8921,Barcelona,Santa Coloma de Gramenet
Toyota,C-HR,Gasolina,24182.0,122.0,automatic,29000,Santa Coloma de Gramenet,8921,Barcelona,Santa Coloma de Gramenet
Toyota,C-HR,Gasolina,13409.0,122.0,automatic,28700,Fornells de la Selva,17458,Girona,Fornells de la Selva
Toyota,C-HR,Gasolina,69839.0,122.0,automatic,21600,Fornells de la Selva,17458,Girona,Fornells de la Selva
Toyota,C-HR,Gasolina,46182.0,122.0,automatic,23300,Fornells de la Selva,17458,Girona,Fornells de la Selva
Toyota,C-HR,Gasolina,29119.0,122.0,automatic,27200,Fornells de la Selva,17458,Girona,Fornells de la Selva
Toyota,C-HR,Gasolina,41918.0,122.0,automatic,23000,Fornells de la Selva,17458,Girona,Fornells de la Selva
Toyota,C-HR,Gasolina,69216.0,122.0,automatic,22400,Fornells de la Selva,17458,Girona,Fornells de la Selva
Toyota,C-HR,Gasolina,54321.0,122.0,automatic,22300,Fornells de la Selva,17458,Girona,Fornells de la Selva
Toyota,C-HR,Gasolina,24961.0,122.0,automatic,23900,Fornells de la Selva,17458,Girona,Fornells de la Selva
Toyota,C-HR,Gasolina,59852.0,122.0,automatic,22000,Fornells de la Selva,17458,Girona,Fornells de la Selva
Toyota,C-HR,Gasolina,18609.0,122.0,automatic,26800,Fornells de la Selva,17458,Girona,Fornells de la Selva
Toyota,C-HR,Gasolina,27521.0,122.0,automatic,22100,Fornells de la Selva,17458,Girona,Fornells de la Selva
Opel,Vivaro,Diésel,140000.0,125.0,manual,24800,Úbeda,23400,Jaén,Úbeda
Opel,Vivaro,Diésel,122000.0,82.0,manual,8900,Griñón,28977,Madrid,Griñón
Opel,Vivaro,Diésel,97000.0,120.0,manual,22990,Bilbao,48001,Bizkaia,Bilbao
Opel,Vivaro,Diésel,180000.0,125.0,manual,16500,Collado Mediano,28450,Madrid,Collado Mediano
Opel,Movano,Diésel,250000.0,130.0,manual,24950,Collado Mediano,28450,Madrid,Collado Mediano
Opel,Corsa,Diésel,148161.0,75.0,manual,6900,Sevilla,41005,Sevilla,Sevilla
Opel,Corsa,Diésel,148348.0,75.0,manual,6900,Sevilla,41005,Sevilla,Sevilla
Opel,Corsa,Diésel,148161.0,75.0,manual,6900,Madrid,28014,Madrid,Madrid
Opel,Corsa,Diésel,148348.0,75.0,manual,6900,Madrid,28014,Madrid,Madrid
Opel,Corsa,Gasolina,49623.0,100.0,manual,14290,Madrid,28021,Madrid,Madrid
Opel,Corsa,Gasolina,36545.0,100.0,manual,14490,Madrid,28021,Madrid,Madrid
Opel,Corsa,Diésel,49740.0,102.0,manual,15990,Madrid,28021,Madrid,Madrid
Opel,Corsa,Gasolina,28545.0,100.0,manual,14990,Madrid,28021,Madrid,Madrid
Opel,Corsa,Gasolina,31792.0,100.0,manual,14590,Madrid,28021,Madrid,Madrid
Opel,Corsa,Diésel,31638.0,102.0,manual,16490,Madrid,28021,Madrid,Madrid
Opel,Corsa,Diésel,42048.0,102.0,manual,16490,Madrid,28021,Madrid,Madrid
Opel,Corsa,Gasolina,121063.0,100.0,manual,9790,Madrid,28021,Madrid,Madrid
Opel,Corsa,Gasolina,121063.0,100.0,manual,9990,Madrid,28021,Madrid,Madrid
Opel,Corsa,Gasolina,32722.0,100.0,manual,15490,Madrid,28021,Madrid,Madrid
Opel,Corsa,Diésel,148161.0,75.0,manual,6900,Badajoz,6008,Badajoz,Badajoz
Opel,Corsa,Diésel,148348.0,75.0,manual,6900,Badajoz,6008,Badajoz,Badajoz
Opel,Corsa,Diésel,148161.0,75.0,manual,6900,Almería,4001,Almería,Almería
Opel,Corsa,Diésel,148348.0,75.0,manual,6900,Almería,4001,Almería,Almería
Opel,Corsa,Diésel,148161.0,75.0,manual,6900,Cádiz,11006,Cádiz,Cádiz
Opel,Corsa,Diésel,148348.0,75.0,manual,6900,Cádiz,11006,Cádiz,Cádiz
Opel,Corsa,Otros,63616.0,90.0,manual,10490,Bilbao,48004,Bizkaia,Bilbao
Opel,Corsa,Otros,63616.0,90.0,manual,10490,Sevilla,41005,Sevilla,Sevilla
Opel,Corsa,Otros,63616.0,90.0,manual,10490,Almería,4006,Almería,Almería
Opel,Corsa,Otros,63616.0,90.0,manual,10490,Vigo,36211,Pontevedra,Vigo
Opel,Corsa,Otros,63616.0,90.0,manual,10490,Las Rozas de Madrid,28232,Madrid,Las Rozas de Madrid
Opel,Corsa,Otros,63616.0,90.0,manual,10490,Urbanizacion La Granjilla,28700,Madrid,Urbanizacion La Granjilla
Opel,Corsa,Otros,63616.0,90.0,manual,10490,Murcia,30005,Murcia,Murcia
Opel,Corsa,Otros,63616.0,90.0,manual,10490,Granada,18005,Granada,Granada
Opel,Corsa,Otros,63616.0,90.0,manual,10490,Collado Villalba,28400,Madrid,Collado Villalba
Opel,Corsa,Otros,63616.0,90.0,manual,10490,Collado Villalba,28400,Madrid,Collado Villalba
Opel,Corsa,Otros,63616.0,90.0,manual,10490,Toledo,45002,Toledo,Toledo
Opel,Corsa,Otros,63616.0,90.0,manual,10490,Málaga,29005,Málaga,Málaga
Opel,Mokka,Gasolina,32012.0,130.0,manual,21490,Madrid,28021,Madrid,Madrid
Opel,Mokka,Gasolina,32012.0,130.0,manual,20890,Madrid,28021,Madrid,Madrid
Opel,Mokka,Diésel,18534.0,110.0,manual,21490,Madrid,28021,Madrid,Madrid
Opel,Mokka,Diésel,18534.0,110.0,manual,20890,Madrid,28021,Madrid,Madrid
Opel,Mokka,Diésel,68500.0,136.0,manual,12490,Bilbao,48004,Bizkaia,Bilbao
Opel,Mokka,Diésel,68500.0,136.0,manual,12490,Sevilla,41005,Sevilla,Sevilla
Opel,Mokka,Diésel,68500.0,136.0,manual,12490,Almería,4006,Almería,Almería
Opel,Mokka,Diésel,68500.0,136.0,manual,12490,Vigo,36211,Pontevedra,Vigo
Opel,Mokka,Diésel,68500.0,136.0,manual,12490,Alicante,3010,Alicante,Alicante
Opel,Mokka,Diésel,68500.0,136.0,manual,12490,Alicante,3010,Murcia,Alicante
Opel,Mokka,Diésel,68500.0,136.0,manual,12490,Las Rozas de Madrid,28232,Madrid,Las Rozas de Madrid
Opel,Mokka,Diésel,68500.0,136.0,manual,12490,Urbanizacion La Granjilla,28700,Madrid,Urbanizacion La Granjilla
Opel,Mokka,Diésel,68500.0,136.0,manual,12490,Murcia,30005,Murcia,Murcia
Opel,Mokka,Diésel,68500.0,136.0,manual,12490,Granada,18005,Granada,Granada
Opel,Mokka,Diésel,68500.0,136.0,manual,12490,Collado Villalba,28400,Madrid,Collado Villalba
Opel,Mokka,Diésel,68500.0,136.0,manual,12490,Collado Villalba,28400,Madrid,Collado Villalba
Opel,Mokka,Diésel,68500.0,136.0,manual,12490,Málaga,29005,Málaga,Málaga
Opel,Mokka,Diésel,68500.0,136.0,manual,12490,Valencia,46001,Valencia,Valencia
Opel,Mokka,Diésel,68500.0,136.0,manual,12490,Toledo,45002,Toledo,Toledo
Opel,Mokka,Diésel,68500.0,136.0,manual,12490,Villaviciosa de Odón,28670,Madrid,Villaviciosa de Odón
Opel,Mokka,Diésel,68500.0,136.0,manual,12490,Fuenlabrada,28947,Madrid,Fuenlabrada
Opel,Mokka,Diésel,68500.0,136.0,manual,12490,Camarma de Esteruelas,28816,Madrid,Camarma de Esteruelas
Opel,Mokka,Diésel,68500.0,136.0,manual,12490,Camarma de Esteruelas,28816,Madrid,Camarma de Esteruelas
Opel,Mokka,Diésel,68500.0,136.0,manual,12490,Colonia Pablo Iglesias,28520,Madrid,Colonia Pablo Iglesias
Opel,Mokka,Gasolina,37003.0,101.0,manual,21900,Girona,17005,Girona,Girona
Opel,Insignia,Diésel,160000.0,110.0,manual,7490,Arriaga,1013,Álava,Arriaga
Opel,Insignia,Diésel,168386.0,140.0,manual,8100,Sevilla,41005,Sevilla,Sevilla
Opel,Insignia,Diésel,134855.0,136.0,manual,10900,Sevilla,41005,Sevilla,Sevilla
Opel,Insignia,Diésel,168386.0,140.0,manual,8100,Madrid,28014,Madrid,Madrid
Opel,Insignia,Diésel,134855.0,136.0,manual,10900,Madrid,28014,Madrid,Madrid
Opel,Insignia,Diésel,113283.0,120.0,manual,10590,Madrid,28021,Madrid,Madrid
Opel,Insignia,Diésel,113283.0,120.0,manual,10190,Madrid,28021,Madrid,Madrid
Opel,Insignia,Gasolina,48520.0,140.0,manual,19538,Collado Villalba,28400,Madrid,Collado Villalba
Opel,Insignia,Gasolina,48520.0,140.0,manual,19538,Collado Villalba,28400,Madrid,Collado Villalba
Opel,Insignia,Gasolina,48520.0,140.0,manual,19538,Vigo,36214,Pontevedra,Vigo
Opel,Insignia,Diésel,168386.0,140.0,manual,8100,Badajoz,6008,Badajoz,Badajoz
Opel,Insignia,Diésel,134855.0,136.0,manual,10900,Badajoz,6008,Badajoz,Badajoz
Opel,Insignia,Diésel,168386.0,140.0,manual,8100,Almería,4001,Almería,Almería
Opel,Insignia,Diésel,134855.0,136.0,manual,10900,Almería,4001,Almería,Almería
Opel,Insignia,Diésel,168386.0,140.0,manual,8100,Cádiz,11006,Cádiz,Cádiz
Opel,Insignia,Diésel,134855.0,136.0,manual,10900,Cádiz,11006,Cádiz,Cádiz
Opel,Insignia,Gasolina,48520.0,140.0,manual,19538,Mercado Parque Corredor del Henares,28850,Madrid,Mercado Parque Corredor del Henares
Opel,Insignia,Gasolina,48520.0,140.0,manual,19538,Colonia Pablo Iglesias,28520,Madrid,Colonia Pablo Iglesias
Opel,Insignia,Gasolina,48520.0,140.0,manual,19538,Sant Vicenç de Montalt,8394,Barcelona,Sant Vicenç de Montalt
Opel,Insignia,Gasolina,48520.0,140.0,manual,19538,Estepona,29680,Málaga,Estepona
Opel,Insignia,Gasolina,48520.0,140.0,manual,19538,Murcia,30003,Murcia,Murcia
Opel,Insignia,Gasolina,48520.0,140.0,manual,19538,Saladar,3700,Alicante,Saladar
Opel,Insignia,Gasolina,48520.0,140.0,manual,19538,Granollers,8403,Barcelona,Granollers
Opel,Insignia,Diésel,101618.0,136.0,manual,12300,Valladolid,47004,Valladolid,Valladolid
Opel,Insignia,Gasolina,48520.0,140.0,manual,19538,Ciudad Real,13003,Ciudad Real,Ciudad Real
Opel,Insignia,Gasolina,48520.0,140.0,manual,19538,Valdepeñas,13300,Ciudad Real,Valdepeñas
Opel,Insignia,Gasolina,48520.0,140.0,manual,19538,Valdepeñas,13300,Ciudad Real,Valdepeñas
Opel,Insignia,Diésel,97000.0,170.0,automatic,13490,Bilbao,48004,Bizkaia,Bilbao
Opel,Insignia,Diésel,97000.0,170.0,automatic,13490,Sevilla,41005,Sevilla,Sevilla
Opel,Insignia,Diésel,97000.0,170.0,automatic,13490,Vigo,36211,Pontevedra,Vigo
Opel,Insignia,Diésel,101618.0,136.0,manual,12300,Sevilla,41004,Sevilla,Sevilla
Opel,Insignia,Diésel,101618.0,136.0,manual,12300,Barcelona,8008,Barcelona,Barcelona
Opel,Insignia,Diésel,97000.0,170.0,automatic,13490,Almería,4006,Almería,Almería
Opel,Insignia,Diésel,97000.0,170.0,automatic,13490,Alicante,3010,Alicante,Alicante
Opel,Insignia,Diésel,97000.0,170.0,automatic,13490,Alicante,3010,Murcia,Alicante
Opel,Insignia,Gasolina,48520.0,140.0,manual,19538,Badajoz,6008,Badajoz,Badajoz
Opel,Insignia,Diésel,97000.0,170.0,automatic,13490,Granada,18005,Granada,Granada
Opel,Insignia,Diésel,97000.0,170.0,automatic,13490,Murcia,30005,Murcia,Murcia
Toyota,Land Cruiser,Diésel,244156.0,166.0,automatic,15250,Valdepeñas,13300,Ciudad Real,Valdepeñas
Toyota,Land Cruiser,Diésel,244156.0,166.0,automatic,15250,Valdepeñas,13300,Ciudad Real,Valdepeñas
Toyota,Land Cruiser,Diésel,244156.0,166.0,automatic,15250,Santafe,18320,Granada,Santafe
Toyota,Land Cruiser,Diésel,244156.0,166.0,automatic,15250,Granollers,8403,Barcelona,Granollers
Toyota,Land Cruiser,Diésel,244156.0,166.0,automatic,15250,Vigo,36214,Pontevedra,Vigo
Toyota,Land Cruiser,Diésel,244156.0,166.0,automatic,15250,Murcia,30003,Murcia,Murcia
Toyota,Land Cruiser,Diésel,244156.0,166.0,automatic,15250,Atarrabia,31610,Navarra,Atarrabia
Toyota,Land Cruiser,Diésel,244156.0,166.0,automatic,15250,Olèrdola,8734,Barcelona,Olèrdola
Toyota,Land Cruiser,Diésel,244156.0,166.0,automatic,15250,Olèrdola,8734,Barcelona,Olèrdola
Toyota,Land Cruiser,Diésel,244156.0,166.0,automatic,15250,Sant Vicenç de Montalt,8394,Barcelona,Sant Vicenç de Montalt
Toyota,Land Cruiser,Diésel,244156.0,166.0,automatic,15250,Ciudad Real,13003,Ciudad Real,Ciudad Real
Toyota,Land Cruiser,Diésel,244156.0,166.0,automatic,15250,Santiago de Compostela,15703,A Coruña,Santiago de Compostela
Toyota,Land Cruiser,Diésel,244156.0,166.0,automatic,15250,Albacete,2001,Albacete,Albacete
Toyota,Land Cruiser,Diésel,244156.0,166.0,automatic,15250,Alcobendas,28100,Madrid,Alcobendas
Toyota,Land Cruiser,Diésel,244156.0,166.0,automatic,15250,Castello/Castellon de La Plana,12100,Castellón,Castello/Castellon de La Plana
Toyota,Land Cruiser,Diésel,244156.0,166.0,automatic,15250,Alicante,3007,Alicante,Alicante
Toyota,Land Cruiser,Diésel,244156.0,166.0,automatic,15250,Colonia Pablo Iglesias,28520,Madrid,Colonia Pablo Iglesias
Toyota,Land Cruiser,Diésel,244156.0,166.0,automatic,15250,Las Rozas de Madrid,28232,Madrid,Las Rozas de Madrid
Toyota,Land Cruiser,Diésel,244156.0,166.0,automatic,15250,Alameda del Obispo,14005,Córdoba,Alameda del Obispo
Toyota,Land Cruiser,Diésel,244156.0,166.0,automatic,15250,Torremolinos,29620,Málaga,Torremolinos
Toyota,Land Cruiser,Diésel,244156.0,166.0,automatic,15250,Torremolinos,29620,Málaga,Torremolinos
Toyota,Land Cruiser,Diésel,244156.0,166.0,automatic,15250,Torremolinos,29620,Málaga,Torremolinos
Toyota,Auris,Eléctrico,151382.0,136.0,automatic,12890,Viladecans,8840,Barcelona,Viladecans
Toyota,Auris,Gasolina,100400.0,132.0,manual,10800,Trapaga-Causo,48510,Bizkaia,Trapaga-Causo
Toyota,Auris,Gasolina,75328.0,116.0,manual,12990,Sevilla,41005,Sevilla,Sevilla
Toyota,Auris,Gasolina,75328.0,116.0,manual,12990,Almería,4006,Almería,Almería
Toyota,Auris,Gasolina,75328.0,116.0,manual,12990,Vigo,36211,Pontevedra,Vigo
Toyota,Auris,Gasolina,75328.0,116.0,manual,12990,Jaén,23008,Jaén,Jaén
Toyota,Auris,Gasolina,75328.0,116.0,manual,12990,Murcia,30005,Murcia,Murcia
Toyota,Auris,Gasolina,75328.0,116.0,manual,12990,Valencia,46001,Valencia,Valencia
Toyota,Auris,Gasolina,75328.0,116.0,manual,12990,Granada,18005,Granada,Granada
Toyota,Auris,Gasolina,75328.0,116.0,manual,12990,Málaga,29005,Málaga,Málaga
Toyota,Auris,Gasolina,75328.0,116.0,manual,12990,Bilbao,48004,Bizkaia,Bilbao
Toyota,Auris,Gasolina,75328.0,116.0,manual,12990,Alicante,3010,Alicante,Alicante
Toyota,Auris,Gasolina,75328.0,116.0,manual,12990,Alicante,3010,Murcia,Alicante
Toyota,Auris,Eléctrico,38000.0,136.0,automatic,19500,Montmeló,8160,Barcelona,Montmeló
Toyota,Auris,Diésel,160000.0,124.0,manual,8500,Terrassa,8221,Barcelona,Terrassa
SsangYong,Tivoli,Otros,50352.0,128.0,manual,15985,Vigo,36214,Pontevedra,Vigo
SsangYong,Tivoli,Otros,50352.0,128.0,manual,15985,Mercado Parque Corredor del Henares,28850,Madrid,Mercado Parque Corredor del Henares
SsangYong,Tivoli,Otros,50352.0,128.0,manual,15985,Colonia Pablo Iglesias,28520,Madrid,Colonia Pablo Iglesias
SsangYong,Tivoli,Otros,50352.0,128.0,manual,15985,Sant Vicenç de Montalt,8394,Barcelona,Sant Vicenç de Montalt
SsangYong,Tivoli,Otros,50352.0,128.0,manual,15985,Estepona,29680,Málaga,Estepona
SsangYong,Tivoli,Otros,50352.0,128.0,manual,15985,Murcia,30003,Murcia,Murcia
SsangYong,Tivoli,Otros,50352.0,128.0,manual,15985,Saladar,3700,Alicante,Saladar
SsangYong,Tivoli,Otros,50352.0,128.0,manual,15985,Granollers,8403,Barcelona,Granollers
SsangYong,Tivoli,Otros,50352.0,128.0,manual,15985,Ciudad Real,13003,Ciudad Real,Ciudad Real
SsangYong,Tivoli,Otros,50352.0,128.0,manual,15985,Valdepeñas,13300,Ciudad Real,Valdepeñas
SsangYong,Tivoli,Otros,50352.0,128.0,manual,15985,Valdepeñas,13300,Ciudad Real,Valdepeñas
SsangYong,Tivoli,Otros,50352.0,128.0,manual,15985,Badajoz,6008,Badajoz,Badajoz
SsangYong,Tivoli,Otros,50352.0,128.0,manual,15985,Barcelona,8007,Barcelona,Barcelona
SsangYong,Tivoli,Otros,50352.0,128.0,manual,15985,Olèrdola,8734,Barcelona,Olèrdola
SsangYong,Tivoli,Otros,50352.0,128.0,manual,15985,Olèrdola,8734,Barcelona,Olèrdola
SsangYong,Tivoli,Otros,50352.0,128.0,manual,15985,Santa Maria del Aguila,4710,Almería,Santa Maria del Aguila
SsangYong,Tivoli,Otros,50352.0,128.0,manual,15985,Las Rozas de Madrid,28232,Madrid,Las Rozas de Madrid
SsangYong,Tivoli,Otros,50352.0,128.0,manual,15985,Paterna,46980,Valencia,Paterna
SsangYong,Tivoli,Otros,50352.0,128.0,manual,15985,Atarrabia,31610,Navarra,Atarrabia
SsangYong,Tivoli,Otros,50352.0,128.0,manual,15985,Alcalá de Guadaíra,41500,Sevilla,Alcalá de Guadaíra
SsangYong,Tivoli,Otros,50352.0,128.0,manual,15985,Zaragoza,50013,Zaragoza,Zaragoza
SsangYong,Tivoli,Otros,50352.0,128.0,manual,15985,Mercabilbao,48970,Bizkaia,Mercabilbao
SsangYong,Tivoli,Otros,50352.0,128.0,manual,15985,Puerto de Sagunto,46520,Valencia,Puerto de Sagunto
SsangYong,Tivoli,Otros,50352.0,128.0,manual,15985,Santafe,18320,Granada,Santafe
Toyota,Auris,Gasolina,198000.0,132.0,manual,6490,Granollers,8403,Barcelona,Granollers
Toyota,Auris,Gasolina,52865.0,136.0,automatic,18700,Santa Coloma de Gramenet,8921,Barcelona,Santa Coloma de Gramenet
Toyota,Auris,Gasolina,114663.0,136.0,automatic,16900,Santa Coloma de Gramenet,8921,Barcelona,Santa Coloma de Gramenet
Toyota,Auris,Gasolina,67522.0,136.0,automatic,18200,Santa Coloma de Gramenet,8921,Barcelona,Santa Coloma de Gramenet
Toyota,Auris,Gasolina,52865.0,136.0,automatic,18700,Fornells de la Selva,17458,Girona,Fornells de la Selva
Toyota,Auris,Gasolina,114663.0,136.0,automatic,16900,Fornells de la Selva,17458,Girona,Fornells de la Selva
Toyota,Auris,Gasolina,73122.0,136.0,automatic,17800,Fornells de la Selva,17458,Girona,Fornells de la Selva
Toyota,Auris,Gasolina,61427.0,136.0,automatic,18100,Fornells de la Selva,17458,Girona,Fornells de la Selva
Toyota,Auris,Gasolina,59349.0,136.0,automatic,18300,Fornells de la Selva,17458,Girona,Fornells de la Selva
Volvo,XC60,Diésel,103870.0,190.0,automatic,32890,Madrid,28021,Madrid,Madrid
Volvo,XC60,Diésel,64907.0,150.0,manual,27990,Leganés,28916,Madrid,Leganés
Volvo,XC60,Diésel,64907.0,150.0,manual,27990,Madrid,28046,Madrid,Madrid
Volvo,XC60,Diésel,64907.0,150.0,manual,27990,Alcobendas,28100,Madrid,Alcobendas
Volvo,XC60,Diésel,64907.0,150.0,manual,27990,Las Rozas de Madrid,28232,Madrid,Las Rozas de Madrid
Toyota,Corolla,Diésel,180000.0,177.0,manual,5600,Fuengirola,29640,Málaga,Fuengirola
Toyota,Corolla,Eléctrico,21000.0,122.0,automatic,20990,El Aeroport del Prat,8820,Barcelona,El Aeroport del Prat
Toyota,Corolla,Eléctrico,14629.0,122.0,automatic,24900,Sant Boi de Llobregat,8830,Barcelona,Sant Boi de Llobregat
Toyota,Corolla,Gasolina,18688.0,122.0,automatic,24900,Santa Coloma de Gramenet,8921,Barcelona,Santa Coloma de Gramenet
Toyota,Corolla,Gasolina,11276.0,122.0,automatic,26800,Santa Coloma de Gramenet,8921,Barcelona,Santa Coloma de Gramenet
Toyota,Corolla,Gasolina,13373.0,122.0,automatic,26800,Santa Coloma de Gramenet,8921,Barcelona,Santa Coloma de Gramenet
Toyota,Corolla,Gasolina,15290.0,122.0,automatic,26800,Santa Coloma de Gramenet,8921,Barcelona,Santa Coloma de Gramenet
Toyota,Corolla,Gasolina,11432.0,122.0,automatic,26700,Santa Coloma de Gramenet,8921,Barcelona,Santa Coloma de Gramenet
Toyota,Corolla,Gasolina,11628.0,122.0,automatic,26700,Santa Coloma de Gramenet,8921,Barcelona,Santa Coloma de Gramenet
Toyota,Corolla,Gasolina,17507.0,122.0,automatic,26700,Santa Coloma de Gramenet,8921,Barcelona,Santa Coloma de Gramenet
Toyota,Corolla,Gasolina,13494.0,122.0,automatic,26700,Santa Coloma de Gramenet,8921,Barcelona,Santa Coloma de Gramenet
Toyota,Corolla,Gasolina,15695.0,122.0,automatic,26700,Santa Coloma de Gramenet,8921,Barcelona,Santa Coloma de Gramenet
Toyota,Corolla,Gasolina,22765.0,122.0,automatic,26700,Santa Coloma de Gramenet,8921,Barcelona,Santa Coloma de Gramenet
Toyota,Corolla,Gasolina,11501.0,122.0,automatic,26700,Santa Coloma de Gramenet,8921,Barcelona,Santa Coloma de Gramenet
Toyota,Corolla,Gasolina,10563.0,122.0,automatic,26700,Santa Coloma de Gramenet,8921,Barcelona,Santa Coloma de Gramenet
Toyota,Corolla,Gasolina,14269.0,122.0,automatic,26700,Santa Coloma de Gramenet,8921,Barcelona,Santa Coloma de Gramenet
Toyota,Corolla,Gasolina,8465.0,122.0,automatic,25600,Santa Coloma de Gramenet,8921,Barcelona,Santa Coloma de Gramenet
Toyota,Corolla,Gasolina,3547.0,122.0,automatic,25900,Santa Coloma de Gramenet,8921,Barcelona,Santa Coloma de Gramenet
Toyota,Corolla,Gasolina,23898.0,122.0,automatic,25600,Santa Coloma de Gramenet,8921,Barcelona,Santa Coloma de Gramenet
Toyota,Corolla,Gasolina,26917.0,122.0,automatic,25600,Santa Coloma de Gramenet,8921,Barcelona,Santa Coloma de Gramenet
Toyota,Corolla,Gasolina,23653.0,122.0,automatic,26800,Santa Coloma de Gramenet,8921,Barcelona,Santa Coloma de Gramenet
Toyota,Corolla,Gasolina,21223.0,122.0,automatic,26800,Santa Coloma de Gramenet,8921,Barcelona,Santa Coloma de Gramenet
Toyota,Corolla,Gasolina,11784.0,122.0,automatic,25400,Santa Coloma de Gramenet,8921,Barcelona,Santa Coloma de Gramenet
Toyota,Corolla,Gasolina,18688.0,122.0,automatic,24900,Fornells de la Selva,17458,Girona,Fornells de la Selva
Toyota,Corolla,Gasolina,52378.0,122.0,automatic,20900,Fornells de la Selva,17458,Girona,Fornells de la Selva
Toyota,Corolla,Gasolina,12139.0,122.0,automatic,28900,Fornells de la Selva,17458,Girona,Fornells de la Selva
Toyota,Corolla,Gasolina,137000.0,129.0,manual,7350,Barcelona,8028,Barcelona,Barcelona
Mitsubishi,Outlander,Gasolina,27287.0,150.0,automatic,25875,Santa Maria del Aguila,4710,Almería,Santa Maria del Aguila
Mitsubishi,Outlander,Diésel,140000.0,150.0,manual,15990,Sevilla,41005,Sevilla,Sevilla
Mitsubishi,Outlander,Diésel,140000.0,150.0,manual,15990,Valencia,46001,Valencia,Valencia
Mitsubishi,Outlander,Diésel,140000.0,150.0,manual,15990,Málaga,29005,Málaga,Málaga
Mitsubishi,Outlander,Gasolina,10005.0,150.0,automatic,24199,Madrid,28014,Madrid,Madrid
Mitsubishi,Outlander,Gasolina,10005.0,150.0,automatic,24199,Barcelona,8007,Barcelona,Barcelona
Mitsubishi,Outlander,Diésel,156502.0,150.0,automatic,17380,Sant Vicenç de Montalt,8394,Barcelona,Sant Vicenç de Montalt
Mitsubishi,Outlander,Diésel,64986.0,150.0,manual,19900,Sant Vicenç de Montalt,8394,Barcelona,Sant Vicenç de Montalt
Mitsubishi,Outlander,Diésel,140000.0,150.0,manual,15990,Palau-Solita I Plegamans,8184,Barcelona,Palau-Solita I Plegamans
Mitsubishi,Outlander,Diésel,140000.0,150.0,manual,15990,Palau-Solita I Plegamans,8184,Barcelona,Palau-Solita I Plegamans
Mitsubishi,Outlander,Diésel,140000.0,150.0,manual,15990,Tarragona,43006,Tarragona,Tarragona
Mitsubishi,Outlander,Gasolina,27287.0,150.0,automatic,25875,Sant Vicenç de Montalt,8394,Barcelona,Sant Vicenç de Montalt
Mitsubishi,Outlander,Diésel,115000.0,150.0,automatic,17490,Granollers,8403,Barcelona,Granollers
Mitsubishi,Outlander,Diésel,140000.0,150.0,automatic,12999,El Prat de Llobregat,8820,Barcelona,El Prat de Llobregat
Volvo,XC60,Diésel,92927.0,150.0,manual,21735,Zaragoza,50013,Zaragoza,Zaragoza
Volvo,XC60,Diésel,69968.0,150.0,automatic,25875,Zaragoza,50013,Zaragoza,Zaragoza
Volvo,XC60,Diésel,92927.0,150.0,manual,21735,Mercado Parque Corredor del Henares,28850,Madrid,Mercado Parque Corredor del Henares
Volvo,XC60,Diésel,69968.0,150.0,automatic,25875,Mercado Parque Corredor del Henares,28850,Madrid,Mercado Parque Corredor del Henares
Volvo,XC60,Diésel,156215.0,150.0,manual,21700,Santa Maria del Aguila,4710,Almería,Santa Maria del Aguila
Volvo,XC60,Diésel,92927.0,150.0,manual,21735,Santa Maria del Aguila,4710,Almería,Santa Maria del Aguila
Volvo,XC60,Diésel,92927.0,150.0,manual,21735,Alcalá de Guadaíra,41500,Sevilla,Alcalá de Guadaíra
Volvo,XC60,Diésel,69968.0,150.0,automatic,25875,Santa Maria del Aguila,4710,Almería,Santa Maria del Aguila
Volvo,XC60,Diésel,69968.0,150.0,automatic,25875,Alcalá de Guadaíra,41500,Sevilla,Alcalá de Guadaíra
Volvo,XC60,Diésel,92927.0,150.0,manual,21735,Mercabilbao,48970,Bizkaia,Mercabilbao
Volvo,XC60,Diésel,69968.0,150.0,automatic,25875,Mercabilbao,48970,Bizkaia,Mercabilbao
Volvo,XC60,Diésel,92927.0,150.0,manual,21735,Paterna,46980,Valencia,Paterna
Volvo,XC60,Diésel,69968.0,150.0,automatic,25875,Paterna,46980,Valencia,Paterna
Volvo,XC60,Diésel,92927.0,150.0,manual,21735,Saladar,3700,Alicante,Saladar
Volvo,XC60,Diésel,92927.0,150.0,manual,21735,Puerto de Sagunto,46520,Valencia,Puerto de Sagunto
Volvo,XC60,Diésel,69968.0,150.0,automatic,25875,Saladar,3700,Alicante,Saladar
Volvo,XC60,Diésel,69968.0,150.0,automatic,25875,Puerto de Sagunto,46520,Valencia,Puerto de Sagunto
Volvo,XC60,Diésel,92927.0,150.0,manual,21735,Estepona,29680,Málaga,Estepona
Volvo,XC60,Diésel,92927.0,150.0,manual,21735,Badajoz,6008,Badajoz,Badajoz
Volvo,XC60,Diésel,69968.0,150.0,automatic,25875,Estepona,29680,Málaga,Estepona
Volvo,XC60,Diésel,69968.0,150.0,automatic,25875,Badajoz,6008,Badajoz,Badajoz
Volvo,XC60,Diésel,92927.0,150.0,manual,21735,Valdepeñas,13300,Ciudad Real,Valdepeñas
Volvo,XC60,Diésel,92927.0,150.0,manual,21735,Valdepeñas,13300,Ciudad Real,Valdepeñas
Volvo,XC60,Diésel,92927.0,150.0,manual,21735,Santafe,18320,Granada,Santafe
Volvo,XC60,Diésel,69968.0,150.0,automatic,25875,Valdepeñas,13300,Ciudad Real,Valdepeñas
Volvo,XC60,Diésel,69968.0,150.0,automatic,25875,Valdepeñas,13300,Ciudad Real,Valdepeñas
Volvo,XC60,Diésel,69968.0,150.0,automatic,25875,Santafe,18320,Granada,Santafe
Volvo,XC60,Diésel,92927.0,150.0,manual,21735,Granollers,8403,Barcelona,Granollers
Volvo,XC60,Diésel,69968.0,150.0,automatic,25875,Granollers,8403,Barcelona,Granollers
Volvo,XC60,Diésel,92927.0,150.0,manual,21735,Vigo,36214,Pontevedra,Vigo
Volvo,XC60,Diésel,92927.0,150.0,manual,21735,Murcia,30003,Murcia,Murcia
Volvo,XC60,Diésel,92927.0,150.0,manual,21735,Atarrabia,31610,Navarra,Atarrabia
Volvo,XC60,Diésel,69968.0,150.0,automatic,25875,Vigo,36214,Pontevedra,Vigo
Volvo,XC60,Diésel,69968.0,150.0,automatic,25875,Murcia,30003,Murcia,Murcia
Volvo,XC60,Diésel,69968.0,150.0,automatic,25875,Atarrabia,31610,Navarra,Atarrabia
Volvo,XC60,Diésel,92927.0,150.0,manual,21735,Olèrdola,8734,Barcelona,Olèrdola
Volvo,XC60,Diésel,92927.0,150.0,manual,21735,Olèrdola,8734,Barcelona,Olèrdola
Volvo,XC60,Diésel,69968.0,150.0,automatic,25875,Olèrdola,8734,Barcelona,Olèrdola
Volvo,XC60,Diésel,69968.0,150.0,automatic,25875,Olèrdola,8734,Barcelona,Olèrdola
Volvo,XC60,Diésel,156215.0,150.0,manual,21700,Sant Vicenç de Montalt,8394,Barcelona,Sant Vicenç de Montalt
Volvo,XC60,Diésel,92927.0,150.0,manual,21735,Sant Vicenç de Montalt,8394,Barcelona,Sant Vicenç de Montalt
Volvo,XC60,Diésel,69968.0,150.0,automatic,25875,Sant Vicenç de Montalt,8394,Barcelona,Sant Vicenç de Montalt
Volvo,XC60,Diésel,56286.0,190.0,automatic,38410,Sant Vicenç de Montalt,8394,Barcelona,Sant Vicenç de Montalt
Volvo,XC60,Diésel,92927.0,150.0,manual,21735,Ciudad Real,13003,Ciudad Real,Ciudad Real
Volvo,XC60,Diésel,92927.0,150.0,manual,21735,Santiago de Compostela,15703,A Coruña,Santiago de Compostela
Volvo,XC60,Diésel,69968.0,150.0,automatic,25875,Ciudad Real,13003,Ciudad Real,Ciudad Real
Volvo,XC60,Diésel,92927.0,150.0,manual,21735,Castello/Castellon de La Plana,12100,Castellón,Castello/Castellon de La Plana
Volvo,XC60,Diésel,92927.0,150.0,manual,21735,Alzira,46600,Valencia,Alzira
Volvo,XC60,Diésel,92927.0,150.0,manual,21735,Alzira,46600,Valencia,Alzira
Volvo,XC60,Diésel,92927.0,150.0,manual,21735,Alcobendas,28100,Madrid,Alcobendas
Volvo,XC60,Diésel,92927.0,150.0,manual,21735,Hidraulica Santillana,28770,Madrid,Hidraulica Santillana
Volvo,XC60,Diésel,92927.0,150.0,manual,21735,Alicante,3007,Alicante,Alicante
Volvo,XC60,Diésel,92927.0,150.0,manual,21735,Albacete,2001,Albacete,Albacete
Volvo,XC60,Diésel,92927.0,150.0,manual,21735,Colonia Pablo Iglesias,28520,Madrid,Colonia Pablo Iglesias
Volvo,XC60,Diésel,92927.0,150.0,manual,21735,Las Rozas de Madrid,28232,Madrid,Las Rozas de Madrid
Volvo,XC60,Diésel,92927.0,150.0,manual,21735,Alameda del Obispo,14005,Córdoba,Alameda del Obispo
Volvo,XC60,Diésel,92927.0,150.0,manual,21735,Torremolinos,29620,Málaga,Torremolinos
Volvo,XC60,Diésel,92927.0,150.0,manual,21735,Torremolinos,29620,Málaga,Torremolinos
Volvo,XC60,Diésel,92927.0,150.0,manual,21735,Torremolinos,29620,Málaga,Torremolinos
Volvo,XC60,Diésel,69968.0,150.0,automatic,25875,Santiago de Compostela,15703,A Coruña,Santiago de Compostela
Volvo,XC60,Diésel,69968.0,150.0,automatic,25875,Alcobendas,28100,Madrid,Alcobendas
Volvo,XC60,Diésel,69968.0,150.0,automatic,25875,Hidraulica Santillana,28770,Madrid,Hidraulica Santillana
Volvo,XC60,Diésel,69968.0,150.0,automatic,25875,Albacete,2001,Albacete,Albacete
Volvo,XC60,Diésel,69968.0,150.0,automatic,25875,Alzira,46600,Valencia,Alzira
Volvo,XC60,Diésel,69968.0,150.0,automatic,25875,Alzira,46600,Valencia,Alzira
Volvo,XC60,Diésel,69968.0,150.0,automatic,25875,Castello/Castellon de La Plana,12100,Castellón,Castello/Castellon de La Plana
Volvo,XC60,Diésel,69968.0,150.0,automatic,25875,Alicante,3007,Alicante,Alicante
Volvo,XC60,Diésel,69968.0,150.0,automatic,25875,Colonia Pablo Iglesias,28520,Madrid,Colonia Pablo Iglesias
Volvo,XC60,Diésel,69968.0,150.0,automatic,25875,Las Rozas de Madrid,28232,Madrid,Las Rozas de Madrid
Volvo,XC60,Diésel,69968.0,150.0,automatic,25875,Alameda del Obispo,14005,Córdoba,Alameda del Obispo
Volvo,XC60,Diésel,69968.0,150.0,automatic,25875,Torremolinos,29620,Málaga,Torremolinos
Volvo,XC60,Diésel,69968.0,150.0,automatic,25875,Torremolinos,29620,Málaga,Torremolinos
Volvo,XC60,Diésel,69968.0,150.0,automatic,25875,Torremolinos,29620,Málaga,Torremolinos
SsangYong,Tivoli,Diésel,53000.0,115.0,manual,15900,Fornells de la Selva,17458,Girona,Fornells de la Selva
SsangYong,Korando,Gasolina,21074.0,163.0,automatic,24900,Santa Coloma de Gramenet,8921,Barcelona,Santa Coloma de Gramenet
SsangYong,Korando,Gasolina,21074.0,163.0,automatic,24900,Fornells de la Selva,17458,Girona,Fornells de la Selva
SsangYong,Korando,Gasolina,5205.0,149.0,manual,25900,Fornells de la Selva,17458,Girona,Fornells de la Selva
SEAT,Leon,Gasolina,126372.0,122.0,manual,11990,Vigo,36214,Pontevedra,Vigo
SEAT,Leon,Diésel,97948.0,150.0,manual,16200,Vigo,36214,Pontevedra,Vigo
SEAT,Leon,Gasolina,126372.0,122.0,manual,11990,Saladar,3700,Alicante,Saladar
SEAT,Leon,Diésel,97948.0,150.0,manual,16200,Saladar,3700,Alicante,Saladar
SEAT,Leon,Gasolina,126372.0,122.0,manual,11990,Granollers,8403,Barcelona,Granollers
SEAT,Leon,Diésel,97948.0,150.0,manual,16200,Granollers,8403,Barcelona,Granollers
SEAT,Leon,Gasolina,68917.0,125.0,manual,13990,Almería,4006,Almería,Almería
SEAT,Leon,Gasolina,126372.0,122.0,manual,11990,Badajoz,6008,Badajoz,Badajoz
SEAT,Leon,Diésel,97948.0,150.0,manual,16200,Badajoz,6008,Badajoz,Badajoz
SEAT,Leon,Gasolina,68917.0,125.0,manual,13990,Castellón,12001,Castellón,Castellón
SEAT,Leon,Gasolina,68917.0,125.0,manual,13990,Sevilla,41005,Sevilla,Sevilla
SEAT,Leon,Gasolina,68917.0,125.0,manual,13990,Alicante,3010,Alicante,Alicante
SEAT,Leon,Gasolina,68917.0,125.0,manual,13990,Alicante,3010,Murcia,Alicante
SEAT,Leon,Gasolina,68917.0,125.0,manual,13990,Vigo,36211,Pontevedra,Vigo
SEAT,Leon,Gasolina,126372.0,122.0,manual,11990,Barcelona,8007,Barcelona,Barcelona
SEAT,Leon,Gasolina,68917.0,125.0,manual,13990,Granada,18005,Granada,Granada
SEAT,Leon,Diésel,97948.0,150.0,manual,16200,Barcelona,8007,Barcelona,Barcelona
SEAT,Leon,Gasolina,68917.0,125.0,manual,13990,Málaga,29005,Málaga,Málaga
SEAT,Leon,Gasolina,68917.0,125.0,manual,13990,Murcia,30005,Murcia,Murcia
SEAT,Leon,Gasolina,68917.0,125.0,manual,13990,Valencia,46001,Valencia,Valencia
SEAT,Leon,Gasolina,68917.0,125.0,manual,13990,Bilbao,48004,Bizkaia,Bilbao
SEAT,Leon,Gasolina,68917.0,125.0,manual,13990,Palma de Mallorca,7003,Baleares,Palma de Mallorca
SEAT,Leon,Gasolina,42050.0,150.0,manual,20995,L'Hospitalet de Llobregat,8901,Barcelona,L'Hospitalet de Llobregat
Jeep,Wrangler,Diésel,135000.0,200.0,manual,28900,Villanueva del Arzobispo,23330,Jaén,Villanueva del Arzobispo
Audi,A1,Diésel,77932.0,116.0,manual,15990,Sevilla,41005,Sevilla,Sevilla
Audi,A1,Diésel,74796.0,90.0,manual,14990,Sevilla,41005,Sevilla,Sevilla
Audi,A1,Gasolina,35098.0,95.0,manual,19990,Leganés,28916,Madrid,Leganés
Audi,A1,Diésel,77932.0,116.0,manual,15990,Valencia,46001,Valencia,Valencia
Audi,A1,Diésel,74796.0,90.0,manual,14990,Valencia,46001,Valencia,Valencia
Audi,A1,Diésel,77932.0,116.0,manual,15990,Málaga,29005,Málaga,Málaga
Audi,A1,Diésel,74796.0,90.0,manual,14990,Málaga,29005,Málaga,Málaga
Audi,A1,Diésel,62000.0,89.0,manual,16690,Barcelona,8007,Barcelona,Barcelona
Audi,A1,Diésel,62000.0,89.0,manual,16690,Madrid,28014,Madrid,Madrid
Audi,A1,Diésel,62000.0,89.0,manual,16690,Zaragoza,50018,Zaragoza,Zaragoza
Audi,A1,Gasolina,16294.0,95.0,manual,24300,Santa Coloma de Gramenet,8921,Barcelona,Santa Coloma de Gramenet
Audi,A1,Gasolina,61026.0,116.0,manual,20300,Santa Coloma de Gramenet,8921,Barcelona,Santa Coloma de Gramenet
Audi,A1,Gasolina,23284.0,95.0,manual,20900,Santa Coloma de Gramenet,8921,Barcelona,Santa Coloma de Gramenet
Audi,A1,Gasolina,40621.0,95.0,manual,20700,Santa Coloma de Gramenet,8921,Barcelona,Santa Coloma de Gramenet
Audi,A1,Gasolina,36417.0,125.0,manual,19100,Santa Coloma de Gramenet,8921,Barcelona,Santa Coloma de Gramenet
Audi,A1,Gasolina,16418.0,110.0,manual,25900,Santa Coloma de Gramenet,8921,Barcelona,Santa Coloma de Gramenet
Audi,A1,Gasolina,21635.0,110.0,manual,25400,Santa Coloma de Gramenet,8921,Barcelona,Santa Coloma de Gramenet
Audi,A1,Gasolina,24071.0,110.0,manual,25100,Santa Coloma de Gramenet,8921,Barcelona,Santa Coloma de Gramenet
Audi,A1,Gasolina,27482.0,110.0,automatic,28900,Santa Coloma de Gramenet,8921,Barcelona,Santa Coloma de Gramenet
Audi,A1,Gasolina,19493.0,110.0,automatic,29200,Santa Coloma de Gramenet,8921,Barcelona,Santa Coloma de Gramenet
Audi,A1,Gasolina,33197.0,95.0,manual,23200,Fornells de la Selva,17458,Girona,Fornells de la Selva
Audi,A1,Gasolina,31437.0,95.0,manual,23200,Fornells de la Selva,17458,Girona,Fornells de la Selva
Audi,A1,Gasolina,32593.0,95.0,manual,23600,Fornells de la Selva,17458,Girona,Fornells de la Selva
Audi,A1,Gasolina,16294.0,95.0,manual,24300,Fornells de la Selva,17458,Girona,Fornells de la Selva
Audi,A1,Gasolina,29617.0,116.0,manual,19900,Fornells de la Selva,17458,Girona,Fornells de la Selva
Audi,A1,Gasolina,61026.0,116.0,manual,20300,Fornells de la Selva,17458,Girona,Fornells de la Selva
Audi,A1,Gasolina,23284.0,95.0,manual,20900,Fornells de la Selva,17458,Girona,Fornells de la Selva
Audi,A1,Gasolina,40621.0,95.0,manual,20700,Fornells de la Selva,17458,Girona,Fornells de la Selva
Audi,A1,Gasolina,36417.0,125.0,manual,19100,Fornells de la Selva,17458,Girona,Fornells de la Selva
Audi,A1,Gasolina,65531.0,125.0,manual,19900,Fornells de la Selva,17458,Girona,Fornells de la Selva
Audi,A1,Gasolina,58000.0,86.0,manual,14990,Cabrera de Mar,8349,Barcelona,Cabrera de Mar
Audi,A4,Diésel,15000.0,163.0,automatic,38450,Zaragoza,50002,Zaragoza,Zaragoza
Audi,A4,Diésel,151214.0,150.0,manual,13990,Sevilla,41005,Sevilla,Sevilla
Audi,A4,Diésel,76999.0,150.0,automatic,28290,Sevilla,41005,Sevilla,Sevilla
Audi,A4,Diésel,65000.0,150.0,manual,18490,Sevilla,41005,Sevilla,Sevilla
Audi,A4,Diésel,65000.0,150.0,manual,18490,Salamanca,37008,Salamanca,Salamanca
Audi,A4,Diésel,65000.0,150.0,manual,18490,Salamanca,37008,Salamanca,Salamanca
Audi,A4,Diésel,65000.0,150.0,manual,18490,Valladolid,47006,Valladolid,Valladolid
Audi,A4,Diésel,76999.0,150.0,automatic,28290,Almería,4006,Almería,Almería
Audi,A4,Diésel,65000.0,150.0,manual,18490,Almería,4006,Almería,Almería
Audi,A4,Diésel,76999.0,150.0,automatic,28290,Vigo,36211,Pontevedra,Vigo
Audi,A4,Diésel,65000.0,150.0,manual,18490,Vigo,36211,Pontevedra,Vigo
Audi,A4,Diésel,151214.0,150.0,manual,13990,Valencia,46001,Valencia,Valencia
Audi,A4,Diésel,76999.0,150.0,automatic,28290,Murcia,30005,Murcia,Murcia
Audi,A4,Diésel,151214.0,150.0,manual,13990,Málaga,29005,Málaga,Málaga
Audi,A4,Diésel,65000.0,150.0,manual,18490,Murcia,30005,Murcia,Murcia
Audi,A4,Diésel,76999.0,150.0,automatic,28290,Valencia,46001,Valencia,Valencia
Audi,A4,Diésel,65000.0,150.0,manual,18490,Valencia,46001,Valencia,Valencia
Infiniti,QX70,Gasolina,118600.0,320.0,automatic,31050,Granollers,8403,Barcelona,Granollers
Infiniti,QX70,Gasolina,118600.0,320.0,automatic,31050,Badajoz,6008,Badajoz,Badajoz
Infiniti,QX70,Gasolina,118600.0,320.0,automatic,31050,Barcelona,8007,Barcelona,Barcelona
KIA,Rio,Gasolina,65422.0,85.0,manual,7990,Almería,4006,Almería,Almería
KIA,Rio,Gasolina,65422.0,85.0,manual,7990,Sevilla,41005,Sevilla,Sevilla
KIA,Rio,Gasolina,65422.0,85.0,manual,7990,Alicante,3010,Alicante,Alicante
KIA,Rio,Gasolina,65422.0,85.0,manual,7990,Alicante,3010,Murcia,Alicante
KIA,Rio,Gasolina,65422.0,85.0,manual,7990,Vigo,36211,Pontevedra,Vigo
KIA,Rio,Gasolina,65422.0,85.0,manual,7990,Granada,18005,Granada,Granada
KIA,Rio,Gasolina,65422.0,85.0,manual,7990,Málaga,29005,Málaga,Málaga
KIA,Rio,Gasolina,65422.0,85.0,manual,7990,Bilbao,48004,Bizkaia,Bilbao
KIA,Rio,Gasolina,65422.0,85.0,manual,7990,Murcia,30005,Murcia,Murcia
KIA,Rio,Gasolina,65422.0,85.0,manual,7990,Valencia,46001,Valencia,Valencia
KIA,Rio,Gasolina,65422.0,85.0,manual,7990,Cáceres,10001,Cáceres,Cáceres
KIA,Rio,Gasolina,65422.0,85.0,manual,7990,Badajoz,6003,Badajoz,Badajoz
KIA,Rio,Gasolina,65422.0,85.0,manual,7990,Salamanca,37008,Salamanca,Salamanca
KIA,Rio,Gasolina,65422.0,85.0,manual,7990,Salamanca,37008,Salamanca,Salamanca
Nissan,Navara,Diésel,162588.0,174.0,manual,10990,Granollers,8403,Barcelona,Granollers
Nissan,Navara,Diésel,162588.0,174.0,manual,10990,Badajoz,6008,Badajoz,Badajoz
Nissan,Navara,Diésel,162588.0,174.0,manual,10990,Barcelona,8007,Barcelona,Barcelona
Audi,Q2,Gasolina,65122.0,116.0,automatic,25400,O Porriño,36400,Pontevedra,O Porriño
Audi,Q2,Diésel,42713.0,116.0,automatic,25875,Santa Maria del Aguila,4710,Almería,Santa Maria del Aguila
Audi,Q2,Diésel,41725.0,116.0,automatic,27900,Santa Maria del Aguila,4710,Almería,Santa Maria del Aguila
Audi,Q2,Diésel,42713.0,116.0,automatic,25875,Sant Vicenç de Montalt,8394,Barcelona,Sant Vicenç de Montalt
Audi,Q2,Diésel,41725.0,116.0,automatic,27900,Sant Vicenç de Montalt,8394,Barcelona,Sant Vicenç de Montalt
Audi,Q2,Diésel,54777.0,150.0,manual,27900,Barcelona,8036,Barcelona,Barcelona
Audi,Q2,Diésel,21924.0,150.0,manual,31400,Santa Coloma de Gramenet,8921,Barcelona,Santa Coloma de Gramenet
Audi,Q2,Diésel,66143.0,150.0,automatic,29900,Santa Coloma de Gramenet,8921,Barcelona,Santa Coloma de Gramenet
Audi,Q2,Gasolina,18196.0,116.0,manual,26900,Santa Coloma de Gramenet,8921,Barcelona,Santa Coloma de Gramenet
Audi,Q2,Diésel,32049.0,116.0,automatic,33100,Santa Coloma de Gramenet,8921,Barcelona,Santa Coloma de Gramenet
Audi,Q2,Diésel,72198.0,116.0,manual,22999,Fornells de la Selva,17458,Girona,Fornells de la Selva
Audi,Q2,Diésel,32558.0,116.0,automatic,32400,Fornells de la Selva,17458,Girona,Fornells de la Selva
Audi,Q2,Gasolina,20854.0,150.0,automatic,34200,Fornells de la Selva,17458,Girona,Fornells de la Selva
Audi,Q2,Diésel,26560.0,116.0,manual,26900,Fornells de la Selva,17458,Girona,Fornells de la Selva
Audi,Q2,Diésel,21924.0,150.0,manual,31400,Fornells de la Selva,17458,Girona,Fornells de la Selva
Audi,Q2,Diésel,27048.0,150.0,automatic,36400,Santa Coloma de Gramenet,8921,Barcelona,Santa Coloma de Gramenet
Audi,Q2,Diésel,66143.0,150.0,automatic,29900,Fornells de la Selva,17458,Girona,Fornells de la Selva
Audi,Q2,Gasolina,30173.0,150.0,manual,28900,Fornells de la Selva,17458,Girona,Fornells de la Selva
Audi,Q2,Diésel,80552.0,116.0,automatic,26400,Fornells de la Selva,17458,Girona,Fornells de la Selva
Audi,Q2,Gasolina,22436.0,116.0,manual,27000,Fornells de la Selva,17458,Girona,Fornells de la Selva
Audi,Q2,Gasolina,18196.0,116.0,manual,26900,Fornells de la Selva,17458,Girona,Fornells de la Selva
Audi,Q2,Gasolina,33693.0,150.0,manual,24900,Fornells de la Selva,17458,Girona,Fornells de la Selva
Citroen,Xsara,Gasolina,194071.0,90.0,manual,1200,Badajoz,6003,Badajoz,Badajoz
Citroen,Xsara,Diésel,331000.0,110.0,manual,3000,Puerto Lumbreras,30890,Murcia,Puerto Lumbreras
Citroen,Xsara,Diésel,331000.0,110.0,manual,3000,Puerto Lumbreras,30890,Murcia,Puerto Lumbreras
Citroen,Xsara,Gasolina,159000.0,110.0,manual,1490,Coslada,28823,Madrid,Coslada
Renault,Kadjar,Diésel,52848.0,130.0,manual,20700,Zaragoza,50013,Zaragoza,Zaragoza
Renault,Kadjar,Diésel,52848.0,130.0,manual,20700,Mercado Parque Corredor del Henares,28850,Madrid,Mercado Parque Corredor del Henares
Renault,Kadjar,Diésel,52848.0,130.0,manual,20700,Santa Maria del Aguila,4710,Almería,Santa Maria del Aguila
Renault,Kadjar,Diésel,52848.0,130.0,manual,20700,Alcalá de Guadaíra,41500,Sevilla,Alcalá de Guadaíra
Renault,Kadjar,Diésel,125190.0,110.0,manual,12990,Sevilla,41005,Sevilla,Sevilla
Renault,Kadjar,Diésel,145687.0,110.0,manual,12490,Sevilla,41005,Sevilla,Sevilla
Renault,Kadjar,Diésel,86451.0,130.0,manual,14990,Sevilla,41005,Sevilla,Sevilla
Renault,Kadjar,Diésel,52848.0,130.0,manual,20700,Mercabilbao,48970,Bizkaia,Mercabilbao
Renault,Kadjar,Diésel,125190.0,110.0,manual,12990,Collado Villalba,28400,Madrid,Collado Villalba
Renault,Kadjar,Diésel,125190.0,110.0,manual,12990,Collado Villalba,28400,Madrid,Collado Villalba
Renault,Kadjar,Diésel,52848.0,130.0,manual,20700,Paterna,46980,Valencia,Paterna
Renault,Kadjar,Diésel,145687.0,110.0,manual,12490,Salamanca,37008,Salamanca,Salamanca
Renault,Kadjar,Diésel,145687.0,110.0,manual,12490,Salamanca,37008,Salamanca,Salamanca
Renault,Kadjar,Diésel,145687.0,110.0,manual,12490,Valladolid,47006,Valladolid,Valladolid
Renault,Kadjar,Diésel,52848.0,130.0,manual,20700,Saladar,3700,Alicante,Saladar
Renault,Kadjar,Diésel,52848.0,130.0,manual,20700,Puerto de Sagunto,46520,Valencia,Puerto de Sagunto
Renault,Kadjar,Diésel,125190.0,110.0,manual,12990,Almería,4006,Almería,Almería
Renault,Kadjar,Diésel,86451.0,130.0,manual,14990,Òrrius,8317,Barcelona,Òrrius
Renault,Kadjar,Diésel,145687.0,110.0,manual,12490,Almería,4006,Almería,Almería
Renault,Kadjar,Diésel,125190.0,110.0,manual,12990,Vigo,36211,Pontevedra,Vigo
Renault,Kadjar,Diésel,86451.0,130.0,manual,14990,Almería,4006,Almería,Almería
Renault,Kadjar,Diésel,145687.0,110.0,manual,12490,Vigo,36211,Pontevedra,Vigo
Renault,Kadjar,Diésel,86451.0,130.0,manual,14990,Vigo,36211,Pontevedra,Vigo
Renault,Kadjar,Diésel,52848.0,130.0,manual,20700,Estepona,29680,Málaga,Estepona
Renault,Kadjar,Diésel,52848.0,130.0,manual,20700,Badajoz,6008,Badajoz,Badajoz
Renault,Kadjar,Diésel,125190.0,110.0,manual,12990,Murcia,30005,Murcia,Murcia
Renault,Kadjar,Diésel,86451.0,130.0,manual,14990,Ullastrell,8231,Barcelona,Ullastrell
Renault,Kadjar,Diésel,145687.0,110.0,manual,12490,Murcia,30005,Murcia,Murcia
Renault,Kadjar,Diésel,52848.0,130.0,manual,20700,Valdepeñas,13300,Ciudad Real,Valdepeñas
Renault,Kadjar,Diésel,52848.0,130.0,manual,20700,Valdepeñas,13300,Ciudad Real,Valdepeñas
Renault,Kadjar,Diésel,52848.0,130.0,manual,20700,Santafe,18320,Granada,Santafe
Renault,Kadjar,Diésel,125190.0,110.0,manual,12990,Valencia,46001,Valencia,Valencia
Renault,Kadjar,Diésel,86451.0,130.0,manual,14990,Murcia,30005,Murcia,Murcia
Renault,Kadjar,Diésel,145687.0,110.0,manual,12490,Valencia,46001,Valencia,Valencia
Renault,Kadjar,Diésel,125190.0,110.0,manual,12990,Granada,18005,Granada,Granada
Renault,Kadjar,Diésel,125190.0,110.0,manual,12990,Málaga,29005,Málaga,Málaga
Renault,Kadjar,Diésel,86451.0,130.0,manual,14990,Valencia,46001,Valencia,Valencia
Renault,Kadjar,Diésel,125190.0,110.0,manual,12990,Urbanizacion La Granjilla,28700,Madrid,Urbanizacion La Granjilla
Renault,Kadjar,Diésel,145687.0,110.0,manual,12490,Málaga,29005,Málaga,Málaga
Renault,Kadjar,Diésel,145687.0,110.0,manual,12490,Granada,18005,Granada,Granada
Renault,Kadjar,Diésel,125190.0,110.0,manual,12990,Toledo,45002,Toledo,Toledo
Renault,Kadjar,Diésel,52848.0,130.0,manual,20700,Granollers,8403,Barcelona,Granollers
Renault,Kadjar,Diésel,86451.0,130.0,manual,14990,Granada,18005,Granada,Granada
Renault,Kadjar,Diésel,125190.0,110.0,manual,12990,Bilbao,48004,Bizkaia,Bilbao
Renault,Kadjar,Diésel,125190.0,110.0,manual,12990,Alicante,3010,Alicante,Alicante
Renault,Kadjar,Diésel,125190.0,110.0,manual,12990,Alicante,3010,Murcia,Alicante
Renault,Kadjar,Diésel,125190.0,110.0,manual,12990,Las Rozas de Madrid,28232,Madrid,Las Rozas de Madrid
Renault,Kadjar,Diésel,145687.0,110.0,manual,12490,Bilbao,48004,Bizkaia,Bilbao
Renault,Kadjar,Diésel,145687.0,110.0,manual,12490,Alicante,3010,Alicante,Alicante
Renault,Kadjar,Diésel,145687.0,110.0,manual,12490,Alicante,3010,Murcia,Alicante
Renault,Kadjar,Diésel,52848.0,130.0,manual,20700,Vigo,36214,Pontevedra,Vigo
Renault,Kadjar,Diésel,52848.0,130.0,manual,20700,Murcia,30003,Murcia,Murcia
Renault,Kadjar,Diésel,52848.0,130.0,manual,20700,Atarrabia,31610,Navarra,Atarrabia
Renault,Kadjar,Diésel,86451.0,130.0,manual,14990,Bilbao,48004,Bizkaia,Bilbao
Renault,Kadjar,Diésel,86451.0,130.0,manual,14990,Alicante,3010,Alicante,Alicante
Renault,Kadjar,Diésel,86451.0,130.0,manual,14990,Alicante,3010,Murcia,Alicante
Renault,Kadjar,Diésel,52848.0,130.0,manual,20700,Olèrdola,8734,Barcelona,Olèrdola
Renault,Kadjar,Diésel,52848.0,130.0,manual,20700,Olèrdola,8734,Barcelona,Olèrdola
Renault,Kadjar,Diésel,145687.0,110.0,manual,12490,Cáceres,10001,Cáceres,Cáceres
Renault,Kadjar,Gasolina,81087.0,140.0,automatic,22399,Barcelona,8007,Barcelona,Barcelona
Renault,Kadjar,Gasolina,81087.0,140.0,automatic,22399,Madrid,28014,Madrid,Madrid
Renault,Kadjar,Diésel,125190.0,110.0,manual,12990,Colonia Pablo Iglesias,28520,Madrid,Colonia Pablo Iglesias
Renault,Kadjar,Diésel,125190.0,110.0,manual,12990,Fuenlabrada,28947,Madrid,Fuenlabrada
Renault,Kadjar,Diésel,125190.0,110.0,manual,12990,Camarma de Esteruelas,28816,Madrid,Camarma de Esteruelas
Renault,Kadjar,Diésel,125190.0,110.0,manual,12990,Camarma de Esteruelas,28816,Madrid,Camarma de Esteruelas
Renault,Kadjar,Diésel,125190.0,110.0,manual,12990,Villaviciosa de Odón,28670,Madrid,Villaviciosa de Odón
Renault,Kadjar,Diésel,86451.0,130.0,manual,14990,Palma de Mallorca,7003,Baleares,Palma de Mallorca
Renault,Kadjar,Diésel,52848.0,130.0,manual,20700,Sant Vicenç de Montalt,8394,Barcelona,Sant Vicenç de Montalt
Renault,Kadjar,Diésel,145687.0,110.0,manual,12490,Oviedo,33003,Asturias,Oviedo
Renault,Kadjar,Diésel,86451.0,130.0,manual,14990,Girona,17007,Girona,Girona
Renault,Kadjar,Diésel,145687.0,110.0,manual,12490,Burgos,9004,Burgos,Burgos
Renault,Kadjar,Diésel,145687.0,110.0,manual,12490,Burgos,9004,Burgos,Burgos
Renault,Kadjar,Diésel,52848.0,130.0,manual,20700,Ciudad Real,13003,Ciudad Real,Ciudad Real
Renault,Kadjar,Diésel,52848.0,130.0,manual,20700,Santiago de Compostela,15703,A Coruña,Santiago de Compostela
Renault,Kadjar,Diésel,52848.0,130.0,manual,20700,Castello/Castellon de La Plana,12100,Castellón,Castello/Castellon de La Plana
Renault,Kadjar,Diésel,52848.0,130.0,manual,20700,Alcobendas,28100,Madrid,Alcobendas
Renault,Kadjar,Diésel,52848.0,130.0,manual,20700,Hidraulica Santillana,28770,Madrid,Hidraulica Santillana
Renault,Kadjar,Diésel,52848.0,130.0,manual,20700,Alzira,46600,Valencia,Alzira
Renault,Kadjar,Diésel,52848.0,130.0,manual,20700,Alzira,46600,Valencia,Alzira
Renault,Kadjar,Diésel,52848.0,130.0,manual,20700,Albacete,2001,Albacete,Albacete
Renault,Kadjar,Diésel,52848.0,130.0,manual,20700,Alicante,3007,Alicante,Alicante
Renault,Kadjar,Diésel,52848.0,130.0,manual,20700,Colonia Pablo Iglesias,28520,Madrid,Colonia Pablo Iglesias
Renault,Kadjar,Diésel,52848.0,130.0,manual,20700,Las Rozas de Madrid,28232,Madrid,Las Rozas de Madrid
Renault,Kadjar,Diésel,52848.0,130.0,manual,20700,Alameda del Obispo,14005,Córdoba,Alameda del Obispo
Renault,Kadjar,Diésel,52848.0,130.0,manual,20700,Torremolinos,29620,Málaga,Torremolinos
Renault,Kadjar,Diésel,52848.0,130.0,manual,20700,Torremolinos,29620,Málaga,Torremolinos
Renault,Kadjar,Diésel,52848.0,130.0,manual,20700,Torremolinos,29620,Málaga,Torremolinos
Renault,Kadjar,Diésel,73985.0,110.0,manual,16125,Alcalá de Guadaíra,41500,Sevilla,Alcalá de Guadaíra
Renault,Kadjar,Gasolina,85030.0,130.0,manual,15600,Fornells de la Selva,17458,Girona,Fornells de la Selva
Renault,Kadjar,Gasolina,5500.0,140.0,manual,25500,Olías del Rey,45280,Toledo,Olías del Rey
KIA,Sorento,Diésel,160000.0,150.0,manual,10500,Sabadell,8206,Barcelona,Sabadell
KIA,Sorento,Diésel,86576.0,200.0,automatic,20999,Barcelona,8007,Barcelona,Barcelona
KIA,Sorento,Diésel,86576.0,200.0,automatic,20999,Madrid,28014,Madrid,Madrid
Renault,Kangoo,Eléctrico,21714.0,60.0,automatic,16500,Sevilla,41007,Sevilla,Sevilla
Renault,Kangoo,Diésel,159000.0,75.0,manual,8500,Villanueva del Arzobispo,23330,Jaén,Villanueva del Arzobispo
Renault,Kangoo,Diésel,66593.0,90.0,manual,16490,Alcalá de Guadaíra,41500,Sevilla,Alcalá de Guadaíra
Renault,Kangoo,Diésel,66593.0,90.0,manual,297,Alcalá de Guadaíra,41500,Sevilla,Alcalá de Guadaíra
Renault,Kangoo,Diésel,140000.0,115.0,manual,11400,Badalona,8911,Barcelona,Badalona
Renault,Kangoo,Diésel,150.0,75.0,manual,6900,Madrid,28008,Madrid,Madrid
Renault,Kangoo,Diésel,168000.0,90.0,manual,6900,Murcia,30001,Murcia,Murcia
Renault,Kangoo,Diésel,54650.0,90.0,manual,9500,Cieza,30530,Murcia,Cieza
Renault,Kangoo,Diésel,224000.0,65.0,manual,4990,Sant Antoni de Vilamajor,8459,Barcelona,Sant Antoni de Vilamajor
Renault,Kangoo,Diésel,224000.0,65.0,manual,4990,Sant Antoni de Vilamajor,8459,Barcelona,Sant Antoni de Vilamajor
Renault,Laguna,Diésel,150376.0,150.0,manual,9990,Viladecans,8840,Barcelona,Viladecans
Renault,Laguna,Diésel,174000.0,130.0,manual,4149,Illescas,45200,Toledo,Illescas
Renault,Laguna,Diésel,16170.0,110.0,automatic,14850,Zaragoza,50013,Zaragoza,Zaragoza
Renault,Laguna,Diésel,16170.0,110.0,automatic,14850,Mercado Parque Corredor del Henares,28850,Madrid,Mercado Parque Corredor del Henares
Renault,Laguna,Diésel,16170.0,110.0,automatic,14850,Santa Maria del Aguila,4710,Almería,Santa Maria del Aguila
Renault,Laguna,Diésel,16170.0,110.0,automatic,14850,Alcalá de Guadaíra,41500,Sevilla,Alcalá de Guadaíra
Renault,Laguna,Diésel,16170.0,110.0,automatic,14850,Mercabilbao,48970,Bizkaia,Mercabilbao
Renault,Laguna,Diésel,16170.0,110.0,automatic,14850,Paterna,46980,Valencia,Paterna
Renault,Laguna,Diésel,16170.0,110.0,automatic,14850,Saladar,3700,Alicante,Saladar
Renault,Laguna,Diésel,16170.0,110.0,automatic,14850,Puerto de Sagunto,46520,Valencia,Puerto de Sagunto
Renault,Laguna,Diésel,16170.0,110.0,automatic,14850,Estepona,29680,Málaga,Estepona
Renault,Laguna,Diésel,16170.0,110.0,automatic,14850,Badajoz,6008,Badajoz,Badajoz
Renault,Laguna,Diésel,16170.0,110.0,automatic,14850,Santafe,18320,Granada,Santafe
Renault,Laguna,Diésel,16170.0,110.0,automatic,14850,Valdepeñas,13300,Ciudad Real,Valdepeñas
Renault,Laguna,Diésel,16170.0,110.0,automatic,14850,Valdepeñas,13300,Ciudad Real,Valdepeñas
Renault,Laguna,Diésel,16170.0,110.0,automatic,14850,Granollers,8403,Barcelona,Granollers
Renault,Laguna,Diésel,16170.0,110.0,automatic,14850,Murcia,30003,Murcia,Murcia
Renault,Laguna,Diésel,16170.0,110.0,automatic,14850,Vigo,36214,Pontevedra,Vigo
Renault,Laguna,Diésel,16170.0,110.0,automatic,14850,Atarrabia,31610,Navarra,Atarrabia
Renault,Laguna,Diésel,16170.0,110.0,automatic,14850,Olèrdola,8734,Barcelona,Olèrdola
Renault,Laguna,Diésel,16170.0,110.0,automatic,14850,Olèrdola,8734,Barcelona,Olèrdola
Renault,Laguna,Diésel,16170.0,110.0,automatic,14850,Sant Vicenç de Montalt,8394,Barcelona,Sant Vicenç de Montalt
Renault,Laguna,Diésel,16170.0,110.0,automatic,14850,Ciudad Real,13003,Ciudad Real,Ciudad Real
Renault,Laguna,Diésel,16170.0,110.0,automatic,14850,Santiago de Compostela,15703,A Coruña,Santiago de Compostela
Renault,Laguna,Diésel,16170.0,110.0,automatic,14850,Alcobendas,28100,Madrid,Alcobendas
Renault,Laguna,Diésel,16170.0,110.0,automatic,14850,Alzira,46600,Valencia,Alzira
Renault,Laguna,Diésel,16170.0,110.0,automatic,14850,Alzira,46600,Valencia,Alzira
Renault,Laguna,Diésel,16170.0,110.0,automatic,14850,Albacete,2001,Albacete,Albacete
Renault,Laguna,Diésel,16170.0,110.0,automatic,14850,Castello/Castellon de La Plana,12100,Castellón,Castello/Castellon de La Plana
Renault,Laguna,Diésel,16170.0,110.0,automatic,14850,Hidraulica Santillana,28770,Madrid,Hidraulica Santillana
Renault,Laguna,Diésel,16170.0,110.0,automatic,14850,Alicante,3007,Alicante,Alicante
Renault,Laguna,Diésel,16170.0,110.0,automatic,14850,Las Rozas de Madrid,28232,Madrid,Las Rozas de Madrid
Renault,Laguna,Diésel,16170.0,110.0,automatic,14850,Alameda del Obispo,14005,Córdoba,Alameda del Obispo
Renault,Laguna,Diésel,16170.0,110.0,automatic,14850,Torremolinos,29620,Málaga,Torremolinos
Renault,Laguna,Diésel,16170.0,110.0,automatic,14850,Torremolinos,29620,Málaga,Torremolinos
Renault,Laguna,Diésel,16170.0,110.0,automatic,14850,Torremolinos,29620,Málaga,Torremolinos
Renault,Laguna,Diésel,16170.0,110.0,automatic,14850,Colonia Pablo Iglesias,28520,Madrid,Colonia Pablo Iglesias
Renault,Laguna,Diésel,345000.0,150.0,manual,3500,Barcelona,8038,Barcelona,Barcelona
Renault,Laguna,Diésel,345000.0,150.0,manual,2500,Barcelona,8038,Barcelona,Barcelona
KIA,Ceed,Gasolina,71000.0,120.0,manual,16500,Mollerussa,25230,Lleida,Mollerussa
Renault,Laguna,Diésel,220000.0,130.0,manual,5999,Arbuio,48810,Bizkaia,Arbuio
Renault,Laguna,Diésel,182450.0,150.0,manual,4800,Fuenlabrada,28945,Madrid,Fuenlabrada
Renault,Laguna,Diésel,230000.0,130.0,manual,2900,Sevilla,41001,Sevilla,Sevilla
Volvo,V40,Diésel,169000.0,150.0,automatic,15990,Madrid,28050,Madrid,Madrid
Citroen,Xsara,Diésel,219000.0,90.0,manual,2999,Albal,46470,Valencia,Albal
Citroen,Xsara,Diésel,219000.0,90.0,manual,2999,Albal,46470,Valencia,Albal
Citroen,Xsara,Diésel,219000.0,90.0,manual,2999,Albal,46470,Valencia,Albal
Citroen,Xsara,Diésel,219000.0,90.0,manual,2999,Albal,46470,Valencia,Albal
Citroen,Xsara,Gasolina,165000.0,109.0,manual,1900,Terrassa,8221,Barcelona,Terrassa
Citroen,Xsara,Gasolina,91000.0,110.0,manual,3900,Barcelona,8030,Barcelona,Barcelona
Citroen,Xsara,Diésel,190000.0,90.0,manual,1990,Albacete,2005,Albacete,Albacete
Citroen,Xsara,Diésel,124000.0,90.0,manual,3400,Daimiel,13250,Ciudad Real,Daimiel
Mazda,MX-5,Gasolina,48904.0,131.0,manual,21045,Colonia Pablo Iglesias,28520,Madrid,Colonia Pablo Iglesias
Mazda,MX-5,Gasolina,48904.0,131.0,manual,21045,Las Rozas de Madrid,28232,Madrid,Las Rozas de Madrid
Mazda,MX-5,Gasolina,48904.0,131.0,manual,21045,Alameda del Obispo,14005,Córdoba,Alameda del Obispo
Mazda,MX-5,Gasolina,48904.0,131.0,manual,21045,Torremolinos,29620,Málaga,Torremolinos
Mazda,MX-5,Gasolina,48904.0,131.0,manual,21045,Torremolinos,29620,Málaga,Torremolinos
Mazda,MX-5,Gasolina,48904.0,131.0,manual,21045,Torremolinos,29620,Málaga,Torremolinos
Renault,Twingo,Gasolina,26327.0,90.0,manual,12420,Vigo,36214,Pontevedra,Vigo
Renault,Twingo,Gasolina,26327.0,90.0,manual,12420,Saladar,3700,Alicante,Saladar
Renault,Twingo,Gasolina,26327.0,90.0,manual,12420,Granollers,8403,Barcelona,Granollers
Renault,Twingo,Gasolina,26327.0,90.0,manual,12420,Badajoz,6008,Badajoz,Badajoz
Renault,Twingo,Gasolina,26327.0,90.0,manual,12420,Barcelona,8007,Barcelona,Barcelona
Volvo,XC60,Diésel,180000.0,215.0,automatic,15950,Sabadell,8206,Barcelona,Sabadell
Citroen,Xsara,Diésel,270000.0,110.0,manual,1990,Coslada,28823,Madrid,Coslada
Volvo,S90,Diésel,117311.0,190.0,automatic,37950,Granollers,8403,Barcelona,Granollers
Volvo,S90,Diésel,117311.0,190.0,automatic,37950,Badajoz,6008,Badajoz,Badajoz
Volvo,S90,Diésel,117311.0,190.0,automatic,37950,Barcelona,8007,Barcelona,Barcelona
Alfa Romeo,156,Diésel,149000.0,175.0,manual,6900,Igualada,8700,Barcelona,Igualada
Nissan,X-Trail,Diésel,203154.0,130.0,manual,16900,Cieza,30530,Murcia,Cieza
Nissan,X-Trail,Diésel,159000.0,130.0,automatic,15900,Villanueva del Arzobispo,23330,Jaén,Villanueva del Arzobispo
Citroen,Xsara,Diésel,210000.0,110.0,manual,2490,Coslada,28823,Madrid,Coslada
Citroen,Xsara,Gasolina,140000.0,109.0,manual,4600,El Moli d'en Rovira,8720,Barcelona,El Moli d'en Rovira
Citroen,Xsara,Diésel,231000.0,92.0,manual,4200,Chiclana de la Frontera,11130,Cádiz,Chiclana de la Frontera
Citroen,Xsara,Diésel,231000.0,92.0,manual,3800,Chiclana de la Frontera,11130,Cádiz,Chiclana de la Frontera
Toyota,Auris,Diésel,121321.0,90.0,manual,11990,Vigo,36214,Pontevedra,Vigo
Toyota,Auris,Diésel,121321.0,90.0,manual,11990,Saladar,3700,Alicante,Saladar
Toyota,Auris,Diésel,121321.0,90.0,manual,11990,Granollers,8403,Barcelona,Granollers
Toyota,Auris,Diésel,121321.0,90.0,manual,11990,Badajoz,6008,Badajoz,Badajoz
Toyota,Auris,Diésel,121321.0,90.0,manual,11990,Barcelona,8007,Barcelona,Barcelona
Mercedes-Benz,Clase CLA,Gasolina,68998.0,122.0,manual,21900,Zaragoza,50013,Zaragoza,Zaragoza
Mercedes-Benz,Clase CLA,Gasolina,68998.0,122.0,manual,21900,Mercado Parque Corredor del Henares,28850,Madrid,Mercado Parque Corredor del Henares
Mercedes-Benz,Clase CLA,Gasolina,68998.0,122.0,manual,21900,Santa Maria del Aguila,4710,Almería,Santa Maria del Aguila
Mercedes-Benz,Clase CLA,Gasolina,68998.0,122.0,manual,21900,Alcalá de Guadaíra,41500,Sevilla,Alcalá de Guadaíra
Mercedes-Benz,Clase CLA,Diésel,58674.0,177.0,automatic,31625,Santa Maria del Aguila,4710,Almería,Santa Maria del Aguila
Mercedes-Benz,Clase CLA,Gasolina,68998.0,122.0,manual,21900,Mercabilbao,48970,Bizkaia,Mercabilbao
Mercedes-Benz,Clase CLA,Gasolina,68998.0,122.0,manual,21900,Paterna,46980,Valencia,Paterna
Mercedes-Benz,Clase CLA,Gasolina,68998.0,122.0,manual,21900,Saladar,3700,Alicante,Saladar
Mercedes-Benz,Clase CLA,Gasolina,68998.0,122.0,manual,21900,Puerto de Sagunto,46520,Valencia,Puerto de Sagunto
Mercedes-Benz,Clase CLA,Gasolina,68998.0,122.0,manual,21900,Estepona,29680,Málaga,Estepona
Mercedes-Benz,Clase CLA,Gasolina,68998.0,122.0,manual,21900,Badajoz,6008,Badajoz,Badajoz
Mercedes-Benz,Clase CLA,Gasolina,68998.0,122.0,manual,21900,Valdepeñas,13300,Ciudad Real,Valdepeñas
Mercedes-Benz,Clase CLA,Gasolina,68998.0,122.0,manual,21900,Valdepeñas,13300,Ciudad Real,Valdepeñas
Mercedes-Benz,Clase CLA,Gasolina,68998.0,122.0,manual,21900,Santafe,18320,Granada,Santafe
Mercedes-Benz,Clase CLA,Gasolina,68998.0,122.0,manual,21900,Granollers,8403,Barcelona,Granollers
Mercedes-Benz,Clase CLA,Gasolina,68998.0,122.0,manual,21900,Vigo,36214,Pontevedra,Vigo
Mercedes-Benz,Clase CLA,Gasolina,68998.0,122.0,manual,21900,Murcia,30003,Murcia,Murcia
Mercedes-Benz,Clase CLA,Gasolina,68998.0,122.0,manual,21900,Atarrabia,31610,Navarra,Atarrabia
Mercedes-Benz,Clase CLA,Gasolina,68998.0,122.0,manual,21900,Olèrdola,8734,Barcelona,Olèrdola
Mercedes-Benz,Clase CLA,Gasolina,68998.0,122.0,manual,21900,Olèrdola,8734,Barcelona,Olèrdola
Mercedes-Benz,Clase CLA,Gasolina,68998.0,122.0,manual,21900,Sant Vicenç de Montalt,8394,Barcelona,Sant Vicenç de Montalt
Mercedes-Benz,Clase CLA,Diésel,58674.0,177.0,automatic,31625,Sant Vicenç de Montalt,8394,Barcelona,Sant Vicenç de Montalt
Mercedes-Benz,Clase CLA,Gasolina,19058.0,136.0,automatic,38985,Sant Vicenç de Montalt,8394,Barcelona,Sant Vicenç de Montalt
Mercedes-Benz,Clase CLA,Gasolina,68998.0,122.0,manual,21900,Ciudad Real,13003,Ciudad Real,Ciudad Real
Mercedes-Benz,Clase CLA,Gasolina,68998.0,122.0,manual,21900,Santiago de Compostela,15703,A Coruña,Santiago de Compostela
Mercedes-Benz,Clase CLA,Gasolina,68998.0,122.0,manual,21900,Alzira,46600,Valencia,Alzira
Mercedes-Benz,Clase CLA,Gasolina,68998.0,122.0,manual,21900,Alzira,46600,Valencia,Alzira
Mercedes-Benz,Clase CLA,Gasolina,68998.0,122.0,manual,21900,Castello/Castellon de La Plana,12100,Castellón,Castello/Castellon de La Plana
Mercedes-Benz,Clase CLA,Gasolina,68998.0,122.0,manual,21900,Alcobendas,28100,Madrid,Alcobendas
Mercedes-Benz,Clase CLA,Gasolina,68998.0,122.0,manual,21900,Hidraulica Santillana,28770,Madrid,Hidraulica Santillana
Mercedes-Benz,Clase CLA,Gasolina,68998.0,122.0,manual,21900,Albacete,2001,Albacete,Albacete
Mercedes-Benz,Clase CLA,Gasolina,68998.0,122.0,manual,21900,Alicante,3007,Alicante,Alicante
Mercedes-Benz,Clase CLA,Gasolina,68998.0,122.0,manual,21900,Las Rozas de Madrid,28232,Madrid,Las Rozas de Madrid
Mercedes-Benz,Clase CLA,Gasolina,68998.0,122.0,manual,21900,Colonia Pablo Iglesias,28520,Madrid,Colonia Pablo Iglesias
Mercedes-Benz,Clase CLA,Gasolina,68998.0,122.0,manual,21900,Alameda del Obispo,14005,Córdoba,Alameda del Obispo
Mercedes-Benz,Clase CLA,Gasolina,68998.0,122.0,manual,21900,Torremolinos,29620,Málaga,Torremolinos
Mercedes-Benz,Clase CLA,Gasolina,68998.0,122.0,manual,21900,Torremolinos,29620,Málaga,Torremolinos
Mercedes-Benz,Clase CLA,Gasolina,68998.0,122.0,manual,21900,Torremolinos,29620,Málaga,Torremolinos
Mercedes-Benz,Clase CLA,Diésel,82500.0,136.0,manual,27500,Sabadell,8204,Barcelona,Sabadell
Mercedes-Benz,Clase CLA,Gasolina,47130.0,136.0,automatic,31990,Igualada,8700,Barcelona,Igualada
Mercedes-Benz,Clase CLA,Diésel,50000.0,122.0,manual,22500,Madrid,28022,Madrid,Madrid
Renault,Scenic,Diésel,58710.0,95.0,manual,10850,Vigo,36214,Pontevedra,Vigo
Renault,Scenic,Diésel,58710.0,95.0,manual,10850,Saladar,3700,Alicante,Saladar
Renault,Scenic,Diésel,58710.0,95.0,manual,10850,Granollers,8403,Barcelona,Granollers
Renault,Scenic,Diésel,58710.0,95.0,manual,10850,Badajoz,6008,Badajoz,Badajoz
Renault,Scenic,Diésel,58710.0,95.0,manual,10850,Barcelona,8007,Barcelona,Barcelona
Renault,Scenic,Diésel,75000.0,110.0,manual,16990,Catarroja,46470,Valencia,Catarroja
Renault,Scenic,Diésel,75000.0,110.0,manual,16990,Catarroja,46470,Valencia,Catarroja
Renault,Scenic,Diésel,75000.0,110.0,manual,16990,Catarroja,46470,Valencia,Catarroja
Renault,Scenic,Diésel,75000.0,110.0,manual,16990,Catarroja,46470,Valencia,Catarroja
SEAT,Leon,Diésel,103635.0,105.0,manual,9960,Viladecans,8840,Barcelona,Viladecans
SEAT,Leon,Gasolina,11000.0,150.0,automatic,26900,Zaragoza,50001,Zaragoza,Zaragoza
SEAT,Leon,Otros,89142.0,130.0,manual,348,Madrid,28014,Madrid,Madrid
SEAT,Leon,Diésel,123500.0,110.0,manual,12400,Trapaga-Causo,48510,Bizkaia,Trapaga-Causo
SEAT,Leon,Gasolina,48428.0,150.0,manual,18950,Santa Maria del Aguila,4710,Almería,Santa Maria del Aguila
SEAT,Leon,Gasolina,169951.0,125.0,manual,9990,Sevilla,41005,Sevilla,Sevilla
SEAT,Leon,Gasolina,96580.0,180.0,manual,15990,Sevilla,41005,Sevilla,Sevilla
SEAT,Leon,Gasolina,79098.0,110.0,manual,11490,Sevilla,41005,Sevilla,Sevilla
SEAT,Leon,Gasolina,48819.0,150.0,manual,18490,Sevilla,41005,Sevilla,Sevilla
SEAT,Leon,Gasolina,79098.0,110.0,manual,11490,Collado Villalba,28400,Madrid,Collado Villalba
SEAT,Leon,Gasolina,79098.0,110.0,manual,11490,Collado Villalba,28400,Madrid,Collado Villalba
SEAT,Leon,Diésel,97000.0,115.0,manual,12850,Terrassa,8223,Barcelona,Terrassa
SEAT,Leon,Diésel,88000.0,115.0,manual,13250,Terrassa,8223,Barcelona,Terrassa
SEAT,Leon,Gasolina,96580.0,180.0,manual,15990,Almería,4006,Almería,Almería
SEAT,Leon,Gasolina,79098.0,110.0,manual,11490,Almería,4006,Almería,Almería
SEAT,Leon,Gasolina,48819.0,150.0,manual,18490,Almería,4006,Almería,Almería
SEAT,Leon,Gasolina,96580.0,180.0,manual,15990,Vigo,36211,Pontevedra,Vigo
SEAT,Leon,Gasolina,79098.0,110.0,manual,11490,Vigo,36211,Pontevedra,Vigo
SEAT,Leon,Gasolina,48819.0,150.0,manual,18490,Vigo,36211,Pontevedra,Vigo
SEAT,Leon,Gasolina,169951.0,125.0,manual,9990,Valencia,46001,Valencia,Valencia
SEAT,Leon,Gasolina,96580.0,180.0,manual,15990,Murcia,30005,Murcia,Murcia
SEAT,Leon,Gasolina,79098.0,110.0,manual,11490,Murcia,30005,Murcia,Murcia
SEAT,Leon,Gasolina,48819.0,150.0,manual,18490,Murcia,30005,Murcia,Murcia
SEAT,Leon,Gasolina,169951.0,125.0,manual,9990,Málaga,29005,Málaga,Málaga
SEAT,Leon,Gasolina,96580.0,180.0,manual,15990,Castellón,12001,Castellón,Castellón
SEAT,Leon,Gasolina,96580.0,180.0,manual,15990,Valencia,46001,Valencia,Valencia
SEAT,Leon,Gasolina,79098.0,110.0,manual,11490,Valencia,46001,Valencia,Valencia
SEAT,Leon,Gasolina,48819.0,150.0,manual,18490,Valencia,46001,Valencia,Valencia
SEAT,Leon,Gasolina,96580.0,180.0,manual,15990,Málaga,29005,Málaga,Málaga
SEAT,Leon,Gasolina,79098.0,110.0,manual,11490,Málaga,29005,Málaga,Málaga
SEAT,Leon,Gasolina,96580.0,180.0,manual,15990,Granada,18005,Granada,Granada
SEAT,Leon,Gasolina,48819.0,150.0,manual,18490,Málaga,29005,Málaga,Málaga
SEAT,Leon,Gasolina,79098.0,110.0,manual,11490,Urbanizacion La Granjilla,28700,Madrid,Urbanizacion La Granjilla
SEAT,Leon,Gasolina,79098.0,110.0,manual,11490,Granada,18005,Granada,Granada
SEAT,Leon,Gasolina,48819.0,150.0,manual,18490,Granada,18005,Granada,Granada
SEAT,Leon,Gasolina,79098.0,110.0,manual,11490,Toledo,45002,Toledo,Toledo
SEAT,Leon,Gasolina,79098.0,110.0,manual,11490,Las Rozas de Madrid,28232,Madrid,Las Rozas de Madrid
SEAT,Leon,Diésel,88000.0,115.0,manual,13250,Bormujos,41930,Sevilla,Bormujos
SEAT,Leon,Diésel,97000.0,115.0,manual,12850,Bormujos,41930,Sevilla,Bormujos
SEAT,Leon,Gasolina,96580.0,180.0,manual,15990,Alicante,3010,Alicante,Alicante
SEAT,Leon,Gasolina,96580.0,180.0,manual,15990,Alicante,3010,Murcia,Alicante
SEAT,Leon,Gasolina,96580.0,180.0,manual,15990,Bilbao,48004,Bizkaia,Bilbao
SEAT,Leon,Gasolina,79098.0,110.0,manual,11490,Alicante,3010,Alicante,Alicante
SEAT,Leon,Gasolina,79098.0,110.0,manual,11490,Alicante,3010,Murcia,Alicante
SEAT,Leon,Gasolina,79098.0,110.0,manual,11490,Bilbao,48004,Bizkaia,Bilbao
SEAT,Leon,Gasolina,48819.0,150.0,manual,18490,Bilbao,48004,Bizkaia,Bilbao
SEAT,Leon,Gasolina,48819.0,150.0,manual,18490,Alicante,3010,Alicante,Alicante
SEAT,Leon,Gasolina,48819.0,150.0,manual,18490,Alicante,3010,Murcia,Alicante
SEAT,Leon,Gasolina,67764.0,150.0,manual,20699,Barcelona,8007,Barcelona,Barcelona
SEAT,Leon,Gasolina,32912.0,115.0,manual,17499,Barcelona,8007,Barcelona,Barcelona
SEAT,Leon,Gasolina,79098.0,110.0,manual,11490,Colonia Pablo Iglesias,28520,Madrid,Colonia Pablo Iglesias
SEAT,Leon,Gasolina,79098.0,110.0,manual,11490,Fuenlabrada,28947,Madrid,Fuenlabrada
SEAT,Leon,Gasolina,79098.0,110.0,manual,11490,Camarma de Esteruelas,28816,Madrid,Camarma de Esteruelas
SEAT,Leon,Gasolina,79098.0,110.0,manual,11490,Camarma de Esteruelas,28816,Madrid,Camarma de Esteruelas
SEAT,Leon,Gasolina,79098.0,110.0,manual,11490,Villaviciosa de Odón,28670,Madrid,Villaviciosa de Odón
SEAT,Leon,Diésel,97000.0,115.0,manual,12850,Burjassot,46100,Valencia,Burjassot
SEAT,Leon,Diésel,88000.0,115.0,manual,13250,Burjassot,46100,Valencia,Burjassot
SEAT,Leon,Gasolina,48428.0,150.0,manual,18950,Sant Vicenç de Montalt,8394,Barcelona,Sant Vicenç de Montalt
SEAT,Leon,Diésel,88000.0,115.0,manual,13250,Valdefuentes,28939,Madrid,Valdefuentes
SEAT,Leon,Diésel,88000.0,115.0,manual,13250,Valdefuentes,28939,Madrid,Valdefuentes
SEAT,Leon,Diésel,97000.0,115.0,manual,12850,Valdefuentes,28939,Madrid,Valdefuentes
SEAT,Leon,Diésel,97000.0,115.0,manual,12850,Valdefuentes,28939,Madrid,Valdefuentes
SEAT,Leon,Gasolina,96580.0,180.0,manual,15990,Palma de Mallorca,7003,Baleares,Palma de Mallorca
SEAT,Leon,Gasolina,96580.0,180.0,manual,15990,Tarragona,43006,Tarragona,Tarragona
SEAT,Leon,Diésel,113271.0,115.0,manual,15900,Valladolid,47011,Valladolid,Valladolid
SEAT,Leon,Diésel,120000.0,150.0,manual,15400,Bilbao,48013,Bizkaia,Bilbao
SEAT,Leon,Diésel,130000.0,90.0,manual,11900,Villanueva del Arzobispo,23330,Jaén,Villanueva del Arzobispo
SEAT,Leon,Diésel,220000.0,110.0,manual,2300,Terrassa,8221,Barcelona,Terrassa
SEAT,Leon,Diésel,108190.0,105.0,manual,7490,Leioa,48940,Bizkaia,Leioa
SEAT,Leon,Gasolina,136185.0,211.0,automatic,17900,Torremolinos,29620,Málaga,Torremolinos
SEAT,Leon,Gasolina,136185.0,211.0,automatic,17900,Torremolinos,29620,Málaga,Torremolinos
SEAT,Leon,Gasolina,136185.0,211.0,automatic,17900,Torremolinos,29620,Málaga,Torremolinos
SEAT,Leon,Diésel,157000.0,115.0,manual,11600,La Escucha,30813,Murcia,La Escucha
SEAT,Leon,Diésel,110000.0,150.0,manual,16499,Iniesta,16235,Cuenca,Iniesta
SEAT,Leon,Diésel,220000.0,110.0,manual,8500,Lleida,25197,Lleida,Lleida
SEAT,Leon,Diésel,20620.0,150.0,automatic,22990,Mollet del Vallès,8100,Barcelona,Mollet del Vallès
SEAT,Leon,Diésel,20620.0,150.0,automatic,22990,Tarragona,43006,Tarragona,Tarragona
SEAT,Leon,Gasolina,19000.0,130.0,manual,16900,Bormujos,41930,Sevilla,Bormujos
SEAT,Leon,Gasolina,19000.0,130.0,manual,16900,Valencia,46002,Valencia,Valencia
SEAT,Leon,Diésel,139000.0,105.0,manual,6000,Montequinto,41089,Sevilla,Montequinto
SEAT,Leon,Diésel,200000.0,115.0,manual,9499,Albacete,2003,Albacete,Albacete
SEAT,Leon,Diésel,122305.0,115.0,manual,16990,Casas Novas,36164,Pontevedra,Casas Novas
SEAT,Leon,Otros,28000.0,130.0,manual,18400,Santa Coloma de Gramenet,8921,Barcelona,Santa Coloma de Gramenet
SEAT,Leon,Gasolina,20953.0,150.0,manual,27400,Santa Coloma de Gramenet,8921,Barcelona,Santa Coloma de Gramenet
SEAT,Leon,Gasolina,21949.0,150.0,manual,27100,Santa Coloma de Gramenet,8921,Barcelona,Santa Coloma de Gramenet
SEAT,Leon,Gasolina,22732.0,150.0,manual,27400,Santa Coloma de Gramenet,8921,Barcelona,Santa Coloma de Gramenet
SEAT,Leon,Gasolina,22999.0,150.0,manual,27400,Santa Coloma de Gramenet,8921,Barcelona,Santa Coloma de Gramenet
SEAT,Leon,Gasolina,23126.0,150.0,manual,27400,Santa Coloma de Gramenet,8921,Barcelona,Santa Coloma de Gramenet
SEAT,Leon,Gasolina,20750.0,150.0,manual,27400,Santa Coloma de Gramenet,8921,Barcelona,Santa Coloma de Gramenet
SEAT,Leon,Gasolina,6279.0,150.0,manual,27300,Santa Coloma de Gramenet,8921,Barcelona,Santa Coloma de Gramenet
SEAT,Leon,Gasolina,18364.0,150.0,manual,27400,Santa Coloma de Gramenet,8921,Barcelona,Santa Coloma de Gramenet
SEAT,Leon,Gasolina,22285.0,150.0,manual,27600,Santa Coloma de Gramenet,8921,Barcelona,Santa Coloma de Gramenet
SEAT,Leon,Gasolina,7879.0,150.0,manual,27200,Santa Coloma de Gramenet,8921,Barcelona,Santa Coloma de Gramenet
SEAT,Leon,Diésel,20900.0,150.0,automatic,28400,Santa Coloma de Gramenet,8921,Barcelona,Santa Coloma de Gramenet
SEAT,Leon,Diésel,19367.0,150.0,automatic,28400,Santa Coloma de Gramenet,8921,Barcelona,Santa Coloma de Gramenet
SEAT,Leon,Gasolina,69500.0,150.0,manual,26900,Santa Coloma de Gramenet,8921,Barcelona,Santa Coloma de Gramenet
SEAT,Leon,Gasolina,22364.0,150.0,manual,26900,Santa Coloma de Gramenet,8921,Barcelona,Santa Coloma de Gramenet
SEAT,Leon,Gasolina,27982.0,150.0,manual,27200,Santa Coloma de Gramenet,8921,Barcelona,Santa Coloma de Gramenet
SEAT,Leon,Diésel,21165.0,150.0,automatic,28900,Fornells de la Selva,17458,Girona,Fornells de la Selva
SEAT,Leon,Diésel,26188.0,150.0,automatic,26900,Santa Coloma de Gramenet,8921,Barcelona,Santa Coloma de Gramenet
SEAT,Leon,Gasolina,21356.0,150.0,manual,27600,Santa Coloma de Gramenet,8921,Barcelona,Santa Coloma de Gramenet
SEAT,Leon,Gasolina,22926.0,150.0,manual,27700,Fornells de la Selva,17458,Girona,Fornells de la Selva
SEAT,Leon,Gasolina,63491.0,150.0,automatic,23100,Fornells de la Selva,17458,Girona,Fornells de la Selva
SEAT,Leon,Gasolina,3081.0,115.0,manual,18900,Fornells de la Selva,17458,Girona,Fornells de la Selva
SEAT,Leon,Diésel,280000.0,105.0,manual,4800,Badajoz,6009,Badajoz,Badajoz
SEAT,Leon,Gasolina,74526.0,115.0,manual,15800,Madrid,28021,Madrid,Madrid
SEAT,Leon,Gasolina,59000.0,150.0,manual,17800,La Puebla de Alfindén,50171,Zaragoza,La Puebla de Alfindén
SEAT,Leon,Gasolina,54000.0,130.0,manual,13950,Igualada,8700,Barcelona,Igualada
SEAT,Leon,Gasolina,25000.0,130.0,manual,14950,Igualada,8700,Barcelona,Igualada
SEAT,Leon,Gasolina,56000.0,110.0,manual,14900,Sabadell,8205,Barcelona,Sabadell
SEAT,Leon,Diésel,50.0,115.0,manual,25900,Martorell,8760,Barcelona,Martorell
Toyota,C-HR,Eléctrico,46625.0,122.0,automatic,23000,Málaga,29006,Málaga,Málaga
SEAT,Tarraco,Diésel,59995.0,150.0,manual,22890,Sevilla,41005,Sevilla,Sevilla
SEAT,Tarraco,Diésel,59995.0,150.0,manual,22790,Sevilla,41005,Sevilla,Sevilla
SEAT,Tarraco,Diésel,59995.0,150.0,manual,22890,Valencia,46001,Valencia,Valencia
SEAT,Tarraco,Diésel,59995.0,150.0,manual,22790,Valencia,46001,Valencia,Valencia
SEAT,Tarraco,Diésel,59995.0,150.0,manual,22890,Málaga,29005,Málaga,Málaga
SEAT,Tarraco,Diésel,59995.0,150.0,manual,22790,Málaga,29005,Málaga,Málaga
SEAT,Tarraco,Gasolina,10303.0,150.0,manual,36225,Sant Vicenç de Montalt,8394,Barcelona,Sant Vicenç de Montalt
SEAT,Tarraco,Gasolina,67000.0,150.0,manual,28900,Sant Boi de Llobregat,8830,Barcelona,Sant Boi de Llobregat
SEAT,Tarraco,Diésel,35662.0,150.0,automatic,36900,Santa Coloma de Gramenet,8921,Barcelona,Santa Coloma de Gramenet
SEAT,Tarraco,Diésel,36676.0,150.0,automatic,37400,Fornells de la Selva,17458,Girona,Fornells de la Selva
SEAT,Exeo,Diésel,60391.0,143.0,manual,11500,Sant Vicenç de Montalt,8394,Barcelona,Sant Vicenç de Montalt
Skoda,Octavia,Diésel,164080.0,105.0,manual,6990,Sevilla,41005,Sevilla,Sevilla
Skoda,Octavia,Diésel,164080.0,105.0,manual,6990,Valencia,46001,Valencia,Valencia
Skoda,Octavia,Diésel,164080.0,105.0,manual,6990,Málaga,29005,Málaga,Málaga
Skoda,Octavia,Diésel,111469.0,115.0,automatic,19900,Valladolid,47011,Valladolid,Valladolid
Skoda,Octavia,Diésel,159900.0,150.0,manual,10990,Daganzo de Arriba,28814,Madrid,Daganzo de Arriba
Skoda,Octavia,Gasolina,110000.0,115.0,manual,12700,Bormujos,41930,Sevilla,Bormujos
Skoda,Octavia,Gasolina,110000.0,115.0,manual,12700,Valencia,46002,Valencia,Valencia
Skoda,Octavia,Diésel,21800.0,150.0,manual,25900,Santa Coloma de Gramenet,8921,Barcelona,Santa Coloma de Gramenet
Skoda,Octavia,Eléctrico,18436.0,204.0,automatic,34900,Santa Coloma de Gramenet,8921,Barcelona,Santa Coloma de Gramenet
Skoda,Octavia,Eléctrico,11104.0,204.0,automatic,35300,Santa Coloma de Gramenet,8921,Barcelona,Santa Coloma de Gramenet
Skoda,Octavia,Eléctrico,19050.0,204.0,automatic,34900,Santa Coloma de Gramenet,8921,Barcelona,Santa Coloma de Gramenet
Skoda,Octavia,Diésel,147656.0,150.0,manual,24400,Palencia,34002,Palencia,Palencia
Skoda,Octavia,Gasolina,73000.0,150.0,automatic,18900,Ugarte,48510,Bizkaia,Ugarte
Skoda,Octavia,Diésel,116000.0,115.0,manual,17390,Barbastro,22300,Huesca,Barbastro
BMW,X3,Diésel,122356.0,143.0,automatic,19470,Zaragoza,50013,Zaragoza,Zaragoza
BMW,X3,Diésel,122356.0,143.0,automatic,19470,Mercado Parque Corredor del Henares,28850,Madrid,Mercado Parque Corredor del Henares
BMW,X3,Diésel,122356.0,143.0,automatic,19470,Santa Maria del Aguila,4710,Almería,Santa Maria del Aguila
BMW,X3,Diésel,142056.0,184.0,manual,19580,Santa Maria del Aguila,4710,Almería,Santa Maria del Aguila
BMW,X3,Diésel,145941.0,190.0,automatic,22500,Santa Maria del Aguila,4710,Almería,Santa Maria del Aguila
BMW,X3,Diésel,122356.0,143.0,automatic,19470,Alcalá de Guadaíra,41500,Sevilla,Alcalá de Guadaíra
BMW,X3,Diésel,122356.0,143.0,automatic,19470,Mercabilbao,48970,Bizkaia,Mercabilbao
BMW,X3,Diésel,122356.0,143.0,automatic,19470,Paterna,46980,Valencia,Paterna
BMW,X3,Diésel,122356.0,143.0,automatic,19470,Saladar,3700,Alicante,Saladar
BMW,X3,Diésel,122356.0,143.0,automatic,19470,Puerto de Sagunto,46520,Valencia,Puerto de Sagunto
BMW,X3,Diésel,122356.0,143.0,automatic,19470,Estepona,29680,Málaga,Estepona
BMW,X3,Diésel,122356.0,143.0,automatic,19470,Badajoz,6008,Badajoz,Badajoz
BMW,X3,Diésel,105701.0,150.0,automatic,33990,Málaga,29004,Málaga,Málaga
BMW,X3,Diésel,122356.0,143.0,automatic,19470,Valdepeñas,13300,Ciudad Real,Valdepeñas
BMW,X3,Diésel,122356.0,143.0,automatic,19470,Valdepeñas,13300,Ciudad Real,Valdepeñas
BMW,X3,Diésel,122356.0,143.0,automatic,19470,Santafe,18320,Granada,Santafe
BMW,X3,Diésel,122356.0,143.0,automatic,19470,Granollers,8403,Barcelona,Granollers
BMW,X3,Diésel,122356.0,143.0,automatic,19470,Vigo,36214,Pontevedra,Vigo
BMW,X3,Diésel,122356.0,143.0,automatic,19470,Murcia,30003,Murcia,Murcia
BMW,X3,Diésel,122356.0,143.0,automatic,19470,Atarrabia,31610,Navarra,Atarrabia
BMW,X3,Diésel,122356.0,143.0,automatic,19470,Olèrdola,8734,Barcelona,Olèrdola
BMW,X3,Diésel,122356.0,143.0,automatic,19470,Olèrdola,8734,Barcelona,Olèrdola
BMW,X3,Diésel,122356.0,143.0,automatic,19470,Sant Vicenç de Montalt,8394,Barcelona,Sant Vicenç de Montalt
BMW,X3,Diésel,142056.0,184.0,manual,19580,Sant Vicenç de Montalt,8394,Barcelona,Sant Vicenç de Montalt
BMW,X3,Diésel,145941.0,190.0,automatic,22500,Sant Vicenç de Montalt,8394,Barcelona,Sant Vicenç de Montalt
BMW,X3,Diésel,92099.0,190.0,automatic,29750,Sant Vicenç de Montalt,8394,Barcelona,Sant Vicenç de Montalt
BMW,X3,Diésel,122356.0,143.0,automatic,19470,Ciudad Real,13003,Ciudad Real,Ciudad Real
BMW,X3,Diésel,122356.0,143.0,automatic,19470,Santiago de Compostela,15703,A Coruña,Santiago de Compostela
BMW,X3,Diésel,122356.0,143.0,automatic,19470,Castello/Castellon de La Plana,12100,Castellón,Castello/Castellon de La Plana
BMW,X3,Diésel,122356.0,143.0,automatic,19470,Hidraulica Santillana,28770,Madrid,Hidraulica Santillana
BMW,X3,Diésel,122356.0,143.0,automatic,19470,Albacete,2001,Albacete,Albacete
BMW,X3,Diésel,122356.0,143.0,automatic,19470,Alicante,3007,Alicante,Alicante
BMW,X3,Diésel,122356.0,143.0,automatic,19470,Alcobendas,28100,Madrid,Alcobendas
BMW,X3,Diésel,122356.0,143.0,automatic,19470,Alzira,46600,Valencia,Alzira
BMW,X3,Diésel,122356.0,143.0,automatic,19470,Alzira,46600,Valencia,Alzira
BMW,X3,Diésel,122356.0,143.0,automatic,19470,Colonia Pablo Iglesias,28520,Madrid,Colonia Pablo Iglesias
BMW,X3,Diésel,122356.0,143.0,automatic,19470,Las Rozas de Madrid,28232,Madrid,Las Rozas de Madrid
BMW,X3,Diésel,122356.0,143.0,automatic,19470,Alameda del Obispo,14005,Córdoba,Alameda del Obispo
BMW,X3,Diésel,122356.0,143.0,automatic,19470,Torremolinos,29620,Málaga,Torremolinos
BMW,X3,Diésel,122356.0,143.0,automatic,19470,Torremolinos,29620,Málaga,Torremolinos
BMW,X3,Diésel,122356.0,143.0,automatic,19470,Torremolinos,29620,Málaga,Torremolinos
BMW,X3,Diésel,116000.0,190.0,automatic,31990,Fuenlabrada,28947,Madrid,Fuenlabrada
BMW,X3,Diésel,189900.0,184.0,automatic,17900,Málaga,29006,Málaga,Málaga
BMW,X3,Diésel,189900.0,184.0,automatic,15900,Málaga,29006,Málaga,Málaga
Opel,Meriva,Gasolina,137700.0,140.0,manual,7950,Pineda de Mar,8397,Barcelona,Pineda de Mar
Opel,Vivaro,Diésel,131300.0,120.0,manual,17800,Trapaga-Causo,48510,Bizkaia,Trapaga-Causo
Opel,Vivaro,Diésel,49000.0,120.0,manual,23900,Santa Coloma de Gramenet,8921,Barcelona,Santa Coloma de Gramenet
Opel,Mokka,Diésel,124000.0,130.0,manual,11600,La Papiola,43178,Tarragona,La Papiola
Opel,Mokka,Gasolina,2000.0,130.0,manual,26300,Ajalvir,28864,Madrid,Ajalvir
Opel,Mokka,Diésel,9900.0,110.0,manual,23500,Bétera,46117,Valencia,Bétera
Opel,Mokka,Gasolina,19250.0,100.0,manual,23400,Santa Coloma de Gramenet,8921,Barcelona,Santa Coloma de Gramenet
Opel,Mokka,Gasolina,36289.0,130.0,manual,22600,Santa Coloma de Gramenet,8921,Barcelona,Santa Coloma de Gramenet
Opel,Mokka,Gasolina,47015.0,100.0,manual,22000,Santa Coloma de Gramenet,8921,Barcelona,Santa Coloma de Gramenet
Opel,Mokka,Gasolina,41971.0,100.0,manual,22000,Santa Coloma de Gramenet,8921,Barcelona,Santa Coloma de Gramenet
Opel,Mokka,Gasolina,32852.0,130.0,manual,23100,Santa Coloma de Gramenet,8921,Barcelona,Santa Coloma de Gramenet
Opel,Mokka,Gasolina,28237.0,100.0,manual,21900,Santa Coloma de Gramenet,8921,Barcelona,Santa Coloma de Gramenet
Opel,Mokka,Diésel,31898.0,110.0,manual,24700,Santa Coloma de Gramenet,8921,Barcelona,Santa Coloma de Gramenet
Opel,Mokka,Gasolina,39356.0,130.0,manual,23400,Santa Coloma de Gramenet,8921,Barcelona,Santa Coloma de Gramenet
SEAT,Leon,Diésel,168000.0,150.0,manual,13950,Zaragoza,50004,Zaragoza,Zaragoza
Renault,Clio,Otros,25491.0,90.0,manual,308,Madrid,28014,Madrid,Madrid
Renault,Clio,Otros,25491.0,90.0,manual,303,Madrid,28014,Madrid,Madrid
Renault,Clio,Gasolina,51321.0,90.0,manual,11990,Sevilla,41005,Sevilla,Sevilla
Renault,Clio,Gasolina,39715.0,90.0,manual,10990,Sevilla,41005,Sevilla,Sevilla
Renault,Clio,Gasolina,62442.0,90.0,manual,10790,Sevilla,41005,Sevilla,Sevilla
Renault,Clio,Diésel,133529.0,75.0,manual,8900,Zaragoza,50003,Zaragoza,Zaragoza
Renault,Clio,Diésel,133529.0,75.0,manual,8300,Zaragoza,50003,Zaragoza,Zaragoza
Renault,Clio,Gasolina,51321.0,90.0,manual,11990,Almería,4006,Almería,Almería
Renault,Clio,Gasolina,39715.0,90.0,manual,10990,Almería,4006,Almería,Almería
Renault,Clio,Gasolina,51321.0,90.0,manual,11990,Òrrius,8317,Barcelona,Òrrius
Renault,Clio,Gasolina,51321.0,90.0,manual,11990,Vigo,36211,Pontevedra,Vigo
Renault,Clio,Gasolina,39715.0,90.0,manual,10990,Vigo,36211,Pontevedra,Vigo
Renault,Clio,Gasolina,62442.0,90.0,manual,10790,Almería,4006,Almería,Almería
Renault,Clio,Gasolina,62442.0,90.0,manual,10790,Vigo,36211,Pontevedra,Vigo
Renault,Clio,Gasolina,39715.0,90.0,manual,10990,Jaén,23008,Jaén,Jaén
Renault,Clio,Gasolina,51321.0,90.0,manual,11990,Murcia,30005,Murcia,Murcia
Renault,Clio,Gasolina,39715.0,90.0,manual,10990,Murcia,30005,Murcia,Murcia
Renault,Clio,Gasolina,51321.0,90.0,manual,11990,Ullastrell,8231,Barcelona,Ullastrell
Renault,Clio,Gasolina,105000.0,120.0,manual,10990,Valencia,46001,Valencia,Valencia
Renault,Clio,Gasolina,51321.0,90.0,manual,11990,Valencia,46001,Valencia,Valencia
Renault,Clio,Gasolina,39715.0,90.0,manual,10990,Valencia,46001,Valencia,Valencia
Renault,Clio,Gasolina,39715.0,90.0,manual,10990,Sevilla,41017,Sevilla,Sevilla
Renault,Clio,Gasolina,62442.0,90.0,manual,10790,Murcia,30005,Murcia,Murcia
Renault,Clio,Gasolina,105.0,120.0,manual,10990,Málaga,29005,Málaga,Málaga
Renault,Clio,Gasolina,51321.0,90.0,manual,11990,Granada,18005,Granada,Granada
Renault,Clio,Gasolina,39715.0,90.0,manual,10990,Granada,18005,Granada,Granada
Renault,Clio,Gasolina,51321.0,90.0,manual,11990,Málaga,29005,Málaga,Málaga
Renault,Clio,Gasolina,39715.0,90.0,manual,10990,Málaga,29005,Málaga,Málaga
Renault,Clio,Gasolina,62442.0,90.0,manual,10790,Valencia,46001,Valencia,Valencia
Renault,Clio,Gasolina,62442.0,90.0,manual,10790,Toledo,45002,Toledo,Toledo
Renault,Clio,Gasolina,62442.0,90.0,manual,10790,Granada,18005,Granada,Granada
Mercedes-Benz,Citan,Diésel,170000.0,90.0,manual,9990,Ciudad Real,13001,Ciudad Real,Ciudad Real
Renault,Clio,Diésel,133529.0,75.0,manual,8900,Barcelona,8008,Barcelona,Barcelona
Renault,Clio,Diésel,133529.0,75.0,manual,8300,Barcelona,8008,Barcelona,Barcelona
Renault,Clio,Gasolina,51321.0,90.0,manual,11990,Bilbao,48004,Bizkaia,Bilbao
Renault,Clio,Gasolina,51321.0,90.0,manual,11990,Alicante,3010,Alicante,Alicante
Renault,Clio,Gasolina,51321.0,90.0,manual,11990,Alicante,3010,Murcia,Alicante
Renault,Clio,Gasolina,39715.0,90.0,manual,10990,Bilbao,48004,Bizkaia,Bilbao
Renault,Clio,Gasolina,39715.0,90.0,manual,10990,Alicante,3010,Alicante,Alicante
Renault,Clio,Gasolina,39715.0,90.0,manual,10990,Alicante,3010,Murcia,Alicante
Renault,Clio,Gasolina,62442.0,90.0,manual,10790,Las Rozas de Madrid,28232,Madrid,Las Rozas de Madrid
Renault,Clio,Diésel,133529.0,75.0,manual,8900,Santander,39002,Cantabria,Santander
Renault,Clio,Diésel,133529.0,75.0,manual,8300,Santander,39002,Cantabria,Santander
Renault,Clio,Gasolina,62442.0,90.0,manual,10790,Bilbao,48004,Bizkaia,Bilbao
Renault,Clio,Gasolina,62442.0,90.0,manual,10790,Alicante,3010,Alicante,Alicante
Renault,Clio,Gasolina,62442.0,90.0,manual,10790,Alicante,3010,Murcia,Alicante
Renault,Clio,Diésel,78293.0,90.0,manual,13455,Sant Vicenç de Montalt,8394,Barcelona,Sant Vicenç de Montalt
Renault,Clio,Gasolina,57330.0,90.0,manual,13455,Sant Vicenç de Montalt,8394,Barcelona,Sant Vicenç de Montalt
Renault,Clio,Diésel,126158.0,75.0,manual,8999,Madrid,28014,Madrid,Madrid
Renault,Clio,Diésel,126158.0,75.0,manual,8699,Madrid,28014,Madrid,Madrid
Renault,Clio,Diésel,126158.0,75.0,manual,8999,Barcelona,8007,Barcelona,Barcelona
Renault,Clio,Diésel,126158.0,75.0,manual,8699,Barcelona,8007,Barcelona,Barcelona
Renault,Clio,Gasolina,21040.0,90.0,manual,11599,Madrid,28014,Madrid,Madrid
Renault,Clio,Gasolina,21040.0,90.0,manual,11599,Barcelona,8007,Barcelona,Barcelona
Renault,Clio,Gasolina,62442.0,90.0,manual,10790,Colonia Pablo Iglesias,28520,Madrid,Colonia Pablo Iglesias
Renault,Clio,Gasolina,62442.0,90.0,manual,10790,Fuenlabrada,28947,Madrid,Fuenlabrada
Renault,Clio,Gasolina,62442.0,90.0,manual,10790,Camarma de Esteruelas,28816,Madrid,Camarma de Esteruelas
Renault,Clio,Gasolina,62442.0,90.0,manual,10790,Camarma de Esteruelas,28816,Madrid,Camarma de Esteruelas
Renault,Clio,Diésel,133529.0,75.0,manual,8900,Almería,4001,Almería,Almería
Renault,Clio,Diésel,133529.0,75.0,manual,8300,Almería,4001,Almería,Almería
Renault,Clio,Gasolina,39715.0,90.0,manual,10990,Córdoba,14003,Córdoba,Córdoba
Renault,Clio,Gasolina,51321.0,90.0,manual,11990,Palma de Mallorca,7003,Baleares,Palma de Mallorca
Renault,Clio,Gasolina,39715.0,90.0,manual,10990,Ciudad Real,13005,Ciudad Real,Ciudad Real
Renault,Clio,Gasolina,39715.0,90.0,manual,10990,Badajoz,6003,Badajoz,Badajoz
Renault,Clio,Gasolina,51321.0,90.0,manual,11990,Girona,17007,Girona,Girona
Renault,Clio,Gasolina,51321.0,90.0,manual,11990,Palau-Solita I Plegamans,8184,Barcelona,Palau-Solita I Plegamans
Renault,Clio,Gasolina,51321.0,90.0,manual,11990,Palau-Solita I Plegamans,8184,Barcelona,Palau-Solita I Plegamans
Renault,Clio,Gasolina,51321.0,90.0,manual,11990,Tarragona,43006,Tarragona,Tarragona
Renault,Clio,Diésel,133529.0,75.0,manual,8900,Granada,18002,Granada,Granada
Renault,Clio,Diésel,133529.0,75.0,manual,8300,Granada,18002,Granada,Granada
Renault,Clio,Diésel,133529.0,75.0,manual,8900,Urbanitzacio El Medol,43150,Tarragona,Urbanitzacio El Medol
Renault,Clio,Diésel,133529.0,75.0,manual,8300,Urbanitzacio El Medol,43150,Tarragona,Urbanitzacio El Medol
Renault,Clio,Diésel,133529.0,75.0,manual,8900,Madrid,28013,Madrid,Madrid
Renault,Clio,Diésel,133529.0,75.0,manual,8300,Madrid,28013,Madrid,Madrid
Renault,Clio,Diésel,133529.0,75.0,manual,8900,Huelva,21004,Huelva,Huelva
Renault,Clio,Diésel,133529.0,75.0,manual,8300,Huelva,21004,Huelva,Huelva
Renault,Clio,Diésel,133529.0,75.0,manual,8900,Donostia-San Sebastián,20005,Gipuzkoa,Donostia-San Sebastián
Renault,Clio,Diésel,133529.0,75.0,manual,8300,Donostia-San Sebastián,20005,Gipuzkoa,Donostia-San Sebastián
Renault,Clio,Diésel,45910.0,74.0,manual,12490,Valencia,46002,Valencia,Valencia
Renault,Clio,Diésel,133529.0,75.0,manual,8900,Sevilla,41004,Sevilla,Sevilla
Renault,Clio,Diésel,133529.0,75.0,manual,8300,Sevilla,41004,Sevilla,Sevilla
Renault,Clio,Diésel,133529.0,75.0,manual,8900,Leganés,28914,Madrid,Leganés
Renault,Clio,Diésel,133529.0,75.0,manual,8300,Leganés,28914,Madrid,Leganés
Renault,Clio,Diésel,133529.0,75.0,manual,8900,Murcia,30001,Murcia,Murcia
Renault,Clio,Diésel,133529.0,75.0,manual,8300,Murcia,30001,Murcia,Murcia
Renault,Clio,Diésel,133529.0,75.0,manual,8900,Leganés,28911,Madrid,Leganés
Renault,Clio,Diésel,133529.0,75.0,manual,8300,Leganés,28911,Madrid,Leganés
Renault,Clio,Diésel,133529.0,75.0,manual,8900,Valencia,46003,Valencia,Valencia
Renault,Clio,Diésel,133529.0,75.0,manual,8300,Valencia,46003,Valencia,Valencia
Renault,Clio,Diésel,133529.0,75.0,manual,8900,Sabadell,8203,Barcelona,Sabadell
Renault,Clio,Diésel,133529.0,75.0,manual,8300,Sabadell,8203,Barcelona,Sabadell
Renault,Clio,Diésel,133529.0,75.0,manual,8900,Toledo,45002,Toledo,Toledo
Renault,Clio,Diésel,133529.0,75.0,manual,8300,Toledo,45002,Toledo,Toledo
Renault,Clio,Diésel,133529.0,75.0,manual,8900,Alcalá de Henares,28801,Madrid,Alcalá de Henares
Renault,Clio,Diésel,133529.0,75.0,manual,8300,Alcalá de Henares,28801,Madrid,Alcalá de Henares
Renault,Clio,Diésel,133529.0,75.0,manual,8900,Alcobendas,28100,Madrid,Alcobendas
Renault,Clio,Diésel,133529.0,75.0,manual,8300,Alcobendas,28100,Madrid,Alcobendas
Renault,Clio,Diésel,133529.0,75.0,manual,8900,Barcelona,8013,Barcelona,Barcelona
Renault,Clio,Diésel,133529.0,75.0,manual,8300,Barcelona,8013,Barcelona,Barcelona
Renault,Clio,Diésel,133529.0,75.0,manual,8900,Valladolid,47004,Valladolid,Valladolid
Renault,Clio,Diésel,133529.0,75.0,manual,8300,Valladolid,47004,Valladolid,Valladolid
Renault,Clio,Diésel,133529.0,75.0,manual,8900,San Sebastián de Los Reyes,28700,Madrid,San Sebastián de Los Reyes
Renault,Clio,Diésel,133529.0,75.0,manual,8300,San Sebastián de Los Reyes,28700,Madrid,San Sebastián de Los Reyes
Renault,Clio,Diésel,133529.0,75.0,manual,8900,Viladecans,8840,Barcelona,Viladecans
Renault,Clio,Diésel,133529.0,75.0,manual,8300,Viladecans,8840,Barcelona,Viladecans
Renault,Clio,Diésel,133529.0,75.0,manual,8900,Móstoles,28931,Madrid,Móstoles
Renault,Clio,Diésel,133529.0,75.0,manual,8300,Móstoles,28931,Madrid,Móstoles
Renault,Clio,Diésel,106257.0,75.0,manual,10500,Manacor,7500,Baleares,Manacor
Renault,Clio,Diésel,114000.0,90.0,manual,6499,Albal,46470,Valencia,Albal
Renault,Clio,Diésel,114000.0,90.0,manual,6499,Albal,46470,Valencia,Albal
Renault,Clio,Diésel,114000.0,90.0,manual,6499,Albal,46470,Valencia,Albal
Renault,Clio,Diésel,114000.0,90.0,manual,6499,Albal,46470,Valencia,Albal
Renault,Clio,Diésel,80000.0,85.0,manual,5990,Canovelles,8420,Barcelona,Canovelles
Renault,Clio,Diésel,230128.0,75.0,manual,3800,Reus,43206,Tarragona,Reus
Renault,Clio,Diésel,230128.0,75.0,manual,3800,Reus,43206,Tarragona,Reus
Renault,Clio,Gasolina,157000.0,98.0,manual,2900,Torrejón de Ardoz,28850,Madrid,Torrejón de Ardoz
Renault,Clio,Diésel,153000.0,76.0,manual,8990,Lleida,25006,Lleida,Lleida
Renault,Clio,Diésel,106000.0,65.0,manual,1950,Lliça d'Amunt,8186,Barcelona,Lliça d'Amunt
Renault,Clio,Gasolina,129113.0,70.0,manual,4999,Peligros,18210,Granada,Peligros
Renault,Clio,Gasolina,129113.0,70.0,manual,4999,Peligros,18210,Granada,Peligros
Renault,Megane,Diésel,150000.0,105.0,manual,6500,Picanya,46210,Valencia,Picanya
Renault,Megane,Gasolina,127500.0,115.0,manual,8900,La Papiola,43178,Tarragona,La Papiola
Renault,Megane,Diésel,185341.0,120.0,manual,1690,Madrid,28026,Madrid,Madrid
Renault,Megane,Diésel,183000.0,110.0,manual,9500,Valdemoro,28340,Madrid,Valdemoro
Renault,Megane,Gasolina,37552.0,140.0,manual,18700,Zaragoza,50013,Zaragoza,Zaragoza
Renault,Megane,Gasolina,37552.0,140.0,manual,18700,Mercado Parque Corredor del Henares,28850,Madrid,Mercado Parque Corredor del Henares
Renault,Megane,Gasolina,37552.0,140.0,manual,18700,Santa Maria del Aguila,4710,Almería,Santa Maria del Aguila
Renault,Megane,Gasolina,37552.0,140.0,manual,18700,Alcalá de Guadaíra,41500,Sevilla,Alcalá de Guadaíra
Renault,Megane,Diésel,125493.0,110.0,manual,11990,Sevilla,41005,Sevilla,Sevilla
Renault,Megane,Diésel,158.0,110.0,manual,10490,Sevilla,41005,Sevilla,Sevilla
Renault,Megane,Diésel,58255.0,110.0,manual,16290,Sevilla,41005,Sevilla,Sevilla
Renault,Megane,Gasolina,37552.0,140.0,manual,18700,Mercabilbao,48970,Bizkaia,Mercabilbao
Renault,Megane,Gasolina,37552.0,140.0,manual,18700,Paterna,46980,Valencia,Paterna
Renault,Megane,Gasolina,37552.0,140.0,manual,18700,Saladar,3700,Alicante,Saladar
Renault,Megane,Gasolina,37552.0,140.0,manual,18700,Puerto de Sagunto,46520,Valencia,Puerto de Sagunto
Renault,Megane,Diésel,158.0,110.0,manual,10490,Almería,4006,Almería,Almería
Renault,Megane,Diésel,158.0,110.0,manual,10490,Òrrius,8317,Barcelona,Òrrius
Renault,Megane,Diésel,158.0,110.0,manual,10490,Vigo,36211,Pontevedra,Vigo
Renault,Megane,Diésel,58255.0,110.0,manual,16290,Almería,4006,Almería,Almería
Renault,Megane,Diésel,58255.0,110.0,manual,16290,Vigo,36211,Pontevedra,Vigo
Renault,Megane,Gasolina,37552.0,140.0,manual,18700,Estepona,29680,Málaga,Estepona
Renault,Megane,Gasolina,37552.0,140.0,manual,18700,Badajoz,6008,Badajoz,Badajoz
Renault,Megane,Diésel,158.0,110.0,manual,10490,Murcia,30005,Murcia,Murcia
Renault,Megane,Diésel,158.0,110.0,manual,10490,Ullastrell,8231,Barcelona,Ullastrell
Renault,Megane,Gasolina,37552.0,140.0,manual,18700,Valdepeñas,13300,Ciudad Real,Valdepeñas
Renault,Megane,Gasolina,37552.0,140.0,manual,18700,Valdepeñas,13300,Ciudad Real,Valdepeñas
Renault,Megane,Gasolina,37552.0,140.0,manual,18700,Santafe,18320,Granada,Santafe
Renault,Megane,Diésel,125493.0,110.0,manual,11990,Valencia,46001,Valencia,Valencia
Renault,Megane,Diésel,158.0,110.0,manual,10490,Valencia,46001,Valencia,Valencia
Renault,Megane,Diésel,58255.0,110.0,manual,16290,Castellón,12001,Castellón,Castellón
Renault,Megane,Diésel,58255.0,110.0,manual,16290,Murcia,30005,Murcia,Murcia
Renault,Megane,Diésel,125493.0,110.0,manual,11990,Málaga,29005,Málaga,Málaga
Renault,Megane,Diésel,158.0,110.0,manual,10490,Granada,18005,Granada,Granada
Renault,Megane,Diésel,158.0,110.0,manual,10490,Málaga,29005,Málaga,Málaga
Renault,Megane,Diésel,58255.0,110.0,manual,16290,Valencia,46001,Valencia,Valencia
Renault,Megane,Gasolina,37552.0,140.0,manual,18700,Granollers,8403,Barcelona,Granollers
Renault,Megane,Diésel,58255.0,110.0,manual,16290,Granada,18005,Granada,Granada
Renault,Megane,Diésel,158.0,110.0,manual,10490,Bilbao,48004,Bizkaia,Bilbao
Renault,Megane,Diésel,158.0,110.0,manual,10490,Alicante,3010,Alicante,Alicante
Renault,Megane,Diésel,158.0,110.0,manual,10490,Alicante,3010,Murcia,Alicante
Renault,Megane,Gasolina,37552.0,140.0,manual,18700,Vigo,36214,Pontevedra,Vigo
Renault,Megane,Gasolina,37552.0,140.0,manual,18700,Murcia,30003,Murcia,Murcia
Renault,Megane,Gasolina,37552.0,140.0,manual,18700,Atarrabia,31610,Navarra,Atarrabia
Renault,Megane,Diésel,58255.0,110.0,manual,16290,Bilbao,48004,Bizkaia,Bilbao
Renault,Megane,Diésel,58255.0,110.0,manual,16290,Alicante,3010,Alicante,Alicante
Renault,Megane,Diésel,58255.0,110.0,manual,16290,Alicante,3010,Murcia,Alicante
Renault,Megane,Gasolina,37552.0,140.0,manual,18700,Olèrdola,8734,Barcelona,Olèrdola
Renault,Megane,Gasolina,37552.0,140.0,manual,18700,Olèrdola,8734,Barcelona,Olèrdola
Renault,Megane,Diésel,56286.0,130.0,manual,17999,Madrid,28014,Madrid,Madrid
Renault,Megane,Diésel,56286.0,130.0,manual,17999,Barcelona,8007,Barcelona,Barcelona
Renault,Megane,Gasolina,82072.0,132.0,manual,14299,Madrid,28014,Madrid,Madrid
Renault,Megane,Gasolina,82072.0,132.0,manual,14299,Barcelona,8007,Barcelona,Barcelona
Renault,Megane,Gasolina,37552.0,140.0,manual,18700,Sant Vicenç de Montalt,8394,Barcelona,Sant Vicenç de Montalt
Renault,Megane,Diésel,158.0,110.0,manual,10490,Palma de Mallorca,7003,Baleares,Palma de Mallorca
Renault,Megane,Diésel,58255.0,110.0,manual,16290,Palma de Mallorca,7003,Baleares,Palma de Mallorca
Renault,Megane,Diésel,158.0,110.0,manual,10490,Palau-Solita I Plegamans,8184,Barcelona,Palau-Solita I Plegamans
Renault,Megane,Diésel,158.0,110.0,manual,10490,Palau-Solita I Plegamans,8184,Barcelona,Palau-Solita I Plegamans
Renault,Megane,Diésel,158.0,110.0,manual,10490,Girona,17007,Girona,Girona
SEAT,Ibiza,Diésel,140000.0,80.0,manual,6500,Picanya,46210,Valencia,Picanya
SEAT,Ibiza,Diésel,189936.0,105.0,manual,5990,Viladecans,8840,Barcelona,Viladecans
SEAT,Ibiza,Diésel,190000.0,105.0,manual,6500,Iznatoraf,23338,Jaén,Iznatoraf
SEAT,Ibiza,Gasolina,41595.0,80.0,manual,12990,Zaragoza,50013,Zaragoza,Zaragoza
SEAT,Ibiza,Gasolina,41595.0,80.0,manual,12990,Mercado Parque Corredor del Henares,28850,Madrid,Mercado Parque Corredor del Henares
SEAT,Ibiza,Gasolina,41595.0,80.0,manual,12990,Santa Maria del Aguila,4710,Almería,Santa Maria del Aguila
SEAT,Ibiza,Diésel,32849.0,90.0,manual,13900,Santa Maria del Aguila,4710,Almería,Santa Maria del Aguila
SEAT,Ibiza,Diésel,141000.0,105.0,manual,6990,Sevilla,41005,Sevilla,Sevilla
SEAT,Ibiza,Gasolina,112098.0,75.0,manual,7990,Sevilla,41005,Sevilla,Sevilla
SEAT,Ibiza,Gasolina,67626.0,90.0,manual,10990,Sevilla,41005,Sevilla,Sevilla
SEAT,Ibiza,Gasolina,23600.0,80.0,manual,10790,Sevilla,41005,Sevilla,Sevilla
SEAT,Ibiza,Gasolina,34814.0,115.0,manual,16490,Sevilla,41005,Sevilla,Sevilla
SEAT,Ibiza,Gasolina,97827.0,80.0,manual,10990,Sevilla,41005,Sevilla,Sevilla
SEAT,Ibiza,Diésel,74513.0,90.0,manual,10890,Sevilla,41005,Sevilla,Sevilla
SEAT,Ibiza,Gasolina,41595.0,80.0,manual,12990,Mercabilbao,48970,Bizkaia,Mercabilbao
SEAT,Ibiza,Gasolina,97827.0,80.0,manual,10990,Huelva,21004,Huelva,Huelva
SEAT,Ibiza,Gasolina,41595.0,80.0,manual,12990,Saladar,3700,Alicante,Saladar
SEAT,Ibiza,Gasolina,41595.0,80.0,manual,12990,Puerto de Sagunto,46520,Valencia,Puerto de Sagunto
SEAT,Ibiza,Gasolina,23600.0,80.0,manual,10790,Òrrius,8317,Barcelona,Òrrius
SEAT,Ibiza,Gasolina,23600.0,80.0,manual,10790,Almería,4006,Almería,Almería
SEAT,Ibiza,Gasolina,34814.0,115.0,manual,16490,Almería,4006,Almería,Almería
SEAT,Ibiza,Gasolina,97827.0,80.0,manual,10990,Almería,4006,Almería,Almería
SEAT,Ibiza,Diésel,74513.0,90.0,manual,10890,Almería,4006,Almería,Almería
SEAT,Ibiza,Gasolina,23600.0,80.0,manual,10790,Vigo,36211,Pontevedra,Vigo
Audi,A2,Diésel,104000.0,75.0,manual,4999,Pinto,28320,Madrid,Pinto
SEAT,Ibiza,Gasolina,34814.0,115.0,manual,16490,Vigo,36211,Pontevedra,Vigo
SEAT,Ibiza,Gasolina,97827.0,80.0,manual,10990,Vigo,36211,Pontevedra,Vigo
SEAT,Ibiza,Diésel,74513.0,90.0,manual,10890,Vigo,36211,Pontevedra,Vigo
SEAT,Ibiza,Gasolina,41595.0,80.0,manual,12990,Badajoz,6008,Badajoz,Badajoz
SEAT,Ibiza,Diésel,141000.0,105.0,manual,6990,Valencia,46001,Valencia,Valencia
SEAT,Ibiza,Gasolina,41595.0,80.0,manual,12990,Santafe,18320,Granada,Santafe
SEAT,Ibiza,Gasolina,41595.0,80.0,manual,12990,Valdepeñas,13300,Ciudad Real,Valdepeñas
SEAT,Ibiza,Gasolina,41595.0,80.0,manual,12990,Valdepeñas,13300,Ciudad Real,Valdepeñas
SEAT,Ibiza,Gasolina,19552.0,90.0,manual,10500,Valencia,46001,Valencia,Valencia
SEAT,Ibiza,Diésel,141000.0,105.0,manual,6990,Málaga,29005,Málaga,Málaga
SEAT,Ibiza,Gasolina,23600.0,80.0,manual,10790,Ullastrell,8231,Barcelona,Ullastrell
SEAT,Ibiza,Gasolina,23600.0,80.0,manual,10790,Murcia,30005,Murcia,Murcia
SEAT,Ibiza,Gasolina,112098.0,75.0,manual,7990,Valencia,46001,Valencia,Valencia
SEAT,Ibiza,Gasolina,34814.0,115.0,manual,16490,Murcia,30005,Murcia,Murcia
SEAT,Ibiza,Gasolina,67626.0,90.0,manual,10990,Valencia,46001,Valencia,Valencia
SEAT,Ibiza,Gasolina,19552.0,90.0,manual,10500,Málaga,29005,Málaga,Málaga
SEAT,Ibiza,Gasolina,97827.0,80.0,manual,10990,Murcia,30005,Murcia,Murcia
SEAT,Ibiza,Diésel,74513.0,90.0,manual,10890,Murcia,30005,Murcia,Murcia
SEAT,Ibiza,Gasolina,23600.0,80.0,manual,10790,Valencia,46001,Valencia,Valencia
SEAT,Ibiza,Gasolina,112098.0,75.0,manual,7990,Málaga,29005,Málaga,Málaga
SEAT,Ibiza,Gasolina,67626.0,90.0,manual,10990,Málaga,29005,Málaga,Málaga
SEAT,Ibiza,Gasolina,34814.0,115.0,manual,16490,Valencia,46001,Valencia,Valencia
SEAT,Ibiza,Gasolina,97827.0,80.0,manual,10990,Valencia,46001,Valencia,Valencia
SEAT,Ibiza,Diésel,74513.0,90.0,manual,10890,Valencia,46001,Valencia,Valencia
SEAT,Ibiza,Gasolina,23600.0,80.0,manual,10790,Granada,18005,Granada,Granada
SEAT,Ibiza,Gasolina,23600.0,80.0,manual,10790,Málaga,29005,Málaga,Málaga
SEAT,Ibiza,Gasolina,34814.0,115.0,manual,16490,Málaga,29005,Málaga,Málaga
SEAT,Ibiza,Gasolina,34814.0,115.0,manual,16490,Granada,18005,Granada,Granada
SEAT,Ibiza,Gasolina,97827.0,80.0,manual,10990,Granada,18005,Granada,Granada
SEAT,Ibiza,Gasolina,41595.0,80.0,manual,12990,Murcia,30003,Murcia,Murcia
SEAT,Ibiza,Gasolina,23600.0,80.0,manual,10790,Bilbao,48004,Bizkaia,Bilbao
SEAT,Ibiza,Gasolina,23600.0,80.0,manual,10790,Alicante,3010,Alicante,Alicante
SEAT,Ibiza,Gasolina,23600.0,80.0,manual,10790,Alicante,3010,Murcia,Alicante
SEAT,Ibiza,Gasolina,41595.0,80.0,manual,12990,Olèrdola,8734,Barcelona,Olèrdola
SEAT,Ibiza,Gasolina,41595.0,80.0,manual,12990,Olèrdola,8734,Barcelona,Olèrdola
SEAT,Ibiza,Gasolina,34814.0,115.0,manual,16490,Bilbao,48004,Bizkaia,Bilbao
SEAT,Ibiza,Gasolina,34814.0,115.0,manual,16490,Alicante,3010,Alicante,Alicante
SEAT,Ibiza,Gasolina,34814.0,115.0,manual,16490,Alicante,3010,Murcia,Alicante
SEAT,Ibiza,Gasolina,97827.0,80.0,manual,10990,Bilbao,48004,Bizkaia,Bilbao
SEAT,Ibiza,Gasolina,97827.0,80.0,manual,10990,Alicante,3010,Alicante,Alicante
SEAT,Ibiza,Gasolina,97827.0,80.0,manual,10990,Alicante,3010,Murcia,Alicante
SEAT,Ibiza,Diésel,74513.0,90.0,manual,10890,Bilbao,48004,Bizkaia,Bilbao
SEAT,Ibiza,Diésel,74513.0,90.0,manual,10890,Alicante,3010,Alicante,Alicante
SEAT,Ibiza,Diésel,74513.0,90.0,manual,10890,Alicante,3010,Murcia,Alicante
SEAT,Ibiza,Gasolina,41595.0,80.0,manual,12990,Sant Vicenç de Montalt,8394,Barcelona,Sant Vicenç de Montalt
SEAT,Ibiza,Gasolina,38383.0,75.0,manual,12999,Madrid,28014,Madrid,Madrid
SEAT,Ibiza,Gasolina,38383.0,75.0,manual,12999,Barcelona,8007,Barcelona,Barcelona
SEAT,Ibiza,Gasolina,63743.0,75.0,manual,8399,Madrid,28014,Madrid,Madrid
SEAT,Ibiza,Gasolina,63743.0,75.0,manual,8399,Barcelona,8007,Barcelona,Barcelona
SEAT,Ibiza,Gasolina,97827.0,80.0,manual,10990,Cáceres,10001,Cáceres,Cáceres
SEAT,Ibiza,Diésel,32849.0,90.0,manual,13900,Sant Vicenç de Montalt,8394,Barcelona,Sant Vicenç de Montalt
SEAT,Ibiza,Gasolina,97827.0,80.0,manual,10990,Córdoba,14003,Córdoba,Córdoba
SEAT,Ibiza,Gasolina,26558.0,115.0,automatic,20350,Sant Vicenç de Montalt,8394,Barcelona,Sant Vicenç de Montalt
SEAT,Ibiza,Gasolina,23600.0,80.0,manual,10790,Palma de Mallorca,7003,Baleares,Palma de Mallorca
SEAT,Ibiza,Gasolina,97827.0,80.0,manual,10990,Badajoz,6003,Badajoz,Badajoz
SEAT,Ibiza,Diésel,141000.0,105.0,manual,6990,Tarragona,43006,Tarragona,Tarragona
SEAT,Ibiza,Gasolina,23600.0,80.0,manual,10790,Girona,17007,Girona,Girona
SEAT,Ibiza,Gasolina,19552.0,90.0,manual,10500,Tarragona,43006,Tarragona,Tarragona
SEAT,Ibiza,Gasolina,23600.0,80.0,manual,10790,Palau-Solita I Plegamans,8184,Barcelona,Palau-Solita I Plegamans
SEAT,Ibiza,Gasolina,23600.0,80.0,manual,10790,Palau-Solita I Plegamans,8184,Barcelona,Palau-Solita I Plegamans
SEAT,Ibiza,Gasolina,23600.0,80.0,manual,10790,Tarragona,43006,Tarragona,Tarragona
SEAT,Ibiza,Gasolina,41595.0,80.0,manual,12990,Ciudad Real,13003,Ciudad Real,Ciudad Real
SEAT,Ibiza,Diésel,74513.0,90.0,manual,10890,Ourense,32001,Ourense,Ourense
SEAT,Ibiza,Gasolina,41595.0,80.0,manual,12990,Santiago de Compostela,15703,A Coruña,Santiago de Compostela
SEAT,Ibiza,Gasolina,84320.0,95.0,manual,11390,Alcalá de Henares,28802,Madrid,Alcalá de Henares
SEAT,Ibiza,Gasolina,41595.0,80.0,manual,12990,Albacete,2001,Albacete,Albacete
SEAT,Ibiza,Gasolina,41595.0,80.0,manual,12990,Alzira,46600,Valencia,Alzira
SEAT,Ibiza,Gasolina,41595.0,80.0,manual,12990,Alzira,46600,Valencia,Alzira
SEAT,Ibiza,Gasolina,41595.0,80.0,manual,12990,Castello/Castellon de La Plana,12100,Castellón,Castello/Castellon de La Plana
SEAT,Ibiza,Gasolina,41595.0,80.0,manual,12990,Alicante,3007,Alicante,Alicante
SEAT,Ibiza,Gasolina,41595.0,80.0,manual,12990,Colonia Pablo Iglesias,28520,Madrid,Colonia Pablo Iglesias
Skoda,Octavia,Diésel,231000.0,105.0,manual,6990,Torrefarrera,25123,Lleida,Torrefarrera
Skoda,Kamiq,Gasolina,31381.0,110.0,automatic,23100,Fornells de la Selva,17458,Girona,Fornells de la Selva
Skoda,Kamiq,Gasolina,24261.0,110.0,manual,21900,Santa Coloma de Gramenet,8921,Barcelona,Santa Coloma de Gramenet
Skoda,Kamiq,Diésel,29748.0,115.0,automatic,27600,Fornells de la Selva,17458,Girona,Fornells de la Selva
Skoda,Kamiq,Gasolina,22743.0,110.0,manual,22000,Fornells de la Selva,17458,Girona,Fornells de la Selva
Skoda,Kamiq,Gasolina,9651.0,110.0,manual,22500,Fornells de la Selva,17458,Girona,Fornells de la Selva
Skoda,Kamiq,Gasolina,18275.0,150.0,automatic,27900,Fornells de la Selva,17458,Girona,Fornells de la Selva
Renault,Master,Diésel,141000.0,170.0,automatic,19100,Pamplona/Iruña,31006,Navarra,Pamplona/Iruña
Renault,Scenic,Diésel,460200.0,100.0,manual,1600,Alicante,3004,Alicante,Alicante
Renault,Scenic,Diésel,460200.0,100.0,manual,1600,Valencia,46003,Valencia,Valencia
Renault,Scenic,Diésel,460200.0,100.0,manual,1600,Llano de Brujas,30161,Murcia,Llano de Brujas
Citroen,Xsara,Diésel,336000.0,110.0,manual,1990,Griñón,28977,Madrid,Griñón
Citroen,Xsara,Diésel,194000.0,110.0,manual,4600,Los Tanagos,39548,Cantabria,Los Tanagos
Citroen,Xsara,Diésel,194000.0,110.0,manual,4600,Los Tanagos,39548,Cantabria,Los Tanagos
Nissan,Juke,Gasolina,104341.0,115.0,manual,13900,Sevilla,41005,Sevilla,Sevilla
Nissan,Juke,Gasolina,104341.0,115.0,manual,13900,Valencia,46001,Valencia,Valencia
Nissan,Juke,Gasolina,104341.0,115.0,manual,13900,Málaga,29005,Málaga,Málaga
Nissan,Juke,Gasolina,91624.0,117.0,automatic,16445,Sant Vicenç de Montalt,8394,Barcelona,Sant Vicenç de Montalt
Nissan,Juke,Gasolina,19926.0,117.0,manual,21275,Sant Vicenç de Montalt,8394,Barcelona,Sant Vicenç de Montalt
Nissan,Juke,Diésel,80000.0,110.0,manual,13990,Sant Boi de Llobregat,8830,Barcelona,Sant Boi de Llobregat
Citroen,Xsara,Gasolina,170000.0,90.0,manual,3495,Los Combos,28938,Madrid,Los Combos
Citroen,Xsara,Diésel,306450.0,92.0,manual,2990,Valencia,46015,Valencia,Valencia
Nissan,Juke,Gasolina,84818.0,115.0,manual,13900,Fornells de la Selva,17458,Girona,Fornells de la Selva
Citroen,Xsara,Diésel,177000.0,110.0,manual,1990,Ávila,5001,Ávila,Ávila
Citroen,Xsara,Diésel,278000.0,90.0,manual,1800,Elx/Elche,3296,Alicante,Elx/Elche
Citroen,Xsara,Diésel,60000.0,110.0,manual,5990,Catarroja,46470,Valencia,Catarroja
Citroen,Xsara,Diésel,60000.0,110.0,manual,5990,Catarroja,46470,Valencia,Catarroja
Citroen,Xsara,Diésel,60000.0,110.0,manual,5990,Catarroja,46470,Valencia,Catarroja
Citroen,Xsara,Diésel,60000.0,110.0,manual,5990,Catarroja,46470,Valencia,Catarroja
Nissan,Pulsar,Diésel,120370.0,110.0,manual,12650,Vigo,36214,Pontevedra,Vigo
Nissan,Pulsar,Diésel,117495.0,110.0,manual,12500,Saladar,3700,Alicante,Saladar
Nissan,Pulsar,Diésel,120370.0,110.0,manual,12650,Saladar,3700,Alicante,Saladar
Nissan,Pulsar,Diésel,117495.0,110.0,manual,12500,Granollers,8403,Barcelona,Granollers
Nissan,Pulsar,Diésel,120370.0,110.0,manual,12650,Granollers,8403,Barcelona,Granollers
Nissan,Pulsar,Diésel,117495.0,110.0,manual,12500,Badajoz,6008,Badajoz,Badajoz
Nissan,Pulsar,Diésel,120370.0,110.0,manual,12650,Badajoz,6008,Badajoz,Badajoz
Nissan,Pulsar,Diésel,117495.0,110.0,manual,12500,Barcelona,8007,Barcelona,Barcelona
Nissan,Pulsar,Diésel,120370.0,110.0,manual,12650,Barcelona,8007,Barcelona,Barcelona
Nissan,X-Trail,Diésel,66311.0,130.0,manual,22195,Zaragoza,50013,Zaragoza,Zaragoza
Nissan,X-Trail,Diésel,66311.0,130.0,manual,22195,Mercado Parque Corredor del Henares,28850,Madrid,Mercado Parque Corredor del Henares
Nissan,X-Trail,Diésel,110878.0,130.0,manual,18350,Santa Maria del Aguila,4710,Almería,Santa Maria del Aguila
Nissan,X-Trail,Diésel,90467.0,130.0,automatic,20500,Santa Maria del Aguila,4710,Almería,Santa Maria del Aguila
Nissan,X-Trail,Diésel,66311.0,130.0,manual,22195,Alcalá de Guadaíra,41500,Sevilla,Alcalá de Guadaíra
Nissan,X-Trail,Diésel,142516.0,130.0,automatic,18990,Sevilla,41005,Sevilla,Sevilla
Nissan,X-Trail,Gasolina,106500.0,160.0,automatic,22490,Sevilla,41005,Sevilla,Sevilla
Nissan,X-Trail,Diésel,72396.0,130.0,manual,17490,Sevilla,41005,Sevilla,Sevilla
Nissan,X-Trail,Diésel,66311.0,130.0,manual,22195,Mercabilbao,48970,Bizkaia,Mercabilbao
Nissan,X-Trail,Diésel,66311.0,130.0,manual,22195,Paterna,46980,Valencia,Paterna
Nissan,X-Trail,Diésel,66311.0,130.0,manual,22195,Saladar,3700,Alicante,Saladar
Nissan,X-Trail,Diésel,66311.0,130.0,manual,22195,Puerto de Sagunto,46520,Valencia,Puerto de Sagunto
Nissan,X-Trail,Diésel,142516.0,130.0,automatic,18990,Valencia,46001,Valencia,Valencia
Nissan,X-Trail,Diésel,66311.0,130.0,manual,22195,Estepona,29680,Málaga,Estepona
Nissan,X-Trail,Diésel,66311.0,130.0,manual,22195,Badajoz,6008,Badajoz,Badajoz
Nissan,X-Trail,Diésel,142516.0,130.0,automatic,18990,Málaga,29005,Málaga,Málaga
Nissan,X-Trail,Gasolina,106500.0,160.0,automatic,22490,Valencia,46001,Valencia,Valencia
Nissan,X-Trail,Diésel,72396.0,130.0,manual,17490,Valencia,46001,Valencia,Valencia
Nissan,X-Trail,Gasolina,106500.0,160.0,automatic,22490,Málaga,29005,Málaga,Málaga
Nissan,X-Trail,Diésel,66311.0,130.0,manual,22195,Valdepeñas,13300,Ciudad Real,Valdepeñas
Nissan,X-Trail,Diésel,66311.0,130.0,manual,22195,Valdepeñas,13300,Ciudad Real,Valdepeñas
Nissan,X-Trail,Diésel,72396.0,130.0,manual,17490,Málaga,29005,Málaga,Málaga
Nissan,X-Trail,Diésel,66311.0,130.0,manual,22195,Santafe,18320,Granada,Santafe
Nissan,X-Trail,Diésel,142516.0,130.0,automatic,18990,Urbanizacion La Granjilla,28700,Madrid,Urbanizacion La Granjilla
Nissan,X-Trail,Diésel,66311.0,130.0,manual,22195,Granollers,8403,Barcelona,Granollers
Nissan,X-Trail,Diésel,66311.0,130.0,manual,22195,Vigo,36214,Pontevedra,Vigo
Nissan,X-Trail,Diésel,66311.0,130.0,manual,22195,Murcia,30003,Murcia,Murcia
Nissan,X-Trail,Diésel,66311.0,130.0,manual,22195,Atarrabia,31610,Navarra,Atarrabia
Nissan,X-Trail,Diésel,66311.0,130.0,manual,22195,Olèrdola,8734,Barcelona,Olèrdola
Nissan,X-Trail,Diésel,66311.0,130.0,manual,22195,Olèrdola,8734,Barcelona,Olèrdola
Nissan,X-Trail,Diésel,142516.0,130.0,automatic,18990,Villaviciosa de Odón,28670,Madrid,Villaviciosa de Odón
Nissan,X-Trail,Diésel,110878.0,130.0,manual,18350,Sant Vicenç de Montalt,8394,Barcelona,Sant Vicenç de Montalt
Nissan,X-Trail,Diésel,90467.0,130.0,automatic,20500,Sant Vicenç de Montalt,8394,Barcelona,Sant Vicenç de Montalt
Nissan,X-Trail,Diésel,66311.0,130.0,manual,22195,Ciudad Real,13003,Ciudad Real,Ciudad Real
Nissan,X-Trail,Diésel,66311.0,130.0,manual,22195,Santiago de Compostela,15703,A Coruña,Santiago de Compostela
Nissan,X-Trail,Diésel,66311.0,130.0,manual,22195,Castello/Castellon de La Plana,12100,Castellón,Castello/Castellon de La Plana
Nissan,X-Trail,Diésel,66311.0,130.0,manual,22195,Alzira,46600,Valencia,Alzira
Nissan,X-Trail,Diésel,66311.0,130.0,manual,22195,Alzira,46600,Valencia,Alzira
Nissan,X-Trail,Diésel,66311.0,130.0,manual,22195,Alcobendas,28100,Madrid,Alcobendas
Nissan,X-Trail,Diésel,66311.0,130.0,manual,22195,Hidraulica Santillana,28770,Madrid,Hidraulica Santillana
Nissan,X-Trail,Diésel,66311.0,130.0,manual,22195,Albacete,2001,Albacete,Albacete
Nissan,X-Trail,Diésel,66311.0,130.0,manual,22195,Alicante,3007,Alicante,Alicante
Nissan,X-Trail,Diésel,66311.0,130.0,manual,22195,Las Rozas de Madrid,28232,Madrid,Las Rozas de Madrid
Nissan,X-Trail,Diésel,66311.0,130.0,manual,22195,Colonia Pablo Iglesias,28520,Madrid,Colonia Pablo Iglesias
Nissan,X-Trail,Diésel,66311.0,130.0,manual,22195,Alameda del Obispo,14005,Córdoba,Alameda del Obispo
Nissan,X-Trail,Diésel,66311.0,130.0,manual,22195,Torremolinos,29620,Málaga,Torremolinos
Nissan,X-Trail,Diésel,66311.0,130.0,manual,22195,Torremolinos,29620,Málaga,Torremolinos
Nissan,X-Trail,Diésel,66311.0,130.0,manual,22195,Torremolinos,29620,Málaga,Torremolinos
Nissan,X-Trail,Diésel,160000.0,130.0,manual,15500,Yecla,30510,Murcia,Yecla
Nissan,X-Trail,Diésel,78778.0,130.0,manual,18100,Fornells de la Selva,17458,Girona,Fornells de la Selva
Nissan,X-Trail,Gasolina,54772.0,163.0,manual,22290,Santa Coloma de Gramenet,8921,Barcelona,Santa Coloma de Gramenet
Citroen,Xsara,Diésel,251500.0,90.0,manual,2300,Caudete,2660,Albacete,Caudete
Citroen,Xsara,Diésel,135400.0,92.0,manual,5700,Albacete,2002,Albacete,Albacete
Citroen,C5 Aircross,Diésel,75575.0,177.0,automatic,24490,Alicante,3010,Alicante,Alicante
Citroen,C5 Aircross,Diésel,75575.0,177.0,automatic,24490,Alicante,3010,Murcia,Alicante
Citroen,C5 Aircross,Diésel,75575.0,177.0,automatic,24490,Palma de Mallorca,7003,Baleares,Palma de Mallorca
Citroen,C5 Aircross,Diésel,75575.0,177.0,automatic,24490,Girona,17007,Girona,Girona
Citroen,C5 Aircross,Diésel,75575.0,177.0,automatic,24490,Tarragona,43006,Tarragona,Tarragona
Nissan,Qashqai,Diésel,139500.0,150.0,manual,10900,Celra,17460,Girona,Celra
Nissan,Qashqai,Diésel,184000.0,150.0,manual,8990,Barbastro,22300,Huesca,Barbastro
Nissan,Qashqai,Gasolina,127000.0,115.0,manual,14400,Ciudad Real,13003,Ciudad Real,Ciudad Real
Nissan,Qashqai,Diésel,109780.0,110.0,manual,10900,La Papiola,43178,Tarragona,La Papiola
Nissan,Qashqai,Diésel,124063.0,110.0,manual,13900,Zaragoza,50013,Zaragoza,Zaragoza
Nissan,Qashqai,Diésel,164308.0,130.0,automatic,13490,Valladolid,47003,Valladolid,Valladolid
Nissan,Qashqai,Gasolina,24159.0,140.0,manual,18995,Barcelona,8040,Barcelona,Barcelona
Nissan,Qashqai,Gasolina,24159.0,140.0,manual,20695,Barcelona,8040,Barcelona,Barcelona
Nissan,Qashqai,Diésel,124063.0,110.0,manual,13900,Mercado Parque Corredor del Henares,28850,Madrid,Mercado Parque Corredor del Henares
Nissan,Qashqai,Diésel,124063.0,110.0,manual,13900,Santa Maria del Aguila,4710,Almería,Santa Maria del Aguila
Nissan,Qashqai,Diésel,94314.0,130.0,automatic,19990,Santa Maria del Aguila,4710,Almería,Santa Maria del Aguila
Nissan,Qashqai,Diésel,124063.0,110.0,manual,13900,Alcalá de Guadaíra,41500,Sevilla,Alcalá de Guadaíra
Nissan,Qashqai,Diésel,51231.0,110.0,manual,17290,Sevilla,41005,Sevilla,Sevilla
Nissan,Qashqai,Gasolina,29812.0,115.0,manual,19990,Sevilla,41005,Sevilla,Sevilla
Nissan,Qashqai,Diésel,145214.0,115.0,manual,13990,Sevilla,41005,Sevilla,Sevilla
Nissan,Qashqai,Diésel,124063.0,110.0,manual,13900,Mercabilbao,48970,Bizkaia,Mercabilbao
Nissan,Qashqai,Diésel,124063.0,110.0,manual,13900,Paterna,46980,Valencia,Paterna
Nissan,Qashqai,Diésel,124063.0,110.0,manual,13900,Saladar,3700,Alicante,Saladar
Nissan,Qashqai,Diésel,124063.0,110.0,manual,13900,Puerto de Sagunto,46520,Valencia,Puerto de Sagunto
Nissan,Qashqai,Gasolina,43833.0,115.0,manual,17400,Zaragoza,50003,Zaragoza,Zaragoza
Nissan,Qashqai,Gasolina,43833.0,115.0,manual,17000,Zaragoza,50003,Zaragoza,Zaragoza
Nissan,Qashqai,Diésel,124063.0,110.0,manual,13900,Estepona,29680,Málaga,Estepona
Nissan,Qashqai,Diésel,124063.0,110.0,manual,13900,Badajoz,6008,Badajoz,Badajoz
Nissan,Qashqai,Gasolina,106696.0,140.0,manual,17990,Leganés,28916,Madrid,Leganés
Nissan,Qashqai,Diésel,97344.0,110.0,manual,19390,Leganés,28916,Madrid,Leganés
Nissan,Qashqai,Diésel,51231.0,110.0,manual,17290,Valencia,46001,Valencia,Valencia
Nissan,Qashqai,Gasolina,29812.0,115.0,manual,19990,Valencia,46001,Valencia,Valencia
Nissan,Qashqai,Diésel,124063.0,110.0,manual,13900,Valdepeñas,13300,Ciudad Real,Valdepeñas
Nissan,Qashqai,Diésel,124063.0,110.0,manual,13900,Valdepeñas,13300,Ciudad Real,Valdepeñas
Nissan,Qashqai,Diésel,124063.0,110.0,manual,13900,Santafe,18320,Granada,Santafe
Nissan,Qashqai,Diésel,51231.0,110.0,manual,17290,Málaga,29005,Málaga,Málaga
Nissan,Qashqai,Gasolina,29812.0,115.0,manual,19990,Málaga,29005,Málaga,Málaga
Nissan,Qashqai,Diésel,145214.0,115.0,manual,13990,Valencia,46001,Valencia,Valencia
Nissan,Qashqai,Diésel,145214.0,115.0,manual,13990,Málaga,29005,Málaga,Málaga
Nissan,Qashqai,Diésel,124063.0,110.0,manual,13900,Granollers,8403,Barcelona,Granollers
Nissan,Qashqai,Gasolina,43833.0,115.0,manual,17400,Barcelona,8008,Barcelona,Barcelona
Nissan,Qashqai,Gasolina,43833.0,115.0,manual,17000,Barcelona,8008,Barcelona,Barcelona
Nissan,Qashqai,Diésel,124063.0,110.0,manual,13900,Vigo,36214,Pontevedra,Vigo
Nissan,Qashqai,Diésel,124063.0,110.0,manual,13900,Murcia,30003,Murcia,Murcia
Nissan,Qashqai,Diésel,124063.0,110.0,manual,13900,Atarrabia,31610,Navarra,Atarrabia
Nissan,Qashqai,Diésel,124063.0,110.0,manual,13900,Olèrdola,8734,Barcelona,Olèrdola
Nissan,Qashqai,Diésel,124063.0,110.0,manual,13900,Olèrdola,8734,Barcelona,Olèrdola
Nissan,Qashqai,Gasolina,43833.0,115.0,manual,17400,Santander,39002,Cantabria,Santander
Nissan,Qashqai,Gasolina,43833.0,115.0,manual,17000,Santander,39002,Cantabria,Santander
Nissan,Qashqai,Diésel,124063.0,110.0,manual,13900,Sant Vicenç de Montalt,8394,Barcelona,Sant Vicenç de Montalt
Nissan,Qashqai,Gasolina,17711.0,140.0,manual,20499,Madrid,28014,Madrid,Madrid
Nissan,Qashqai,Gasolina,17711.0,140.0,manual,20499,Barcelona,8007,Barcelona,Barcelona
Nissan,Qashqai,Gasolina,43833.0,115.0,manual,17400,Almería,4001,Almería,Almería
Nissan,Qashqai,Gasolina,43833.0,115.0,manual,17000,Almería,4001,Almería,Almería
Nissan,Qashqai,Diésel,53699.0,110.0,manual,17490,Sant Vicenç de Montalt,8394,Barcelona,Sant Vicenç de Montalt
Nissan,Qashqai,Diésel,94314.0,130.0,automatic,19990,Sant Vicenç de Montalt,8394,Barcelona,Sant Vicenç de Montalt
Nissan,Qashqai,Gasolina,43833.0,115.0,manual,17400,Granada,18002,Granada,Granada
Nissan,Qashqai,Gasolina,43833.0,115.0,manual,17000,Granada,18002,Granada,Granada
Nissan,Qashqai,Gasolina,43833.0,115.0,manual,17400,Urbanitzacio El Medol,43150,Tarragona,Urbanitzacio El Medol
Nissan,Qashqai,Gasolina,43833.0,115.0,manual,17000,Urbanitzacio El Medol,43150,Tarragona,Urbanitzacio El Medol
Nissan,Qashqai,Gasolina,43833.0,115.0,manual,17400,Madrid,28013,Madrid,Madrid
Nissan,Qashqai,Gasolina,43833.0,115.0,manual,17000,Madrid,28013,Madrid,Madrid
Nissan,Qashqai,Gasolina,43833.0,115.0,manual,17400,Huelva,21004,Huelva,Huelva
Nissan,Qashqai,Gasolina,43833.0,115.0,manual,17000,Huelva,21004,Huelva,Huelva
Nissan,Qashqai,Gasolina,43833.0,115.0,manual,17400,Donostia-San Sebastián,20005,Gipuzkoa,Donostia-San Sebastián
Nissan,Qashqai,Gasolina,43833.0,115.0,manual,17000,Donostia-San Sebastián,20005,Gipuzkoa,Donostia-San Sebastián
Nissan,Qashqai,Diésel,124063.0,110.0,manual,13900,Ciudad Real,13003,Ciudad Real,Ciudad Real
Nissan,Qashqai,Diésel,124063.0,110.0,manual,13900,Santiago de Compostela,15703,A Coruña,Santiago de Compostela
Nissan,Qashqai,Diésel,124063.0,110.0,manual,13900,Albacete,2001,Albacete,Albacete
Nissan,Qashqai,Diésel,124063.0,110.0,manual,13900,Alcobendas,28100,Madrid,Alcobendas
Nissan,Qashqai,Diésel,124063.0,110.0,manual,13900,Alzira,46600,Valencia,Alzira
Nissan,Qashqai,Diésel,124063.0,110.0,manual,13900,Alzira,46600,Valencia,Alzira
Nissan,Qashqai,Diésel,124063.0,110.0,manual,13900,Castello/Castellon de La Plana,12100,Castellón,Castello/Castellon de La Plana
Nissan,Qashqai,Diésel,124063.0,110.0,manual,13900,Alicante,3007,Alicante,Alicante
Nissan,Qashqai,Diésel,124063.0,110.0,manual,13900,Hidraulica Santillana,28770,Madrid,Hidraulica Santillana
Nissan,Qashqai,Diésel,124063.0,110.0,manual,13900,Colonia Pablo Iglesias,28520,Madrid,Colonia Pablo Iglesias
Nissan,Qashqai,Diésel,124063.0,110.0,manual,13900,Las Rozas de Madrid,28232,Madrid,Las Rozas de Madrid
Nissan,Qashqai,Diésel,124063.0,110.0,manual,13900,Alameda del Obispo,14005,Córdoba,Alameda del Obispo
Nissan,Qashqai,Diésel,124063.0,110.0,manual,13900,Torremolinos,29620,Málaga,Torremolinos
Nissan,Qashqai,Diésel,124063.0,110.0,manual,13900,Torremolinos,29620,Málaga,Torremolinos
Nissan,Qashqai,Diésel,124063.0,110.0,manual,13900,Torremolinos,29620,Málaga,Torremolinos
Nissan,Qashqai,Gasolina,43833.0,115.0,manual,17400,Sevilla,41004,Sevilla,Sevilla
Nissan,Qashqai,Gasolina,43833.0,115.0,manual,17000,Sevilla,41004,Sevilla,Sevilla
Nissan,Qashqai,Gasolina,43833.0,115.0,manual,17400,Leganés,28914,Madrid,Leganés
Nissan,Qashqai,Gasolina,43833.0,115.0,manual,17000,Leganés,28914,Madrid,Leganés
Nissan,Qashqai,Gasolina,43833.0,115.0,manual,17400,Murcia,30001,Murcia,Murcia
Nissan,Qashqai,Gasolina,43833.0,115.0,manual,17000,Murcia,30001,Murcia,Murcia
Nissan,Qashqai,Gasolina,43833.0,115.0,manual,17400,Leganés,28911,Madrid,Leganés
Nissan,Qashqai,Gasolina,43833.0,115.0,manual,17000,Leganés,28911,Madrid,Leganés
Nissan,Qashqai,Gasolina,43833.0,115.0,manual,17400,Valencia,46003,Valencia,Valencia
Nissan,Qashqai,Gasolina,43833.0,115.0,manual,17000,Valencia,46003,Valencia,Valencia
Nissan,Qashqai,Gasolina,43833.0,115.0,manual,17400,Sabadell,8203,Barcelona,Sabadell
Nissan,Qashqai,Gasolina,43833.0,115.0,manual,17000,Sabadell,8203,Barcelona,Sabadell
Nissan,Qashqai,Gasolina,43833.0,115.0,manual,17400,Toledo,45002,Toledo,Toledo
Nissan,Qashqai,Gasolina,43833.0,115.0,manual,17000,Toledo,45002,Toledo,Toledo
Nissan,Qashqai,Gasolina,43833.0,115.0,manual,17400,Alcalá de Henares,28801,Madrid,Alcalá de Henares
Nissan,Qashqai,Gasolina,43833.0,115.0,manual,17000,Alcalá de Henares,28801,Madrid,Alcalá de Henares
Nissan,Qashqai,Gasolina,43833.0,115.0,manual,17400,Alcobendas,28100,Madrid,Alcobendas
Nissan,Qashqai,Gasolina,43833.0,115.0,manual,17000,Alcobendas,28100,Madrid,Alcobendas
Nissan,Qashqai,Gasolina,43833.0,115.0,manual,17400,Barcelona,8013,Barcelona,Barcelona
Nissan,Qashqai,Gasolina,43833.0,115.0,manual,17000,Barcelona,8013,Barcelona,Barcelona
Nissan,Qashqai,Gasolina,43833.0,115.0,manual,17400,Valladolid,47004,Valladolid,Valladolid
Nissan,Qashqai,Gasolina,43833.0,115.0,manual,17000,Valladolid,47004,Valladolid,Valladolid
Nissan,Qashqai,Gasolina,43833.0,115.0,manual,17400,Viladecans,8840,Barcelona,Viladecans
Nissan,Qashqai,Gasolina,43833.0,115.0,manual,17000,Viladecans,8840,Barcelona,Viladecans
Nissan,Qashqai,Gasolina,43833.0,115.0,manual,17400,San Sebastián de Los Reyes,28700,Madrid,San Sebastián de Los Reyes
Nissan,Qashqai,Gasolina,43833.0,115.0,manual,17000,San Sebastián de Los Reyes,28700,Madrid,San Sebastián de Los Reyes
Nissan,Qashqai,Gasolina,43833.0,115.0,manual,17400,Móstoles,28931,Madrid,Móstoles
Nissan,Qashqai,Gasolina,43833.0,115.0,manual,17000,Móstoles,28931,Madrid,Móstoles
Nissan,Qashqai,Diésel,139000.0,115.0,manual,7500,Vilanoveta,8812,Barcelona,Vilanoveta
Nissan,Qashqai,Diésel,189000.0,150.0,manual,6990,Camping Costa Blanca,43850,Tarragona,Camping Costa Blanca
Nissan,Qashqai,Diésel,91480.0,110.0,manual,11990,Humanes de Madrid,28970,Madrid,Humanes de Madrid
Nissan,Qashqai,Diésel,140065.0,110.0,manual,12300,Albacete,2002,Albacete,Albacete
Nissan,Qashqai,Gasolina,98000.0,140.0,manual,18300,Badalona,8911,Barcelona,Badalona
Nissan,Qashqai,Gasolina,94000.0,115.0,automatic,16200,La Sénia,43560,Tarragona,La Sénia
Nissan,Qashqai,Diésel,211000.0,130.0,manual,13900,Monteprincipe,28660,Madrid,Monteprincipe
Nissan,Qashqai,Gasolina,18120.0,140.0,manual,24000,Fornells de la Selva,17458,Girona,Fornells de la Selva
Opel,Cabrio,Gasolina,81577.0,170.0,automatic,14500,Alameda del Obispo,14005,Córdoba,Alameda del Obispo
Opel,Cabrio,Gasolina,81577.0,170.0,automatic,14500,Torremolinos,29620,Málaga,Torremolinos
Opel,Cabrio,Gasolina,81577.0,170.0,automatic,14500,Torremolinos,29620,Málaga,Torremolinos
Opel,Cabrio,Gasolina,81577.0,170.0,automatic,14500,Torremolinos,29620,Málaga,Torremolinos
Opel,Cabrio,Gasolina,81577.0,170.0,automatic,14500,Las Rozas de Madrid,28232,Madrid,Las Rozas de Madrid
Opel,Movano,Diésel,147955.0,140.0,manual,33339,Zaragoza,50013,Zaragoza,Zaragoza
Opel,Movano,Diésel,147955.0,140.0,manual,33339,Mercado Parque Corredor del Henares,28850,Madrid,Mercado Parque Corredor del Henares
Opel,Movano,Diésel,147955.0,140.0,manual,33339,Santa Maria del Aguila,4710,Almería,Santa Maria del Aguila
Opel,Movano,Diésel,147955.0,140.0,manual,33339,Alcalá de Guadaíra,41500,Sevilla,Alcalá de Guadaíra
Opel,Movano,Diésel,147955.0,140.0,manual,33339,Mercabilbao,48970,Bizkaia,Mercabilbao
Opel,Movano,Diésel,147955.0,140.0,manual,33339,Paterna,46980,Valencia,Paterna
Opel,Movano,Diésel,147955.0,140.0,manual,33339,Saladar,3700,Alicante,Saladar
Opel,Movano,Diésel,147955.0,140.0,manual,33339,Puerto de Sagunto,46520,Valencia,Puerto de Sagunto
Opel,Movano,Diésel,147955.0,140.0,manual,33339,Estepona,29680,Málaga,Estepona
Opel,Movano,Diésel,147955.0,140.0,manual,33339,Badajoz,6008,Badajoz,Badajoz
Opel,Movano,Diésel,147955.0,140.0,manual,33339,Valdepeñas,13300,Ciudad Real,Valdepeñas
Opel,Movano,Diésel,147955.0,140.0,manual,33339,Valdepeñas,13300,Ciudad Real,Valdepeñas
Opel,Movano,Diésel,147955.0,140.0,manual,33339,Santafe,18320,Granada,Santafe
Opel,Movano,Diésel,147955.0,140.0,manual,33339,Granollers,8403,Barcelona,Granollers
Opel,Movano,Diésel,147955.0,140.0,manual,33339,Vigo,36214,Pontevedra,Vigo
Opel,Movano,Diésel,147955.0,140.0,manual,33339,Murcia,30003,Murcia,Murcia
Opel,Movano,Diésel,147955.0,140.0,manual,33339,Atarrabia,31610,Navarra,Atarrabia
Opel,Movano,Diésel,147955.0,140.0,manual,33339,Olèrdola,8734,Barcelona,Olèrdola
Opel,Movano,Diésel,147955.0,140.0,manual,33339,Olèrdola,8734,Barcelona,Olèrdola
Opel,Movano,Diésel,147955.0,140.0,manual,33339,Sant Vicenç de Montalt,8394,Barcelona,Sant Vicenç de Montalt
Opel,Movano,Diésel,147955.0,140.0,manual,33339,Ciudad Real,13003,Ciudad Real,Ciudad Real
Opel,Movano,Diésel,147955.0,140.0,manual,33339,Santiago de Compostela,15703,A Coruña,Santiago de Compostela
Opel,Movano,Diésel,147955.0,140.0,manual,33339,Alcobendas,28100,Madrid,Alcobendas
Opel,Movano,Diésel,147955.0,140.0,manual,33339,Hidraulica Santillana,28770,Madrid,Hidraulica Santillana
Opel,Movano,Diésel,147955.0,140.0,manual,33339,Albacete,2001,Albacete,Albacete
Opel,Movano,Diésel,147955.0,140.0,manual,33339,Alzira,46600,Valencia,Alzira
Opel,Movano,Diésel,147955.0,140.0,manual,33339,Alzira,46600,Valencia,Alzira
Opel,Movano,Diésel,147955.0,140.0,manual,33339,Castello/Castellon de La Plana,12100,Castellón,Castello/Castellon de La Plana
Opel,Movano,Diésel,147955.0,140.0,manual,33339,Alicante,3007,Alicante,Alicante
Opel,Movano,Diésel,147955.0,140.0,manual,33339,Colonia Pablo Iglesias,28520,Madrid,Colonia Pablo Iglesias
Opel,Movano,Diésel,147955.0,140.0,manual,33339,Las Rozas de Madrid,28232,Madrid,Las Rozas de Madrid
Opel,Movano,Diésel,147955.0,140.0,manual,33339,Alameda del Obispo,14005,Córdoba,Alameda del Obispo
Opel,Movano,Diésel,147955.0,140.0,manual,33339,Torremolinos,29620,Málaga,Torremolinos
Opel,Movano,Diésel,147955.0,140.0,manual,33339,Torremolinos,29620,Málaga,Torremolinos
Opel,Movano,Diésel,147955.0,140.0,manual,33339,Torremolinos,29620,Málaga,Torremolinos
Opel,ADAM,Gasolina,55689.0,87.0,manual,12490,Lugar Nuevo de La Corona,46910,Valencia,Lugar Nuevo de La Corona
Opel,ADAM,Gasolina,55689.0,87.0,manual,12490,Lugar Nuevo de La Corona,46910,Valencia,Lugar Nuevo de La Corona
Opel,ADAM,Gasolina,55689.0,87.0,manual,12490,Lugar Nuevo de La Corona,46910,Valencia,Lugar Nuevo de La Corona
Opel,ADAM,Gasolina,55689.0,87.0,manual,12490,Lugar Nuevo de La Corona,46910,Valencia,Lugar Nuevo de La Corona
Opel,ADAM,Gasolina,68222.0,87.0,manual,10700,Fornells de la Selva,17458,Girona,Fornells de la Selva
Opel,Combo Life,Diésel,1752.0,131.0,manual,26800,Sant Vicenç de Montalt,8394,Barcelona,Sant Vicenç de Montalt
Opel,Crossland X,Gasolina,46969.0,130.0,manual,15975,Santa Maria del Aguila,4710,Almería,Santa Maria del Aguila
Opel,Crossland X,Gasolina,92610.0,110.0,manual,15900,Dos Hermanas,41012,Sevilla,Dos Hermanas
Opel,Crossland X,Gasolina,92610.0,110.0,manual,15500,Dos Hermanas,41012,Sevilla,Dos Hermanas
Opel,Crossland X,Gasolina,92610.0,110.0,manual,15900,Sevilla,41006,Sevilla,Sevilla
Opel,Crossland X,Gasolina,92610.0,110.0,manual,15500,Sevilla,41006,Sevilla,Sevilla
Opel,Crossland X,Gasolina,46969.0,130.0,manual,15975,Sant Vicenç de Montalt,8394,Barcelona,Sant Vicenç de Montalt
Opel,Crossland X,Gasolina,40993.0,110.0,manual,16400,Fornells de la Selva,17458,Girona,Fornells de la Selva
Opel,Crossland X,Gasolina,44166.0,130.0,manual,17900,Fornells de la Selva,17458,Girona,Fornells de la Selva
Citroen,C4 Cactus,Gasolina,109000.0,82.0,automatic,9990,Granada,18005,Granada,Granada
Lexus,GS,Eléctrico,48965.0,223.0,automatic,30950,Ciudad Real,13003,Ciudad Real,Ciudad Real
Lexus,GS,Eléctrico,48965.0,223.0,automatic,30950,Santiago de Compostela,15703,A Coruña,Santiago de Compostela
Lexus,GS,Eléctrico,48965.0,223.0,automatic,30950,Alcobendas,28100,Madrid,Alcobendas
KIA,Stonic,Diésel,96914.0,110.0,manual,16450,Santa Maria del Aguila,4710,Almería,Santa Maria del Aguila
KIA,Stonic,Diésel,134569.0,110.0,manual,15490,Leganés,28916,Madrid,Leganés
KIA,Stonic,Diésel,96914.0,110.0,manual,16450,Sant Vicenç de Montalt,8394,Barcelona,Sant Vicenç de Montalt
KIA,Stonic,Diésel,154000.0,115.0,manual,15200,La Escucha,30813,Murcia,La Escucha
KIA,Stonic,Gasolina,14830.0,84.0,manual,16200,Santa Coloma de Gramenet,8921,Barcelona,Santa Coloma de Gramenet
KIA,Stonic,Gasolina,14830.0,84.0,manual,16200,Fornells de la Selva,17458,Girona,Fornells de la Selva
KIA,Rio,Gasolina,85000.0,100.0,manual,14000,Yecla,30510,Murcia,Yecla
KIA,Rio,Diésel,62111.0,90.0,manual,15295,Santa Maria del Aguila,4710,Almería,Santa Maria del Aguila
KIA,Rio,Gasolina,91700.0,84.0,manual,9290,Sevilla,41005,Sevilla,Sevilla
KIA,Rio,Gasolina,33200.0,84.0,manual,12490,Sevilla,41005,Sevilla,Sevilla
KIA,Rio,Gasolina,91700.0,84.0,manual,9290,Almería,4006,Almería,Almería
KIA,Rio,Gasolina,91700.0,84.0,manual,9290,Òrrius,8317,Barcelona,Òrrius
KIA,Rio,Gasolina,33200.0,84.0,manual,12490,Almería,4006,Almería,Almería
KIA,Rio,Gasolina,91700.0,84.0,manual,9290,Vigo,36211,Pontevedra,Vigo
KIA,Rio,Gasolina,33200.0,84.0,manual,12490,Vigo,36211,Pontevedra,Vigo
KIA,Rio,Gasolina,52402.0,84.0,manual,11990,Leganés,28916,Madrid,Leganés
KIA,Rio,Gasolina,91700.0,84.0,manual,9290,Murcia,30005,Murcia,Murcia
KIA,Rio,Gasolina,91700.0,84.0,manual,9290,Ullastrell,8231,Barcelona,Ullastrell
KIA,Rio,Gasolina,33200.0,84.0,manual,12490,Murcia,30005,Murcia,Murcia
KIA,Rio,Gasolina,91700.0,84.0,manual,9290,Valencia,46001,Valencia,Valencia
KIA,Rio,Gasolina,33200.0,84.0,manual,12490,Valencia,46001,Valencia,Valencia
KIA,Rio,Gasolina,91700.0,84.0,manual,9290,Granada,18005,Granada,Granada
KIA,Rio,Gasolina,91700.0,84.0,manual,9290,Málaga,29005,Málaga,Málaga
KIA,Rio,Gasolina,33200.0,84.0,manual,12490,Málaga,29005,Málaga,Málaga
KIA,Rio,Gasolina,33200.0,84.0,manual,12490,Granada,18005,Granada,Granada
KIA,Rio,Gasolina,91700.0,84.0,manual,9290,Bilbao,48004,Bizkaia,Bilbao
KIA,Rio,Gasolina,91700.0,84.0,manual,9290,Alicante,3010,Alicante,Alicante
KIA,Rio,Gasolina,91700.0,84.0,manual,9290,Alicante,3010,Murcia,Alicante
KIA,Rio,Gasolina,33200.0,84.0,manual,12490,Alicante,3010,Alicante,Alicante
KIA,Rio,Gasolina,33200.0,84.0,manual,12490,Alicante,3010,Murcia,Alicante
KIA,Rio,Gasolina,33200.0,84.0,manual,12490,Bilbao,48004,Bizkaia,Bilbao
KIA,Rio,Diésel,62111.0,90.0,manual,15295,Sant Vicenç de Montalt,8394,Barcelona,Sant Vicenç de Montalt
KIA,Rio,Gasolina,91700.0,84.0,manual,9290,Palma de Mallorca,7003,Baleares,Palma de Mallorca
KIA,Rio,Gasolina,91700.0,84.0,manual,9290,Palau-Solita I Plegamans,8184,Barcelona,Palau-Solita I Plegamans
KIA,Rio,Gasolina,91700.0,84.0,manual,9290,Palau-Solita I Plegamans,8184,Barcelona,Palau-Solita I Plegamans
KIA,Rio,Gasolina,33200.0,84.0,manual,12490,Armentia,1007,Álava,Armentia
KIA,Rio,Gasolina,91700.0,84.0,manual,9290,Girona,17007,Girona,Girona
KIA,Rio,Gasolina,33200.0,84.0,manual,12490,Oviedo,33003,Asturias,Oviedo
KIA,Rio,Gasolina,91700.0,84.0,manual,9290,Tarragona,43006,Tarragona,Tarragona
KIA,Rio,Gasolina,13800.0,84.0,manual,13490,Montmeló,8160,Barcelona,Montmeló
KIA,Rio,Diésel,204000.0,110.0,manual,3600,Torrefarrera,25123,Lleida,Torrefarrera
KIA,Rio,Gasolina,148000.0,84.0,manual,9990,Cabrera de Mar,8349,Barcelona,Cabrera de Mar
KIA,Venga,Gasolina,118740.0,90.0,manual,6990,Badajoz,6003,Badajoz,Badajoz
KIA,Niro,Eléctrico,72427.0,141.0,automatic,24035,Zaragoza,50013,Zaragoza,Zaragoza
KIA,Niro,Eléctrico,72427.0,141.0,automatic,24035,Mercado Parque Corredor del Henares,28850,Madrid,Mercado Parque Corredor del Henares
KIA,Niro,Eléctrico,72427.0,141.0,automatic,24035,Santa Maria del Aguila,4710,Almería,Santa Maria del Aguila
KIA,Niro,Eléctrico,72427.0,141.0,automatic,24035,Alcalá de Guadaíra,41500,Sevilla,Alcalá de Guadaíra
KIA,Niro,Eléctrico,26452.0,141.0,automatic,28175,Santa Maria del Aguila,4710,Almería,Santa Maria del Aguila
KIA,Niro,Eléctrico,72427.0,141.0,automatic,24035,Mercabilbao,48970,Bizkaia,Mercabilbao
KIA,Niro,Eléctrico,72427.0,141.0,automatic,24035,Paterna,46980,Valencia,Paterna
KIA,Niro,Eléctrico,72427.0,141.0,automatic,24035,Saladar,3700,Alicante,Saladar
KIA,Niro,Eléctrico,72427.0,141.0,automatic,24035,Puerto de Sagunto,46520,Valencia,Puerto de Sagunto
KIA,Niro,Eléctrico,72427.0,141.0,automatic,24035,Estepona,29680,Málaga,Estepona
KIA,Niro,Eléctrico,72427.0,141.0,automatic,24035,Badajoz,6008,Badajoz,Badajoz
KIA,Niro,Eléctrico,72427.0,141.0,automatic,24035,Valdepeñas,13300,Ciudad Real,Valdepeñas
KIA,Niro,Eléctrico,72427.0,141.0,automatic,24035,Valdepeñas,13300,Ciudad Real,Valdepeñas
KIA,Niro,Eléctrico,72427.0,141.0,automatic,24035,Santafe,18320,Granada,Santafe
KIA,Niro,Eléctrico,72427.0,141.0,automatic,24035,Granollers,8403,Barcelona,Granollers
KIA,Niro,Eléctrico,72427.0,141.0,automatic,24035,Vigo,36214,Pontevedra,Vigo
KIA,Niro,Eléctrico,72427.0,141.0,automatic,24035,Murcia,30003,Murcia,Murcia
KIA,Niro,Eléctrico,72427.0,141.0,automatic,24035,Atarrabia,31610,Navarra,Atarrabia
KIA,Niro,Eléctrico,72427.0,141.0,automatic,24035,Olèrdola,8734,Barcelona,Olèrdola
KIA,Niro,Eléctrico,72427.0,141.0,automatic,24035,Olèrdola,8734,Barcelona,Olèrdola
KIA,Niro,Eléctrico,72427.0,141.0,automatic,24035,Sant Vicenç de Montalt,8394,Barcelona,Sant Vicenç de Montalt
KIA,Niro,Eléctrico,26452.0,141.0,automatic,28175,Sant Vicenç de Montalt,8394,Barcelona,Sant Vicenç de Montalt
KIA,Niro,Eléctrico,72427.0,141.0,automatic,24035,Ciudad Real,13003,Ciudad Real,Ciudad Real
KIA,Niro,Eléctrico,72427.0,141.0,automatic,24035,Santiago de Compostela,15703,A Coruña,Santiago de Compostela
KIA,Niro,Eléctrico,72427.0,141.0,automatic,24035,Alcobendas,28100,Madrid,Alcobendas
KIA,Niro,Eléctrico,72427.0,141.0,automatic,24035,Albacete,2001,Albacete,Albacete
KIA,Niro,Eléctrico,72427.0,141.0,automatic,24035,Hidraulica Santillana,28770,Madrid,Hidraulica Santillana
KIA,Niro,Eléctrico,72427.0,141.0,automatic,24035,Alzira,46600,Valencia,Alzira
KIA,Niro,Eléctrico,72427.0,141.0,automatic,24035,Alzira,46600,Valencia,Alzira
KIA,Niro,Eléctrico,72427.0,141.0,automatic,24035,Castello/Castellon de La Plana,12100,Castellón,Castello/Castellon de La Plana
KIA,Niro,Eléctrico,72427.0,141.0,automatic,24035,Alicante,3007,Alicante,Alicante
KIA,Niro,Eléctrico,72427.0,141.0,automatic,24035,Colonia Pablo Iglesias,28520,Madrid,Colonia Pablo Iglesias
KIA,Niro,Eléctrico,72427.0,141.0,automatic,24035,Las Rozas de Madrid,28232,Madrid,Las Rozas de Madrid
KIA,Niro,Eléctrico,72427.0,141.0,automatic,24035,Alameda del Obispo,14005,Córdoba,Alameda del Obispo
KIA,Niro,Eléctrico,72427.0,141.0,automatic,24035,Torremolinos,29620,Málaga,Torremolinos
KIA,Niro,Eléctrico,72427.0,141.0,automatic,24035,Torremolinos,29620,Málaga,Torremolinos
KIA,Niro,Eléctrico,72427.0,141.0,automatic,24035,Torremolinos,29620,Málaga,Torremolinos
KIA,Niro,Gasolina,84400.0,141.0,manual,23490,Montmeló,8160,Barcelona,Montmeló
KIA,Carnival,Diésel,80000.0,185.0,manual,8500,Canovelles,8420,Barcelona,Canovelles
Nissan,Pulsar,Gasolina,118000.0,115.0,manual,8500,Pamplona/Iruña,31010,Navarra,Pamplona/Iruña
Nissan,Pulsar,Gasolina,118000.0,115.0,manual,8500,Pamplona/Iruña,31010,Navarra,Pamplona/Iruña
Nissan,Pulsar,Diésel,119768.0,110.0,manual,11900,Cieza,30530,Murcia,Cieza
KIA,XCeed,Gasolina,34270.0,120.0,manual,19900,Dos Hermanas,41012,Sevilla,Dos Hermanas
Nissan,Micra,Gasolina,1450.0,100.0,automatic,17490,Leganés,28915,Madrid,Leganés
Nissan,Micra,Gasolina,1450.0,100.0,automatic,17490,Parla,28700,Madrid,Parla
Nissan,Micra,Gasolina,1450.0,100.0,automatic,17490,Valencia,28943,Madrid,Valencia
Nissan,Micra,Gasolina,1450.0,100.0,automatic,17490,Alcorcón,28924,Madrid,Alcorcón
Nissan,Micra,Gasolina,1450.0,100.0,automatic,17490,Barcelona,8041,Barcelona,Barcelona
Nissan,Micra,Gasolina,1450.0,100.0,automatic,17490,Getafe,28903,Madrid,Getafe
Nissan,Micra,Gasolina,1450.0,100.0,automatic,17490,Murcia,30004,Murcia,Murcia
Nissan,Micra,Gasolina,3500.0,92.0,manual,18490,Burgos,9007,Burgos,Burgos
Nissan,Micra,Gasolina,22700.0,100.0,manual,13990,Sevilla,41005,Sevilla,Sevilla
Nissan,Micra,Gasolina,22700.0,100.0,manual,13990,Valencia,46001,Valencia,Valencia
Nissan,Micra,Gasolina,22700.0,100.0,manual,13990,Málaga,29005,Málaga,Málaga
Nissan,Micra,Gasolina,22700.0,100.0,manual,13990,Palau-Solita I Plegamans,8184,Barcelona,Palau-Solita I Plegamans
Nissan,Micra,Gasolina,22700.0,100.0,manual,13990,Palau-Solita I Plegamans,8184,Barcelona,Palau-Solita I Plegamans
Nissan,Micra,Gasolina,22700.0,100.0,manual,13990,Tarragona,43006,Tarragona,Tarragona
Nissan,Micra,Gasolina,32062.0,100.0,manual,247,Girona,17007,Girona,Girona
Nissan,Micra,Gasolina,32062.0,100.0,manual,252,Girona,17007,Girona,Girona
KIA,Ceed,Gasolina,127000.0,100.0,manual,8400,Añover de Tajo,45250,Toledo,Añover de Tajo
KIA,Ceed,Gasolina,12410.0,100.0,manual,18900,Sabadell,8201,Barcelona,Sabadell
KIA,Ceed,Gasolina,42814.0,120.0,manual,17990,Zaragoza,50013,Zaragoza,Zaragoza
KIA,Ceed,Gasolina,53573.0,120.0,manual,21990,Zaragoza,50013,Zaragoza,Zaragoza
KIA,Ceed,Gasolina,42814.0,120.0,manual,17990,Mercado Parque Corredor del Henares,28850,Madrid,Mercado Parque Corredor del Henares
KIA,Ceed,Gasolina,53573.0,120.0,manual,21990,Mercado Parque Corredor del Henares,28850,Madrid,Mercado Parque Corredor del Henares
KIA,Ceed,Gasolina,42814.0,120.0,manual,17990,Santa Maria del Aguila,4710,Almería,Santa Maria del Aguila
KIA,Ceed,Gasolina,53573.0,120.0,manual,21990,Santa Maria del Aguila,4710,Almería,Santa Maria del Aguila
KIA,Ceed,Gasolina,42814.0,120.0,manual,17990,Alcalá de Guadaíra,41500,Sevilla,Alcalá de Guadaíra
KIA,Ceed,Gasolina,53573.0,120.0,manual,21990,Alcalá de Guadaíra,41500,Sevilla,Alcalá de Guadaíra
KIA,Ceed,Gasolina,75000.0,120.0,manual,14990,Sevilla,41005,Sevilla,Sevilla
KIA,Ceed,Gasolina,83747.0,100.0,manual,10990,Sevilla,41005,Sevilla,Sevilla
KIA,Ceed,Diésel,48445.0,90.0,manual,12290,Sevilla,41005,Sevilla,Sevilla
KIA,Ceed,Gasolina,42814.0,120.0,manual,17990,Mercabilbao,48970,Bizkaia,Mercabilbao
KIA,Ceed,Gasolina,53573.0,120.0,manual,21990,Mercabilbao,48970,Bizkaia,Mercabilbao
KIA,Ceed,Gasolina,42814.0,120.0,manual,17990,Paterna,46980,Valencia,Paterna
KIA,Ceed,Gasolina,53573.0,120.0,manual,21990,Paterna,46980,Valencia,Paterna
KIA,Ceed,Gasolina,42814.0,120.0,manual,17990,Saladar,3700,Alicante,Saladar
KIA,Ceed,Gasolina,42814.0,120.0,manual,17990,Puerto de Sagunto,46520,Valencia,Puerto de Sagunto
KIA,Ceed,Gasolina,53573.0,120.0,manual,21990,Saladar,3700,Alicante,Saladar
KIA,Ceed,Gasolina,53573.0,120.0,manual,21990,Puerto de Sagunto,46520,Valencia,Puerto de Sagunto
KIA,Ceed,Gasolina,83747.0,100.0,manual,10990,Almería,4006,Almería,Almería
KIA,Ceed,Diésel,48445.0,90.0,manual,12290,Almería,4006,Almería,Almería
KIA,Ceed,Gasolina,83747.0,100.0,manual,10990,Vigo,36211,Pontevedra,Vigo
KIA,Ceed,Diésel,48445.0,90.0,manual,12290,Vigo,36211,Pontevedra,Vigo
KIA,Ceed,Gasolina,42814.0,120.0,manual,17990,Estepona,29680,Málaga,Estepona
KIA,Ceed,Gasolina,42814.0,120.0,manual,17990,Badajoz,6008,Badajoz,Badajoz
KIA,Ceed,Gasolina,53573.0,120.0,manual,21990,Estepona,29680,Málaga,Estepona
KIA,Ceed,Gasolina,75000.0,120.0,manual,14990,Valencia,46001,Valencia,Valencia
KIA,Ceed,Gasolina,53573.0,120.0,manual,21990,Badajoz,6008,Badajoz,Badajoz
KIA,Ceed,Gasolina,42814.0,120.0,manual,17990,Valdepeñas,13300,Ciudad Real,Valdepeñas
KIA,Ceed,Gasolina,42814.0,120.0,manual,17990,Valdepeñas,13300,Ciudad Real,Valdepeñas
KIA,Ceed,Gasolina,42814.0,120.0,manual,17990,Santafe,18320,Granada,Santafe
KIA,Ceed,Gasolina,83747.0,100.0,manual,10990,Murcia,30005,Murcia,Murcia
KIA,Ceed,Gasolina,75000.0,120.0,manual,14990,Málaga,29005,Málaga,Málaga
KIA,Ceed,Diésel,48445.0,90.0,manual,12290,Castellón,12001,Castellón,Castellón
KIA,Ceed,Gasolina,53573.0,120.0,manual,21990,Valdepeñas,13300,Ciudad Real,Valdepeñas
KIA,Ceed,Gasolina,53573.0,120.0,manual,21990,Valdepeñas,13300,Ciudad Real,Valdepeñas
KIA,Ceed,Gasolina,53573.0,120.0,manual,21990,Santafe,18320,Granada,Santafe
KIA,Ceed,Diésel,48445.0,90.0,manual,12290,Murcia,30005,Murcia,Murcia
KIA,Ceed,Gasolina,83747.0,100.0,manual,10990,Valencia,46001,Valencia,Valencia
KIA,Ceed,Diésel,48445.0,90.0,manual,12290,Valencia,46001,Valencia,Valencia
KIA,Ceed,Gasolina,83747.0,100.0,manual,10990,Málaga,29005,Málaga,Málaga
KIA,Ceed,Gasolina,83747.0,100.0,manual,10990,Granada,18005,Granada,Granada
KIA,Ceed,Gasolina,42814.0,120.0,manual,17990,Granollers,8403,Barcelona,Granollers
KIA,Ceed,Diésel,48445.0,90.0,manual,12290,Granada,18005,Granada,Granada
KIA,Ceed,Gasolina,53573.0,120.0,manual,21990,Granollers,8403,Barcelona,Granollers
KIA,Ceed,Gasolina,42814.0,120.0,manual,17990,Vigo,36214,Pontevedra,Vigo
KIA,Ceed,Gasolina,42814.0,120.0,manual,17990,Murcia,30003,Murcia,Murcia
KIA,Ceed,Gasolina,83747.0,100.0,manual,10990,Bilbao,48004,Bizkaia,Bilbao
KIA,Ceed,Gasolina,83747.0,100.0,manual,10990,Alicante,3010,Alicante,Alicante
KIA,Ceed,Gasolina,83747.0,100.0,manual,10990,Alicante,3010,Murcia,Alicante
KIA,Ceed,Gasolina,42814.0,120.0,manual,17990,Atarrabia,31610,Navarra,Atarrabia
KIA,Ceed,Gasolina,53573.0,120.0,manual,21990,Vigo,36214,Pontevedra,Vigo
KIA,Ceed,Gasolina,53573.0,120.0,manual,21990,Murcia,30003,Murcia,Murcia
KIA,Ceed,Gasolina,53573.0,120.0,manual,21990,Atarrabia,31610,Navarra,Atarrabia
KIA,Ceed,Diésel,48445.0,90.0,manual,12290,Bilbao,48004,Bizkaia,Bilbao
KIA,Ceed,Diésel,48445.0,90.0,manual,12290,Alicante,3010,Alicante,Alicante
KIA,Ceed,Diésel,48445.0,90.0,manual,12290,Alicante,3010,Murcia,Alicante
KIA,Ceed,Gasolina,42814.0,120.0,manual,17990,Olèrdola,8734,Barcelona,Olèrdola
KIA,Ceed,Gasolina,42814.0,120.0,manual,17990,Olèrdola,8734,Barcelona,Olèrdola
KIA,Ceed,Diésel,145236.0,136.0,manual,13570,Sant Vicenç de Montalt,8394,Barcelona,Sant Vicenç de Montalt
KIA,Ceed,Gasolina,53573.0,120.0,manual,21990,Olèrdola,8734,Barcelona,Olèrdola
KIA,Ceed,Gasolina,53573.0,120.0,manual,21990,Olèrdola,8734,Barcelona,Olèrdola
KIA,Ceed,Diésel,125518.0,90.0,manual,8599,Madrid,28014,Madrid,Madrid
KIA,Ceed,Diésel,125518.0,90.0,manual,8299,Madrid,28014,Madrid,Madrid
KIA,Ceed,Diésel,125518.0,90.0,manual,8599,Barcelona,8007,Barcelona,Barcelona
KIA,Ceed,Diésel,125518.0,90.0,manual,8299,Barcelona,8007,Barcelona,Barcelona
KIA,Ceed,Gasolina,42814.0,120.0,manual,17990,Sant Vicenç de Montalt,8394,Barcelona,Sant Vicenç de Montalt
KIA,Ceed,Gasolina,83747.0,100.0,manual,10990,Palma de Mallorca,7003,Baleares,Palma de Mallorca
KIA,Ceed,Diésel,48445.0,90.0,manual,12290,Palma de Mallorca,7003,Baleares,Palma de Mallorca
KIA,Ceed,Gasolina,53573.0,120.0,manual,21990,Sant Vicenç de Montalt,8394,Barcelona,Sant Vicenç de Montalt
KIA,Ceed,Gasolina,75000.0,120.0,manual,14990,Palau-Solita I Plegamans,8184,Barcelona,Palau-Solita I Plegamans
KIA,Ceed,Gasolina,75000.0,120.0,manual,14990,Palau-Solita I Plegamans,8184,Barcelona,Palau-Solita I Plegamans
KIA,Ceed,Gasolina,75000.0,120.0,manual,14990,Tarragona,43006,Tarragona,Tarragona
KIA,Ceed,Diésel,48445.0,90.0,manual,12290,Tarragona,43006,Tarragona,Tarragona
KIA,Ceed,Gasolina,42814.0,120.0,manual,17990,Ciudad Real,13003,Ciudad Real,Ciudad Real
KIA,Ceed,Gasolina,42814.0,120.0,manual,17990,Santiago de Compostela,15703,A Coruña,Santiago de Compostela
KIA,Ceed,Gasolina,53573.0,120.0,manual,21990,Ciudad Real,13003,Ciudad Real,Ciudad Real
KIA,Ceed,Gasolina,42814.0,120.0,manual,17990,Hidraulica Santillana,28770,Madrid,Hidraulica Santillana
KIA,Ceed,Gasolina,42814.0,120.0,manual,17990,Albacete,2001,Albacete,Albacete
KIA,Ceed,Gasolina,42814.0,120.0,manual,17990,Alzira,46600,Valencia,Alzira
KIA,Ceed,Gasolina,42814.0,120.0,manual,17990,Alzira,46600,Valencia,Alzira
KIA,Ceed,Gasolina,42814.0,120.0,manual,17990,Castello/Castellon de La Plana,12100,Castellón,Castello/Castellon de La Plana
KIA,Ceed,Gasolina,42814.0,120.0,manual,17990,Alicante,3007,Alicante,Alicante
KIA,Ceed,Gasolina,42814.0,120.0,manual,17990,Alcobendas,28100,Madrid,Alcobendas
Audi,S6,Gasolina,135719.0,420.0,automatic,30990,Toledo,45002,Toledo,Toledo
Audi,S6,Gasolina,135719.0,420.0,automatic,30990,Málaga,29005,Málaga,Málaga
KIA,Ceed,Gasolina,42814.0,120.0,manual,17990,Colonia Pablo Iglesias,28520,Madrid,Colonia Pablo Iglesias
KIA,Ceed,Gasolina,42814.0,120.0,manual,17990,Las Rozas de Madrid,28232,Madrid,Las Rozas de Madrid
KIA,Ceed,Gasolina,42814.0,120.0,manual,17990,Torremolinos,29620,Málaga,Torremolinos
KIA,Ceed,Gasolina,42814.0,120.0,manual,17990,Torremolinos,29620,Málaga,Torremolinos
KIA,Ceed,Gasolina,42814.0,120.0,manual,17990,Torremolinos,29620,Málaga,Torremolinos
KIA,Ceed,Gasolina,42814.0,120.0,manual,17990,Alameda del Obispo,14005,Córdoba,Alameda del Obispo
KIA,Ceed,Gasolina,53573.0,120.0,manual,21990,Santiago de Compostela,15703,A Coruña,Santiago de Compostela
KIA,Ceed,Gasolina,53573.0,120.0,manual,21990,Alzira,46600,Valencia,Alzira
KIA,Ceed,Gasolina,53573.0,120.0,manual,21990,Alzira,46600,Valencia,Alzira
KIA,Ceed,Gasolina,53573.0,120.0,manual,21990,Castello/Castellon de La Plana,12100,Castellón,Castello/Castellon de La Plana
KIA,Ceed,Gasolina,53573.0,120.0,manual,21990,Alcobendas,28100,Madrid,Alcobendas
KIA,Ceed,Gasolina,53573.0,120.0,manual,21990,Hidraulica Santillana,28770,Madrid,Hidraulica Santillana
KIA,Ceed,Gasolina,53573.0,120.0,manual,21990,Albacete,2001,Albacete,Albacete
KIA,Ceed,Gasolina,53573.0,120.0,manual,21990,Alicante,3007,Alicante,Alicante
KIA,Ceed,Gasolina,53573.0,120.0,manual,21990,Las Rozas de Madrid,28232,Madrid,Las Rozas de Madrid
KIA,Ceed,Gasolina,53573.0,120.0,manual,21990,Colonia Pablo Iglesias,28520,Madrid,Colonia Pablo Iglesias
KIA,Ceed,Gasolina,53573.0,120.0,manual,21990,Alameda del Obispo,14005,Córdoba,Alameda del Obispo
KIA,Ceed,Gasolina,53573.0,120.0,manual,21990,Torremolinos,29620,Málaga,Torremolinos
KIA,Ceed,Gasolina,53573.0,120.0,manual,21990,Torremolinos,29620,Málaga,Torremolinos
KIA,Ceed,Gasolina,53573.0,120.0,manual,21990,Torremolinos,29620,Málaga,Torremolinos
KIA,Ceed,Diésel,36950.0,115.0,manual,17800,Fornells de la Selva,17458,Girona,Fornells de la Selva
KIA,Ceed,Gasolina,13745.0,120.0,manual,20400,Fornells de la Selva,17458,Girona,Fornells de la Selva
KIA,Ceed,Gasolina,48000.0,120.0,manual,8000,Villena,3400,Alicante,Villena
KIA,Ceed,Gasolina,13300.0,100.0,manual,18800,Sant Fruitós de Bages,8272,Barcelona,Sant Fruitós de Bages
KIA,Carens,Diésel,183579.0,140.0,manual,3690,Viladecans,8840,Barcelona,Viladecans
KIA,Carens,Diésel,51167.0,115.0,manual,12980,Zaragoza,50013,Zaragoza,Zaragoza
KIA,Carens,Diésel,51167.0,115.0,manual,12980,Mercado Parque Corredor del Henares,28850,Madrid,Mercado Parque Corredor del Henares
KIA,Carens,Diésel,51167.0,115.0,manual,12980,Santa Maria del Aguila,4710,Almería,Santa Maria del Aguila
KIA,Carens,Diésel,51167.0,115.0,manual,12980,Alcalá de Guadaíra,41500,Sevilla,Alcalá de Guadaíra
KIA,Carens,Diésel,51167.0,115.0,manual,12980,Mercabilbao,48970,Bizkaia,Mercabilbao
KIA,Carens,Diésel,51167.0,115.0,manual,12980,Paterna,46980,Valencia,Paterna
KIA,Carens,Diésel,51167.0,115.0,manual,12980,Saladar,3700,Alicante,Saladar
KIA,Carens,Diésel,51167.0,115.0,manual,12980,Puerto de Sagunto,46520,Valencia,Puerto de Sagunto
KIA,Carens,Diésel,51167.0,115.0,manual,12980,Estepona,29680,Málaga,Estepona
KIA,Carens,Diésel,51167.0,115.0,manual,12980,Badajoz,6008,Badajoz,Badajoz
KIA,Carens,Diésel,51167.0,115.0,manual,12980,Santafe,18320,Granada,Santafe
KIA,Carens,Diésel,51167.0,115.0,manual,12980,Valdepeñas,13300,Ciudad Real,Valdepeñas
KIA,Carens,Diésel,51167.0,115.0,manual,12980,Valdepeñas,13300,Ciudad Real,Valdepeñas
KIA,Carens,Diésel,51167.0,115.0,manual,12980,Granollers,8403,Barcelona,Granollers
KIA,Carens,Diésel,51167.0,115.0,manual,12980,Vigo,36214,Pontevedra,Vigo
KIA,Carens,Diésel,51167.0,115.0,manual,12980,Murcia,30003,Murcia,Murcia
KIA,Carens,Diésel,51167.0,115.0,manual,12980,Atarrabia,31610,Navarra,Atarrabia
KIA,Carens,Diésel,51167.0,115.0,manual,12980,Olèrdola,8734,Barcelona,Olèrdola
KIA,Carens,Diésel,51167.0,115.0,manual,12980,Olèrdola,8734,Barcelona,Olèrdola
KIA,Carens,Diésel,51167.0,115.0,manual,12980,Sant Vicenç de Montalt,8394,Barcelona,Sant Vicenç de Montalt
KIA,Carens,Diésel,52903.0,115.0,manual,14700,Sant Vicenç de Montalt,8394,Barcelona,Sant Vicenç de Montalt
KIA,Carens,Diésel,51167.0,115.0,manual,12980,Ciudad Real,13003,Ciudad Real,Ciudad Real
KIA,Carens,Diésel,51167.0,115.0,manual,12980,Santiago de Compostela,15703,A Coruña,Santiago de Compostela
KIA,Carens,Diésel,51167.0,115.0,manual,12980,Albacete,2001,Albacete,Albacete
KIA,Carens,Diésel,51167.0,115.0,manual,12980,Alzira,46600,Valencia,Alzira
KIA,Carens,Diésel,51167.0,115.0,manual,12980,Alzira,46600,Valencia,Alzira
KIA,Carens,Diésel,51167.0,115.0,manual,12980,Castello/Castellon de La Plana,12100,Castellón,Castello/Castellon de La Plana
KIA,Carens,Diésel,51167.0,115.0,manual,12980,Alicante,3007,Alicante,Alicante
KIA,Carens,Diésel,51167.0,115.0,manual,12980,Hidraulica Santillana,28770,Madrid,Hidraulica Santillana
KIA,Carens,Diésel,51167.0,115.0,manual,12980,Colonia Pablo Iglesias,28520,Madrid,Colonia Pablo Iglesias
KIA,Carens,Diésel,51167.0,115.0,manual,12980,Las Rozas de Madrid,28232,Madrid,Las Rozas de Madrid
KIA,Carens,Diésel,51167.0,115.0,manual,12980,Alameda del Obispo,14005,Córdoba,Alameda del Obispo
KIA,Carens,Diésel,51167.0,115.0,manual,12980,Torremolinos,29620,Málaga,Torremolinos
KIA,Carens,Diésel,51167.0,115.0,manual,12980,Torremolinos,29620,Málaga,Torremolinos
KIA,Carens,Diésel,51167.0,115.0,manual,12980,Torremolinos,29620,Málaga,Torremolinos
KIA,Optima,Diésel,174479.0,141.0,manual,16330,Santa Maria del Aguila,4710,Almería,Santa Maria del Aguila
KIA,Optima,Eléctrico,139713.0,205.0,automatic,24035,Santa Maria del Aguila,4710,Almería,Santa Maria del Aguila
KIA,Optima,Diésel,110430.0,141.0,manual,15990,Leganés,28916,Madrid,Leganés
KIA,Optima,Diésel,174479.0,141.0,manual,16330,Sant Vicenç de Montalt,8394,Barcelona,Sant Vicenç de Montalt
KIA,Optima,Eléctrico,139713.0,205.0,automatic,24035,Sant Vicenç de Montalt,8394,Barcelona,Sant Vicenç de Montalt
KIA,Optima,Gasolina,94343.0,179.0,automatic,21900,Valladolid,47011,Valladolid,Valladolid
KIA,Picanto,Gasolina,18054.0,66.0,manual,7990,Valencia,46001,Valencia,Valencia
KIA,Picanto,Gasolina,18054.0,66.0,manual,7990,Málaga,29005,Málaga,Málaga
KIA,Picanto,Gasolina,54000.0,67.0,manual,9990,Barcelona,8013,Barcelona,Barcelona
Nissan,Patrol,Diésel,190000.0,100.0,manual,3000,Alcaudete,23660,Jaén,Alcaudete
Citroen,Xsara,Diésel,300000.0,110.0,manual,2990,Revilla de Camargo,39600,Cantabria,Revilla de Camargo
Infiniti,Q50,Gasolina,65274.0,211.0,automatic,16060,Sant Vicenç de Montalt,8394,Barcelona,Sant Vicenç de Montalt
Hyundai,i20,Gasolina,132000.0,85.0,manual,7900,Tarragona,43006,Tarragona,Tarragona
Hyundai,i20,Gasolina,132000.0,85.0,manual,7900,Sabadell,8203,Barcelona,Sabadell
Hyundai,i20,Gasolina,63878.0,84.0,manual,14300,Santiago y Zaraiche,30007,Murcia,Santiago y Zaraiche
Hyundai,i20,Gasolina,25378.0,85.0,manual,13399,Madrid,28014,Madrid,Madrid
Hyundai,i20,Gasolina,25378.0,85.0,manual,13399,Barcelona,8007,Barcelona,Barcelona
Hyundai,i20,Gasolina,23200.0,100.0,manual,13000,Terrassa,8223,Barcelona,Terrassa
Hyundai,i20,Gasolina,13000.0,204.0,manual,28900,Palamós,17230,Girona,Palamós
Hyundai,ix35,Gasolina,79000.0,135.0,manual,14500,Santa Coloma de Gramenet,8922,Barcelona,Santa Coloma de Gramenet
Citroen,Xsara,Diésel,172000.0,110.0,manual,5900,Alcalá de Henares,28801,Madrid,Alcalá de Henares
Honda,CR-V,Gasolina,49937.0,193.0,automatic,30800,Zaragoza,50013,Zaragoza,Zaragoza
Honda,CR-V,Gasolina,49937.0,193.0,automatic,30800,Mercado Parque Corredor del Henares,28850,Madrid,Mercado Parque Corredor del Henares
Honda,CR-V,Gasolina,49937.0,193.0,automatic,30800,Santa Maria del Aguila,4710,Almería,Santa Maria del Aguila
Honda,CR-V,Gasolina,49937.0,193.0,automatic,30800,Alcalá de Guadaíra,41500,Sevilla,Alcalá de Guadaíra
Honda,CR-V,Gasolina,33981.0,173.0,manual,24990,Sevilla,41005,Sevilla,Sevilla
Honda,CR-V,Diésel,163121.0,120.0,manual,10990,Sevilla,41005,Sevilla,Sevilla
Honda,CR-V,Diésel,90000.0,120.0,manual,14990,Sevilla,41005,Sevilla,Sevilla
Honda,CR-V,Gasolina,49937.0,193.0,automatic,30800,Mercabilbao,48970,Bizkaia,Mercabilbao
Honda,CR-V,Gasolina,49937.0,193.0,automatic,30800,Paterna,46980,Valencia,Paterna
Honda,CR-V,Gasolina,49937.0,193.0,automatic,30800,Saladar,3700,Alicante,Saladar
Honda,CR-V,Gasolina,49937.0,193.0,automatic,30800,Puerto de Sagunto,46520,Valencia,Puerto de Sagunto
Honda,CR-V,Diésel,90000.0,120.0,manual,14990,Òrrius,8317,Barcelona,Òrrius
Honda,CR-V,Diésel,90000.0,120.0,manual,14990,Almería,4006,Almería,Almería
Honda,CR-V,Diésel,90000.0,120.0,manual,14990,Vigo,36211,Pontevedra,Vigo
Honda,CR-V,Gasolina,33981.0,173.0,manual,24990,Valencia,46001,Valencia,Valencia
Honda,CR-V,Diésel,163121.0,120.0,manual,10990,Valencia,46001,Valencia,Valencia
Honda,CR-V,Gasolina,33981.0,173.0,manual,24990,Málaga,29005,Málaga,Málaga
Honda,CR-V,Diésel,163121.0,120.0,manual,10990,Málaga,29005,Málaga,Málaga
Honda,CR-V,Gasolina,49937.0,193.0,automatic,30800,Estepona,29680,Málaga,Estepona
Honda,CR-V,Diésel,90000.0,120.0,manual,14990,Ullastrell,8231,Barcelona,Ullastrell
Honda,CR-V,Diésel,163121.0,120.0,manual,10990,Sevilla,41017,Sevilla,Sevilla
Honda,CR-V,Gasolina,49937.0,193.0,automatic,30800,Badajoz,6008,Badajoz,Badajoz
Honda,CR-V,Diésel,90000.0,120.0,manual,14990,Murcia,30005,Murcia,Murcia
Honda,CR-V,Gasolina,49937.0,193.0,automatic,30800,Valdepeñas,13300,Ciudad Real,Valdepeñas
Honda,CR-V,Gasolina,49937.0,193.0,automatic,30800,Valdepeñas,13300,Ciudad Real,Valdepeñas
Honda,CR-V,Gasolina,49937.0,193.0,automatic,30800,Santafe,18320,Granada,Santafe
Honda,CR-V,Diésel,90000.0,120.0,manual,14990,Valencia,46001,Valencia,Valencia
Honda,CR-V,Diésel,90000.0,120.0,manual,14990,Granada,18005,Granada,Granada
Honda,CR-V,Gasolina,49937.0,193.0,automatic,30800,Granollers,8403,Barcelona,Granollers
Honda,CR-V,Diésel,90000.0,120.0,manual,14990,Bilbao,48004,Bizkaia,Bilbao
Honda,CR-V,Diésel,90000.0,120.0,manual,14990,Alicante,3010,Alicante,Alicante
Honda,CR-V,Diésel,90000.0,120.0,manual,14990,Alicante,3010,Murcia,Alicante
Honda,CR-V,Gasolina,49937.0,193.0,automatic,30800,Vigo,36214,Pontevedra,Vigo
Honda,CR-V,Gasolina,49937.0,193.0,automatic,30800,Murcia,30003,Murcia,Murcia
Honda,CR-V,Gasolina,49937.0,193.0,automatic,30800,Atarrabia,31610,Navarra,Atarrabia
Honda,CR-V,Gasolina,49937.0,193.0,automatic,30800,Olèrdola,8734,Barcelona,Olèrdola
Honda,CR-V,Gasolina,49937.0,193.0,automatic,30800,Olèrdola,8734,Barcelona,Olèrdola
Honda,CR-V,Diésel,2199.0,150.0,manual,14999,Madrid,28014,Madrid,Madrid
Honda,CR-V,Diésel,2199.0,150.0,manual,14999,Barcelona,8007,Barcelona,Barcelona
Honda,CR-V,Gasolina,33981.0,173.0,manual,24990,Palau-Solita I Plegamans,8184,Barcelona,Palau-Solita I Plegamans
Honda,CR-V,Gasolina,33981.0,173.0,manual,24990,Palau-Solita I Plegamans,8184,Barcelona,Palau-Solita I Plegamans
Honda,CR-V,Diésel,90000.0,120.0,manual,14990,Girona,17007,Girona,Girona
Honda,CR-V,Diésel,90000.0,120.0,manual,14990,Tarragona,43006,Tarragona,Tarragona
Honda,CR-V,Gasolina,49937.0,193.0,automatic,30800,Sant Vicenç de Montalt,8394,Barcelona,Sant Vicenç de Montalt
Honda,CR-V,Gasolina,49937.0,193.0,automatic,30800,Ciudad Real,13003,Ciudad Real,Ciudad Real
Honda,CR-V,Gasolina,49937.0,193.0,automatic,30800,Santiago de Compostela,15703,A Coruña,Santiago de Compostela
Honda,CR-V,Gasolina,49937.0,193.0,automatic,30800,Alcobendas,28100,Madrid,Alcobendas
Honda,CR-V,Gasolina,49937.0,193.0,automatic,30800,Hidraulica Santillana,28770,Madrid,Hidraulica Santillana
Honda,CR-V,Gasolina,49937.0,193.0,automatic,30800,Albacete,2001,Albacete,Albacete
Honda,CR-V,Gasolina,49937.0,193.0,automatic,30800,Alzira,46600,Valencia,Alzira
Honda,CR-V,Gasolina,49937.0,193.0,automatic,30800,Alzira,46600,Valencia,Alzira
Honda,CR-V,Gasolina,49937.0,193.0,automatic,30800,Castello/Castellon de La Plana,12100,Castellón,Castello/Castellon de La Plana
Honda,CR-V,Gasolina,49937.0,193.0,automatic,30800,Alicante,3007,Alicante,Alicante
Honda,CR-V,Gasolina,49937.0,193.0,automatic,30800,Torremolinos,29620,Málaga,Torremolinos
Honda,CR-V,Gasolina,49937.0,193.0,automatic,30800,Torremolinos,29620,Málaga,Torremolinos
Honda,CR-V,Gasolina,49937.0,193.0,automatic,30800,Torremolinos,29620,Málaga,Torremolinos
Honda,CR-V,Gasolina,49937.0,193.0,automatic,30800,Colonia Pablo Iglesias,28520,Madrid,Colonia Pablo Iglesias
Honda,CR-V,Gasolina,49937.0,193.0,automatic,30800,Las Rozas de Madrid,28232,Madrid,Las Rozas de Madrid
Honda,CR-V,Gasolina,49937.0,193.0,automatic,30800,Alameda del Obispo,14005,Córdoba,Alameda del Obispo
Honda,CR-V,Gasolina,217439.0,150.0,automatic,7990,Madrid,28046,Madrid,Madrid
Honda,CR-V,Gasolina,217439.0,150.0,automatic,7990,Alcobendas,28100,Madrid,Alcobendas
Honda,CR-V,Gasolina,217439.0,150.0,automatic,7990,Las Rozas de Madrid,28232,Madrid,Las Rozas de Madrid
Honda,CR-V,Gasolina,217439.0,150.0,automatic,7990,Leganés,28916,Madrid,Leganés
Honda,CR-V,Gasolina,29290.0,173.0,manual,28900,Santa Coloma de Gramenet,8921,Barcelona,Santa Coloma de Gramenet
Honda,CR-V,Gasolina,51025.0,184.0,automatic,28900,Santa Coloma de Gramenet,8921,Barcelona,Santa Coloma de Gramenet
Honda,CR-V,Gasolina,18410.0,173.0,manual,28500,Santa Coloma de Gramenet,8921,Barcelona,Santa Coloma de Gramenet
Honda,CR-V,Gasolina,29290.0,173.0,manual,28900,Fornells de la Selva,17458,Girona,Fornells de la Selva
Honda,CR-V,Gasolina,104655.0,173.0,manual,26500,Fornells de la Selva,17458,Girona,Fornells de la Selva
Honda,CR-V,Gasolina,51025.0,184.0,automatic,28900,Fornells de la Selva,17458,Girona,Fornells de la Selva
Citroen,Jumper,Diésel,139000.0,110.0,manual,16447,Santa Perpètua de Mogoda,8130,Barcelona,Santa Perpètua de Mogoda
Citroen,Jumper,Diésel,62000.0,120.0,manual,24990,Parla,28980,Madrid,Parla
Citroen,Jumper,Diésel,7101.0,165.0,manual,34550,Barbera del Valles,8210,Barcelona,Barbera del Valles
Citroen,Jumper,Diésel,98886.0,110.0,manual,16900,Santa Maria del Aguila,4710,Almería,Santa Maria del Aguila
Citroen,Jumper,Diésel,98886.0,110.0,manual,16900,Sant Vicenç de Montalt,8394,Barcelona,Sant Vicenç de Montalt
Citroen,Jumper,Diésel,90000.0,130.0,manual,22500,La Puebla de Alfindén,50171,Zaragoza,La Puebla de Alfindén
Citroen,Jumper,Diésel,87982.0,110.0,manual,18512,Málaga,29006,Málaga,Málaga
Citroen,C4 Cactus,Diésel,147967.0,100.0,automatic,13685,Zaragoza,50013,Zaragoza,Zaragoza
Citroen,C4 Cactus,Diésel,147967.0,100.0,automatic,13685,Mercado Parque Corredor del Henares,28850,Madrid,Mercado Parque Corredor del Henares
Citroen,C4 Cactus,Diésel,147967.0,100.0,automatic,13685,Santa Maria del Aguila,4710,Almería,Santa Maria del Aguila
Citroen,C4 Cactus,Diésel,88953.0,99.0,manual,13900,Santa Maria del Aguila,4710,Almería,Santa Maria del Aguila
Citroen,C4 Cactus,Diésel,147967.0,100.0,automatic,13685,Alcalá de Guadaíra,41500,Sevilla,Alcalá de Guadaíra
Citroen,C4 Cactus,Diésel,135000.0,100.0,manual,9490,Sevilla,41005,Sevilla,Sevilla
Citroen,C4 Cactus,Diésel,147967.0,100.0,automatic,13685,Mercabilbao,48970,Bizkaia,Mercabilbao
Citroen,C4 Cactus,Diésel,147967.0,100.0,automatic,13685,Paterna,46980,Valencia,Paterna
Citroen,C4 Cactus,Diésel,147967.0,100.0,automatic,13685,Saladar,3700,Alicante,Saladar
Citroen,C4 Cactus,Diésel,147967.0,100.0,automatic,13685,Puerto de Sagunto,46520,Valencia,Puerto de Sagunto
Citroen,C4 Cactus,Diésel,147967.0,100.0,automatic,13685,Estepona,29680,Málaga,Estepona
Citroen,C4 Cactus,Diésel,147967.0,100.0,automatic,13685,Badajoz,6008,Badajoz,Badajoz
Citroen,C4 Cactus,Diésel,135000.0,100.0,manual,9490,Valencia,46001,Valencia,Valencia
Citroen,C4 Cactus,Diésel,147967.0,100.0,automatic,13685,Santafe,18320,Granada,Santafe
Citroen,C4 Cactus,Diésel,147967.0,100.0,automatic,13685,Valdepeñas,13300,Ciudad Real,Valdepeñas
Citroen,C4 Cactus,Diésel,147967.0,100.0,automatic,13685,Valdepeñas,13300,Ciudad Real,Valdepeñas
Citroen,C4 Cactus,Diésel,135000.0,100.0,manual,9490,Málaga,29005,Málaga,Málaga
Citroen,C4 Cactus,Diésel,135000.0,100.0,manual,9490,Urbanizacion La Granjilla,28700,Madrid,Urbanizacion La Granjilla
Citroen,C4 Cactus,Diésel,147967.0,100.0,automatic,13685,Granollers,8403,Barcelona,Granollers
Citroen,C4 Cactus,Diésel,147967.0,100.0,automatic,13685,Murcia,30003,Murcia,Murcia
Citroen,C4 Cactus,Diésel,147967.0,100.0,automatic,13685,Vigo,36214,Pontevedra,Vigo
Citroen,C4 Cactus,Diésel,147967.0,100.0,automatic,13685,Atarrabia,31610,Navarra,Atarrabia
Citroen,C4 Cactus,Diésel,147967.0,100.0,automatic,13685,Olèrdola,8734,Barcelona,Olèrdola
Citroen,C4 Cactus,Diésel,147967.0,100.0,automatic,13685,Olèrdola,8734,Barcelona,Olèrdola
Citroen,C4 Cactus,Diésel,147967.0,100.0,automatic,13685,Sant Vicenç de Montalt,8394,Barcelona,Sant Vicenç de Montalt
Citroen,C4 Cactus,Diésel,88953.0,99.0,manual,13900,Sant Vicenç de Montalt,8394,Barcelona,Sant Vicenç de Montalt
Citroen,C4 Cactus,Diésel,135000.0,100.0,manual,9490,Villaviciosa de Odón,28670,Madrid,Villaviciosa de Odón
Citroen,C4 Cactus,Diésel,147967.0,100.0,automatic,13685,Ciudad Real,13003,Ciudad Real,Ciudad Real
Citroen,C4 Cactus,Diésel,147967.0,100.0,automatic,13685,Santiago de Compostela,15703,A Coruña,Santiago de Compostela
Citroen,C4 Cactus,Diésel,147967.0,100.0,automatic,13685,Albacete,2001,Albacete,Albacete
Citroen,C4 Cactus,Diésel,147967.0,100.0,automatic,13685,Alzira,46600,Valencia,Alzira
Citroen,C4 Cactus,Diésel,147967.0,100.0,automatic,13685,Alzira,46600,Valencia,Alzira
Citroen,C4 Cactus,Diésel,147967.0,100.0,automatic,13685,Castello/Castellon de La Plana,12100,Castellón,Castello/Castellon de La Plana
Citroen,C4 Cactus,Diésel,147967.0,100.0,automatic,13685,Alicante,3007,Alicante,Alicante
Citroen,C4 Cactus,Diésel,147967.0,100.0,automatic,13685,Hidraulica Santillana,28770,Madrid,Hidraulica Santillana
Citroen,C4 Cactus,Diésel,147967.0,100.0,automatic,13685,Colonia Pablo Iglesias,28520,Madrid,Colonia Pablo Iglesias
Citroen,C4 Cactus,Diésel,147967.0,100.0,automatic,13685,Las Rozas de Madrid,28232,Madrid,Las Rozas de Madrid
Citroen,C4 Cactus,Diésel,147967.0,100.0,automatic,13685,Alameda del Obispo,14005,Córdoba,Alameda del Obispo
Citroen,C4 Cactus,Diésel,147967.0,100.0,automatic,13685,Torremolinos,29620,Málaga,Torremolinos
Citroen,C4 Cactus,Diésel,147967.0,100.0,automatic,13685,Torremolinos,29620,Málaga,Torremolinos
Citroen,C4 Cactus,Diésel,147967.0,100.0,automatic,13685,Torremolinos,29620,Málaga,Torremolinos
Citroen,C4 Cactus,Diésel,117000.0,99.0,manual,11990,Valencia,46002,Valencia,Valencia
Citroen,C4 Cactus,Gasolina,41000.0,110.0,manual,17999,Alcalá de Guadaíra,41500,Sevilla,Alcalá de Guadaíra
Citroen,C4 Cactus,Diésel,143000.0,92.0,automatic,9900,Puebla de la Calzada,6490,Badajoz,Puebla de la Calzada
Citroen,C4 Cactus,Gasolina,118461.0,82.0,manual,11970,Foios,46134,Valencia,Foios
Citroen,C-Élysée,Diésel,66695.0,100.0,manual,8990,Sevilla,41005,Sevilla,Sevilla
Citroen,C-Élysée,Diésel,66695.0,100.0,manual,8990,Valencia,46001,Valencia,Valencia
Citroen,C-Élysée,Diésel,66695.0,100.0,manual,8990,Málaga,29005,Málaga,Málaga
Citroen,C-Élysée,Diésel,150000.0,99.0,manual,8990,Arriaga,1013,Álava,Arriaga
Citroen,C-Élysée,Diésel,198000.0,100.0,manual,7490,Granollers,8403,Barcelona,Granollers
Citroen,Grand C4 SpaceTourer,Gasolina,120911.0,130.0,manual,17900,Santa Maria del Aguila,4710,Almería,Santa Maria del Aguila
Citroen,Grand C4 SpaceTourer,Gasolina,120911.0,130.0,manual,17900,Sant Vicenç de Montalt,8394,Barcelona,Sant Vicenç de Montalt
Citroen,Berlingo,Diésel,420000.0,112.0,manual,4490,Coslada,28823,Madrid,Coslada
Citroen,Berlingo,Diésel,250000.0,71.0,manual,1500,Alcantarilla,30820,Murcia,Alcantarilla
Citroen,Berlingo,Diésel,165000.0,75.0,manual,3500,Vilanova i la Geltrú,8800,Barcelona,Vilanova i la Geltrú
Citroen,Berlingo,Diésel,181000.0,75.0,manual,7290,Navalcarnero,28600,Madrid,Navalcarnero
Citroen,Berlingo,Diésel,142540.0,100.0,manual,16500,Granja de Rocamora,3348,Alicante,Granja de Rocamora
Citroen,Berlingo,Diésel,112898.0,100.0,manual,20240,Zaragoza,50013,Zaragoza,Zaragoza
Citroen,Berlingo,Diésel,15363.0,102.0,manual,23920,Zaragoza,50013,Zaragoza,Zaragoza
Citroen,Berlingo,Diésel,97800.0,100.0,manual,14900,Trapaga-Causo,48510,Bizkaia,Trapaga-Causo
Citroen,Berlingo,Diésel,112898.0,100.0,manual,20240,Mercado Parque Corredor del Henares,28850,Madrid,Mercado Parque Corredor del Henares
Citroen,Berlingo,Diésel,15363.0,102.0,manual,23920,Mercado Parque Corredor del Henares,28850,Madrid,Mercado Parque Corredor del Henares
Citroen,Berlingo,Diésel,112898.0,100.0,manual,20240,Santa Maria del Aguila,4710,Almería,Santa Maria del Aguila
Citroen,Berlingo,Diésel,39177.0,100.0,manual,21505,Santa Maria del Aguila,4710,Almería,Santa Maria del Aguila
Citroen,Berlingo,Diésel,15363.0,102.0,manual,23920,Santa Maria del Aguila,4710,Almería,Santa Maria del Aguila
Citroen,Berlingo,Diésel,112898.0,100.0,manual,20240,Alcalá de Guadaíra,41500,Sevilla,Alcalá de Guadaíra
Citroen,Berlingo,Diésel,15363.0,102.0,manual,23920,Alcalá de Guadaíra,41500,Sevilla,Alcalá de Guadaíra
Citroen,Berlingo,Diésel,101653.0,130.0,automatic,22990,Sevilla,41005,Sevilla,Sevilla
Citroen,Berlingo,Diésel,112898.0,100.0,manual,20240,Mercabilbao,48970,Bizkaia,Mercabilbao
Citroen,Berlingo,Diésel,15363.0,102.0,manual,23920,Mercabilbao,48970,Bizkaia,Mercabilbao
Citroen,Berlingo,Diésel,112898.0,100.0,manual,20240,Paterna,46980,Valencia,Paterna
Citroen,Berlingo,Diésel,15363.0,102.0,manual,23920,Paterna,46980,Valencia,Paterna
Citroen,Berlingo,Diésel,112898.0,100.0,manual,20240,Saladar,3700,Alicante,Saladar
Citroen,Berlingo,Diésel,112898.0,100.0,manual,20240,Puerto de Sagunto,46520,Valencia,Puerto de Sagunto
Citroen,Berlingo,Diésel,15363.0,102.0,manual,23920,Saladar,3700,Alicante,Saladar
Citroen,Berlingo,Diésel,15363.0,102.0,manual,23920,Puerto de Sagunto,46520,Valencia,Puerto de Sagunto
Citroen,Berlingo,Diésel,101653.0,130.0,automatic,22990,Òrrius,8317,Barcelona,Òrrius
Citroen,Berlingo,Diésel,101653.0,130.0,automatic,22990,Almería,4006,Almería,Almería
Citroen,Berlingo,Diésel,101653.0,130.0,automatic,22990,Vigo,36211,Pontevedra,Vigo
Citroen,Berlingo,Diésel,112898.0,100.0,manual,20240,Estepona,29680,Málaga,Estepona
Citroen,Berlingo,Diésel,112898.0,100.0,manual,20240,Badajoz,6008,Badajoz,Badajoz
Citroen,Berlingo,Diésel,15363.0,102.0,manual,23920,Estepona,29680,Málaga,Estepona
Citroen,Berlingo,Diésel,15363.0,102.0,manual,23920,Badajoz,6008,Badajoz,Badajoz
Citroen,Berlingo,Diésel,101653.0,130.0,automatic,22990,Ullastrell,8231,Barcelona,Ullastrell
Citroen,Berlingo,Diésel,112898.0,100.0,manual,20240,Valdepeñas,13300,Ciudad Real,Valdepeñas
Citroen,Berlingo,Diésel,112898.0,100.0,manual,20240,Valdepeñas,13300,Ciudad Real,Valdepeñas
Citroen,Berlingo,Diésel,112898.0,100.0,manual,20240,Santafe,18320,Granada,Santafe
Citroen,Berlingo,Diésel,101653.0,130.0,automatic,22990,Murcia,30005,Murcia,Murcia
Citroen,Berlingo,Diésel,101653.0,130.0,automatic,22990,Castellón,12001,Castellón,Castellón
Citroen,Berlingo,Diésel,15363.0,102.0,manual,23920,Valdepeñas,13300,Ciudad Real,Valdepeñas
Citroen,Berlingo,Diésel,15363.0,102.0,manual,23920,Valdepeñas,13300,Ciudad Real,Valdepeñas
Citroen,Berlingo,Diésel,15363.0,102.0,manual,23920,Santafe,18320,Granada,Santafe
Citroen,Berlingo,Diésel,101653.0,130.0,automatic,22990,Valencia,46001,Valencia,Valencia
Citroen,Berlingo,Diésel,101653.0,130.0,automatic,22990,Granada,18005,Granada,Granada
Citroen,Berlingo,Diésel,112898.0,100.0,manual,20240,Granollers,8403,Barcelona,Granollers
Citroen,Berlingo,Diésel,15363.0,102.0,manual,23920,Granollers,8403,Barcelona,Granollers
Citroen,Berlingo,Diésel,112898.0,100.0,manual,20240,Vigo,36214,Pontevedra,Vigo
Citroen,Berlingo,Diésel,112898.0,100.0,manual,20240,Murcia,30003,Murcia,Murcia
Citroen,Berlingo,Diésel,101653.0,130.0,automatic,22990,Bilbao,48004,Bizkaia,Bilbao
Citroen,Berlingo,Diésel,101653.0,130.0,automatic,22990,Alicante,3010,Alicante,Alicante
Citroen,Berlingo,Diésel,101653.0,130.0,automatic,22990,Alicante,3010,Murcia,Alicante
Citroen,Berlingo,Diésel,112898.0,100.0,manual,20240,Atarrabia,31610,Navarra,Atarrabia
Citroen,Berlingo,Diésel,15363.0,102.0,manual,23920,Vigo,36214,Pontevedra,Vigo
Citroen,Berlingo,Diésel,15363.0,102.0,manual,23920,Murcia,30003,Murcia,Murcia
Citroen,Berlingo,Diésel,15363.0,102.0,manual,23920,Atarrabia,31610,Navarra,Atarrabia
Citroen,Berlingo,Diésel,112898.0,100.0,manual,20240,Olèrdola,8734,Barcelona,Olèrdola
Citroen,Berlingo,Diésel,112898.0,100.0,manual,20240,Olèrdola,8734,Barcelona,Olèrdola
Citroen,Berlingo,Diésel,15363.0,102.0,manual,23920,Olèrdola,8734,Barcelona,Olèrdola
Citroen,Berlingo,Diésel,15363.0,102.0,manual,23920,Olèrdola,8734,Barcelona,Olèrdola
Citroen,Berlingo,Diésel,58163.0,100.0,manual,18499,Barcelona,8007,Barcelona,Barcelona
Citroen,Berlingo,Diésel,58163.0,100.0,manual,18499,Madrid,28014,Madrid,Madrid
Citroen,Berlingo,Diésel,88990.0,102.0,manual,21999,Madrid,28014,Madrid,Madrid
Citroen,Berlingo,Diésel,88990.0,102.0,manual,21999,Barcelona,8007,Barcelona,Barcelona
Citroen,Berlingo,Diésel,112898.0,100.0,manual,20240,Sant Vicenç de Montalt,8394,Barcelona,Sant Vicenç de Montalt
Citroen,Berlingo,Diésel,101653.0,130.0,automatic,22990,Palma de Mallorca,7003,Baleares,Palma de Mallorca
Citroen,Berlingo,Diésel,39177.0,100.0,manual,21505,Sant Vicenç de Montalt,8394,Barcelona,Sant Vicenç de Montalt
Citroen,Berlingo,Diésel,15363.0,102.0,manual,23920,Sant Vicenç de Montalt,8394,Barcelona,Sant Vicenç de Montalt
Citroen,Berlingo,Diésel,155000.0,100.0,manual,12634,Santiago de Compostela,15707,A Coruña,Santiago de Compostela
Citroen,Berlingo,Diésel,101653.0,130.0,automatic,22990,Tarragona,43006,Tarragona,Tarragona
Citroen,Berlingo,Diésel,113750.0,75.0,manual,8990,A Coruña,15001,A Coruña,A Coruña
Citroen,Berlingo,Diésel,113750.0,75.0,manual,8990,Vigo,36204,Pontevedra,Vigo
Citroen,Berlingo,Diésel,112898.0,100.0,manual,20240,Ciudad Real,13003,Ciudad Real,Ciudad Real
Citroen,Berlingo,Diésel,112898.0,100.0,manual,20240,Santiago de Compostela,15703,A Coruña,Santiago de Compostela
Citroen,Berlingo,Diésel,15363.0,102.0,manual,23920,Ciudad Real,13003,Ciudad Real,Ciudad Real
Citroen,Berlingo,Diésel,112898.0,100.0,manual,20240,Castello/Castellon de La Plana,12100,Castellón,Castello/Castellon de La Plana
Citroen,Berlingo,Diésel,112898.0,100.0,manual,20240,Alcobendas,28100,Madrid,Alcobendas
Citroen,Berlingo,Diésel,112898.0,100.0,manual,20240,Hidraulica Santillana,28770,Madrid,Hidraulica Santillana
Citroen,Berlingo,Diésel,112898.0,100.0,manual,20240,Albacete,2001,Albacete,Albacete
Citroen,Berlingo,Diésel,112898.0,100.0,manual,20240,Alicante,3007,Alicante,Alicante
Citroen,Berlingo,Diésel,112898.0,100.0,manual,20240,Alzira,46600,Valencia,Alzira
Citroen,Berlingo,Diésel,112898.0,100.0,manual,20240,Alzira,46600,Valencia,Alzira
Citroen,Berlingo,Diésel,15363.0,102.0,manual,23920,Santiago de Compostela,15703,A Coruña,Santiago de Compostela
Citroen,Berlingo,Diésel,112898.0,100.0,manual,20240,Colonia Pablo Iglesias,28520,Madrid,Colonia Pablo Iglesias
Citroen,Berlingo,Diésel,112898.0,100.0,manual,20240,Las Rozas de Madrid,28232,Madrid,Las Rozas de Madrid
Citroen,Berlingo,Diésel,112898.0,100.0,manual,20240,Alameda del Obispo,14005,Córdoba,Alameda del Obispo
Citroen,Berlingo,Diésel,112898.0,100.0,manual,20240,Torremolinos,29620,Málaga,Torremolinos
Citroen,Berlingo,Diésel,112898.0,100.0,manual,20240,Torremolinos,29620,Málaga,Torremolinos
Citroen,Berlingo,Diésel,112898.0,100.0,manual,20240,Torremolinos,29620,Málaga,Torremolinos
Citroen,Berlingo,Diésel,15363.0,102.0,manual,23920,Alcobendas,28100,Madrid,Alcobendas
Citroen,Berlingo,Diésel,15363.0,102.0,manual,23920,Albacete,2001,Albacete,Albacete
Citroen,Berlingo,Diésel,15363.0,102.0,manual,23920,Alzira,46600,Valencia,Alzira
Citroen,Berlingo,Diésel,15363.0,102.0,manual,23920,Alzira,46600,Valencia,Alzira
Citroen,Berlingo,Diésel,15363.0,102.0,manual,23920,Castello/Castellon de La Plana,12100,Castellón,Castello/Castellon de La Plana
Citroen,Berlingo,Diésel,15363.0,102.0,manual,23920,Hidraulica Santillana,28770,Madrid,Hidraulica Santillana
Citroen,Berlingo,Diésel,15363.0,102.0,manual,23920,Alicante,3007,Alicante,Alicante
Citroen,Berlingo,Diésel,15363.0,102.0,manual,23920,Colonia Pablo Iglesias,28520,Madrid,Colonia Pablo Iglesias
Citroen,Berlingo,Diésel,15363.0,102.0,manual,23920,Las Rozas de Madrid,28232,Madrid,Las Rozas de Madrid
Citroen,Berlingo,Diésel,15363.0,102.0,manual,23920,Alameda del Obispo,14005,Córdoba,Alameda del Obispo
Citroen,Berlingo,Diésel,15363.0,102.0,manual,23920,Torremolinos,29620,Málaga,Torremolinos
Citroen,Berlingo,Diésel,15363.0,102.0,manual,23920,Torremolinos,29620,Málaga,Torremolinos
Citroen,Berlingo,Diésel,15363.0,102.0,manual,23920,Torremolinos,29620,Málaga,Torremolinos
Citroen,Berlingo,Diésel,175000.0,75.0,manual,9900,Valdemoro,28340,Madrid,Valdemoro
Citroen,Berlingo,Diésel,184000.0,92.0,manual,11950,Barbera del Valles,8210,Barcelona,Barbera del Valles
Citroen,Berlingo,Diésel,87490.0,75.0,manual,14900,Alcalá de Guadaíra,41500,Sevilla,Alcalá de Guadaíra
Citroen,Berlingo,Diésel,87490.0,75.0,manual,269,Alcalá de Guadaíra,41500,Sevilla,Alcalá de Guadaíra
Citroen,Berlingo,Diésel,31000.0,102.0,manual,25900,Barcelona,8014,Barcelona,Barcelona
Citroen,Berlingo,Diésel,212500.0,92.0,manual,4990,Zaratán,47610,Valladolid,Zaratán
Citroen,Berlingo,Diésel,135000.0,75.0,manual,8500,Lleida,25197,Lleida,Lleida
Citroen,Berlingo,Diésel,139000.0,100.0,manual,15600,Esplugues de Llobregat,8950,Barcelona,Esplugues de Llobregat
Citroen,Berlingo,Diésel,128000.0,112.0,manual,10000,Úbeda,23400,Jaén,Úbeda
Citroen,Berlingo,Diésel,157000.0,92.0,manual,4299,Sevilla,41001,Sevilla,Sevilla
Citroen,Berlingo,Diésel,63453.0,76.0,manual,17900,El Prat de Llobregat,8820,Barcelona,El Prat de Llobregat
Citroen,Berlingo,Diésel,235000.0,90.0,manual,3750,Bilbao,48015,Bizkaia,Bilbao
Toyota,Yaris,Gasolina,95000.0,68.0,manual,6999,Sabadell,8201,Barcelona,Sabadell
Opel,Astra,Diésel,199000.0,100.0,manual,2990,Coslada,28823,Madrid,Coslada
Opel,Astra,Diésel,150000.0,100.0,manual,3490,Coslada,28823,Madrid,Coslada
Opel,Astra,Diésel,108000.0,110.0,manual,11800,Plasencia,10600,Cáceres,Plasencia
SsangYong,Korando,Diésel,141119.0,175.0,automatic,11872,Granollers,8403,Barcelona,Granollers
SsangYong,Korando,Diésel,141119.0,175.0,automatic,11872,Badajoz,6008,Badajoz,Badajoz
SsangYong,Korando,Diésel,141119.0,175.0,automatic,11872,Barcelona,8007,Barcelona,Barcelona
Audi,A7,Diésel,191000.0,272.0,automatic,25790,Las Rozas de Madrid,28232,Madrid,Las Rozas de Madrid
Audi,A7,Diésel,191000.0,272.0,automatic,25790,Málaga,29005,Málaga,Málaga
Audi,A7,Diésel,191000.0,272.0,automatic,25790,Collado Villalba,28400,Madrid,Collado Villalba
Audi,A7,Diésel,191000.0,272.0,automatic,25790,Collado Villalba,28400,Madrid,Collado Villalba
Audi,A7,Diésel,191000.0,272.0,automatic,25790,Villaviciosa de Odón,28670,Madrid,Villaviciosa de Odón
Audi,A7,Diésel,191000.0,272.0,automatic,25790,Fuenlabrada,28947,Madrid,Fuenlabrada
BMW,Serie 3,Diésel,109000.0,150.0,manual,18500,Bormujos,41930,Sevilla,Bormujos
BMW,Serie 3,Diésel,109000.0,150.0,manual,18400,Bormujos,41930,Sevilla,Bormujos
BMW,Serie 3,Diésel,109000.0,150.0,manual,18500,Valencia,46002,Valencia,Valencia
BMW,Serie 3,Diésel,109000.0,150.0,manual,18400,Valencia,46002,Valencia,Valencia
BMW,Serie 3,Diésel,92000.0,143.0,automatic,18999,Madrid,28017,Madrid,Madrid
BMW,Serie 1,Diésel,190893.0,116.0,manual,10500,Roquetas de Mar,4740,Almería,Roquetas de Mar
BMW,Serie 1,Diésel,61000.0,116.0,automatic,19800,Valencia,46002,Valencia,Valencia
BMW,Serie 1,Diésel,61000.0,116.0,automatic,19800,Bormujos,41930,Sevilla,Bormujos
BMW,Serie 1,Gasolina,145000.0,116.0,manual,5990,Elx/Elche,3296,Alicante,Elx/Elche
BMW,Serie 1,Diésel,186981.0,143.0,manual,12500,Roquetas de Mar,4740,Almería,Roquetas de Mar
BMW,Serie 1,Diésel,256487.0,116.0,manual,9500,Roquetas de Mar,4740,Almería,Roquetas de Mar
Fiat,Punto,Gasolina,196000.0,60.0,manual,2500,Puerto de Sagunto,46520,Valencia,Puerto de Sagunto
Fiat,Punto,Gasolina,146455.0,60.0,manual,1999,Viladecans,8840,Barcelona,Viladecans
SsangYong,Tivoli,Diésel,138261.0,115.0,manual,11990,León,24003,León,León
SsangYong,Tivoli,Diésel,138261.0,115.0,manual,11990,León,24003,León,León
Renault,Megane,Diésel,81000.0,110.0,manual,14250,Mataró,8302,Barcelona,Mataró
Fiat,500X,Gasolina,37066.0,140.0,manual,15000,Santa Coloma de Gramenet,8921,Barcelona,Santa Coloma de Gramenet
Fiat,500X,Gasolina,37066.0,140.0,manual,15000,Fornells de la Selva,17458,Girona,Fornells de la Selva
Ford,C-MAX,Diésel,126000.0,120.0,manual,13800,Añover de Tajo,45250,Toledo,Añover de Tajo
Ford,C-MAX,Gasolina,77722.0,125.0,manual,14500,Santa Maria del Aguila,4710,Almería,Santa Maria del Aguila
Ford,C-MAX,Gasolina,77722.0,125.0,manual,14500,Sant Vicenç de Montalt,8394,Barcelona,Sant Vicenç de Montalt
Ford,C-MAX,Gasolina,150000.0,125.0,manual,9300,Vilafranca del Penedès,8720,Barcelona,Vilafranca del Penedès
Ford,C-MAX,Gasolina,150000.0,125.0,manual,9300,La Papiola,43178,Tarragona,La Papiola
Ford,C-MAX,Diésel,105000.0,109.0,manual,6495,Arganda del Rey,28500,Madrid,Arganda del Rey
BMW,Serie 4,Diésel,42000.0,190.0,automatic,31900,Fuenlabrada,28943,Madrid,Fuenlabrada
Ford,Focus,Diésel,200000.0,110.0,automatic,2900,Benetússer,46910,Valencia,Benetússer
Ford,Focus,Diésel,200000.0,110.0,automatic,2900,Benetússer,46910,Valencia,Benetússer
Ford,Focus,Diésel,200000.0,110.0,automatic,2900,Benetússer,46910,Valencia,Benetússer
Ford,Focus,Diésel,200000.0,110.0,automatic,2900,Benetússer,46910,Valencia,Benetússer
Ford,Focus,Diésel,190000.0,109.0,manual,4999,Alcantarilla,30820,Murcia,Alcantarilla
Ford,Focus,Diésel,178000.0,115.0,manual,8300,Vilafranca del Penedès,8720,Barcelona,Vilafranca del Penedès
Ford,Focus,Otros,178000.0,117.0,manual,8300,Reus,43202,Tarragona,Reus
Renault,Megane,Gasolina,86934.0,115.0,manual,11900,Vigo,36214,Pontevedra,Vigo
Renault,Megane,Gasolina,59200.0,205.0,automatic,21990,Vigo,36214,Pontevedra,Vigo
Renault,Megane,Gasolina,86934.0,115.0,manual,11900,Saladar,3700,Alicante,Saladar
Renault,Megane,Gasolina,59200.0,205.0,automatic,21990,Saladar,3700,Alicante,Saladar
Renault,Megane,Gasolina,86934.0,115.0,manual,11900,Granollers,8403,Barcelona,Granollers
Renault,Megane,Gasolina,59200.0,205.0,automatic,21990,Granollers,8403,Barcelona,Granollers
Renault,Megane,Gasolina,86934.0,115.0,manual,11900,Badajoz,6008,Badajoz,Badajoz
Renault,Megane,Gasolina,44600.0,280.0,automatic,26490,Almería,4006,Almería,Almería
Renault,Megane,Gasolina,59200.0,205.0,automatic,21990,Badajoz,6008,Badajoz,Badajoz
Renault,Megane,Gasolina,44600.0,280.0,automatic,26490,Sevilla,41005,Sevilla,Sevilla
Renault,Megane,Gasolina,44600.0,280.0,automatic,26490,Alicante,3010,Alicante,Alicante
Renault,Megane,Gasolina,44600.0,280.0,automatic,26490,Alicante,3010,Murcia,Alicante
Renault,Megane,Gasolina,44600.0,280.0,automatic,26490,Vigo,36211,Pontevedra,Vigo
Renault,Megane,Gasolina,86934.0,115.0,manual,11900,Barcelona,8007,Barcelona,Barcelona
Renault,Megane,Gasolina,44600.0,280.0,automatic,26490,Granada,18005,Granada,Granada
Ford,Fiesta,Gasolina,160000.0,60.0,manual,5990,Coslada,28823,Madrid,Coslada
Ford,Fiesta,Diésel,190000.0,68.0,manual,1995,Mungia,48100,Bizkaia,Mungia
Ford,Fiesta,Gasolina,83286.0,82.0,manual,8400,La Papiola,43178,Tarragona,La Papiola
Volkswagen,Caravelle,Diésel,32303.0,110.0,manual,34990,Casas Novas,36164,Pontevedra,Casas Novas
Toyota,C-HR,Eléctrico,64345.0,122.0,automatic,22990,Alhaurín el Grande,29120,Málaga,Alhaurín el Grande
Renault,Megane,Gasolina,59200.0,205.0,automatic,21990,Barcelona,8007,Barcelona,Barcelona
Renault,Megane,Gasolina,44600.0,280.0,automatic,26490,Málaga,29005,Málaga,Málaga
Renault,Megane,Gasolina,44600.0,280.0,automatic,26490,Valencia,46001,Valencia,Valencia
Citroen,Xsara,Diésel,179150.0,90.0,manual,2990,Valls,43800,Tarragona,Valls
Opel,Insignia,Diésel,123857.0,140.0,manual,10800,Vigo,36214,Pontevedra,Vigo
Opel,Insignia,Diésel,123857.0,140.0,manual,10800,Saladar,3700,Alicante,Saladar
Opel,Insignia,Diésel,123857.0,140.0,manual,10800,Granollers,8403,Barcelona,Granollers
Opel,Insignia,Diésel,123857.0,140.0,manual,10800,Badajoz,6008,Badajoz,Badajoz
Opel,Insignia,Diésel,123857.0,140.0,manual,10800,Barcelona,8007,Barcelona,Barcelona
Opel,Mokka,Gasolina,50000.0,140.0,manual,13995,Bilbao,48012,Bizkaia,Bilbao
Opel,Mokka,Diésel,110530.0,130.0,manual,11950,Vigo,36214,Pontevedra,Vigo
Opel,Mokka,Gasolina,121563.0,140.0,manual,12535,Vigo,36214,Pontevedra,Vigo
Opel,Mokka,Diésel,111730.0,136.0,manual,12535,Vigo,36214,Pontevedra,Vigo
Opel,Mokka,Diésel,110530.0,130.0,manual,11950,Saladar,3700,Alicante,Saladar
Opel,Mokka,Gasolina,121563.0,140.0,manual,12535,Saladar,3700,Alicante,Saladar
Opel,Mokka,Diésel,111730.0,136.0,manual,12535,Saladar,3700,Alicante,Saladar
Opel,Mokka,Diésel,110530.0,130.0,manual,11950,Granollers,8403,Barcelona,Granollers
Opel,Mokka,Gasolina,121563.0,140.0,manual,12535,Granollers,8403,Barcelona,Granollers
Opel,Mokka,Diésel,111730.0,136.0,manual,12535,Granollers,8403,Barcelona,Granollers
Opel,Mokka,Diésel,110530.0,130.0,manual,11950,Badajoz,6008,Badajoz,Badajoz
Opel,Mokka,Gasolina,121563.0,140.0,manual,12535,Badajoz,6008,Badajoz,Badajoz
Opel,Mokka,Diésel,111730.0,136.0,manual,12535,Badajoz,6008,Badajoz,Badajoz
Opel,Mokka,Diésel,110530.0,130.0,manual,11950,Barcelona,8007,Barcelona,Barcelona
Opel,Mokka,Gasolina,121563.0,140.0,manual,12535,Barcelona,8007,Barcelona,Barcelona
Opel,Mokka,Diésel,111730.0,136.0,manual,12535,Barcelona,8007,Barcelona,Barcelona
Citroen,Xsara,Gasolina,275000.0,110.0,manual,1500,Albacete,2004,Albacete,Albacete
Opel,Corsa,Diésel,115000.0,75.0,manual,9500,Elx/Elche,3204,Alicante,Elx/Elche
Opel,Corsa,Gasolina,86000.0,100.0,manual,10800,Badalona,8911,Barcelona,Badalona
Opel,Corsa,Gasolina,86000.0,100.0,manual,9900,Badalona,8911,Barcelona,Badalona
Opel,ADAM,Gasolina,21349.0,87.0,manual,12420,Vigo,36214,Pontevedra,Vigo
Opel,ADAM,Gasolina,40380.0,100.0,manual,12535,Vigo,36214,Pontevedra,Vigo
Opel,ADAM,Gasolina,21349.0,87.0,manual,12420,Saladar,3700,Alicante,Saladar
Opel,ADAM,Gasolina,40380.0,100.0,manual,12535,Saladar,3700,Alicante,Saladar
Opel,ADAM,Gasolina,21349.0,87.0,manual,12420,Granollers,8403,Barcelona,Granollers
Opel,ADAM,Gasolina,40380.0,100.0,manual,12535,Granollers,8403,Barcelona,Granollers
Opel,ADAM,Gasolina,21349.0,87.0,manual,12420,Badajoz,6008,Badajoz,Badajoz
Opel,ADAM,Gasolina,40380.0,100.0,manual,12535,Badajoz,6008,Badajoz,Badajoz
Opel,ADAM,Gasolina,21349.0,87.0,manual,12420,Barcelona,8007,Barcelona,Barcelona
Opel,ADAM,Gasolina,40380.0,100.0,manual,12535,Barcelona,8007,Barcelona,Barcelona
Renault,Kangoo,Diésel,210977.0,80.0,manual,3000,Málaga,29004,Málaga,Málaga
Renault,Kangoo,Diésel,210977.0,80.0,manual,3999,Málaga,29004,Málaga,Málaga
Renault,Kangoo,Diésel,65592.0,90.0,manual,15490,Málaga,29006,Málaga,Málaga
Renault,Kangoo,Gasolina,220000.0,60.0,manual,2199,Logroño,26001,La Rioja,Logroño
Opel,Meriva,Diésel,177000.0,75.0,manual,1999,Badalona,8917,Barcelona,Badalona
Citroen,Xsara,Diésel,255000.0,90.0,manual,2590,Ávila,5001,Ávila,Ávila
Opel,Crossland X,Diésel,27474.0,102.0,manual,16099,Madrid,28014,Madrid,Madrid
Opel,Crossland X,Diésel,27474.0,102.0,manual,15899,Madrid,28014,Madrid,Madrid
Opel,Crossland X,Diésel,27474.0,102.0,manual,16099,Barcelona,8007,Barcelona,Barcelona
Opel,Crossland X,Diésel,27474.0,102.0,manual,15899,Barcelona,8007,Barcelona,Barcelona
Renault,Trafic,Diésel,49898.0,95.0,manual,20990,Málaga,29003,Málaga,Málaga
Renault,Trafic,Diésel,49898.0,95.0,manual,21990,Málaga,29003,Málaga,Málaga
Opel,Combo Life,Diésel,42028.0,130.0,manual,21890,Sant Fruitós de Bages,8272,Barcelona,Sant Fruitós de Bages
Opel,Zafira,Diésel,243000.0,120.0,manual,3900,Urbanizacion Beltraneja,19192,Guadalajara,Urbanizacion Beltraneja
Opel,Zafira,Diésel,243000.0,120.0,manual,3900,Urbanizacion Beltraneja,19192,Guadalajara,Urbanizacion Beltraneja
Opel,Zafira,Diésel,243000.0,120.0,manual,3900,Urbanizacion Beltraneja,19192,Guadalajara,Urbanizacion Beltraneja
Citroen,Xsara,Diésel,139000.0,90.0,manual,2300,Gavà,8850,Barcelona,Gavà
Opel,Astra,Diésel,70988.0,110.0,manual,12990,Vigo,36214,Pontevedra,Vigo
Opel,Astra,Diésel,70988.0,110.0,manual,12990,Saladar,3700,Alicante,Saladar
Opel,Astra,Diésel,70988.0,110.0,manual,12990,Granollers,8403,Barcelona,Granollers
Opel,Astra,Diésel,70988.0,110.0,manual,12990,Badajoz,6008,Badajoz,Badajoz
Opel,Astra,Diésel,70988.0,110.0,manual,12990,Barcelona,8007,Barcelona,Barcelona
Citroen,Xsara,Diésel,130000.0,92.0,manual,3999,Utrera,41710,Sevilla,Utrera
Citroen,Xsara,Diésel,171354.0,90.0,manual,950,Hidraulica Santillana,28770,Madrid,Hidraulica Santillana
Citroen,Xsara,Diésel,205000.0,110.0,manual,2900,Barbera del Valles,8210,Barcelona,Barbera del Valles
Citroen,Xsara,Diésel,205000.0,110.0,manual,2700,Barbera del Valles,8210,Barcelona,Barbera del Valles
Citroen,Xsara,Gasolina,203000.0,109.0,manual,3900,Barbera del Valles,8210,Barcelona,Barbera del Valles
Citroen,Xsara,Diésel,202842.0,90.0,manual,500,Mercabilbao,48970,Bizkaia,Mercabilbao
Citroen,Xsara,Gasolina,181741.0,90.0,manual,700,Murcia,30003,Murcia,Murcia
Opel,Mokka X,Gasolina,70000.0,140.0,manual,14990,Castelldefels,8860,Barcelona,Castelldefels
Citroen,Xsara,Gasolina,119000.0,110.0,manual,2900,Velilla de San Antonio,28891,Madrid,Velilla de San Antonio
Opel,Combo,Diésel,161272.0,100.0,manual,12290,Santander,39010,Cantabria,Santander
Opel,Crossland,Gasolina,54766.0,110.0,manual,15590,Madrid,28021,Madrid,Madrid
Opel,Zafira Tourer,Diésel,96000.0,130.0,manual,10490,Òrrius,8317,Barcelona,Òrrius
Alfa Romeo,156,Gasolina,72500.0,250.0,manual,23500,Tajonar/Taxoare,31192,Navarra,Tajonar/Taxoare
Alfa Romeo,156,Gasolina,72500.0,250.0,manual,23500,Tajonar/Taxoare,31192,Navarra,Tajonar/Taxoare
Citroen,Xsara,Diésel,305756.0,110.0,manual,3200,Palencia,34002,Palencia,Palencia
Alfa Romeo,Giulietta,Diésel,116163.0,105.0,manual,9899,Barcelona,8007,Barcelona,Barcelona
Alfa Romeo,Giulietta,Diésel,116163.0,105.0,manual,9899,Madrid,28014,Madrid,Madrid
Alfa Romeo,Giulietta,Diésel,100862.0,120.0,manual,14999,Barcelona,8007,Barcelona,Barcelona
Alfa Romeo,Giulietta,Diésel,100862.0,120.0,manual,14999,Madrid,28014,Madrid,Madrid
Citroen,Xsara,Diésel,298000.0,90.0,manual,1690,Fuenlabrada,28945,Madrid,Fuenlabrada
Citroen,Xsara,Gasolina,250000.0,110.0,manual,2999,Arbuio,48810,Bizkaia,Arbuio
KIA,Carens,Diésel,51167.0,115.0,manual,12980,Collado Villalba,28400,Madrid,Collado Villalba
KIA,Carens,Diésel,51167.0,115.0,manual,12980,Collado Villalba,28400,Madrid,Collado Villalba
KIA,Carens,Diésel,85000.0,141.0,manual,11990,Valencia,46001,Valencia,Valencia
KIA,Carens,Diésel,103310.0,115.0,manual,14390,Valencia,46001,Valencia,Valencia
KIA,Carens,Diésel,51167.0,115.0,manual,12980,Getafe,28906,Madrid,Getafe
KIA,Carens,Gasolina,29521.0,135.0,manual,16330,Collado Villalba,28400,Madrid,Collado Villalba
KIA,Carens,Gasolina,29521.0,135.0,manual,16330,Collado Villalba,28400,Madrid,Collado Villalba
KIA,Carens,Gasolina,29521.0,135.0,manual,16330,Getafe,28906,Madrid,Getafe
KIA,Carens,Gasolina,29521.0,135.0,manual,16330,Las Rozas de Madrid,28232,Madrid,Las Rozas de Madrid
KIA,Carens,Gasolina,29521.0,135.0,manual,16330,Mercado Parque Corredor del Henares,28850,Madrid,Mercado Parque Corredor del Henares
KIA,Carens,Gasolina,29521.0,135.0,manual,16330,Ciudad Real,13003,Ciudad Real,Ciudad Real
KIA,Carens,Gasolina,29521.0,135.0,manual,16330,Badajoz,6008,Badajoz,Badajoz
KIA,Carens,Gasolina,29521.0,135.0,manual,16330,Vigo,36214,Pontevedra,Vigo
KIA,Carens,Gasolina,29521.0,135.0,manual,16330,Santiago de Compostela,15703,A Coruña,Santiago de Compostela
KIA,Carens,Gasolina,29521.0,135.0,manual,16330,Granollers,8403,Barcelona,Granollers
KIA,Carens,Gasolina,29521.0,135.0,manual,16330,Colonia Pablo Iglesias,28520,Madrid,Colonia Pablo Iglesias
KIA,Carens,Diésel,85000.0,141.0,manual,11990,Alicante,3010,Alicante,Alicante
KIA,Carens,Diésel,85000.0,141.0,manual,11990,Alicante,3010,Murcia,Alicante
KIA,Carens,Diésel,103310.0,115.0,manual,14390,Alicante,3010,Alicante,Alicante
KIA,Carens,Diésel,103310.0,115.0,manual,14390,Alicante,3010,Murcia,Alicante
KIA,Carens,Diésel,85000.0,141.0,manual,11990,Granada,18005,Granada,Granada
KIA,Carens,Gasolina,29521.0,135.0,manual,16330,Olèrdola,8734,Barcelona,Olèrdola
KIA,Carens,Gasolina,29521.0,135.0,manual,16330,Olèrdola,8734,Barcelona,Olèrdola
KIA,Carens,Gasolina,29521.0,135.0,manual,16330,Sant Vicenç de Montalt,8394,Barcelona,Sant Vicenç de Montalt
KIA,Carens,Gasolina,29521.0,135.0,manual,16330,Santa Maria del Aguila,4710,Almería,Santa Maria del Aguila
KIA,Carens,Diésel,103310.0,115.0,manual,14390,Granada,18005,Granada,Granada
KIA,Carens,Diésel,85000.0,141.0,manual,11990,Murcia,30005,Murcia,Murcia
KIA,Carens,Diésel,103310.0,115.0,manual,14390,Murcia,30005,Murcia,Murcia
KIA,Carens,Gasolina,29521.0,135.0,manual,16330,Valdepeñas,13300,Ciudad Real,Valdepeñas
KIA,Carens,Gasolina,29521.0,135.0,manual,16330,Valdepeñas,13300,Ciudad Real,Valdepeñas
KIA,Carens,Diésel,85000.0,141.0,manual,11990,Vigo,36211,Pontevedra,Vigo
KIA,Carens,Gasolina,29521.0,135.0,manual,16330,Estepona,29680,Málaga,Estepona
KIA,Carens,Gasolina,29521.0,135.0,manual,16330,Puerto de Sagunto,46520,Valencia,Puerto de Sagunto
KIA,Carens,Diésel,103310.0,115.0,manual,14390,Vigo,36211,Pontevedra,Vigo
KIA,Carens,Diésel,85000.0,141.0,manual,11990,Sevilla,41005,Sevilla,Sevilla
KIA,Carens,Gasolina,29521.0,135.0,manual,16330,Santafe,18320,Granada,Santafe
KIA,Carens,Gasolina,29521.0,135.0,manual,16330,Saladar,3700,Alicante,Saladar
KIA,Carens,Gasolina,29521.0,135.0,manual,16330,Murcia,30003,Murcia,Murcia
KIA,Carens,Diésel,103310.0,115.0,manual,14390,Sevilla,41005,Sevilla,Sevilla
KIA,Carens,Diésel,85000.0,141.0,manual,11990,Camarma de Esteruelas,28816,Madrid,Camarma de Esteruelas
KIA,Carens,Diésel,85000.0,141.0,manual,11990,Camarma de Esteruelas,28816,Madrid,Camarma de Esteruelas
KIA,Carens,Diésel,103310.0,115.0,manual,14390,Camarma de Esteruelas,28816,Madrid,Camarma de Esteruelas
KIA,Carens,Diésel,103310.0,115.0,manual,14390,Camarma de Esteruelas,28816,Madrid,Camarma de Esteruelas
KIA,Carens,Gasolina,29521.0,135.0,manual,16330,Paterna,46980,Valencia,Paterna
KIA,Carens,Diésel,85000.0,141.0,manual,11990,Bilbao,48004,Bizkaia,Bilbao
KIA,Carens,Diésel,103310.0,115.0,manual,14390,Bilbao,48004,Bizkaia,Bilbao
KIA,Carens,Diésel,85000.0,141.0,manual,11990,Almería,4006,Almería,Almería
KIA,Carens,Diésel,85000.0,141.0,manual,11990,Colonia Pablo Iglesias,28520,Madrid,Colonia Pablo Iglesias
KIA,Carens,Diésel,103310.0,115.0,manual,14390,Almería,4006,Almería,Almería
KIA,Carens,Diésel,103310.0,115.0,manual,14390,Colonia Pablo Iglesias,28520,Madrid,Colonia Pablo Iglesias
KIA,Carens,Diésel,85000.0,141.0,manual,11990,Las Rozas de Madrid,28232,Madrid,Las Rozas de Madrid
KIA,Carens,Diésel,85000.0,141.0,manual,11990,Fuenlabrada,28947,Madrid,Fuenlabrada
KIA,Carens,Diésel,103310.0,115.0,manual,14390,Las Rozas de Madrid,28232,Madrid,Las Rozas de Madrid
KIA,Carens,Diésel,103310.0,115.0,manual,14390,Fuenlabrada,28947,Madrid,Fuenlabrada
KIA,Carens,Diésel,85000.0,141.0,manual,11990,Toledo,45002,Toledo,Toledo
KIA,Carens,Diésel,85000.0,141.0,manual,11990,Collado Villalba,28400,Madrid,Collado Villalba
KIA,Carens,Diésel,85000.0,141.0,manual,11990,Collado Villalba,28400,Madrid,Collado Villalba
KIA,Carens,Diésel,51167.0,115.0,manual,12980,Barcelona,8007,Barcelona,Barcelona
KIA,Carens,Diésel,103310.0,115.0,manual,14390,Toledo,45002,Toledo,Toledo
KIA,Carens,Gasolina,29521.0,135.0,manual,16330,Mercabilbao,48970,Bizkaia,Mercabilbao
KIA,Carens,Gasolina,29521.0,135.0,manual,16330,Barcelona,8007,Barcelona,Barcelona
KIA,Carens,Gasolina,29521.0,135.0,manual,16330,Hidraulica Santillana,28770,Madrid,Hidraulica Santillana
KIA,Carens,Gasolina,29521.0,135.0,manual,16330,Alcobendas,28100,Madrid,Alcobendas
KIA,Carens,Gasolina,29521.0,135.0,manual,16330,Castello/Castellon de La Plana,12100,Castellón,Castello/Castellon de La Plana
KIA,Carens,Gasolina,29521.0,135.0,manual,16330,Alameda del Obispo,14005,Córdoba,Alameda del Obispo
KIA,Carens,Gasolina,29521.0,135.0,manual,16330,Torremolinos,29620,Málaga,Torremolinos
KIA,Carens,Gasolina,29521.0,135.0,manual,16330,Torremolinos,29620,Málaga,Torremolinos
KIA,Carens,Gasolina,29521.0,135.0,manual,16330,Torremolinos,29620,Málaga,Torremolinos
KIA,Carens,Gasolina,29521.0,135.0,manual,16330,Alzira,46600,Valencia,Alzira
KIA,Carens,Gasolina,29521.0,135.0,manual,16330,Alzira,46600,Valencia,Alzira
KIA,Carens,Gasolina,29521.0,135.0,manual,16330,Alicante,3007,Alicante,Alicante
KIA,Carens,Gasolina,29521.0,135.0,manual,16330,Albacete,2001,Albacete,Albacete
KIA,Carens,Gasolina,29521.0,135.0,manual,16330,Zaragoza,50013,Zaragoza,Zaragoza
KIA,Carens,Gasolina,29521.0,135.0,manual,16330,Alcalá de Guadaíra,41500,Sevilla,Alcalá de Guadaíra
KIA,Carens,Gasolina,29521.0,135.0,manual,16330,Atarrabia,31610,Navarra,Atarrabia
Alfa Romeo,Stelvio,Gasolina,40900.0,280.0,automatic,36900,Carretera de San Martin de La Vega,28320,Madrid,Carretera de San Martin de La Vega
Audi,Q2,Diésel,23630.0,116.0,manual,26500,Villena,3400,Alicante,Villena
Audi,Q2,Gasolina,56040.0,150.0,automatic,25490,Madrid,28021,Madrid,Madrid
Audi,Q2,Gasolina,30800.0,300.0,automatic,39990,Alicante,3010,Alicante,Alicante
Audi,Q2,Gasolina,30800.0,300.0,automatic,39990,Alicante,3010,Murcia,Alicante
Audi,Q2,Gasolina,17000.0,110.0,manual,25990,Alicante,3010,Alicante,Alicante
Audi,Q2,Gasolina,17000.0,110.0,manual,25990,Alicante,3010,Murcia,Alicante
Audi,Q2,Gasolina,30800.0,300.0,automatic,39990,Sevilla,41005,Sevilla,Sevilla
Audi,Q2,Gasolina,17000.0,110.0,manual,25990,Sevilla,41005,Sevilla,Sevilla
Audi,Q2,Gasolina,30800.0,300.0,automatic,39990,Granada,18005,Granada,Granada
Audi,Q2,Gasolina,30800.0,300.0,automatic,39990,Málaga,29005,Málaga,Málaga
Audi,Q2,Gasolina,30800.0,300.0,automatic,39990,Vigo,36211,Pontevedra,Vigo
Audi,Q2,Gasolina,17000.0,110.0,manual,25990,Málaga,29005,Málaga,Málaga
Audi,Q2,Gasolina,17000.0,110.0,manual,25990,Vigo,36211,Pontevedra,Vigo
Audi,Q2,Gasolina,17000.0,110.0,manual,25990,Granada,18005,Granada,Granada
Audi,Q2,Gasolina,30800.0,300.0,automatic,39990,Murcia,30005,Murcia,Murcia
Audi,Q2,Gasolina,30800.0,300.0,automatic,39990,Bilbao,48004,Bizkaia,Bilbao
Audi,Q2,Gasolina,17000.0,110.0,manual,25990,Murcia,30005,Murcia,Murcia
Audi,Q2,Gasolina,30800.0,300.0,automatic,39990,Algeciras,11202,Cádiz,Algeciras
Audi,Q2,Gasolina,17000.0,110.0,manual,25990,Bilbao,48004,Bizkaia,Bilbao
Audi,Q2,Gasolina,30800.0,300.0,automatic,39990,Valencia,46001,Valencia,Valencia
Audi,Q2,Gasolina,30800.0,300.0,automatic,39990,Almería,4006,Almería,Almería
Audi,Q2,Gasolina,17000.0,110.0,manual,25990,Valencia,46001,Valencia,Valencia
Audi,Q2,Diésel,33250.0,116.0,automatic,29819,Esplugues de Llobregat,8950,Barcelona,Esplugues de Llobregat
Audi,Q2,Gasolina,17000.0,110.0,manual,25990,Almería,4006,Almería,Almería
Audi,Q2,Gasolina,30800.0,300.0,automatic,39990,Marbella,29601,Málaga,Marbella
Audi,Q2,Gasolina,17000.0,110.0,manual,25990,Palma de Mallorca,7003,Baleares,Palma de Mallorca
Audi,Q2,Gasolina,17000.0,110.0,manual,25990,Palau-Solita I Plegamans,8184,Barcelona,Palau-Solita I Plegamans
Audi,Q2,Gasolina,17000.0,110.0,manual,25990,Palau-Solita I Plegamans,8184,Barcelona,Palau-Solita I Plegamans
Audi,Q2,Diésel,32048.0,116.0,manual,25500,Sevilla,41006,Sevilla,Sevilla
Audi,Q2,Gasolina,17000.0,110.0,manual,25990,Òrrius,8317,Barcelona,Òrrius
Audi,Q2,Gasolina,17000.0,110.0,manual,25990,Tarragona,43006,Tarragona,Tarragona
Audi,Q2,Gasolina,17000.0,110.0,manual,25990,Girona,17007,Girona,Girona
Audi,A5,Diésel,110000.0,190.0,automatic,25990,Iniesta,16235,Cuenca,Iniesta
Audi,A5,Diésel,140000.0,245.0,automatic,25900,Burgos,9003,Burgos,Burgos
Audi,A5,Diésel,167.0,190.0,automatic,11990,Massanassa,46470,Valencia,Massanassa
Audi,A5,Diésel,167.0,190.0,automatic,11990,Massanassa,46470,Valencia,Massanassa
Audi,A5,Diésel,167.0,190.0,automatic,11990,Massanassa,46470,Valencia,Massanassa
Audi,A5,Diésel,167.0,190.0,automatic,11990,Massanassa,46470,Valencia,Massanassa
Audi,A5,Diésel,144500.0,190.0,automatic,27500,Santander,39011,Cantabria,Santander
Audi,A5,Diésel,108000.0,190.0,manual,25900,Málaga,29006,Málaga,Málaga
Audi,A5,Diésel,69296.0,150.0,automatic,33900,Barcelona,8036,Barcelona,Barcelona
Ford,Focus,Diésel,110000.0,120.0,manual,12100,Bormujos,41930,Sevilla,Bormujos
Ford,Focus,Diésel,110000.0,120.0,manual,12100,Valencia,46002,Valencia,Valencia
Volvo,V40,Diésel,80000.0,190.0,manual,502,Madrid,28006,Madrid,Madrid
Volvo,V40,Diésel,99950.0,149.0,manual,491,Madrid,28006,Madrid,Madrid
Volvo,V40,Diésel,72000.0,190.0,manual,268,Gandía,46701,Valencia,Gandía
Volvo,V40,Diésel,80000.0,190.0,manual,497,Madrid,28009,Madrid,Madrid
Volvo,V40,Diésel,72000.0,190.0,manual,567,Valencia,46005,Valencia,Valencia
Volvo,V40,Diésel,101188.0,120.0,manual,17490,Collado Villalba,28400,Madrid,Collado Villalba
Volvo,V40,Diésel,101188.0,120.0,manual,17490,Collado Villalba,28400,Madrid,Collado Villalba
Volvo,V40,Diésel,101188.0,120.0,manual,17490,Getafe,28906,Madrid,Getafe
Volvo,V40,Diésel,101188.0,120.0,manual,17490,Las Rozas de Madrid,28232,Madrid,Las Rozas de Madrid
Volvo,V40,Diésel,101188.0,120.0,manual,17490,Vigo,36214,Pontevedra,Vigo
Volvo,V40,Diésel,101188.0,120.0,manual,17490,Mercado Parque Corredor del Henares,28850,Madrid,Mercado Parque Corredor del Henares
Volvo,V40,Diésel,101188.0,120.0,manual,17490,Ciudad Real,13003,Ciudad Real,Ciudad Real
Volvo,V40,Diésel,101188.0,120.0,manual,17490,Badajoz,6008,Badajoz,Badajoz
Volvo,V40,Diésel,101188.0,120.0,manual,17490,Santiago de Compostela,15703,A Coruña,Santiago de Compostela
Volvo,V40,Diésel,101188.0,120.0,manual,17490,Granollers,8403,Barcelona,Granollers
Volvo,V40,Diésel,101188.0,120.0,manual,17490,Colonia Pablo Iglesias,28520,Madrid,Colonia Pablo Iglesias
Volvo,V40,Diésel,101188.0,120.0,manual,17490,Olèrdola,8734,Barcelona,Olèrdola
Volvo,V40,Diésel,101188.0,120.0,manual,17490,Olèrdola,8734,Barcelona,Olèrdola
Volvo,V40,Diésel,101188.0,120.0,manual,17490,Sant Vicenç de Montalt,8394,Barcelona,Sant Vicenç de Montalt
Volvo,V40,Diésel,101188.0,120.0,manual,17490,Santa Maria del Aguila,4710,Almería,Santa Maria del Aguila
Volvo,V40,Diésel,101188.0,120.0,manual,17490,Valdepeñas,13300,Ciudad Real,Valdepeñas
Volvo,V40,Diésel,101188.0,120.0,manual,17490,Valdepeñas,13300,Ciudad Real,Valdepeñas
Volvo,V40,Diésel,101188.0,120.0,manual,17490,Puerto de Sagunto,46520,Valencia,Puerto de Sagunto
Volvo,V40,Diésel,101188.0,120.0,manual,17490,Estepona,29680,Málaga,Estepona
Volvo,V40,Diésel,101188.0,120.0,manual,17490,Saladar,3700,Alicante,Saladar
Volvo,V40,Diésel,101188.0,120.0,manual,17490,Santafe,18320,Granada,Santafe
Volvo,V40,Diésel,101188.0,120.0,manual,17490,Murcia,30003,Murcia,Murcia
Volvo,V40,Diésel,117000.0,149.0,automatic,17950,Valdefuentes,28939,Madrid,Valdefuentes
Volvo,V40,Diésel,117000.0,149.0,automatic,17950,Valdefuentes,28939,Madrid,Valdefuentes
Volvo,V40,Diésel,101188.0,120.0,manual,17490,Paterna,46980,Valencia,Paterna
Volvo,V40,Diésel,117000.0,149.0,automatic,17950,Burjassot,46100,Valencia,Burjassot
Volvo,V40,Diésel,117000.0,149.0,automatic,17950,Bormujos,41930,Sevilla,Bormujos
Volvo,V40,Diésel,117000.0,149.0,automatic,17950,Terrassa,8223,Barcelona,Terrassa
Volvo,V40,Diésel,101188.0,120.0,manual,17490,Mercabilbao,48970,Bizkaia,Mercabilbao
Volvo,V40,Diésel,101188.0,120.0,manual,17490,Barcelona,8007,Barcelona,Barcelona
Volvo,V40,Diésel,101188.0,120.0,manual,17490,Castello/Castellon de La Plana,12100,Castellón,Castello/Castellon de La Plana
Volvo,V40,Diésel,101188.0,120.0,manual,17490,Hidraulica Santillana,28770,Madrid,Hidraulica Santillana
Volvo,V40,Diésel,101188.0,120.0,manual,17490,Alcobendas,28100,Madrid,Alcobendas
Volvo,V40,Diésel,101188.0,120.0,manual,17490,Alameda del Obispo,14005,Córdoba,Alameda del Obispo
Volvo,V40,Diésel,101188.0,120.0,manual,17490,Torremolinos,29620,Málaga,Torremolinos
Volvo,V40,Diésel,101188.0,120.0,manual,17490,Torremolinos,29620,Málaga,Torremolinos
Volvo,V40,Diésel,101188.0,120.0,manual,17490,Torremolinos,29620,Málaga,Torremolinos
Volvo,V40,Diésel,101188.0,120.0,manual,17490,Albacete,2001,Albacete,Albacete
Volvo,V40,Diésel,101188.0,120.0,manual,17490,Alzira,46600,Valencia,Alzira
Volvo,V40,Diésel,101188.0,120.0,manual,17490,Alzira,46600,Valencia,Alzira
Volvo,V40,Diésel,101188.0,120.0,manual,17490,Alicante,3007,Alicante,Alicante
Volvo,V40,Diésel,101188.0,120.0,manual,17490,Atarrabia,31610,Navarra,Atarrabia
Volvo,V40,Diésel,101188.0,120.0,manual,17490,Alcalá de Guadaíra,41500,Sevilla,Alcalá de Guadaíra
Volvo,V40,Diésel,101188.0,120.0,manual,17490,Zaragoza,50013,Zaragoza,Zaragoza
Audi,Q3,Diésel,64000.0,149.0,manual,576,Valencia,46005,Valencia,Valencia
Audi,Q3,Diésel,109000.0,149.0,manual,552,Sevilla,41018,Sevilla,Sevilla
Audi,Q3,Diésel,64000.0,149.0,manual,314,Barcelona,8007,Barcelona,Barcelona
Audi,Q3,Diésel,64000.0,149.0,manual,572,Barcelona,8007,Barcelona,Barcelona
Audi,Q3,Diésel,112000.0,149.0,manual,601,Barcelona,8007,Barcelona,Barcelona
Audi,Q3,Diésel,109000.0,149.0,manual,548,Madrid,28009,Madrid,Madrid
Audi,Q3,Diésel,91000.0,149.0,manual,614,Barcelona,8009,Barcelona,Barcelona
Audi,Q3,Gasolina,81193.0,150.0,automatic,31800,Santiago de Compostela,15703,A Coruña,Santiago de Compostela
Audi,Q3,Gasolina,81193.0,150.0,automatic,31800,Sant Vicenç de Montalt,8394,Barcelona,Sant Vicenç de Montalt
Audi,Q3,Gasolina,81193.0,150.0,automatic,31800,Ciudad Real,13003,Ciudad Real,Ciudad Real
Audi,Q3,Gasolina,81193.0,150.0,automatic,31800,Mercado Parque Corredor del Henares,28850,Madrid,Mercado Parque Corredor del Henares
Audi,Q3,Gasolina,81193.0,150.0,automatic,31800,Valdepeñas,13300,Ciudad Real,Valdepeñas
Audi,Q3,Gasolina,81193.0,150.0,automatic,31800,Valdepeñas,13300,Ciudad Real,Valdepeñas
Audi,Q3,Gasolina,81193.0,150.0,automatic,31800,Santa Maria del Aguila,4710,Almería,Santa Maria del Aguila
Audi,Q3,Gasolina,81193.0,150.0,automatic,31800,Vigo,36214,Pontevedra,Vigo
Audi,Q3,Gasolina,81193.0,150.0,automatic,31800,Granollers,8403,Barcelona,Granollers
Audi,Q3,Gasolina,81193.0,150.0,automatic,31800,Murcia,30003,Murcia,Murcia
Audi,Q3,Gasolina,81193.0,150.0,automatic,31800,Estepona,29680,Málaga,Estepona
Audi,Q3,Gasolina,81193.0,150.0,automatic,31800,Saladar,3700,Alicante,Saladar
Audi,Q3,Diésel,36233.0,150.0,automatic,37490,Alicante,3010,Alicante,Alicante
Audi,Q3,Diésel,36233.0,150.0,automatic,37490,Alicante,3010,Murcia,Alicante
Audi,Q3,Diésel,109000.0,149.0,manual,22950,Bormujos,41930,Sevilla,Bormujos
Audi,Q3,Diésel,112000.0,149.0,manual,22450,Bormujos,41930,Sevilla,Bormujos
Audi,Q3,Diésel,112000.0,149.0,manual,21450,Bormujos,41930,Sevilla,Bormujos
Audi,Q3,Diésel,36233.0,150.0,automatic,37490,Sevilla,41005,Sevilla,Sevilla
Audi,A3,Gasolina,39981.0,150.0,automatic,22990,Algeciras,11202,Cádiz,Algeciras
Audi,A3,Diésel,168000.0,183.0,automatic,19990,O Birloque,15008,A Coruña,O Birloque
Audi,A3,Diésel,168000.0,183.0,automatic,19990,O Birloque,15008,A Coruña,O Birloque
Audi,Q3,Gasolina,81193.0,150.0,automatic,31800,Barcelona,8007,Barcelona,Barcelona
Audi,Q3,Diésel,36233.0,150.0,automatic,37490,Málaga,29005,Málaga,Málaga
Audi,Q3,Diésel,36233.0,150.0,automatic,37490,Granada,18005,Granada,Granada
Audi,Q3,Diésel,36233.0,150.0,automatic,37490,Vigo,36211,Pontevedra,Vigo
Audi,Q3,Diésel,109000.0,149.0,manual,22950,Valdefuentes,28939,Madrid,Valdefuentes
Audi,Q3,Diésel,109000.0,149.0,manual,22950,Valdefuentes,28939,Madrid,Valdefuentes
Audi,Q3,Diésel,112000.0,149.0,manual,22450,Valdefuentes,28939,Madrid,Valdefuentes
Audi,Q3,Diésel,112000.0,149.0,manual,22450,Valdefuentes,28939,Madrid,Valdefuentes
Audi,Q3,Diésel,112000.0,149.0,manual,21450,Valdefuentes,28939,Madrid,Valdefuentes
Audi,Q3,Diésel,112000.0,149.0,manual,21450,Valdefuentes,28939,Madrid,Valdefuentes
Audi,Q3,Diésel,109000.0,149.0,manual,22950,Terrassa,8223,Barcelona,Terrassa
Audi,Q3,Diésel,112000.0,149.0,manual,22450,Terrassa,8223,Barcelona,Terrassa
Audi,Q3,Diésel,112000.0,149.0,manual,21450,Terrassa,8223,Barcelona,Terrassa
Audi,Q3,Diésel,109000.0,149.0,manual,22950,Burjassot,46100,Valencia,Burjassot
Audi,Q3,Diésel,112000.0,149.0,manual,22450,Burjassot,46100,Valencia,Burjassot
Audi,Q3,Diésel,112000.0,149.0,manual,21450,Burjassot,46100,Valencia,Burjassot
Audi,Q3,Gasolina,78321.0,210.0,automatic,18999,Madrid,28014,Madrid,Madrid
Audi,Q3,Gasolina,78321.0,210.0,automatic,18999,Barcelona,8007,Barcelona,Barcelona
Audi,Q3,Diésel,36233.0,150.0,automatic,37490,Murcia,30005,Murcia,Murcia
Audi,Q3,Diésel,36233.0,150.0,automatic,37490,Bilbao,48004,Bizkaia,Bilbao
Audi,Q3,Diésel,36233.0,150.0,automatic,37490,Valencia,46001,Valencia,Valencia
Audi,A3,Diésel,222778.0,170.0,automatic,9700,La Poveda,28500,Madrid,La Poveda
Audi,A3,Gasolina,95533.0,150.0,automatic,21690,Madrid,28021,Madrid,Madrid
Audi,A3,Gasolina,95533.0,150.0,automatic,20890,Madrid,28021,Madrid,Madrid
Audi,A3,Diésel,42558.0,116.0,automatic,24490,Madrid,28021,Madrid,Madrid
Audi,A3,Diésel,42558.0,116.0,automatic,22990,Madrid,28021,Madrid,Madrid
Audi,A3,Diésel,114377.0,116.0,automatic,18990,Collado Villalba,28400,Madrid,Collado Villalba
Audi,A3,Diésel,114377.0,116.0,automatic,18990,Collado Villalba,28400,Madrid,Collado Villalba
Audi,A3,Diésel,114377.0,116.0,automatic,18990,Alicante,3010,Alicante,Alicante
Audi,A3,Diésel,114377.0,116.0,automatic,18990,Alicante,3010,Murcia,Alicante
Audi,A3,Gasolina,94310.0,150.0,manual,20990,Alicante,3010,Alicante,Alicante
Audi,A3,Gasolina,94310.0,150.0,manual,20990,Alicante,3010,Murcia,Alicante
Audi,A3,Diésel,114377.0,116.0,automatic,18990,Sevilla,41005,Sevilla,Sevilla
Audi,A3,Gasolina,94310.0,150.0,manual,20990,Sevilla,41005,Sevilla,Sevilla
Audi,A3,Diésel,114377.0,116.0,automatic,18990,Málaga,29005,Málaga,Málaga
Audi,A3,Gasolina,94310.0,150.0,manual,20990,Málaga,29005,Málaga,Málaga
Audi,A3,Diésel,114377.0,116.0,automatic,18990,Granada,18005,Granada,Granada
Audi,A3,Gasolina,94310.0,150.0,manual,20990,Granada,18005,Granada,Granada
Audi,A3,Diésel,114377.0,116.0,automatic,18990,Vigo,36211,Pontevedra,Vigo
Audi,A3,Gasolina,94310.0,150.0,manual,20990,Vigo,36211,Pontevedra,Vigo
Audi,A3,Diésel,54333.0,150.0,manual,18199,Barcelona,8007,Barcelona,Barcelona
Audi,A3,Diésel,54333.0,150.0,manual,17799,Barcelona,8007,Barcelona,Barcelona
Audi,A3,Diésel,54333.0,150.0,manual,18199,Madrid,28014,Madrid,Madrid
Audi,A3,Diésel,54333.0,150.0,manual,17799,Madrid,28014,Madrid,Madrid
Audi,A3,Gasolina,71879.0,125.0,manual,11399,Barcelona,8007,Barcelona,Barcelona
Audi,A3,Gasolina,71879.0,125.0,manual,11399,Madrid,28014,Madrid,Madrid
Audi,A3,Diésel,114377.0,116.0,automatic,18990,Murcia,30005,Murcia,Murcia
Audi,A3,Gasolina,94310.0,150.0,manual,20990,Murcia,30005,Murcia,Murcia
Audi,A3,Diésel,114377.0,116.0,automatic,18990,Bilbao,48004,Bizkaia,Bilbao
Audi,A3,Gasolina,94310.0,150.0,manual,20990,Bilbao,48004,Bizkaia,Bilbao
Audi,A3,Diésel,114377.0,116.0,automatic,18990,Valencia,46001,Valencia,Valencia
Audi,A3,Diésel,105024.0,115.0,automatic,19900,Valladolid,47011,Valladolid,Valladolid
Audi,A3,Gasolina,94310.0,150.0,manual,20990,Valencia,46001,Valencia,Valencia
Audi,A3,Diésel,114377.0,116.0,automatic,18990,Almería,4006,Almería,Almería
Audi,A3,Gasolina,94310.0,150.0,manual,20990,Almería,4006,Almería,Almería
Citroen,C3,Gasolina,33000.0,80.0,manual,11990,Molins de Rei,8750,Barcelona,Molins de Rei
Citroen,C3,Diésel,39865.0,99.0,manual,13500,L'Hospitalet de Llobregat,8901,Barcelona,L'Hospitalet de Llobregat
Citroen,C3,Diésel,173370.0,68.0,manual,6490,Fuenlabrada,28943,Madrid,Fuenlabrada
Audi,Q5,Diésel,168165.0,190.0,automatic,31500,Benicarló,12580,Castellón,Benicarló
Audi,Q5,Diésel,99950.0,149.0,manual,28450,Bormujos,41930,Sevilla,Bormujos
Audi,Q5,Diésel,99950.0,149.0,manual,26850,Bormujos,41930,Sevilla,Bormujos
Audi,Q5,Diésel,99950.0,149.0,manual,28450,Valdefuentes,28939,Madrid,Valdefuentes
Audi,Q5,Diésel,99950.0,149.0,manual,28450,Valdefuentes,28939,Madrid,Valdefuentes
Audi,Q5,Diésel,99950.0,149.0,manual,26850,Valdefuentes,28939,Madrid,Valdefuentes
Audi,Q5,Diésel,99950.0,149.0,manual,26850,Valdefuentes,28939,Madrid,Valdefuentes
Audi,Q5,Diésel,99950.0,149.0,manual,28450,Terrassa,8223,Barcelona,Terrassa
Audi,Q5,Diésel,99950.0,149.0,manual,26850,Terrassa,8223,Barcelona,Terrassa
Audi,Q5,Diésel,99950.0,149.0,manual,28450,Burjassot,46100,Valencia,Burjassot
Audi,Q5,Diésel,99950.0,149.0,manual,26850,Burjassot,46100,Valencia,Burjassot
Audi,Q5,Diésel,123000.0,258.0,manual,30990,Las Vegas,14900,Córdoba,Las Vegas
Audi,Q5,Diésel,105000.0,163.0,automatic,34900,Bilbao,48012,Bizkaia,Bilbao
Audi,Q5,Diésel,166000.0,240.0,automatic,14999,Vilatenim,17484,Girona,Vilatenim
Audi,Q5,Diésel,166000.0,240.0,automatic,16500,Vilatenim,17484,Girona,Vilatenim
Audi,Q5,Diésel,83000.0,190.0,automatic,34900,Zaragoza,50001,Zaragoza,Zaragoza
Citroen,C3,Diésel,100000.0,68.0,manual,4200,Móstoles,28938,Madrid,Móstoles
Audi,A6,Diésel,107000.0,217.0,automatic,25950,Bormujos,41930,Sevilla,Bormujos
Audi,A6,Diésel,107000.0,217.0,automatic,25950,Valdefuentes,28939,Madrid,Valdefuentes
Audi,A6,Diésel,107000.0,217.0,automatic,25950,Valdefuentes,28939,Madrid,Valdefuentes
Audi,A6,Diésel,107000.0,217.0,automatic,25950,Terrassa,8223,Barcelona,Terrassa
Audi,A6,Diésel,107000.0,217.0,automatic,25950,Burjassot,46100,Valencia,Burjassot
Audi,A6,Diésel,318000.0,204.0,manual,11495,Los Combos,28938,Madrid,Los Combos
Volvo,XC60,Diésel,82369.0,190.0,automatic,35990,Madrid,28021,Madrid,Madrid
Volvo,XC60,Diésel,232556.0,181.0,automatic,18800,Collado Villalba,28400,Madrid,Collado Villalba
Volvo,XC60,Diésel,232556.0,181.0,automatic,18800,Collado Villalba,28400,Madrid,Collado Villalba
Volvo,XC60,Diésel,165699.0,136.0,automatic,18590,Collado Villalba,28400,Madrid,Collado Villalba
Volvo,XC60,Diésel,165699.0,136.0,automatic,18590,Collado Villalba,28400,Madrid,Collado Villalba
Volvo,XC60,Diésel,232556.0,181.0,automatic,18800,Getafe,28906,Madrid,Getafe
Volvo,XC60,Diésel,165699.0,136.0,automatic,18590,Getafe,28906,Madrid,Getafe
Volvo,XC60,Diésel,156215.0,150.0,manual,21700,Collado Villalba,28400,Madrid,Collado Villalba
Volvo,XC60,Diésel,156215.0,150.0,manual,21700,Collado Villalba,28400,Madrid,Collado Villalba
Volvo,XC60,Diésel,92927.0,150.0,manual,21735,Getafe,28906,Madrid,Getafe
Volvo,XC60,Diésel,92927.0,150.0,manual,21735,Collado Villalba,28400,Madrid,Collado Villalba
Volvo,XC60,Diésel,92927.0,150.0,manual,21735,Collado Villalba,28400,Madrid,Collado Villalba
Volvo,XC60,Diésel,232556.0,181.0,automatic,18800,Las Rozas de Madrid,28232,Madrid,Las Rozas de Madrid
Volvo,XC60,Diésel,165699.0,136.0,automatic,18590,Las Rozas de Madrid,28232,Madrid,Las Rozas de Madrid
Volvo,XC60,Diésel,232556.0,181.0,automatic,18800,Vigo,36214,Pontevedra,Vigo
Volvo,XC60,Diésel,165699.0,136.0,automatic,18590,Vigo,36214,Pontevedra,Vigo
Volvo,XC60,Diésel,69968.0,150.0,automatic,25875,Getafe,28906,Madrid,Getafe
Volvo,XC60,Diésel,232556.0,181.0,automatic,18800,Mercado Parque Corredor del Henares,28850,Madrid,Mercado Parque Corredor del Henares
Volvo,XC60,Diésel,232556.0,181.0,automatic,18800,Ciudad Real,13003,Ciudad Real,Ciudad Real
Volvo,XC60,Diésel,165699.0,136.0,automatic,18590,Mercado Parque Corredor del Henares,28850,Madrid,Mercado Parque Corredor del Henares
Volvo,XC60,Diésel,232556.0,181.0,automatic,18800,Badajoz,6008,Badajoz,Badajoz
Volvo,XC60,Diésel,165699.0,136.0,automatic,18590,Ciudad Real,13003,Ciudad Real,Ciudad Real
Volvo,XC60,Diésel,165699.0,136.0,automatic,18590,Badajoz,6008,Badajoz,Badajoz
Volvo,XC60,Diésel,232556.0,181.0,automatic,18800,Santiago de Compostela,15703,A Coruña,Santiago de Compostela
Volvo,XC60,Diésel,165699.0,136.0,automatic,18590,Santiago de Compostela,15703,A Coruña,Santiago de Compostela
Volvo,XC60,Diésel,232556.0,181.0,automatic,18800,Granollers,8403,Barcelona,Granollers
Volvo,XC60,Diésel,165699.0,136.0,automatic,18590,Granollers,8403,Barcelona,Granollers
Volvo,XC60,Diésel,232556.0,181.0,automatic,18800,Colonia Pablo Iglesias,28520,Madrid,Colonia Pablo Iglesias
Volvo,XC60,Diésel,69968.0,150.0,automatic,25875,Collado Villalba,28400,Madrid,Collado Villalba
Volvo,XC60,Diésel,69968.0,150.0,automatic,25875,Collado Villalba,28400,Madrid,Collado Villalba
Volvo,XC60,Diésel,165699.0,136.0,automatic,18590,Colonia Pablo Iglesias,28520,Madrid,Colonia Pablo Iglesias
Volvo,XC60,Diésel,232556.0,181.0,automatic,18800,Olèrdola,8734,Barcelona,Olèrdola
Volvo,XC60,Diésel,232556.0,181.0,automatic,18800,Olèrdola,8734,Barcelona,Olèrdola
Volvo,XC60,Diésel,165699.0,136.0,automatic,18590,Olèrdola,8734,Barcelona,Olèrdola
Volvo,XC60,Diésel,165699.0,136.0,automatic,18590,Olèrdola,8734,Barcelona,Olèrdola
Volvo,XC60,Diésel,232556.0,181.0,automatic,18800,Sant Vicenç de Montalt,8394,Barcelona,Sant Vicenç de Montalt
Volvo,XC60,Diésel,165699.0,136.0,automatic,18590,Sant Vicenç de Montalt,8394,Barcelona,Sant Vicenç de Montalt
Volvo,XC60,Diésel,232556.0,181.0,automatic,18800,Santa Maria del Aguila,4710,Almería,Santa Maria del Aguila
Volvo,XC60,Diésel,165699.0,136.0,automatic,18590,Santa Maria del Aguila,4710,Almería,Santa Maria del Aguila
Citroen,C3,Gasolina,178000.0,75.0,manual,2699,El Cigarral,29120,Málaga,El Cigarral
Citroen,C3,Diésel,230000.0,70.0,manual,2400,Las Pajanosas,41219,Sevilla,Las Pajanosas
Volvo,XC60,Diésel,232556.0,181.0,automatic,18800,Valdepeñas,13300,Ciudad Real,Valdepeñas
Volvo,XC60,Diésel,232556.0,181.0,automatic,18800,Valdepeñas,13300,Ciudad Real,Valdepeñas
Volvo,XC60,Diésel,232556.0,181.0,automatic,18800,Estepona,29680,Málaga,Estepona
Citroen,C3,Gasolina,72112.0,83.0,manual,13228,Madrid,28009,Madrid,Madrid
Citroen,C3,Gasolina,69000.0,83.0,manual,13790,Madrid,28009,Madrid,Madrid
Volvo,XC60,Diésel,165699.0,136.0,automatic,18590,Valdepeñas,13300,Ciudad Real,Valdepeñas
Volvo,XC60,Diésel,165699.0,136.0,automatic,18590,Valdepeñas,13300,Ciudad Real,Valdepeñas
Citroen,C3,Gasolina,72112.0,83.0,manual,13228,Alcalá de Guadaíra,41500,Sevilla,Alcalá de Guadaíra
Citroen,C3,Gasolina,69000.0,83.0,manual,13790,Alcalá de Guadaíra,41500,Sevilla,Alcalá de Guadaíra
Volvo,XC60,Diésel,232556.0,181.0,automatic,18800,Puerto de Sagunto,46520,Valencia,Puerto de Sagunto
Volvo,XC60,Diésel,165699.0,136.0,automatic,18590,Estepona,29680,Málaga,Estepona
Volvo,XC60,Diésel,165699.0,136.0,automatic,18590,Puerto de Sagunto,46520,Valencia,Puerto de Sagunto
Volvo,XC60,Diésel,232556.0,181.0,automatic,18800,Murcia,30003,Murcia,Murcia
Volvo,XC60,Diésel,232556.0,181.0,automatic,18800,Santafe,18320,Granada,Santafe
Volvo,XC60,Diésel,232556.0,181.0,automatic,18800,Saladar,3700,Alicante,Saladar
Volvo,XC60,Diésel,165699.0,136.0,automatic,18590,Santafe,18320,Granada,Santafe
Volvo,XC60,Diésel,165699.0,136.0,automatic,18590,Murcia,30003,Murcia,Murcia
Volvo,XC60,Diésel,165699.0,136.0,automatic,18590,Saladar,3700,Alicante,Saladar
Volvo,XC60,Diésel,232556.0,181.0,automatic,18800,Paterna,46980,Valencia,Paterna
Volvo,XC60,Diésel,165699.0,136.0,automatic,18590,Paterna,46980,Valencia,Paterna
Volvo,XC60,Diésel,232556.0,181.0,automatic,18800,Mercabilbao,48970,Bizkaia,Mercabilbao
Volvo,XC60,Diésel,165699.0,136.0,automatic,18590,Mercabilbao,48970,Bizkaia,Mercabilbao
Volvo,XC60,Diésel,232556.0,181.0,automatic,18800,Barcelona,8007,Barcelona,Barcelona
Volvo,XC60,Diésel,165699.0,136.0,automatic,18590,Barcelona,8007,Barcelona,Barcelona
Volvo,XC60,Diésel,232556.0,181.0,automatic,18800,Alcobendas,28100,Madrid,Alcobendas
Volvo,XC60,Diésel,232556.0,181.0,automatic,18800,Hidraulica Santillana,28770,Madrid,Hidraulica Santillana
Volvo,XC60,Diésel,232556.0,181.0,automatic,18800,Castello/Castellon de La Plana,12100,Castellón,Castello/Castellon de La Plana
Volvo,XC60,Diésel,232556.0,181.0,automatic,18800,Torremolinos,29620,Málaga,Torremolinos
Volvo,XC60,Diésel,232556.0,181.0,automatic,18800,Torremolinos,29620,Málaga,Torremolinos
Volvo,XC60,Diésel,232556.0,181.0,automatic,18800,Torremolinos,29620,Málaga,Torremolinos
Volvo,XC60,Diésel,232556.0,181.0,automatic,18800,Alameda del Obispo,14005,Córdoba,Alameda del Obispo
Volvo,XC60,Diésel,232556.0,181.0,automatic,18800,Alzira,46600,Valencia,Alzira
Volvo,XC60,Diésel,232556.0,181.0,automatic,18800,Alzira,46600,Valencia,Alzira
Volvo,XC60,Diésel,232556.0,181.0,automatic,18800,Albacete,2001,Albacete,Albacete
Volvo,XC60,Diésel,232556.0,181.0,automatic,18800,Alicante,3007,Alicante,Alicante
Volvo,XC60,Diésel,165699.0,136.0,automatic,18590,Hidraulica Santillana,28770,Madrid,Hidraulica Santillana
Citroen,C3,Gasolina,72112.0,83.0,manual,13228,Málaga,29004,Málaga,Málaga
Citroen,C3,Gasolina,69000.0,83.0,manual,13790,Málaga,29004,Málaga,Málaga
Citroen,C3,Gasolina,94000.0,82.0,manual,10500,Calonge,17251,Girona,Calonge
Citroen,C3,Diésel,120000.0,70.0,manual,4100,Fuengirola,29640,Málaga,Fuengirola
Citroen,C3,Gasolina,7000.0,83.0,manual,16999,Alcalá de Guadaíra,41500,Sevilla,Alcalá de Guadaíra
Audi,A3,Diésel,258853.0,105.0,manual,5499,Móstoles,28936,Madrid,Móstoles
Volvo,XC60,Diésel,165699.0,136.0,automatic,18590,Castello/Castellon de La Plana,12100,Castellón,Castello/Castellon de La Plana
Volvo,XC60,Diésel,165699.0,136.0,automatic,18590,Alameda del Obispo,14005,Córdoba,Alameda del Obispo
Volvo,XC60,Diésel,165699.0,136.0,automatic,18590,Alcobendas,28100,Madrid,Alcobendas
Volvo,XC60,Diésel,165699.0,136.0,automatic,18590,Torremolinos,29620,Málaga,Torremolinos
Volvo,XC60,Diésel,165699.0,136.0,automatic,18590,Torremolinos,29620,Málaga,Torremolinos
Volvo,XC60,Diésel,165699.0,136.0,automatic,18590,Torremolinos,29620,Málaga,Torremolinos
Volvo,XC60,Diésel,165699.0,136.0,automatic,18590,Albacete,2001,Albacete,Albacete
Volvo,XC60,Diésel,165699.0,136.0,automatic,18590,Alicante,3007,Alicante,Alicante
Volvo,XC60,Diésel,165699.0,136.0,automatic,18590,Alzira,46600,Valencia,Alzira
Volvo,XC60,Diésel,165699.0,136.0,automatic,18590,Alzira,46600,Valencia,Alzira
Volvo,XC60,Diésel,232556.0,181.0,automatic,18800,Zaragoza,50013,Zaragoza,Zaragoza
Volvo,XC60,Diésel,232556.0,181.0,automatic,18800,Alcalá de Guadaíra,41500,Sevilla,Alcalá de Guadaíra
Volvo,XC60,Diésel,232556.0,181.0,automatic,18800,Atarrabia,31610,Navarra,Atarrabia
Volvo,XC60,Diésel,165699.0,136.0,automatic,18590,Atarrabia,31610,Navarra,Atarrabia
Volvo,XC60,Diésel,92927.0,150.0,manual,21735,Barcelona,8007,Barcelona,Barcelona
Volvo,XC60,Diésel,165699.0,136.0,automatic,18590,Alcalá de Guadaíra,41500,Sevilla,Alcalá de Guadaíra
Volvo,XC60,Diésel,165699.0,136.0,automatic,18590,Zaragoza,50013,Zaragoza,Zaragoza
Volvo,XC60,Diésel,69968.0,150.0,automatic,25875,Barcelona,8007,Barcelona,Barcelona
Volvo,XC60,Diésel,70000.0,190.0,automatic,29990,Mérida,6800,Badajoz,Mérida
Volvo,XC60,Diésel,69200.0,190.0,automatic,35500,Lora del Río,41440,Sevilla,Lora del Río
Volvo,XC60,Diésel,69200.0,190.0,automatic,35500,Lora del Río,41440,Sevilla,Lora del Río
Volvo,XC60,Diésel,55000.0,190.0,automatic,31900,Mataró,8302,Barcelona,Mataró
Citroen,C3,Diésel,229000.0,70.0,manual,1490,Coslada,28823,Madrid,Coslada
Citroen,C3,Gasolina,36000.0,83.0,manual,15500,Ajalvir,28864,Madrid,Ajalvir
Audi,A1,Diésel,22000.0,89.0,manual,484,Valencia,46005,Valencia,Valencia
Audi,A1,Gasolina,75000.0,95.0,manual,415,Sevilla,41018,Sevilla,Sevilla
Audi,A1,Gasolina,30138.0,150.0,automatic,25990,Madrid,28021,Madrid,Madrid
Audi,A1,Diésel,51680.0,90.0,manual,11990,Collado Villalba,28400,Madrid,Collado Villalba
Audi,A1,Diésel,51680.0,90.0,manual,11990,Collado Villalba,28400,Madrid,Collado Villalba
Audi,A1,Diésel,51680.0,90.0,manual,11990,Alicante,3010,Alicante,Alicante
Audi,A1,Diésel,51680.0,90.0,manual,11990,Alicante,3010,Murcia,Alicante
Audi,A1,Diésel,51680.0,90.0,manual,11990,Sevilla,41005,Sevilla,Sevilla
Audi,A1,Diésel,51680.0,90.0,manual,11990,Granada,18005,Granada,Granada
Audi,A1,Diésel,51680.0,90.0,manual,11990,Vigo,36211,Pontevedra,Vigo
Audi,A1,Diésel,51680.0,90.0,manual,11990,Málaga,29005,Málaga,Málaga
Audi,A1,Diésel,51680.0,90.0,manual,11990,Murcia,30005,Murcia,Murcia
Audi,A1,Diésel,51680.0,90.0,manual,11990,Bilbao,48004,Bizkaia,Bilbao
Audi,A1,Diésel,51680.0,90.0,manual,11990,Valencia,46001,Valencia,Valencia
Audi,A1,Gasolina,87281.0,95.0,manual,15100,A Coruña,15003,A Coruña,A Coruña
Audi,A1,Diésel,51680.0,90.0,manual,11990,Almería,4006,Almería,Almería
Audi,A1,Diésel,51680.0,90.0,manual,11990,Fuenlabrada,28947,Madrid,Fuenlabrada
Audi,A1,Diésel,51680.0,90.0,manual,11990,Camarma de Esteruelas,28816,Madrid,Camarma de Esteruelas
Audi,A1,Diésel,51680.0,90.0,manual,11990,Camarma de Esteruelas,28816,Madrid,Camarma de Esteruelas
Audi,A1,Diésel,51680.0,90.0,manual,11990,Las Rozas de Madrid,28232,Madrid,Las Rozas de Madrid
Audi,A1,Diésel,51680.0,90.0,manual,11990,Colonia Pablo Iglesias,28520,Madrid,Colonia Pablo Iglesias
Audi,A1,Diésel,51680.0,90.0,manual,11990,Toledo,45002,Toledo,Toledo
Audi,A1,Diésel,51680.0,90.0,manual,11990,Villaviciosa de Odón,28670,Madrid,Villaviciosa de Odón
Audi,A1,Diésel,51680.0,90.0,manual,11990,Urbanizacion La Granjilla,28700,Madrid,Urbanizacion La Granjilla
Audi,A1,Gasolina,30528.0,116.0,manual,19690,Pontevedra,36161,Pontevedra,Pontevedra
Audi,A1,Gasolina,87281.0,95.0,manual,15100,Alicante,3001,Alicante,Alicante
Audi,A1,Gasolina,87281.0,95.0,manual,15100,Málaga,29015,Málaga,Málaga
BMW,X2,Diésel,33975.0,150.0,automatic,27900,Riba-Roja de Turia,46190,Valencia,Riba-Roja de Turia
BMW,X2,Diésel,139000.0,150.0,automatic,22490,Manises,46940,Valencia,Manises
BMW,X5,Diésel,85000.0,258.0,automatic,35900,Alzira,46600,Valencia,Alzira
BMW,X5,Diésel,85000.0,258.0,automatic,35900,Alzira,46600,Valencia,Alzira
Citroen,C3,Gasolina,6288.0,82.0,manual,13399,Madrid,28014,Madrid,Madrid
Citroen,C3,Gasolina,6288.0,82.0,manual,13399,Barcelona,8007,Barcelona,Barcelona
Citroen,C3,Gasolina,12579.0,68.0,manual,11990,Murcia,30005,Murcia,Murcia
Citroen,C3,Gasolina,12579.0,68.0,manual,11990,Bilbao,48004,Bizkaia,Bilbao
Citroen,C3,Gasolina,48850.0,110.0,automatic,13990,Valencia,46001,Valencia,Valencia
Citroen,C3,Gasolina,48850.0,110.0,automatic,13990,Almería,4006,Almería,Almería
Citroen,C3,Gasolina,12579.0,68.0,manual,11990,Valencia,46001,Valencia,Valencia
Citroen,C3,Gasolina,12579.0,68.0,manual,11990,Almería,4006,Almería,Almería
Citroen,C3,Gasolina,12579.0,68.0,manual,11990,Cáceres,10001,Cáceres,Cáceres
Citroen,C3,Gasolina,48850.0,110.0,automatic,13990,Palma de Mallorca,7003,Baleares,Palma de Mallorca
Citroen,C3,Gasolina,12579.0,68.0,manual,11990,Córdoba,14003,Córdoba,Córdoba
Citroen,C3,Gasolina,48850.0,110.0,automatic,13990,Palau-Solita I Plegamans,8184,Barcelona,Palau-Solita I Plegamans
Citroen,C3,Gasolina,48850.0,110.0,automatic,13990,Palau-Solita I Plegamans,8184,Barcelona,Palau-Solita I Plegamans
Citroen,C3,Diésel,1.0,102.0,manual,16499,Bilbao,48006,Bizkaia,Bilbao
Citroen,C3,Gasolina,48850.0,110.0,automatic,13990,Òrrius,8317,Barcelona,Òrrius
Citroen,C3,Gasolina,48850.0,110.0,automatic,13990,Tarragona,43006,Tarragona,Tarragona
Citroen,C3,Gasolina,48850.0,110.0,automatic,13990,Ullastrell,8231,Barcelona,Ullastrell
Citroen,C3,Gasolina,48850.0,110.0,automatic,13990,Girona,17007,Girona,Girona
Citroen,C3,Gasolina,12579.0,68.0,manual,11990,Badajoz,6003,Badajoz,Badajoz
Citroen,C3,Gasolina,12579.0,68.0,manual,11990,Sevilla,41017,Sevilla,Sevilla
Citroen,C3,Gasolina,12579.0,68.0,manual,11990,Huelva,21004,Huelva,Huelva
Citroen,C3,Gasolina,74804.0,88.0,automatic,7990,Alzira,46600,Valencia,Alzira
Citroen,C3,Gasolina,74804.0,88.0,automatic,7990,Alzira,46600,Valencia,Alzira
Audi,A4,Gasolina,122692.0,150.0,manual,2790,Madrid,28026,Madrid,Madrid
Audi,A4,Gasolina,107423.0,150.0,manual,24900,Palafolls,8389,Barcelona,Palafolls
Audi,A4,Diésel,94540.0,150.0,automatic,23990,Madrid,28021,Madrid,Madrid
Audi,A4,Diésel,94540.0,150.0,automatic,23490,Madrid,28021,Madrid,Madrid
Audi,A4,Gasolina,138797.0,210.0,automatic,13099,Madrid,28014,Madrid,Madrid
Audi,A4,Gasolina,138797.0,210.0,automatic,12899,Madrid,28014,Madrid,Madrid
Audi,A4,Gasolina,138797.0,210.0,automatic,13099,Barcelona,8007,Barcelona,Barcelona
Audi,A4,Gasolina,138797.0,210.0,automatic,12899,Barcelona,8007,Barcelona,Barcelona
Audi,A4,Diésel,110837.0,135.0,manual,14499,Madrid,28014,Madrid,Madrid
Audi,A4,Diésel,110837.0,135.0,manual,14199,Madrid,28014,Madrid,Madrid
Audi,A4,Diésel,72896.0,150.0,automatic,24990,Poligono Industrial San Fernando,28830,Madrid,Poligono Industrial San Fernando
Audi,A4,Diésel,72896.0,150.0,automatic,24990,Molino de La Hoz,28290,Madrid,Molino de La Hoz
Audi,A4,Diésel,72896.0,150.0,automatic,24990,Pontevedra,36161,Pontevedra,Pontevedra
Audi,A4,Diésel,160385.0,163.0,manual,4890,Sevilla,41006,Sevilla,Sevilla
Citroen,C3,Gasolina,100000.0,73.0,manual,3000,Badajoz,6009,Badajoz,Badajoz
Citroen,C3,Diésel,131000.0,70.0,manual,2995,Badalona,8917,Barcelona,Badalona
Audi,A1,Gasolina,40000.0,116.0,manual,17900,Motril,18600,Granada,Motril
Citroen,C3,Gasolina,36500.0,82.0,manual,15900,Mairena del Aljarafe,41927,Sevilla,Mairena del Aljarafe
Citroen,C3,Diésel,320000.0,70.0,manual,1800,Oviedo,33002,Asturias,Oviedo
Audi,Q7,Diésel,217000.0,326.0,automatic,15890,Barcelona,8007,Barcelona,Barcelona
Audi,Q7,Diésel,217000.0,326.0,automatic,15890,Zaragoza,50018,Zaragoza,Zaragoza
Audi,Q7,Diésel,187000.0,233.0,automatic,11990,Sevilla,41003,Sevilla,Sevilla
Citroen,C3,Gasolina,68080.0,83.0,manual,15900,Mairena del Aljarafe,41927,Sevilla,Mairena del Aljarafe
Volvo,V60,Diésel,96000.0,149.0,manual,235,Madrid,28009,Madrid,Madrid
Volvo,V60,Diésel,96000.0,149.0,manual,491,Valencia,46005,Valencia,Valencia
Volvo,V60,Diésel,99950.0,149.0,manual,488,Valencia,46005,Valencia,Valencia
Volvo,V60,Diésel,69049.0,149.0,automatic,25950,Valdefuentes,28939,Madrid,Valdefuentes
Volvo,V60,Diésel,69049.0,149.0,automatic,25950,Valdefuentes,28939,Madrid,Valdefuentes
Volvo,V60,Diésel,69049.0,149.0,automatic,25950,Burjassot,46100,Valencia,Burjassot
Volvo,V60,Diésel,69049.0,149.0,automatic,25950,Bormujos,41930,Sevilla,Bormujos
Volvo,V60,Diésel,69049.0,149.0,automatic,25950,Terrassa,8223,Barcelona,Terrassa
Volvo,V60,Diésel,115000.0,149.0,automatic,26450,Valdefuentes,28939,Madrid,Valdefuentes
Volvo,V60,Diésel,115000.0,149.0,automatic,26450,Valdefuentes,28939,Madrid,Valdefuentes
Volvo,V60,Diésel,112000.0,149.0,automatic,26450,Valdefuentes,28939,Madrid,Valdefuentes
Volvo,V60,Diésel,112000.0,149.0,automatic,26450,Valdefuentes,28939,Madrid,Valdefuentes
Volvo,V60,Diésel,91000.0,149.0,manual,26850,Valdefuentes,28939,Madrid,Valdefuentes
Volvo,V60,Diésel,91000.0,149.0,manual,26850,Valdefuentes,28939,Madrid,Valdefuentes
Volvo,V60,Diésel,121000.0,190.0,automatic,26850,Valdefuentes,28939,Madrid,Valdefuentes
Volvo,V60,Diésel,121000.0,190.0,automatic,26850,Valdefuentes,28939,Madrid,Valdefuentes
Volvo,V60,Diésel,112000.0,119.0,manual,15950,Valdefuentes,28939,Madrid,Valdefuentes
Volvo,V60,Diésel,112000.0,119.0,manual,15950,Valdefuentes,28939,Madrid,Valdefuentes
Volvo,V60,Diésel,91000.0,149.0,manual,26850,Burjassot,46100,Valencia,Burjassot
Volvo,V60,Diésel,91000.0,149.0,manual,26850,Terrassa,8223,Barcelona,Terrassa
Volvo,V60,Diésel,91000.0,149.0,manual,26850,Bormujos,41930,Sevilla,Bormujos
Volvo,V60,Diésel,112000.0,149.0,automatic,26450,Terrassa,8223,Barcelona,Terrassa
Volvo,V60,Diésel,112000.0,149.0,automatic,26450,Bormujos,41930,Sevilla,Bormujos
Volvo,V60,Diésel,121000.0,190.0,automatic,26850,Burjassot,46100,Valencia,Burjassot
Volvo,V60,Diésel,115000.0,149.0,automatic,26450,Bormujos,41930,Sevilla,Bormujos
Volvo,V60,Diésel,121000.0,190.0,automatic,26850,Bormujos,41930,Sevilla,Bormujos
Volvo,V60,Diésel,112000.0,149.0,automatic,26450,Burjassot,46100,Valencia,Burjassot
Volvo,V60,Diésel,115000.0,149.0,automatic,26450,Burjassot,46100,Valencia,Burjassot
Volvo,V60,Diésel,115000.0,149.0,automatic,26450,Terrassa,8223,Barcelona,Terrassa
Volvo,V60,Diésel,121000.0,190.0,automatic,26850,Terrassa,8223,Barcelona,Terrassa
Volvo,V60,Diésel,112000.0,119.0,manual,15950,Bormujos,41930,Sevilla,Bormujos
Volvo,V60,Diésel,112000.0,119.0,manual,15950,Terrassa,8223,Barcelona,Terrassa
Volvo,V60,Diésel,112000.0,119.0,manual,15950,Burjassot,46100,Valencia,Burjassot
Volvo,V60,Diésel,162000.0,150.0,automatic,17900,Don Benito,6400,Badajoz,Don Benito
Citroen,C3,Diésel,130700.0,70.0,manual,3500,Bertamirans,15220,A Coruña,Bertamirans
Citroen,C3,Diésel,75727.0,100.0,manual,13900,Aldea Nova,15220,A Coruña,Aldea Nova
Citroen,C3,Gasolina,37431.0,82.0,manual,14490,L'Hospitalet de Llobregat,8901,Barcelona,L'Hospitalet de Llobregat
Citroen,C3,Gasolina,46608.0,83.0,manual,15200,L'Hospitalet de Llobregat,8901,Barcelona,L'Hospitalet de Llobregat
Citroen,C4 Picasso,Gasolina,154810.0,130.0,manual,13570,Santiago de Compostela,15703,A Coruña,Santiago de Compostela
Citroen,C4 Picasso,Gasolina,122228.0,165.0,automatic,15900,Santiago de Compostela,15703,A Coruña,Santiago de Compostela
Citroen,C4 Picasso,Gasolina,154810.0,130.0,manual,13570,Sant Vicenç de Montalt,8394,Barcelona,Sant Vicenç de Montalt
Citroen,C4 Picasso,Gasolina,122228.0,165.0,automatic,15900,Sant Vicenç de Montalt,8394,Barcelona,Sant Vicenç de Montalt
Citroen,C4 Picasso,Diésel,149290.0,150.0,automatic,13690,Madrid,28021,Madrid,Madrid
Citroen,C4 Picasso,Gasolina,154810.0,130.0,manual,13570,Ciudad Real,13003,Ciudad Real,Ciudad Real
Citroen,C4 Picasso,Gasolina,122228.0,165.0,automatic,15900,Ciudad Real,13003,Ciudad Real,Ciudad Real
Citroen,C4 Picasso,Gasolina,154810.0,130.0,manual,13570,Mercado Parque Corredor del Henares,28850,Madrid,Mercado Parque Corredor del Henares
Citroen,C4 Picasso,Gasolina,122228.0,165.0,automatic,15900,Mercado Parque Corredor del Henares,28850,Madrid,Mercado Parque Corredor del Henares
Citroen,C4 Picasso,Gasolina,154810.0,130.0,manual,13570,Santa Maria del Aguila,4710,Almería,Santa Maria del Aguila
Citroen,C4 Picasso,Gasolina,122228.0,165.0,automatic,15900,Santa Maria del Aguila,4710,Almería,Santa Maria del Aguila
Citroen,C4 Picasso,Gasolina,122228.0,165.0,automatic,15900,Valdepeñas,13300,Ciudad Real,Valdepeñas
Citroen,C4 Picasso,Gasolina,122228.0,165.0,automatic,15900,Valdepeñas,13300,Ciudad Real,Valdepeñas
Citroen,C4 Picasso,Gasolina,122228.0,165.0,automatic,15900,Vigo,36214,Pontevedra,Vigo
Citroen,C4 Picasso,Gasolina,122228.0,165.0,automatic,15900,Granollers,8403,Barcelona,Granollers
Citroen,C4 Picasso,Gasolina,122228.0,165.0,automatic,15900,Murcia,30003,Murcia,Murcia
Citroen,C4 Picasso,Gasolina,122228.0,165.0,automatic,15900,Saladar,3700,Alicante,Saladar
Citroen,C4 Picasso,Gasolina,122228.0,165.0,automatic,15900,Estepona,29680,Málaga,Estepona
Citroen,C4 Picasso,Gasolina,154810.0,130.0,manual,13570,Barcelona,8007,Barcelona,Barcelona
Citroen,C4 Picasso,Gasolina,122228.0,165.0,automatic,15900,Barcelona,8007,Barcelona,Barcelona
Citroen,C4 Picasso,Gasolina,66065.0,120.0,manual,12599,Madrid,28014,Madrid,Madrid
Citroen,C4 Picasso,Gasolina,66065.0,120.0,manual,12599,Barcelona,8007,Barcelona,Barcelona
Citroen,C4 Picasso,Gasolina,145292.0,120.0,manual,7299,Madrid,28014,Madrid,Madrid
Citroen,C4 Picasso,Gasolina,145292.0,120.0,manual,7299,Barcelona,8007,Barcelona,Barcelona
Citroen,C4 Picasso,Gasolina,154810.0,130.0,manual,13570,Olèrdola,8734,Barcelona,Olèrdola
Citroen,C4 Picasso,Gasolina,154810.0,130.0,manual,13570,Olèrdola,8734,Barcelona,Olèrdola
Citroen,C4 Picasso,Gasolina,122228.0,165.0,automatic,15900,Olèrdola,8734,Barcelona,Olèrdola
Citroen,C4 Picasso,Gasolina,122228.0,165.0,automatic,15900,Olèrdola,8734,Barcelona,Olèrdola
Citroen,C4 Picasso,Diésel,54420.0,150.0,automatic,18500,L'Hospitalet de Llobregat,8901,Barcelona,L'Hospitalet de Llobregat
Citroen,C4 Picasso,Gasolina,154810.0,130.0,manual,13570,Alzira,46600,Valencia,Alzira
Citroen,C4 Picasso,Gasolina,154810.0,130.0,manual,13570,Alzira,46600,Valencia,Alzira
Citroen,C4 Picasso,Gasolina,154810.0,130.0,manual,13570,Castello/Castellon de La Plana,12100,Castellón,Castello/Castellon de La Plana
Citroen,C4 Picasso,Gasolina,154810.0,130.0,manual,13570,Alicante,3007,Alicante,Alicante
Citroen,C4 Picasso,Diésel,96530.0,120.0,manual,11440,Palma de Mallorca,7003,Baleares,Palma de Mallorca
Citroen,C4 Picasso,Gasolina,154810.0,130.0,manual,13570,Puerto de Sagunto,46520,Valencia,Puerto de Sagunto
Citroen,C4 Picasso,Gasolina,154810.0,130.0,manual,13570,Mercabilbao,48970,Bizkaia,Mercabilbao
Citroen,C4 Picasso,Gasolina,122228.0,165.0,automatic,15900,Alzira,46600,Valencia,Alzira
Citroen,C4 Picasso,Gasolina,122228.0,165.0,automatic,15900,Alzira,46600,Valencia,Alzira
Citroen,C4 Picasso,Gasolina,122228.0,165.0,automatic,15900,Castello/Castellon de La Plana,12100,Castellón,Castello/Castellon de La Plana
Citroen,C4 Picasso,Gasolina,122228.0,165.0,automatic,15900,Albacete,2001,Albacete,Albacete
Citroen,C4 Picasso,Gasolina,122228.0,165.0,automatic,15900,Badajoz,6008,Badajoz,Badajoz
Citroen,C3,Gasolina,90000.0,75.0,manual,3990,Arriaga,1013,Álava,Arriaga
Citroen,C3,Gasolina,27362.0,83.0,manual,14900,Collado Villalba,28400,Madrid,Collado Villalba
Citroen,C3,Gasolina,27362.0,83.0,manual,14900,Collado Villalba,28400,Madrid,Collado Villalba
Mercedes-Benz,Clase A,Gasolina,99299.0,156.0,manual,26900,Riba-Roja de Turia,46190,Valencia,Riba-Roja de Turia
Mercedes-Benz,Clase A,Diésel,85000.0,136.0,automatic,21850,Granollers,8401,Barcelona,Granollers
Mercedes-Benz,Clase A,Diésel,98000.0,116.0,manual,26499,Catarroja,46470,Valencia,Catarroja
Mercedes-Benz,Clase A,Diésel,98000.0,116.0,manual,26499,Catarroja,46470,Valencia,Catarroja
Mercedes-Benz,Clase A,Diésel,98000.0,116.0,manual,26499,Catarroja,46470,Valencia,Catarroja
Mercedes-Benz,Clase A,Diésel,98000.0,116.0,manual,26499,Catarroja,46470,Valencia,Catarroja
Citroen,C3,Gasolina,31193.0,110.0,manual,16990,San Fernando de Henares,28830,Madrid,San Fernando de Henares
Citroen,C3,Gasolina,23921.0,110.0,manual,16495,Alicante,3010,Alicante,Alicante
Citroen,C3,Gasolina,23921.0,110.0,manual,16495,Alicante,3010,Murcia,Alicante
Citroen,C3,Gasolina,31193.0,110.0,manual,16990,Fortiñon,15168,A Coruña,Fortiñon
Citroen,C3,Gasolina,31193.0,110.0,manual,16990,Pontevedra,36161,Pontevedra,Pontevedra
Citroen,C3,Gasolina,31193.0,110.0,manual,16990,Molino de La Hoz,28290,Madrid,Molino de La Hoz
Citroen,C3,Gasolina,31193.0,110.0,manual,16990,Santiago de Compostela,15890,A Coruña,Santiago de Compostela
Citroen,C3,Gasolina,56861.0,110.0,automatic,15870,Alcalá de Guadaíra,41500,Sevilla,Alcalá de Guadaíra
Citroen,C3,Gasolina,56861.0,110.0,automatic,15870,Puerto de Sagunto,46520,Valencia,Puerto de Sagunto
Citroen,C3,Gasolina,56861.0,110.0,automatic,15870,Mercabilbao,48970,Bizkaia,Mercabilbao
Citroen,C3,Gasolina,56861.0,110.0,automatic,15870,Santafe,18320,Granada,Santafe
Citroen,C3,Gasolina,56861.0,110.0,automatic,15870,Hidraulica Santillana,28770,Madrid,Hidraulica Santillana
Citroen,C3,Gasolina,56861.0,110.0,automatic,15870,Alcobendas,28100,Madrid,Alcobendas
Citroen,C3,Gasolina,56861.0,110.0,automatic,15870,Albacete,2001,Albacete,Albacete
Citroen,C3,Gasolina,56861.0,110.0,automatic,15870,Alzira,46600,Valencia,Alzira
Citroen,C3,Gasolina,56861.0,110.0,automatic,15870,Alzira,46600,Valencia,Alzira
Citroen,C3,Gasolina,56861.0,110.0,automatic,15870,Castello/Castellon de La Plana,12100,Castellón,Castello/Castellon de La Plana
Citroen,C3,Gasolina,56861.0,110.0,automatic,15870,Alicante,3007,Alicante,Alicante
Citroen,C3,Gasolina,57300.0,82.0,manual,8990,Palau-Solita I Plegamans,8184,Barcelona,Palau-Solita I Plegamans
Citroen,C3,Gasolina,57300.0,82.0,manual,8990,Palau-Solita I Plegamans,8184,Barcelona,Palau-Solita I Plegamans
Citroen,C3,Gasolina,56861.0,110.0,automatic,15870,Getafe,28906,Madrid,Getafe
Citroen,C3,Gasolina,56861.0,110.0,automatic,15870,Alameda del Obispo,14005,Córdoba,Alameda del Obispo
Citroen,C3,Gasolina,56861.0,110.0,automatic,15870,Torremolinos,29620,Málaga,Torremolinos
Citroen,C3,Gasolina,56861.0,110.0,automatic,15870,Torremolinos,29620,Málaga,Torremolinos
Citroen,C3,Gasolina,56861.0,110.0,automatic,15870,Torremolinos,29620,Málaga,Torremolinos
Citroen,C3,Gasolina,56861.0,110.0,automatic,15870,Santiago de Compostela,15703,A Coruña,Santiago de Compostela
Citroen,C3,Gasolina,29749.0,83.0,manual,15600,Alfafar,46910,Valencia,Alfafar
Citroen,C3,Gasolina,29749.0,83.0,manual,15600,Alfafar,46910,Valencia,Alfafar
Citroen,C3,Gasolina,29749.0,83.0,manual,15600,Alfafar,46910,Valencia,Alfafar
Citroen,C3,Gasolina,29749.0,83.0,manual,15600,Alfafar,46910,Valencia,Alfafar
Citroen,C3,Diésel,99000.0,99.0,manual,11499,Parla,28980,Madrid,Parla
Citroen,C3,Diésel,150000.0,73.0,manual,2999,San Martin,28939,Madrid,San Martin
Citroen,C3,Diésel,150000.0,73.0,manual,2999,San Martin,28939,Madrid,San Martin
Citroen,C3,Diésel,91546.0,70.0,automatic,4890,Cunit,43881,Tarragona,Cunit
Citroen,C3,Diésel,134000.0,70.0,manual,2699,Las Norias de Daza,4716,Almería,Las Norias de Daza
Citroen,C3,Diésel,99000.0,70.0,manual,6490,Valencia,46009,Valencia,Valencia
Hyundai,Tucson,Diésel,93000.0,115.0,manual,19500,Coria,10800,Cáceres,Coria
Citroen,C3,Gasolina,27000.0,110.0,manual,15900,Zaragoza,50001,Zaragoza,Zaragoza
Hyundai,i30,Diésel,59266.0,95.0,manual,16000,Málaga,29003,Málaga,Málaga
Hyundai,i30,Diésel,59266.0,95.0,manual,16500,Málaga,29003,Málaga,Málaga
Hyundai,i30,Gasolina,39000.0,250.0,manual,25999,Villares de la Reina,37184,Salamanca,Villares de la Reina
Citroen,C3,Diésel,160000.0,68.0,manual,4900,Móstoles,28938,Madrid,Móstoles
Citroen,C3,Diésel,25000.0,102.0,manual,16900,Zaragoza,50001,Zaragoza,Zaragoza
Renault,Espace,Diésel,159990.0,160.0,automatic,16200,Valencia,46001,Valencia,Valencia
Renault,Espace,Diésel,132800.0,160.0,automatic,17990,Valencia,46001,Valencia,Valencia
Renault,Espace,Diésel,159990.0,160.0,automatic,16200,Granada,18005,Granada,Granada
Renault,Espace,Diésel,159990.0,160.0,automatic,16200,Murcia,30005,Murcia,Murcia
Renault,Espace,Diésel,159990.0,160.0,automatic,16200,Alicante,3010,Alicante,Alicante
Renault,Espace,Diésel,159990.0,160.0,automatic,16200,Alicante,3010,Murcia,Alicante
Renault,Espace,Diésel,132800.0,160.0,automatic,17990,Granada,18005,Granada,Granada
Renault,Espace,Diésel,159990.0,160.0,automatic,16200,Vigo,36211,Pontevedra,Vigo
Renault,Espace,Diésel,132800.0,160.0,automatic,17990,Alicante,3010,Alicante,Alicante
Renault,Espace,Diésel,132800.0,160.0,automatic,17990,Alicante,3010,Murcia,Alicante
Renault,Espace,Diésel,132800.0,160.0,automatic,17990,Murcia,30005,Murcia,Murcia
Renault,Espace,Diésel,132800.0,160.0,automatic,17990,Vigo,36211,Pontevedra,Vigo
Renault,Espace,Diésel,159990.0,160.0,automatic,16200,Sevilla,41005,Sevilla,Sevilla
Renault,Espace,Diésel,83800.0,160.0,automatic,23490,Málaga,29005,Málaga,Málaga
Renault,Espace,Diésel,159990.0,160.0,automatic,16200,Málaga,29005,Málaga,Málaga
Renault,Espace,Diésel,132800.0,160.0,automatic,17990,Sevilla,41005,Sevilla,Sevilla
Renault,Espace,Diésel,132800.0,160.0,automatic,17990,Málaga,29005,Málaga,Málaga
Renault,Espace,Diésel,159990.0,160.0,automatic,16200,Camarma de Esteruelas,28816,Madrid,Camarma de Esteruelas
Renault,Espace,Diésel,159990.0,160.0,automatic,16200,Camarma de Esteruelas,28816,Madrid,Camarma de Esteruelas
Renault,Espace,Diésel,159990.0,160.0,automatic,16200,Bilbao,48004,Bizkaia,Bilbao
Renault,Espace,Diésel,132800.0,160.0,automatic,17990,Bilbao,48004,Bizkaia,Bilbao
Renault,Espace,Diésel,159990.0,160.0,automatic,16200,Almería,4006,Almería,Almería
Renault,Espace,Diésel,159990.0,160.0,automatic,16200,Colonia Pablo Iglesias,28520,Madrid,Colonia Pablo Iglesias
Renault,Espace,Diésel,159990.0,160.0,automatic,16200,Las Rozas de Madrid,28232,Madrid,Las Rozas de Madrid
Renault,Espace,Diésel,159990.0,160.0,automatic,16200,Fuenlabrada,28947,Madrid,Fuenlabrada
Renault,Espace,Diésel,132800.0,160.0,automatic,17990,Almería,4006,Almería,Almería
Audi,Q5,Diésel,460000.0,240.0,manual,8995,Barcelona,8014,Barcelona,Barcelona
Renault,Espace,Diésel,159990.0,160.0,automatic,16200,Toledo,45002,Toledo,Toledo
Renault,Espace,Diésel,83800.0,160.0,automatic,23490,Urbanizacion La Granjilla,28700,Madrid,Urbanizacion La Granjilla
Renault,Espace,Diésel,159990.0,160.0,automatic,16200,Urbanizacion La Granjilla,28700,Madrid,Urbanizacion La Granjilla
Renault,Espace,Diésel,132800.0,160.0,automatic,17990,Girona,17007,Girona,Girona
Renault,Espace,Diésel,132800.0,160.0,automatic,17990,Palau-Solita I Plegamans,8184,Barcelona,Palau-Solita I Plegamans
Renault,Espace,Diésel,132800.0,160.0,automatic,17990,Palau-Solita I Plegamans,8184,Barcelona,Palau-Solita I Plegamans
Renault,Espace,Diésel,83800.0,160.0,automatic,23490,Villaviciosa de Odón,28670,Madrid,Villaviciosa de Odón
Renault,Espace,Diésel,159990.0,160.0,automatic,16200,Villaviciosa de Odón,28670,Madrid,Villaviciosa de Odón
Renault,Espace,Diésel,132800.0,160.0,automatic,17990,Palma de Mallorca,7003,Baleares,Palma de Mallorca
Renault,Espace,Diésel,132800.0,160.0,automatic,17990,Tarragona,43006,Tarragona,Tarragona
Renault,Espace,Diésel,132800.0,160.0,automatic,17990,Ullastrell,8231,Barcelona,Ullastrell
Renault,Espace,Diésel,132800.0,160.0,automatic,17990,Òrrius,8317,Barcelona,Òrrius
Citroen,C3,Gasolina,93284.0,82.0,manual,10590,Sant Boi de Llobregat,8830,Barcelona,Sant Boi de Llobregat
Citroen,C3,Gasolina,43000.0,83.0,manual,12990,Badajoz,6003,Badajoz,Badajoz
Citroen,C3,Diésel,117300.0,99.0,manual,11990,Granada,18005,Granada,Granada
Citroen,C3,Gasolina,43000.0,83.0,manual,12990,Granada,18005,Granada,Granada
Citroen,C3 Picasso,Diésel,110333.0,99.0,manual,8990,Almería,4006,Almería,Almería
Citroen,C3 Picasso,Diésel,112421.0,92.0,manual,9399,Madrid,28014,Madrid,Madrid
Citroen,C3 Picasso,Diésel,110333.0,99.0,manual,8990,Málaga,29005,Málaga,Málaga
Citroen,C3 Picasso,Diésel,185000.0,92.0,manual,5990,Granollers,8403,Barcelona,Granollers
Citroen,C3 Picasso,Diésel,110333.0,99.0,manual,8990,Toledo,45002,Toledo,Toledo
Citroen,C3 Picasso,Diésel,64000.0,109.0,manual,8800,Alcorisa,44550,Teruel,Alcorisa
Citroen,C3 Picasso,Diésel,110333.0,99.0,manual,8990,Fuenlabrada,28947,Madrid,Fuenlabrada
Citroen,C3 Picasso,Diésel,110333.0,99.0,manual,8990,Collado Villalba,28400,Madrid,Collado Villalba
Citroen,C3 Picasso,Diésel,110333.0,99.0,manual,8990,Collado Villalba,28400,Madrid,Collado Villalba
Citroen,C3 Picasso,Diésel,110333.0,99.0,manual,8990,Urbanizacion La Granjilla,28700,Madrid,Urbanizacion La Granjilla
Citroen,C3 Picasso,Diésel,110333.0,99.0,manual,8990,Colonia Pablo Iglesias,28520,Madrid,Colonia Pablo Iglesias
Citroen,C3 Picasso,Diésel,110333.0,99.0,manual,8990,Las Rozas de Madrid,28232,Madrid,Las Rozas de Madrid
Citroen,C3 Picasso,Diésel,110333.0,99.0,manual,8990,Camarma de Esteruelas,28816,Madrid,Camarma de Esteruelas
Citroen,C3 Picasso,Diésel,110333.0,99.0,manual,8990,Camarma de Esteruelas,28816,Madrid,Camarma de Esteruelas
Citroen,C3 Picasso,Diésel,110333.0,99.0,manual,8990,Villaviciosa de Odón,28670,Madrid,Villaviciosa de Odón
Citroen,C3 Picasso,Gasolina,109123.0,110.0,manual,9590,Sevilla,41006,Sevilla,Sevilla
Citroen,C3 Picasso,Gasolina,109123.0,110.0,manual,9590,Valencia,46002,Valencia,Valencia
Citroen,C3 Picasso,Gasolina,109123.0,110.0,manual,9590,Torrejón de Ardoz,28850,Madrid,Torrejón de Ardoz
Citroen,C3 Picasso,Gasolina,109123.0,110.0,manual,9590,Sant Boi de Llobregat,8830,Barcelona,Sant Boi de Llobregat
Citroen,C3 Picasso,Diésel,190000.0,90.0,manual,5900,Tortosa,43500,Tarragona,Tortosa
Citroen,C3 Picasso,Gasolina,96000.0,95.0,manual,8800,El Puerto de Santa María,11500,Cádiz,El Puerto de Santa María
Citroen,C3 Picasso,Gasolina,90000.0,95.0,manual,8990,Poligono Fuente del Jarro,46988,Valencia,Poligono Fuente del Jarro
Citroen,C3 Picasso,Diésel,169727.0,92.0,manual,8500,Mataró,8303,Barcelona,Mataró
Citroen,C3 Picasso,Gasolina,190000.0,95.0,manual,5600,Sabadell,8203,Barcelona,Sabadell
Citroen,C3 Picasso,Diésel,98775.0,92.0,manual,9800,Aspe,3680,Alicante,Aspe
Citroen,C3 Picasso,Diésel,122000.0,100.0,manual,11900,Palma de Mallorca,7008,Baleares,Palma de Mallorca
Citroen,C3 Picasso,Diésel,136296.0,114.0,manual,11990,Barcelona,8007,Barcelona,Barcelona
Citroen,C3 Picasso,Diésel,86924.0,99.0,manual,13500,Sant Boi de Llobregat,8830,Barcelona,Sant Boi de Llobregat
Citroen,C3 Picasso,Diésel,79000.0,100.0,manual,11990,Utrera,41710,Sevilla,Utrera
Citroen,C3 Picasso,Gasolina,112065.0,120.0,automatic,7490,Silla,46460,Valencia,Silla
Citroen,C3 Picasso,Gasolina,112065.0,120.0,automatic,7490,Alicante,3010,Alicante,Alicante
Citroen,C3 Picasso,Gasolina,112065.0,120.0,automatic,7490,Alicante,3010,Murcia,Alicante
Citroen,C3 Picasso,Gasolina,112065.0,120.0,automatic,7490,Granada,18005,Granada,Granada
Citroen,C3 Picasso,Gasolina,112065.0,120.0,automatic,7490,Murcia,30005,Murcia,Murcia
Citroen,C3 Picasso,Gasolina,112065.0,120.0,automatic,7490,Bilbao,48004,Bizkaia,Bilbao
Citroen,C3 Picasso,Gasolina,112065.0,120.0,automatic,7490,Málaga,29005,Málaga,Málaga
Citroen,C3 Picasso,Gasolina,112065.0,120.0,automatic,7490,Sevilla,41005,Sevilla,Sevilla
Citroen,C5,Diésel,270000.0,173.0,manual,4500,Móstoles,28938,Madrid,Móstoles
Citroen,C5,Gasolina,127024.0,156.0,manual,9990,Sant Boi de Llobregat,8830,Barcelona,Sant Boi de Llobregat
Citroen,C5,Gasolina,127024.0,156.0,manual,9990,Valencia,46002,Valencia,Valencia
Citroen,C5,Gasolina,127024.0,156.0,manual,9990,Torrejón de Ardoz,28850,Madrid,Torrejón de Ardoz
Citroen,C5,Gasolina,127024.0,156.0,manual,9990,Sevilla,41006,Sevilla,Sevilla
Citroen,C5,Gasolina,252000.0,138.0,manual,1950,Alcorcón,28923,Madrid,Alcorcón
Citroen,C5,Diésel,214647.0,138.0,manual,1590,Madrid,28026,Madrid,Madrid
Citroen,C5,Gasolina,252000.0,138.0,manual,1950,Los Negrales,28430,Madrid,Los Negrales
Citroen,C5,Gasolina,252000.0,138.0,manual,1950,Los Negrales,28430,Madrid,Los Negrales
Citroen,C5,Diésel,210000.0,110.0,manual,2300,Terrassa,8221,Barcelona,Terrassa
Citroen,C5,Diésel,205500.0,140.0,manual,7500,Daimiel,13250,Ciudad Real,Daimiel
Citroen,C5,Diésel,177000.0,163.0,manual,9800,Málaga,29004,Málaga,Málaga
Citroen,Jumpy,Diésel,84000.0,100.0,manual,18950,Bormujos,41930,Sevilla,Bormujos
Citroen,Jumpy,Diésel,84000.0,100.0,manual,18950,Valdefuentes,28939,Madrid,Valdefuentes
Citroen,Jumpy,Diésel,84000.0,100.0,manual,18950,Valdefuentes,28939,Madrid,Valdefuentes
Citroen,Jumpy,Diésel,84000.0,100.0,manual,18950,Terrassa,8223,Barcelona,Terrassa
Citroen,Jumpy,Diésel,84000.0,100.0,manual,18950,Burjassot,46100,Valencia,Burjassot
Citroen,Jumpy,Diésel,300000.0,90.0,manual,4400,Sant Vicenç dels Horts,8620,Barcelona,Sant Vicenç dels Horts
Citroen,Jumpy,Diésel,62000.0,102.0,manual,21500,Aldeaseca de La Armuña,37189,Salamanca,Aldeaseca de La Armuña
Citroen,Grand C4 Picasso,Diésel,81290.0,120.0,manual,17825,Santiago de Compostela,15703,A Coruña,Santiago de Compostela
Citroen,Grand C4 Picasso,Diésel,81290.0,120.0,manual,17825,Sant Vicenç de Montalt,8394,Barcelona,Sant Vicenç de Montalt
Citroen,Grand C4 Picasso,Diésel,81290.0,120.0,manual,17825,Ciudad Real,13003,Ciudad Real,Ciudad Real
Citroen,Grand C4 Picasso,Diésel,81290.0,120.0,manual,17825,Mercado Parque Corredor del Henares,28850,Madrid,Mercado Parque Corredor del Henares
Citroen,Grand C4 Picasso,Diésel,81290.0,120.0,manual,17825,Santa Maria del Aguila,4710,Almería,Santa Maria del Aguila
Citroen,Grand C4 Picasso,Diésel,81290.0,120.0,manual,17825,Valdepeñas,13300,Ciudad Real,Valdepeñas
Citroen,Grand C4 Picasso,Diésel,81290.0,120.0,manual,17825,Valdepeñas,13300,Ciudad Real,Valdepeñas
Citroen,Grand C4 Picasso,Diésel,81290.0,120.0,manual,17825,Vigo,36214,Pontevedra,Vigo
Citroen,Grand C4 Picasso,Diésel,81290.0,120.0,manual,17825,Granollers,8403,Barcelona,Granollers
Citroen,Grand C4 Picasso,Diésel,81290.0,120.0,manual,17825,Murcia,30003,Murcia,Murcia
Citroen,Grand C4 Picasso,Diésel,81290.0,120.0,manual,17825,Saladar,3700,Alicante,Saladar
Citroen,Grand C4 Picasso,Diésel,81290.0,120.0,manual,17825,Estepona,29680,Málaga,Estepona
Citroen,Grand C4 Picasso,Diésel,81290.0,120.0,manual,17825,Barcelona,8007,Barcelona,Barcelona
Citroen,Grand C4 Picasso,Diésel,97519.0,120.0,manual,17299,Madrid,28014,Madrid,Madrid
Citroen,Grand C4 Picasso,Diésel,97519.0,120.0,manual,16799,Madrid,28014,Madrid,Madrid
Citroen,Grand C4 Picasso,Diésel,97519.0,120.0,manual,17299,Barcelona,8007,Barcelona,Barcelona
Citroen,Grand C4 Picasso,Diésel,97519.0,120.0,manual,16799,Barcelona,8007,Barcelona,Barcelona
Citroen,Grand C4 Picasso,Diésel,81290.0,120.0,manual,17825,Olèrdola,8734,Barcelona,Olèrdola
Citroen,Grand C4 Picasso,Diésel,81290.0,120.0,manual,17825,Olèrdola,8734,Barcelona,Olèrdola
Citroen,Grand C4 Picasso,Diésel,81290.0,120.0,manual,17825,Alcobendas,28100,Madrid,Alcobendas
Citroen,Grand C4 Picasso,Diésel,81290.0,120.0,manual,17825,Puerto de Sagunto,46520,Valencia,Puerto de Sagunto
Citroen,Grand C4 Picasso,Diésel,81290.0,120.0,manual,17825,Alicante,3007,Alicante,Alicante
Citroen,Grand C4 Picasso,Diésel,81290.0,120.0,manual,17825,Hidraulica Santillana,28770,Madrid,Hidraulica Santillana
Citroen,Grand C4 Picasso,Diésel,81290.0,120.0,manual,17825,Castello/Castellon de La Plana,12100,Castellón,Castello/Castellon de La Plana
Citroen,Grand C4 Picasso,Diésel,81290.0,120.0,manual,17825,Albacete,2001,Albacete,Albacete
Citroen,Grand C4 Picasso,Diésel,81290.0,120.0,manual,17825,Alzira,46600,Valencia,Alzira
Citroen,Grand C4 Picasso,Diésel,81290.0,120.0,manual,17825,Alzira,46600,Valencia,Alzira
Citroen,Grand C4 Picasso,Diésel,81290.0,120.0,manual,17825,Badajoz,6008,Badajoz,Badajoz
Citroen,Grand C4 Picasso,Diésel,81290.0,120.0,manual,17825,Alcalá de Guadaíra,41500,Sevilla,Alcalá de Guadaíra
Citroen,Grand C4 Picasso,Diésel,81290.0,120.0,manual,17825,Zaragoza,50013,Zaragoza,Zaragoza
Citroen,Grand C4 Picasso,Diésel,81290.0,120.0,manual,17825,Atarrabia,31610,Navarra,Atarrabia
Citroen,Grand C4 Picasso,Diésel,81290.0,120.0,manual,17825,Santafe,18320,Granada,Santafe
Citroen,Grand C4 Picasso,Diésel,81290.0,120.0,manual,17825,Paterna,46980,Valencia,Paterna
Citroen,Grand C4 Picasso,Diésel,81290.0,120.0,manual,17825,Mercabilbao,48970,Bizkaia,Mercabilbao
Citroen,Grand C4 Picasso,Diésel,81290.0,120.0,manual,17825,Getafe,28906,Madrid,Getafe
Citroen,Grand C4 Picasso,Diésel,81290.0,120.0,manual,17825,Colonia Pablo Iglesias,28520,Madrid,Colonia Pablo Iglesias
Citroen,Grand C4 Picasso,Diésel,81290.0,120.0,manual,17825,Las Rozas de Madrid,28232,Madrid,Las Rozas de Madrid
Citroen,Grand C4 Picasso,Diésel,81290.0,120.0,manual,17825,Alameda del Obispo,14005,Córdoba,Alameda del Obispo
Citroen,Grand C4 Picasso,Diésel,81290.0,120.0,manual,17825,Collado Villalba,28400,Madrid,Collado Villalba
Citroen,Grand C4 Picasso,Diésel,81290.0,120.0,manual,17825,Collado Villalba,28400,Madrid,Collado Villalba
Citroen,Grand C4 Picasso,Diésel,81290.0,120.0,manual,17825,Torremolinos,29620,Málaga,Torremolinos
Citroen,Grand C4 Picasso,Diésel,81290.0,120.0,manual,17825,Torremolinos,29620,Málaga,Torremolinos
Citroen,Grand C4 Picasso,Diésel,81290.0,120.0,manual,17825,Torremolinos,29620,Málaga,Torremolinos
Citroen,Grand C4 Picasso,Gasolina,61318.0,130.0,manual,16990,Alzira,46600,Valencia,Alzira
Citroen,Grand C4 Picasso,Gasolina,61318.0,130.0,manual,16990,Alzira,46600,Valencia,Alzira
Citroen,C5,Diésel,230000.0,90.0,manual,2300,Valencia,46017,Valencia,Valencia
Citroen,C5,Diésel,100012.0,163.0,manual,11599,Barcelona,8007,Barcelona,Barcelona
Citroen,C5,Diésel,117676.0,150.0,manual,14399,Barcelona,8007,Barcelona,Barcelona
Citroen,C5,Diésel,117676.0,150.0,manual,14099,Barcelona,8007,Barcelona,Barcelona
Citroen,C5,Diésel,100012.0,163.0,manual,11599,Madrid,28014,Madrid,Madrid
Citroen,C5,Diésel,117676.0,150.0,manual,14399,Madrid,28014,Madrid,Madrid
Citroen,C5,Diésel,117676.0,150.0,manual,14099,Madrid,28014,Madrid,Madrid
Citroen,C5,Gasolina,138708.0,140.0,manual,7290,Leganés,28916,Madrid,Leganés
Citroen,C5,Gasolina,138708.0,140.0,manual,7290,Madrid,28046,Madrid,Madrid
Citroen,C5,Gasolina,138708.0,140.0,manual,7290,Las Rozas de Madrid,28232,Madrid,Las Rozas de Madrid
Citroen,C5,Gasolina,138708.0,140.0,manual,7290,Alcobendas,28100,Madrid,Alcobendas
Citroen,C5,Diésel,222000.0,241.0,automatic,7990,Torremolinos,29620,Málaga,Torremolinos
Citroen,C5,Diésel,222000.0,241.0,automatic,7990,Torremolinos,29620,Málaga,Torremolinos
Citroen,C5,Diésel,222000.0,241.0,automatic,7990,Torremolinos,29620,Málaga,Torremolinos
Citroen,C5,Diésel,138000.0,140.0,manual,10900,Pinto,28320,Madrid,Pinto
Citroen,C5,Diésel,138000.0,140.0,manual,10300,Pinto,28320,Madrid,Pinto
Citroen,C5,Diésel,198086.0,138.0,manual,1990,Madrid,28026,Madrid,Madrid
Citroen,C5,Diésel,197000.0,110.0,manual,4500,Santander,39011,Cantabria,Santander
Citroen,C5,Diésel,200000.0,140.0,manual,7990,Arriaga,1013,Álava,Arriaga
Citroen,C5,Diésel,133690.0,140.0,manual,10290,Madrid,28021,Madrid,Madrid
Citroen,C5,Diésel,133690.0,140.0,manual,10490,Madrid,28021,Madrid,Madrid
Citroen,C5,Diésel,310000.0,140.0,manual,6399,Sevilla,41007,Sevilla,Sevilla
Citroen,C5,Diésel,191000.0,110.0,manual,2250,Majadahonda,28222,Madrid,Majadahonda
Citroen,C5,Diésel,191000.0,110.0,manual,2999,Leganés,28911,Madrid,Leganés
Citroen,C4,Gasolina,30756.0,130.0,manual,20700,Santiago de Compostela,15703,A Coruña,Santiago de Compostela
Citroen,C4,Gasolina,30756.0,130.0,manual,20700,Sant Vicenç de Montalt,8394,Barcelona,Sant Vicenç de Montalt
Citroen,C4,Gasolina,9619.0,130.0,automatic,23990,Madrid,28021,Madrid,Madrid
Citroen,C4,Gasolina,30756.0,130.0,manual,20700,Ciudad Real,13003,Ciudad Real,Ciudad Real
Citroen,C4,Gasolina,30756.0,130.0,manual,20700,Mercado Parque Corredor del Henares,28850,Madrid,Mercado Parque Corredor del Henares
Citroen,C4,Gasolina,19368.0,130.0,manual,23300,Sant Boi de Llobregat,8830,Barcelona,Sant Boi de Llobregat
Citroen,C4,Gasolina,30756.0,130.0,manual,20700,Valdepeñas,13300,Ciudad Real,Valdepeñas
Citroen,C4,Gasolina,30756.0,130.0,manual,20700,Valdepeñas,13300,Ciudad Real,Valdepeñas
Citroen,C4,Gasolina,30756.0,130.0,manual,20700,Santa Maria del Aguila,4710,Almería,Santa Maria del Aguila
Citroen,C4,Gasolina,30756.0,130.0,manual,20700,Vigo,36214,Pontevedra,Vigo
Citroen,C4,Gasolina,30756.0,130.0,manual,20700,Granollers,8403,Barcelona,Granollers
Citroen,C4,Gasolina,30756.0,130.0,manual,20700,Murcia,30003,Murcia,Murcia
Citroen,C4,Gasolina,30756.0,130.0,manual,20700,Estepona,29680,Málaga,Estepona
Citroen,C4,Gasolina,30756.0,130.0,manual,20700,Saladar,3700,Alicante,Saladar
Citroen,C4,Diésel,249000.0,108.0,automatic,3350,Bormujos,41930,Sevilla,Bormujos
Citroen,C4,Gasolina,30756.0,130.0,manual,20700,Barcelona,8007,Barcelona,Barcelona
Citroen,C4,Diésel,40081.0,130.0,automatic,22399,Madrid,28014,Madrid,Madrid
Citroen,C4,Diésel,40081.0,130.0,automatic,22099,Madrid,28014,Madrid,Madrid
Citroen,C4,Diésel,40081.0,130.0,automatic,22399,Barcelona,8007,Barcelona,Barcelona
Citroen,C4,Diésel,40081.0,130.0,automatic,22099,Barcelona,8007,Barcelona,Barcelona
Citroen,C4,Gasolina,92242.0,120.0,manual,8799,Madrid,28014,Madrid,Madrid
Citroen,C4,Gasolina,92242.0,120.0,manual,8799,Barcelona,8007,Barcelona,Barcelona
Citroen,C4,Diésel,75313.0,115.0,manual,11399,Madrid,28014,Madrid,Madrid
Citroen,C4,Diésel,75313.0,115.0,manual,11399,Barcelona,8007,Barcelona,Barcelona
Citroen,C4,Gasolina,30756.0,130.0,manual,20700,Olèrdola,8734,Barcelona,Olèrdola
Citroen,C4,Gasolina,30756.0,130.0,manual,20700,Olèrdola,8734,Barcelona,Olèrdola
Citroen,C4,Gasolina,30756.0,130.0,manual,20700,Puerto de Sagunto,46520,Valencia,Puerto de Sagunto
Citroen,C4,Gasolina,30756.0,130.0,manual,20700,Alzira,46600,Valencia,Alzira
Citroen,C4,Gasolina,30756.0,130.0,manual,20700,Alzira,46600,Valencia,Alzira
Citroen,C4,Gasolina,30756.0,130.0,manual,20700,Alcobendas,28100,Madrid,Alcobendas
Citroen,C4,Gasolina,30756.0,130.0,manual,20700,Badajoz,6008,Badajoz,Badajoz
Citroen,C4,Gasolina,30756.0,130.0,manual,20700,Alicante,3007,Alicante,Alicante
Citroen,C4,Gasolina,30756.0,130.0,manual,20700,Hidraulica Santillana,28770,Madrid,Hidraulica Santillana
Citroen,C4,Gasolina,30756.0,130.0,manual,20700,Albacete,2001,Albacete,Albacete
Citroen,C4,Gasolina,30756.0,130.0,manual,20700,Zaragoza,50013,Zaragoza,Zaragoza
Citroen,C4,Gasolina,30756.0,130.0,manual,20700,Paterna,46980,Valencia,Paterna
Citroen,C4,Gasolina,30756.0,130.0,manual,20700,Mercabilbao,48970,Bizkaia,Mercabilbao
Citroen,C4,Gasolina,30756.0,130.0,manual,20700,Alcalá de Guadaíra,41500,Sevilla,Alcalá de Guadaíra
Citroen,C4,Gasolina,30756.0,130.0,manual,20700,Atarrabia,31610,Navarra,Atarrabia
Citroen,C4,Gasolina,30756.0,130.0,manual,20700,Santafe,18320,Granada,Santafe
Citroen,C5,Diésel,150000.0,241.0,automatic,8900,Móstoles,28938,Madrid,Móstoles
Citroen,C5,Diésel,67000.0,150.0,manual,12900,Ciudad Real,13005,Ciudad Real,Ciudad Real
Citroen,C5,Diésel,100.0,140.0,manual,13900,Toledo,45002,Toledo,Toledo
Citroen,C5,Diésel,195000.0,140.0,manual,7599,Viator,4240,Almería,Viator
Citroen,C5,Diésel,216000.0,138.0,automatic,5490,Elx/Elche,3296,Alicante,Elx/Elche
Citroen,C5,Diésel,230000.0,163.0,automatic,7900,Madrid,28017,Madrid,Madrid
Citroen,C5,Diésel,283456.0,110.0,manual,3490,Lugo,27002,Lugo,Lugo
Citroen,Xsara,Diésel,213776.0,90.0,manual,1890,Madrid,28026,Madrid,Madrid
Citroen,Xsara,Diésel,277363.0,90.0,manual,1490,Madrid,28026,Madrid,Madrid
Citroen,C5,Diésel,100080.0,140.0,manual,237,Bormujos,41840,Sevilla,Bormujos
Citroen,C5,Diésel,100080.0,140.0,manual,251,Bormujos,41840,Sevilla,Bormujos
Citroen,C5,Diésel,160000.0,140.0,manual,7749,San Sebastián de Los Reyes,28700,Madrid,San Sebastián de Los Reyes
Citroen,C5,Gasolina,130000.0,117.0,manual,1990,Fuenlabrada,28946,Madrid,Fuenlabrada
Citroen,C5,Diésel,85000.0,140.0,manual,7990,Dos Hermanas,41703,Sevilla,Dos Hermanas
Citroen,C5,Diésel,85000.0,138.0,manual,7990,Dos Hermanas,41703,Sevilla,Dos Hermanas
Citroen,C5,Diésel,71000.0,150.0,manual,14500,Alaquas,46970,Valencia,Alaquas
Citroen,C5,Gasolina,180000.0,150.0,manual,7900,Benetússer,46910,Valencia,Benetússer
Citroen,C5,Gasolina,180000.0,150.0,manual,7900,Benetússer,46910,Valencia,Benetússer
Citroen,C5,Gasolina,180000.0,150.0,manual,7900,Benetússer,46910,Valencia,Benetússer
Citroen,C5,Gasolina,180000.0,150.0,manual,7900,Benetússer,46910,Valencia,Benetússer
Citroen,C5,Gasolina,151196.0,117.0,manual,2990,Utebo,50180,Zaragoza,Utebo
Citroen,C5,Diésel,200000.0,111.0,automatic,6500,Gelves,41120,Sevilla,Gelves
Citroen,C5,Diésel,110450.0,140.0,manual,9250,Valencia,46002,Valencia,Valencia
Citroen,C5,Diésel,110450.0,140.0,manual,9890,Gijón,33206,Asturias,Gijón
Citroen,C5,Diésel,110450.0,140.0,manual,9250,Sant Boi de Llobregat,8830,Barcelona,Sant Boi de Llobregat
Citroen,C5,Diésel,110450.0,140.0,manual,9250,Torrejón de Ardoz,28850,Madrid,Torrejón de Ardoz
Citroen,C5,Diésel,110450.0,140.0,manual,9250,Sevilla,41006,Sevilla,Sevilla
Citroen,C5,Diésel,287700.0,110.0,manual,3490,Almagro,13270,Ciudad Real,Almagro
Citroen,C5,Diésel,287700.0,110.0,manual,2990,Almagro,13270,Ciudad Real,Almagro
Citroen,C5,Diésel,178000.0,204.0,automatic,10999,Madrid,28019,Madrid,Madrid
Citroen,C5,Diésel,130000.0,150.0,manual,12500,Los Palacios y Villafranca,41720,Sevilla,Los Palacios y Villafranca
Citroen,C5,Diésel,130000.0,150.0,manual,12500,Los Palacios y Villafranca,41720,Sevilla,Los Palacios y Villafranca
Citroen,C5,Diésel,193000.0,110.0,manual,4000,Kukullaga,48450,Bizkaia,Kukullaga
Citroen,C5,Diésel,106000.0,204.0,automatic,14950,Caspe,50700,Zaragoza,Caspe
Citroen,C5,Diésel,135000.0,204.0,automatic,11200,Ajalvir,28864,Madrid,Ajalvir
Citroen,C5,Diésel,200000.0,109.0,manual,7900,Utrera,41710,Sevilla,Utrera
Citroen,C5,Diésel,220000.0,138.0,manual,4950,Castellón de la Plana/Castelló de la Plana,12003,Castellón,Castellón de la Plana/Castelló de la Plana
Citroen,C5,Diésel,1330000.0,140.0,manual,13499,Alhendín,18620,Granada,Alhendín
Citroen,C5,Diésel,1330000.0,140.0,manual,13499,Alhendín,18620,Granada,Alhendín
Citroen,C5,Diésel,180000.0,109.0,manual,5999,Valencia,46002,Valencia,Valencia
Citroen,C5,Diésel,228000.0,138.0,automatic,3600,La Pobla de Vallbona,46185,Valencia,La Pobla de Vallbona
Citroen,C5,Diésel,228000.0,138.0,automatic,3600,La Pobla de Vallbona,46185,Valencia,La Pobla de Vallbona
Citroen,C5,Diésel,145000.0,138.0,automatic,9990,Arroyomolinos,28939,Madrid,Arroyomolinos
Citroen,C5,Diésel,145000.0,138.0,automatic,9990,Arroyomolinos,28939,Madrid,Arroyomolinos
Citroen,C5,Gasolina,169000.0,125.0,manual,3990,Arroyomolinos,28939,Madrid,Arroyomolinos
Citroen,C5,Gasolina,169000.0,125.0,manual,3990,Arroyomolinos,28939,Madrid,Arroyomolinos
Citroen,C3,Diésel,73000.0,99.0,manual,209,Madrid,28009,Madrid,Madrid
Citroen,C3,Diésel,73000.0,99.0,manual,320,Madrid,28009,Madrid,Madrid
Citroen,C3,Diésel,73000.0,99.0,manual,324,Barcelona,8009,Barcelona,Barcelona
Citroen,C3,Gasolina,42561.0,83.0,manual,13190,Madrid,28021,Madrid,Madrid
Citroen,C3,Gasolina,42561.0,83.0,manual,13790,Madrid,28021,Madrid,Madrid
Citroen,C3,Diésel,90212.0,75.0,manual,9990,Madrid,28021,Madrid,Madrid
Citroen,C3,Gasolina,54197.0,82.0,manual,12690,Madrid,28021,Madrid,Madrid
Citroen,C3,Diésel,16851.0,102.0,manual,15490,Madrid,28021,Madrid,Madrid
Citroen,C3,Gasolina,18065.0,82.0,manual,11990,Collado Villalba,28400,Madrid,Collado Villalba
Citroen,C3,Gasolina,18065.0,82.0,manual,11990,Collado Villalba,28400,Madrid,Collado Villalba
Citroen,C3,Gasolina,48850.0,110.0,automatic,13990,Alicante,3010,Alicante,Alicante
Citroen,C3,Gasolina,48850.0,110.0,automatic,13990,Alicante,3010,Murcia,Alicante
Citroen,C3,Gasolina,12579.0,68.0,manual,11990,Alicante,3010,Alicante,Alicante
Citroen,C3,Gasolina,12579.0,68.0,manual,11990,Alicante,3010,Murcia,Alicante
Citroen,C3,Gasolina,18065.0,82.0,manual,11990,Alicante,3010,Alicante,Alicante
Citroen,C3,Gasolina,18065.0,82.0,manual,11990,Alicante,3010,Murcia,Alicante
Citroen,C3,Gasolina,48850.0,110.0,automatic,13990,Sevilla,41005,Sevilla,Sevilla
Citroen,C3,Gasolina,12579.0,68.0,manual,11990,Sevilla,41005,Sevilla,Sevilla
Citroen,C3,Gasolina,18065.0,82.0,manual,11990,Sevilla,41005,Sevilla,Sevilla
Citroen,C3,Gasolina,48850.0,110.0,automatic,13990,Granada,18005,Granada,Granada
Citroen,C3,Gasolina,48850.0,110.0,automatic,13990,Málaga,29005,Málaga,Málaga
Citroen,C3,Gasolina,48850.0,110.0,automatic,13990,Vigo,36211,Pontevedra,Vigo
Citroen,C3,Gasolina,12579.0,68.0,manual,11990,Málaga,29005,Málaga,Málaga
Citroen,C3,Gasolina,18065.0,82.0,manual,11990,Málaga,29005,Málaga,Málaga
Citroen,C3,Gasolina,12579.0,68.0,manual,11990,Granada,18005,Granada,Granada
Citroen,C3,Gasolina,12579.0,68.0,manual,11990,Vigo,36211,Pontevedra,Vigo
Citroen,C3,Gasolina,18065.0,82.0,manual,11990,Granada,18005,Granada,Granada
Citroen,C3,Gasolina,18065.0,82.0,manual,11990,Vigo,36211,Pontevedra,Vigo
Citroen,C3,Gasolina,88174.0,82.0,manual,9899,Madrid,28014,Madrid,Madrid
Citroen,C3,Gasolina,88174.0,82.0,manual,9899,Barcelona,8007,Barcelona,Barcelona
Citroen,C3,Gasolina,48850.0,110.0,automatic,13990,Murcia,30005,Murcia,Murcia
Citroen,C3,Gasolina,48850.0,110.0,automatic,13990,Bilbao,48004,Bizkaia,Bilbao
Citroen,C3,Diésel,41411.0,75.0,manual,11799,Barcelona,8007,Barcelona,Barcelona
Citroen,C3,Diésel,41411.0,75.0,manual,11699,Barcelona,8007,Barcelona,Barcelona
Citroen,C3,Diésel,41411.0,75.0,manual,11799,Madrid,28014,Madrid,Madrid
Citroen,C3,Diésel,41411.0,75.0,manual,11699,Madrid,28014,Madrid,Madrid
Citroen,C3,Diésel,60077.0,75.0,manual,9499,Barcelona,8007,Barcelona,Barcelona
Citroen,C3,Diésel,60077.0,75.0,manual,9499,Madrid,28014,Madrid,Madrid
Citroen,C3,Diésel,76214.0,75.0,manual,11599,Madrid,28014,Madrid,Madrid
Citroen,C3,Diésel,76214.0,75.0,manual,11399,Madrid,28014,Madrid,Madrid
Citroen,C3,Diésel,76214.0,75.0,manual,11099,Madrid,28014,Madrid,Madrid
Citroen,C3,Diésel,76214.0,75.0,manual,11599,Barcelona,8007,Barcelona,Barcelona
Citroen,C3,Diésel,76214.0,75.0,manual,11399,Barcelona,8007,Barcelona,Barcelona
Citroen,C3,Diésel,76214.0,75.0,manual,11099,Barcelona,8007,Barcelona,Barcelona
Citroen,C5,Diésel,93000.0,110.0,automatic,3600,Vilatenim,17484,Girona,Vilatenim
Citroen,C5,Diésel,160000.0,150.0,manual,11600,Bigastro,3380,Alicante,Bigastro
Citroen,C5,Diésel,271000.0,150.0,manual,10490,Sevilla,41016,Sevilla,Sevilla
Citroen,C5,Diésel,260000.0,110.0,manual,1499,Móstoles,28938,Madrid,Móstoles
Citroen,C5,Diésel,200000.0,110.0,manual,3000,Fuengirola,29640,Málaga,Fuengirola
Citroen,C5,Diésel,230000.0,140.0,manual,5500,Fuengirola,29640,Málaga,Fuengirola
Citroen,C5,Diésel,279000.0,143.0,automatic,4950,Coiros de Arriba,15316,A Coruña,Coiros de Arriba
Citroen,C5,Diésel,200000.0,140.0,manual,5999,Reus,43202,Tarragona,Reus
Abarth,500,Gasolina,61100.0,180.0,manual,18490,Òrrius,8317,Barcelona,Òrrius
Abarth,500,Gasolina,61100.0,180.0,manual,18490,Vigo,36211,Pontevedra,Vigo
Abarth,500,Gasolina,61100.0,180.0,manual,18490,Ullastrell,8231,Barcelona,Ullastrell
Abarth,500,Gasolina,61100.0,180.0,manual,18490,Castellón,12001,Castellón,Castellón
Abarth,500,Gasolina,61100.0,180.0,manual,18490,Almería,4006,Almería,Almería
Abarth,500,Gasolina,61100.0,180.0,manual,18490,Bilbao,48004,Bizkaia,Bilbao
Abarth,500,Gasolina,61100.0,180.0,manual,18490,Sevilla,41005,Sevilla,Sevilla
Abarth,500,Gasolina,61100.0,180.0,manual,18490,Alicante,3010,Alicante,Alicante
Abarth,500,Gasolina,61100.0,180.0,manual,18490,Alicante,3010,Murcia,Alicante
Abarth,500,Gasolina,61100.0,180.0,manual,18490,Murcia,30005,Murcia,Murcia
Abarth,500,Gasolina,61100.0,180.0,manual,18490,Granada,18005,Granada,Granada
Abarth,500,Gasolina,61100.0,180.0,manual,18490,Málaga,29005,Málaga,Málaga
Abarth,500,Gasolina,61100.0,180.0,manual,18490,Valencia,46001,Valencia,Valencia
Abarth,500,Gasolina,61100.0,180.0,manual,18490,Palma de Mallorca,7003,Baleares,Palma de Mallorca
Abarth,500,Gasolina,61100.0,180.0,manual,18490,Tarragona,43006,Tarragona,Tarragona
Abarth,500,Gasolina,61100.0,180.0,manual,18490,Palau-Solita I Plegamans,8184,Barcelona,Palau-Solita I Plegamans
Abarth,500,Gasolina,61100.0,180.0,manual,18490,Palau-Solita I Plegamans,8184,Barcelona,Palau-Solita I Plegamans
Abarth,500,Gasolina,34500.0,140.0,automatic,15500,Villena,3400,Alicante,Villena
Abarth,500,Gasolina,30830.0,165.0,automatic,24990,Leganés,28915,Madrid,Leganés
Abarth,500,Gasolina,81482.0,145.0,manual,15870,Mercado Parque Corredor del Henares,28850,Madrid,Mercado Parque Corredor del Henares
Abarth,500,Gasolina,30830.0,165.0,automatic,24990,Barcelona,8041,Barcelona,Barcelona
Abarth,500,Gasolina,30830.0,165.0,automatic,24990,Córdoba,28903,Madrid,Córdoba
Abarth,500,Gasolina,30830.0,165.0,automatic,24990,Parla,28700,Madrid,Parla
Abarth,500,Gasolina,30830.0,165.0,automatic,24990,Alcorcón,28924,Madrid,Alcorcón
Abarth,500,Gasolina,30830.0,165.0,automatic,24990,Fuenlabrada,28943,Madrid,Fuenlabrada
Abarth,500,Gasolina,30830.0,165.0,automatic,24990,Murcia,30004,Murcia,Murcia
Abarth,500,Gasolina,81482.0,145.0,manual,15870,Vigo,36214,Pontevedra,Vigo
Abarth,500,Gasolina,81482.0,145.0,manual,15870,Murcia,30003,Murcia,Murcia
Abarth,500,Gasolina,81482.0,145.0,manual,15870,Saladar,3700,Alicante,Saladar
Abarth,500,Gasolina,81482.0,145.0,manual,15870,Granollers,8403,Barcelona,Granollers
Abarth,500,Gasolina,81482.0,145.0,manual,15870,Estepona,29680,Málaga,Estepona
Abarth,500,Gasolina,81482.0,145.0,manual,15870,Puerto de Sagunto,46520,Valencia,Puerto de Sagunto
Abarth,500,Gasolina,81482.0,145.0,manual,15870,Valdepeñas,13300,Ciudad Real,Valdepeñas
Abarth,500,Gasolina,81482.0,145.0,manual,15870,Valdepeñas,13300,Ciudad Real,Valdepeñas
Abarth,500,Gasolina,81482.0,145.0,manual,15870,Badajoz,6008,Badajoz,Badajoz
Abarth,500,Gasolina,81482.0,145.0,manual,15870,Santa Maria del Aguila,4710,Almería,Santa Maria del Aguila
Abarth,500,Gasolina,81482.0,145.0,manual,15870,Sant Vicenç de Montalt,8394,Barcelona,Sant Vicenç de Montalt
Abarth,500,Gasolina,81482.0,145.0,manual,15870,Ciudad Real,13003,Ciudad Real,Ciudad Real
Abarth,500,Gasolina,81482.0,145.0,manual,15870,Barcelona,8007,Barcelona,Barcelona
Abarth,500,Gasolina,81482.0,145.0,manual,15870,Olèrdola,8734,Barcelona,Olèrdola
Abarth,500,Gasolina,81482.0,145.0,manual,15870,Olèrdola,8734,Barcelona,Olèrdola
Abarth,500,Gasolina,81482.0,145.0,manual,15870,Santiago de Compostela,15703,A Coruña,Santiago de Compostela
Abarth,500,Gasolina,81482.0,145.0,manual,15870,Alicante,3007,Alicante,Alicante
Abarth,500,Gasolina,81482.0,145.0,manual,15870,Alcobendas,28100,Madrid,Alcobendas
Abarth,500,Gasolina,81482.0,145.0,manual,15870,Castello/Castellon de La Plana,12100,Castellón,Castello/Castellon de La Plana
Abarth,500,Gasolina,81482.0,145.0,manual,15870,Hidraulica Santillana,28770,Madrid,Hidraulica Santillana
Abarth,500,Gasolina,81482.0,145.0,manual,15870,Las Rozas de Madrid,28232,Madrid,Las Rozas de Madrid
Abarth,500,Gasolina,81482.0,145.0,manual,15870,Albacete,2001,Albacete,Albacete
Citroen,C3 Aircross,Gasolina,39433.0,110.0,manual,16962,Santiago de Compostela,15703,A Coruña,Santiago de Compostela
Citroen,C3 Aircross,Gasolina,39433.0,110.0,manual,16962,Sant Vicenç de Montalt,8394,Barcelona,Sant Vicenç de Montalt
Citroen,C3 Aircross,Diésel,128268.0,102.0,manual,13690,Madrid,28021,Madrid,Madrid
Citroen,C3 Aircross,Diésel,128268.0,102.0,manual,13390,Madrid,28021,Madrid,Madrid
Citroen,C3 Aircross,Gasolina,39433.0,110.0,manual,16962,Ciudad Real,13003,Ciudad Real,Ciudad Real
Citroen,C3 Aircross,Gasolina,39433.0,110.0,manual,16962,Mercado Parque Corredor del Henares,28850,Madrid,Mercado Parque Corredor del Henares
Citroen,C3 Aircross,Gasolina,39433.0,110.0,manual,16962,Santa Maria del Aguila,4710,Almería,Santa Maria del Aguila
Citroen,C3 Aircross,Gasolina,39433.0,110.0,manual,16962,Valdepeñas,13300,Ciudad Real,Valdepeñas
Citroen,C3 Aircross,Gasolina,39433.0,110.0,manual,16962,Valdepeñas,13300,Ciudad Real,Valdepeñas
Citroen,C3 Aircross,Gasolina,39433.0,110.0,manual,16962,Vigo,36214,Pontevedra,Vigo
Citroen,C3 Aircross,Gasolina,39433.0,110.0,manual,16962,Granollers,8403,Barcelona,Granollers
Citroen,C3 Aircross,Gasolina,39433.0,110.0,manual,16962,Murcia,30003,Murcia,Murcia
Citroen,C3 Aircross,Gasolina,39433.0,110.0,manual,16962,Saladar,3700,Alicante,Saladar
Citroen,C3 Aircross,Gasolina,39433.0,110.0,manual,16962,Estepona,29680,Málaga,Estepona
Citroen,C3 Aircross,Diésel,45891.0,102.0,manual,15490,Alicante,3010,Alicante,Alicante
Citroen,C3 Aircross,Diésel,45891.0,102.0,manual,15490,Alicante,3010,Murcia,Alicante
Citroen,C3 Aircross,Diésel,45891.0,102.0,manual,15490,Castellón,12001,Castellón,Castellón
Citroen,C3 Aircross,Gasolina,30705.0,110.0,automatic,19690,Leganés,28916,Madrid,Leganés
Citroen,C3 Aircross,Gasolina,39433.0,110.0,manual,16962,Barcelona,8007,Barcelona,Barcelona
Citroen,C3 Aircross,Diésel,45891.0,102.0,manual,15490,Sevilla,41005,Sevilla,Sevilla
Citroen,C3 Aircross,Diésel,45891.0,102.0,manual,15490,Granada,18005,Granada,Granada
Citroen,C3 Aircross,Diésel,45891.0,102.0,manual,15490,Málaga,29005,Málaga,Málaga
Abarth,500,Gasolina,81482.0,145.0,manual,15870,Alzira,46600,Valencia,Alzira
Abarth,500,Gasolina,81482.0,145.0,manual,15870,Alzira,46600,Valencia,Alzira
Abarth,500,Gasolina,81482.0,145.0,manual,15870,Torremolinos,29620,Málaga,Torremolinos
Abarth,500,Gasolina,81482.0,145.0,manual,15870,Torremolinos,29620,Málaga,Torremolinos
Abarth,500,Gasolina,81482.0,145.0,manual,15870,Torremolinos,29620,Málaga,Torremolinos
Abarth,500,Gasolina,81482.0,145.0,manual,15870,Zaragoza,50013,Zaragoza,Zaragoza
Abarth,500,Gasolina,81482.0,145.0,manual,15870,Paterna,46980,Valencia,Paterna
Abarth,500,Gasolina,81482.0,145.0,manual,15870,Santafe,18320,Granada,Santafe
Abarth,500,Gasolina,81482.0,145.0,manual,15870,Alcalá de Guadaíra,41500,Sevilla,Alcalá de Guadaíra
Abarth,500,Gasolina,81482.0,145.0,manual,15870,Atarrabia,31610,Navarra,Atarrabia
Abarth,500,Gasolina,81482.0,145.0,manual,15870,Mercabilbao,48970,Bizkaia,Mercabilbao
Abarth,500,Gasolina,81482.0,145.0,manual,15870,Colonia Pablo Iglesias,28520,Madrid,Colonia Pablo Iglesias
Abarth,500,Gasolina,81482.0,145.0,manual,15870,Collado Villalba,28400,Madrid,Collado Villalba
Abarth,500,Gasolina,81482.0,145.0,manual,15870,Collado Villalba,28400,Madrid,Collado Villalba
Abarth,500,Gasolina,81482.0,145.0,manual,15870,Getafe,28906,Madrid,Getafe
Abarth,500,Gasolina,81482.0,145.0,manual,15870,Alameda del Obispo,14005,Córdoba,Alameda del Obispo
Citroen,C5,Diésel,212990.0,163.0,automatic,7500,San Sebastián de Los Reyes,28700,Madrid,San Sebastián de Los Reyes
Citroen,C5,Gasolina,240100.0,117.0,manual,2190,Málaga,29004,Málaga,Málaga
Citroen,C5,Diésel,149460.0,114.0,manual,8990,Dos Hermanas,41703,Sevilla,Dos Hermanas
Citroen,C5,Diésel,222000.0,138.0,automatic,5990,Alcorcón,28924,Madrid,Alcorcón
Citroen,C5,Diésel,279000.0,138.0,manual,5200,Velilla de San Antonio,28891,Madrid,Velilla de San Antonio
Citroen,C5,Diésel,265000.0,163.0,manual,8999,Utrera,41710,Sevilla,Utrera
Citroen,C5,Gasolina,122000.0,115.0,manual,3500,Lugar Nuevo de La Corona,46910,Valencia,Lugar Nuevo de La Corona
Citroen,C5,Gasolina,122000.0,115.0,manual,3500,Lugar Nuevo de La Corona,46910,Valencia,Lugar Nuevo de La Corona
Citroen,C5,Gasolina,122000.0,115.0,manual,3500,Lugar Nuevo de La Corona,46910,Valencia,Lugar Nuevo de La Corona
Citroen,C5,Gasolina,122000.0,115.0,manual,3500,Lugar Nuevo de La Corona,46910,Valencia,Lugar Nuevo de La Corona
Citroen,C5,Diésel,301000.0,140.0,manual,4990,Carretera de Cobeña,28864,Madrid,Carretera de Cobeña
Citroen,C5,Diésel,35040.0,138.0,manual,7950,Madrid,28045,Madrid,Madrid
Citroen,C5,Diésel,190000.0,110.0,manual,3499,San Sebastián de Los Reyes,28700,Madrid,San Sebastián de Los Reyes
Citroen,C5,Diésel,200000.0,117.0,manual,2990,Arriaga,1013,Álava,Arriaga
Citroen,C5,Diésel,270000.0,110.0,manual,6900,Madrid,28014,Madrid,Madrid
Citroen,C5,Diésel,130000.0,112.0,manual,8999,Vilagarcía de Arousa,36600,Pontevedra,Vilagarcía de Arousa
Citroen,C5,Diésel,133840.0,140.0,manual,10800,Campillos,29320,Málaga,Campillos
Audi,Q3,Gasolina,57528.0,150.0,manual,30500,Riba-Roja de Turia,46190,Valencia,Riba-Roja de Turia
Abarth,500,Gasolina,85855.0,180.0,manual,19999,Madrid,28014,Madrid,Madrid
Abarth,500,Gasolina,85855.0,180.0,manual,19999,Barcelona,8007,Barcelona,Barcelona
Abarth,500,Gasolina,26188.0,145.0,manual,16990,Silla,46460,Valencia,Silla
Citroen,C5,Diésel,140000.0,150.0,manual,9900,Colonia Pablo Iglesias,28520,Madrid,Colonia Pablo Iglesias
Abarth,500,Gasolina,31346.0,145.0,manual,18630,Alzira,46600,Valencia,Alzira
Abarth,500,Gasolina,31346.0,145.0,manual,18630,Alzira,46600,Valencia,Alzira
Abarth,500,Gasolina,31346.0,145.0,manual,18630,Alcobendas,28100,Madrid,Alcobendas
Abarth,500,Gasolina,31346.0,145.0,manual,18630,Alicante,3007,Alicante,Alicante
Abarth,500,Gasolina,31346.0,145.0,manual,18630,Albacete,2001,Albacete,Albacete
Abarth,500,Gasolina,31346.0,145.0,manual,18630,Getafe,28906,Madrid,Getafe
Abarth,500,Gasolina,31346.0,145.0,manual,18630,Alameda del Obispo,14005,Córdoba,Alameda del Obispo
Abarth,500,Gasolina,31346.0,145.0,manual,18630,Torremolinos,29620,Málaga,Torremolinos
Abarth,500,Gasolina,31346.0,145.0,manual,18630,Torremolinos,29620,Málaga,Torremolinos
Abarth,500,Gasolina,31346.0,145.0,manual,18630,Torremolinos,29620,Málaga,Torremolinos
Abarth,500,Gasolina,31346.0,145.0,manual,18630,Santiago de Compostela,15703,A Coruña,Santiago de Compostela
Abarth,500,Gasolina,17000.0,180.0,automatic,29900,Málaga,29002,Málaga,Málaga
Citroen,C5,Diésel,200000.0,140.0,manual,6900,Torrelodones,28250,Madrid,Torrelodones
Citroen,C5,Diésel,200000.0,140.0,manual,6900,Torrelodones,28250,Madrid,Torrelodones
Citroen,C5,Gasolina,155312.0,138.0,manual,1900,Alcalá de Guadaíra,41500,Sevilla,Alcalá de Guadaíra
Abarth,500,Gasolina,63399.0,135.0,manual,12900,Málaga,29004,Málaga,Málaga
Abarth,500,Gasolina,69854.0,165.0,automatic,21490,Valencia,46001,Valencia,Valencia
Abarth,500,Gasolina,69854.0,165.0,automatic,21490,Sevilla,41005,Sevilla,Sevilla
Abarth,500,Gasolina,69854.0,165.0,automatic,21490,Vigo,36211,Pontevedra,Vigo
Abarth,500,Gasolina,69854.0,165.0,automatic,21490,Alicante,3010,Alicante,Alicante
Abarth,500,Gasolina,69854.0,165.0,automatic,21490,Alicante,3010,Murcia,Alicante
Abarth,500,Gasolina,22700.0,145.0,manual,17990,Valencia,46001,Valencia,Valencia
Abarth,500,Gasolina,22700.0,145.0,manual,17990,Sevilla,41005,Sevilla,Sevilla
Abarth,500,Gasolina,22700.0,145.0,manual,17990,Vigo,36211,Pontevedra,Vigo
Abarth,500,Gasolina,22700.0,145.0,manual,17990,Alicante,3010,Alicante,Alicante
Abarth,500,Gasolina,22700.0,145.0,manual,17990,Alicante,3010,Murcia,Alicante
Abarth,500,Gasolina,69854.0,165.0,automatic,21490,Granada,18005,Granada,Granada
Abarth,500,Gasolina,22700.0,145.0,manual,17990,Granada,18005,Granada,Granada
Abarth,500,Gasolina,69854.0,165.0,automatic,21490,Bilbao,48004,Bizkaia,Bilbao
Abarth,500,Gasolina,22700.0,145.0,manual,17990,Bilbao,48004,Bizkaia,Bilbao
Abarth,500,Gasolina,69854.0,165.0,automatic,21490,Almería,4006,Almería,Almería
Abarth,500,Gasolina,22700.0,145.0,manual,17990,Almería,4006,Almería,Almería
Abarth,500,Gasolina,69854.0,165.0,automatic,21490,Camarma de Esteruelas,28816,Madrid,Camarma de Esteruelas
Abarth,500,Gasolina,69854.0,165.0,automatic,21490,Camarma de Esteruelas,28816,Madrid,Camarma de Esteruelas
Abarth,500,Gasolina,69854.0,165.0,automatic,21490,Málaga,29005,Málaga,Málaga
Abarth,500,Gasolina,22700.0,145.0,manual,17990,Málaga,29005,Málaga,Málaga
Abarth,500,Gasolina,69854.0,165.0,automatic,21490,Las Rozas de Madrid,28232,Madrid,Las Rozas de Madrid
Abarth,500,Gasolina,69854.0,165.0,automatic,21490,Collado Villalba,28400,Madrid,Collado Villalba
Abarth,500,Gasolina,69854.0,165.0,automatic,21490,Collado Villalba,28400,Madrid,Collado Villalba
Abarth,500,Gasolina,69854.0,165.0,automatic,21490,Villaviciosa de Odón,28670,Madrid,Villaviciosa de Odón
Abarth,500,Gasolina,69854.0,165.0,automatic,21490,Urbanizacion La Granjilla,28700,Madrid,Urbanizacion La Granjilla
Abarth,500,Gasolina,22700.0,145.0,manual,17990,Algeciras,11202,Cádiz,Algeciras
Abarth,500,Gasolina,22700.0,145.0,manual,17990,Estepona,29680,Málaga,Estepona
Abarth,500,Gasolina,64628.0,165.0,manual,19890,Alicante,3010,Alicante,Alicante
Abarth,500,Gasolina,64628.0,165.0,manual,19890,Alicante,3010,Murcia,Alicante
Abarth,500,Gasolina,35600.0,180.0,manual,18490,Alicante,3010,Alicante,Alicante
Abarth,500,Gasolina,35600.0,180.0,manual,18490,Alicante,3010,Murcia,Alicante
Abarth,500,Gasolina,17000.0,165.0,manual,20990,Alicante,3010,Alicante,Alicante
Abarth,500,Gasolina,17000.0,165.0,manual,20990,Alicante,3010,Murcia,Alicante
Abarth,500,Gasolina,6000.0,180.0,manual,22880,Alicante,3010,Alicante,Alicante
Abarth,500,Gasolina,6000.0,180.0,manual,22880,Alicante,3010,Murcia,Alicante
Abarth,500,Gasolina,25020.0,145.0,automatic,15790,Alicante,3010,Alicante,Alicante
Abarth,500,Gasolina,25020.0,145.0,automatic,15790,Alicante,3010,Murcia,Alicante
Abarth,500,Gasolina,64628.0,165.0,manual,19890,Valencia,46001,Valencia,Valencia
Abarth,500,Gasolina,35600.0,180.0,manual,18490,Valencia,46001,Valencia,Valencia
Abarth,500,Gasolina,17000.0,165.0,manual,20990,Valencia,46001,Valencia,Valencia
Abarth,500,Gasolina,6000.0,180.0,manual,22880,Valencia,46001,Valencia,Valencia
Abarth,500,Gasolina,25020.0,145.0,automatic,15790,Valencia,46001,Valencia,Valencia
Abarth,500,Gasolina,64628.0,165.0,manual,19890,Vigo,36211,Pontevedra,Vigo
Abarth,500,Gasolina,35600.0,180.0,manual,18490,Vigo,36211,Pontevedra,Vigo
Abarth,500,Gasolina,64628.0,165.0,manual,19890,Murcia,30005,Murcia,Murcia
Abarth,500,Gasolina,35600.0,180.0,manual,18490,Murcia,30005,Murcia,Murcia
Abarth,500,Gasolina,17000.0,165.0,manual,20990,Murcia,30005,Murcia,Murcia
Abarth,500,Gasolina,64628.0,165.0,manual,19890,Granada,18005,Granada,Granada
Abarth,500,Gasolina,35600.0,180.0,manual,18490,Granada,18005,Granada,Granada
Abarth,500,Gasolina,17000.0,165.0,manual,20990,Granada,18005,Granada,Granada
Abarth,500,Gasolina,6000.0,180.0,manual,22880,Murcia,30005,Murcia,Murcia
Abarth,500,Gasolina,17000.0,165.0,manual,20990,Vigo,36211,Pontevedra,Vigo
Citroen,C5,Diésel,165433.0,138.0,manual,6490,Leioa,48940,Bizkaia,Leioa
Citroen,C5,Diésel,143315.0,163.0,manual,8850,Bacarot,3114,Alicante,Bacarot
Citroen,C5,Diésel,143315.0,163.0,manual,8850,Valencia,46002,Valencia,Valencia
Citroen,C5,Diésel,143315.0,163.0,manual,8850,Sevilla,41006,Sevilla,Sevilla
Citroen,C5,Diésel,143315.0,163.0,manual,8850,Agirre-Aperribai,48960,Bizkaia,Agirre-Aperribai
Citroen,C5,Diésel,143315.0,163.0,manual,8850,Pamplona/Iruña,31003,Navarra,Pamplona/Iruña
Citroen,C5,Diésel,143315.0,163.0,manual,8850,Torrejón de Ardoz,28850,Madrid,Torrejón de Ardoz
Citroen,C5,Diésel,270000.0,110.0,manual,6900,Santiago de Compostela,15707,A Coruña,Santiago de Compostela
Abarth,500,Gasolina,6000.0,180.0,manual,22880,Granada,18005,Granada,Granada
Citroen,C5,Diésel,143315.0,163.0,manual,8850,Sant Boi de Llobregat,8830,Barcelona,Sant Boi de Llobregat
Citroen,C5,Diésel,277000.0,140.0,manual,6500,Sabadell,8201,Barcelona,Sabadell
Citroen,C5,Diésel,236180.0,110.0,manual,3990,Almagro,13270,Ciudad Real,Almagro
Citroen,C5,Diésel,236180.0,110.0,manual,3490,Almagro,13270,Ciudad Real,Almagro
Citroen,C5,Diésel,330000.0,110.0,manual,1700,Badajoz,6001,Badajoz,Badajoz
Citroen,C5,Diésel,265000.0,138.0,manual,2650,Urbanizacion Beltraneja,19192,Guadalajara,Urbanizacion Beltraneja
Citroen,C5,Diésel,265000.0,138.0,manual,2650,Urbanizacion Beltraneja,19192,Guadalajara,Urbanizacion Beltraneja
Citroen,C5,Diésel,265000.0,138.0,manual,2650,Urbanizacion Beltraneja,19192,Guadalajara,Urbanizacion Beltraneja
Citroen,C5,Diésel,145000.0,109.0,manual,6500,Velilla de San Antonio,28891,Madrid,Velilla de San Antonio
Citroen,C5,Diésel,196000.0,138.0,manual,6990,Gamarra Menor,1510,Álava,Gamarra Menor
Citroen,C5,Diésel,196000.0,138.0,manual,6990,Gamarra Menor,1510,Álava,Gamarra Menor
Citroen,C5,Diésel,196000.0,138.0,manual,6990,Gamarra Menor,1510,Álava,Gamarra Menor
Abarth,500,Gasolina,25020.0,145.0,automatic,15790,Murcia,30005,Murcia,Murcia
Abarth,500,Gasolina,25020.0,145.0,automatic,15790,Granada,18005,Granada,Granada
Abarth,500,Gasolina,6000.0,180.0,manual,22880,Vigo,36211,Pontevedra,Vigo
Abarth,500,Gasolina,25020.0,145.0,automatic,15790,Vigo,36211,Pontevedra,Vigo
Abarth,500,Gasolina,64628.0,165.0,manual,19890,Bilbao,48004,Bizkaia,Bilbao
Abarth,500,Gasolina,35600.0,180.0,manual,18490,Bilbao,48004,Bizkaia,Bilbao
Abarth,500,Gasolina,17000.0,165.0,manual,20990,Bilbao,48004,Bizkaia,Bilbao
Abarth,500,Gasolina,6000.0,180.0,manual,22880,Bilbao,48004,Bizkaia,Bilbao
Abarth,500,Gasolina,25020.0,145.0,automatic,15790,Bilbao,48004,Bizkaia,Bilbao
Abarth,500,Gasolina,64628.0,165.0,manual,19890,Sevilla,41005,Sevilla,Sevilla
Abarth,500,Gasolina,35600.0,180.0,manual,18490,Sevilla,41005,Sevilla,Sevilla
Abarth,500,Gasolina,64628.0,165.0,manual,19890,Almería,4006,Almería,Almería
Abarth,500,Gasolina,35600.0,180.0,manual,18490,Almería,4006,Almería,Almería
Abarth,500,Gasolina,17000.0,165.0,manual,20990,Almería,4006,Almería,Almería
Abarth,500,Gasolina,6000.0,180.0,manual,22880,Almería,4006,Almería,Almería
Abarth,500,Gasolina,25020.0,145.0,automatic,15790,Almería,4006,Almería,Almería
Abarth,500,Gasolina,64628.0,165.0,manual,19890,Málaga,29005,Málaga,Málaga
Abarth,500,Gasolina,35600.0,180.0,manual,18490,Palma de Mallorca,7003,Baleares,Palma de Mallorca
Abarth,500,Gasolina,35600.0,180.0,manual,18490,Málaga,29005,Málaga,Málaga
Abarth,500,Gasolina,17000.0,165.0,manual,20990,Palma de Mallorca,7003,Baleares,Palma de Mallorca
Abarth,500,Gasolina,17000.0,165.0,manual,20990,Málaga,29005,Málaga,Málaga
Abarth,500,Gasolina,17000.0,165.0,manual,20990,Sevilla,41005,Sevilla,Sevilla
Abarth,500,Gasolina,6000.0,180.0,manual,22880,Málaga,29005,Málaga,Málaga
Abarth,500,Gasolina,6000.0,180.0,manual,22880,Sevilla,41005,Sevilla,Sevilla
Abarth,500,Gasolina,25020.0,145.0,automatic,15790,Málaga,29005,Málaga,Málaga
Abarth,500,Gasolina,25020.0,145.0,automatic,15790,Sevilla,41005,Sevilla,Sevilla
Abarth,500,Gasolina,25020.0,145.0,automatic,15790,Toledo,45002,Toledo,Toledo
Abarth,500,Gasolina,92300.0,180.0,manual,23900,Valencia,46002,Valencia,Valencia
Abarth,500,Gasolina,36000.0,165.0,automatic,21500,La Zubia,18140,Granada,La Zubia
Abarth,500,Gasolina,36000.0,165.0,automatic,21500,La Zubia,18140,Guadalajara,La Zubia
Abarth,500,Gasolina,42861.0,145.0,manual,16290,Madrid,28021,Madrid,Madrid
Abarth,500,Gasolina,16566.0,145.0,manual,21620,Vigo,36214,Pontevedra,Vigo
Abarth,500,Gasolina,16566.0,145.0,manual,21620,Granollers,8403,Barcelona,Granollers
Abarth,500,Gasolina,11541.0,165.0,manual,20790,Madrid,28021,Madrid,Madrid
Abarth,500,Gasolina,16566.0,145.0,manual,21620,Las Rozas de Madrid,28232,Madrid,Las Rozas de Madrid
Abarth,500,Gasolina,16566.0,145.0,manual,21620,Sant Vicenç de Montalt,8394,Barcelona,Sant Vicenç de Montalt
Abarth,500,Gasolina,16566.0,145.0,manual,21620,Valdepeñas,13300,Ciudad Real,Valdepeñas
Abarth,500,Gasolina,16566.0,145.0,manual,21620,Valdepeñas,13300,Ciudad Real,Valdepeñas
Abarth,500,Gasolina,16566.0,145.0,manual,21620,Estepona,29680,Málaga,Estepona
Abarth,500,Gasolina,16566.0,145.0,manual,21620,Mercado Parque Corredor del Henares,28850,Madrid,Mercado Parque Corredor del Henares
Abarth,500,Gasolina,16566.0,145.0,manual,21620,Getafe,28906,Madrid,Getafe
Abarth,500,Gasolina,16566.0,145.0,manual,21620,Saladar,3700,Alicante,Saladar
Abarth,500,Gasolina,16566.0,145.0,manual,21620,Ciudad Real,13003,Ciudad Real,Ciudad Real
Abarth,500,Gasolina,16566.0,145.0,manual,21620,Murcia,30003,Murcia,Murcia
Abarth,500,Gasolina,16566.0,145.0,manual,21620,Badajoz,6008,Badajoz,Badajoz
Abarth,500,Gasolina,16566.0,145.0,manual,21620,Santa Maria del Aguila,4710,Almería,Santa Maria del Aguila
Abarth,500,Gasolina,16566.0,145.0,manual,21620,Santiago de Compostela,15703,A Coruña,Santiago de Compostela
Abarth,500,Gasolina,16566.0,145.0,manual,21620,Santafe,18320,Granada,Santafe
Abarth,500,Gasolina,16566.0,145.0,manual,21620,Albacete,2001,Albacete,Albacete
Abarth,500,Gasolina,16566.0,145.0,manual,21620,Castello/Castellon de La Plana,12100,Castellón,Castello/Castellon de La Plana
Abarth,500,Gasolina,16566.0,145.0,manual,21620,Hidraulica Santillana,28770,Madrid,Hidraulica Santillana
Citroen,C5,Diésel,210560.0,170.0,automatic,5400,Valencia,46015,Valencia,Valencia
Citroen,C5,Diésel,142000.0,150.0,manual,11900,A Coruña,15005,A Coruña,A Coruña
Abarth,500,Gasolina,16566.0,145.0,manual,21620,Alicante,3007,Alicante,Alicante
Abarth,500,Gasolina,16566.0,145.0,manual,21620,Alcalá de Guadaíra,41500,Sevilla,Alcalá de Guadaíra
Abarth,500,Gasolina,16566.0,145.0,manual,21620,Mercabilbao,48970,Bizkaia,Mercabilbao
Citroen,C5,Diésel,211600.0,110.0,manual,1490,Leioa,48940,Bizkaia,Leioa
Citroen,C5,Diésel,230000.0,173.0,manual,5500,Manresa,8242,Barcelona,Manresa
Citroen,C5,Diésel,209000.0,140.0,manual,6500,Montijo,6480,Badajoz,Montijo
Abarth,500,Gasolina,16566.0,145.0,manual,21620,Alcobendas,28100,Madrid,Alcobendas
Abarth,500,Gasolina,16566.0,145.0,manual,21620,Alameda del Obispo,14005,Córdoba,Alameda del Obispo
Abarth,500,Gasolina,16566.0,145.0,manual,21620,Torremolinos,29620,Málaga,Torremolinos
Abarth,500,Gasolina,16566.0,145.0,manual,21620,Torremolinos,29620,Málaga,Torremolinos
Abarth,500,Gasolina,16566.0,145.0,manual,21620,Torremolinos,29620,Málaga,Torremolinos
Abarth,500,Gasolina,16566.0,145.0,manual,21620,Alzira,46600,Valencia,Alzira
Abarth,500,Gasolina,16566.0,145.0,manual,21620,Alzira,46600,Valencia,Alzira
Abarth,500,Gasolina,16566.0,145.0,manual,21620,Puerto de Sagunto,46520,Valencia,Puerto de Sagunto
Abarth,500,Gasolina,16566.0,145.0,manual,21620,Olèrdola,8734,Barcelona,Olèrdola
Abarth,500,Gasolina,16566.0,145.0,manual,21620,Olèrdola,8734,Barcelona,Olèrdola
Abarth,500,Gasolina,16566.0,145.0,manual,21620,Colonia Pablo Iglesias,28520,Madrid,Colonia Pablo Iglesias
Abarth,500,Gasolina,16566.0,145.0,manual,21620,Collado Villalba,28400,Madrid,Collado Villalba
Abarth,500,Gasolina,16566.0,145.0,manual,21620,Collado Villalba,28400,Madrid,Collado Villalba
Abarth,500,Gasolina,16566.0,145.0,manual,21620,Zaragoza,50013,Zaragoza,Zaragoza
Abarth,500,Gasolina,16566.0,145.0,manual,21620,Paterna,46980,Valencia,Paterna
Abarth,500,Gasolina,16566.0,145.0,manual,21620,Atarrabia,31610,Navarra,Atarrabia
Abarth,500,Gasolina,16566.0,145.0,manual,21620,Barcelona,8007,Barcelona,Barcelona
Abarth,500,Gasolina,96420.0,180.0,automatic,14990,Valencia,46001,Valencia,Valencia
Abarth,500,Gasolina,35000.0,180.0,manual,23900,El Prat de Llobregat,8820,Barcelona,El Prat de Llobregat
Abarth,500,Gasolina,63390.0,135.0,manual,13900,Málaga,29004,Málaga,Málaga
Abarth,500,Gasolina,118000.0,135.0,manual,11990,Fuenlabrada,28943,Madrid,Fuenlabrada
Abarth,500,Gasolina,135700.0,135.0,manual,9990,Madrid,28046,Madrid,Madrid
Abarth,500,Gasolina,25020.0,145.0,automatic,15790,Camarma de Esteruelas,28816,Madrid,Camarma de Esteruelas
Abarth,500,Gasolina,25020.0,145.0,automatic,15790,Camarma de Esteruelas,28816,Madrid,Camarma de Esteruelas
Abarth,500,Gasolina,25020.0,145.0,automatic,15790,Collado Villalba,28400,Madrid,Collado Villalba
Abarth,500,Gasolina,25020.0,145.0,automatic,15790,Collado Villalba,28400,Madrid,Collado Villalba
Abarth,500,Gasolina,6000.0,180.0,manual,22880,Santander,39010,Cantabria,Santander
Abarth,500,Gasolina,6000.0,180.0,manual,22880,Oviedo,33003,Asturias,Oviedo
Abarth,500,Gasolina,25020.0,145.0,automatic,15790,Fuenlabrada,28947,Madrid,Fuenlabrada
Abarth,500,Gasolina,25020.0,145.0,automatic,15790,Urbanizacion La Granjilla,28700,Madrid,Urbanizacion La Granjilla
Abarth,500,Gasolina,25020.0,145.0,automatic,15790,Colonia Pablo Iglesias,28520,Madrid,Colonia Pablo Iglesias
Abarth,500,Gasolina,25020.0,145.0,automatic,15790,Villaviciosa de Odón,28670,Madrid,Villaviciosa de Odón
Abarth,500,Gasolina,25020.0,145.0,automatic,15790,Las Rozas de Madrid,28232,Madrid,Las Rozas de Madrid
Abarth,500,Gasolina,6000.0,180.0,manual,22880,León,24003,León,León
Abarth,500,Gasolina,6000.0,180.0,manual,22880,León,24003,León,León
Abarth,500,Gasolina,69447.0,140.0,manual,14199,Barcelona,8007,Barcelona,Barcelona
Abarth,500,Gasolina,69447.0,140.0,manual,14199,Madrid,28014,Madrid,Madrid
Abarth,500,Gasolina,10333.0,180.0,manual,24390,Madrid,28021,Madrid,Madrid
Abarth,500,Gasolina,17000.0,165.0,manual,20990,Òrrius,8317,Barcelona,Òrrius
Abarth,500,Gasolina,17000.0,165.0,manual,20990,Palau-Solita I Plegamans,8184,Barcelona,Palau-Solita I Plegamans
Abarth,500,Gasolina,17000.0,165.0,manual,20990,Palau-Solita I Plegamans,8184,Barcelona,Palau-Solita I Plegamans
Abarth,500,Gasolina,17000.0,165.0,manual,20990,Ullastrell,8231,Barcelona,Ullastrell
Abarth,500,Gasolina,17000.0,165.0,manual,20990,Girona,17007,Girona,Girona
Abarth,500,Gasolina,17000.0,165.0,manual,20990,Tarragona,43006,Tarragona,Tarragona
Abarth,500,Gasolina,35600.0,180.0,manual,18490,Òrrius,8317,Barcelona,Òrrius
Abarth,500,Gasolina,35600.0,180.0,manual,18490,Palau-Solita I Plegamans,8184,Barcelona,Palau-Solita I Plegamans
Abarth,500,Gasolina,35600.0,180.0,manual,18490,Palau-Solita I Plegamans,8184,Barcelona,Palau-Solita I Plegamans
Abarth,500,Gasolina,35600.0,180.0,manual,18490,Ullastrell,8231,Barcelona,Ullastrell
Abarth,500,Gasolina,35600.0,180.0,manual,18490,Girona,17007,Girona,Girona
Abarth,500,Gasolina,35600.0,180.0,manual,18490,Tarragona,43006,Tarragona,Tarragona
Abarth,500,Gasolina,48000.0,145.0,automatic,19700,Mira-Sol,8195,Barcelona,Mira-Sol
Abarth,500,Gasolina,63914.0,135.0,manual,13985,Sabadell,8201,Barcelona,Sabadell
Abarth,500,Gasolina,63914.0,135.0,manual,13985,Sant Boi de Llobregat,8830,Barcelona,Sant Boi de Llobregat
Abarth,500,Gasolina,63914.0,135.0,manual,13985,Barcelona,8003,Barcelona,Barcelona
Abarth,500,Gasolina,64628.0,165.0,manual,19890,Pamplona/Iruña,31001,Navarra,Pamplona/Iruña
Abarth,500,Gasolina,98000.0,160.0,manual,15900,Sabadell,8205,Barcelona,Sabadell
Abarth,500,Gasolina,18704.0,145.0,manual,21838,Santa Maria del Aguila,4710,Almería,Santa Maria del Aguila
Abarth,500,Gasolina,18704.0,145.0,manual,21838,Mercado Parque Corredor del Henares,28850,Madrid,Mercado Parque Corredor del Henares
Abarth,500,Gasolina,18704.0,145.0,manual,21838,Valdepeñas,13300,Ciudad Real,Valdepeñas
Abarth,500,Gasolina,18704.0,145.0,manual,21838,Valdepeñas,13300,Ciudad Real,Valdepeñas
Abarth,500,Gasolina,18704.0,145.0,manual,21838,Ciudad Real,13003,Ciudad Real,Ciudad Real
Abarth,500,Gasolina,18704.0,145.0,manual,21838,Sant Vicenç de Montalt,8394,Barcelona,Sant Vicenç de Montalt
Abarth,500,Gasolina,18704.0,145.0,manual,21838,Collado Villalba,28400,Madrid,Collado Villalba
Abarth,500,Gasolina,18704.0,145.0,manual,21838,Collado Villalba,28400,Madrid,Collado Villalba
Abarth,500,Gasolina,18704.0,145.0,manual,21838,Granollers,8403,Barcelona,Granollers
Abarth,500,Gasolina,18704.0,145.0,manual,21838,Zaragoza,50013,Zaragoza,Zaragoza
Abarth,500,Gasolina,18704.0,145.0,manual,21838,Vigo,36214,Pontevedra,Vigo
Abarth,500,Gasolina,18704.0,145.0,manual,21838,Saladar,3700,Alicante,Saladar
Abarth,500,Gasolina,18704.0,145.0,manual,21838,Murcia,30003,Murcia,Murcia
Abarth,500,Gasolina,18704.0,145.0,manual,21838,Olèrdola,8734,Barcelona,Olèrdola
Abarth,500,Gasolina,18704.0,145.0,manual,21838,Olèrdola,8734,Barcelona,Olèrdola
Abarth,500,Gasolina,18704.0,145.0,manual,21838,Badajoz,6008,Badajoz,Badajoz
Abarth,500,Gasolina,18704.0,145.0,manual,21838,Santiago de Compostela,15703,A Coruña,Santiago de Compostela
Abarth,500,Gasolina,18704.0,145.0,manual,21838,Paterna,46980,Valencia,Paterna
Abarth,500,Gasolina,18704.0,145.0,manual,21838,Las Rozas de Madrid,28232,Madrid,Las Rozas de Madrid
Abarth,500,Gasolina,18704.0,145.0,manual,21838,Getafe,28906,Madrid,Getafe
Abarth,500,Gasolina,18704.0,145.0,manual,21838,Estepona,29680,Málaga,Estepona
Abarth,500,Gasolina,18704.0,145.0,manual,21838,Barcelona,8007,Barcelona,Barcelona
Abarth,500,Gasolina,18704.0,145.0,manual,21838,Colonia Pablo Iglesias,28520,Madrid,Colonia Pablo Iglesias
Abarth,500,Gasolina,18704.0,145.0,manual,21838,Atarrabia,31610,Navarra,Atarrabia
Abarth,500,Gasolina,18704.0,145.0,manual,21838,Albacete,2001,Albacete,Albacete
Abarth,500,Gasolina,18704.0,145.0,manual,21838,Alicante,3007,Alicante,Alicante
Abarth,500,Gasolina,18704.0,145.0,manual,21838,Alcobendas,28100,Madrid,Alcobendas
Abarth,500,Gasolina,18704.0,145.0,manual,21838,Hidraulica Santillana,28770,Madrid,Hidraulica Santillana
Abarth,500,Gasolina,18704.0,145.0,manual,21838,Alameda del Obispo,14005,Córdoba,Alameda del Obispo
Abarth,500,Gasolina,18704.0,145.0,manual,21838,Alzira,46600,Valencia,Alzira
Abarth,500,Gasolina,18704.0,145.0,manual,21838,Alzira,46600,Valencia,Alzira
Abarth,500,Gasolina,18704.0,145.0,manual,21838,Mercabilbao,48970,Bizkaia,Mercabilbao
Abarth,500,Gasolina,18704.0,145.0,manual,21838,Torremolinos,29620,Málaga,Torremolinos
Abarth,500,Gasolina,18704.0,145.0,manual,21838,Torremolinos,29620,Málaga,Torremolinos
Abarth,500,Gasolina,18704.0,145.0,manual,21838,Torremolinos,29620,Málaga,Torremolinos
Abarth,500,Gasolina,18704.0,145.0,manual,21838,Puerto de Sagunto,46520,Valencia,Puerto de Sagunto
Abarth,500,Gasolina,18704.0,145.0,manual,21838,Castello/Castellon de La Plana,12100,Castellón,Castello/Castellon de La Plana
Abarth,500,Gasolina,18704.0,145.0,manual,21838,Santafe,18320,Granada,Santafe
Abarth,500,Gasolina,18704.0,145.0,manual,21838,Alcalá de Guadaíra,41500,Sevilla,Alcalá de Guadaíra
Citroen,C5,Diésel,228000.0,138.0,manual,2999,Sant Cugat del Vallès,8172,Barcelona,Sant Cugat del Vallès
Citroen,C5,Diésel,270000.0,90.0,manual,2000,Guadassuar,46610,Valencia,Guadassuar
Citroen,C5,Diésel,211000.0,136.0,manual,3999,Sant Vicent del Raspeig,3690,Alicante,Sant Vicent del Raspeig
Citroen,Berlingo,Diésel,39000.0,100.0,manual,18990,Parla,28984,Madrid,Parla
Citroen,Berlingo,Diésel,107361.0,114.0,manual,14850,Santiago de Compostela,15703,A Coruña,Santiago de Compostela
Citroen,Berlingo,Diésel,107361.0,114.0,manual,14850,Sant Vicenç de Montalt,8394,Barcelona,Sant Vicenç de Montalt
Citroen,Berlingo,Diésel,43240.0,130.0,manual,24190,Madrid,28021,Madrid,Madrid
Citroen,Berlingo,Diésel,107361.0,114.0,manual,14850,Ciudad Real,13003,Ciudad Real,Ciudad Real
Citroen,Berlingo,Diésel,107361.0,114.0,manual,14850,Mercado Parque Corredor del Henares,28850,Madrid,Mercado Parque Corredor del Henares
Citroen,Berlingo,Diésel,107361.0,114.0,manual,14850,Santa Maria del Aguila,4710,Almería,Santa Maria del Aguila
Citroen,Berlingo,Diésel,107361.0,114.0,manual,14850,Valdepeñas,13300,Ciudad Real,Valdepeñas
Citroen,Berlingo,Diésel,107361.0,114.0,manual,14850,Valdepeñas,13300,Ciudad Real,Valdepeñas
Citroen,Berlingo,Diésel,107361.0,114.0,manual,14850,Vigo,36214,Pontevedra,Vigo
Citroen,Berlingo,Diésel,107361.0,114.0,manual,14850,Granollers,8403,Barcelona,Granollers
Citroen,Berlingo,Diésel,70836.0,75.0,manual,14900,Sevilla,41004,Sevilla,Sevilla
Citroen,Berlingo,Diésel,70836.0,75.0,manual,14600,Sevilla,41004,Sevilla,Sevilla
Citroen,Berlingo,Diésel,70836.0,75.0,manual,14900,Valladolid,47004,Valladolid,Valladolid
Citroen,Berlingo,Diésel,70836.0,75.0,manual,14600,Valladolid,47004,Valladolid,Valladolid
Citroen,Berlingo,Diésel,70836.0,75.0,manual,14900,Barcelona,8008,Barcelona,Barcelona
Citroen,Berlingo,Diésel,70836.0,75.0,manual,14600,Barcelona,8008,Barcelona,Barcelona
Citroen,Berlingo,Diésel,107361.0,114.0,manual,14850,Murcia,30003,Murcia,Murcia
Citroen,Berlingo,Diésel,107361.0,114.0,manual,14850,Saladar,3700,Alicante,Saladar
Citroen,Berlingo,Diésel,107361.0,114.0,manual,14850,Estepona,29680,Málaga,Estepona
Citroen,Berlingo,Diésel,59000.0,130.0,manual,22490,Alicante,3010,Alicante,Alicante
Citroen,Berlingo,Diésel,59000.0,130.0,manual,22490,Alicante,3010,Murcia,Alicante
Citroen,Berlingo,Diésel,63763.0,100.0,manual,23990,Alicante,3010,Alicante,Alicante
Citroen,Berlingo,Diésel,63763.0,100.0,manual,23990,Alicante,3010,Murcia,Alicante
Citroen,Berlingo,Diésel,107361.0,114.0,manual,14850,Barcelona,8007,Barcelona,Barcelona
Citroen,Berlingo,Diésel,59000.0,130.0,manual,22490,Sevilla,41005,Sevilla,Sevilla
Citroen,Berlingo,Diésel,70836.0,75.0,manual,14900,Viladecans,8840,Barcelona,Viladecans
Citroen,Berlingo,Diésel,70836.0,75.0,manual,14600,Viladecans,8840,Barcelona,Viladecans
Citroen,Berlingo,Diésel,63763.0,100.0,manual,23990,Sevilla,41005,Sevilla,Sevilla
Citroen,Berlingo,Diésel,59000.0,130.0,manual,22490,Málaga,29005,Málaga,Málaga
Citroen,Berlingo,Diésel,63763.0,100.0,manual,23990,Málaga,29005,Málaga,Málaga
Citroen,Berlingo,Diésel,59000.0,130.0,manual,22490,Granada,18005,Granada,Granada
Citroen,Berlingo,Diésel,59000.0,130.0,manual,22490,Vigo,36211,Pontevedra,Vigo
Citroen,Berlingo,Diésel,59000.0,130.0,manual,22490,Ciudad Real,13005,Ciudad Real,Ciudad Real
Citroen,Berlingo,Diésel,63763.0,100.0,manual,23990,Granada,18005,Granada,Granada
Citroen,Berlingo,Diésel,63763.0,100.0,manual,23990,Vigo,36211,Pontevedra,Vigo
Citroen,Berlingo,Diésel,70836.0,75.0,manual,14900,Almería,4001,Almería,Almería
Citroen,Berlingo,Diésel,70836.0,75.0,manual,14600,Almería,4001,Almería,Almería
Citroen,Berlingo,Diésel,144235.0,92.0,manual,8950,Las Rozas de Madrid,28232,Madrid,Las Rozas de Madrid
Citroen,Berlingo,Diésel,107361.0,114.0,manual,14850,Olèrdola,8734,Barcelona,Olèrdola
Citroen,Berlingo,Diésel,107361.0,114.0,manual,14850,Olèrdola,8734,Barcelona,Olèrdola
Citroen,Berlingo,Diésel,55216.0,130.0,manual,20599,Madrid,28014,Madrid,Madrid
Citroen,Berlingo,Diésel,55216.0,130.0,manual,20599,Barcelona,8007,Barcelona,Barcelona
Citroen,Berlingo,Diésel,70836.0,75.0,manual,14900,Urbanitzacio El Medol,43150,Tarragona,Urbanitzacio El Medol
Citroen,Berlingo,Diésel,70836.0,75.0,manual,14600,Urbanitzacio El Medol,43150,Tarragona,Urbanitzacio El Medol
Abarth,500,Gasolina,27087.0,145.0,automatic,18599,Olèrdola,8734,Barcelona,Olèrdola
Abarth,500,Gasolina,27087.0,145.0,automatic,18599,Olèrdola,8734,Barcelona,Olèrdola
Abarth,500,Gasolina,72878.0,180.0,manual,19900,Olèrdola,8734,Barcelona,Olèrdola
Abarth,500,Gasolina,72878.0,180.0,manual,19900,Olèrdola,8734,Barcelona,Olèrdola
Abarth,500,Gasolina,12831.0,180.0,manual,25800,Olèrdola,8734,Barcelona,Olèrdola
Abarth,500,Gasolina,12831.0,180.0,manual,25800,Olèrdola,8734,Barcelona,Olèrdola
Abarth,500,Gasolina,27087.0,145.0,automatic,18599,Santa Maria del Aguila,4710,Almería,Santa Maria del Aguila
Abarth,500,Gasolina,72878.0,180.0,manual,19900,Santa Maria del Aguila,4710,Almería,Santa Maria del Aguila
Abarth,500,Gasolina,12831.0,180.0,manual,25800,Santa Maria del Aguila,4710,Almería,Santa Maria del Aguila
Abarth,500,Gasolina,27087.0,145.0,automatic,18599,Sant Vicenç de Montalt,8394,Barcelona,Sant Vicenç de Montalt
Abarth,500,Gasolina,72878.0,180.0,manual,19900,Sant Vicenç de Montalt,8394,Barcelona,Sant Vicenç de Montalt
Abarth,500,Gasolina,12831.0,180.0,manual,25800,Sant Vicenç de Montalt,8394,Barcelona,Sant Vicenç de Montalt
Abarth,500,Gasolina,29552.0,165.0,manual,23900,Sant Celoni,8470,Barcelona,Sant Celoni
Abarth,500,Gasolina,29552.0,165.0,manual,23900,Sant Celoni,8470,Barcelona,Sant Celoni
Abarth,500,Gasolina,29552.0,165.0,manual,23900,Sant Celoni,8470,Barcelona,Sant Celoni
Abarth,500,Gasolina,29552.0,165.0,manual,23900,Sant Celoni,8470,Barcelona,Sant Celoni
Abarth,500,Gasolina,47500.0,180.0,automatic,20600,Parets del Vallès,8150,Barcelona,Parets del Vallès
Abarth,500,Gasolina,59990.0,135.0,manual,13890,Vigo,36211,Pontevedra,Vigo
Abarth,500,Gasolina,53206.0,145.0,manual,14790,Santander,39010,Cantabria,Santander
Abarth,500,Gasolina,75800.0,180.0,automatic,15190,Santander,39010,Cantabria,Santander
Abarth,500,Gasolina,23859.0,160.0,manual,15990,Santander,39010,Cantabria,Santander
Abarth,500,Gasolina,53206.0,145.0,manual,14790,Armentia,1007,Álava,Armentia
Abarth,500,Gasolina,23859.0,160.0,manual,15990,Armentia,1007,Álava,Armentia
Abarth,500,Gasolina,41160.0,180.0,manual,23900,Sabadell,8201,Barcelona,Sabadell
Abarth,500,Gasolina,32000.0,145.0,manual,18900,Valencia,46002,Valencia,Valencia
Abarth,500,Gasolina,67000.0,140.0,manual,12800,Barcelona,8028,Barcelona,Barcelona
Abarth,500,Gasolina,73200.0,165.0,automatic,18990,Colonia Pablo Iglesias,28520,Madrid,Colonia Pablo Iglesias
Abarth,500,Gasolina,73200.0,165.0,automatic,18990,Granada,18005,Granada,Granada
Abarth,500,Gasolina,73200.0,165.0,automatic,18990,Vigo,36211,Pontevedra,Vigo
Abarth,500,Gasolina,73200.0,165.0,automatic,18990,Las Rozas de Madrid,28232,Madrid,Las Rozas de Madrid
Abarth,500,Gasolina,73200.0,165.0,automatic,18990,Collado Villalba,28400,Madrid,Collado Villalba
Abarth,500,Gasolina,73200.0,165.0,automatic,18990,Collado Villalba,28400,Madrid,Collado Villalba
Abarth,500,Gasolina,73200.0,165.0,automatic,18990,Sevilla,41005,Sevilla,Sevilla
Abarth,500,Gasolina,73200.0,165.0,automatic,18990,Alicante,3010,Alicante,Alicante
Abarth,500,Gasolina,73200.0,165.0,automatic,18990,Alicante,3010,Murcia,Alicante
Citroen,C5,Diésel,280000.0,90.0,manual,2690,Pamplona/Iruña,31003,Navarra,Pamplona/Iruña
Citroen,C5,Diésel,280000.0,90.0,manual,2690,Sant Boi de Llobregat,8830,Barcelona,Sant Boi de Llobregat
Citroen,C5,Diésel,280000.0,90.0,manual,2690,Valencia,46002,Valencia,Valencia
Citroen,C5,Diésel,280000.0,90.0,manual,2690,Agirre-Aperribai,48960,Bizkaia,Agirre-Aperribai
Citroen,C5,Diésel,280000.0,90.0,manual,2690,Sevilla,41006,Sevilla,Sevilla
Citroen,C5,Diésel,280000.0,90.0,manual,2690,Bacarot,3114,Alicante,Bacarot
Citroen,C5,Diésel,280000.0,90.0,manual,2690,Torrejón de Ardoz,28850,Madrid,Torrejón de Ardoz
Citroen,C5,Diésel,361517.0,110.0,manual,2490,Utebo,50180,Zaragoza,Utebo
Citroen,C5,Diésel,159000.0,170.0,manual,7950,Alcorcón,28923,Madrid,Alcorcón
Citroen,C5,Diésel,159000.0,170.0,manual,7950,Madrid,28046,Madrid,Madrid
Citroen,C5,Diésel,159000.0,170.0,manual,7950,Los Negrales,28430,Madrid,Los Negrales
Citroen,C5,Diésel,159000.0,170.0,manual,7950,Los Negrales,28430,Madrid,Los Negrales
Citroen,C5,Diésel,250000.0,109.0,manual,4500,Jaén,23008,Jaén,Jaén
Abarth,500,Gasolina,73200.0,165.0,automatic,18990,Camarma de Esteruelas,28816,Madrid,Camarma de Esteruelas
Abarth,500,Gasolina,73200.0,165.0,automatic,18990,Camarma de Esteruelas,28816,Madrid,Camarma de Esteruelas
Abarth,500,Gasolina,73200.0,165.0,automatic,18990,Valencia,46001,Valencia,Valencia
Abarth,500,Gasolina,73200.0,165.0,automatic,18990,Murcia,30005,Murcia,Murcia
Abarth,500,Gasolina,73200.0,165.0,automatic,18990,Almería,4006,Almería,Almería
Abarth,500,Gasolina,73200.0,165.0,automatic,18990,Fuenlabrada,28947,Madrid,Fuenlabrada
Abarth,500,Gasolina,73200.0,165.0,automatic,18990,Toledo,45002,Toledo,Toledo
Abarth,500,Gasolina,73200.0,165.0,automatic,18990,Villaviciosa de Odón,28670,Madrid,Villaviciosa de Odón
Abarth,500,Gasolina,73200.0,165.0,automatic,18990,Bilbao,48004,Bizkaia,Bilbao
Citroen,C5,Diésel,182000.0,112.0,manual,5900,El Campello,3560,Alicante,El Campello
Citroen,C5,Diésel,118000.0,114.0,manual,10999,Granada,18005,Granada,Granada
Citroen,C5,Diésel,118000.0,114.0,manual,9999,Granada,18005,Granada,Granada
Abarth,500,Gasolina,73200.0,165.0,automatic,18990,Málaga,29005,Málaga,Málaga
Abarth,500,Gasolina,73200.0,165.0,automatic,18990,Urbanizacion La Granjilla,28700,Madrid,Urbanizacion La Granjilla
Citroen,C5,Diésel,120000.0,110.0,manual,2900,Vitoria-Gasteiz,1002,Álava,Vitoria-Gasteiz
Citroen,C5,Diésel,270000.0,110.0,manual,3999,Arbuio,48810,Bizkaia,Arbuio
Citroen,C5,Diésel,190000.0,109.0,manual,6600,El Prat de Llobregat,8820,Barcelona,El Prat de Llobregat
Citroen,C5,Diésel,213189.0,140.0,manual,7400,Figueres,17600,Girona,Figueres
Jeep,Compass,Diésel,35192.0,140.0,automatic,26490,Málaga,29003,Málaga,Málaga
Jeep,Compass,Diésel,35192.0,140.0,automatic,27490,Málaga,29003,Málaga,Málaga
Jeep,Compass,Diésel,154341.0,136.0,manual,10800,Vigo,36214,Pontevedra,Vigo
Jeep,Compass,Diésel,154341.0,136.0,manual,10800,Saladar,3700,Alicante,Saladar
Jeep,Compass,Diésel,154341.0,136.0,manual,10800,Granollers,8403,Barcelona,Granollers
Jeep,Compass,Diésel,154341.0,136.0,manual,10800,Badajoz,6008,Badajoz,Badajoz
Jeep,Compass,Diésel,154341.0,136.0,manual,10800,Barcelona,8007,Barcelona,Barcelona
Jeep,Compass,Diésel,56185.0,140.0,automatic,25490,Málaga,29006,Málaga,Málaga
Abarth,500,Gasolina,59990.0,135.0,manual,13890,Ourense,32001,Ourense,Ourense
Abarth,500,Gasolina,32930.0,180.0,manual,23900,Sabadell,8201,Barcelona,Sabadell
Abarth,500,Gasolina,32930.0,180.0,manual,23900,Granollers,8401,Barcelona,Granollers
Abarth,500,Gasolina,59990.0,135.0,manual,13890,Granada,18005,Granada,Granada
Abarth,500,Gasolina,59990.0,135.0,manual,13890,Sevilla,41005,Sevilla,Sevilla
Abarth,500,Gasolina,59990.0,135.0,manual,13890,Almería,4006,Almería,Almería
Abarth,500,Gasolina,59990.0,135.0,manual,13890,A Coruña,15005,A Coruña,A Coruña
Abarth,500,Gasolina,59990.0,135.0,manual,13890,Valencia,46001,Valencia,Valencia
Abarth,500,Gasolina,59990.0,135.0,manual,13890,Alicante,3010,Alicante,Alicante
Abarth,500,Gasolina,59990.0,135.0,manual,13890,Alicante,3010,Murcia,Alicante
Abarth,500,Gasolina,23859.0,160.0,manual,15990,Pamplona/Iruña,31001,Navarra,Pamplona/Iruña
Abarth,500,Gasolina,59990.0,135.0,manual,13890,Murcia,30005,Murcia,Murcia
Abarth,500,Gasolina,59990.0,135.0,manual,13890,Vilagarcía de Arousa,36600,Pontevedra,Vilagarcía de Arousa
Citroen,C5,Diésel,193000.0,173.0,manual,6900,El Campello,3560,Alicante,El Campello
Citroen,Grand C4 SpaceTourer,Gasolina,99950.0,130.0,manual,421,Barcelona,8009,Barcelona,Barcelona
Citroen,Grand C4 SpaceTourer,Gasolina,114000.0,130.0,manual,16650,Bormujos,41930,Sevilla,Bormujos
Citroen,Grand C4 SpaceTourer,Gasolina,99950.0,130.0,manual,16950,Bormujos,41930,Sevilla,Bormujos
Citroen,Grand C4 SpaceTourer,Gasolina,114000.0,130.0,manual,16650,Valdefuentes,28939,Madrid,Valdefuentes
Citroen,Grand C4 SpaceTourer,Gasolina,114000.0,130.0,manual,16650,Valdefuentes,28939,Madrid,Valdefuentes
Citroen,Grand C4 SpaceTourer,Gasolina,99950.0,130.0,manual,16950,Valdefuentes,28939,Madrid,Valdefuentes
Citroen,Grand C4 SpaceTourer,Gasolina,99950.0,130.0,manual,16950,Valdefuentes,28939,Madrid,Valdefuentes
Citroen,Grand C4 SpaceTourer,Gasolina,114000.0,130.0,manual,16650,Terrassa,8223,Barcelona,Terrassa
Citroen,Grand C4 SpaceTourer,Gasolina,99950.0,130.0,manual,16950,Terrassa,8223,Barcelona,Terrassa
Citroen,Grand C4 SpaceTourer,Gasolina,114000.0,130.0,manual,16650,Burjassot,46100,Valencia,Burjassot
Citroen,Grand C4 SpaceTourer,Gasolina,99950.0,130.0,manual,16950,Burjassot,46100,Valencia,Burjassot
Citroen,Grand C4 SpaceTourer,Diésel,42000.0,160.0,automatic,21990,Alzira,46600,Valencia,Alzira
Citroen,Grand C4 SpaceTourer,Diésel,42000.0,160.0,automatic,21990,Alzira,46600,Valencia,Alzira
Citroen,Grand C4 SpaceTourer,Gasolina,94316.0,131.0,manual,20500,Mairena del Aljarafe,41927,Sevilla,Mairena del Aljarafe
Abarth,500,Gasolina,59990.0,135.0,manual,13890,Bilbao,48004,Bizkaia,Bilbao
Abarth,500,Gasolina,23859.0,160.0,manual,15990,Oviedo,33003,Asturias,Oviedo
Abarth,500,Gasolina,23859.0,160.0,manual,15990,Donostia-San Sebastián,20006,Gipuzkoa,Donostia-San Sebastián
Abarth,500,Gasolina,59990.0,135.0,manual,13890,Málaga,29005,Málaga,Málaga
Abarth,500,Gasolina,23859.0,160.0,manual,15990,Vigo,36211,Pontevedra,Vigo
Abarth,500,Gasolina,23859.0,160.0,manual,15990,Alicante,3010,Alicante,Alicante
Abarth,500,Gasolina,23859.0,160.0,manual,15990,Alicante,3010,Murcia,Alicante
Abarth,500,Gasolina,23859.0,160.0,manual,15990,Granada,18005,Granada,Granada
Abarth,500,Gasolina,23859.0,160.0,manual,15990,Sevilla,41005,Sevilla,Sevilla
Abarth,500,Gasolina,23859.0,160.0,manual,15990,Valencia,46001,Valencia,Valencia
Abarth,500,Gasolina,23859.0,160.0,manual,15990,Almería,4006,Almería,Almería
Abarth,500,Gasolina,23859.0,160.0,manual,15990,Durango,48200,Bizkaia,Durango
Abarth,500,Gasolina,23859.0,160.0,manual,15990,Durango,48200,Bizkaia,Durango
Abarth,500,Gasolina,63231.0,145.0,automatic,16900,Sabadell,8201,Barcelona,Sabadell
Abarth,500,Gasolina,63231.0,145.0,automatic,16900,Mollet del Vallès,8100,Barcelona,Mollet del Vallès
Abarth,500,Gasolina,23859.0,160.0,manual,15990,Bilbao,48004,Bizkaia,Bilbao
Abarth,500,Gasolina,23859.0,160.0,manual,15990,Murcia,30005,Murcia,Murcia
Abarth,500,Gasolina,23859.0,160.0,manual,15990,Málaga,29005,Málaga,Málaga
Abarth,500,Gasolina,85699.0,165.0,manual,15990,Valencia,46001,Valencia,Valencia
Abarth,500,Gasolina,85699.0,165.0,manual,15990,Badajoz,6003,Badajoz,Badajoz
Abarth,500,Gasolina,85699.0,165.0,manual,15990,Almería,4006,Almería,Almería
Abarth,500,Gasolina,85699.0,165.0,manual,15990,Bilbao,48004,Bizkaia,Bilbao
Abarth,500,Gasolina,85699.0,165.0,manual,15990,Huelva,21004,Huelva,Huelva
Abarth,500,Gasolina,85699.0,165.0,manual,15990,Vigo,36211,Pontevedra,Vigo
Abarth,500,Gasolina,85699.0,165.0,manual,15990,Granada,18005,Granada,Granada
Abarth,500,Gasolina,85699.0,165.0,manual,15990,Murcia,30005,Murcia,Murcia
Abarth,500,Gasolina,85699.0,165.0,manual,15990,Alicante,3010,Alicante,Alicante
Abarth,500,Gasolina,85699.0,165.0,manual,15990,Alicante,3010,Murcia,Alicante
Abarth,500,Gasolina,85699.0,165.0,manual,15990,Cáceres,10001,Cáceres,Cáceres
Abarth,500,Gasolina,85699.0,165.0,manual,15990,Córdoba,14003,Córdoba,Córdoba
Abarth,500,Gasolina,85699.0,165.0,manual,15990,Sevilla,41005,Sevilla,Sevilla
Abarth,500,Gasolina,85699.0,165.0,manual,15990,Málaga,29005,Málaga,Málaga
Abarth,500,Gasolina,85699.0,165.0,manual,15990,Sevilla,41017,Sevilla,Sevilla
Abarth,500,Gasolina,12000.0,179.0,manual,27999,Partida Altabix,3207,Alicante,Partida Altabix
Abarth,500,Gasolina,15000.0,145.0,manual,22490,Las Rozas de Madrid,28232,Madrid,Las Rozas de Madrid
Abarth,500,Gasolina,53206.0,145.0,manual,14790,Oviedo,33003,Asturias,Oviedo
Abarth,500,Gasolina,53206.0,145.0,manual,14790,Bilbao,48004,Bizkaia,Bilbao
Skoda,Kamiq,Gasolina,29000.0,115.0,automatic,17990,Almería,4006,Almería,Almería
Skoda,Kamiq,Gasolina,29000.0,115.0,automatic,17990,Ullastrell,8231,Barcelona,Ullastrell
Skoda,Kamiq,Gasolina,29000.0,115.0,automatic,17990,Òrrius,8317,Barcelona,Òrrius
Skoda,Kamiq,Gasolina,29000.0,115.0,automatic,17990,Sevilla,41005,Sevilla,Sevilla
Skoda,Kamiq,Gasolina,29000.0,115.0,automatic,17990,Alicante,3010,Alicante,Alicante
Skoda,Kamiq,Gasolina,29000.0,115.0,automatic,17990,Alicante,3010,Murcia,Alicante
Skoda,Kamiq,Gasolina,29000.0,115.0,automatic,17990,Vigo,36211,Pontevedra,Vigo
Skoda,Kamiq,Gasolina,29000.0,115.0,automatic,17990,Granada,18005,Granada,Granada
Skoda,Kamiq,Gasolina,29000.0,115.0,automatic,17990,Málaga,29005,Málaga,Málaga
Skoda,Kamiq,Gasolina,29000.0,115.0,automatic,17990,Valencia,46001,Valencia,Valencia
Skoda,Kamiq,Gasolina,29000.0,115.0,automatic,17990,Bilbao,48004,Bizkaia,Bilbao
Skoda,Kamiq,Gasolina,29000.0,115.0,automatic,17990,Murcia,30005,Murcia,Murcia
Skoda,Kamiq,Gasolina,29000.0,115.0,automatic,17990,Palma de Mallorca,7003,Baleares,Palma de Mallorca
Skoda,Kamiq,Gasolina,29000.0,115.0,automatic,17990,Tarragona,43006,Tarragona,Tarragona
Skoda,Kamiq,Gasolina,29000.0,115.0,automatic,17990,Girona,17007,Girona,Girona
Skoda,Kamiq,Gasolina,29000.0,115.0,automatic,17990,Palau-Solita I Plegamans,8184,Barcelona,Palau-Solita I Plegamans
Skoda,Kamiq,Gasolina,29000.0,115.0,automatic,17990,Palau-Solita I Plegamans,8184,Barcelona,Palau-Solita I Plegamans
Skoda,Octavia,Diésel,59561.0,105.0,manual,11990,Vigo,36214,Pontevedra,Vigo
Skoda,Octavia,Diésel,59561.0,105.0,manual,11990,Saladar,3700,Alicante,Saladar
Skoda,Octavia,Diésel,59561.0,105.0,manual,11990,Granollers,8403,Barcelona,Granollers
Skoda,Octavia,Diésel,59561.0,105.0,manual,11990,Badajoz,6008,Badajoz,Badajoz
Skoda,Octavia,Diésel,59561.0,105.0,manual,11990,Barcelona,8007,Barcelona,Barcelona
Abarth,500,Gasolina,53206.0,145.0,manual,14790,Burgos,9004,Burgos,Burgos
Abarth,500,Gasolina,53206.0,145.0,manual,14790,Burgos,9004,Burgos,Burgos
Abarth,500,Gasolina,53206.0,145.0,manual,14790,León,24003,León,León
Abarth,500,Gasolina,53206.0,145.0,manual,14790,León,24003,León,León
Abarth,500,Gasolina,53206.0,145.0,manual,14790,Alicante,3010,Alicante,Alicante
Abarth,500,Gasolina,53206.0,145.0,manual,14790,Alicante,3010,Murcia,Alicante
Abarth,500,Gasolina,53206.0,145.0,manual,14790,Sevilla,41005,Sevilla,Sevilla
Abarth,500,Gasolina,53206.0,145.0,manual,14790,Granada,18005,Granada,Granada
Abarth,500,Gasolina,53206.0,145.0,manual,14790,Vigo,36211,Pontevedra,Vigo
Abarth,500,Gasolina,53206.0,145.0,manual,14790,Salamanca,37008,Salamanca,Salamanca
Abarth,500,Gasolina,53206.0,145.0,manual,14790,Salamanca,37008,Salamanca,Salamanca
Abarth,500,Gasolina,53206.0,145.0,manual,14790,Almería,4006,Almería,Almería
Abarth,500,Gasolina,53206.0,145.0,manual,14790,Valencia,46001,Valencia,Valencia
Abarth,500,Gasolina,53206.0,145.0,manual,14790,Valladolid,47006,Valladolid,Valladolid
Abarth,500,Gasolina,53206.0,145.0,manual,14790,Murcia,30005,Murcia,Murcia
Abarth,500,Gasolina,53206.0,145.0,manual,14790,Málaga,29005,Málaga,Málaga
Abarth,500,Gasolina,16000.0,165.0,manual,23699,Partida Altabix,3207,Alicante,Partida Altabix
Abarth,500,Gasolina,67000.0,140.0,automatic,12800,Barcelona,8028,Barcelona,Barcelona
Abarth,500,Gasolina,113000.0,140.0,manual,11490,Caldes de Montbui,8140,Barcelona,Caldes de Montbui
Abarth,500,Gasolina,27087.0,145.0,automatic,18599,Santiago de Compostela,15703,A Coruña,Santiago de Compostela
Abarth,500,Gasolina,72878.0,180.0,manual,19900,Santiago de Compostela,15703,A Coruña,Santiago de Compostela
Abarth,500,Gasolina,12831.0,180.0,manual,25800,Santiago de Compostela,15703,A Coruña,Santiago de Compostela
Abarth,500,Gasolina,93180.0,140.0,automatic,12290,Málaga,29005,Málaga,Málaga
Abarth,500,Gasolina,96420.0,180.0,automatic,14990,Badajoz,6003,Badajoz,Badajoz
Abarth,500,Gasolina,96420.0,180.0,automatic,14990,Cáceres,10001,Cáceres,Cáceres
Abarth,500,Gasolina,96420.0,180.0,automatic,14990,Almería,4006,Almería,Almería
Abarth,500,Gasolina,96420.0,180.0,automatic,14990,Huelva,21004,Huelva,Huelva
Citroen,C3,Gasolina,43000.0,83.0,manual,12990,Valencia,46001,Valencia,Valencia
Citroen,C3,Gasolina,43000.0,83.0,manual,12990,Málaga,29005,Málaga,Málaga
Citroen,C3,Gasolina,93284.0,82.0,manual,10590,Valencia,46002,Valencia,Valencia
Citroen,C3,Diésel,75672.0,75.0,manual,11399,Madrid,28014,Madrid,Madrid
Citroen,C3,Diésel,75672.0,75.0,manual,11399,Barcelona,8007,Barcelona,Barcelona
Citroen,C3,Diésel,117300.0,99.0,manual,11990,Cáceres,10001,Cáceres,Cáceres
Citroen,C3,Gasolina,43000.0,83.0,manual,12990,Cáceres,10001,Cáceres,Cáceres
Citroen,C3,Diésel,117300.0,99.0,manual,11990,Córdoba,14003,Córdoba,Córdoba
Citroen,C3,Gasolina,43000.0,83.0,manual,12990,Córdoba,14003,Córdoba,Córdoba
Citroen,C3,Gasolina,93284.0,82.0,manual,10590,Torrejón de Ardoz,28850,Madrid,Torrejón de Ardoz
SEAT,Ibiza,Gasolina,19226.0,95.0,manual,15500,Barcelona,8915,Barcelona,Barcelona
SEAT,Ibiza,Gasolina,31754.0,80.0,manual,12900,Barcelona,8915,Barcelona,Barcelona
SEAT,Ibiza,Gasolina,150.0,75.0,manual,990,Pontevedra,36164,Pontevedra,Pontevedra
SEAT,Ibiza,Gasolina,67823.0,95.0,manual,12478,Vigo,36214,Pontevedra,Vigo
SEAT,Ibiza,Diésel,57122.0,105.0,manual,10900,Vigo,36214,Pontevedra,Vigo
SEAT,Ibiza,Gasolina,67823.0,95.0,manual,12478,Saladar,3700,Alicante,Saladar
SEAT,Ibiza,Diésel,57122.0,105.0,manual,10900,Saladar,3700,Alicante,Saladar
SEAT,Ibiza,Gasolina,67823.0,95.0,manual,12478,Granollers,8403,Barcelona,Granollers
SEAT,Ibiza,Diésel,57122.0,105.0,manual,10900,Granollers,8403,Barcelona,Granollers
SEAT,Ibiza,Gasolina,67823.0,95.0,manual,12478,Badajoz,6008,Badajoz,Badajoz
SEAT,Ibiza,Diésel,57122.0,105.0,manual,10900,Badajoz,6008,Badajoz,Badajoz
SEAT,Ibiza,Gasolina,76967.0,80.0,manual,12305,Barcelona,8007,Barcelona,Barcelona
SEAT,Ibiza,Gasolina,67823.0,95.0,manual,12478,Barcelona,8007,Barcelona,Barcelona
SEAT,Ibiza,Diésel,57122.0,105.0,manual,10900,Barcelona,8007,Barcelona,Barcelona
Abarth,500,Gasolina,96420.0,180.0,automatic,14990,Málaga,29005,Málaga,Málaga
Abarth,500,Gasolina,96420.0,180.0,automatic,14990,Bilbao,48004,Bizkaia,Bilbao
Abarth,500,Gasolina,96420.0,180.0,automatic,14990,Granada,18005,Granada,Granada
Abarth,500,Gasolina,96420.0,180.0,automatic,14990,Vigo,36211,Pontevedra,Vigo
Abarth,500,Gasolina,96420.0,180.0,automatic,14990,Córdoba,14003,Córdoba,Córdoba
Abarth,500,Gasolina,96420.0,180.0,automatic,14990,Alicante,3010,Alicante,Alicante
Abarth,500,Gasolina,96420.0,180.0,automatic,14990,Alicante,3010,Murcia,Alicante
Abarth,500,Gasolina,96420.0,180.0,automatic,14990,Sevilla,41005,Sevilla,Sevilla
Abarth,500,Gasolina,96420.0,180.0,automatic,14990,Murcia,30005,Murcia,Murcia
Abarth,500,Gasolina,96420.0,180.0,automatic,14990,Sevilla,41017,Sevilla,Sevilla
Citroen,Xsara,Diésel,203000.0,90.0,manual,3000,Vinaros,12500,Castellón,Vinaros
SEAT,Toledo,Diésel,68120.0,115.0,manual,14300,Málaga,29006,Málaga,Málaga
SEAT,Toledo,Diésel,239000.0,140.0,manual,3350,Viladecans,8840,Barcelona,Viladecans
SEAT,Toledo,Diésel,239000.0,140.0,manual,3100,Viladecans,8840,Barcelona,Viladecans
Abarth,500,Gasolina,106000.0,135.0,manual,11490,Caldes de Montbui,8140,Barcelona,Caldes de Montbui
Abarth,500,Gasolina,39990.0,160.0,manual,18490,Ciudad Real,13005,Ciudad Real,Ciudad Real
Abarth,500,Gasolina,30900.0,165.0,manual,19890,Rubí,8191,Barcelona,Rubí
Abarth,500,Gasolina,27087.0,145.0,automatic,18599,Mercado Parque Corredor del Henares,28850,Madrid,Mercado Parque Corredor del Henares
Abarth,500,Gasolina,27087.0,145.0,automatic,18599,Badajoz,6008,Badajoz,Badajoz
Abarth,500,Gasolina,72878.0,180.0,manual,19900,Mercado Parque Corredor del Henares,28850,Madrid,Mercado Parque Corredor del Henares
Abarth,500,Gasolina,555.0,180.0,manual,30900,Sabadell,8201,Barcelona,Sabadell
Abarth,500,Gasolina,555.0,180.0,manual,30900,Granollers,8401,Barcelona,Granollers
Abarth,500,Gasolina,72878.0,180.0,manual,19900,Badajoz,6008,Badajoz,Badajoz
Abarth,500,Gasolina,12831.0,180.0,manual,25800,Badajoz,6008,Badajoz,Badajoz
Abarth,500,Gasolina,12831.0,180.0,manual,25800,Mercado Parque Corredor del Henares,28850,Madrid,Mercado Parque Corredor del Henares
Abarth,500,Gasolina,27087.0,145.0,automatic,18599,Alameda del Obispo,14005,Córdoba,Alameda del Obispo
Abarth,500,Gasolina,27087.0,145.0,automatic,18599,Vigo,36214,Pontevedra,Vigo
Abarth,500,Gasolina,27087.0,145.0,automatic,18599,Puerto de Sagunto,46520,Valencia,Puerto de Sagunto
Abarth,500,Gasolina,27087.0,145.0,automatic,18599,Ciudad Real,13003,Ciudad Real,Ciudad Real
Abarth,500,Gasolina,27087.0,145.0,automatic,18599,Murcia,30003,Murcia,Murcia
Abarth,500,Gasolina,27087.0,145.0,automatic,18599,Granollers,8403,Barcelona,Granollers
Abarth,500,Gasolina,27087.0,145.0,automatic,18599,Castello/Castellon de La Plana,12100,Castellón,Castello/Castellon de La Plana
Abarth,500,Gasolina,27087.0,145.0,automatic,18599,Santafe,18320,Granada,Santafe
Abarth,500,Gasolina,27087.0,145.0,automatic,18599,Atarrabia,31610,Navarra,Atarrabia
Abarth,500,Gasolina,27087.0,145.0,automatic,18599,Alzira,46600,Valencia,Alzira
Abarth,500,Gasolina,27087.0,145.0,automatic,18599,Alzira,46600,Valencia,Alzira
Abarth,500,Gasolina,27087.0,145.0,automatic,18599,Torremolinos,29620,Málaga,Torremolinos
Abarth,500,Gasolina,27087.0,145.0,automatic,18599,Torremolinos,29620,Málaga,Torremolinos
Abarth,500,Gasolina,27087.0,145.0,automatic,18599,Torremolinos,29620,Málaga,Torremolinos
Abarth,500,Gasolina,27087.0,145.0,automatic,18599,Barcelona,8007,Barcelona,Barcelona
Abarth,500,Gasolina,27087.0,145.0,automatic,18599,Collado Villalba,28400,Madrid,Collado Villalba
Abarth,500,Gasolina,27087.0,145.0,automatic,18599,Collado Villalba,28400,Madrid,Collado Villalba
Abarth,500,Gasolina,27087.0,145.0,automatic,18599,Saladar,3700,Alicante,Saladar
Abarth,500,Gasolina,27087.0,145.0,automatic,18599,Estepona,29680,Málaga,Estepona
Abarth,500,Gasolina,27087.0,145.0,automatic,18599,Alicante,3007,Alicante,Alicante
Abarth,500,Gasolina,27087.0,145.0,automatic,18599,Alcobendas,28100,Madrid,Alcobendas
Abarth,500,Gasolina,27087.0,145.0,automatic,18599,Mercabilbao,48970,Bizkaia,Mercabilbao
Abarth,500,Gasolina,27087.0,145.0,automatic,18599,Albacete,2001,Albacete,Albacete
Abarth,500,Gasolina,27087.0,145.0,automatic,18599,Alcalá de Guadaíra,41500,Sevilla,Alcalá de Guadaíra
Abarth,500,Gasolina,27087.0,145.0,automatic,18599,Colonia Pablo Iglesias,28520,Madrid,Colonia Pablo Iglesias
Citroen,C3,Gasolina,93284.0,82.0,manual,10590,Sevilla,41006,Sevilla,Sevilla
Abarth,500,Gasolina,27087.0,145.0,automatic,18599,Getafe,28906,Madrid,Getafe
Abarth,500,Gasolina,27087.0,145.0,automatic,18599,Zaragoza,50013,Zaragoza,Zaragoza
Abarth,500,Gasolina,27087.0,145.0,automatic,18599,Valdepeñas,13300,Ciudad Real,Valdepeñas
Abarth,500,Gasolina,27087.0,145.0,automatic,18599,Valdepeñas,13300,Ciudad Real,Valdepeñas
Abarth,500,Gasolina,27087.0,145.0,automatic,18599,Hidraulica Santillana,28770,Madrid,Hidraulica Santillana
Abarth,500,Gasolina,27087.0,145.0,automatic,18599,Las Rozas de Madrid,28232,Madrid,Las Rozas de Madrid
Abarth,500,Gasolina,27087.0,145.0,automatic,18599,Paterna,46980,Valencia,Paterna
Abarth,500,Gasolina,72878.0,180.0,manual,19900,Ciudad Real,13003,Ciudad Real,Ciudad Real
Abarth,500,Gasolina,72878.0,180.0,manual,19900,Valdepeñas,13300,Ciudad Real,Valdepeñas
Abarth,500,Gasolina,72878.0,180.0,manual,19900,Valdepeñas,13300,Ciudad Real,Valdepeñas
Abarth,500,Gasolina,72878.0,180.0,manual,19900,Vigo,36214,Pontevedra,Vigo
Abarth,500,Gasolina,72878.0,180.0,manual,19900,Zaragoza,50013,Zaragoza,Zaragoza
Abarth,500,Gasolina,72878.0,180.0,manual,19900,Alcobendas,28100,Madrid,Alcobendas
Abarth,500,Gasolina,104300.0,140.0,automatic,13490,Lugo,27001,Lugo,Lugo
Abarth,500,Gasolina,72878.0,180.0,manual,19900,Albacete,2001,Albacete,Albacete
Abarth,500,Gasolina,72878.0,180.0,manual,19900,Alzira,46600,Valencia,Alzira
Abarth,500,Gasolina,72878.0,180.0,manual,19900,Alzira,46600,Valencia,Alzira
Abarth,500,Gasolina,72878.0,180.0,manual,19900,Santafe,18320,Granada,Santafe
Abarth,500,Gasolina,72878.0,180.0,manual,19900,Granollers,8403,Barcelona,Granollers
Abarth,500,Gasolina,72878.0,180.0,manual,19900,Puerto de Sagunto,46520,Valencia,Puerto de Sagunto
Abarth,500,Gasolina,72878.0,180.0,manual,19900,Saladar,3700,Alicante,Saladar
Abarth,500,Gasolina,72878.0,180.0,manual,19900,Murcia,30003,Murcia,Murcia
Abarth,500,Gasolina,72878.0,180.0,manual,19900,Barcelona,8007,Barcelona,Barcelona
Abarth,500,Gasolina,72878.0,180.0,manual,19900,Atarrabia,31610,Navarra,Atarrabia
Abarth,500,Gasolina,72878.0,180.0,manual,19900,Torremolinos,29620,Málaga,Torremolinos
Abarth,500,Gasolina,72878.0,180.0,manual,19900,Torremolinos,29620,Málaga,Torremolinos
Abarth,500,Gasolina,72878.0,180.0,manual,19900,Torremolinos,29620,Málaga,Torremolinos
Abarth,500,Gasolina,72878.0,180.0,manual,19900,Castello/Castellon de La Plana,12100,Castellón,Castello/Castellon de La Plana
Abarth,500,Gasolina,72878.0,180.0,manual,19900,Alicante,3007,Alicante,Alicante
Abarth,500,Gasolina,72878.0,180.0,manual,19900,Hidraulica Santillana,28770,Madrid,Hidraulica Santillana
Abarth,500,Gasolina,72878.0,180.0,manual,19900,Collado Villalba,28400,Madrid,Collado Villalba
Abarth,500,Gasolina,72878.0,180.0,manual,19900,Collado Villalba,28400,Madrid,Collado Villalba
Abarth,500,Gasolina,72878.0,180.0,manual,19900,Estepona,29680,Málaga,Estepona
Abarth,500,Gasolina,72878.0,180.0,manual,19900,Paterna,46980,Valencia,Paterna
Abarth,500,Gasolina,72878.0,180.0,manual,19900,Alameda del Obispo,14005,Córdoba,Alameda del Obispo
Abarth,500,Gasolina,72878.0,180.0,manual,19900,Getafe,28906,Madrid,Getafe
Abarth,500,Gasolina,72878.0,180.0,manual,19900,Mercabilbao,48970,Bizkaia,Mercabilbao
Abarth,500,Gasolina,72878.0,180.0,manual,19900,Alcalá de Guadaíra,41500,Sevilla,Alcalá de Guadaíra
Abarth,500,Gasolina,72878.0,180.0,manual,19900,Las Rozas de Madrid,28232,Madrid,Las Rozas de Madrid
Abarth,500,Gasolina,72878.0,180.0,manual,19900,Colonia Pablo Iglesias,28520,Madrid,Colonia Pablo Iglesias
Abarth,500,Gasolina,18275.0,165.0,manual,20990,Palma de Mallorca,7003,Baleares,Palma de Mallorca
Abarth,500,Gasolina,75000.0,140.0,manual,16900,Bilbao,48012,Bizkaia,Bilbao
Abarth,500,Gasolina,99990.0,160.0,automatic,13890,Almería,4006,Almería,Almería
Abarth,500,Gasolina,99990.0,160.0,automatic,13890,Bilbao,48004,Bizkaia,Bilbao
Abarth,500,Gasolina,99990.0,160.0,automatic,13890,Sevilla,41005,Sevilla,Sevilla
Abarth,500,Gasolina,99990.0,160.0,automatic,13890,Burgos,9004,Burgos,Burgos
Abarth,500,Gasolina,99990.0,160.0,automatic,13890,Burgos,9004,Burgos,Burgos
Abarth,500,Gasolina,99990.0,160.0,automatic,13890,Alicante,3010,Alicante,Alicante
Abarth,500,Gasolina,99990.0,160.0,automatic,13890,Alicante,3010,Murcia,Alicante
Abarth,500,Gasolina,99990.0,160.0,automatic,13890,Vigo,36211,Pontevedra,Vigo
Abarth,500,Gasolina,99990.0,160.0,automatic,13890,Valencia,46001,Valencia,Valencia
SEAT,Exeo,Diésel,79186.0,143.0,manual,11935,Vigo,36214,Pontevedra,Vigo
SEAT,Exeo,Diésel,79186.0,143.0,manual,11935,Saladar,3700,Alicante,Saladar
SEAT,Exeo,Diésel,79186.0,143.0,manual,11935,Granollers,8403,Barcelona,Granollers
SEAT,Exeo,Diésel,79186.0,143.0,manual,11935,Badajoz,6008,Badajoz,Badajoz
SEAT,Exeo,Diésel,79186.0,143.0,manual,11935,Barcelona,8007,Barcelona,Barcelona
Citroen,C-Élysée,Diésel,39240.0,100.0,manual,12899,Madrid,28014,Madrid,Madrid
Citroen,C-Élysée,Diésel,39240.0,100.0,manual,12699,Madrid,28014,Madrid,Madrid
Citroen,C-Élysée,Diésel,39240.0,100.0,manual,12899,Barcelona,8007,Barcelona,Barcelona
Citroen,C-Élysée,Diésel,39240.0,100.0,manual,12699,Barcelona,8007,Barcelona,Barcelona
Citroen,C-Élysée,Diésel,60571.0,100.0,manual,12600,Badajoz,6007,Badajoz,Badajoz
Abarth,500,Gasolina,99990.0,160.0,automatic,13890,Valladolid,47006,Valladolid,Valladolid
Abarth,500,Gasolina,99990.0,160.0,automatic,13890,Granada,18005,Granada,Granada
Abarth,500,Gasolina,99990.0,160.0,automatic,13890,Murcia,30005,Murcia,Murcia
Abarth,500,Gasolina,99990.0,160.0,automatic,13890,Málaga,29005,Málaga,Málaga
Abarth,500,Gasolina,99990.0,160.0,automatic,13890,León,24003,León,León
Abarth,500,Gasolina,99990.0,160.0,automatic,13890,León,24003,León,León
Abarth,500,Gasolina,99990.0,160.0,automatic,13890,Salamanca,37008,Salamanca,Salamanca
Abarth,500,Gasolina,99990.0,160.0,automatic,13890,Salamanca,37008,Salamanca,Salamanca
Abarth,500,Gasolina,99990.0,160.0,automatic,13890,Oviedo,33003,Asturias,Oviedo
Abarth,500,Gasolina,115000.0,140.0,manual,14500,Santa Coloma de Gramenet,8922,Barcelona,Santa Coloma de Gramenet
Abarth,500,Gasolina,60499.0,140.0,automatic,12900,Barcelona,8026,Barcelona,Barcelona
Abarth,500,Gasolina,39990.0,160.0,manual,18490,Alicante,3010,Alicante,Alicante
Abarth,500,Gasolina,39990.0,160.0,manual,18490,Alicante,3010,Murcia,Alicante
Abarth,500,Gasolina,39990.0,160.0,manual,18490,Granada,18005,Granada,Granada
Abarth,500,Gasolina,39990.0,160.0,manual,18490,Murcia,30005,Murcia,Murcia
Abarth,500,Gasolina,39990.0,160.0,manual,18490,Sevilla,41005,Sevilla,Sevilla
Renault,Clio,Diésel,37000.0,86.0,manual,15400,Arroyo de La Miel,29631,Málaga,Arroyo de La Miel
Renault,Clio,Diésel,160682.0,75.0,manual,9900,Cieza,30530,Murcia,Cieza
Renault,Clio,Diésel,149000.0,85.0,manual,4250,Sabadell,8203,Barcelona,Sabadell
Abarth,500,Gasolina,39990.0,160.0,manual,18490,Cáceres,10001,Cáceres,Cáceres
Abarth,500,Gasolina,39990.0,160.0,manual,18490,Bilbao,48004,Bizkaia,Bilbao
Abarth,500,Gasolina,39990.0,160.0,manual,18490,Málaga,29005,Málaga,Málaga
Abarth,500,Gasolina,39990.0,160.0,manual,18490,Valencia,46001,Valencia,Valencia
Abarth,500,Gasolina,39990.0,160.0,manual,18490,Vigo,36211,Pontevedra,Vigo
Abarth,500,Gasolina,39990.0,160.0,manual,18490,Almería,4006,Almería,Almería
Abarth,500,Gasolina,39990.0,160.0,manual,18490,Toledo,45002,Toledo,Toledo
Abarth,500,Gasolina,75800.0,180.0,automatic,15190,Murcia,30005,Murcia,Murcia
Abarth,500,Gasolina,75800.0,180.0,automatic,15190,Oviedo,33003,Asturias,Oviedo
Abarth,500,Gasolina,75800.0,180.0,automatic,15190,Valladolid,47006,Valladolid,Valladolid
Abarth,500,Gasolina,75800.0,180.0,automatic,15190,Salamanca,37008,Salamanca,Salamanca
Abarth,500,Gasolina,75800.0,180.0,automatic,15190,Salamanca,37008,Salamanca,Salamanca
Abarth,500,Gasolina,75800.0,180.0,automatic,15190,Burgos,9004,Burgos,Burgos
Abarth,500,Gasolina,75800.0,180.0,automatic,15190,Burgos,9004,Burgos,Burgos
Abarth,500,Gasolina,75800.0,180.0,automatic,15190,León,24003,León,León
Abarth,500,Gasolina,75800.0,180.0,automatic,15190,León,24003,León,León
Abarth,500,Gasolina,75800.0,180.0,automatic,15190,Sevilla,41005,Sevilla,Sevilla
Audi,Q3,Diésel,64925.0,150.0,manual,20990,Fuenlabrada,28946,Madrid,Fuenlabrada
Audi,Q3,Diésel,171059.0,177.0,automatic,17500,Atarrabia,31610,Navarra,Atarrabia
Audi,Q3,Diésel,171059.0,177.0,automatic,17500,Zaragoza,50013,Zaragoza,Zaragoza
Abarth,500,Gasolina,75800.0,180.0,automatic,15190,Bilbao,48004,Bizkaia,Bilbao
Abarth,500,Gasolina,75800.0,180.0,automatic,15190,Vigo,36211,Pontevedra,Vigo
Abarth,500,Gasolina,75800.0,180.0,automatic,15190,Alicante,3010,Alicante,Alicante
Abarth,500,Gasolina,75800.0,180.0,automatic,15190,Alicante,3010,Murcia,Alicante
Abarth,500,Gasolina,75800.0,180.0,automatic,15190,Granada,18005,Granada,Granada
Abarth,500,Gasolina,75800.0,180.0,automatic,15190,Málaga,29005,Málaga,Málaga
Abarth,500,Gasolina,75800.0,180.0,automatic,15190,Valencia,46001,Valencia,Valencia
Abarth,500,Gasolina,75800.0,180.0,automatic,15190,Almería,4006,Almería,Almería
Abarth,500,Gasolina,12831.0,180.0,manual,25800,Alameda del Obispo,14005,Córdoba,Alameda del Obispo
Abarth,500,Gasolina,12831.0,180.0,manual,25800,Zaragoza,50013,Zaragoza,Zaragoza
Abarth,500,Gasolina,12831.0,180.0,manual,25800,Estepona,29680,Málaga,Estepona
Abarth,500,Gasolina,12831.0,180.0,manual,25800,Saladar,3700,Alicante,Saladar
Abarth,500,Gasolina,12831.0,180.0,manual,25800,Murcia,30003,Murcia,Murcia
Abarth,500,Gasolina,12831.0,180.0,manual,25800,Granollers,8403,Barcelona,Granollers
Abarth,500,Gasolina,12831.0,180.0,manual,25800,Vigo,36214,Pontevedra,Vigo
Abarth,500,Gasolina,12831.0,180.0,manual,25800,Ciudad Real,13003,Ciudad Real,Ciudad Real
Abarth,500,Gasolina,12831.0,180.0,manual,25800,Valdepeñas,13300,Ciudad Real,Valdepeñas
Abarth,500,Gasolina,12831.0,180.0,manual,25800,Valdepeñas,13300,Ciudad Real,Valdepeñas
Abarth,500,Gasolina,12831.0,180.0,manual,25800,Santafe,18320,Granada,Santafe
Abarth,500,Gasolina,12831.0,180.0,manual,25800,Albacete,2001,Albacete,Albacete
Abarth,500,Gasolina,12831.0,180.0,manual,25800,Puerto de Sagunto,46520,Valencia,Puerto de Sagunto
Abarth,500,Gasolina,12831.0,180.0,manual,25800,Atarrabia,31610,Navarra,Atarrabia
Abarth,500,Gasolina,12831.0,180.0,manual,25800,Torremolinos,29620,Málaga,Torremolinos
Abarth,500,Gasolina,12831.0,180.0,manual,25800,Torremolinos,29620,Málaga,Torremolinos
Abarth,500,Gasolina,12831.0,180.0,manual,25800,Torremolinos,29620,Málaga,Torremolinos
Abarth,500,Gasolina,12831.0,180.0,manual,25800,Alicante,3007,Alicante,Alicante
Abarth,500,Gasolina,12831.0,180.0,manual,25800,Hidraulica Santillana,28770,Madrid,Hidraulica Santillana
Abarth,500,Gasolina,12831.0,180.0,manual,25800,Paterna,46980,Valencia,Paterna
Abarth,500,Gasolina,12831.0,180.0,manual,25800,Alcobendas,28100,Madrid,Alcobendas
Abarth,500,Gasolina,12831.0,180.0,manual,25800,Barcelona,8007,Barcelona,Barcelona
Abarth,500,Gasolina,12831.0,180.0,manual,25800,Alzira,46600,Valencia,Alzira
Abarth,500,Gasolina,12831.0,180.0,manual,25800,Alzira,46600,Valencia,Alzira
Abarth,500,Gasolina,12831.0,180.0,manual,25800,Colonia Pablo Iglesias,28520,Madrid,Colonia Pablo Iglesias
Abarth,500,Gasolina,12831.0,180.0,manual,25800,Castello/Castellon de La Plana,12100,Castellón,Castello/Castellon de La Plana
Abarth,500,Gasolina,12831.0,180.0,manual,25800,Mercabilbao,48970,Bizkaia,Mercabilbao
Abarth,500,Gasolina,12831.0,180.0,manual,25800,Alcalá de Guadaíra,41500,Sevilla,Alcalá de Guadaíra
Abarth,500,Gasolina,12831.0,180.0,manual,25800,Getafe,28906,Madrid,Getafe
Abarth,500,Gasolina,12831.0,180.0,manual,25800,Collado Villalba,28400,Madrid,Collado Villalba
Abarth,500,Gasolina,12831.0,180.0,manual,25800,Collado Villalba,28400,Madrid,Collado Villalba
Abarth,500,Gasolina,12831.0,180.0,manual,25800,Las Rozas de Madrid,28232,Madrid,Las Rozas de Madrid
Abarth,500,Gasolina,93180.0,140.0,automatic,12290,Sevilla,41005,Sevilla,Sevilla
Citroen,Xsara,Diésel,279000.0,110.0,manual,2490,Montequinto,41089,Sevilla,Montequinto
Abarth,500,Gasolina,93180.0,140.0,automatic,12290,Valencia,46001,Valencia,Valencia
Abarth,500,Gasolina,93180.0,140.0,automatic,12290,Alicante,3010,Alicante,Alicante
Abarth,500,Gasolina,93180.0,140.0,automatic,12290,Alicante,3010,Murcia,Alicante
Abarth,500,Gasolina,93180.0,140.0,automatic,12290,Palma de Mallorca,7003,Baleares,Palma de Mallorca
Abarth,500,Gasolina,93180.0,140.0,automatic,12290,Granada,18005,Granada,Granada
Abarth,500,Gasolina,93180.0,140.0,automatic,12290,Bilbao,48004,Bizkaia,Bilbao
Abarth,500,Gasolina,93180.0,140.0,automatic,12290,Murcia,30005,Murcia,Murcia
Abarth,500,Gasolina,93180.0,140.0,automatic,12290,Vigo,36211,Pontevedra,Vigo
Abarth,500,Gasolina,93180.0,140.0,automatic,12290,Girona,17007,Girona,Girona
Abarth,500,Gasolina,93180.0,140.0,automatic,12290,Palau-Solita I Plegamans,8184,Barcelona,Palau-Solita I Plegamans
Abarth,500,Gasolina,93180.0,140.0,automatic,12290,Palau-Solita I Plegamans,8184,Barcelona,Palau-Solita I Plegamans
Abarth,500,Gasolina,93180.0,140.0,automatic,12290,Ullastrell,8231,Barcelona,Ullastrell
Abarth,500,Gasolina,93180.0,140.0,automatic,12290,Almería,4006,Almería,Almería
Abarth,500,Gasolina,93180.0,140.0,automatic,12290,Òrrius,8317,Barcelona,Òrrius
Abarth,500,Gasolina,93180.0,140.0,automatic,12290,Tarragona,43006,Tarragona,Tarragona
Abarth,500,Gasolina,103200.0,135.0,manual,15900,Sabadell,8201,Barcelona,Sabadell
Abarth,500,Gasolina,10.0,180.0,manual,34300,Castello/Castellon de La Plana,12100,Castellón,Castello/Castellon de La Plana
Abarth,500,Gasolina,104000.0,135.0,manual,12000,Prado,36512,Pontevedra,Prado
Abarth,500,Gasolina,1.0,180.0,manual,33890,Vilafranca del Penedès,8720,Barcelona,Vilafranca del Penedès
Abarth,500,Gasolina,21793.0,180.0,manual,20900,Sabadell,8201,Barcelona,Sabadell
Abarth,500,Gasolina,21793.0,180.0,manual,20900,Mollet del Vallès,8100,Barcelona,Mollet del Vallès
Citroen,Xsara,Diésel,242532.0,90.0,manual,1550,Madrid,28026,Madrid,Madrid
Citroen,Xsara,Diésel,142000.0,90.0,manual,2000,Chiclana de la Frontera,11130,Cádiz,Chiclana de la Frontera
Citroen,Xsara,Diésel,200000.0,90.0,manual,4900,Chiclana de la Frontera,11130,Cádiz,Chiclana de la Frontera
Citroen,C5 Aircross,Diésel,107000.0,130.0,manual,480,Valencia,46005,Valencia,Valencia
Citroen,C5 Aircross,Diésel,107000.0,130.0,manual,268,Barcelona,8007,Barcelona,Barcelona
Citroen,C5 Aircross,Diésel,107000.0,130.0,manual,476,Barcelona,8007,Barcelona,Barcelona
Citroen,C5 Aircross,Gasolina,39413.0,131.0,manual,22399,Madrid,28014,Madrid,Madrid
Citroen,C5 Aircross,Gasolina,39413.0,131.0,manual,22099,Madrid,28014,Madrid,Madrid
Citroen,C5 Aircross,Gasolina,39413.0,131.0,manual,22399,Barcelona,8007,Barcelona,Barcelona
Citroen,C5 Aircross,Gasolina,39413.0,131.0,manual,22099,Barcelona,8007,Barcelona,Barcelona
Citroen,C5 Aircross,Gasolina,65729.0,181.0,manual,25099,Madrid,28014,Madrid,Madrid
Citroen,C5 Aircross,Gasolina,65729.0,181.0,manual,24799,Madrid,28014,Madrid,Madrid
Citroen,C5 Aircross,Gasolina,65729.0,181.0,manual,25099,Barcelona,8007,Barcelona,Barcelona
Citroen,C5 Aircross,Gasolina,65729.0,181.0,manual,24799,Barcelona,8007,Barcelona,Barcelona
Citroen,Xsara,Diésel,297000.0,90.0,manual,1199,Fuenlabrada,28941,Madrid,Fuenlabrada
Citroen,Xsara,Diésel,235000.0,90.0,manual,1200,Constantí,43120,Tarragona,Constantí
Citroen,Xsara,Diésel,135000.0,92.0,manual,3500,Cañada Hermosa,30837,Murcia,Cañada Hermosa
Audi,Q3,Diésel,171059.0,177.0,automatic,17500,Santafe,18320,Granada,Santafe
Audi,Q3,Diésel,171059.0,177.0,automatic,17500,Paterna,46980,Valencia,Paterna
Audi,Q3,Diésel,171059.0,177.0,automatic,17500,Puerto de Sagunto,46520,Valencia,Puerto de Sagunto
Citroen,Xsara,Diésel,218000.0,90.0,manual,1500,Alcorcón,28924,Madrid,Alcorcón
Citroen,Xsara,Gasolina,70000.0,110.0,manual,2999,San Sebastián de Los Reyes,28700,Madrid,San Sebastián de Los Reyes
Citroen,Xsara,Diésel,185000.0,110.0,manual,3190,Barcelona,8015,Barcelona,Barcelona
Citroen,Xsara,Gasolina,240000.0,137.0,automatic,2500,Sabadell,8206,Barcelona,Sabadell
Citroen,Xsara,Diésel,230000.0,90.0,manual,1000,Coslada,28823,Madrid,Coslada
Citroen,Xsara,Gasolina,47000.0,110.0,manual,3500,Alcobendas,28100,Madrid,Alcobendas
Alfa Romeo,156,Diésel,194000.0,115.0,manual,2999,Lugar Nuevo de La Corona,46910,Valencia,Lugar Nuevo de La Corona
Alfa Romeo,156,Diésel,194000.0,115.0,manual,2999,Lugar Nuevo de La Corona,46910,Valencia,Lugar Nuevo de La Corona
Alfa Romeo,156,Diésel,194000.0,115.0,manual,2999,Lugar Nuevo de La Corona,46910,Valencia,Lugar Nuevo de La Corona
Alfa Romeo,156,Diésel,194000.0,115.0,manual,2999,Lugar Nuevo de La Corona,46910,Valencia,Lugar Nuevo de La Corona
Alfa Romeo,156,Diésel,145000.0,175.0,manual,6900,Barcelona,8036,Barcelona,Barcelona
Citroen,Xsara,Diésel,200000.0,110.0,manual,1990,Terrassa,8221,Barcelona,Terrassa
Citroen,Xsara,Diésel,220000.0,92.0,manual,2990,Montequinto,41089,Sevilla,Montequinto
Citroen,Xsara,Diésel,220000.0,92.0,manual,2490,Montequinto,41089,Sevilla,Montequinto
Nissan,Juke,Diésel,145000.0,110.0,manual,9500,Martiartu,48480,Bizkaia,Martiartu
Nissan,Juke,Diésel,145000.0,110.0,manual,9500,Martiartu,48480,Bizkaia,Martiartu
Nissan,Juke,Gasolina,88464.0,115.0,manual,11880,Vigo,36214,Pontevedra,Vigo
Nissan,Juke,Diésel,126428.0,110.0,manual,12535,Vigo,36214,Pontevedra,Vigo
Nissan,Juke,Diésel,115163.0,110.0,manual,10900,Vigo,36214,Pontevedra,Vigo
Nissan,Juke,Gasolina,88464.0,115.0,manual,11880,Saladar,3700,Alicante,Saladar
Nissan,Juke,Diésel,126428.0,110.0,manual,12535,Saladar,3700,Alicante,Saladar
Nissan,Juke,Diésel,115163.0,110.0,manual,10900,Saladar,3700,Alicante,Saladar
Nissan,Juke,Gasolina,88464.0,115.0,manual,11880,Granollers,8403,Barcelona,Granollers
Nissan,Juke,Diésel,126428.0,110.0,manual,12535,Granollers,8403,Barcelona,Granollers
Nissan,Juke,Diésel,115163.0,110.0,manual,10900,Granollers,8403,Barcelona,Granollers
Nissan,Juke,Gasolina,88464.0,115.0,manual,11880,Badajoz,6008,Badajoz,Badajoz
Nissan,Juke,Diésel,72411.0,110.0,manual,10990,Almería,4006,Almería,Almería
Nissan,Juke,Diésel,126428.0,110.0,manual,12535,Badajoz,6008,Badajoz,Badajoz
Nissan,Juke,Diésel,115163.0,110.0,manual,10900,Badajoz,6008,Badajoz,Badajoz
Nissan,Juke,Diésel,72411.0,110.0,manual,10990,Sevilla,41005,Sevilla,Sevilla
Nissan,Juke,Diésel,72411.0,110.0,manual,10990,Alicante,3010,Alicante,Alicante
Nissan,Juke,Diésel,72411.0,110.0,manual,10990,Alicante,3010,Murcia,Alicante
Nissan,Juke,Diésel,72411.0,110.0,manual,10990,Vigo,36211,Pontevedra,Vigo
Nissan,Juke,Gasolina,88464.0,115.0,manual,11880,Barcelona,8007,Barcelona,Barcelona
Nissan,Juke,Diésel,126428.0,110.0,manual,12535,Barcelona,8007,Barcelona,Barcelona
Nissan,Juke,Diésel,115163.0,110.0,manual,10900,Barcelona,8007,Barcelona,Barcelona
Nissan,Juke,Diésel,72411.0,110.0,manual,10990,Granada,18005,Granada,Granada
Nissan,Juke,Diésel,72411.0,110.0,manual,10990,Málaga,29005,Málaga,Málaga
Nissan,Juke,Diésel,72411.0,110.0,manual,10990,Valencia,46001,Valencia,Valencia
Nissan,Juke,Diésel,72411.0,110.0,manual,10990,Bilbao,48004,Bizkaia,Bilbao
Nissan,Juke,Diésel,72411.0,110.0,manual,10990,Murcia,30005,Murcia,Murcia
Nissan,Juke,Diésel,72411.0,110.0,manual,10990,Palma de Mallorca,7003,Baleares,Palma de Mallorca
Nissan,Juke,Diésel,130000.0,110.0,manual,11500,Sabadell,8206,Barcelona,Sabadell
Citroen,Xsara,Diésel,220000.0,110.0,manual,2950,Rosselló,25124,Lleida,Rosselló
Citroen,Xsara,Diésel,126000.0,90.0,manual,3490,Sevilla,41003,Sevilla,Sevilla
Citroen,Xsara,Diésel,178000.0,90.0,manual,2700,Castellón de la Plana/Castelló de la Plana,12003,Castellón,Castellón de la Plana/Castelló de la Plana
Citroen,Xsara,Gasolina,235000.0,110.0,manual,1799,Bilbao,48015,Bizkaia,Bilbao
Citroen,C4 Cactus,Diésel,91000.0,102.0,manual,326,Valencia,46005,Valencia,Valencia
Citroen,C4 Cactus,Diésel,91000.0,102.0,manual,322,Barcelona,8007,Barcelona,Barcelona
Citroen,C4 Cactus,Gasolina,99950.0,110.0,manual,377,Madrid,28009,Madrid,Madrid
Citroen,C4 Cactus,Diésel,114000.0,102.0,manual,212,Madrid,28009,Madrid,Madrid
Citroen,C4 Cactus,Diésel,114000.0,102.0,manual,324,Barcelona,8009,Barcelona,Barcelona
Citroen,C4 Cactus,Diésel,73000.0,99.0,manual,375,Barcelona,8009,Barcelona,Barcelona
Citroen,C4 Cactus,Gasolina,64990.0,110.0,automatic,12990,Alicante,3010,Alicante,Alicante
Citroen,C4 Cactus,Gasolina,64990.0,110.0,automatic,12990,Alicante,3010,Murcia,Alicante
Citroen,C4 Cactus,Gasolina,49958.0,82.0,manual,12990,Alicante,3010,Alicante,Alicante
Citroen,C4 Cactus,Gasolina,49958.0,82.0,manual,12990,Alicante,3010,Murcia,Alicante
Citroen,C4 Cactus,Gasolina,64990.0,110.0,automatic,12990,Sevilla,41005,Sevilla,Sevilla
Citroen,C4 Cactus,Gasolina,64990.0,110.0,automatic,12990,Granada,18005,Granada,Granada
Citroen,C4 Cactus,Gasolina,49958.0,82.0,manual,12990,Sevilla,41005,Sevilla,Sevilla
Citroen,C4 Cactus,Gasolina,88000.0,110.0,automatic,14950,Bormujos,41930,Sevilla,Bormujos
Citroen,C4 Cactus,Gasolina,64990.0,110.0,automatic,12990,Málaga,29005,Málaga,Málaga
Citroen,C4 Cactus,Gasolina,64990.0,110.0,automatic,12990,Vigo,36211,Pontevedra,Vigo
Citroen,C4 Cactus,Gasolina,49958.0,82.0,manual,12990,Málaga,29005,Málaga,Málaga
Citroen,C4 Cactus,Gasolina,49958.0,82.0,manual,12990,Granada,18005,Granada,Granada
Citroen,C4 Cactus,Gasolina,49958.0,82.0,manual,12990,Vigo,36211,Pontevedra,Vigo
Citroen,C4 Cactus,Gasolina,88000.0,110.0,automatic,14950,Valdefuentes,28939,Madrid,Valdefuentes
Citroen,C4 Cactus,Gasolina,88000.0,110.0,automatic,14950,Valdefuentes,28939,Madrid,Valdefuentes
Citroen,C4 Cactus,Diésel,76874.0,100.0,manual,12199,Barcelona,8007,Barcelona,Barcelona
Citroen,C4 Cactus,Diésel,76874.0,100.0,manual,12199,Madrid,28014,Madrid,Madrid
Citroen,C4 Cactus,Diésel,55457.0,100.0,manual,15399,Madrid,28014,Madrid,Madrid
Citroen,C4 Cactus,Diésel,55457.0,100.0,manual,15399,Barcelona,8007,Barcelona,Barcelona
Citroen,C4 Cactus,Gasolina,88000.0,110.0,automatic,14950,Terrassa,8223,Barcelona,Terrassa
Citroen,C4 Cactus,Gasolina,18344.0,110.0,manual,17399,Madrid,28014,Madrid,Madrid
Citroen,C4 Cactus,Gasolina,18344.0,110.0,manual,16999,Madrid,28014,Madrid,Madrid
Citroen,C4 Cactus,Gasolina,18344.0,110.0,manual,17399,Barcelona,8007,Barcelona,Barcelona
Citroen,C4 Cactus,Gasolina,18344.0,110.0,manual,16999,Barcelona,8007,Barcelona,Barcelona
Citroen,C4 Cactus,Gasolina,70389.0,110.0,manual,15299,Madrid,28014,Madrid,Madrid
Citroen,C4 Cactus,Gasolina,70389.0,110.0,manual,15299,Barcelona,8007,Barcelona,Barcelona
Citroen,C4 Cactus,Gasolina,64990.0,110.0,automatic,12990,Murcia,30005,Murcia,Murcia
Citroen,C4 Cactus,Gasolina,88000.0,110.0,automatic,14950,Burjassot,46100,Valencia,Burjassot
Renault,Master,Diésel,261000.0,110.0,manual,15700,Elda,3600,Alicante,Elda
Audi,Q3,Diésel,171059.0,177.0,automatic,17500,Mercabilbao,48970,Bizkaia,Mercabilbao
Audi,Q3,Diésel,171059.0,177.0,automatic,17500,Albacete,2001,Albacete,Albacete
Citroen,Xsara,Gasolina,83442.0,110.0,manual,1160,Madrid,28026,Madrid,Madrid
Citroen,Xsara,Diésel,165000.0,110.0,manual,3999,Pinto,28320,Madrid,Pinto
Citroen,Xsara,Gasolina,158961.0,109.0,manual,4199,Benimamet,46035,Valencia,Benimamet
Citroen,Xsara,Diésel,295000.0,90.0,manual,2500,Lugo,27001,Lugo,Lugo
Nissan,Qashqai,Diésel,30000.0,110.0,manual,19999,Sabadell,8208,Barcelona,Sabadell
Nissan,Qashqai,Diésel,175227.0,110.0,manual,11990,Vigo,36214,Pontevedra,Vigo
Nissan,Qashqai,Diésel,175227.0,110.0,manual,11990,Granollers,8403,Barcelona,Granollers
Nissan,Qashqai,Diésel,84490.0,115.0,manual,17990,Almería,4006,Almería,Almería
Nissan,Qashqai,Gasolina,71000.0,115.0,manual,13990,Almería,4006,Almería,Almería
Nissan,Qashqai,Diésel,175227.0,110.0,manual,11990,Badajoz,6008,Badajoz,Badajoz
Nissan,Qashqai,Gasolina,71000.0,115.0,manual,13990,Castellón,12001,Castellón,Castellón
Nissan,Qashqai,Diésel,84490.0,115.0,manual,17990,Sevilla,41005,Sevilla,Sevilla
Nissan,Qashqai,Diésel,84490.0,115.0,manual,17990,Alicante,3010,Alicante,Alicante
Nissan,Qashqai,Diésel,84490.0,115.0,manual,17990,Alicante,3010,Murcia,Alicante
Nissan,Qashqai,Diésel,84490.0,115.0,manual,17990,Vigo,36211,Pontevedra,Vigo
Nissan,Qashqai,Gasolina,71000.0,115.0,manual,13990,Sevilla,41005,Sevilla,Sevilla
Nissan,Qashqai,Gasolina,71000.0,115.0,manual,13990,Alicante,3010,Alicante,Alicante
Nissan,Qashqai,Gasolina,71000.0,115.0,manual,13990,Alicante,3010,Murcia,Alicante
Nissan,Qashqai,Gasolina,71000.0,115.0,manual,13990,Vigo,36211,Pontevedra,Vigo
Nissan,Qashqai,Diésel,175227.0,110.0,manual,11990,Barcelona,8007,Barcelona,Barcelona
Nissan,Qashqai,Diésel,84490.0,115.0,manual,17990,Granada,18005,Granada,Granada
Nissan,Qashqai,Gasolina,71000.0,115.0,manual,13990,Granada,18005,Granada,Granada
Nissan,Qashqai,Diésel,117996.0,110.0,manual,13990,Málaga,29005,Málaga,Málaga
Nissan,Qashqai,Diésel,84490.0,115.0,manual,17990,Málaga,29005,Málaga,Málaga
Nissan,Qashqai,Diésel,84490.0,115.0,manual,17990,Valencia,46001,Valencia,Valencia
Nissan,Qashqai,Diésel,84490.0,115.0,manual,17990,Bilbao,48004,Bizkaia,Bilbao
Nissan,Qashqai,Diésel,84490.0,115.0,manual,17990,Murcia,30005,Murcia,Murcia
Nissan,Qashqai,Gasolina,71000.0,115.0,manual,13990,Málaga,29005,Málaga,Málaga
Nissan,Qashqai,Gasolina,71000.0,115.0,manual,13990,Murcia,30005,Murcia,Murcia
Nissan,Qashqai,Gasolina,71000.0,115.0,manual,13990,Valencia,46001,Valencia,Valencia
Nissan,Qashqai,Gasolina,71000.0,115.0,manual,13990,Bilbao,48004,Bizkaia,Bilbao
Nissan,Qashqai,Diésel,84490.0,115.0,manual,17990,Armentia,1007,Álava,Armentia
Nissan,Qashqai,Gasolina,71000.0,115.0,manual,13990,Palma de Mallorca,7003,Baleares,Palma de Mallorca
Citroen,Xsara,Diésel,140900.0,110.0,manual,3990,Leioa,48940,Bizkaia,Leioa
Citroen,Xsara,Diésel,189926.0,92.0,manual,4500,Massanassa,46470,Valencia,Massanassa
Citroen,Xsara,Diésel,189926.0,92.0,manual,4500,Massanassa,46470,Valencia,Massanassa
Citroen,Xsara,Diésel,189926.0,92.0,manual,4500,Massanassa,46470,Valencia,Massanassa
Citroen,Xsara,Diésel,189926.0,92.0,manual,4500,Massanassa,46470,Valencia,Massanassa
Citroen,Xsara,Diésel,275500.0,90.0,manual,3400,Daimiel,13250,Ciudad Real,Daimiel
Citroen,Xsara,Gasolina,120000.0,109.0,manual,4500,Albal,46470,Valencia,Albal
Citroen,Xsara,Gasolina,120000.0,109.0,manual,4500,Albal,46470,Valencia,Albal
Citroen,Xsara,Gasolina,120000.0,109.0,manual,4500,Albal,46470,Valencia,Albal
Citroen,Xsara,Gasolina,120000.0,109.0,manual,4500,Albal,46470,Valencia,Albal
Citroen,Xsara,Gasolina,180000.0,117.0,manual,2950,Mataró,8302,Barcelona,Mataró
Citroen,Xsara,Diésel,157000.0,90.0,manual,3490,Santimami,48940,Bizkaia,Santimami
Citroen,Xsara,Diésel,140000.0,110.0,manual,4800,Tarrega,25300,Lleida,Tarrega
Citroen,Xsara,Diésel,440000.0,71.0,manual,600,Coslada,28823,Madrid,Coslada
Citroen,Xsara,Diésel,334000.0,110.0,manual,1990,Urbi,48970,Bizkaia,Urbi
Citroen,C3,Gasolina,140000.0,73.0,manual,3600,Sant Quirze del Vallès,8192,Barcelona,Sant Quirze del Vallès
Citroen,C3,Diésel,194000.0,70.0,manual,3990,Santimami,48940,Bizkaia,Santimami
Citroen,C3,Gasolina,26749.0,82.0,manual,11990,Vigo,36211,Pontevedra,Vigo
Citroen,C3,Gasolina,26749.0,82.0,manual,11990,Almería,4006,Almería,Almería
Citroen,C3,Gasolina,26749.0,82.0,manual,11990,Santander,39010,Cantabria,Santander
Citroen,C3,Diésel,74193.0,99.0,manual,11400,Cádiz,11006,Cádiz,Cádiz
Citroen,C3,Gasolina,26749.0,82.0,manual,11990,Pamplona/Iruña,31001,Navarra,Pamplona/Iruña
Citroen,C3,Diésel,74193.0,99.0,manual,11400,Sevilla,41005,Sevilla,Sevilla
Citroen,C3,Gasolina,26749.0,82.0,manual,11990,Burgos,9004,Burgos,Burgos
Citroen,C3,Gasolina,26749.0,82.0,manual,11990,Burgos,9004,Burgos,Burgos
Citroen,C3,Gasolina,26749.0,82.0,manual,11990,Armentia,1007,Álava,Armentia
Citroen,C3,Gasolina,108000.0,82.0,manual,9900,Igualada,8700,Barcelona,Igualada
Citroen,C3,Diésel,179000.0,68.0,manual,6990,Vitoria-Gasteiz,1005,Álava,Vitoria-Gasteiz
Citroen,C3,Gasolina,42268.0,82.0,manual,12990,Valladolid,47009,Valladolid,Valladolid
Citroen,C3,Diésel,90000.0,68.0,manual,7900,Reus,43202,Tarragona,Reus
Citroen,C3,Diésel,70000.0,75.0,manual,5990,Burgos,9007,Burgos,Burgos
Citroen,C3,Diésel,156500.0,75.0,manual,8990,Castello/Castellon de La Plana,12100,Castellón,Castello/Castellon de La Plana
Citroen,C3,Gasolina,90000.0,73.0,manual,7900,Vilafranca del Penedès,8720,Barcelona,Vilafranca del Penedès
Citroen,C3,Diésel,171044.0,70.0,automatic,2140,Madrid,28026,Madrid,Madrid
Citroen,C3,Diésel,188426.0,68.0,manual,1590,Madrid,28026,Madrid,Madrid
Citroen,C3,Diésel,91300.0,99.0,manual,12390,Móstoles,28933,Madrid,Móstoles
Citroen,C3,Gasolina,34838.0,110.0,manual,15190,Madrid,28021,Madrid,Madrid
Citroen,C3,Gasolina,33945.0,110.0,manual,16990,Madrid,28021,Madrid,Madrid
Citroen,C3,Gasolina,33945.0,110.0,manual,17190,Madrid,28021,Madrid,Madrid
Citroen,C3,Diésel,33327.0,102.0,manual,14890,Madrid,28021,Madrid,Madrid
Citroen,C3,Diésel,33327.0,102.0,manual,15190,Madrid,28021,Madrid,Madrid
Citroen,C3,Diésel,49827.0,102.0,manual,14790,Madrid,28021,Madrid,Madrid
Citroen,C3,Diésel,49827.0,102.0,manual,14990,Madrid,28021,Madrid,Madrid
Citroen,C3,Gasolina,21843.0,83.0,manual,14145,Colonia Pablo Iglesias,28520,Madrid,Colonia Pablo Iglesias
Citroen,C3,Diésel,2825.0,102.0,manual,15990,Málaga,29005,Málaga,Málaga
Citroen,C3,Gasolina,64316.0,110.0,manual,12699,Barcelona,8007,Barcelona,Barcelona
Citroen,C3,Gasolina,64316.0,110.0,manual,12699,Madrid,28014,Madrid,Madrid
Citroen,C3,Gasolina,75179.0,82.0,manual,9999,Bilbao,48006,Bizkaia,Bilbao
Citroen,C3,Gasolina,29154.0,82.0,manual,15900,Mataró,8302,Barcelona,Mataró
Citroen,C3,Gasolina,27384.0,110.0,manual,17650,Barcelona,8007,Barcelona,Barcelona
Citroen,C3,Gasolina,21843.0,83.0,manual,14145,Santafe,18320,Granada,Santafe
Citroen,C3,Gasolina,21843.0,83.0,manual,14145,Getafe,28906,Madrid,Getafe
Citroen,C3,Gasolina,21843.0,83.0,manual,14145,Mercabilbao,48970,Bizkaia,Mercabilbao
Citroen,C3,Diésel,73000.0,99.0,manual,320,Barcelona,8007,Barcelona,Barcelona
Citroen,C3,Gasolina,21843.0,83.0,manual,14145,Atarrabia,31610,Navarra,Atarrabia
Citroen,C3,Gasolina,21843.0,83.0,manual,14145,Mercado Parque Corredor del Henares,28850,Madrid,Mercado Parque Corredor del Henares
Citroen,C3,Gasolina,21843.0,83.0,manual,14145,Alcalá de Guadaíra,41500,Sevilla,Alcalá de Guadaíra
Citroen,C3,Gasolina,41551.0,110.0,automatic,16300,Mercado Parque Corredor del Henares,28850,Madrid,Mercado Parque Corredor del Henares
Citroen,C3,Gasolina,21843.0,83.0,manual,14145,Puerto de Sagunto,46520,Valencia,Puerto de Sagunto
Citroen,C3,Gasolina,21843.0,83.0,manual,14145,Paterna,46980,Valencia,Paterna
Citroen,C3,Gasolina,21843.0,83.0,manual,14145,Santiago de Compostela,15703,A Coruña,Santiago de Compostela
Citroen,C3,Diésel,17919.0,102.0,manual,17190,Madrid,28021,Madrid,Madrid
Citroen,C3,Gasolina,21843.0,83.0,manual,14145,Badajoz,6008,Badajoz,Badajoz
Citroen,C3,Gasolina,21843.0,83.0,manual,14145,Las Rozas de Madrid,28232,Madrid,Las Rozas de Madrid
Citroen,C3,Gasolina,21843.0,83.0,manual,14145,Zaragoza,50013,Zaragoza,Zaragoza
Citroen,C3,Gasolina,21843.0,83.0,manual,14145,Ciudad Real,13003,Ciudad Real,Ciudad Real
Citroen,C3,Diésel,2825.0,102.0,manual,15990,Murcia,30005,Murcia,Murcia
Citroen,C3,Diésel,2825.0,102.0,manual,15990,Vigo,36211,Pontevedra,Vigo
Citroen,C3,Diésel,2825.0,102.0,manual,15990,Granada,18005,Granada,Granada
Citroen,C3,Diésel,2825.0,102.0,manual,15990,Bilbao,48004,Bizkaia,Bilbao
Citroen,C3,Diésel,142931.0,92.0,manual,6599,Barcelona,8007,Barcelona,Barcelona
Citroen,C3,Diésel,2825.0,102.0,manual,15990,Sevilla,41017,Sevilla,Sevilla
Citroen,C3,Diésel,2825.0,102.0,manual,15990,Sevilla,41005,Sevilla,Sevilla
Citroen,C3,Diésel,2825.0,102.0,manual,15990,Badajoz,6003,Badajoz,Badajoz
Citroen,C3,Diésel,2825.0,102.0,manual,15990,Almería,4006,Almería,Almería
Citroen,C3,Diésel,2825.0,102.0,manual,15990,Valencia,46001,Valencia,Valencia
Citroen,C3,Diésel,2825.0,102.0,manual,15990,Alicante,3010,Alicante,Alicante
Citroen,C3,Diésel,2825.0,102.0,manual,15990,Alicante,3010,Murcia,Alicante
Citroen,C3,Diésel,142931.0,92.0,manual,6599,Madrid,28014,Madrid,Madrid
Citroen,C3,Gasolina,77799.0,110.0,manual,15500,Badajoz,6007,Badajoz,Badajoz
Citroen,C3,Diésel,2825.0,102.0,manual,15990,Ciudad Real,13005,Ciudad Real,Ciudad Real
Citroen,C3,Diésel,2825.0,102.0,manual,15990,Jaén,23008,Jaén,Jaén
Citroen,C3,Diésel,2825.0,102.0,manual,15990,Córdoba,14003,Córdoba,Córdoba
Citroen,C3,Diésel,38365.0,102.0,manual,16900,Barcelona,8007,Barcelona,Barcelona
Citroen,C3,Diésel,26577.0,102.0,manual,17600,Barcelona,8007,Barcelona,Barcelona
Citroen,C3,Gasolina,62000.0,61.0,manual,4400,Cornella del Terri,17844,Girona,Cornella del Terri
Citroen,C3,Gasolina,140000.0,68.0,manual,6999,Madrid,28018,Madrid,Madrid
Citroen,C3,Gasolina,100000.0,68.0,manual,7990,El Prat de Llobregat,8820,Barcelona,El Prat de Llobregat
Citroen,C3,Diésel,200000.0,92.0,manual,4900,Gijón,33201,Asturias,Gijón
Citroen,C3,Gasolina,90000.0,73.0,manual,7900,La Papiola,43178,Tarragona,La Papiola
Citroen,C3,Diésel,130000.0,68.0,manual,4800,Terrassa,8221,Barcelona,Terrassa
Citroen,C3,Diésel,80000.0,80.0,manual,8999,Vilagarcía de Arousa,36600,Pontevedra,Vilagarcía de Arousa
Citroen,C3,Diésel,100.0,102.0,manual,20995,Caravaca de la Cruz,30400,Murcia,Caravaca de la Cruz
Citroen,C3,Diésel,100.0,102.0,manual,20995,Caravaca de la Cruz,30400,Murcia,Caravaca de la Cruz
Citroen,C3,Gasolina,34886.0,83.0,manual,15500,Torrent,46900,Valencia,Torrent
Citroen,C3,Gasolina,97600.0,75.0,manual,1990,La Roca del Vallès,8430,Barcelona,La Roca del Vallès
Citroen,C3,Diésel,309611.0,68.0,manual,1390,Madrid,28026,Madrid,Madrid
Citroen,C3,Gasolina,21843.0,83.0,manual,14145,Granollers,8403,Barcelona,Granollers
Citroen,C3,Gasolina,41551.0,110.0,automatic,16300,Granollers,8403,Barcelona,Granollers
Citroen,C3,Diésel,65741.0,99.0,manual,14900,L'Hospitalet de Llobregat,8901,Barcelona,L'Hospitalet de Llobregat
Citroen,C3,Gasolina,12740.0,83.0,manual,16900,Mairena del Aljarafe,41927,Sevilla,Mairena del Aljarafe
Citroen,C3,Diésel,148000.0,68.0,manual,4500,Valencia,46017,Valencia,Valencia
Citroen,C3,Gasolina,21843.0,83.0,manual,14145,Alcobendas,28100,Madrid,Alcobendas
Citroen,C3,Gasolina,21843.0,83.0,manual,14145,Sant Vicenç de Montalt,8394,Barcelona,Sant Vicenç de Montalt
Citroen,C3,Gasolina,41551.0,110.0,automatic,16300,Sant Vicenç de Montalt,8394,Barcelona,Sant Vicenç de Montalt
Citroen,C3,Gasolina,21843.0,83.0,manual,14145,Valdepeñas,13300,Ciudad Real,Valdepeñas
Citroen,C3,Gasolina,21843.0,83.0,manual,14145,Valdepeñas,13300,Ciudad Real,Valdepeñas
Citroen,C3,Gasolina,21843.0,83.0,manual,14145,Castello/Castellon de La Plana,12100,Castellón,Castello/Castellon de La Plana
Citroen,C3,Gasolina,21843.0,83.0,manual,14145,Vigo,36214,Pontevedra,Vigo
Citroen,C3,Gasolina,21843.0,83.0,manual,14145,Barcelona,8007,Barcelona,Barcelona
Citroen,C3,Gasolina,21843.0,83.0,manual,14145,Estepona,29680,Málaga,Estepona
Citroen,C3,Gasolina,21843.0,83.0,manual,14145,Alicante,3007,Alicante,Alicante
Citroen,C3,Gasolina,21843.0,83.0,manual,14145,Olèrdola,8734,Barcelona,Olèrdola
Citroen,C3,Gasolina,21843.0,83.0,manual,14145,Olèrdola,8734,Barcelona,Olèrdola
Citroen,C3,Gasolina,21843.0,83.0,manual,14145,Saladar,3700,Alicante,Saladar
Citroen,C3,Gasolina,21843.0,83.0,manual,14145,Santa Maria del Aguila,4710,Almería,Santa Maria del Aguila
Citroen,C3,Gasolina,21843.0,83.0,manual,14145,Albacete,2001,Albacete,Albacete
Citroen,C3,Gasolina,21843.0,83.0,manual,14145,Murcia,30003,Murcia,Murcia
Citroen,C3,Gasolina,21843.0,83.0,manual,14145,Hidraulica Santillana,28770,Madrid,Hidraulica Santillana
Citroen,C3,Gasolina,21843.0,83.0,manual,14145,Alameda del Obispo,14005,Córdoba,Alameda del Obispo
Citroen,C3,Gasolina,21843.0,83.0,manual,14145,Alzira,46600,Valencia,Alzira
Citroen,C3,Gasolina,21843.0,83.0,manual,14145,Alzira,46600,Valencia,Alzira
Citroen,C3,Gasolina,21843.0,83.0,manual,14145,Torremolinos,29620,Málaga,Torremolinos
Citroen,C3,Gasolina,21843.0,83.0,manual,14145,Torremolinos,29620,Málaga,Torremolinos
Citroen,C3,Gasolina,21843.0,83.0,manual,14145,Torremolinos,29620,Málaga,Torremolinos
Citroen,C3,Gasolina,41551.0,110.0,automatic,16300,Hidraulica Santillana,28770,Madrid,Hidraulica Santillana
Citroen,C3,Gasolina,41551.0,110.0,automatic,16300,Alameda del Obispo,14005,Córdoba,Alameda del Obispo
Citroen,C3,Gasolina,41551.0,110.0,automatic,16300,Alzira,46600,Valencia,Alzira
Citroen,C3,Gasolina,41551.0,110.0,automatic,16300,Alzira,46600,Valencia,Alzira
Citroen,C3,Diésel,189700.0,68.0,manual,5590,Castello/Castellon de La Plana,12100,Castellón,Castello/Castellon de La Plana
Citroen,C3,Gasolina,21843.0,83.0,manual,14145,Collado Villalba,28400,Madrid,Collado Villalba
Citroen,C3,Gasolina,21843.0,83.0,manual,14145,Collado Villalba,28400,Madrid,Collado Villalba
Citroen,C3,Gasolina,19700.0,82.0,manual,13490,Lleida,25001,Lleida,Lleida
Citroen,C3,Gasolina,99933.0,60.0,manual,7490,La Esperanza,38290,Santa Cruz de Tenerife,La Esperanza
Citroen,C3,Gasolina,75894.0,83.0,manual,9985,Sabadell,8201,Barcelona,Sabadell
Citroen,C3,Gasolina,27845.0,82.0,manual,12999,Barcelona,8007,Barcelona,Barcelona
Citroen,C3,Gasolina,27845.0,82.0,manual,12499,Barcelona,8007,Barcelona,Barcelona
Citroen,C3,Gasolina,27845.0,82.0,manual,12999,Madrid,28014,Madrid,Madrid
Citroen,C3,Gasolina,27845.0,82.0,manual,12499,Madrid,28014,Madrid,Madrid
Citroen,C3,Diésel,48000.0,74.0,manual,11900,Málaga,29004,Málaga,Málaga
Citroen,C3,Diésel,48000.0,74.0,manual,9900,Málaga,29004,Málaga,Málaga
Citroen,C3,Diésel,120000.0,68.0,manual,7000,Gelves,41120,Sevilla,Gelves
Citroen,C3,Gasolina,8854.0,110.0,automatic,20400,Barcelona,8007,Barcelona,Barcelona
Citroen,C3,Diésel,40880.0,102.0,manual,16900,Barcelona,8007,Barcelona,Barcelona
Citroen,C3,Gasolina,75894.0,83.0,manual,9985,Sant Boi de Llobregat,8830,Barcelona,Sant Boi de Llobregat
Citroen,C3,Gasolina,41551.0,110.0,automatic,16300,Las Rozas de Madrid,28232,Madrid,Las Rozas de Madrid
Citroen,C3,Diésel,139000.0,70.0,manual,5990,Poligono Industrial Madanela,15800,A Coruña,Poligono Industrial Madanela
Citroen,C3,Diésel,162000.0,70.0,manual,4990,Poligono Industrial Madanela,15800,A Coruña,Poligono Industrial Madanela
Citroen,C3,Gasolina,43000.0,83.0,manual,14800,Zaragoza,50001,Zaragoza,Zaragoza
Citroen,C3,Diésel,61000.0,75.0,manual,10200,Bormujos,41930,Sevilla,Bormujos
Citroen,C3,Diésel,61000.0,75.0,manual,10200,Valencia,46002,Valencia,Valencia
Citroen,C3,Gasolina,41551.0,110.0,automatic,16300,Collado Villalba,28400,Madrid,Collado Villalba
Citroen,C3,Gasolina,41551.0,110.0,automatic,16300,Collado Villalba,28400,Madrid,Collado Villalba
Citroen,C3,Gasolina,38521.0,83.0,manual,14190,Madrid,28021,Madrid,Madrid
Citroen,C3,Gasolina,41551.0,110.0,automatic,16300,Santa Maria del Aguila,4710,Almería,Santa Maria del Aguila
Citroen,C3,Gasolina,41551.0,110.0,automatic,16300,Murcia,30003,Murcia,Murcia
Citroen,C3,Gasolina,41551.0,110.0,automatic,16300,Albacete,2001,Albacete,Albacete
Citroen,C3,Gasolina,41551.0,110.0,automatic,16300,Getafe,28906,Madrid,Getafe
Citroen,C3,Gasolina,41551.0,110.0,automatic,16300,Valdepeñas,13300,Ciudad Real,Valdepeñas
Citroen,C3,Gasolina,41551.0,110.0,automatic,16300,Valdepeñas,13300,Ciudad Real,Valdepeñas
Citroen,C3,Gasolina,41551.0,110.0,automatic,16300,Vigo,36214,Pontevedra,Vigo
Citroen,C3,Gasolina,41551.0,110.0,automatic,16300,Saladar,3700,Alicante,Saladar
Citroen,C3,Gasolina,75894.0,82.0,manual,9985,Barcelona,8003,Barcelona,Barcelona
Citroen,C3,Diésel,61517.0,75.0,manual,306,Madrid,28014,Madrid,Madrid
Citroen,C3,Gasolina,41551.0,110.0,automatic,16300,Olèrdola,8734,Barcelona,Olèrdola
Citroen,C3,Gasolina,41551.0,110.0,automatic,16300,Olèrdola,8734,Barcelona,Olèrdola
Citroen,C3,Gasolina,41551.0,110.0,automatic,16300,Santiago de Compostela,15703,A Coruña,Santiago de Compostela
Citroen,C3,Gasolina,41551.0,110.0,automatic,16300,Ciudad Real,13003,Ciudad Real,Ciudad Real
Citroen,C3,Gasolina,41551.0,110.0,automatic,16300,Torremolinos,29620,Málaga,Torremolinos
Citroen,C3,Gasolina,41551.0,110.0,automatic,16300,Torremolinos,29620,Málaga,Torremolinos
Citroen,C3,Gasolina,41551.0,110.0,automatic,16300,Torremolinos,29620,Málaga,Torremolinos
Citroen,C3,Gasolina,41551.0,110.0,automatic,16300,Colonia Pablo Iglesias,28520,Madrid,Colonia Pablo Iglesias
Citroen,C3,Gasolina,41551.0,110.0,automatic,16300,Castello/Castellon de La Plana,12100,Castellón,Castello/Castellon de La Plana
Citroen,C3,Gasolina,21279.0,110.0,manual,16490,Vilafranca del Penedès,8720,Barcelona,Vilafranca del Penedès
Citroen,C3,Gasolina,41551.0,110.0,automatic,16300,Alcobendas,28100,Madrid,Alcobendas
Citroen,C3,Gasolina,41551.0,110.0,automatic,16300,Estepona,29680,Málaga,Estepona
Citroen,C3,Gasolina,41551.0,110.0,automatic,16300,Badajoz,6008,Badajoz,Badajoz
Citroen,C3,Gasolina,41551.0,110.0,automatic,16300,Alicante,3007,Alicante,Alicante
Citroen,C3,Gasolina,41551.0,110.0,automatic,16300,Alcalá de Guadaíra,41500,Sevilla,Alcalá de Guadaíra
Citroen,C3,Gasolina,41551.0,110.0,automatic,16300,Atarrabia,31610,Navarra,Atarrabia
Citroen,C3,Gasolina,55300.0,82.0,manual,12490,Málaga,29005,Málaga,Málaga
Citroen,C3,Gasolina,41551.0,110.0,automatic,16300,Puerto de Sagunto,46520,Valencia,Puerto de Sagunto
Citroen,C3,Gasolina,41551.0,110.0,automatic,16300,Santafe,18320,Granada,Santafe
Citroen,C3,Gasolina,41551.0,110.0,automatic,16300,Mercabilbao,48970,Bizkaia,Mercabilbao
Citroen,C3,Gasolina,41551.0,110.0,automatic,16300,Barcelona,8007,Barcelona,Barcelona
Citroen,C3,Gasolina,41551.0,110.0,automatic,16300,Paterna,46980,Valencia,Paterna
Citroen,C3,Gasolina,41551.0,110.0,automatic,16300,Zaragoza,50013,Zaragoza,Zaragoza
Citroen,C3,Gasolina,61000.0,82.0,manual,9999,Elx/Elche,3204,Alicante,Elx/Elche
Citroen,C3,Gasolina,150800.0,61.0,manual,3990,Poligono Industrial Parque Industrial de Elche,3203,Alicante,Poligono Industrial Parque Industrial de Elche
Citroen,C3,Diésel,190800.0,68.0,manual,7200,Girona,17005,Girona,Girona
Citroen,C3,Gasolina,31000.0,82.0,manual,13900,Barcelona,8013,Barcelona,Barcelona
Citroen,C3,Diésel,236000.0,68.0,manual,4500,Vilanova i la Geltrú,8800,Barcelona,Vilanova i la Geltrú
Citroen,C3,Diésel,36000.0,102.0,manual,16490,Alicante,3010,Alicante,Alicante
Citroen,C3,Diésel,36000.0,102.0,manual,16490,Alicante,3010,Murcia,Alicante
Citroen,C3,Gasolina,81976.0,110.0,manual,11490,Alicante,3010,Alicante,Alicante
Citroen,C3,Gasolina,81976.0,110.0,manual,11490,Alicante,3010,Murcia,Alicante
Citroen,C3,Gasolina,36823.0,68.0,manual,10290,Alicante,3010,Alicante,Alicante
Citroen,C3,Gasolina,36823.0,68.0,manual,10290,Alicante,3010,Murcia,Alicante
Citroen,C3,Gasolina,109995.0,110.0,manual,11990,Alicante,3010,Alicante,Alicante
Citroen,C3,Gasolina,109995.0,110.0,manual,11990,Alicante,3010,Murcia,Alicante
Citroen,C3,Gasolina,110617.0,82.0,manual,10290,Alicante,3010,Alicante,Alicante
Citroen,C3,Gasolina,110617.0,82.0,manual,10290,Alicante,3010,Murcia,Alicante
Citroen,C3,Gasolina,93010.0,82.0,manual,11990,Alicante,3010,Alicante,Alicante
Citroen,C3,Gasolina,93010.0,82.0,manual,11990,Alicante,3010,Murcia,Alicante
Citroen,C3,Gasolina,93010.0,82.0,manual,11490,Alicante,3010,Alicante,Alicante
Citroen,C3,Gasolina,93010.0,82.0,manual,11490,Alicante,3010,Murcia,Alicante
Citroen,C3,Diésel,82000.0,75.0,manual,10990,Alicante,3010,Alicante,Alicante
Citroen,C3,Diésel,82000.0,75.0,manual,10990,Alicante,3010,Murcia,Alicante
Citroen,C3,Gasolina,40025.0,82.0,manual,11490,Alicante,3010,Alicante,Alicante
Citroen,C3,Gasolina,40025.0,82.0,manual,11490,Alicante,3010,Murcia,Alicante
Citroen,C3,Gasolina,36649.0,82.0,manual,12290,Alicante,3010,Alicante,Alicante
Citroen,C3,Gasolina,36649.0,82.0,manual,12290,Alicante,3010,Murcia,Alicante
Citroen,C3,Gasolina,82472.0,110.0,manual,12690,Alicante,3010,Alicante,Alicante
Citroen,C3,Gasolina,82472.0,110.0,manual,12690,Alicante,3010,Murcia,Alicante
Citroen,C3,Diésel,70160.0,75.0,manual,10490,Alicante,3010,Alicante,Alicante
Citroen,C3,Diésel,70160.0,75.0,manual,10490,Alicante,3010,Murcia,Alicante
Citroen,C3,Gasolina,1500.0,83.0,manual,15990,Alicante,3010,Alicante,Alicante
Citroen,C3,Gasolina,1500.0,83.0,manual,15990,Alicante,3010,Murcia,Alicante
Citroen,C3,Gasolina,88554.0,82.0,manual,10490,Alicante,3010,Alicante,Alicante
Citroen,C3,Gasolina,88554.0,82.0,manual,10490,Alicante,3010,Murcia,Alicante
Citroen,C3,Gasolina,72000.0,61.0,manual,3999,Constantí,43120,Tarragona,Constantí
Citroen,C3,Diésel,117308.0,75.0,manual,8990,Alicante,3010,Alicante,Alicante
Citroen,C3,Diésel,117308.0,75.0,manual,8990,Alicante,3010,Murcia,Alicante
Citroen,C3,Diésel,36000.0,102.0,manual,16490,Valencia,46001,Valencia,Valencia
Citroen,C3,Gasolina,81976.0,110.0,manual,11490,Valencia,46001,Valencia,Valencia
Citroen,C3,Gasolina,36823.0,68.0,manual,10290,Valencia,46001,Valencia,Valencia
Citroen,C3,Gasolina,109995.0,110.0,manual,11990,Valencia,46001,Valencia,Valencia
Citroen,C3,Gasolina,110617.0,82.0,manual,10290,Valencia,46001,Valencia,Valencia
Citroen,C3,Gasolina,93010.0,82.0,manual,11990,Valencia,46001,Valencia,Valencia
Citroen,C3,Gasolina,93010.0,82.0,manual,11490,Valencia,46001,Valencia,Valencia
Citroen,C3,Diésel,82000.0,75.0,manual,10990,Valencia,46001,Valencia,Valencia
Citroen,C3,Gasolina,40025.0,82.0,manual,11490,Valencia,46001,Valencia,Valencia
Citroen,C3,Gasolina,36649.0,82.0,manual,12290,Valencia,46001,Valencia,Valencia
Citroen,C3,Gasolina,82472.0,110.0,manual,12690,Valencia,46001,Valencia,Valencia
Citroen,C3,Diésel,70160.0,75.0,manual,10490,Valencia,46001,Valencia,Valencia
Citroen,C3,Gasolina,9719.0,83.0,manual,14990,Alicante,3010,Alicante,Alicante
Citroen,C3,Gasolina,9719.0,83.0,manual,14990,Alicante,3010,Murcia,Alicante
Citroen,C3,Gasolina,55300.0,82.0,manual,12490,Alicante,3010,Alicante,Alicante
Citroen,C3,Gasolina,55300.0,82.0,manual,12490,Alicante,3010,Murcia,Alicante
Citroen,C3,Gasolina,88554.0,82.0,manual,10490,Valencia,46001,Valencia,Valencia
Citroen,C3,Gasolina,1500.0,83.0,manual,15990,Valencia,46001,Valencia,Valencia
Citroen,C3,Diésel,117308.0,75.0,manual,8990,Valencia,46001,Valencia,Valencia
Citroen,C3,Diésel,36000.0,102.0,manual,16490,Vigo,36211,Pontevedra,Vigo
Citroen,C3,Gasolina,81976.0,110.0,manual,11490,Vigo,36211,Pontevedra,Vigo
Citroen,C3,Gasolina,36823.0,68.0,manual,10290,Vigo,36211,Pontevedra,Vigo
Citroen,C3,Gasolina,109995.0,110.0,manual,11990,Vigo,36211,Pontevedra,Vigo
Citroen,C3,Gasolina,110617.0,82.0,manual,10290,Vigo,36211,Pontevedra,Vigo
Citroen,C3,Gasolina,9719.0,83.0,manual,14990,Valencia,46001,Valencia,Valencia
Citroen,C3,Gasolina,93010.0,82.0,manual,11990,Vigo,36211,Pontevedra,Vigo
Citroen,C3,Gasolina,93010.0,82.0,manual,11490,Vigo,36211,Pontevedra,Vigo
Citroen,C3,Gasolina,55300.0,82.0,manual,12490,Valencia,46001,Valencia,Valencia
Citroen,C3,Diésel,94080.0,68.0,manual,7199,Barcelona,8007,Barcelona,Barcelona
Citroen,C3,Gasolina,88313.0,82.0,manual,9199,Barcelona,8007,Barcelona,Barcelona
Citroen,C3,Gasolina,15772.0,82.0,manual,14399,Barcelona,8007,Barcelona,Barcelona
Citroen,C3,Gasolina,19097.0,82.0,manual,14199,Barcelona,8007,Barcelona,Barcelona
Citroen,C3,Gasolina,19097.0,82.0,manual,13899,Barcelona,8007,Barcelona,Barcelona
Citroen,C3,Diésel,36000.0,102.0,manual,16490,Murcia,30005,Murcia,Murcia
Citroen,C3,Gasolina,81976.0,110.0,manual,11490,Murcia,30005,Murcia,Murcia
Citroen,C3,Gasolina,36823.0,68.0,manual,10290,Murcia,30005,Murcia,Murcia
Citroen,C3,Gasolina,109995.0,110.0,manual,11990,Murcia,30005,Murcia,Murcia
Citroen,C3,Gasolina,110617.0,82.0,manual,10290,Murcia,30005,Murcia,Murcia
Citroen,C3,Gasolina,93010.0,82.0,manual,11990,Murcia,30005,Murcia,Murcia
Citroen,C3,Gasolina,93010.0,82.0,manual,11490,Murcia,30005,Murcia,Murcia
Citroen,C3,Diésel,36000.0,102.0,manual,16490,Granada,18005,Granada,Granada
Citroen,C3,Gasolina,81976.0,110.0,manual,11490,Granada,18005,Granada,Granada
Citroen,C3,Gasolina,109995.0,110.0,manual,11990,Granada,18005,Granada,Granada
Citroen,C3,Gasolina,110617.0,82.0,manual,10290,Granada,18005,Granada,Granada
Citroen,C3,Gasolina,93010.0,82.0,manual,11990,Granada,18005,Granada,Granada
Citroen,C3,Gasolina,93010.0,82.0,manual,11490,Granada,18005,Granada,Granada
Citroen,C3,Diésel,82000.0,75.0,manual,10990,Murcia,30005,Murcia,Murcia
Citroen,C3,Diésel,82000.0,75.0,manual,10990,Granada,18005,Granada,Granada
Citroen,C3,Gasolina,40025.0,82.0,manual,11490,Murcia,30005,Murcia,Murcia
Citroen,C3,Gasolina,40025.0,82.0,manual,11490,Granada,18005,Granada,Granada
Citroen,C3,Gasolina,36649.0,82.0,manual,12290,Murcia,30005,Murcia,Murcia
Citroen,C3,Gasolina,36649.0,82.0,manual,12290,Granada,18005,Granada,Granada
Citroen,C3,Gasolina,82472.0,110.0,manual,12690,Murcia,30005,Murcia,Murcia
Citroen,C3,Gasolina,82472.0,110.0,manual,12690,Granada,18005,Granada,Granada
Citroen,C3,Diésel,82000.0,75.0,manual,10990,Vigo,36211,Pontevedra,Vigo
Citroen,C3,Gasolina,40025.0,82.0,manual,11490,Vigo,36211,Pontevedra,Vigo
Citroen,C3,Diésel,70160.0,75.0,manual,10490,Murcia,30005,Murcia,Murcia
Citroen,C3,Gasolina,36649.0,82.0,manual,12290,Vigo,36211,Pontevedra,Vigo
Citroen,C3,Diésel,70160.0,75.0,manual,10490,Granada,18005,Granada,Granada
Citroen,C3,Gasolina,88554.0,82.0,manual,10490,Murcia,30005,Murcia,Murcia
Citroen,C3,Gasolina,82472.0,110.0,manual,12690,Vigo,36211,Pontevedra,Vigo
Citroen,C3,Gasolina,1500.0,83.0,manual,15990,Murcia,30005,Murcia,Murcia
Citroen,C3,Gasolina,88554.0,82.0,manual,10490,Granada,18005,Granada,Granada
Citroen,C3,Gasolina,1500.0,83.0,manual,15990,Granada,18005,Granada,Granada
Citroen,C3,Diésel,70160.0,75.0,manual,10490,Vigo,36211,Pontevedra,Vigo
Citroen,C3,Diésel,117308.0,75.0,manual,8990,Murcia,30005,Murcia,Murcia
Citroen,C3,Diésel,117308.0,75.0,manual,8990,Granada,18005,Granada,Granada
Citroen,C3,Gasolina,88554.0,82.0,manual,10490,Vigo,36211,Pontevedra,Vigo
Citroen,C3,Diésel,36000.0,102.0,manual,16490,Bilbao,48004,Bizkaia,Bilbao
Citroen,C3,Gasolina,1500.0,83.0,manual,15990,Vigo,36211,Pontevedra,Vigo
Citroen,C3,Gasolina,81976.0,110.0,manual,11490,Bilbao,48004,Bizkaia,Bilbao
Citroen,C3,Gasolina,36823.0,68.0,manual,10290,Bilbao,48004,Bizkaia,Bilbao
Citroen,C3,Gasolina,109995.0,110.0,manual,11990,Bilbao,48004,Bizkaia,Bilbao
Citroen,C3,Gasolina,110617.0,82.0,manual,10290,Bilbao,48004,Bizkaia,Bilbao
Citroen,C3,Gasolina,93010.0,82.0,manual,11990,Bilbao,48004,Bizkaia,Bilbao
Citroen,C3,Gasolina,93010.0,82.0,manual,11490,Bilbao,48004,Bizkaia,Bilbao
Citroen,C3,Diésel,117308.0,75.0,manual,8990,Vigo,36211,Pontevedra,Vigo
Citroen,C3,Diésel,36000.0,102.0,manual,16490,Sevilla,41005,Sevilla,Sevilla
Citroen,C3,Gasolina,9719.0,83.0,manual,14990,Murcia,30005,Murcia,Murcia
Citroen,C3,Diésel,82000.0,75.0,manual,10990,Bilbao,48004,Bizkaia,Bilbao
Citroen,C3,Gasolina,9719.0,83.0,manual,14990,Granada,18005,Granada,Granada
Citroen,C3,Gasolina,55300.0,82.0,manual,12490,Murcia,30005,Murcia,Murcia
Citroen,C3,Gasolina,81976.0,110.0,manual,11490,Sevilla,41005,Sevilla,Sevilla
Citroen,C3,Gasolina,40025.0,82.0,manual,11490,Bilbao,48004,Bizkaia,Bilbao
Citroen,C3,Gasolina,36649.0,82.0,manual,12290,Bilbao,48004,Bizkaia,Bilbao
Citroen,C3,Gasolina,55300.0,82.0,manual,12490,Granada,18005,Granada,Granada
Citroen,C3,Gasolina,109995.0,110.0,manual,11990,Sevilla,41005,Sevilla,Sevilla
Citroen,C3,Gasolina,82472.0,110.0,manual,12690,Bilbao,48004,Bizkaia,Bilbao
Citroen,C3,Diésel,70160.0,75.0,manual,10490,Bilbao,48004,Bizkaia,Bilbao
Citroen,C3,Gasolina,110617.0,82.0,manual,10290,Sevilla,41005,Sevilla,Sevilla
Citroen,C3,Gasolina,88554.0,82.0,manual,10490,Bilbao,48004,Bizkaia,Bilbao
Citroen,C3,Gasolina,93010.0,82.0,manual,11990,Sevilla,41005,Sevilla,Sevilla
Citroen,C3,Gasolina,93010.0,82.0,manual,11490,Sevilla,41005,Sevilla,Sevilla
Citroen,C3,Gasolina,1500.0,83.0,manual,15990,Bilbao,48004,Bizkaia,Bilbao
Citroen,C3,Diésel,36000.0,102.0,manual,16490,Almería,4006,Almería,Almería
Citroen,C3,Gasolina,9719.0,83.0,manual,14990,Vigo,36211,Pontevedra,Vigo
Citroen,C3,Gasolina,81976.0,110.0,manual,11490,Almería,4006,Almería,Almería
Citroen,C3,Diésel,117308.0,75.0,manual,8990,Bilbao,48004,Bizkaia,Bilbao
Citroen,C3,Gasolina,36823.0,68.0,manual,10290,Almería,4006,Almería,Almería
Citroen,C3,Gasolina,109995.0,110.0,manual,11990,Almería,4006,Almería,Almería
Citroen,C3,Gasolina,55300.0,82.0,manual,12490,Vigo,36211,Pontevedra,Vigo
Citroen,C3,Gasolina,55300.0,82.0,manual,12490,Sevilla,41005,Sevilla,Sevilla
Citroen,C3,Gasolina,110617.0,82.0,manual,10290,Almería,4006,Almería,Almería
Citroen,C3,Gasolina,93010.0,82.0,manual,11990,Almería,4006,Almería,Almería
Citroen,C3,Gasolina,93010.0,82.0,manual,11490,Almería,4006,Almería,Almería
Citroen,C3,Gasolina,9719.0,83.0,manual,14990,Bilbao,48004,Bizkaia,Bilbao
Citroen,C3,Gasolina,55300.0,82.0,manual,12490,Bilbao,48004,Bizkaia,Bilbao
Citroen,C3,Gasolina,55300.0,82.0,manual,12490,Palma de Mallorca,7003,Baleares,Palma de Mallorca
Citroen,C3,Diésel,94080.0,68.0,manual,7199,Madrid,28014,Madrid,Madrid
Citroen,C3,Gasolina,88313.0,82.0,manual,9199,Madrid,28014,Madrid,Madrid
Citroen,C3,Gasolina,15772.0,82.0,manual,14399,Madrid,28014,Madrid,Madrid
Citroen,C3,Diésel,82000.0,75.0,manual,10990,Almería,4006,Almería,Almería
Citroen,C3,Gasolina,19097.0,82.0,manual,14199,Madrid,28014,Madrid,Madrid
Citroen,C3,Gasolina,19097.0,82.0,manual,13899,Madrid,28014,Madrid,Madrid
Citroen,C3,Gasolina,55300.0,82.0,manual,12490,Almería,4006,Almería,Almería
Citroen,C3,Gasolina,55300.0,82.0,manual,12490,Castellón,12001,Castellón,Castellón
Citroen,C3,Gasolina,55300.0,82.0,manual,12490,Tarragona,43006,Tarragona,Tarragona
Citroen,C3,Diésel,95000.0,92.0,manual,7990,Valencia,46009,Valencia,Valencia
Citroen,C3,Gasolina,40025.0,82.0,manual,11490,Almería,4006,Almería,Almería
Citroen,C3,Gasolina,36649.0,82.0,manual,12290,Almería,4006,Almería,Almería
Citroen,C3,Gasolina,82472.0,110.0,manual,12690,Almería,4006,Almería,Almería
Citroen,C3,Diésel,70160.0,75.0,manual,10490,Almería,4006,Almería,Almería
Citroen,C3,Gasolina,88554.0,82.0,manual,10490,Almería,4006,Almería,Almería
Citroen,C3,Gasolina,1500.0,83.0,manual,15990,Almería,4006,Almería,Almería
Citroen,C3,Diésel,117308.0,75.0,manual,8990,Almería,4006,Almería,Almería
Citroen,C3,Gasolina,9719.0,83.0,manual,14990,Almería,4006,Almería,Almería
Citroen,C3,Diésel,36000.0,102.0,manual,16490,Málaga,29005,Málaga,Málaga
Citroen,C3,Gasolina,81976.0,110.0,manual,11490,Málaga,29005,Málaga,Málaga
Citroen,C3,Gasolina,36823.0,68.0,manual,10290,Málaga,29005,Málaga,Málaga
Citroen,C3,Gasolina,109995.0,110.0,manual,11990,Málaga,29005,Málaga,Málaga
Citroen,C3,Gasolina,93010.0,82.0,manual,11990,Palma de Mallorca,7003,Baleares,Palma de Mallorca
Citroen,C3,Gasolina,93010.0,82.0,manual,11490,Palma de Mallorca,7003,Baleares,Palma de Mallorca
Citroen,C3,Gasolina,110617.0,82.0,manual,10290,Málaga,29005,Málaga,Málaga
Citroen,C3,Gasolina,93010.0,82.0,manual,11990,Málaga,29005,Málaga,Málaga
Citroen,C3,Gasolina,93010.0,82.0,manual,11490,Málaga,29005,Málaga,Málaga
Citroen,C3,Gasolina,43000.0,80.0,manual,12999,Bormujos,41930,Sevilla,Bormujos
Citroen,C3,Gasolina,43000.0,82.0,manual,12999,Valencia,46002,Valencia,Valencia
Citroen,C3,Diésel,82000.0,75.0,manual,10990,Palma de Mallorca,7003,Baleares,Palma de Mallorca
Citroen,C3,Diésel,82000.0,75.0,manual,10990,Málaga,29005,Málaga,Málaga
Citroen,C3,Gasolina,109995.0,110.0,manual,11990,Toledo,45002,Toledo,Toledo
Citroen,C3,Gasolina,40025.0,82.0,manual,11490,Palma de Mallorca,7003,Baleares,Palma de Mallorca
Citroen,C3,Gasolina,40025.0,82.0,manual,11490,Málaga,29005,Málaga,Málaga
Citroen,C3,Diésel,82000.0,75.0,manual,10990,Sevilla,41005,Sevilla,Sevilla
Citroen,C3,Gasolina,36649.0,82.0,manual,12290,Málaga,29005,Málaga,Málaga
Citroen,C3,Gasolina,40025.0,82.0,manual,11490,Sevilla,41005,Sevilla,Sevilla
Citroen,C3,Gasolina,82472.0,110.0,manual,12690,Palma de Mallorca,7003,Baleares,Palma de Mallorca
Citroen,C3,Gasolina,36649.0,82.0,manual,12290,Sevilla,41005,Sevilla,Sevilla
Citroen,C3,Gasolina,82472.0,110.0,manual,12690,Málaga,29005,Málaga,Málaga
Citroen,C3,Gasolina,82472.0,110.0,manual,12690,Sevilla,41005,Sevilla,Sevilla
Citroen,C3,Diésel,70160.0,75.0,manual,10490,Málaga,29005,Málaga,Málaga
Citroen,C3,Gasolina,88554.0,82.0,manual,10490,Palma de Mallorca,7003,Baleares,Palma de Mallorca
Citroen,C3,Diésel,70160.0,75.0,manual,10490,Sevilla,41005,Sevilla,Sevilla
Citroen,C3,Gasolina,88554.0,82.0,manual,10490,Málaga,29005,Málaga,Málaga
Citroen,C3,Gasolina,1500.0,83.0,manual,15990,Palma de Mallorca,7003,Baleares,Palma de Mallorca
Citroen,C3,Gasolina,1500.0,83.0,manual,15990,Málaga,29005,Málaga,Málaga
Citroen,C3,Gasolina,88554.0,82.0,manual,10490,Sevilla,41005,Sevilla,Sevilla
Citroen,C3,Gasolina,1500.0,83.0,manual,15990,Sevilla,41005,Sevilla,Sevilla
Citroen,C3,Diésel,117308.0,75.0,manual,8990,Málaga,29005,Málaga,Málaga
Citroen,C3,Diésel,117308.0,75.0,manual,8990,Sevilla,41005,Sevilla,Sevilla
Citroen,C3,Diésel,117308.0,75.0,manual,8990,Palma de Mallorca,7003,Baleares,Palma de Mallorca
Citroen,C3,Gasolina,52600.0,82.0,manual,13450,Leganés,28916,Madrid,Leganés
Citroen,C3,Gasolina,52600.0,82.0,manual,13450,Madrid,28046,Madrid,Madrid
Citroen,C3,Gasolina,52600.0,82.0,manual,13450,Las Rozas de Madrid,28232,Madrid,Las Rozas de Madrid
Citroen,C3,Gasolina,9719.0,83.0,manual,14990,Málaga,29005,Málaga,Málaga
Citroen,C3,Gasolina,52600.0,82.0,manual,13450,Alcobendas,28100,Madrid,Alcobendas
Citroen,C3,Gasolina,9719.0,83.0,manual,14990,Sevilla,41005,Sevilla,Sevilla
Citroen,C3,Gasolina,9719.0,83.0,manual,14990,Estepona,29680,Málaga,Estepona
Citroen,C3,Gasolina,88415.0,68.0,manual,9500,Sant Boi de Llobregat,8830,Barcelona,Sant Boi de Llobregat
Citroen,C3,Gasolina,54496.0,83.0,manual,16900,Inca,7300,Baleares,Inca
Citroen,C3,Gasolina,86000.0,110.0,automatic,14250,Valdefuentes,28939,Madrid,Valdefuentes
Citroen,C3,Gasolina,86000.0,110.0,automatic,14250,Valdefuentes,28939,Madrid,Valdefuentes
Citroen,C3,Gasolina,86000.0,110.0,automatic,14250,Terrassa,8223,Barcelona,Terrassa
Citroen,C3,Gasolina,86000.0,110.0,automatic,14250,Burjassot,46100,Valencia,Burjassot
Citroen,C3,Gasolina,86000.0,110.0,automatic,14250,Bormujos,41930,Sevilla,Bormujos
Citroen,C3,Diésel,27942.0,102.0,manual,16990,Barcelona,8007,Barcelona,Barcelona
Citroen,C3,Gasolina,37459.0,110.0,manual,17550,Barcelona,8007,Barcelona,Barcelona
Citroen,C3,Diésel,215000.0,92.0,manual,2500,Constantí,43120,Tarragona,Constantí
Citroen,C3,Diésel,436000.0,68.0,manual,2999,San Martin,28939,Madrid,San Martin
Citroen,C3,Diésel,436000.0,68.0,manual,2999,San Martin,28939,Madrid,San Martin
Citroen,C3,Gasolina,12056.0,83.0,manual,16900,Torrent,46900,Valencia,Torrent
Citroen,C3,Gasolina,99000.0,73.0,manual,6500,Viladecans,8840,Barcelona,Viladecans
Citroen,C3,Diésel,220000.0,70.0,manual,2490,Montequinto,41089,Sevilla,Montequinto
Citroen,C3,Diésel,178.0,68.0,manual,3500,Salt,17190,Girona,Salt
Citroen,C3,Diésel,210000.0,68.0,manual,3500,Valencia,46017,Valencia,Valencia
Citroen,C3,Diésel,27542.0,102.0,manual,15990,Córdoba,14003,Córdoba,Córdoba
Citroen,C3,Diésel,30073.0,102.0,manual,15790,Madrid,28021,Madrid,Madrid
Citroen,C3,Diésel,88040.0,99.0,manual,12390,Madrid,28021,Madrid,Madrid
Citroen,C3,Diésel,88040.0,99.0,manual,12590,Madrid,28021,Madrid,Madrid
Citroen,C3,Diésel,6238.0,102.0,manual,18200,Barcelona,8032,Barcelona,Barcelona
Citroen,C3,Diésel,77000.0,99.0,manual,15900,Zaragoza,50001,Zaragoza,Zaragoza
Citroen,C3,Diésel,124926.0,68.0,manual,7500,Murcia,30151,Murcia,Murcia
Citroen,C3,Diésel,64000.0,75.0,manual,9900,Cádiz,11006,Cádiz,Cádiz
Citroen,C3,Gasolina,5.0,83.0,manual,18995,Sevilla,41006,Sevilla,Sevilla
Citroen,C3,Gasolina,32202.0,110.0,manual,16990,Molino de La Hoz,28290,Madrid,Molino de La Hoz
Citroen,C3,Gasolina,31594.0,110.0,manual,16900,Molino de La Hoz,28290,Madrid,Molino de La Hoz
Citroen,C3,Gasolina,35919.0,110.0,manual,16900,Molino de La Hoz,28290,Madrid,Molino de La Hoz
Citroen,C3,Gasolina,23012.0,110.0,manual,16900,Molino de La Hoz,28290,Madrid,Molino de La Hoz
Citroen,C3,Gasolina,28809.0,110.0,manual,16999,Molino de La Hoz,28290,Madrid,Molino de La Hoz
Citroen,C3,Gasolina,31690.0,110.0,manual,16990,Molino de La Hoz,28290,Madrid,Molino de La Hoz
Citroen,C3,Gasolina,29978.0,110.0,manual,16990,Molino de La Hoz,28290,Madrid,Molino de La Hoz
Citroen,C3,Gasolina,32135.0,110.0,manual,16990,Molino de La Hoz,28290,Madrid,Molino de La Hoz
Citroen,C3,Gasolina,31424.0,110.0,manual,16900,Molino de La Hoz,28290,Madrid,Molino de La Hoz
Citroen,C3,Gasolina,36961.0,110.0,manual,16990,Molino de La Hoz,28290,Madrid,Molino de La Hoz
Citroen,C3,Gasolina,36108.0,110.0,manual,16990,Molino de La Hoz,28290,Madrid,Molino de La Hoz
Citroen,C3,Gasolina,30481.0,110.0,manual,16990,Molino de La Hoz,28290,Madrid,Molino de La Hoz
Citroen,C3,Gasolina,34613.0,110.0,manual,16990,Molino de La Hoz,28290,Madrid,Molino de La Hoz
Citroen,C3,Diésel,53848.0,100.0,manual,16990,Molino de La Hoz,28290,Madrid,Molino de La Hoz
Citroen,C3,Diésel,33558.0,100.0,manual,16990,Molino de La Hoz,28290,Madrid,Molino de La Hoz
Citroen,C3,Gasolina,31158.0,110.0,manual,16890,Molino de La Hoz,28290,Madrid,Molino de La Hoz
Citroen,C3,Diésel,24313.0,100.0,manual,16990,Molino de La Hoz,28290,Madrid,Molino de La Hoz
Citroen,C3,Diésel,26131.0,100.0,manual,16990,Molino de La Hoz,28290,Madrid,Molino de La Hoz
Citroen,C3,Gasolina,24700.0,110.0,manual,16990,Molino de La Hoz,28290,Madrid,Molino de La Hoz
Citroen,C3,Diésel,31338.0,100.0,manual,16900,Molino de La Hoz,28290,Madrid,Molino de La Hoz
Citroen,C3,Diésel,34309.0,100.0,manual,16900,Molino de La Hoz,28290,Madrid,Molino de La Hoz
Citroen,C3,Diésel,37078.0,100.0,manual,16900,Molino de La Hoz,28290,Madrid,Molino de La Hoz
Citroen,C3,Diésel,33867.0,100.0,manual,16990,Molino de La Hoz,28290,Madrid,Molino de La Hoz
Citroen,C3,Gasolina,23012.0,110.0,manual,16900,Santiago de Compostela,15890,A Coruña,Santiago de Compostela
Citroen,C3,Gasolina,35919.0,110.0,manual,16900,Santiago de Compostela,15890,A Coruña,Santiago de Compostela
Citroen,C3,Gasolina,31594.0,110.0,manual,16900,Santiago de Compostela,15890,A Coruña,Santiago de Compostela
Citroen,C3,Gasolina,32135.0,110.0,manual,16990,Santiago de Compostela,15890,A Coruña,Santiago de Compostela
Citroen,C3,Gasolina,28809.0,110.0,manual,16999,Santiago de Compostela,15890,A Coruña,Santiago de Compostela
Citroen,C3,Gasolina,31690.0,110.0,manual,16990,Santiago de Compostela,15890,A Coruña,Santiago de Compostela
Citroen,C3,Gasolina,29978.0,110.0,manual,16990,Santiago de Compostela,15890,A Coruña,Santiago de Compostela
Citroen,C3,Gasolina,32202.0,110.0,manual,16990,Santiago de Compostela,15890,A Coruña,Santiago de Compostela
Citroen,C3,Gasolina,34613.0,110.0,manual,16990,Santiago de Compostela,15890,A Coruña,Santiago de Compostela
Citroen,C3,Gasolina,31424.0,110.0,manual,16900,Santiago de Compostela,15890,A Coruña,Santiago de Compostela
Citroen,C3,Gasolina,36108.0,110.0,manual,16990,Santiago de Compostela,15890,A Coruña,Santiago de Compostela
Citroen,C3,Gasolina,36961.0,110.0,manual,16990,Santiago de Compostela,15890,A Coruña,Santiago de Compostela
Citroen,C3,Gasolina,30481.0,110.0,manual,16990,Santiago de Compostela,15890,A Coruña,Santiago de Compostela
Citroen,C3,Diésel,24313.0,100.0,manual,16990,Santiago de Compostela,15890,A Coruña,Santiago de Compostela
Citroen,C3,Diésel,26131.0,100.0,manual,16990,Santiago de Compostela,15890,A Coruña,Santiago de Compostela
Citroen,C3,Diésel,33558.0,100.0,manual,16990,Santiago de Compostela,15890,A Coruña,Santiago de Compostela
Citroen,C3,Diésel,33867.0,100.0,manual,16990,Santiago de Compostela,15890,A Coruña,Santiago de Compostela
Citroen,C3,Diésel,53848.0,100.0,manual,16990,Santiago de Compostela,15890,A Coruña,Santiago de Compostela
Citroen,C3,Gasolina,31158.0,110.0,manual,16890,Santiago de Compostela,15890,A Coruña,Santiago de Compostela
Citroen,C3,Gasolina,24700.0,110.0,manual,16990,Santiago de Compostela,15890,A Coruña,Santiago de Compostela
Citroen,C3,Diésel,31338.0,100.0,manual,16900,Santiago de Compostela,15890,A Coruña,Santiago de Compostela
Citroen,C3,Diésel,37078.0,100.0,manual,16900,Santiago de Compostela,15890,A Coruña,Santiago de Compostela
Citroen,C3,Diésel,34309.0,100.0,manual,16900,Santiago de Compostela,15890,A Coruña,Santiago de Compostela
Citroen,C3,Gasolina,23012.0,110.0,manual,16900,San Fernando de Henares,28830,Madrid,San Fernando de Henares
Citroen,C3,Gasolina,35919.0,110.0,manual,16900,San Fernando de Henares,28830,Madrid,San Fernando de Henares
Citroen,C3,Gasolina,32135.0,110.0,manual,16990,San Fernando de Henares,28830,Madrid,San Fernando de Henares
Citroen,C3,Gasolina,31690.0,110.0,manual,16990,San Fernando de Henares,28830,Madrid,San Fernando de Henares
Citroen,C3,Gasolina,29978.0,110.0,manual,16990,San Fernando de Henares,28830,Madrid,San Fernando de Henares
Citroen,C3,Gasolina,28809.0,110.0,manual,16999,San Fernando de Henares,28830,Madrid,San Fernando de Henares
Citroen,C3,Gasolina,32202.0,110.0,manual,16990,San Fernando de Henares,28830,Madrid,San Fernando de Henares
Citroen,C3,Gasolina,31594.0,110.0,manual,16900,San Fernando de Henares,28830,Madrid,San Fernando de Henares
Citroen,C3,Gasolina,31424.0,110.0,manual,16900,San Fernando de Henares,28830,Madrid,San Fernando de Henares
Citroen,C3,Gasolina,36961.0,110.0,manual,16990,San Fernando de Henares,28830,Madrid,San Fernando de Henares
Citroen,C3,Gasolina,36108.0,110.0,manual,16990,San Fernando de Henares,28830,Madrid,San Fernando de Henares
Citroen,C3,Gasolina,24700.0,110.0,manual,16990,San Fernando de Henares,28830,Madrid,San Fernando de Henares
Citroen,C3,Gasolina,30481.0,110.0,manual,16990,San Fernando de Henares,28830,Madrid,San Fernando de Henares
Citroen,C3,Gasolina,34613.0,110.0,manual,16990,San Fernando de Henares,28830,Madrid,San Fernando de Henares
Citroen,C3,Gasolina,31158.0,110.0,manual,16890,San Fernando de Henares,28830,Madrid,San Fernando de Henares
Citroen,C3,Diésel,26131.0,100.0,manual,16990,San Fernando de Henares,28830,Madrid,San Fernando de Henares
Citroen,C3,Diésel,33558.0,100.0,manual,16990,San Fernando de Henares,28830,Madrid,San Fernando de Henares
Citroen,C3,Diésel,24313.0,100.0,manual,16990,San Fernando de Henares,28830,Madrid,San Fernando de Henares
Citroen,C3,Diésel,31338.0,100.0,manual,16900,San Fernando de Henares,28830,Madrid,San Fernando de Henares
Citroen,C3,Diésel,34309.0,100.0,manual,16900,San Fernando de Henares,28830,Madrid,San Fernando de Henares
Citroen,C3,Diésel,37078.0,100.0,manual,16900,San Fernando de Henares,28830,Madrid,San Fernando de Henares
Citroen,C3,Diésel,33867.0,100.0,manual,16990,San Fernando de Henares,28830,Madrid,San Fernando de Henares
Citroen,C3,Diésel,53848.0,100.0,manual,16990,San Fernando de Henares,28830,Madrid,San Fernando de Henares
Citroen,C3,Gasolina,23012.0,110.0,manual,16900,Fortiñon,15168,A Coruña,Fortiñon
Citroen,C3,Gasolina,35919.0,110.0,manual,16900,Fortiñon,15168,A Coruña,Fortiñon
Citroen,C3,Gasolina,32135.0,110.0,manual,16990,Fortiñon,15168,A Coruña,Fortiñon
Citroen,C3,Gasolina,28809.0,110.0,manual,16999,Fortiñon,15168,A Coruña,Fortiñon
Citroen,C3,Gasolina,31690.0,110.0,manual,16990,Fortiñon,15168,A Coruña,Fortiñon
Citroen,C3,Gasolina,29978.0,110.0,manual,16990,Fortiñon,15168,A Coruña,Fortiñon
Citroen,C3,Gasolina,32202.0,110.0,manual,16990,Fortiñon,15168,A Coruña,Fortiñon
Citroen,C3,Gasolina,31594.0,110.0,manual,16900,Fortiñon,15168,A Coruña,Fortiñon
Citroen,C3,Gasolina,24700.0,110.0,manual,16990,Fortiñon,15168,A Coruña,Fortiñon
Citroen,C3,Gasolina,30481.0,110.0,manual,16990,Fortiñon,15168,A Coruña,Fortiñon
Citroen,C3,Gasolina,34613.0,110.0,manual,16990,Fortiñon,15168,A Coruña,Fortiñon
Citroen,C3,Gasolina,31424.0,110.0,manual,16900,Fortiñon,15168,A Coruña,Fortiñon
Citroen,C3,Gasolina,36961.0,110.0,manual,16990,Fortiñon,15168,A Coruña,Fortiñon
Citroen,C3,Gasolina,36108.0,110.0,manual,16990,Fortiñon,15168,A Coruña,Fortiñon
Citroen,C3,Diésel,53848.0,100.0,manual,16990,Fortiñon,15168,A Coruña,Fortiñon
Citroen,C3,Diésel,24313.0,100.0,manual,16990,Fortiñon,15168,A Coruña,Fortiñon
Citroen,C3,Diésel,26131.0,100.0,manual,16990,Fortiñon,15168,A Coruña,Fortiñon
Citroen,C3,Diésel,33558.0,100.0,manual,16990,Fortiñon,15168,A Coruña,Fortiñon
Citroen,C3,Gasolina,31158.0,110.0,manual,16890,Fortiñon,15168,A Coruña,Fortiñon
Citroen,C3,Diésel,33867.0,100.0,manual,16990,Fortiñon,15168,A Coruña,Fortiñon
Citroen,C3,Diésel,31338.0,100.0,manual,16900,Fortiñon,15168,A Coruña,Fortiñon
Citroen,C3,Diésel,34309.0,100.0,manual,16900,Fortiñon,15168,A Coruña,Fortiñon
Citroen,C3,Diésel,37078.0,100.0,manual,16900,Fortiñon,15168,A Coruña,Fortiñon
Citroen,C3,Gasolina,35919.0,110.0,manual,16900,Pontevedra,36161,Pontevedra,Pontevedra
Citroen,C3,Gasolina,23012.0,110.0,manual,16900,Pontevedra,36161,Pontevedra,Pontevedra
Citroen,C3,Gasolina,31594.0,110.0,manual,16900,Pontevedra,36161,Pontevedra,Pontevedra
Citroen,C3,Gasolina,32202.0,110.0,manual,16990,Pontevedra,36161,Pontevedra,Pontevedra
Citroen,C3,Gasolina,29978.0,110.0,manual,16990,Pontevedra,36161,Pontevedra,Pontevedra
Citroen,C3,Gasolina,31690.0,110.0,manual,16990,Pontevedra,36161,Pontevedra,Pontevedra
Citroen,C3,Gasolina,32135.0,110.0,manual,16990,Pontevedra,36161,Pontevedra,Pontevedra
Citroen,C3,Gasolina,28809.0,110.0,manual,16999,Pontevedra,36161,Pontevedra,Pontevedra
Citroen,C3,Gasolina,36108.0,110.0,manual,16990,Pontevedra,36161,Pontevedra,Pontevedra
Citroen,C3,Gasolina,31424.0,110.0,manual,16900,Pontevedra,36161,Pontevedra,Pontevedra
Citroen,C3,Gasolina,36961.0,110.0,manual,16990,Pontevedra,36161,Pontevedra,Pontevedra
Citroen,C3,Gasolina,30481.0,110.0,manual,16990,Pontevedra,36161,Pontevedra,Pontevedra
Citroen,C3,Gasolina,24700.0,110.0,manual,16990,Pontevedra,36161,Pontevedra,Pontevedra
Citroen,C3,Gasolina,34613.0,110.0,manual,16990,Pontevedra,36161,Pontevedra,Pontevedra
Citroen,C3,Gasolina,31158.0,110.0,manual,16890,Pontevedra,36161,Pontevedra,Pontevedra
Citroen,C3,Diésel,33558.0,100.0,manual,16990,Pontevedra,36161,Pontevedra,Pontevedra
Citroen,C3,Diésel,53848.0,100.0,manual,16990,Pontevedra,36161,Pontevedra,Pontevedra
Citroen,C3,Diésel,26131.0,100.0,manual,16990,Pontevedra,36161,Pontevedra,Pontevedra
Citroen,C3,Diésel,24313.0,100.0,manual,16990,Pontevedra,36161,Pontevedra,Pontevedra
Citroen,C3,Diésel,37078.0,100.0,manual,16900,Pontevedra,36161,Pontevedra,Pontevedra
Citroen,C3,Diésel,33867.0,100.0,manual,16990,Pontevedra,36161,Pontevedra,Pontevedra
Citroen,C3,Diésel,31338.0,100.0,manual,16900,Pontevedra,36161,Pontevedra,Pontevedra
Citroen,C3,Diésel,34309.0,100.0,manual,16900,Pontevedra,36161,Pontevedra,Pontevedra
Citroen,C3,Gasolina,144000.0,82.0,manual,6990,Tordera,8490,Barcelona,Tordera
Citroen,C3,Diésel,80000.0,68.0,manual,4499,Utrera,41710,Sevilla,Utrera
Citroen,C3,Gasolina,189000.0,61.0,manual,2490,Montequinto,41089,Sevilla,Montequinto
Citroen,C3,Gasolina,77000.0,110.0,manual,14499,Alcalá de Guadaíra,41500,Sevilla,Alcalá de Guadaíra
Citroen,C3,Gasolina,75737.0,82.0,manual,13190,Ajalvir,28864,Madrid,Ajalvir
Citroen,C3,Diésel,30381.0,102.0,manual,15390,Madrid,28021,Madrid,Madrid
Citroen,C3,Gasolina,212023.0,75.0,manual,2990,Utebo,50180,Zaragoza,Utebo
Citroen,C3,Diésel,73000.0,99.0,manual,13950,Burjassot,46100,Valencia,Burjassot
Citroen,C3,Gasolina,46000.0,81.0,manual,12450,Burjassot,46100,Valencia,Burjassot
Citroen,C3,Diésel,73000.0,99.0,manual,13950,Valdefuentes,28939,Madrid,Valdefuentes
Citroen,C3,Diésel,73000.0,99.0,manual,13950,Valdefuentes,28939,Madrid,Valdefuentes
Citroen,C3,Gasolina,17923.0,82.0,manual,13099,Madrid,28014,Madrid,Madrid
Citroen,C3,Gasolina,17923.0,82.0,manual,12799,Madrid,28014,Madrid,Madrid
Citroen,C3,Gasolina,17923.0,82.0,manual,13099,Barcelona,8007,Barcelona,Barcelona
Citroen,C3,Gasolina,17923.0,82.0,manual,12799,Barcelona,8007,Barcelona,Barcelona
Citroen,C3,Gasolina,46000.0,81.0,manual,12450,Valdefuentes,28939,Madrid,Valdefuentes
Citroen,C3,Gasolina,46000.0,81.0,manual,12450,Valdefuentes,28939,Madrid,Valdefuentes
Citroen,C3,Diésel,155894.0,68.0,manual,5999,Madrid,28014,Madrid,Madrid
Citroen,C3,Diésel,155894.0,68.0,manual,5999,Barcelona,8007,Barcelona,Barcelona
Citroen,C3,Diésel,19653.0,75.0,manual,14990,Málaga,29004,Málaga,Málaga
Citroen,C3,Diésel,73000.0,99.0,manual,13950,Terrassa,8223,Barcelona,Terrassa
Citroen,C3,Diésel,73000.0,99.0,manual,13950,Bormujos,41930,Sevilla,Bormujos
Citroen,C3,Gasolina,46000.0,81.0,manual,12450,Terrassa,8223,Barcelona,Terrassa
Citroen,C3,Gasolina,46000.0,81.0,manual,12450,Bormujos,41930,Sevilla,Bormujos
Citroen,C3,Diésel,200000.0,70.0,manual,2990,Arriaga,1013,Álava,Arriaga
Citroen,C3,Diésel,6100.0,102.0,manual,17900,L'Hospitalet de Llobregat,8901,Barcelona,L'Hospitalet de Llobregat
Citroen,C3,Diésel,47100.0,99.0,manual,14600,Gavà,8850,Barcelona,Gavà
Citroen,C3,Diésel,154197.0,75.0,manual,9450,Girona,17005,Girona,Girona
Citroen,C3,Diésel,111396.0,68.0,manual,7499,Barcelona,8007,Barcelona,Barcelona
Citroen,C3,Diésel,111396.0,68.0,manual,7199,Barcelona,8007,Barcelona,Barcelona
Citroen,C3,Gasolina,6061.0,110.0,manual,16299,Barcelona,8007,Barcelona,Barcelona
Citroen,C3,Diésel,111396.0,68.0,manual,7499,Madrid,28014,Madrid,Madrid
Citroen,C3,Diésel,111396.0,68.0,manual,7199,Madrid,28014,Madrid,Madrid
Citroen,C3,Gasolina,6061.0,110.0,manual,16299,Madrid,28014,Madrid,Madrid
Citroen,C3,Diésel,117308.0,75.0,manual,8990,Silla,46460,Valencia,Silla
Citroen,C3,Diésel,80617.0,99.0,manual,13990,Valencia,46002,Valencia,Valencia
Citroen,C3,Gasolina,35638.0,110.0,manual,16895,Barcelona,8007,Barcelona,Barcelona
Citroen,C3,Diésel,34440.0,102.0,manual,16800,Barcelona,8007,Barcelona,Barcelona
Citroen,C3,Gasolina,50429.0,82.0,manual,11900,Badajoz,6008,Badajoz,Badajoz
Citroen,C3,Diésel,191000.0,75.0,manual,6800,Poligono Industrial Aimayr,28330,Madrid,Poligono Industrial Aimayr
Citroen,C3,Diésel,179000.0,75.0,manual,6999,Constantí,43120,Tarragona,Constantí
Citroen,C3,Diésel,153000.0,68.0,manual,5600,Torrejón de Ardoz,28850,Madrid,Torrejón de Ardoz
Citroen,C3,Gasolina,41450.0,83.0,manual,13890,Madrid,28021,Madrid,Madrid
Citroen,C3,Gasolina,39158.0,83.0,manual,13990,Madrid,28021,Madrid,Madrid
Citroen,C3,Diésel,61704.0,99.0,manual,13790,Madrid,28021,Madrid,Madrid
Citroen,C3,Diésel,61704.0,99.0,manual,13490,Madrid,28021,Madrid,Madrid
Citroen,C3,Gasolina,100000.0,75.0,manual,3490,Donostia-San Sebastián,20018,Gipuzkoa,Donostia-San Sebastián
Citroen,C3,Gasolina,10.0,110.0,manual,18500,Collado Villalba,28400,Madrid,Collado Villalba
Citroen,C3,Gasolina,10.0,110.0,manual,18500,Collado Villalba,28400,Madrid,Collado Villalba
Citroen,C3,Gasolina,1500.0,83.0,manual,15990,Ullastrell,8231,Barcelona,Ullastrell
Citroen,C3,Gasolina,1500.0,83.0,manual,15990,Òrrius,8317,Barcelona,Òrrius
Citroen,C3,Gasolina,29230.0,82.0,manual,13799,Barcelona,8007,Barcelona,Barcelona
Citroen,C3,Gasolina,53602.0,82.0,manual,9900,Bilbao,48006,Bizkaia,Bilbao
Citroen,C3,Gasolina,88554.0,82.0,manual,10490,Castellón,12001,Castellón,Castellón
Citroen,C3,Gasolina,29230.0,82.0,manual,13799,Madrid,28014,Madrid,Madrid
Citroen,C3,Gasolina,88554.0,82.0,manual,10490,Silla,46460,Valencia,Silla
Citroen,C3,Gasolina,1500.0,83.0,manual,15990,Palau-Solita I Plegamans,8184,Barcelona,Palau-Solita I Plegamans
Citroen,C3,Gasolina,1500.0,83.0,manual,15990,Palau-Solita I Plegamans,8184,Barcelona,Palau-Solita I Plegamans
Citroen,C3,Gasolina,1500.0,83.0,manual,15990,Girona,17007,Girona,Girona
Citroen,C3,Gasolina,6971.0,83.0,manual,17900,Arriaga,48950,Bizkaia,Arriaga
Citroen,C3,Gasolina,88554.0,82.0,manual,10490,Tarragona,43006,Tarragona,Tarragona
Citroen,C3,Gasolina,30000.0,68.0,manual,11900,Málaga,29004,Málaga,Málaga
Citroen,C3,Gasolina,30000.0,68.0,manual,9500,Málaga,29004,Málaga,Málaga
Citroen,C3,Diésel,260000.0,70.0,manual,1500,Móstoles,28938,Madrid,Móstoles
Citroen,C3,Diésel,19000.0,102.0,manual,16900,Plasencia,10600,Cáceres,Plasencia
Citroen,C3,Diésel,114957.0,68.0,manual,8485,Alaquas,46970,Valencia,Alaquas
Citroen,C3,Diésel,190880.0,68.0,manual,4990,Alcalá de Henares,28807,Madrid,Alcalá de Henares
Citroen,C3,Diésel,190880.0,68.0,manual,4990,Alcalá de Henares,28807,Madrid,Alcalá de Henares
Citroen,C3,Diésel,26966.0,102.0,manual,15900,Torrent,46900,Valencia,Torrent
Citroen,C3,Diésel,74193.0,99.0,manual,11400,Madrid,28014,Madrid,Madrid
Citroen,C3,Diésel,102156.0,92.0,manual,9399,Barcelona,8007,Barcelona,Barcelona
Citroen,C3,Diésel,102156.0,92.0,manual,9299,Barcelona,8007,Barcelona,Barcelona
Citroen,C3,Diésel,70160.0,75.0,manual,10490,Cáceres,10001,Cáceres,Cáceres
Citroen,C3,Diésel,70160.0,75.0,manual,10490,Burgos,9004,Burgos,Burgos
Citroen,C3,Diésel,70160.0,75.0,manual,10490,Burgos,9004,Burgos,Burgos
Citroen,C3,Diésel,70160.0,75.0,manual,10490,Salamanca,37008,Salamanca,Salamanca
Citroen,C3,Diésel,70160.0,75.0,manual,10490,Salamanca,37008,Salamanca,Salamanca
Citroen,C3,Diésel,70160.0,75.0,manual,10490,Oviedo,33003,Asturias,Oviedo
Citroen,C3,Diésel,70160.0,75.0,manual,10490,Valladolid,47006,Valladolid,Valladolid
Citroen,C3,Diésel,70160.0,75.0,manual,10490,León,24003,León,León
Citroen,C3,Diésel,70160.0,75.0,manual,10490,León,24003,León,León
Citroen,C3,Diésel,102156.0,92.0,manual,9399,Madrid,28014,Madrid,Madrid
Citroen,C3,Diésel,102156.0,92.0,manual,9299,Madrid,28014,Madrid,Madrid
Citroen,C3,Gasolina,63000.0,60.0,manual,5990,Molins de Rei,8750,Barcelona,Molins de Rei
Citroen,C3,Diésel,125000.0,68.0,manual,8490,Camargo,39609,Cantabria,Camargo
Citroen,C3,Gasolina,42000.0,82.0,manual,13750,San Luis de Sabinillas,29692,Málaga,San Luis de Sabinillas
Citroen,C3,Gasolina,42000.0,82.0,manual,13750,San Luis de Sabinillas,29692,Málaga,San Luis de Sabinillas
Citroen,C3,Gasolina,188064.0,90.0,manual,3990,Barrio de Porta,46930,Valencia,Barrio de Porta
Citroen,C3,Gasolina,46182.0,83.0,manual,14500,Terrassa,8226,Barcelona,Terrassa
Citroen,C3,Diésel,149999.0,70.0,manual,5099,Alcalá de Henares,28801,Madrid,Alcalá de Henares
Citroen,C3,Diésel,90500.0,68.0,manual,6990,Cornella de Llobregat,8940,Barcelona,Cornella de Llobregat
Citroen,C3,Gasolina,110000.0,75.0,manual,3900,Guadassuar,46610,Valencia,Guadassuar
Citroen,C3,Gasolina,33147.0,110.0,manual,16900,Espinardo,30100,Murcia,Espinardo
Citroen,C3,Gasolina,29852.0,110.0,manual,16900,Espinardo,30100,Murcia,Espinardo
Citroen,C3,Gasolina,47861.0,83.0,manual,13790,Madrid,28021,Madrid,Madrid
Citroen,C3,Gasolina,82472.0,110.0,manual,12690,Ullastrell,8231,Barcelona,Ullastrell
Citroen,C3,Gasolina,82472.0,110.0,manual,12690,Òrrius,8317,Barcelona,Òrrius
Citroen,C3,Gasolina,88574.0,82.0,manual,8099,Barcelona,8007,Barcelona,Barcelona
Citroen,C3,Gasolina,88574.0,82.0,manual,8099,Madrid,28014,Madrid,Madrid
Citroen,C3,Gasolina,82472.0,110.0,manual,12690,Palau-Solita I Plegamans,8184,Barcelona,Palau-Solita I Plegamans
Citroen,C3,Gasolina,82472.0,110.0,manual,12690,Palau-Solita I Plegamans,8184,Barcelona,Palau-Solita I Plegamans
Citroen,C3,Gasolina,82472.0,110.0,manual,12690,Girona,17007,Girona,Girona
Citroen,C3,Gasolina,82472.0,110.0,manual,12690,Tarragona,43006,Tarragona,Tarragona
Citroen,C3,Gasolina,83543.0,110.0,manual,13780,Madrid,28009,Madrid,Madrid
Citroen,C3,Gasolina,83543.0,110.0,manual,13780,Alcalá de Guadaíra,41500,Sevilla,Alcalá de Guadaíra
Citroen,C3,Gasolina,83543.0,110.0,manual,13780,Málaga,29004,Málaga,Málaga
Citroen,C3,Diésel,129000.0,75.0,manual,10990,Elx/Elche,3201,Alicante,Elx/Elche
Citroen,C3,Gasolina,44000.0,83.0,manual,14800,Zaragoza,50001,Zaragoza,Zaragoza
Citroen,C3,Gasolina,26000.0,82.0,manual,12700,Gandia,46701,Valencia,Gandia
Citroen,C3,Gasolina,18410.0,83.0,manual,15200,Getafe,28906,Madrid,Getafe
Citroen,C3,Gasolina,10.0,83.0,manual,16699,Collado Villalba,28400,Madrid,Collado Villalba
Citroen,C3,Gasolina,10.0,83.0,manual,16699,Collado Villalba,28400,Madrid,Collado Villalba
Citroen,C3,Gasolina,18410.0,83.0,manual,15200,Las Rozas de Madrid,28232,Madrid,Las Rozas de Madrid
Citroen,C3,Gasolina,18410.0,83.0,manual,15200,Ciudad Real,13003,Ciudad Real,Ciudad Real
Citroen,C3,Gasolina,18410.0,83.0,manual,15200,Mercado Parque Corredor del Henares,28850,Madrid,Mercado Parque Corredor del Henares
Citroen,C3,Gasolina,18410.0,83.0,manual,15200,Barcelona,8007,Barcelona,Barcelona
Citroen,C3,Gasolina,18410.0,83.0,manual,15200,Granollers,8403,Barcelona,Granollers
Citroen,C3,Gasolina,18410.0,83.0,manual,15200,Murcia,30003,Murcia,Murcia
Citroen,C3,Gasolina,18410.0,83.0,manual,15200,Saladar,3700,Alicante,Saladar
Citroen,C3,Gasolina,18410.0,83.0,manual,15200,Estepona,29680,Málaga,Estepona
Citroen,C3,Gasolina,18410.0,83.0,manual,15200,Sant Vicenç de Montalt,8394,Barcelona,Sant Vicenç de Montalt
Citroen,C3,Gasolina,18410.0,83.0,manual,15200,Valdepeñas,13300,Ciudad Real,Valdepeñas
Citroen,C3,Gasolina,18410.0,83.0,manual,15200,Valdepeñas,13300,Ciudad Real,Valdepeñas
Citroen,C3,Gasolina,18410.0,83.0,manual,15200,Santa Maria del Aguila,4710,Almería,Santa Maria del Aguila
Citroen,C3,Gasolina,97148.0,83.0,manual,11500,Badajoz,6007,Badajoz,Badajoz
Citroen,C3,Gasolina,36649.0,82.0,manual,12290,Pamplona/Iruña,31001,Navarra,Pamplona/Iruña
Citroen,C3,Gasolina,29819.0,82.0,manual,15995,Valencia,46020,Valencia,Valencia
Citroen,C3,Gasolina,36649.0,82.0,manual,12290,Armentia,1007,Álava,Armentia
Citroen,C3,Gasolina,94570.0,88.0,manual,6990,Alzira,46600,Valencia,Alzira
Citroen,C3,Gasolina,94570.0,88.0,manual,6990,Alzira,46600,Valencia,Alzira
Citroen,C3,Diésel,5.0,102.0,manual,19200,Barcelona,8007,Barcelona,Barcelona
Citroen,C3,Gasolina,18410.0,83.0,manual,15200,Badajoz,6008,Badajoz,Badajoz
Citroen,C3,Gasolina,18410.0,83.0,manual,15200,Santafe,18320,Granada,Santafe
Citroen,C3,Gasolina,18410.0,83.0,manual,15200,Paterna,46980,Valencia,Paterna
Citroen,C3,Gasolina,18410.0,83.0,manual,15200,Olèrdola,8734,Barcelona,Olèrdola
Citroen,C3,Gasolina,18410.0,83.0,manual,15200,Olèrdola,8734,Barcelona,Olèrdola
Citroen,C3,Gasolina,18410.0,83.0,manual,15200,Zaragoza,50013,Zaragoza,Zaragoza
Citroen,C3,Gasolina,18410.0,83.0,manual,15200,Santiago de Compostela,15703,A Coruña,Santiago de Compostela
Citroen,C3,Gasolina,18410.0,83.0,manual,15200,Vigo,36214,Pontevedra,Vigo
Citroen,C3,Gasolina,18410.0,83.0,manual,15200,Albacete,2001,Albacete,Albacete
Citroen,C3,Gasolina,18410.0,83.0,manual,15200,Puerto de Sagunto,46520,Valencia,Puerto de Sagunto
Citroen,C3,Gasolina,18410.0,83.0,manual,15200,Alzira,46600,Valencia,Alzira
Citroen,C3,Gasolina,18410.0,83.0,manual,15200,Alzira,46600,Valencia,Alzira
Citroen,C3,Gasolina,18410.0,83.0,manual,15200,Alcobendas,28100,Madrid,Alcobendas
Citroen,C3,Gasolina,18410.0,83.0,manual,15200,Mercabilbao,48970,Bizkaia,Mercabilbao
Citroen,C3,Gasolina,18410.0,83.0,manual,15200,Alicante,3007,Alicante,Alicante
Citroen,C3,Gasolina,18410.0,83.0,manual,15200,Hidraulica Santillana,28770,Madrid,Hidraulica Santillana
Citroen,C3,Gasolina,18410.0,83.0,manual,15200,Collado Villalba,28400,Madrid,Collado Villalba
Citroen,C3,Gasolina,18410.0,83.0,manual,15200,Collado Villalba,28400,Madrid,Collado Villalba
Citroen,C3,Gasolina,18410.0,83.0,manual,15200,Castello/Castellon de La Plana,12100,Castellón,Castello/Castellon de La Plana
Citroen,C3,Gasolina,18410.0,83.0,manual,15200,Colonia Pablo Iglesias,28520,Madrid,Colonia Pablo Iglesias
Citroen,C3,Gasolina,18410.0,83.0,manual,15200,Alcalá de Guadaíra,41500,Sevilla,Alcalá de Guadaíra
Citroen,C3,Gasolina,18410.0,83.0,manual,15200,Atarrabia,31610,Navarra,Atarrabia
Citroen,C3,Gasolina,18410.0,83.0,manual,15200,Alameda del Obispo,14005,Córdoba,Alameda del Obispo
Citroen,C3,Gasolina,18410.0,83.0,manual,15200,Torremolinos,29620,Málaga,Torremolinos
Citroen,C3,Gasolina,18410.0,83.0,manual,15200,Torremolinos,29620,Málaga,Torremolinos
Citroen,C3,Gasolina,18410.0,83.0,manual,15200,Torremolinos,29620,Málaga,Torremolinos
Citroen,C3,Diésel,168883.0,70.0,manual,2500,Barrio de Porta,46930,Valencia,Barrio de Porta
Citroen,C3,Gasolina,90112.0,68.0,manual,4499,Peligros,18210,Granada,Peligros
Citroen,C3,Gasolina,90112.0,68.0,manual,4499,Peligros,18210,Granada,Peligros
Citroen,C3,Gasolina,44548.0,110.0,automatic,14990,Madrid,28021,Madrid,Madrid
Citroen,C3,Gasolina,44548.0,110.0,automatic,15190,Madrid,28021,Madrid,Madrid
Citroen,C3,Gasolina,80748.0,82.0,manual,13500,Sant Celoni,8470,Barcelona,Sant Celoni
Citroen,C3,Gasolina,80748.0,82.0,manual,13500,Sant Celoni,8470,Barcelona,Sant Celoni
Citroen,C3,Gasolina,80748.0,82.0,manual,13500,Sant Celoni,8470,Barcelona,Sant Celoni
Citroen,C3,Gasolina,80748.0,82.0,manual,13500,Sant Celoni,8470,Barcelona,Sant Celoni
Citroen,C3,Diésel,69319.0,99.0,manual,14290,Gijón,33206,Asturias,Gijón
Citroen,C3,Diésel,69319.0,99.0,manual,13950,Gijón,33206,Asturias,Gijón
Citroen,C3,Gasolina,40025.0,82.0,manual,11490,Silla,46460,Valencia,Silla
Citroen,C3,Gasolina,40025.0,82.0,manual,11490,Gandia,46701,Valencia,Gandia
Citroen,C3,Gasolina,27026.0,83.0,manual,13990,Oviedo,33003,Asturias,Oviedo
Citroen,C3,Gasolina,26.0,82.0,manual,15299,Barcelona,8007,Barcelona,Barcelona
Citroen,C3,Gasolina,26.0,82.0,manual,15299,Madrid,28014,Madrid,Madrid
Citroen,C3,Diésel,69319.0,99.0,manual,12390,Sant Boi de Llobregat,8830,Barcelona,Sant Boi de Llobregat
Citroen,C3,Diésel,69319.0,99.0,manual,12550,Sant Boi de Llobregat,8830,Barcelona,Sant Boi de Llobregat
Citroen,C3,Diésel,69319.0,99.0,manual,12390,Valencia,46002,Valencia,Valencia
Citroen,C3,Diésel,69319.0,99.0,manual,12550,Valencia,46002,Valencia,Valencia
Citroen,C3,Diésel,69319.0,99.0,manual,12390,Torrejón de Ardoz,28850,Madrid,Torrejón de Ardoz
Citroen,C3,Diésel,69319.0,99.0,manual,12550,Torrejón de Ardoz,28850,Madrid,Torrejón de Ardoz
Citroen,C3,Diésel,69319.0,99.0,manual,12390,Sevilla,41006,Sevilla,Sevilla
Citroen,C3,Diésel,69319.0,99.0,manual,12550,Sevilla,41006,Sevilla,Sevilla
Citroen,C3,Gasolina,53957.0,83.0,manual,14800,Barcelona,8007,Barcelona,Barcelona
Citroen,C3,Diésel,29108.0,102.0,manual,18000,Barcelona,8007,Barcelona,Barcelona
Citroen,C3,Diésel,28540.0,102.0,manual,18000,Barcelona,8007,Barcelona,Barcelona
Citroen,C3,Gasolina,84000.0,68.0,manual,6800,Barcelona,8006,Barcelona,Barcelona
Citroen,C3,Diésel,180000.0,70.0,manual,3999,Los Garres,30158,Murcia,Los Garres
Citroen,C3,Gasolina,45600.0,83.0,manual,14500,Gandia,46701,Valencia,Gandia
Citroen,C3,Gasolina,17000.0,110.0,automatic,15900,Vilanova i la Geltrú,8800,Barcelona,Vilanova i la Geltrú
Citroen,C3,Gasolina,25040.0,110.0,manual,16990,Barcelona,8007,Barcelona,Barcelona
Citroen,C3,Gasolina,25040.0,110.0,manual,16990,La Canonja,43110,Tarragona,La Canonja
Citroen,C3,Diésel,82000.0,75.0,manual,10990,Silla,46460,Valencia,Silla
Citroen,C3,Diésel,82000.0,75.0,manual,10990,Gandia,46701,Valencia,Gandia
Citroen,C3,Gasolina,42228.0,82.0,manual,14990,Valencia,46002,Valencia,Valencia
Citroen,C3,Diésel,305000.0,92.0,manual,2500,Badajoz,6001,Badajoz,Badajoz
Citroen,C3,Diésel,190000.0,68.0,manual,4999,Humanes de Madrid,28970,Madrid,Humanes de Madrid
Citroen,C3,Diésel,169999.0,68.0,manual,5990,Móstoles,28932,Madrid,Móstoles
Citroen,C3,Gasolina,34838.0,110.0,manual,16490,Madrid,28021,Madrid,Madrid
Citroen,C3,Diésel,119625.0,75.0,manual,8990,Madrid,28021,Madrid,Madrid
Citroen,C3,Diésel,119625.0,75.0,manual,9190,Madrid,28021,Madrid,Madrid
Citroen,C3,Diésel,34635.0,102.0,manual,14290,Madrid,28021,Madrid,Madrid
Citroen,C3,Gasolina,32125.0,110.0,manual,16490,Madrid,28021,Madrid,Madrid
Citroen,C3,Gasolina,32125.0,110.0,manual,16690,Madrid,28021,Madrid,Madrid
Citroen,C3,Diésel,42511.0,99.0,manual,14490,Madrid,28021,Madrid,Madrid
Citroen,C3,Diésel,42511.0,99.0,manual,14190,Madrid,28021,Madrid,Madrid
Citroen,C3,Gasolina,74743.0,110.0,automatic,16900,Barcelona,8007,Barcelona,Barcelona
Citroen,C3,Gasolina,45000.0,82.0,manual,13900,Zaragoza,50001,Zaragoza,Zaragoza
Citroen,C3,Gasolina,45000.0,83.0,manual,15500,Ajalvir,28864,Madrid,Ajalvir
Citroen,C3,Gasolina,24604.0,110.0,manual,16900,Espinardo,30100,Murcia,Espinardo
Citroen,C3,Gasolina,34174.0,110.0,manual,15990,Collado Villalba,28400,Madrid,Collado Villalba
Citroen,C3,Gasolina,34174.0,110.0,manual,15990,Collado Villalba,28400,Madrid,Collado Villalba
Citroen,C3,Diésel,135371.0,73.0,manual,8990,Alzira,46600,Valencia,Alzira
Citroen,C3,Diésel,135371.0,73.0,manual,8990,Alzira,46600,Valencia,Alzira
Citroen,C3,Gasolina,10000.0,83.0,manual,16499,Alcalá de Guadaíra,41500,Sevilla,Alcalá de Guadaíra
Citroen,C3,Gasolina,132000.0,61.0,manual,3999,Albal,46470,Valencia,Albal
Citroen,C3,Gasolina,132000.0,61.0,manual,3999,Albal,46470,Valencia,Albal
Citroen,C3,Gasolina,132000.0,61.0,manual,3999,Albal,46470,Valencia,Albal
Citroen,C3,Gasolina,132000.0,61.0,manual,3999,Albal,46470,Valencia,Albal
Citroen,C3,Diésel,58913.0,99.0,manual,16000,Antequera,29200,Málaga,Antequera
Citroen,C3,Diésel,58913.0,99.0,manual,17000,Antequera,29200,Málaga,Antequera
Citroen,C3,Diésel,156000.0,68.0,automatic,4500,Baeza,23440,Jaén,Baeza
Citroen,C3,Gasolina,21192.0,82.0,manual,15099,Barcelona,8007,Barcelona,Barcelona
Citroen,C3,Gasolina,21192.0,82.0,manual,14899,Barcelona,8007,Barcelona,Barcelona
Citroen,C3,Gasolina,21192.0,82.0,manual,15099,Madrid,28014,Madrid,Madrid
Citroen,C3,Gasolina,21192.0,82.0,manual,14899,Madrid,28014,Madrid,Madrid
Citroen,C3,Gasolina,18552.0,82.0,manual,14100,Santa Coloma de Gramenet,8921,Barcelona,Santa Coloma de Gramenet
Citroen,C3,Gasolina,18552.0,82.0,manual,14100,Fornells de la Selva,17458,Girona,Fornells de la Selva
Citroen,C3,Diésel,32900.0,100.0,manual,14490,Lliça d'Amunt,8186,Barcelona,Lliça d'Amunt
Citroen,C3,Gasolina,44000.0,82.0,manual,14990,Valencia,46002,Valencia,Valencia
Citroen,C3,Diésel,120000.0,68.0,manual,8599,Sant Vicent del Raspeig,3690,Alicante,Sant Vicent del Raspeig
Citroen,C3,Gasolina,1.0,83.0,manual,17375,Elgoibar,20870,Gipuzkoa,Elgoibar
Citroen,C3,Gasolina,25000.0,83.0,manual,13400,Bormujos,41930,Sevilla,Bormujos
Citroen,C3,Gasolina,25000.0,83.0,manual,13200,Bormujos,41930,Sevilla,Bormujos
Citroen,C3,Gasolina,25000.0,83.0,manual,13400,Valencia,46002,Valencia,Valencia
Citroen,C3,Gasolina,25000.0,83.0,manual,13200,Valencia,46002,Valencia,Valencia
Citroen,C3,Diésel,53919.0,68.0,manual,175,Bormujos,41840,Sevilla,Bormujos
Citroen,C3,Gasolina,146000.0,95.0,manual,5999,San Jose de La Rinconada,41300,Sevilla,San Jose de La Rinconada
Citroen,C3,Gasolina,27401.0,110.0,manual,16900,Espinardo,30100,Murcia,Espinardo
Citroen,C3,Gasolina,10993.0,82.0,manual,14499,Barcelona,8007,Barcelona,Barcelona
Citroen,C3,Diésel,134589.0,70.0,manual,3750,Getafe,28901,Madrid,Getafe
Citroen,C3,Gasolina,10993.0,82.0,manual,14499,Madrid,28014,Madrid,Madrid
Citroen,C3,Diésel,134589.0,70.0,manual,3750,Alcobendas,28100,Madrid,Alcobendas
Citroen,C3,Diésel,134589.0,70.0,manual,3750,Hidraulica Santillana,28770,Madrid,Hidraulica Santillana
Citroen,C3,Diésel,59990.0,75.0,manual,9390,San Sebastián de Los Reyes,28700,Madrid,San Sebastián de Los Reyes
Citroen,C3,Diésel,134589.0,70.0,manual,3750,Colonia Pablo Iglesias,28520,Madrid,Colonia Pablo Iglesias
Citroen,C3,Diésel,134589.0,70.0,manual,3750,Collado Villalba,28400,Madrid,Collado Villalba
Citroen,C3,Diésel,134589.0,70.0,manual,3750,Collado Villalba,28400,Madrid,Collado Villalba
Citroen,C3,Diésel,134589.0,70.0,manual,3750,Las Matas,28290,Madrid,Las Matas
Citroen,C3,Diésel,53919.0,68.0,manual,10400,Elx/Elche,3204,Alicante,Elx/Elche
Citroen,C3,Gasolina,182000.0,75.0,manual,3500,Mataró,8302,Barcelona,Mataró
Citroen,C3,Diésel,152101.0,70.0,manual,8400,Vilalba,27800,Lugo,Vilalba
Citroen,C3,Gasolina,37141.0,82.0,manual,15995,Alicante,3010,Alicante,Alicante
Citroen,C3,Gasolina,37141.0,82.0,manual,15995,Alicante,3010,Murcia,Alicante
Citroen,C3,Diésel,74769.0,100.0,manual,10699,Barcelona,8007,Barcelona,Barcelona
Citroen,C3,Diésel,74769.0,100.0,manual,10399,Barcelona,8007,Barcelona,Barcelona
Citroen,C3,Gasolina,37141.0,82.0,manual,15995,Valencia,46020,Valencia,Valencia
Citroen,C3,Gasolina,131771.0,75.0,manual,3200,Alicante,3007,Alicante,Alicante
Citroen,C3,Gasolina,131771.0,75.0,manual,3200,Saladar,3700,Alicante,Saladar
Citroen,C3,Diésel,152000.0,70.0,manual,3990,Tordera,8490,Barcelona,Tordera
Citroen,C3,Gasolina,177000.0,61.0,manual,3490,Santimami,48940,Bizkaia,Santimami
Citroen,C3,Diésel,234000.0,70.0,manual,2990,Urbi,48970,Bizkaia,Urbi
Citroen,C3,Gasolina,110617.0,82.0,manual,10290,Armentia,1007,Álava,Armentia
Citroen,C3,Gasolina,93010.0,82.0,manual,11990,Òrrius,8317,Barcelona,Òrrius
Citroen,C3,Gasolina,93010.0,82.0,manual,11490,Òrrius,8317,Barcelona,Òrrius
Citroen,C3,Gasolina,110617.0,82.0,manual,10290,Santander,39010,Cantabria,Santander
Citroen,C3,Gasolina,110617.0,82.0,manual,10290,Durango,48200,Bizkaia,Durango
Citroen,C3,Gasolina,110617.0,82.0,manual,10290,Durango,48200,Bizkaia,Durango
Citroen,C3,Gasolina,93010.0,82.0,manual,11990,Palau-Solita I Plegamans,8184,Barcelona,Palau-Solita I Plegamans
Citroen,C3,Gasolina,93010.0,82.0,manual,11990,Palau-Solita I Plegamans,8184,Barcelona,Palau-Solita I Plegamans
Citroen,C3,Gasolina,93010.0,82.0,manual,11490,Palau-Solita I Plegamans,8184,Barcelona,Palau-Solita I Plegamans
Citroen,C3,Gasolina,93010.0,82.0,manual,11490,Palau-Solita I Plegamans,8184,Barcelona,Palau-Solita I Plegamans
Citroen,C3,Gasolina,110617.0,82.0,manual,10290,Donostia-San Sebastián,20006,Gipuzkoa,Donostia-San Sebastián
Citroen,C3,Gasolina,93010.0,82.0,manual,11990,Ullastrell,8231,Barcelona,Ullastrell
Citroen,C3,Gasolina,93010.0,82.0,manual,11490,Ullastrell,8231,Barcelona,Ullastrell
Citroen,C3,Gasolina,93010.0,82.0,manual,11990,Tarragona,43006,Tarragona,Tarragona
Citroen,C3,Gasolina,93010.0,82.0,manual,11490,Tarragona,43006,Tarragona,Tarragona
Citroen,C3,Gasolina,93010.0,82.0,manual,11990,Girona,17007,Girona,Girona
Citroen,C3,Gasolina,93010.0,82.0,manual,11490,Girona,17007,Girona,Girona
Citroen,C3,Gasolina,110617.0,82.0,manual,10290,Pamplona/Iruña,31001,Navarra,Pamplona/Iruña
Honda,CR-V,Diésel,91000.0,160.0,automatic,19990,Alicante,3010,Alicante,Alicante
Honda,CR-V,Diésel,91000.0,160.0,automatic,19990,Alicante,3010,Murcia,Alicante
Honda,CR-V,Diésel,91000.0,160.0,automatic,19990,Sevilla,41005,Sevilla,Sevilla
Honda,CR-V,Diésel,107050.0,150.0,manual,15799,Barcelona,8007,Barcelona,Barcelona
Honda,CR-V,Diésel,107050.0,150.0,manual,14599,Barcelona,8007,Barcelona,Barcelona
Honda,CR-V,Diésel,107050.0,150.0,manual,15799,Madrid,28014,Madrid,Madrid
Honda,CR-V,Diésel,107050.0,150.0,manual,14599,Madrid,28014,Madrid,Madrid
Honda,CR-V,Diésel,91000.0,160.0,automatic,19990,Málaga,29005,Málaga,Málaga
Honda,CR-V,Diésel,91000.0,160.0,automatic,19990,Granada,18005,Granada,Granada
Honda,CR-V,Diésel,91000.0,160.0,automatic,19990,Vigo,36211,Pontevedra,Vigo
Honda,CR-V,Diésel,91000.0,160.0,automatic,19990,Murcia,30005,Murcia,Murcia
Honda,CR-V,Diésel,91000.0,160.0,automatic,19990,Bilbao,48004,Bizkaia,Bilbao
Honda,CR-V,Diésel,91000.0,160.0,automatic,19990,Valencia,46001,Valencia,Valencia
Honda,CR-V,Diésel,91000.0,160.0,automatic,19990,Almería,4006,Almería,Almería
Honda,CR-V,Diésel,91000.0,160.0,automatic,19990,Palma de Mallorca,7003,Baleares,Palma de Mallorca
Honda,CR-V,Diésel,91000.0,160.0,automatic,19990,Palau-Solita I Plegamans,8184,Barcelona,Palau-Solita I Plegamans
Honda,CR-V,Diésel,91000.0,160.0,automatic,19990,Palau-Solita I Plegamans,8184,Barcelona,Palau-Solita I Plegamans
Honda,CR-V,Diésel,91000.0,160.0,automatic,19990,Òrrius,8317,Barcelona,Òrrius
Honda,CR-V,Diésel,91000.0,160.0,automatic,19990,Tarragona,43006,Tarragona,Tarragona
Honda,CR-V,Diésel,91000.0,160.0,automatic,19990,Ullastrell,8231,Barcelona,Ullastrell
Honda,CR-V,Diésel,91000.0,160.0,automatic,19990,Girona,17007,Girona,Girona
Honda,CR-V,Diésel,185000.0,150.0,manual,11990,Alzira,46600,Valencia,Alzira
Honda,CR-V,Diésel,185000.0,150.0,manual,11990,Alzira,46600,Valencia,Alzira
Citroen,C3,Diésel,51900.0,75.0,manual,13900,Amposta,43870,Tarragona,Amposta
Citroen,C3,Gasolina,22010.0,68.0,manual,10899,Madrid,28014,Madrid,Madrid
Citroen,C3,Gasolina,22010.0,68.0,manual,10899,Barcelona,8007,Barcelona,Barcelona
Citroen,C3,Gasolina,25000.0,82.0,manual,13999,Alcalá de Guadaíra,41500,Sevilla,Alcalá de Guadaíra
Citroen,C3,Gasolina,71500.0,95.0,manual,9995,Xativa,46800,Valencia,Xativa
Citroen,C3,Diésel,6000.0,100.0,manual,18590,Poligono Industrial San Fernando,28830,Madrid,Poligono Industrial San Fernando
Citroen,C3,Diésel,6000.0,100.0,manual,18590,Santiago de Compostela,15890,A Coruña,Santiago de Compostela
Citroen,C3,Gasolina,1.0,110.0,manual,18950,Sant Boi de Llobregat,8830,Barcelona,Sant Boi de Llobregat
Citroen,C3,Gasolina,36823.0,68.0,manual,10290,Santander,39010,Cantabria,Santander
Citroen,C3,Gasolina,1.0,110.0,manual,19250,Sant Boi de Llobregat,8830,Barcelona,Sant Boi de Llobregat
Citroen,C3,Gasolina,1.0,110.0,manual,18750,Sant Boi de Llobregat,8830,Barcelona,Sant Boi de Llobregat
Citroen,C3,Gasolina,1.0,83.0,manual,17150,Sant Boi de Llobregat,8830,Barcelona,Sant Boi de Llobregat
Citroen,C3,Gasolina,1.0,83.0,manual,16990,Sant Boi de Llobregat,8830,Barcelona,Sant Boi de Llobregat
Citroen,C3,Diésel,6000.0,100.0,manual,18590,San Fernando de Henares,28830,Madrid,San Fernando de Henares
Citroen,C3,Gasolina,1.0,83.0,manual,17450,Sant Boi de Llobregat,8830,Barcelona,Sant Boi de Llobregat
Citroen,C3,Diésel,6000.0,100.0,manual,18590,Fortiñon,15168,A Coruña,Fortiñon
Citroen,C3,Gasolina,1.0,83.0,manual,17350,Sant Boi de Llobregat,8830,Barcelona,Sant Boi de Llobregat
Citroen,C3,Gasolina,109995.0,110.0,manual,11990,Cáceres,10001,Cáceres,Cáceres
Citroen,C3,Diésel,6000.0,100.0,manual,18590,Pontevedra,36161,Pontevedra,Pontevedra
Citroen,C3,Diésel,6000.0,100.0,manual,18590,Molino de La Hoz,28290,Madrid,Molino de La Hoz
Citroen,C3,Gasolina,109995.0,110.0,manual,11990,Ciudad Real,13005,Ciudad Real,Ciudad Real
Citroen,C3,Diésel,6000.0,100.0,manual,18590,A Coruña,15003,A Coruña,A Coruña
Citroen,C3,Gasolina,55895.0,82.0,manual,12800,Marbella,29601,Málaga,Marbella
Citroen,C3,Diésel,120000.0,68.0,manual,7995,Xativa,46800,Valencia,Xativa
Citroen,C3,Gasolina,91000.0,110.0,manual,12450,Sant Feliu de Codines,8182,Barcelona,Sant Feliu de Codines
Citroen,C3,Diésel,31568.0,102.0,manual,14690,Madrid,28021,Madrid,Madrid
Citroen,C3,Diésel,28791.0,102.0,manual,17500,Collado Villalba,28400,Madrid,Collado Villalba
Citroen,C3,Diésel,28791.0,102.0,manual,17500,Collado Villalba,28400,Madrid,Collado Villalba
Citroen,C3,Gasolina,10.0,83.0,manual,17500,Collado Villalba,28400,Madrid,Collado Villalba
Citroen,C3,Gasolina,10.0,83.0,manual,17500,Collado Villalba,28400,Madrid,Collado Villalba
Citroen,C3,Gasolina,12946.0,83.0,manual,15900,Collado Villalba,28400,Madrid,Collado Villalba
Citroen,C3,Gasolina,12946.0,83.0,manual,15900,Collado Villalba,28400,Madrid,Collado Villalba
Citroen,C3,Gasolina,29888.0,83.0,manual,13900,Sant Celoni,8470,Barcelona,Sant Celoni
Citroen,C3,Gasolina,29888.0,83.0,manual,13900,Sant Celoni,8470,Barcelona,Sant Celoni
Citroen,C3,Gasolina,29888.0,83.0,manual,13900,Sant Celoni,8470,Barcelona,Sant Celoni
Citroen,C3,Gasolina,29888.0,83.0,manual,13900,Sant Celoni,8470,Barcelona,Sant Celoni
Citroen,C3,Gasolina,81976.0,110.0,manual,11490,Valladolid,47006,Valladolid,Valladolid
Citroen,C3,Diésel,136950.0,102.0,manual,11490,Valencia,46002,Valencia,Valencia
Citroen,C3,Gasolina,81976.0,110.0,manual,11490,Salamanca,37008,Salamanca,Salamanca
Citroen,C3,Gasolina,81976.0,110.0,manual,11490,Salamanca,37008,Salamanca,Salamanca
Citroen,C3,Diésel,136950.0,102.0,manual,12890,Gijón,33206,Asturias,Gijón
Citroen,C3,Diésel,36000.0,102.0,manual,16490,León,24003,León,León
Citroen,C3,Diésel,36000.0,102.0,manual,16490,León,24003,León,León
Citroen,C3,Diésel,136950.0,102.0,manual,11490,Sant Boi de Llobregat,8830,Barcelona,Sant Boi de Llobregat
Citroen,C3,Gasolina,81976.0,110.0,manual,11490,León,24003,León,León
Citroen,C3,Gasolina,81976.0,110.0,manual,11490,León,24003,León,León
Citroen,C3,Gasolina,24755.0,110.0,manual,15399,Barcelona,8007,Barcelona,Barcelona
Citroen,C3,Gasolina,24755.0,110.0,manual,15399,Madrid,28014,Madrid,Madrid
Citroen,C3,Diésel,36000.0,102.0,manual,16490,Santander,39010,Cantabria,Santander
Citroen,C3,Diésel,136950.0,102.0,manual,11490,Torrejón de Ardoz,28850,Madrid,Torrejón de Ardoz
Citroen,C3,Diésel,136950.0,102.0,manual,11490,Sevilla,41006,Sevilla,Sevilla
Citroen,C3,Gasolina,81976.0,110.0,manual,11490,Burgos,9004,Burgos,Burgos
Citroen,C3,Gasolina,81976.0,110.0,manual,11490,Burgos,9004,Burgos,Burgos
Citroen,C3,Diésel,36000.0,102.0,manual,16490,Oviedo,33003,Asturias,Oviedo
Citroen,C3,Gasolina,81976.0,110.0,manual,11490,Oviedo,33003,Asturias,Oviedo
Citroen,C3,Gasolina,3.0,83.0,manual,17450,Sevilla,41007,Sevilla,Sevilla
Citroen,C3,Gasolina,37892.0,110.0,manual,16450,Coria del Río,41100,Sevilla,Coria del Río
Citroen,C3,Gasolina,38489.0,83.0,manual,15270,Viladecans,8840,Barcelona,Viladecans
Citroen,C3,Diésel,63105.0,75.0,manual,13990,Málaga,29004,Málaga,Málaga
Citroen,C3,Gasolina,55565.0,110.0,manual,14375,Murcia,30003,Murcia,Murcia
Citroen,C3,Gasolina,165000.0,75.0,manual,2400,Sant Adrià de Besòs,8930,Barcelona,Sant Adrià de Besòs
Citroen,C3,Diésel,55753.0,75.0,manual,9490,Vigo,36211,Pontevedra,Vigo
Citroen,C3,Diésel,55753.0,75.0,manual,9490,Alicante,3010,Alicante,Alicante
Citroen,C3,Diésel,55753.0,75.0,manual,9490,Alicante,3010,Murcia,Alicante
Citroen,C3,Diésel,120000.0,68.0,manual,8990,Poligono Industrial Madanela,15800,A Coruña,Poligono Industrial Madanela
Citroen,C3,Gasolina,49000.0,110.0,manual,15800,Zaragoza,50001,Zaragoza,Zaragoza
Citroen,C3,Diésel,55753.0,75.0,manual,9490,Almería,4006,Almería,Almería
Citroen,C3,Diésel,55753.0,75.0,manual,9490,Bilbao,48004,Bizkaia,Bilbao
Citroen,C3,Diésel,55753.0,75.0,manual,9490,Murcia,30005,Murcia,Murcia
Citroen,C3,Gasolina,120000.0,60.0,manual,6500,Alicante,3006,Alicante,Alicante
Citroen,C3,Gasolina,20223.0,110.0,manual,17200,Madrid,28014,Madrid,Madrid
Citroen,C3,Diésel,101409.0,75.0,manual,10500,San Fernando de Henares,28830,Madrid,San Fernando de Henares
Citroen,C3,Diésel,55753.0,75.0,manual,9490,Pamplona/Iruña,31001,Navarra,Pamplona/Iruña
Citroen,C3,Gasolina,60672.0,110.0,manual,17495,Alicante,3010,Alicante,Alicante
Citroen,C3,Gasolina,60672.0,110.0,manual,17495,Alicante,3010,Murcia,Alicante
Citroen,C3,Diésel,55753.0,75.0,manual,9490,Oviedo,33003,Asturias,Oviedo
Citroen,C3,Diésel,55753.0,75.0,manual,9490,Armentia,1007,Álava,Armentia
Citroen,C3,Diésel,55753.0,75.0,manual,9490,Donostia-San Sebastián,20006,Gipuzkoa,Donostia-San Sebastián
Citroen,C3,Diésel,55753.0,75.0,manual,9490,Durango,48200,Bizkaia,Durango
Citroen,C3,Diésel,55753.0,75.0,manual,9490,Durango,48200,Bizkaia,Durango
Citroen,C3,Diésel,55753.0,75.0,manual,9490,Santander,39010,Cantabria,Santander
Citroen,C3,Diésel,134694.0,75.0,manual,12490,Gijón,33206,Asturias,Gijón
Citroen,C3,Gasolina,60672.0,110.0,manual,17495,Valencia,46020,Valencia,Valencia
Citroen,C3,Diésel,134694.0,75.0,manual,10990,Sevilla,41006,Sevilla,Sevilla
Citroen,C3,Diésel,101409.0,75.0,manual,10500,Santiago de Compostela,15890,A Coruña,Santiago de Compostela
Citroen,C3,Diésel,101409.0,75.0,manual,10500,Molino de La Hoz,28290,Madrid,Molino de La Hoz
Citroen,C3,Diésel,134694.0,75.0,manual,10990,Torrejón de Ardoz,28850,Madrid,Torrejón de Ardoz
Citroen,C3,Diésel,134694.0,75.0,manual,10990,Valencia,46002,Valencia,Valencia
Citroen,C3,Diésel,134694.0,75.0,manual,10990,Sant Boi de Llobregat,8830,Barcelona,Sant Boi de Llobregat
Citroen,C3,Diésel,1.0,102.0,manual,21795,Arriaga,48950,Bizkaia,Arriaga
Citroen,C3,Gasolina,20223.0,110.0,manual,18890,Arriaga,48950,Bizkaia,Arriaga
Citroen,C3,Gasolina,20223.0,110.0,manual,18889,Arriaga,48950,Bizkaia,Arriaga
Citroen,C3,Diésel,101409.0,75.0,manual,10500,Fortiñon,15168,A Coruña,Fortiñon
Citroen,C3,Diésel,101409.0,75.0,manual,10500,Poligono Industrial San Fernando,28830,Madrid,Poligono Industrial San Fernando
Citroen,C3,Diésel,108463.0,99.0,manual,12900,Olèrdola,8734,Barcelona,Olèrdola
Citroen,C3,Diésel,108463.0,99.0,manual,12900,Olèrdola,8734,Barcelona,Olèrdola
Citroen,C3,Gasolina,31233.0,83.0,manual,14145,Olèrdola,8734,Barcelona,Olèrdola
Citroen,C3,Gasolina,31233.0,83.0,manual,14145,Olèrdola,8734,Barcelona,Olèrdola
Citroen,C3,Gasolina,40443.0,82.0,manual,14260,Olèrdola,8734,Barcelona,Olèrdola
Citroen,C3,Gasolina,40443.0,82.0,manual,14260,Olèrdola,8734,Barcelona,Olèrdola
Citroen,C3,Gasolina,105143.0,110.0,automatic,14835,Olèrdola,8734,Barcelona,Olèrdola
Citroen,C3,Gasolina,105143.0,110.0,automatic,14835,Olèrdola,8734,Barcelona,Olèrdola
Citroen,C3,Gasolina,55060.0,110.0,automatic,16618,Olèrdola,8734,Barcelona,Olèrdola
Citroen,C3,Gasolina,55060.0,110.0,automatic,16618,Olèrdola,8734,Barcelona,Olèrdola
Citroen,C3,Diésel,164480.0,68.0,manual,5800,Tabernas,4200,Almería,Tabernas
Citroen,C3,Gasolina,5.0,83.0,manual,17450,Coria del Río,41100,Sevilla,Coria del Río
Citroen,C3,Diésel,55753.0,75.0,manual,9490,Málaga,29005,Málaga,Málaga
Citroen,C3,Diésel,55753.0,75.0,manual,9490,Granada,18005,Granada,Granada
Citroen,C3,Gasolina,21500.0,83.0,manual,15900,Gandia,46701,Valencia,Gandia
Citroen,C3,Diésel,55753.0,75.0,manual,9490,Sevilla,41005,Sevilla,Sevilla
Citroen,C3,Diésel,55753.0,75.0,manual,9490,Valencia,46001,Valencia,Valencia
Citroen,C3,Diésel,28555.0,102.0,manual,17400,Espinardo,30100,Murcia,Espinardo
Citroen,C3,Diésel,29704.0,102.0,manual,17400,Espinardo,30100,Murcia,Espinardo
Citroen,C3,Diésel,22911.0,102.0,manual,17400,Espinardo,30100,Murcia,Espinardo
Citroen,C3,Diésel,101409.0,75.0,manual,10500,Pontevedra,36161,Pontevedra,Pontevedra
Citroen,C3,Diésel,101409.0,75.0,manual,10500,A Coruña,15003,A Coruña,A Coruña
Citroen,C3,Diésel,108463.0,99.0,manual,12900,Santa Maria del Aguila,4710,Almería,Santa Maria del Aguila
Citroen,C3,Gasolina,31233.0,83.0,manual,14145,Santa Maria del Aguila,4710,Almería,Santa Maria del Aguila
Citroen,C3,Gasolina,105143.0,110.0,automatic,14835,Santa Maria del Aguila,4710,Almería,Santa Maria del Aguila
Citroen,C3,Gasolina,55060.0,110.0,automatic,16618,Santa Maria del Aguila,4710,Almería,Santa Maria del Aguila
Citroen,C3,Diésel,108463.0,99.0,manual,12900,Sant Vicenç de Montalt,8394,Barcelona,Sant Vicenç de Montalt
Citroen,C3,Gasolina,31233.0,83.0,manual,14145,Sant Vicenç de Montalt,8394,Barcelona,Sant Vicenç de Montalt
Citroen,C3,Gasolina,40443.0,82.0,manual,14260,Sant Vicenç de Montalt,8394,Barcelona,Sant Vicenç de Montalt
Citroen,C3,Gasolina,105143.0,110.0,automatic,14835,Sant Vicenç de Montalt,8394,Barcelona,Sant Vicenç de Montalt
Citroen,C3,Gasolina,55060.0,110.0,automatic,16618,Sant Vicenç de Montalt,8394,Barcelona,Sant Vicenç de Montalt
Citroen,C3,Diésel,217777.0,68.0,manual,5490,Alcalá de Henares,28807,Madrid,Alcalá de Henares
Citroen,C3,Diésel,217777.0,68.0,manual,5490,Alcalá de Henares,28807,Madrid,Alcalá de Henares
Citroen,C3,Diésel,88515.0,75.0,manual,10650,Sevilla,41011,Sevilla,Sevilla
Citroen,C3,Diésel,88515.0,75.0,manual,10600,Sevilla,41011,Sevilla,Sevilla
Citroen,C3,Gasolina,80811.0,82.0,manual,7399,Barcelona,8007,Barcelona,Barcelona
Citroen,C3,Gasolina,2.0,83.0,manual,17490,Sant Boi de Llobregat,8830,Barcelona,Sant Boi de Llobregat
Citroen,C3,Gasolina,1.0,83.0,manual,17490,Sant Boi de Llobregat,8830,Barcelona,Sant Boi de Llobregat
Citroen,C3,Gasolina,22374.0,82.0,manual,14500,Sant Boi de Llobregat,8830,Barcelona,Sant Boi de Llobregat
Citroen,C3,Gasolina,80811.0,82.0,manual,7399,Madrid,28014,Madrid,Madrid
Citroen,C3,Gasolina,28000.0,110.0,automatic,16900,Barcelona,8030,Barcelona,Barcelona
Citroen,C3,Gasolina,24000.0,83.0,manual,15600,Gandia,46701,Valencia,Gandia
Citroen,C3,Gasolina,33603.0,82.0,manual,13500,Mollet del Vallès,8100,Barcelona,Mollet del Vallès
Citroen,C3,Gasolina,19000.0,82.0,manual,11490,Almería,4006,Almería,Almería
Citroen,C3,Gasolina,19000.0,82.0,manual,11490,Vigo,36211,Pontevedra,Vigo
Citroen,C3,Gasolina,19000.0,82.0,manual,11490,Òrrius,8317,Barcelona,Òrrius
Citroen,C3,Gasolina,19000.0,82.0,manual,11490,Murcia,30005,Murcia,Murcia
Citroen,C3,Gasolina,19000.0,82.0,manual,11490,Alicante,3010,Alicante,Alicante
Citroen,C3,Gasolina,19000.0,82.0,manual,11490,Alicante,3010,Murcia,Alicante
Citroen,C3,Gasolina,19000.0,82.0,manual,11490,Ullastrell,8231,Barcelona,Ullastrell
Citroen,C3,Gasolina,19000.0,82.0,manual,11490,Palma de Mallorca,7003,Baleares,Palma de Mallorca
Citroen,C3,Gasolina,19000.0,82.0,manual,11490,Girona,17007,Girona,Girona
Citroen,C3,Gasolina,19000.0,82.0,manual,11490,Tarragona,43006,Tarragona,Tarragona
Citroen,C3,Diésel,17849.0,99.0,manual,19750,Sedaví,46910,Valencia,Sedaví
Citroen,C3,Diésel,17849.0,99.0,manual,19750,Sedaví,46910,Valencia,Sedaví
Citroen,C3,Diésel,17849.0,99.0,manual,19750,Sedaví,46910,Valencia,Sedaví
Citroen,C3,Diésel,17849.0,99.0,manual,19750,Sedaví,46910,Valencia,Sedaví
Citroen,C3,Diésel,24000.0,100.0,manual,16990,El Prat de Llobregat,8820,Barcelona,El Prat de Llobregat
Citroen,C3,Diésel,160000.0,68.0,manual,7500,Benetússer,46910,Valencia,Benetússer
Citroen,C3,Diésel,160000.0,68.0,manual,7500,Benetússer,46910,Valencia,Benetússer
Citroen,C3,Diésel,160000.0,68.0,manual,7500,Benetússer,46910,Valencia,Benetússer
Citroen,C3,Diésel,160000.0,68.0,manual,7500,Benetússer,46910,Valencia,Benetússer
Citroen,C3,Gasolina,4000.0,83.0,manual,16400,Albox,4800,Almería,Albox
Citroen,C3,Diésel,135000.0,68.0,manual,5299,Viator,4240,Almería,Viator
Citroen,C3,Gasolina,40000.0,110.0,manual,13900,Valdemoro,28340,Madrid,Valdemoro
Citroen,C3,Diésel,23720.0,102.0,manual,17500,Collado Villalba,28400,Madrid,Collado Villalba
Citroen,C3,Diésel,23720.0,102.0,manual,17500,Collado Villalba,28400,Madrid,Collado Villalba
Citroen,C3,Gasolina,19000.0,82.0,manual,11490,Granada,18005,Granada,Granada
Citroen,C3,Gasolina,19000.0,82.0,manual,11490,Bilbao,48004,Bizkaia,Bilbao
Citroen,C3,Gasolina,19000.0,82.0,manual,11490,Málaga,29005,Málaga,Málaga
Citroen,C3,Gasolina,19000.0,82.0,manual,11490,Palau-Solita I Plegamans,8184,Barcelona,Palau-Solita I Plegamans
Citroen,C3,Gasolina,19000.0,82.0,manual,11490,Palau-Solita I Plegamans,8184,Barcelona,Palau-Solita I Plegamans
Citroen,C3,Gasolina,19000.0,82.0,manual,11490,Valencia,46001,Valencia,Valencia
Citroen,C3,Gasolina,19000.0,82.0,manual,11490,Sevilla,41005,Sevilla,Sevilla
Citroen,C3,Diésel,20000.0,102.0,manual,15890,Palma de Mallorca,7003,Baleares,Palma de Mallorca
Citroen,C3,Gasolina,132000.0,60.0,manual,4899,Albal,46470,Valencia,Albal
Citroen,C3,Gasolina,132000.0,60.0,manual,4899,Albal,46470,Valencia,Albal
Citroen,C3,Gasolina,132000.0,60.0,manual,4899,Albal,46470,Valencia,Albal
Citroen,C3,Gasolina,132000.0,60.0,manual,4899,Albal,46470,Valencia,Albal
Citroen,C3,Diésel,66643.0,70.0,manual,10600,Campillos,29320,Málaga,Campillos
Citroen,C3,Diésel,53919.0,68.0,manual,145,Valencia,46002,Valencia,Valencia
Citroen,C3,Gasolina,20791.0,83.0,manual,15900,Espinardo,30100,Murcia,Espinardo
Citroen,C3,Diésel,2071.0,102.0,manual,16899,Collado Villalba,28400,Madrid,Collado Villalba
Citroen,C3,Diésel,2071.0,102.0,manual,16899,Collado Villalba,28400,Madrid,Collado Villalba
Citroen,C3,Diésel,54944.0,75.0,manual,13500,Sant Boi de Llobregat,8830,Barcelona,Sant Boi de Llobregat
Citroen,C3,Gasolina,1.0,83.0,manual,17550,Sant Boi de Llobregat,8830,Barcelona,Sant Boi de Llobregat
Citroen,C3,Gasolina,66000.0,110.0,automatic,13900,Olías del Rey,45280,Toledo,Olías del Rey
Citroen,C3,Gasolina,40000.0,83.0,manual,15500,Deltebre,43580,Tarragona,Deltebre
Citroen,C3,Gasolina,110000.0,61.0,manual,6500,Santa Coloma de Gramenet,8922,Barcelona,Santa Coloma de Gramenet
Citroen,C3,Gasolina,105143.0,110.0,automatic,14835,Hidraulica Santillana,28770,Madrid,Hidraulica Santillana
Citroen,C3,Gasolina,40443.0,82.0,manual,14260,Hidraulica Santillana,28770,Madrid,Hidraulica Santillana
Citroen,C3,Gasolina,105143.0,110.0,automatic,14835,Vigo,36214,Pontevedra,Vigo
Citroen,C3,Gasolina,105143.0,110.0,automatic,14835,Barcelona,8007,Barcelona,Barcelona
Citroen,C3,Gasolina,40443.0,82.0,manual,14260,Vigo,36214,Pontevedra,Vigo
Citroen,C3,Gasolina,40443.0,82.0,manual,14260,Barcelona,8007,Barcelona,Barcelona
Citroen,C3,Gasolina,105143.0,110.0,automatic,14835,Collado Villalba,28400,Madrid,Collado Villalba
Citroen,C3,Gasolina,105143.0,110.0,automatic,14835,Collado Villalba,28400,Madrid,Collado Villalba
Citroen,C3,Gasolina,40443.0,82.0,manual,14260,Collado Villalba,28400,Madrid,Collado Villalba
Citroen,C3,Gasolina,40443.0,82.0,manual,14260,Collado Villalba,28400,Madrid,Collado Villalba
Citroen,C3,Gasolina,105143.0,110.0,automatic,14835,Santafe,18320,Granada,Santafe
Citroen,C3,Gasolina,40443.0,82.0,manual,14260,Santafe,18320,Granada,Santafe
Citroen,C3,Gasolina,105143.0,110.0,automatic,14835,Getafe,28906,Madrid,Getafe
Citroen,C3,Gasolina,40443.0,82.0,manual,14260,Getafe,28906,Madrid,Getafe
Citroen,C3,Gasolina,105143.0,110.0,automatic,14835,Valdepeñas,13300,Ciudad Real,Valdepeñas
Citroen,C3,Gasolina,105143.0,110.0,automatic,14835,Valdepeñas,13300,Ciudad Real,Valdepeñas
Citroen,C3,Gasolina,40443.0,82.0,manual,14260,Valdepeñas,13300,Ciudad Real,Valdepeñas
Citroen,C3,Gasolina,40443.0,82.0,manual,14260,Valdepeñas,13300,Ciudad Real,Valdepeñas
Citroen,C3,Gasolina,40443.0,82.0,manual,14260,Puerto de Sagunto,46520,Valencia,Puerto de Sagunto
Citroen,C3,Gasolina,105143.0,110.0,automatic,14835,Puerto de Sagunto,46520,Valencia,Puerto de Sagunto
Citroen,C3,Gasolina,105143.0,110.0,automatic,14835,Santiago de Compostela,15703,A Coruña,Santiago de Compostela
Citroen,C3,Gasolina,40443.0,82.0,manual,14260,Santiago de Compostela,15703,A Coruña,Santiago de Compostela
Citroen,C3,Gasolina,105143.0,110.0,automatic,14835,Mercado Parque Corredor del Henares,28850,Madrid,Mercado Parque Corredor del Henares
Citroen,C3,Gasolina,105143.0,110.0,automatic,14835,Ciudad Real,13003,Ciudad Real,Ciudad Real
Citroen,C3,Gasolina,40443.0,82.0,manual,14260,Mercado Parque Corredor del Henares,28850,Madrid,Mercado Parque Corredor del Henares
Citroen,C3,Gasolina,40443.0,82.0,manual,14260,Ciudad Real,13003,Ciudad Real,Ciudad Real
Citroen,C3,Gasolina,105143.0,110.0,automatic,14835,Granollers,8403,Barcelona,Granollers
Citroen,C3,Gasolina,40443.0,82.0,manual,14260,Granollers,8403,Barcelona,Granollers
Citroen,C3,Gasolina,105143.0,110.0,automatic,14835,Castello/Castellon de La Plana,12100,Castellón,Castello/Castellon de La Plana
Citroen,C3,Gasolina,40443.0,82.0,manual,14260,Castello/Castellon de La Plana,12100,Castellón,Castello/Castellon de La Plana
Citroen,C3,Gasolina,40443.0,82.0,manual,14260,Atarrabia,31610,Navarra,Atarrabia
Citroen,C3,Gasolina,105143.0,110.0,automatic,14835,Badajoz,6008,Badajoz,Badajoz
Citroen,C3,Gasolina,40443.0,82.0,manual,14260,Badajoz,6008,Badajoz,Badajoz
Citroen,C3,Gasolina,105143.0,110.0,automatic,14835,Colonia Pablo Iglesias,28520,Madrid,Colonia Pablo Iglesias
Citroen,C3,Gasolina,40443.0,82.0,manual,14260,Colonia Pablo Iglesias,28520,Madrid,Colonia Pablo Iglesias
Citroen,C3,Gasolina,105143.0,110.0,automatic,14835,Alcalá de Guadaíra,41500,Sevilla,Alcalá de Guadaíra
Citroen,C3,Gasolina,40443.0,82.0,manual,14260,Alcalá de Guadaíra,41500,Sevilla,Alcalá de Guadaíra
Citroen,C3,Gasolina,105143.0,110.0,automatic,14835,Murcia,30003,Murcia,Murcia
Citroen,C3,Gasolina,40443.0,82.0,manual,14260,Murcia,30003,Murcia,Murcia
Citroen,C3,Gasolina,105143.0,110.0,automatic,14835,Alameda del Obispo,14005,Córdoba,Alameda del Obispo
Citroen,C3,Gasolina,40443.0,82.0,manual,14260,Alameda del Obispo,14005,Córdoba,Alameda del Obispo
Citroen,C3,Gasolina,105143.0,110.0,automatic,14835,Las Rozas de Madrid,28232,Madrid,Las Rozas de Madrid
Citroen,C3,Gasolina,40443.0,82.0,manual,14260,Las Rozas de Madrid,28232,Madrid,Las Rozas de Madrid
Citroen,C3,Gasolina,105143.0,110.0,automatic,14835,Torremolinos,29620,Málaga,Torremolinos
Citroen,C3,Gasolina,105143.0,110.0,automatic,14835,Torremolinos,29620,Málaga,Torremolinos
Citroen,C3,Gasolina,105143.0,110.0,automatic,14835,Torremolinos,29620,Málaga,Torremolinos
Citroen,C3,Gasolina,105143.0,110.0,automatic,14835,Alcobendas,28100,Madrid,Alcobendas
Citroen,C3,Gasolina,40443.0,82.0,manual,14260,Torremolinos,29620,Málaga,Torremolinos
Citroen,C3,Gasolina,40443.0,82.0,manual,14260,Torremolinos,29620,Málaga,Torremolinos
Citroen,C3,Gasolina,40443.0,82.0,manual,14260,Torremolinos,29620,Málaga,Torremolinos
Citroen,C3,Gasolina,105143.0,110.0,automatic,14835,Alzira,46600,Valencia,Alzira
Citroen,C3,Gasolina,105143.0,110.0,automatic,14835,Alzira,46600,Valencia,Alzira
Citroen,C3,Gasolina,40443.0,82.0,manual,14260,Alcobendas,28100,Madrid,Alcobendas
Citroen,C3,Gasolina,40443.0,82.0,manual,14260,Alzira,46600,Valencia,Alzira
Citroen,C3,Gasolina,40443.0,82.0,manual,14260,Alzira,46600,Valencia,Alzira
Citroen,C3,Gasolina,105143.0,110.0,automatic,14835,Mercabilbao,48970,Bizkaia,Mercabilbao
Citroen,C3,Gasolina,40443.0,82.0,manual,14260,Mercabilbao,48970,Bizkaia,Mercabilbao
Citroen,C3,Gasolina,105143.0,110.0,automatic,14835,Zaragoza,50013,Zaragoza,Zaragoza
Citroen,C3,Gasolina,40443.0,82.0,manual,14260,Zaragoza,50013,Zaragoza,Zaragoza
Citroen,C3,Gasolina,105143.0,110.0,automatic,14835,Saladar,3700,Alicante,Saladar
Citroen,C3,Gasolina,105143.0,110.0,automatic,14835,Estepona,29680,Málaga,Estepona
Citroen,C3,Gasolina,40443.0,82.0,manual,14260,Saladar,3700,Alicante,Saladar
Citroen,C3,Gasolina,40443.0,82.0,manual,14260,Estepona,29680,Málaga,Estepona
Citroen,C3,Gasolina,105143.0,110.0,automatic,14835,Paterna,46980,Valencia,Paterna
Citroen,C3,Gasolina,40443.0,82.0,manual,14260,Paterna,46980,Valencia,Paterna
Citroen,C3,Diésel,23252.0,75.0,manual,12200,Badajoz,6008,Badajoz,Badajoz
Citroen,C3,Diésel,50965.0,100.0,manual,12500,Badajoz,6008,Badajoz,Badajoz
Citroen,C3,Diésel,23252.0,75.0,manual,12200,Madrid,28014,Madrid,Madrid
Citroen,C3,Diésel,50965.0,100.0,manual,12500,Madrid,28014,Madrid,Madrid
Citroen,C3,Diésel,23252.0,75.0,manual,12200,Almería,4001,Almería,Almería
Citroen,C3,Diésel,50965.0,100.0,manual,12500,Almería,4001,Almería,Almería
Citroen,C3,Gasolina,105143.0,110.0,automatic,14835,Albacete,2001,Albacete,Albacete
Citroen,C3,Gasolina,105143.0,110.0,automatic,14835,Alicante,3007,Alicante,Alicante
Citroen,C3,Gasolina,40443.0,82.0,manual,14260,Albacete,2001,Albacete,Albacete
Citroen,C3,Gasolina,40443.0,82.0,manual,14260,Alicante,3007,Alicante,Alicante
Citroen,C3,Diésel,23252.0,75.0,manual,12200,Sevilla,41005,Sevilla,Sevilla
Citroen,C3,Diésel,50965.0,100.0,manual,12500,Sevilla,41005,Sevilla,Sevilla
Citroen,C3,Diésel,24034.0,102.0,manual,15690,Madrid,28021,Madrid,Madrid
Citroen,C3,Otros,107361.0,82.0,manual,13190,Madrid,28021,Madrid,Madrid
Citroen,C3,Diésel,83049.0,99.0,manual,10990,Elx/Elche,3201,Alicante,Elx/Elche
Citroen,C3,Diésel,23252.0,75.0,manual,12200,Cádiz,11006,Cádiz,Cádiz
Citroen,C3,Diésel,50965.0,100.0,manual,12500,Cádiz,11006,Cádiz,Cádiz
Citroen,C3,Gasolina,29957.0,83.0,manual,12990,Durango,48200,Bizkaia,Durango
Citroen,C3,Gasolina,29957.0,83.0,manual,12990,Durango,48200,Bizkaia,Durango
Citroen,C3,Gasolina,26746.0,83.0,manual,12990,Durango,48200,Bizkaia,Durango
Citroen,C3,Gasolina,26746.0,83.0,manual,12990,Durango,48200,Bizkaia,Durango
Citroen,C3,Gasolina,5303.0,83.0,manual,14550,Mollet del Vallès,8100,Barcelona,Mollet del Vallès
Citroen,C3,Diésel,14999.0,102.0,manual,16490,Durango,48200,Bizkaia,Durango
Citroen,C3,Diésel,14999.0,102.0,manual,16490,Durango,48200,Bizkaia,Durango
Citroen,C3,Gasolina,27026.0,83.0,manual,13990,Durango,48200,Bizkaia,Durango
Citroen,C3,Gasolina,27026.0,83.0,manual,13990,Durango,48200,Bizkaia,Durango
Citroen,C3,Gasolina,31246.0,110.0,manual,15300,Collado Villalba,28400,Madrid,Collado Villalba
Citroen,C3,Gasolina,31246.0,110.0,manual,15300,Collado Villalba,28400,Madrid,Collado Villalba
Citroen,C3,Gasolina,21439.0,110.0,manual,15600,Collado Villalba,28400,Madrid,Collado Villalba
Citroen,C3,Gasolina,21439.0,110.0,manual,15600,Collado Villalba,28400,Madrid,Collado Villalba
Citroen,C3,Gasolina,26907.0,110.0,manual,15600,Collado Villalba,28400,Madrid,Collado Villalba
Citroen,C3,Gasolina,26907.0,110.0,manual,15600,Collado Villalba,28400,Madrid,Collado Villalba
Citroen,C3,Gasolina,22222.0,83.0,manual,14290,Almería,4006,Almería,Almería
Citroen,C3,Gasolina,19443.0,83.0,manual,13990,Almería,4006,Almería,Almería
Citroen,C3,Gasolina,29957.0,83.0,manual,12990,Almería,4006,Almería,Almería
Citroen,C3,Gasolina,26746.0,83.0,manual,12990,Almería,4006,Almería,Almería
Citroen,C3,Diésel,28464.0,102.0,manual,15990,Almería,4006,Almería,Almería
Citroen,C3,Diésel,37410.0,102.0,manual,15990,Almería,4006,Almería,Almería
Citroen,C3,Gasolina,22222.0,83.0,manual,14290,Vigo,36211,Pontevedra,Vigo
Citroen,C3,Gasolina,19443.0,83.0,manual,13990,Vigo,36211,Pontevedra,Vigo
Citroen,C3,Gasolina,29957.0,83.0,manual,12990,Vigo,36211,Pontevedra,Vigo
Citroen,C3,Gasolina,26746.0,83.0,manual,12990,Vigo,36211,Pontevedra,Vigo
Citroen,C3,Diésel,28464.0,102.0,manual,15990,Vigo,36211,Pontevedra,Vigo
Citroen,C3,Diésel,37410.0,102.0,manual,15990,Vigo,36211,Pontevedra,Vigo
Citroen,C3,Gasolina,22222.0,83.0,manual,14290,Granada,18005,Granada,Granada
Citroen,C3,Gasolina,19443.0,83.0,manual,13990,Granada,18005,Granada,Granada
Citroen,C3,Diésel,28464.0,102.0,manual,15990,Granada,18005,Granada,Granada
Citroen,C3,Diésel,37410.0,102.0,manual,15990,Granada,18005,Granada,Granada
Citroen,C3,Gasolina,22222.0,83.0,manual,14290,Alicante,3010,Alicante,Alicante
Citroen,C3,Gasolina,22222.0,83.0,manual,14290,Alicante,3010,Murcia,Alicante
Citroen,C3,Gasolina,19443.0,83.0,manual,13990,Alicante,3010,Alicante,Alicante
Citroen,C3,Gasolina,19443.0,83.0,manual,13990,Alicante,3010,Murcia,Alicante
Citroen,C3,Gasolina,29957.0,83.0,manual,12990,Alicante,3010,Alicante,Alicante
Citroen,C3,Gasolina,29957.0,83.0,manual,12990,Alicante,3010,Murcia,Alicante
Citroen,C3,Gasolina,26746.0,83.0,manual,12990,Alicante,3010,Alicante,Alicante
Citroen,C3,Gasolina,26746.0,83.0,manual,12990,Alicante,3010,Murcia,Alicante
Citroen,C3,Diésel,28464.0,102.0,manual,15990,Alicante,3010,Alicante,Alicante
Citroen,C3,Diésel,28464.0,102.0,manual,15990,Alicante,3010,Murcia,Alicante
Citroen,C3,Diésel,37410.0,102.0,manual,15990,Alicante,3010,Alicante,Alicante
Citroen,C3,Diésel,37410.0,102.0,manual,15990,Alicante,3010,Murcia,Alicante
Citroen,C3,Gasolina,22222.0,83.0,manual,14290,Murcia,30005,Murcia,Murcia
Citroen,C3,Gasolina,19443.0,83.0,manual,13990,Murcia,30005,Murcia,Murcia
Citroen,C3,Gasolina,29957.0,83.0,manual,12990,Murcia,30005,Murcia,Murcia
Citroen,C3,Gasolina,26746.0,83.0,manual,12990,Murcia,30005,Murcia,Murcia
Citroen,C3,Diésel,28464.0,102.0,manual,15990,Murcia,30005,Murcia,Murcia
Citroen,C3,Diésel,37410.0,102.0,manual,15990,Murcia,30005,Murcia,Murcia
Citroen,C3,Gasolina,22222.0,83.0,manual,14290,Valencia,46001,Valencia,Valencia
Citroen,C3,Gasolina,19443.0,83.0,manual,13990,Valencia,46001,Valencia,Valencia
Citroen,C3,Gasolina,29957.0,83.0,manual,12990,Valencia,46001,Valencia,Valencia
Citroen,C3,Gasolina,26746.0,83.0,manual,12990,Valencia,46001,Valencia,Valencia
Citroen,C3,Diésel,28464.0,102.0,manual,15990,Valencia,46001,Valencia,Valencia
Citroen,C3,Diésel,37410.0,102.0,manual,15990,Valencia,46001,Valencia,Valencia
Citroen,C3,Gasolina,29957.0,83.0,manual,12990,Pamplona/Iruña,31001,Navarra,Pamplona/Iruña
Citroen,C3,Gasolina,26746.0,83.0,manual,12990,Pamplona/Iruña,31001,Navarra,Pamplona/Iruña
Citroen,C3,Gasolina,22222.0,83.0,manual,14290,Pamplona/Iruña,31001,Navarra,Pamplona/Iruña
Citroen,C3,Gasolina,19443.0,83.0,manual,13990,Pamplona/Iruña,31001,Navarra,Pamplona/Iruña
Citroen,C3,Gasolina,22222.0,83.0,manual,14290,Sevilla,41005,Sevilla,Sevilla
Citroen,C3,Gasolina,19443.0,83.0,manual,13990,Sevilla,41005,Sevilla,Sevilla
Citroen,C3,Diésel,28464.0,102.0,manual,15990,Sevilla,41005,Sevilla,Sevilla
Citroen,C3,Diésel,37410.0,102.0,manual,15990,Sevilla,41005,Sevilla,Sevilla
Citroen,C3,Gasolina,140572.0,82.0,manual,6990,Silla,46460,Valencia,Silla
Citroen,C3,Diésel,34500.0,102.0,manual,16490,Gandia,46701,Valencia,Gandia
Citroen,C3,Diésel,36790.0,102.0,manual,16490,Gandia,46701,Valencia,Gandia
Citroen,C3,Gasolina,29957.0,83.0,manual,12990,Donostia-San Sebastián,20006,Gipuzkoa,Donostia-San Sebastián
Citroen,C3,Gasolina,26746.0,83.0,manual,12990,Donostia-San Sebastián,20006,Gipuzkoa,Donostia-San Sebastián
Citroen,C3,Diésel,30000.0,92.0,manual,9990,Silla,46460,Valencia,Silla
Citroen,C3,Diésel,30000.0,92.0,manual,9490,Silla,46460,Valencia,Silla
Citroen,C3,Gasolina,22237.0,83.0,manual,13990,Donostia-San Sebastián,20006,Gipuzkoa,Donostia-San Sebastián
Citroen,C3,Gasolina,19239.0,83.0,manual,13990,Donostia-San Sebastián,20006,Gipuzkoa,Donostia-San Sebastián
Citroen,C3,Gasolina,22589.0,83.0,manual,13990,Córdoba,14003,Córdoba,Córdoba
Citroen,C3,Gasolina,29858.0,68.0,manual,9990,Córdoba,14003,Córdoba,Córdoba
Citroen,C3,Gasolina,29957.0,83.0,manual,12990,Burgos,9004,Burgos,Burgos
Citroen,C3,Gasolina,29957.0,83.0,manual,12990,Burgos,9004,Burgos,Burgos
Citroen,C3,Gasolina,26746.0,83.0,manual,12990,Burgos,9004,Burgos,Burgos
Citroen,C3,Gasolina,26746.0,83.0,manual,12990,Burgos,9004,Burgos,Burgos
Citroen,C3,Diésel,28464.0,102.0,manual,15990,Oviedo,33003,Asturias,Oviedo
Citroen,C3,Diésel,37410.0,102.0,manual,15990,Oviedo,33003,Asturias,Oviedo
Citroen,C3,Diésel,28464.0,102.0,manual,15990,León,24003,León,León
Citroen,C3,Diésel,28464.0,102.0,manual,15990,León,24003,León,León
Citroen,C3,Diésel,39873.0,75.0,manual,15300,Arriaga,48950,Bizkaia,Arriaga
Citroen,C3,Diésel,37410.0,102.0,manual,15990,León,24003,León,León
Citroen,C3,Diésel,37410.0,102.0,manual,15990,León,24003,León,León
Citroen,C3,Diésel,150000.0,68.0,manual,6990,Lleida,25001,Lleida,Lleida
Citroen,C3,Gasolina,57528.0,83.0,manual,16970,Foios,46134,Valencia,Foios
Citroen,C3,Diésel,21542.0,99.0,manual,15990,Vilafranca del Penedès,8720,Barcelona,Vilafranca del Penedès
Citroen,C3,Gasolina,22222.0,83.0,manual,14290,Bilbao,48004,Bizkaia,Bilbao
Citroen,C3,Gasolina,19443.0,83.0,manual,13990,Bilbao,48004,Bizkaia,Bilbao
Citroen,C3,Gasolina,29957.0,83.0,manual,12990,Bilbao,48004,Bizkaia,Bilbao
Citroen,C3,Gasolina,26746.0,83.0,manual,12990,Bilbao,48004,Bizkaia,Bilbao
Citroen,C3,Diésel,28464.0,102.0,manual,15990,Bilbao,48004,Bizkaia,Bilbao
Citroen,C3,Diésel,37410.0,102.0,manual,15990,Bilbao,48004,Bizkaia,Bilbao
Citroen,C3,Gasolina,22222.0,83.0,manual,14290,Málaga,29005,Málaga,Málaga
Citroen,C3,Gasolina,19443.0,83.0,manual,13990,Málaga,29005,Málaga,Málaga
Citroen,C3,Gasolina,29957.0,83.0,manual,12990,Málaga,29005,Málaga,Málaga
Citroen,C3,Gasolina,26746.0,83.0,manual,12990,Málaga,29005,Málaga,Málaga
Citroen,C3,Diésel,28464.0,102.0,manual,15990,Málaga,29005,Málaga,Málaga
Citroen,C3,Diésel,37410.0,102.0,manual,15990,Málaga,29005,Málaga,Málaga
Citroen,C3,Gasolina,160000.0,75.0,manual,4000,Barcelona,8005,Barcelona,Barcelona
Citroen,C3,Gasolina,33000.0,83.0,manual,14890,Esplugues de Llobregat,8950,Barcelona,Esplugues de Llobregat
Citroen,C3,Diésel,14000.0,102.0,manual,16995,Castelldefels,8860,Barcelona,Castelldefels
Citroen,C3,Diésel,14000.0,102.0,manual,16495,Castelldefels,8860,Barcelona,Castelldefels
Citroen,C3,Diésel,27773.0,102.0,manual,17600,L'Hospitalet de Llobregat,8901,Barcelona,L'Hospitalet de Llobregat
Citroen,C3,Gasolina,95000.0,95.0,manual,7990,Cabrera de Mar,8349,Barcelona,Cabrera de Mar
Citroen,C3,Diésel,230000.0,68.0,manual,5500,Alcalá de Henares,28802,Madrid,Alcalá de Henares
Citroen,C3,Gasolina,76900.0,110.0,automatic,14850,Madrid,28046,Madrid,Madrid
Citroen,C3,Gasolina,84682.0,110.0,automatic,13990,Madrid,28021,Madrid,Madrid
Citroen,C3,Diésel,22819.0,102.0,manual,15990,Madrid,28021,Madrid,Madrid
Citroen,C3,Diésel,22819.0,102.0,manual,15690,Madrid,28021,Madrid,Madrid
Citroen,C3,Gasolina,76900.0,110.0,automatic,14850,Alcorcón,28923,Madrid,Alcorcón
Citroen,C3,Gasolina,76900.0,110.0,automatic,14850,Los Negrales,28430,Madrid,Los Negrales
Citroen,C3,Gasolina,76900.0,110.0,automatic,14850,Los Negrales,28430,Madrid,Los Negrales
Citroen,C3,Gasolina,102939.0,61.0,manual,3900,Hidraulica Santillana,28770,Madrid,Hidraulica Santillana
Citroen,C3,Gasolina,48149.0,110.0,manual,14500,Los Negrales,28430,Madrid,Los Negrales
Citroen,C3,Gasolina,48149.0,110.0,manual,14500,Los Negrales,28430,Madrid,Los Negrales
Citroen,C3,Gasolina,15000.0,68.0,manual,11300,Palma de Mallorca,7008,Baleares,Palma de Mallorca
Citroen,C3,Gasolina,28000.0,83.0,manual,12900,Residencial Can Carner,8211,Barcelona,Residencial Can Carner
Citroen,C3,Diésel,296000.0,68.0,manual,3600,Coiros de Arriba,15316,A Coruña,Coiros de Arriba
Citroen,C3,Diésel,110385.0,92.0,manual,8900,Canals,46650,Valencia,Canals
Citroen,C3,Gasolina,64000.0,90.0,manual,6500,Los Montesinos,3187,Alicante,Los Montesinos
Citroen,C3,Gasolina,85000.0,61.0,manual,4999,Alcobendas,28100,Madrid,Alcobendas
Citroen,C3,Diésel,108463.0,99.0,manual,12900,Mercabilbao,48970,Bizkaia,Mercabilbao
Citroen,C3,Diésel,108463.0,99.0,manual,12900,Alicante,3007,Alicante,Alicante
Citroen,C3,Diésel,108463.0,99.0,manual,12900,Valdepeñas,13300,Ciudad Real,Valdepeñas
Citroen,C3,Diésel,108463.0,99.0,manual,12900,Valdepeñas,13300,Ciudad Real,Valdepeñas
Citroen,C3,Diésel,108463.0,99.0,manual,12900,Getafe,28906,Madrid,Getafe
Citroen,C3,Diésel,108463.0,99.0,manual,12900,Castello/Castellon de La Plana,12100,Castellón,Castello/Castellon de La Plana
Citroen,C3,Diésel,108463.0,99.0,manual,12900,Santafe,18320,Granada,Santafe
Citroen,C3,Diésel,108463.0,99.0,manual,12900,Saladar,3700,Alicante,Saladar
Citroen,C3,Gasolina,29957.0,83.0,manual,12990,Santander,39010,Cantabria,Santander
Citroen,C3,Gasolina,26746.0,83.0,manual,12990,Santander,39010,Cantabria,Santander
Citroen,C3,Diésel,108463.0,99.0,manual,12900,Hidraulica Santillana,28770,Madrid,Hidraulica Santillana
Citroen,C3,Diésel,108463.0,99.0,manual,12900,Mercado Parque Corredor del Henares,28850,Madrid,Mercado Parque Corredor del Henares
Citroen,C3,Diésel,28464.0,102.0,manual,15990,Santander,39010,Cantabria,Santander
Citroen,C3,Diésel,37410.0,102.0,manual,15990,Santander,39010,Cantabria,Santander
Citroen,C3,Gasolina,89990.0,82.0,manual,11890,Santander,39010,Cantabria,Santander
Citroen,C3,Diésel,14999.0,102.0,manual,16490,Santander,39010,Cantabria,Santander
Citroen,C3,Gasolina,27026.0,83.0,manual,13990,Santander,39010,Cantabria,Santander
Citroen,C3,Gasolina,29773.0,83.0,manual,13990,Santander,39010,Cantabria,Santander
Citroen,C3,Gasolina,29773.0,83.0,manual,13790,Santander,39010,Cantabria,Santander
Citroen,C3,Gasolina,46999.0,82.0,manual,11490,Santander,39010,Cantabria,Santander
Citroen,C3,Gasolina,9360.0,83.0,manual,16700,Collado Villalba,28400,Madrid,Collado Villalba
Citroen,C3,Gasolina,9360.0,83.0,manual,16700,Collado Villalba,28400,Madrid,Collado Villalba
Citroen,C3,Diésel,108463.0,99.0,manual,12900,Ciudad Real,13003,Ciudad Real,Ciudad Real
Citroen,C3,Diésel,108463.0,99.0,manual,12900,Granollers,8403,Barcelona,Granollers
Citroen,C3,Diésel,108463.0,99.0,manual,12900,Vigo,36214,Pontevedra,Vigo
Citroen,C3,Diésel,108463.0,99.0,manual,12900,Murcia,30003,Murcia,Murcia
Citroen,C3,Diésel,108463.0,99.0,manual,12900,Estepona,29680,Málaga,Estepona
Citroen,C3,Diésel,108463.0,99.0,manual,12900,Las Rozas de Madrid,28232,Madrid,Las Rozas de Madrid
Citroen,C3,Diésel,108463.0,99.0,manual,12900,Collado Villalba,28400,Madrid,Collado Villalba
Citroen,C3,Diésel,108463.0,99.0,manual,12900,Collado Villalba,28400,Madrid,Collado Villalba
Citroen,C3,Diésel,108463.0,99.0,manual,12900,Paterna,46980,Valencia,Paterna
Citroen,C3,Diésel,108463.0,99.0,manual,12900,Colonia Pablo Iglesias,28520,Madrid,Colonia Pablo Iglesias
Citroen,C3,Diésel,108463.0,99.0,manual,12900,Badajoz,6008,Badajoz,Badajoz
Citroen,C3,Diésel,108463.0,99.0,manual,12900,Santiago de Compostela,15703,A Coruña,Santiago de Compostela
Citroen,C3,Diésel,108463.0,99.0,manual,12900,Puerto de Sagunto,46520,Valencia,Puerto de Sagunto
Citroen,C3,Diésel,108463.0,99.0,manual,12900,Atarrabia,31610,Navarra,Atarrabia
Citroen,C3,Diésel,108463.0,99.0,manual,12900,Alcalá de Guadaíra,41500,Sevilla,Alcalá de Guadaíra
Citroen,C3,Diésel,108463.0,99.0,manual,12900,Albacete,2001,Albacete,Albacete
Citroen,C3,Diésel,108463.0,99.0,manual,12900,Barcelona,8007,Barcelona,Barcelona
Citroen,C3,Diésel,108463.0,99.0,manual,12900,Zaragoza,50013,Zaragoza,Zaragoza
Citroen,C3,Diésel,108463.0,99.0,manual,12900,Alameda del Obispo,14005,Córdoba,Alameda del Obispo
Citroen,C3,Diésel,108463.0,99.0,manual,12900,Torremolinos,29620,Málaga,Torremolinos
Citroen,C3,Diésel,108463.0,99.0,manual,12900,Torremolinos,29620,Málaga,Torremolinos
Citroen,C3,Diésel,108463.0,99.0,manual,12900,Torremolinos,29620,Málaga,Torremolinos
Citroen,C3,Diésel,108463.0,99.0,manual,12900,Alcobendas,28100,Madrid,Alcobendas
Citroen,C3,Gasolina,37000.0,83.0,manual,14500,Alhendín,18620,Granada,Alhendín
Citroen,C3,Gasolina,37000.0,83.0,manual,14500,Alhendín,18620,Granada,Alhendín
Citroen,C3,Diésel,200000.0,70.0,manual,3500,Torredonjimeno,23650,Jaén,Torredonjimeno
Citroen,C3,Gasolina,75000.0,75.0,manual,4500,Santa Coloma de Gramenet,8922,Barcelona,Santa Coloma de Gramenet
Citroen,C3,Diésel,32470.0,102.0,manual,17500,Mataró,8302,Barcelona,Mataró
Citroen,C3,Gasolina,22589.0,83.0,manual,13990,Almería,4006,Almería,Almería
Citroen,C3,Gasolina,22589.0,83.0,manual,13990,Bilbao,48004,Bizkaia,Bilbao
Citroen,C3,Gasolina,22589.0,83.0,manual,13990,Jaén,23008,Jaén,Jaén
Citroen,C3,Gasolina,22589.0,83.0,manual,13990,Murcia,30005,Murcia,Murcia
Citroen,C3,Gasolina,22589.0,83.0,manual,13990,Vigo,36211,Pontevedra,Vigo
Citroen,C3,Gasolina,22589.0,83.0,manual,13990,Toledo,45002,Toledo,Toledo
Citroen,C3,Gasolina,22589.0,83.0,manual,13990,Granada,18005,Granada,Granada
Citroen,C3,Gasolina,22589.0,83.0,manual,13990,Ciudad Real,13005,Ciudad Real,Ciudad Real
Citroen,C3,Gasolina,22589.0,83.0,manual,13990,Málaga,29005,Málaga,Málaga
Citroen,C3,Gasolina,22589.0,83.0,manual,13990,Valencia,46001,Valencia,Valencia
Citroen,C3,Gasolina,22589.0,83.0,manual,13990,Sevilla,41005,Sevilla,Sevilla
Citroen,C3,Gasolina,22589.0,83.0,manual,13990,Alicante,3010,Alicante,Alicante
Citroen,C3,Gasolina,22589.0,83.0,manual,13990,Alicante,3010,Murcia,Alicante
Citroen,C3,Diésel,1.0,102.0,manual,19390,Sant Boi de Llobregat,8830,Barcelona,Sant Boi de Llobregat
Citroen,C3,Gasolina,76453.0,110.0,automatic,16300,Huesca,22003,Huesca,Huesca
Citroen,C3,Diésel,165300.0,70.0,manual,4999,Elx/Elche,3204,Alicante,Elx/Elche
Citroen,C3,Diésel,173544.0,70.0,manual,3550,Tudela,31500,Navarra,Tudela
Citroen,C3,Diésel,106000.0,92.0,manual,8900,Valencia,46004,Valencia,Valencia
Citroen,C3,Diésel,25556.0,102.0,manual,17600,L'Hospitalet de Llobregat,8901,Barcelona,L'Hospitalet de Llobregat
Citroen,C3,Gasolina,21816.0,82.0,manual,14500,Sevilla,41006,Sevilla,Sevilla
Citroen,C3,Diésel,300000.0,70.0,manual,2500,Albacete,2001,Albacete,Albacete
Citroen,C3,Gasolina,29957.0,83.0,manual,12990,Armentia,1007,Álava,Armentia
Citroen,C3,Gasolina,26746.0,83.0,manual,12990,Armentia,1007,Álava,Armentia
Citroen,C3,Gasolina,22222.0,83.0,manual,14290,Armentia,1007,Álava,Armentia
Citroen,C3,Gasolina,19443.0,83.0,manual,13990,Armentia,1007,Álava,Armentia
Citroen,C3,Gasolina,89990.0,82.0,manual,11890,Armentia,1007,Álava,Armentia
Citroen,C3,Gasolina,22237.0,83.0,manual,13990,Armentia,1007,Álava,Armentia
Citroen,C3,Gasolina,19239.0,83.0,manual,13990,Armentia,1007,Álava,Armentia
Citroen,C3,Diésel,14999.0,102.0,manual,16490,Armentia,1007,Álava,Armentia
Citroen,C3,Gasolina,27026.0,83.0,manual,13990,Armentia,1007,Álava,Armentia
Citroen,C3,Gasolina,29773.0,83.0,manual,13990,Armentia,1007,Álava,Armentia
Citroen,C3,Gasolina,29773.0,83.0,manual,13790,Armentia,1007,Álava,Armentia
Citroen,C3,Gasolina,46999.0,82.0,manual,11490,Armentia,1007,Álava,Armentia
Citroen,C3,Gasolina,168000.0,60.0,manual,7500,Alcorcón,28921,Madrid,Alcorcón
Citroen,C3,Gasolina,55391.0,83.0,manual,15500,Sevilla,41006,Sevilla,Sevilla
Citroen,C3,Gasolina,55391.0,83.0,manual,15500,Dos Hermanas,41012,Sevilla,Dos Hermanas
Citroen,C3,Diésel,28000.0,75.0,manual,12995,Parets del Vallès,8150,Barcelona,Parets del Vallès
Citroen,C3,Diésel,7599.0,102.0,manual,17900,Mataró,8302,Barcelona,Mataró
Citroen,C3,Gasolina,45000.0,110.0,manual,16500,Santurtzi,48980,Bizkaia,Santurtzi
Citroen,C3,Diésel,178000.0,68.0,manual,3099,Benimamet,46035,Valencia,Benimamet
Citroen,C3,Gasolina,62000.0,61.0,manual,4390,El Prat de Llobregat,8820,Barcelona,El Prat de Llobregat
Citroen,C3,Diésel,119000.0,61.0,manual,2500,Los Antolinos,30740,Murcia,Los Antolinos
Citroen,C3,Diésel,14999.0,102.0,manual,16490,Almería,4006,Almería,Almería
Citroen,C3,Diésel,14999.0,102.0,manual,16490,Murcia,30005,Murcia,Murcia
Citroen,C3,Diésel,14999.0,102.0,manual,16490,Bilbao,48004,Bizkaia,Bilbao
Citroen,C3,Diésel,14999.0,102.0,manual,16490,Valencia,46001,Valencia,Valencia
Citroen,C3,Diésel,34500.0,102.0,manual,16490,Murcia,30005,Murcia,Murcia
Citroen,C3,Diésel,14999.0,102.0,manual,16490,Alicante,3010,Alicante,Alicante
Citroen,C3,Diésel,14999.0,102.0,manual,16490,Alicante,3010,Murcia,Alicante
Citroen,C3,Diésel,14999.0,102.0,manual,16490,Sevilla,41005,Sevilla,Sevilla
Citroen,C3,Diésel,14999.0,102.0,manual,16490,Granada,18005,Granada,Granada
Citroen,C3,Diésel,14999.0,102.0,manual,16490,Vigo,36211,Pontevedra,Vigo
Citroen,C3,Diésel,14999.0,102.0,manual,16490,Pamplona/Iruña,31001,Navarra,Pamplona/Iruña
Citroen,C3,Diésel,14999.0,102.0,manual,16490,Málaga,29005,Málaga,Málaga
Citroen,C3,Diésel,14999.0,102.0,manual,16490,Donostia-San Sebastián,20006,Gipuzkoa,Donostia-San Sebastián
Citroen,C3,Diésel,28000.0,75.0,manual,12995,San Fernando de Henares,28830,Madrid,San Fernando de Henares
Citroen,C3,Gasolina,18539.0,110.0,automatic,17950,Madrid,28045,Madrid,Madrid
Citroen,C3,Gasolina,18539.0,110.0,automatic,16950,Madrid,28045,Madrid,Madrid
Citroen,C3,Diésel,35825.0,102.0,manual,16500,Beniel,30130,Murcia,Beniel
Citroen,C3,Gasolina,140000.0,61.0,manual,2900,La Estacada,30528,Murcia,La Estacada
Citroen,C3,Gasolina,42516.0,82.0,manual,8990,Collado Villalba,28400,Madrid,Collado Villalba
Citroen,C3,Gasolina,42516.0,82.0,manual,8990,Collado Villalba,28400,Madrid,Collado Villalba
Citroen,C3,Diésel,11000.0,102.0,manual,19300,Santurtzi,48980,Bizkaia,Santurtzi
Citroen,C3,Gasolina,42516.0,82.0,manual,8990,Bilbao,48004,Bizkaia,Bilbao
Citroen,C3,Gasolina,42516.0,82.0,manual,8990,Málaga,29005,Málaga,Málaga
Citroen,C3,Gasolina,42516.0,82.0,manual,8990,Sevilla,41005,Sevilla,Sevilla
Citroen,C3,Gasolina,42516.0,82.0,manual,8990,Vigo,36211,Pontevedra,Vigo
Citroen,C3,Gasolina,42516.0,82.0,manual,8990,Granada,18005,Granada,Granada
Citroen,C3,Gasolina,42516.0,82.0,manual,8990,Murcia,30005,Murcia,Murcia
Citroen,C3,Gasolina,42516.0,82.0,manual,8990,Alicante,3010,Alicante,Alicante
Citroen,C3,Gasolina,42516.0,82.0,manual,8990,Alicante,3010,Murcia,Alicante
Citroen,C3,Gasolina,42516.0,82.0,manual,8990,Valencia,46001,Valencia,Valencia
Citroen,C3,Gasolina,42516.0,82.0,manual,8990,Almería,4006,Almería,Almería
Citroen,C3,Gasolina,42516.0,82.0,manual,8990,Toledo,45002,Toledo,Toledo
Citroen,C3,Gasolina,42516.0,82.0,manual,8990,Colonia Pablo Iglesias,28520,Madrid,Colonia Pablo Iglesias
Citroen,C3,Gasolina,42516.0,82.0,manual,8990,Villaviciosa de Odón,28670,Madrid,Villaviciosa de Odón
Citroen,C3,Gasolina,42516.0,82.0,manual,8990,Las Rozas de Madrid,28232,Madrid,Las Rozas de Madrid
Citroen,C3,Gasolina,42516.0,82.0,manual,8990,Camarma de Esteruelas,28816,Madrid,Camarma de Esteruelas
Citroen,C3,Gasolina,42516.0,82.0,manual,8990,Camarma de Esteruelas,28816,Madrid,Camarma de Esteruelas
Citroen,C3,Gasolina,42516.0,82.0,manual,8990,Fuenlabrada,28947,Madrid,Fuenlabrada
Citroen,C3,Diésel,5555.0,102.0,manual,20100,Sedaví,46910,Valencia,Sedaví
Citroen,C3,Diésel,5555.0,102.0,manual,20100,Sedaví,46910,Valencia,Sedaví
Citroen,C3,Diésel,5555.0,102.0,manual,20100,Sedaví,46910,Valencia,Sedaví
Citroen,C3,Diésel,5555.0,102.0,manual,20100,Sedaví,46910,Valencia,Sedaví
Citroen,C3,Gasolina,42516.0,82.0,manual,8990,Urbanizacion La Granjilla,28700,Madrid,Urbanizacion La Granjilla
Citroen,C3,Gasolina,1.0,83.0,manual,17290,Sant Boi de Llobregat,8830,Barcelona,Sant Boi de Llobregat
Citroen,C3,Gasolina,1.0,83.0,manual,16850,Sant Boi de Llobregat,8830,Barcelona,Sant Boi de Llobregat
Citroen,C3,Gasolina,68000.0,82.0,manual,12975,Algeciras,11205,Cádiz,Algeciras
Citroen,C3,Gasolina,18000.0,83.0,manual,14150,Navalcarnero,28600,Madrid,Navalcarnero
Citroen,C3,Gasolina,119320.0,60.0,manual,6900,Aspe,3680,Alicante,Aspe
Citroen,C3,Diésel,190000.0,70.0,manual,3990,Arriaga,1013,Álava,Arriaga
Citroen,C3,Gasolina,46999.0,82.0,manual,11490,Granada,18005,Granada,Granada
Citroen,C3,Diésel,30000.0,92.0,manual,9990,Granada,18005,Granada,Granada
Citroen,C3,Diésel,30000.0,92.0,manual,9490,Granada,18005,Granada,Granada
Citroen,C3,Gasolina,46999.0,82.0,manual,11490,Vigo,36211,Pontevedra,Vigo
Citroen,C3,Diésel,30000.0,92.0,manual,9990,Vigo,36211,Pontevedra,Vigo
Citroen,C3,Diésel,30000.0,92.0,manual,9490,Vigo,36211,Pontevedra,Vigo
Citroen,C3,Gasolina,46999.0,82.0,manual,11490,Oviedo,33003,Asturias,Oviedo
Citroen,C3,Gasolina,46999.0,82.0,manual,11490,Donostia-San Sebastián,20006,Gipuzkoa,Donostia-San Sebastián
Citroen,C3,Diésel,30000.0,92.0,manual,9990,Palma de Mallorca,7003,Baleares,Palma de Mallorca
Citroen,C3,Diésel,30000.0,92.0,manual,9490,Palma de Mallorca,7003,Baleares,Palma de Mallorca
Citroen,C3,Gasolina,46999.0,82.0,manual,11490,Pamplona/Iruña,31001,Navarra,Pamplona/Iruña
Citroen,C3,Gasolina,46999.0,82.0,manual,11490,Sevilla,41005,Sevilla,Sevilla
Citroen,C3,Diésel,30000.0,92.0,manual,9990,Sevilla,41005,Sevilla,Sevilla
Citroen,C3,Diésel,30000.0,92.0,manual,9490,Sevilla,41005,Sevilla,Sevilla
Citroen,C3,Gasolina,46999.0,82.0,manual,11490,Alicante,3010,Alicante,Alicante
Citroen,C3,Gasolina,46999.0,82.0,manual,11490,Alicante,3010,Murcia,Alicante
Citroen,C3,Diésel,30000.0,92.0,manual,9990,Alicante,3010,Alicante,Alicante
Citroen,C3,Diésel,30000.0,92.0,manual,9990,Alicante,3010,Murcia,Alicante
Citroen,C3,Diésel,30000.0,92.0,manual,9490,Alicante,3010,Alicante,Alicante
Citroen,C3,Diésel,30000.0,92.0,manual,9490,Alicante,3010,Murcia,Alicante
Citroen,C3,Gasolina,46999.0,82.0,manual,11490,Valencia,46001,Valencia,Valencia
Citroen,C3,Diésel,30000.0,92.0,manual,9990,Valencia,46001,Valencia,Valencia
Citroen,C3,Diésel,30000.0,92.0,manual,9490,Valencia,46001,Valencia,Valencia
Citroen,C3,Gasolina,46999.0,82.0,manual,11490,Murcia,30005,Murcia,Murcia
Citroen,C3,Diésel,30000.0,92.0,manual,9990,Murcia,30005,Murcia,Murcia
Citroen,C3,Diésel,30000.0,92.0,manual,9490,Murcia,30005,Murcia,Murcia
Citroen,C3,Gasolina,46999.0,82.0,manual,11490,Almería,4006,Almería,Almería
Citroen,C3,Diésel,30000.0,92.0,manual,9990,Almería,4006,Almería,Almería
Citroen,C3,Diésel,30000.0,92.0,manual,9490,Almería,4006,Almería,Almería
Citroen,C3,Gasolina,46999.0,82.0,manual,11490,Durango,48200,Bizkaia,Durango
Citroen,C3,Gasolina,46999.0,82.0,manual,11490,Durango,48200,Bizkaia,Durango
Citroen,C3,Diésel,30000.0,92.0,manual,9990,Elx/Elche,3201,Alicante,Elx/Elche
Citroen,C3,Diésel,30000.0,92.0,manual,9490,Elx/Elche,3201,Alicante,Elx/Elche
Citroen,C3,Diésel,30000.0,92.0,manual,9990,Barrio Peral,30300,Murcia,Barrio Peral
Citroen,C3,Diésel,30000.0,92.0,manual,9490,Barrio Peral,30300,Murcia,Barrio Peral
Citroen,C3,Diésel,30000.0,92.0,manual,9990,Gandia,46701,Valencia,Gandia
Citroen,C3,Diésel,30000.0,92.0,manual,9490,Gandia,46701,Valencia,Gandia
Citroen,C3,Gasolina,46999.0,82.0,manual,11490,Bilbao,48004,Bizkaia,Bilbao
Citroen,C3,Diésel,30000.0,92.0,manual,9990,Bilbao,48004,Bizkaia,Bilbao
Citroen,C3,Diésel,30000.0,92.0,manual,9490,Bilbao,48004,Bizkaia,Bilbao
Citroen,C3,Gasolina,46999.0,82.0,manual,11490,Málaga,29005,Málaga,Málaga
Citroen,C3,Diésel,30000.0,92.0,manual,9990,Málaga,29005,Málaga,Málaga
Citroen,C3,Diésel,30000.0,92.0,manual,9490,Málaga,29005,Málaga,Málaga
Citroen,C3,Gasolina,67914.0,82.0,manual,13500,Málaga,29006,Málaga,Málaga
Citroen,C3,Gasolina,25526.0,83.0,manual,13890,A Coruña,15005,A Coruña,A Coruña
Citroen,C3,Gasolina,25526.0,83.0,manual,13890,Almería,4006,Almería,Almería
Citroen,C3,Gasolina,25526.0,83.0,manual,13890,Vilagarcía de Arousa,36600,Pontevedra,Vilagarcía de Arousa
Citroen,C3,Gasolina,37892.0,110.0,manual,16450,Sevilla,41007,Sevilla,Sevilla
Citroen,C3,Gasolina,37892.0,110.0,manual,15950,Sevilla,41007,Sevilla,Sevilla
Citroen,C3,Gasolina,29.0,110.0,automatic,20750,Sevilla,41007,Sevilla,Sevilla
Citroen,C3,Diésel,127000.0,92.0,manual,7999,Villares de la Reina,37184,Salamanca,Villares de la Reina
Citroen,C3,Diésel,903.0,102.0,manual,20000,Mairena del Aljarafe,41927,Sevilla,Mairena del Aljarafe
Citroen,C3,Diésel,19000.0,102.0,manual,16990,Parla,28984,Madrid,Parla
Citroen,C3,Gasolina,22000.0,82.0,manual,14990,Granada,18005,Granada,Granada
Citroen,C3,Gasolina,22000.0,82.0,manual,13990,Granada,18005,Granada,Granada
Audi,A4 Allroad,Diésel,216000.0,143.0,manual,13750,Lleida,25195,Lleida,Lleida
Citroen,C3,Gasolina,25526.0,83.0,manual,13890,Valencia,46001,Valencia,Valencia
Citroen,C3,Gasolina,27000.0,82.0,manual,13990,Granada,18005,Granada,Granada
Citroen,C3,Gasolina,25526.0,83.0,manual,13890,Málaga,29005,Málaga,Málaga
Citroen,C3,Gasolina,25526.0,83.0,manual,13890,Granada,18005,Granada,Granada
Citroen,C3,Gasolina,29619.0,83.0,manual,13990,Granada,18005,Granada,Granada
Citroen,C3,Gasolina,22500.0,83.0,manual,13990,Granada,18005,Granada,Granada
Citroen,C3,Gasolina,22150.0,83.0,manual,13990,Granada,18005,Granada,Granada
Citroen,C3,Gasolina,29858.0,68.0,manual,9990,Granada,18005,Granada,Granada
Citroen,C3,Diésel,34500.0,102.0,manual,16490,Granada,18005,Granada,Granada
Citroen,C3,Diésel,36790.0,102.0,manual,16490,Granada,18005,Granada,Granada
Citroen,C3,Gasolina,22000.0,82.0,manual,14990,Vigo,36211,Pontevedra,Vigo
Citroen,C3,Gasolina,22000.0,82.0,manual,13990,Vigo,36211,Pontevedra,Vigo
Citroen,C3,Gasolina,27000.0,82.0,manual,13990,Vigo,36211,Pontevedra,Vigo
Citroen,C3,Gasolina,25526.0,83.0,manual,13890,Vigo,36211,Pontevedra,Vigo
Citroen,C3,Gasolina,29619.0,83.0,manual,13990,Vigo,36211,Pontevedra,Vigo
Citroen,C3,Gasolina,22500.0,83.0,manual,13990,Vigo,36211,Pontevedra,Vigo
Citroen,C3,Gasolina,22150.0,83.0,manual,13990,Vigo,36211,Pontevedra,Vigo
Citroen,C3,Gasolina,29858.0,68.0,manual,9990,Vigo,36211,Pontevedra,Vigo
Citroen,C3,Diésel,34500.0,102.0,manual,16490,Vigo,36211,Pontevedra,Vigo
Citroen,C3,Diésel,36790.0,102.0,manual,16490,Vigo,36211,Pontevedra,Vigo
Citroen,C3,Gasolina,25526.0,83.0,manual,13890,Alicante,3010,Alicante,Alicante
Citroen,C3,Gasolina,25526.0,83.0,manual,13890,Alicante,3010,Murcia,Alicante
Citroen,C3,Gasolina,25526.0,83.0,manual,13890,Bilbao,48004,Bizkaia,Bilbao
Citroen,C3,Gasolina,25526.0,83.0,manual,13890,Sevilla,41005,Sevilla,Sevilla
Citroen,C3,Gasolina,29858.0,68.0,manual,9990,Ciudad Real,13005,Ciudad Real,Ciudad Real
Citroen,C3,Gasolina,22000.0,82.0,manual,14990,Palau-Solita I Plegamans,8184,Barcelona,Palau-Solita I Plegamans
Citroen,C3,Gasolina,22000.0,82.0,manual,14990,Palau-Solita I Plegamans,8184,Barcelona,Palau-Solita I Plegamans
Citroen,C3,Gasolina,22000.0,82.0,manual,13990,Palau-Solita I Plegamans,8184,Barcelona,Palau-Solita I Plegamans
Citroen,C3,Gasolina,22000.0,82.0,manual,13990,Palau-Solita I Plegamans,8184,Barcelona,Palau-Solita I Plegamans
Citroen,C3,Gasolina,27000.0,82.0,manual,13990,Palau-Solita I Plegamans,8184,Barcelona,Palau-Solita I Plegamans
Citroen,C3,Gasolina,27000.0,82.0,manual,13990,Palau-Solita I Plegamans,8184,Barcelona,Palau-Solita I Plegamans
Citroen,C3,Gasolina,22500.0,83.0,manual,13990,Palau-Solita I Plegamans,8184,Barcelona,Palau-Solita I Plegamans
Citroen,C3,Gasolina,22500.0,83.0,manual,13990,Palau-Solita I Plegamans,8184,Barcelona,Palau-Solita I Plegamans
Citroen,C3,Gasolina,22150.0,83.0,manual,13990,Palau-Solita I Plegamans,8184,Barcelona,Palau-Solita I Plegamans
Citroen,C3,Gasolina,22150.0,83.0,manual,13990,Palau-Solita I Plegamans,8184,Barcelona,Palau-Solita I Plegamans
Citroen,C3,Gasolina,25526.0,83.0,manual,13890,Ourense,32001,Ourense,Ourense
Citroen,C3,Gasolina,700.0,83.0,manual,16499,Collado Villalba,28400,Madrid,Collado Villalba
Citroen,C3,Gasolina,700.0,83.0,manual,16499,Collado Villalba,28400,Madrid,Collado Villalba
Citroen,C3,Gasolina,29619.0,83.0,manual,13990,Ourense,32001,Ourense,Ourense
Citroen,C3,Gasolina,18895.0,110.0,manual,16900,Collado Villalba,28400,Madrid,Collado Villalba
Citroen,C3,Gasolina,18895.0,110.0,manual,16900,Collado Villalba,28400,Madrid,Collado Villalba
Citroen,C3,Gasolina,22000.0,82.0,manual,14990,Sevilla,41005,Sevilla,Sevilla
Citroen,C3,Gasolina,22000.0,82.0,manual,13990,Sevilla,41005,Sevilla,Sevilla
Citroen,C3,Gasolina,27000.0,82.0,manual,13990,Sevilla,41005,Sevilla,Sevilla
Citroen,C3,Gasolina,29619.0,83.0,manual,13990,Sevilla,41005,Sevilla,Sevilla
Citroen,C3,Gasolina,22500.0,83.0,manual,13990,Sevilla,41005,Sevilla,Sevilla
Citroen,C3,Gasolina,22150.0,83.0,manual,13990,Sevilla,41005,Sevilla,Sevilla
Citroen,C3,Gasolina,22000.0,82.0,manual,14990,Valencia,46001,Valencia,Valencia
Citroen,C3,Gasolina,22000.0,82.0,manual,13990,Valencia,46001,Valencia,Valencia
Citroen,C3,Gasolina,27000.0,82.0,manual,13990,Valencia,46001,Valencia,Valencia
Citroen,C3,Gasolina,29619.0,83.0,manual,13990,Valencia,46001,Valencia,Valencia
Citroen,C3,Gasolina,29858.0,68.0,manual,9990,Sevilla,41005,Sevilla,Sevilla
Citroen,C3,Diésel,34500.0,102.0,manual,16490,Sevilla,41005,Sevilla,Sevilla
Citroen,C3,Gasolina,22500.0,83.0,manual,13990,Valencia,46001,Valencia,Valencia
Citroen,C3,Diésel,36790.0,102.0,manual,16490,Sevilla,41005,Sevilla,Sevilla
Citroen,C3,Gasolina,22150.0,83.0,manual,13990,Valencia,46001,Valencia,Valencia
Citroen,C3,Gasolina,29858.0,68.0,manual,9990,Valencia,46001,Valencia,Valencia
Citroen,C3,Diésel,34500.0,102.0,manual,16490,Valencia,46001,Valencia,Valencia
Citroen,C3,Diésel,36790.0,102.0,manual,16490,Valencia,46001,Valencia,Valencia
Citroen,C3,Gasolina,22000.0,82.0,manual,14990,Murcia,30005,Murcia,Murcia
Citroen,C3,Gasolina,22000.0,82.0,manual,13990,Murcia,30005,Murcia,Murcia
Citroen,C3,Gasolina,27000.0,82.0,manual,13990,Murcia,30005,Murcia,Murcia
Citroen,C3,Gasolina,25526.0,83.0,manual,13890,Murcia,30005,Murcia,Murcia
Citroen,C3,Gasolina,29619.0,83.0,manual,13990,Murcia,30005,Murcia,Murcia
Citroen,C3,Gasolina,22500.0,83.0,manual,13990,Murcia,30005,Murcia,Murcia
Citroen,C3,Gasolina,22150.0,83.0,manual,13990,Murcia,30005,Murcia,Murcia
Citroen,C3,Gasolina,29858.0,68.0,manual,9990,Murcia,30005,Murcia,Murcia
Citroen,C3,Diésel,36790.0,102.0,manual,16490,Murcia,30005,Murcia,Murcia
Citroen,C3,Gasolina,22000.0,82.0,manual,14990,Almería,4006,Almería,Almería
Citroen,C3,Gasolina,22000.0,82.0,manual,13990,Almería,4006,Almería,Almería
Citroen,C3,Gasolina,27000.0,82.0,manual,13990,Almería,4006,Almería,Almería
Citroen,C3,Gasolina,29619.0,83.0,manual,13990,Almería,4006,Almería,Almería
Citroen,C3,Gasolina,22500.0,83.0,manual,13990,Almería,4006,Almería,Almería
Citroen,C3,Gasolina,22150.0,83.0,manual,13990,Almería,4006,Almería,Almería
Citroen,C3,Gasolina,29858.0,68.0,manual,9990,Almería,4006,Almería,Almería
Citroen,C3,Diésel,34500.0,102.0,manual,16490,Almería,4006,Almería,Almería
Citroen,C3,Diésel,36790.0,102.0,manual,16490,Almería,4006,Almería,Almería
Citroen,C3,Gasolina,22000.0,82.0,manual,14990,Bilbao,48004,Bizkaia,Bilbao
Citroen,C3,Gasolina,22000.0,82.0,manual,13990,Bilbao,48004,Bizkaia,Bilbao
Citroen,C3,Gasolina,27000.0,82.0,manual,13990,Bilbao,48004,Bizkaia,Bilbao
Citroen,C3,Gasolina,29619.0,83.0,manual,13990,Bilbao,48004,Bizkaia,Bilbao
Citroen,C3,Gasolina,22500.0,83.0,manual,13990,Bilbao,48004,Bizkaia,Bilbao
Citroen,C3,Gasolina,22150.0,83.0,manual,13990,Bilbao,48004,Bizkaia,Bilbao
Citroen,C3,Gasolina,29858.0,68.0,manual,9990,Bilbao,48004,Bizkaia,Bilbao
Citroen,C3,Diésel,34500.0,102.0,manual,16490,Bilbao,48004,Bizkaia,Bilbao
Citroen,C3,Diésel,36790.0,102.0,manual,16490,Bilbao,48004,Bizkaia,Bilbao
Citroen,C3,Gasolina,22000.0,82.0,manual,14990,Alicante,3010,Alicante,Alicante
Citroen,C3,Gasolina,22000.0,82.0,manual,14990,Alicante,3010,Murcia,Alicante
Citroen,C3,Gasolina,22000.0,82.0,manual,13990,Alicante,3010,Alicante,Alicante
Citroen,C3,Gasolina,22000.0,82.0,manual,13990,Alicante,3010,Murcia,Alicante
Citroen,C3,Gasolina,27000.0,82.0,manual,13990,Alicante,3010,Alicante,Alicante
Citroen,C3,Gasolina,27000.0,82.0,manual,13990,Alicante,3010,Murcia,Alicante
Citroen,C3,Gasolina,22500.0,83.0,manual,13990,Alicante,3010,Alicante,Alicante
Citroen,C3,Gasolina,22500.0,83.0,manual,13990,Alicante,3010,Murcia,Alicante
Citroen,C3,Gasolina,22150.0,83.0,manual,13990,Alicante,3010,Alicante,Alicante
Citroen,C3,Gasolina,22150.0,83.0,manual,13990,Alicante,3010,Murcia,Alicante
Citroen,C3,Gasolina,29858.0,68.0,manual,9990,Alicante,3010,Alicante,Alicante
Citroen,C3,Gasolina,29858.0,68.0,manual,9990,Alicante,3010,Murcia,Alicante
Citroen,C3,Diésel,34500.0,102.0,manual,16490,Alicante,3010,Alicante,Alicante
Citroen,C3,Diésel,34500.0,102.0,manual,16490,Alicante,3010,Murcia,Alicante
Citroen,C3,Diésel,36790.0,102.0,manual,16490,Alicante,3010,Alicante,Alicante
Citroen,C3,Diésel,36790.0,102.0,manual,16490,Alicante,3010,Murcia,Alicante
Citroen,C3,Gasolina,22000.0,82.0,manual,14990,Palma de Mallorca,7003,Baleares,Palma de Mallorca
Citroen,C3,Gasolina,22000.0,82.0,manual,13990,Palma de Mallorca,7003,Baleares,Palma de Mallorca
Citroen,C3,Gasolina,27000.0,82.0,manual,13990,Palma de Mallorca,7003,Baleares,Palma de Mallorca
Citroen,C3,Gasolina,22500.0,83.0,manual,13990,Palma de Mallorca,7003,Baleares,Palma de Mallorca
Citroen,C3,Gasolina,22150.0,83.0,manual,13990,Palma de Mallorca,7003,Baleares,Palma de Mallorca
Citroen,C3,Gasolina,55559.0,82.0,manual,10990,Palma de Mallorca,7003,Baleares,Palma de Mallorca
Citroen,C3,Gasolina,22000.0,82.0,manual,14990,Málaga,29005,Málaga,Málaga
Citroen,C3,Gasolina,22000.0,82.0,manual,13990,Málaga,29005,Málaga,Málaga
Citroen,C3,Gasolina,27000.0,82.0,manual,13990,Málaga,29005,Málaga,Málaga
Citroen,C3,Gasolina,29619.0,83.0,manual,13990,Málaga,29005,Málaga,Málaga
Citroen,C3,Gasolina,22500.0,83.0,manual,13990,Málaga,29005,Málaga,Málaga
Citroen,C3,Gasolina,22150.0,83.0,manual,13990,Málaga,29005,Málaga,Málaga
Citroen,C3,Gasolina,29858.0,68.0,manual,9990,Málaga,29005,Málaga,Málaga
Citroen,C3,Diésel,34500.0,102.0,manual,16490,Málaga,29005,Málaga,Málaga
Citroen,C3,Diésel,36790.0,102.0,manual,16490,Málaga,29005,Málaga,Málaga
Citroen,C3,Gasolina,29858.0,68.0,manual,9990,Toledo,45002,Toledo,Toledo
Citroen,C3,Gasolina,29858.0,68.0,manual,9990,Jaén,23008,Jaén,Jaén
Citroen,C3,Gasolina,29619.0,83.0,manual,13990,A Coruña,15005,A Coruña,A Coruña
Citroen,C3,Gasolina,29619.0,83.0,manual,13990,Vilagarcía de Arousa,36600,Pontevedra,Vilagarcía de Arousa
Citroen,C3,Gasolina,22000.0,82.0,manual,14990,Girona,17007,Girona,Girona
Citroen,C3,Gasolina,22000.0,82.0,manual,13990,Girona,17007,Girona,Girona
Citroen,C3,Gasolina,27000.0,82.0,manual,13990,Girona,17007,Girona,Girona
Citroen,C3,Gasolina,22500.0,83.0,manual,13990,Girona,17007,Girona,Girona
Citroen,C3,Gasolina,22150.0,83.0,manual,13990,Girona,17007,Girona,Girona
Citroen,C3,Diésel,34500.0,102.0,manual,16490,Barrio Peral,30300,Murcia,Barrio Peral
Citroen,C3,Diésel,36790.0,102.0,manual,16490,Barrio Peral,30300,Murcia,Barrio Peral
Citroen,C3,Gasolina,22000.0,82.0,manual,14990,Òrrius,8317,Barcelona,Òrrius
Citroen,C3,Gasolina,22000.0,82.0,manual,13990,Òrrius,8317,Barcelona,Òrrius
Citroen,C3,Gasolina,27000.0,82.0,manual,13990,Òrrius,8317,Barcelona,Òrrius
Citroen,C3,Gasolina,22500.0,83.0,manual,13990,Òrrius,8317,Barcelona,Òrrius
Citroen,C3,Gasolina,22150.0,83.0,manual,13990,Òrrius,8317,Barcelona,Òrrius
Citroen,C3,Gasolina,22000.0,82.0,manual,14990,Ullastrell,8231,Barcelona,Ullastrell
Citroen,C3,Gasolina,22000.0,82.0,manual,13990,Ullastrell,8231,Barcelona,Ullastrell
Citroen,C3,Gasolina,27000.0,82.0,manual,13990,Ullastrell,8231,Barcelona,Ullastrell
Citroen,C3,Gasolina,22500.0,83.0,manual,13990,Ullastrell,8231,Barcelona,Ullastrell
Citroen,C3,Gasolina,22150.0,83.0,manual,13990,Ullastrell,8231,Barcelona,Ullastrell
Citroen,C3,Gasolina,25100.0,82.0,manual,16100,Santa Coloma de Gramenet,8921,Barcelona,Santa Coloma de Gramenet
Citroen,C3,Gasolina,25100.0,82.0,manual,16100,Fornells de la Selva,17458,Girona,Fornells de la Selva
Citroen,C3,Diésel,97000.0,75.0,manual,11990,Alcalá de Guadaíra,41500,Sevilla,Alcalá de Guadaíra
Citroen,C3,Gasolina,31233.0,83.0,manual,14145,Ciudad Real,13003,Ciudad Real,Ciudad Real
Citroen,C3,Diésel,123000.0,70.0,automatic,5300,Sant Antoni de Vilamajor,8459,Barcelona,Sant Antoni de Vilamajor
Citroen,C3,Diésel,123000.0,70.0,automatic,5300,Sant Antoni de Vilamajor,8459,Barcelona,Sant Antoni de Vilamajor
Citroen,C3,Diésel,57500.0,99.0,manual,10900,Gandia,46701,Valencia,Gandia
Citroen,C3,Gasolina,23200.0,83.0,manual,15900,Gandia,46701,Valencia,Gandia
Citroen,C3,Gasolina,80180.0,82.0,manual,13900,Sevilla,41006,Sevilla,Sevilla
Citroen,C3,Gasolina,80180.0,82.0,manual,13900,Dos Hermanas,41012,Sevilla,Dos Hermanas
Citroen,C3,Gasolina,25500.0,82.0,manual,13500,Sant Boi de Llobregat,8830,Barcelona,Sant Boi de Llobregat
Citroen,C3,Diésel,98670.0,99.0,manual,11950,Sant Boi de Llobregat,8830,Barcelona,Sant Boi de Llobregat
Citroen,C3,Diésel,65566.0,99.0,manual,14800,Sedaví,46910,Valencia,Sedaví
Citroen,C3,Diésel,65566.0,99.0,manual,14800,Sedaví,46910,Valencia,Sedaví
Citroen,C3,Diésel,65566.0,99.0,manual,14800,Sedaví,46910,Valencia,Sedaví
Citroen,C3,Diésel,65566.0,99.0,manual,14800,Sedaví,46910,Valencia,Sedaví
Citroen,C3,Gasolina,72271.0,110.0,automatic,14300,Barcelona,8035,Barcelona,Barcelona
Citroen,C3,Gasolina,30500.0,82.0,manual,13975,Algeciras,11205,Cádiz,Algeciras
Citroen,C3,Gasolina,37600.0,83.0,manual,14990,Sabadell,8205,Barcelona,Sabadell
Citroen,C3,Gasolina,41335.0,83.0,manual,226,Oliva,46780,Valencia,Oliva
Citroen,C3,Diésel,33337.0,75.0,manual,193,Alcalá de Guadaíra,41500,Sevilla,Alcalá de Guadaíra
Citroen,C3,Diésel,33337.0,75.0,manual,207,Alcalá de Guadaíra,41500,Sevilla,Alcalá de Guadaíra
Citroen,C3,Gasolina,25000.0,83.0,manual,15750,Ajalvir,28864,Madrid,Ajalvir
Citroen,C3,Gasolina,22966.0,110.0,manual,15900,Collado Villalba,28400,Madrid,Collado Villalba
Citroen,C3,Gasolina,22966.0,110.0,manual,15900,Collado Villalba,28400,Madrid,Collado Villalba
Citroen,C3,Gasolina,24911.0,110.0,manual,15900,Collado Villalba,28400,Madrid,Collado Villalba
Citroen,C3,Gasolina,24911.0,110.0,manual,15900,Collado Villalba,28400,Madrid,Collado Villalba
Citroen,C3,Gasolina,19227.0,110.0,manual,16300,Collado Villalba,28400,Madrid,Collado Villalba
Citroen,C3,Gasolina,19227.0,110.0,manual,16300,Collado Villalba,28400,Madrid,Collado Villalba
Citroen,C3,Gasolina,26504.0,110.0,manual,16900,Collado Villalba,28400,Madrid,Collado Villalba
Citroen,C3,Gasolina,26504.0,110.0,manual,16900,Collado Villalba,28400,Madrid,Collado Villalba
Citroen,C3,Gasolina,69066.0,82.0,manual,14690,Granollers,8403,Barcelona,Granollers
Citroen,C3,Diésel,125000.0,70.0,manual,3950,Constantí,43120,Tarragona,Constantí
Citroen,C3,Diésel,182000.0,75.0,manual,6800,Guadassuar,46610,Valencia,Guadassuar
Citroen,C3,Diésel,182000.0,75.0,manual,6700,Guadassuar,46610,Valencia,Guadassuar
Citroen,C3,Diésel,133000.0,92.0,manual,4900,Móra d'Ebre,43740,Tarragona,Móra d'Ebre
Citroen,C3,Gasolina,124000.0,75.0,manual,5400,Móra d'Ebre,43740,Tarragona,Móra d'Ebre
Citroen,C3,Diésel,53000.0,99.0,manual,13900,Reus,43206,Tarragona,Reus
Citroen,C3,Diésel,53000.0,99.0,manual,13900,Reus,43206,Tarragona,Reus
Citroen,C3,Gasolina,77558.0,82.0,manual,13900,Sevilla,41006,Sevilla,Sevilla
Citroen,C3,Gasolina,64903.0,82.0,manual,13900,Sevilla,41006,Sevilla,Sevilla
Citroen,C3,Gasolina,77558.0,82.0,manual,13900,Dos Hermanas,41012,Sevilla,Dos Hermanas
Citroen,C3,Gasolina,64903.0,82.0,manual,13900,Dos Hermanas,41012,Sevilla,Dos Hermanas
Citroen,C3,Diésel,53564.0,102.0,manual,17300,Barcelona,8007,Barcelona,Barcelona
Citroen,C3,Gasolina,4584.0,83.0,manual,14999,Bilbao,48006,Bizkaia,Bilbao
Citroen,C3,Gasolina,71135.0,82.0,manual,11999,Bilbao,48006,Bizkaia,Bilbao
Citroen,C3,Diésel,33337.0,75.0,manual,193,Bormujos,41840,Sevilla,Bormujos
Citroen,C3,Diésel,33337.0,75.0,manual,207,Bormujos,41840,Sevilla,Bormujos
Citroen,C3,Diésel,120000.0,92.0,manual,7999,El Guincho,38639,Santa Cruz de Tenerife,El Guincho
Citroen,C3,Diésel,120000.0,92.0,manual,7999,El Guincho,38639,Santa Cruz de Tenerife,El Guincho
Citroen,C3,Diésel,120000.0,92.0,manual,7999,El Guincho,38639,Santa Cruz de Tenerife,El Guincho
Citroen,C3,Diésel,46709.0,102.0,manual,15450,Mollet del Vallès,8100,Barcelona,Mollet del Vallès
Citroen,C3,Gasolina,11225.0,83.0,manual,15900,Collado Villalba,28400,Madrid,Collado Villalba
Citroen,C3,Gasolina,11225.0,83.0,manual,15900,Collado Villalba,28400,Madrid,Collado Villalba
Citroen,C3,Gasolina,69420.0,82.0,manual,8950,Valencia,46002,Valencia,Valencia
Citroen,C3,Gasolina,69420.0,82.0,manual,8950,Sevilla,41006,Sevilla,Sevilla
Citroen,C3,Gasolina,69420.0,82.0,manual,8950,Torrejón de Ardoz,28850,Madrid,Torrejón de Ardoz
Citroen,C3,Gasolina,69420.0,82.0,manual,8950,Sant Boi de Llobregat,8830,Barcelona,Sant Boi de Llobregat
Citroen,C3,Gasolina,24724.0,110.0,manual,17500,Badalona,8912,Barcelona,Badalona
Citroen,C3,Diésel,83000.0,75.0,manual,9500,Caravaca de la Cruz,30400,Murcia,Caravaca de la Cruz
Citroen,C3,Diésel,83000.0,75.0,manual,9500,Caravaca de la Cruz,30400,Murcia,Caravaca de la Cruz
Citroen,C3,Gasolina,17718.0,82.0,manual,14900,Málaga,29004,Málaga,Málaga
Citroen,C3,Diésel,1.0,102.0,manual,19690,Sant Boi de Llobregat,8830,Barcelona,Sant Boi de Llobregat
Citroen,C3,Gasolina,26511.0,110.0,manual,17500,Badalona,8912,Barcelona,Badalona
Citroen,C3,Gasolina,64903.0,81.0,manual,13900,Sevilla,41006,Sevilla,Sevilla
Citroen,C3,Diésel,159400.0,68.0,manual,4490,Vigo,36214,Pontevedra,Vigo
Citroen,C3,Diésel,141600.0,70.0,manual,4490,Vigo,36214,Pontevedra,Vigo
Citroen,C3,Gasolina,121000.0,75.0,manual,3200,Griñón,28977,Madrid,Griñón
Citroen,C3,Diésel,35442.0,75.0,manual,10450,Mollet del Vallès,8100,Barcelona,Mollet del Vallès
Citroen,C3,Diésel,0.0,68.0,manual,3500,Algeciras,11201,Cádiz,Algeciras
Citroen,C3,Gasolina,17715.0,82.0,manual,9990,Leganés,28916,Madrid,Leganés
Citroen,C3,Diésel,95000.0,75.0,manual,7595,Badajoz,6004,Badajoz,Badajoz
Citroen,C3,Gasolina,37884.0,110.0,manual,18490,La Canonja,43110,Tarragona,La Canonja
Citroen,C3,Gasolina,26787.0,110.0,manual,18990,La Canonja,43110,Tarragona,La Canonja
Citroen,C3,Gasolina,39030.0,110.0,manual,18490,La Canonja,43110,Tarragona,La Canonja
Citroen,C3,Diésel,200000.0,68.0,manual,4990,Lleida,25008,Lleida,Lleida
Citroen,C3,Gasolina,161000.0,75.0,manual,3299,San Jose de La Rinconada,41300,Sevilla,San Jose de La Rinconada
Citroen,C3,Gasolina,37884.0,110.0,manual,18490,Barcelona,8007,Barcelona,Barcelona
Citroen,C3,Diésel,83049.0,99.0,manual,10990,Gandia,46701,Valencia,Gandia
Citroen,C3,Gasolina,140572.0,82.0,manual,6990,Gandia,46701,Valencia,Gandia
Citroen,C3,Gasolina,1.0,83.0,manual,18390,Sant Boi de Llobregat,8830,Barcelona,Sant Boi de Llobregat
Citroen,C3,Gasolina,29000.0,83.0,manual,12490,El Prat de Llobregat,8820,Barcelona,El Prat de Llobregat
Citroen,C3,Gasolina,107000.0,61.0,manual,4999,Zaragoza,50004,Zaragoza,Zaragoza
Citroen,C3,Gasolina,945.0,83.0,manual,16900,Collado Villalba,28400,Madrid,Collado Villalba
Citroen,C3,Gasolina,945.0,83.0,manual,16900,Collado Villalba,28400,Madrid,Collado Villalba
Citroen,C3,Diésel,83049.0,99.0,manual,10990,Castellón,12001,Castellón,Castellón
Citroen,C3,Diésel,83049.0,99.0,manual,10990,Vigo,36211,Pontevedra,Vigo
Citroen,C3,Diésel,83049.0,99.0,manual,10990,Alicante,3010,Alicante,Alicante
Citroen,C3,Diésel,83049.0,99.0,manual,10990,Alicante,3010,Murcia,Alicante
Citroen,C3,Diésel,83049.0,99.0,manual,10990,Granada,18005,Granada,Granada
Citroen,C3,Diésel,83049.0,99.0,manual,10990,Sevilla,41005,Sevilla,Sevilla
Citroen,C3,Diésel,83049.0,99.0,manual,10990,Valencia,46001,Valencia,Valencia
Citroen,C3,Diésel,83049.0,99.0,manual,10990,Palma de Mallorca,7003,Baleares,Palma de Mallorca
Citroen,C3,Diésel,83049.0,99.0,manual,10990,Almería,4006,Almería,Almería
Citroen,C3,Diésel,83049.0,99.0,manual,10990,Silla,46460,Valencia,Silla
Citroen,C3,Gasolina,103000.0,75.0,manual,5300,Mataró,8301,Barcelona,Mataró
Citroen,C3,Diésel,83049.0,99.0,manual,10990,Bilbao,48004,Bizkaia,Bilbao
Citroen,C3,Diésel,83049.0,99.0,manual,10990,Murcia,30005,Murcia,Murcia
Citroen,C3,Diésel,83049.0,99.0,manual,10990,Málaga,29005,Málaga,Málaga
Citroen,C3,Gasolina,1.0,110.0,manual,19590,Sant Boi de Llobregat,8830,Barcelona,Sant Boi de Llobregat
Citroen,C3,Gasolina,49359.0,110.0,manual,15950,Sant Boi de Llobregat,8830,Barcelona,Sant Boi de Llobregat
Citroen,C3,Gasolina,44239.0,83.0,manual,14850,Sant Boi de Llobregat,8830,Barcelona,Sant Boi de Llobregat
Citroen,C3,Gasolina,59590.0,82.0,manual,13500,Sant Boi de Llobregat,8830,Barcelona,Sant Boi de Llobregat
Citroen,C3,Diésel,44035.0,102.0,manual,15450,Mollet del Vallès,8100,Barcelona,Mollet del Vallès
Citroen,C3,Diésel,43337.0,102.0,manual,15450,Mollet del Vallès,8100,Barcelona,Mollet del Vallès
Citroen,C3,Diésel,51811.0,102.0,manual,15350,Mollet del Vallès,8100,Barcelona,Mollet del Vallès
Citroen,C3,Diésel,260000.0,68.0,manual,3999,Los Antolinos,30740,Murcia,Los Antolinos
Citroen,C3,Diésel,99000.0,75.0,manual,8750,Alcobendas,28100,Madrid,Alcobendas
Citroen,C3,Diésel,99000.0,75.0,manual,8499,Alcobendas,28100,Madrid,Alcobendas
Citroen,C3,Diésel,106000.0,100.0,manual,11990,Gandía,46730,Valencia,Gandía
Citroen,C3,Gasolina,41402.0,83.0,manual,14800,Málaga,29004,Málaga,Málaga
Citroen,C3,Gasolina,1.0,83.0,manual,17650,Sant Boi de Llobregat,8830,Barcelona,Sant Boi de Llobregat
Citroen,C3,Diésel,138000.0,68.0,manual,2500,Terrassa,8221,Barcelona,Terrassa
Citroen,C3,Diésel,7379.0,102.0,manual,15890,Collado Villalba,28400,Madrid,Collado Villalba
Citroen,C3,Diésel,7379.0,102.0,manual,15890,Collado Villalba,28400,Madrid,Collado Villalba
Citroen,C3,Diésel,89600.0,99.0,manual,10490,Collado Villalba,28400,Madrid,Collado Villalba
Citroen,C3,Diésel,89600.0,99.0,manual,10490,Collado Villalba,28400,Madrid,Collado Villalba
Citroen,C3,Gasolina,10.0,83.0,manual,16499,Collado Villalba,28400,Madrid,Collado Villalba
Citroen,C3,Gasolina,10.0,83.0,manual,16499,Collado Villalba,28400,Madrid,Collado Villalba
Citroen,C3,Diésel,151066.0,99.0,manual,12990,Alzira,46600,Valencia,Alzira
Citroen,C3,Diésel,151066.0,99.0,manual,12990,Alzira,46600,Valencia,Alzira
Citroen,C3,Gasolina,9000.0,110.0,automatic,17995,Castelldefels,8860,Barcelona,Castelldefels
Citroen,C3,Gasolina,9000.0,110.0,automatic,17495,Castelldefels,8860,Barcelona,Castelldefels
Citroen,C3,Diésel,190000.0,70.0,manual,5990,Almagro,13270,Ciudad Real,Almagro
Citroen,C3,Gasolina,37884.0,110.0,manual,18490,Girona,17001,Girona,Girona
Citroen,C3,Gasolina,79151.0,110.0,automatic,14900,Sevilla,41006,Sevilla,Sevilla
Citroen,C3,Gasolina,79151.0,110.0,automatic,14900,Dos Hermanas,41012,Sevilla,Dos Hermanas
Citroen,C3,Diésel,18000.0,102.0,manual,16990,Parla,28984,Madrid,Parla
Citroen,C3,Diésel,140000.0,70.0,manual,5550,Mataró,8302,Barcelona,Mataró
Citroen,C3,Gasolina,22237.0,83.0,manual,13990,Murcia,30005,Murcia,Murcia
Citroen,C3,Gasolina,22237.0,83.0,manual,13990,Pamplona/Iruña,31001,Navarra,Pamplona/Iruña
Citroen,C3,Gasolina,22237.0,83.0,manual,13990,Vigo,36211,Pontevedra,Vigo
Citroen,C3,Gasolina,22237.0,83.0,manual,13990,Granada,18005,Granada,Granada
Citroen,C3,Gasolina,22237.0,83.0,manual,13990,Alicante,3010,Alicante,Alicante
Citroen,C3,Gasolina,22237.0,83.0,manual,13990,Alicante,3010,Murcia,Alicante
Citroen,C3,Gasolina,22237.0,83.0,manual,13990,Almería,4006,Almería,Almería
Citroen,C3,Gasolina,22237.0,83.0,manual,13990,Valencia,46001,Valencia,Valencia
Citroen,C3,Diésel,196000.0,68.0,manual,6890,Elx/Elche,3204,Alicante,Elx/Elche
Citroen,C3,Gasolina,140572.0,82.0,manual,6990,Bilbao,48004,Bizkaia,Bilbao
Citroen,C3,Gasolina,22237.0,83.0,manual,13990,Bilbao,48004,Bizkaia,Bilbao
Citroen,C3,Gasolina,27026.0,83.0,manual,13990,Donostia-San Sebastián,20006,Gipuzkoa,Donostia-San Sebastián
Citroen,C3,Gasolina,140572.0,82.0,manual,6990,Alicante,3010,Alicante,Alicante
Citroen,C3,Gasolina,140572.0,82.0,manual,6990,Alicante,3010,Murcia,Alicante
Citroen,C3,Gasolina,140572.0,82.0,manual,6990,Sevilla,41005,Sevilla,Sevilla
Citroen,C3,Gasolina,22237.0,83.0,manual,13990,Sevilla,41005,Sevilla,Sevilla
Citroen,C3,Gasolina,140572.0,82.0,manual,6990,Granada,18005,Granada,Granada
Citroen,C3,Gasolina,140572.0,82.0,manual,6990,Vigo,36211,Pontevedra,Vigo
Citroen,C3,Gasolina,22237.0,83.0,manual,13990,Málaga,29005,Málaga,Málaga
Citroen,C3,Gasolina,140572.0,82.0,manual,6990,Almería,4006,Almería,Almería
Citroen,C3,Gasolina,140572.0,82.0,manual,6990,Valencia,46001,Valencia,Valencia
Citroen,C3,Gasolina,140572.0,82.0,manual,6990,Barrio Peral,30300,Murcia,Barrio Peral
Citroen,C3,Gasolina,140572.0,82.0,manual,6990,Palma de Mallorca,7003,Baleares,Palma de Mallorca
Citroen,C3,Gasolina,140572.0,82.0,manual,6990,Elx/Elche,3201,Alicante,Elx/Elche
Citroen,C3,Gasolina,140572.0,82.0,manual,6990,Murcia,30005,Murcia,Murcia
Citroen,C3,Gasolina,140572.0,82.0,manual,6990,Málaga,29005,Málaga,Málaga
Citroen,C3,Diésel,70000.0,75.0,manual,13900,Lorquí,30564,Murcia,Lorquí
Citroen,C3,Gasolina,19239.0,83.0,manual,13990,Almería,4006,Almería,Almería
Citroen,C3,Gasolina,19239.0,83.0,manual,13990,Pamplona/Iruña,31001,Navarra,Pamplona/Iruña
Citroen,C3,Gasolina,26787.0,110.0,manual,18990,Barcelona,8007,Barcelona,Barcelona
Citroen,C3,Gasolina,39030.0,110.0,manual,18490,Barcelona,8007,Barcelona,Barcelona
Citroen,C3,Gasolina,19239.0,83.0,manual,13990,Bilbao,48004,Bizkaia,Bilbao
Citroen,C3,Gasolina,19239.0,83.0,manual,13990,Sevilla,41005,Sevilla,Sevilla
Citroen,C3,Gasolina,19239.0,83.0,manual,13990,Alicante,3010,Alicante,Alicante
Citroen,C3,Gasolina,19239.0,83.0,manual,13990,Alicante,3010,Murcia,Alicante
Citroen,C3,Gasolina,19239.0,83.0,manual,13990,Murcia,30005,Murcia,Murcia
Citroen,C3,Gasolina,19239.0,83.0,manual,13990,Vigo,36211,Pontevedra,Vigo
Citroen,C3,Gasolina,19239.0,83.0,manual,13990,Valencia,46001,Valencia,Valencia
Citroen,C3,Gasolina,19239.0,83.0,manual,13990,Málaga,29005,Málaga,Málaga
Citroen,C3,Gasolina,19239.0,83.0,manual,13990,Granada,18005,Granada,Granada
Citroen,C3,Diésel,27542.0,102.0,manual,15990,Cáceres,10001,Cáceres,Cáceres
Citroen,C3,Diésel,13558.0,102.0,manual,14990,Cáceres,10001,Cáceres,Cáceres
Citroen,C3,Diésel,27542.0,102.0,manual,15990,Badajoz,6003,Badajoz,Badajoz
Citroen,C3,Diésel,13558.0,102.0,manual,14990,Badajoz,6003,Badajoz,Badajoz
Citroen,C3,Diésel,27542.0,102.0,manual,15990,Huelva,21004,Huelva,Huelva
Citroen,C3,Diésel,13558.0,102.0,manual,14990,Huelva,21004,Huelva,Huelva
Citroen,C3,Diésel,100700.0,75.0,manual,8990,Durango,48200,Bizkaia,Durango
Citroen,C3,Diésel,100700.0,75.0,manual,8990,Durango,48200,Bizkaia,Durango
Citroen,C3,Diésel,65000.0,70.0,automatic,6999,Partida Altabix,3207,Alicante,Partida Altabix
Citroen,C3,Gasolina,31858.0,82.0,manual,12500,Mollet del Vallès,8100,Barcelona,Mollet del Vallès
Citroen,C3,Diésel,13558.0,102.0,manual,14990,Granada,18005,Granada,Granada
Citroen,C3,Diésel,27542.0,102.0,manual,15990,Granada,18005,Granada,Granada
Citroen,C3,Diésel,13558.0,102.0,manual,14990,Sevilla,41005,Sevilla,Sevilla
Citroen,C3,Diésel,27542.0,102.0,manual,15990,Sevilla,41005,Sevilla,Sevilla
Citroen,C3,Diésel,13558.0,102.0,manual,14990,Vigo,36211,Pontevedra,Vigo
Citroen,C3,Diésel,27542.0,102.0,manual,15990,Vigo,36211,Pontevedra,Vigo
Citroen,C3,Diésel,13558.0,102.0,manual,14990,Bilbao,48004,Bizkaia,Bilbao
Citroen,C3,Diésel,27542.0,102.0,manual,15990,Bilbao,48004,Bizkaia,Bilbao
Citroen,C3,Diésel,13558.0,102.0,manual,14990,Murcia,30005,Murcia,Murcia
Citroen,C3,Diésel,27542.0,102.0,manual,15990,Murcia,30005,Murcia,Murcia
Citroen,C3,Diésel,13558.0,102.0,manual,14990,Almería,4006,Almería,Almería
Citroen,C3,Diésel,27542.0,102.0,manual,15990,Almería,4006,Almería,Almería
Citroen,C3,Diésel,13558.0,102.0,manual,14990,Valencia,46001,Valencia,Valencia
Citroen,C3,Diésel,27542.0,102.0,manual,15990,Valencia,46001,Valencia,Valencia
Citroen,C3,Diésel,13558.0,102.0,manual,14990,Málaga,29005,Málaga,Málaga
Citroen,C3,Diésel,27542.0,102.0,manual,15990,Málaga,29005,Málaga,Málaga
Citroen,C3,Diésel,13558.0,102.0,manual,14990,Alicante,3010,Alicante,Alicante
Citroen,C3,Diésel,13558.0,102.0,manual,14990,Alicante,3010,Murcia,Alicante
Citroen,C3,Diésel,27542.0,102.0,manual,15990,Alicante,3010,Alicante,Alicante
Citroen,C3,Diésel,27542.0,102.0,manual,15990,Alicante,3010,Murcia,Alicante
Citroen,C3,Diésel,27542.0,102.0,manual,15990,Sevilla,41017,Sevilla,Sevilla
Citroen,C3,Diésel,13558.0,102.0,manual,14990,Sevilla,41017,Sevilla,Sevilla
Citroen,C3,Gasolina,25367.0,82.0,manual,13850,Sant Boi de Llobregat,8830,Barcelona,Sant Boi de Llobregat
Citroen,C3,Gasolina,51300.0,82.0,manual,12500,Sant Boi de Llobregat,8830,Barcelona,Sant Boi de Llobregat
Citroen,C3,Diésel,13558.0,102.0,manual,14990,Córdoba,14003,Córdoba,Córdoba
Citroen,C3,Diésel,150000.0,70.0,manual,3500,Alcantarilla,30820,Murcia,Alcantarilla
Citroen,C3,Gasolina,37328.0,83.0,manual,175,San Benito,30007,Murcia,San Benito
Citroen,C3,Gasolina,37328.0,83.0,manual,20400,San Benito,30007,Murcia,San Benito
Citroen,C3,Diésel,165000.0,75.0,manual,9900,Elda,3600,Alicante,Elda
Citroen,C3,Diésel,175000.0,70.0,manual,8490,Molina de Segura,30500,Murcia,Molina de Segura
Citroen,C3,Gasolina,76453.0,110.0,automatic,16300,Zaragoza,50008,Zaragoza,Zaragoza
Citroen,C3,Diésel,87636.0,68.0,manual,6990,Tarragona,43002,Tarragona,Tarragona
Citroen,C3,Gasolina,40787.0,82.0,manual,12500,Mollet del Vallès,8100,Barcelona,Mollet del Vallès
Citroen,C3,Gasolina,14516.0,83.0,manual,16695,Madrid,28014,Madrid,Madrid
Citroen,C3,Gasolina,69173.0,82.0,manual,11390,Pamplona/Iruña,31003,Navarra,Pamplona/Iruña
Citroen,C3,Gasolina,69173.0,82.0,manual,11390,Bacarot,3114,Alicante,Bacarot
Citroen,C3,Gasolina,69173.0,82.0,manual,11390,Valencia,46002,Valencia,Valencia
Citroen,C3,Gasolina,69173.0,82.0,manual,11390,Sevilla,41006,Sevilla,Sevilla
Citroen,C3,Diésel,141500.0,75.0,manual,12000,Amposta,43870,Tarragona,Amposta
Citroen,C3,Diésel,118000.0,70.0,manual,5495,Xativa,46800,Valencia,Xativa
Citroen,C3,Gasolina,27026.0,83.0,manual,13990,Almería,4006,Almería,Almería
Citroen,C3,Diésel,32148.0,102.0,manual,17400,Espinardo,30100,Murcia,Espinardo
Citroen,C3,Diésel,38406.0,102.0,manual,17400,Espinardo,30100,Murcia,Espinardo
Citroen,C3,Diésel,46896.0,102.0,manual,16900,Espinardo,30100,Murcia,Espinardo
Citroen,C3,Gasolina,15.0,83.0,manual,17500,Espinardo,30100,Murcia,Espinardo
Citroen,C3,Gasolina,27026.0,83.0,manual,13990,Alicante,3010,Alicante,Alicante
Citroen,C3,Gasolina,27026.0,83.0,manual,13990,Alicante,3010,Murcia,Alicante
Citroen,C3,Gasolina,27026.0,83.0,manual,13990,Pamplona/Iruña,31001,Navarra,Pamplona/Iruña
Citroen,C3,Gasolina,69173.0,82.0,manual,11390,Agirre-Aperribai,48960,Bizkaia,Agirre-Aperribai
Citroen,C3,Gasolina,91221.0,82.0,manual,8290,Agirre-Aperribai,48960,Bizkaia,Agirre-Aperribai
Citroen,C3,Gasolina,27026.0,83.0,manual,13990,Sevilla,41005,Sevilla,Sevilla
Citroen,C3,Gasolina,69173.0,82.0,manual,11390,Sant Boi de Llobregat,8830,Barcelona,Sant Boi de Llobregat
Citroen,C3,Gasolina,27026.0,83.0,manual,13990,Granada,18005,Granada,Granada
Citroen,C3,Gasolina,27026.0,83.0,manual,13990,Valencia,46001,Valencia,Valencia
Citroen,C3,Gasolina,27026.0,83.0,manual,13990,Murcia,30005,Murcia,Murcia
Citroen,C3,Gasolina,27026.0,83.0,manual,13990,Bilbao,48004,Bizkaia,Bilbao
Citroen,C3,Gasolina,27026.0,83.0,manual,13990,Málaga,29005,Málaga,Málaga
Citroen,C3,Gasolina,27026.0,83.0,manual,13990,Vigo,36211,Pontevedra,Vigo
Citroen,C3,Gasolina,91221.0,82.0,manual,8290,Pamplona/Iruña,31003,Navarra,Pamplona/Iruña
Citroen,C3,Gasolina,91221.0,82.0,manual,8290,Sevilla,41006,Sevilla,Sevilla
Citroen,C3,Gasolina,69173.0,82.0,manual,11390,Torrejón de Ardoz,28850,Madrid,Torrejón de Ardoz
Citroen,C3,Gasolina,91221.0,82.0,manual,8290,Valencia,46002,Valencia,Valencia
Citroen,C3,Diésel,168000.0,70.0,manual,4000,Utebo,50180,Zaragoza,Utebo
Citroen,C3,Gasolina,91221.0,82.0,manual,8290,Sant Boi de Llobregat,8830,Barcelona,Sant Boi de Llobregat
Citroen,C3,Gasolina,91221.0,82.0,manual,8290,Bacarot,3114,Alicante,Bacarot
Citroen,C3,Gasolina,91221.0,82.0,manual,8290,Torrejón de Ardoz,28850,Madrid,Torrejón de Ardoz
Citroen,C3,Gasolina,17439.0,82.0,manual,14900,Málaga,29004,Málaga,Málaga
Citroen,C3,Gasolina,31250.0,82.0,manual,14490,Cornella de Llobregat,8940,Barcelona,Cornella de Llobregat
Citroen,C3,Diésel,128686.0,75.0,manual,11500,A Coruña,15001,A Coruña,A Coruña
Citroen,C3,Diésel,109520.0,100.0,manual,13500,A Coruña,15001,A Coruña,A Coruña
Citroen,C3,Gasolina,56748.0,110.0,manual,18800,Manacor,7500,Baleares,Manacor
Citroen,C3,Diésel,71647.0,75.0,manual,14500,Sevilla,41006,Sevilla,Sevilla
Citroen,C3,Diésel,71647.0,75.0,manual,14500,Dos Hermanas,41012,Sevilla,Dos Hermanas
Citroen,C3,Diésel,128686.0,75.0,manual,11500,Vigo,36204,Pontevedra,Vigo
Citroen,C3,Diésel,109520.0,100.0,manual,13500,Vigo,36204,Pontevedra,Vigo
Citroen,C3,Gasolina,46120.0,82.0,manual,14990,Residencia Nuestra Señora del Pilar,28660,Madrid,Residencia Nuestra Señora del Pilar
Citroen,C3,Gasolina,81105.0,68.0,manual,8500,Zaragoza,50007,Zaragoza,Zaragoza
Citroen,C3,Gasolina,35949.0,82.0,manual,13200,Mollet del Vallès,8100,Barcelona,Mollet del Vallès
Citroen,C3,Diésel,34007.0,102.0,manual,17500,Collado Villalba,28400,Madrid,Collado Villalba
Citroen,C3,Diésel,34007.0,102.0,manual,17500,Collado Villalba,28400,Madrid,Collado Villalba
Citroen,C3,Gasolina,1.0,83.0,manual,17590,Sant Boi de Llobregat,8830,Barcelona,Sant Boi de Llobregat
Citroen,C3,Gasolina,48910.0,82.0,manual,13990,Sevilla,41006,Sevilla,Sevilla
Citroen,C3,Diésel,140000.0,70.0,manual,3900,Monteagudo,30160,Murcia,Monteagudo
Citroen,C3,Gasolina,10.0,83.0,manual,16900,Collado Villalba,28400,Madrid,Collado Villalba
Citroen,C3,Gasolina,10.0,83.0,manual,16900,Collado Villalba,28400,Madrid,Collado Villalba
Citroen,C3,Gasolina,31233.0,83.0,manual,14145,Santiago de Compostela,15703,A Coruña,Santiago de Compostela
Citroen,C3,Diésel,79000.0,75.0,manual,9900,Fuenlabrada,28943,Madrid,Fuenlabrada
Citroen,C3,Gasolina,55060.0,110.0,automatic,16618,Santiago de Compostela,15703,A Coruña,Santiago de Compostela
Citroen,C3,Gasolina,105000.0,82.0,manual,9500,O Graxal,15679,A Coruña,O Graxal
Citroen,C3,Diésel,196000.0,92.0,manual,3999,Churriana de la Vega,18194,Granada,Churriana de la Vega
Citroen,C3,Diésel,196000.0,92.0,manual,3999,Churriana de la Vega,18194,Granada,Churriana de la Vega
Citroen,C3,Diésel,53395.0,102.0,manual,16990,Collado Villalba,28400,Madrid,Collado Villalba
Citroen,C3,Diésel,53395.0,102.0,manual,16990,Collado Villalba,28400,Madrid,Collado Villalba
Citroen,C3,Diésel,78800.0,75.0,manual,11900,Barcelona,8007,Barcelona,Barcelona
Citroen,C3,Gasolina,177000.0,110.0,manual,2250,Ripollet,8291,Barcelona,Ripollet
Citroen,C3,Gasolina,15000.0,82.0,manual,13800,Zaragoza,50001,Zaragoza,Zaragoza
Citroen,C3,Gasolina,20000.0,83.0,manual,13990,Málaga,29005,Málaga,Málaga
Citroen,C3,Gasolina,20000.0,83.0,manual,13490,Málaga,29005,Málaga,Málaga
Citroen,C3,Gasolina,53962.0,82.0,manual,10985,Sabadell,8201,Barcelona,Sabadell
Citroen,C3,Gasolina,20000.0,83.0,manual,13990,Almería,4006,Almería,Almería
Citroen,C3,Gasolina,20000.0,83.0,manual,13490,Almería,4006,Almería,Almería
Citroen,C3,Gasolina,20000.0,83.0,manual,13990,Valencia,46001,Valencia,Valencia
Citroen,C3,Gasolina,20000.0,83.0,manual,13490,Valencia,46001,Valencia,Valencia
Citroen,C3,Gasolina,20000.0,83.0,manual,13990,Girona,17007,Girona,Girona
Citroen,C3,Gasolina,20000.0,83.0,manual,13490,Girona,17007,Girona,Girona
Citroen,C3,Gasolina,20000.0,83.0,manual,13990,Alicante,3010,Alicante,Alicante
Citroen,C3,Gasolina,20000.0,83.0,manual,13990,Alicante,3010,Murcia,Alicante
Citroen,C3,Gasolina,20000.0,83.0,manual,13490,Alicante,3010,Alicante,Alicante
Citroen,C3,Gasolina,20000.0,83.0,manual,13490,Alicante,3010,Murcia,Alicante
Citroen,C3,Gasolina,20000.0,83.0,manual,13990,Bilbao,48004,Bizkaia,Bilbao
Citroen,C3,Gasolina,20000.0,83.0,manual,13490,Bilbao,48004,Bizkaia,Bilbao
Citroen,C3,Diésel,31250.0,102.0,manual,13990,Jaén,23008,Jaén,Jaén
Citroen,C3,Diésel,31250.0,102.0,manual,13990,Ciudad Real,13005,Ciudad Real,Ciudad Real
Citroen,C3,Gasolina,20000.0,83.0,manual,13990,Granada,18005,Granada,Granada
Citroen,C3,Gasolina,20000.0,83.0,manual,13490,Granada,18005,Granada,Granada
Citroen,C3,Diésel,31250.0,102.0,manual,13990,Almería,4006,Almería,Almería
Citroen,C3,Diésel,31250.0,102.0,manual,13990,Valencia,46001,Valencia,Valencia
Citroen,C3,Gasolina,20000.0,83.0,manual,13990,Palma de Mallorca,7003,Baleares,Palma de Mallorca
Citroen,C3,Gasolina,20000.0,83.0,manual,13490,Palma de Mallorca,7003,Baleares,Palma de Mallorca
Citroen,C3,Gasolina,20000.0,83.0,manual,13990,Òrrius,8317,Barcelona,Òrrius
Citroen,C3,Gasolina,20000.0,83.0,manual,13490,Òrrius,8317,Barcelona,Òrrius
Citroen,C3,Diésel,31250.0,102.0,manual,13990,Málaga,29005,Málaga,Málaga
Citroen,C3,Diésel,31250.0,102.0,manual,13990,Granada,18005,Granada,Granada
Citroen,C3,Diésel,31250.0,102.0,manual,13990,Bilbao,48004,Bizkaia,Bilbao
Citroen,C3,Gasolina,20000.0,83.0,manual,13990,Vigo,36211,Pontevedra,Vigo
Citroen,C3,Gasolina,20000.0,83.0,manual,13490,Vigo,36211,Pontevedra,Vigo
Citroen,C3,Diésel,31250.0,102.0,manual,13990,Vigo,36211,Pontevedra,Vigo
Citroen,C3,Gasolina,22897.0,110.0,manual,16900,L'Hospitalet de Llobregat,8901,Barcelona,L'Hospitalet de Llobregat
Citroen,C3,Gasolina,20000.0,83.0,manual,13990,Palau-Solita I Plegamans,8184,Barcelona,Palau-Solita I Plegamans
Citroen,C3,Gasolina,20000.0,83.0,manual,13990,Palau-Solita I Plegamans,8184,Barcelona,Palau-Solita I Plegamans
Citroen,C3,Gasolina,20000.0,83.0,manual,13490,Palau-Solita I Plegamans,8184,Barcelona,Palau-Solita I Plegamans
Citroen,C3,Gasolina,20000.0,83.0,manual,13490,Palau-Solita I Plegamans,8184,Barcelona,Palau-Solita I Plegamans
Citroen,C3,Diésel,31250.0,102.0,manual,13990,Córdoba,14003,Córdoba,Córdoba
Citroen,C3,Diésel,31250.0,102.0,manual,13990,Alicante,3010,Alicante,Alicante
Citroen,C3,Diésel,31250.0,102.0,manual,13990,Alicante,3010,Murcia,Alicante
Citroen,C3,Gasolina,20000.0,83.0,manual,13990,Sevilla,41005,Sevilla,Sevilla
Citroen,C3,Gasolina,20000.0,83.0,manual,13490,Sevilla,41005,Sevilla,Sevilla
Citroen,C3,Diésel,31250.0,102.0,manual,13990,Sevilla,41005,Sevilla,Sevilla
Citroen,C3,Gasolina,20000.0,83.0,manual,13990,Murcia,30005,Murcia,Murcia
Citroen,C3,Gasolina,20000.0,83.0,manual,13490,Murcia,30005,Murcia,Murcia
Citroen,C3,Diésel,31250.0,102.0,manual,13990,Murcia,30005,Murcia,Murcia
Citroen,C3,Gasolina,20000.0,83.0,manual,13990,Ullastrell,8231,Barcelona,Ullastrell
Citroen,C3,Gasolina,20000.0,83.0,manual,13490,Ullastrell,8231,Barcelona,Ullastrell
Citroen,C3,Diésel,31250.0,102.0,manual,13990,Sevilla,41017,Sevilla,Sevilla
Citroen,C3,Gasolina,148000.0,90.0,automatic,4990,Móstoles,28936,Madrid,Móstoles
Citroen,C3,Diésel,302000.0,70.0,manual,2490,Elx/Elche,3201,Alicante,Elx/Elche
Citroen,C3,Diésel,157992.0,70.0,manual,3500,Barrio de Porta,46930,Valencia,Barrio de Porta
Citroen,C3,Diésel,38525.0,102.0,manual,16990,Sant Boi de Llobregat,8830,Barcelona,Sant Boi de Llobregat
Citroen,C3,Diésel,26194.0,102.0,manual,17500,Sant Boi de Llobregat,8830,Barcelona,Sant Boi de Llobregat
Citroen,C3,Diésel,12965.0,102.0,manual,17500,Sant Boi de Llobregat,8830,Barcelona,Sant Boi de Llobregat
Citroen,C3,Diésel,19285.0,102.0,manual,17500,Sant Boi de Llobregat,8830,Barcelona,Sant Boi de Llobregat
Citroen,C3,Diésel,41329.0,102.0,manual,16990,Sant Boi de Llobregat,8830,Barcelona,Sant Boi de Llobregat
Citroen,C3,Diésel,33934.0,102.0,manual,16990,Sant Boi de Llobregat,8830,Barcelona,Sant Boi de Llobregat
Citroen,C3,Diésel,27024.0,102.0,manual,17500,Sant Boi de Llobregat,8830,Barcelona,Sant Boi de Llobregat
Citroen,C3,Diésel,18510.0,102.0,manual,17500,Sant Boi de Llobregat,8830,Barcelona,Sant Boi de Llobregat
Citroen,C3,Diésel,35612.0,102.0,manual,16990,Sant Boi de Llobregat,8830,Barcelona,Sant Boi de Llobregat
Citroen,C3,Diésel,25130.0,102.0,manual,17500,Sant Boi de Llobregat,8830,Barcelona,Sant Boi de Llobregat
Citroen,C3,Diésel,37149.0,102.0,manual,16990,Sant Boi de Llobregat,8830,Barcelona,Sant Boi de Llobregat
Citroen,C3,Diésel,45307.0,102.0,manual,16990,Sant Boi de Llobregat,8830,Barcelona,Sant Boi de Llobregat
Citroen,C3,Diésel,39592.0,102.0,manual,16990,Sant Boi de Llobregat,8830,Barcelona,Sant Boi de Llobregat
Citroen,C3,Diésel,36910.0,102.0,manual,16990,Sant Boi de Llobregat,8830,Barcelona,Sant Boi de Llobregat
Citroen,C3,Diésel,34507.0,102.0,manual,16990,Sant Boi de Llobregat,8830,Barcelona,Sant Boi de Llobregat
Citroen,C3,Diésel,29877.0,102.0,manual,17500,Sant Boi de Llobregat,8830,Barcelona,Sant Boi de Llobregat
Citroen,C3,Gasolina,46182.0,83.0,manual,14500,Sant Boi de Llobregat,8830,Barcelona,Sant Boi de Llobregat
Citroen,C3,Diésel,24072.0,102.0,manual,17500,Sant Boi de Llobregat,8830,Barcelona,Sant Boi de Llobregat
Citroen,C3,Gasolina,31233.0,83.0,manual,14145,Estepona,29680,Málaga,Estepona
Citroen,C3,Gasolina,31233.0,83.0,manual,14145,Saladar,3700,Alicante,Saladar
Citroen,C3,Gasolina,31233.0,83.0,manual,14145,Mercabilbao,48970,Bizkaia,Mercabilbao
Citroen,C3,Gasolina,31233.0,83.0,manual,14145,Santafe,18320,Granada,Santafe
Citroen,C3,Gasolina,31233.0,83.0,manual,14145,Albacete,2001,Albacete,Albacete
Citroen,C3,Gasolina,31233.0,83.0,manual,14145,Alicante,3007,Alicante,Alicante
Citroen,C3,Gasolina,31233.0,83.0,manual,14145,Alzira,46600,Valencia,Alzira
Citroen,C3,Gasolina,31233.0,83.0,manual,14145,Alzira,46600,Valencia,Alzira
Citroen,C3,Gasolina,31233.0,83.0,manual,14145,Alameda del Obispo,14005,Córdoba,Alameda del Obispo
Citroen,C3,Gasolina,31233.0,83.0,manual,14145,Alcobendas,28100,Madrid,Alcobendas
Citroen,C3,Gasolina,31233.0,83.0,manual,14145,Castello/Castellon de La Plana,12100,Castellón,Castello/Castellon de La Plana
Citroen,C3,Gasolina,31233.0,83.0,manual,14145,Getafe,28906,Madrid,Getafe
Citroen,C3,Gasolina,68800.0,82.0,manual,11123,Alcobendas,28100,Madrid,Alcobendas
Citroen,C3,Gasolina,4650.0,110.0,manual,17011,Alcobendas,28100,Madrid,Alcobendas
Citroen,C3,Diésel,250000.0,92.0,manual,2690,Fuenlabrada,28946,Madrid,Fuenlabrada
Citroen,C3,Gasolina,49000.0,68.0,manual,9200,Sondika,48150,Bizkaia,Sondika
Citroen,C3,Gasolina,49000.0,68.0,manual,8900,Sondika,48150,Bizkaia,Sondika
Citroen,C3,Diésel,202000.0,68.0,manual,5499,Fuenlabrada,28941,Madrid,Fuenlabrada
Citroen,C3,Gasolina,31233.0,83.0,manual,14145,Puerto de Sagunto,46520,Valencia,Puerto de Sagunto
Citroen,C3,Gasolina,31233.0,83.0,manual,14145,Vigo,36214,Pontevedra,Vigo
Citroen,C3,Gasolina,31233.0,83.0,manual,14145,Badajoz,6008,Badajoz,Badajoz
Citroen,C3,Gasolina,31233.0,83.0,manual,14145,Granollers,8403,Barcelona,Granollers
Citroen,C3,Gasolina,31233.0,83.0,manual,14145,Mercado Parque Corredor del Henares,28850,Madrid,Mercado Parque Corredor del Henares
Citroen,C3,Gasolina,31233.0,83.0,manual,14145,Torremolinos,29620,Málaga,Torremolinos
Citroen,C3,Gasolina,31233.0,83.0,manual,14145,Torremolinos,29620,Málaga,Torremolinos
Citroen,C3,Gasolina,31233.0,83.0,manual,14145,Torremolinos,29620,Málaga,Torremolinos
Citroen,C3,Gasolina,31233.0,83.0,manual,14145,Valdepeñas,13300,Ciudad Real,Valdepeñas
Citroen,C3,Gasolina,31233.0,83.0,manual,14145,Valdepeñas,13300,Ciudad Real,Valdepeñas
Citroen,C3,Gasolina,31233.0,83.0,manual,14145,Zaragoza,50013,Zaragoza,Zaragoza
Citroen,C3,Gasolina,31233.0,83.0,manual,14145,Murcia,30003,Murcia,Murcia
Citroen,C3,Gasolina,31233.0,83.0,manual,14145,Barcelona,8007,Barcelona,Barcelona
Citroen,C3,Gasolina,31233.0,83.0,manual,14145,Alcalá de Guadaíra,41500,Sevilla,Alcalá de Guadaíra
Citroen,C3,Gasolina,31233.0,83.0,manual,14145,Atarrabia,31610,Navarra,Atarrabia
Citroen,C3,Gasolina,31233.0,83.0,manual,14145,Hidraulica Santillana,28770,Madrid,Hidraulica Santillana
Citroen,C3,Gasolina,31233.0,83.0,manual,14145,Paterna,46980,Valencia,Paterna
Citroen,C3,Gasolina,31233.0,83.0,manual,14145,Colonia Pablo Iglesias,28520,Madrid,Colonia Pablo Iglesias
Citroen,C3,Gasolina,31233.0,83.0,manual,14145,Las Rozas de Madrid,28232,Madrid,Las Rozas de Madrid
Citroen,C3,Gasolina,31233.0,83.0,manual,14145,Collado Villalba,28400,Madrid,Collado Villalba
Citroen,C3,Gasolina,31233.0,83.0,manual,14145,Collado Villalba,28400,Madrid,Collado Villalba
Citroen,C3,Gasolina,1.0,83.0,manual,17500,Collado Villalba,28400,Madrid,Collado Villalba
Citroen,C3,Gasolina,1.0,83.0,manual,17500,Collado Villalba,28400,Madrid,Collado Villalba
Citroen,C3,Diésel,1.0,100.0,manual,18900,Collado Villalba,28400,Madrid,Collado Villalba
Citroen,C3,Diésel,1.0,100.0,manual,18900,Collado Villalba,28400,Madrid,Collado Villalba
Citroen,C3,Diésel,1.0,102.0,manual,20800,Arriaga,48950,Bizkaia,Arriaga
Citroen,C3,Gasolina,1.0,83.0,manual,18900,Arriaga,48950,Bizkaia,Arriaga
Citroen,C3,Diésel,54450.0,75.0,manual,11500,Campamento,11314,Cádiz,Campamento
Citroen,C3,Diésel,122720.0,75.0,manual,7900,Madrid,28014,Madrid,Madrid
Citroen,C3,Diésel,122720.0,75.0,manual,7900,Badajoz,6008,Badajoz,Badajoz
Citroen,C3,Diésel,122720.0,75.0,manual,7900,Sevilla,41005,Sevilla,Sevilla
Citroen,C3,Diésel,122720.0,75.0,manual,7900,Almería,4001,Almería,Almería
Citroen,C3,Diésel,122720.0,75.0,manual,7900,Cádiz,11006,Cádiz,Cádiz
Citroen,C3,Diésel,1.0,102.0,manual,20900,Arriaga,48950,Bizkaia,Arriaga
Citroen,C3,Gasolina,3.0,83.0,manual,16899,Arriaga,48950,Bizkaia,Arriaga
Citroen,C3,Gasolina,133.0,83.0,manual,16899,Arriaga,48950,Bizkaia,Arriaga
Citroen,C3,Gasolina,6514.0,83.0,manual,18499,Arriaga,48950,Bizkaia,Arriaga
Citroen,C3,Gasolina,1.0,83.0,manual,18895,Arriaga,48950,Bizkaia,Arriaga
Citroen,C3,Gasolina,1.0,83.0,manual,18894,Arriaga,48950,Bizkaia,Arriaga
Citroen,C3,Gasolina,14516.0,83.0,manual,18375,Arriaga,48950,Bizkaia,Arriaga
Citroen,C3,Gasolina,89990.0,82.0,manual,11890,Pamplona/Iruña,31001,Navarra,Pamplona/Iruña
Citroen,C3,Gasolina,52955.0,68.0,manual,10990,Ciudad Real,13005,Ciudad Real,Ciudad Real
Citroen,C3,Gasolina,99400.0,82.0,manual,7490,Ciudad Real,13005,Ciudad Real,Ciudad Real
Citroen,C3,Diésel,20828.0,102.0,manual,17635,Arriaga,48950,Bizkaia,Arriaga
Citroen,C3,Diésel,21862.0,102.0,manual,18499,Arriaga,48950,Bizkaia,Arriaga
Citroen,C3,Gasolina,30391.0,110.0,manual,18300,Arriaga,48950,Bizkaia,Arriaga
Citroen,C3,Diésel,47545.0,75.0,manual,15400,Arriaga,48950,Bizkaia,Arriaga
Citroen,C3,Gasolina,31273.0,82.0,manual,14200,Arriaga,48950,Bizkaia,Arriaga
Citroen,C3,Gasolina,23467.0,83.0,manual,15899,Arriaga,48950,Bizkaia,Arriaga
Citroen,C3,Gasolina,23732.0,110.0,manual,16899,Arriaga,48950,Bizkaia,Arriaga
Citroen,C3,Gasolina,15419.0,83.0,manual,16500,Mairena del Aljarafe,41927,Sevilla,Mairena del Aljarafe
Citroen,C3,Diésel,20018.0,102.0,manual,17500,Arriaga,48950,Bizkaia,Arriaga
Citroen,C3,Gasolina,20514.0,83.0,manual,16500,Mairena del Aljarafe,41927,Sevilla,Mairena del Aljarafe
Citroen,C3,Gasolina,55060.0,110.0,automatic,16618,Mercado Parque Corredor del Henares,28850,Madrid,Mercado Parque Corredor del Henares
Citroen,C3,Diésel,350.0,102.0,manual,18500,Collado Villalba,28400,Madrid,Collado Villalba
Citroen,C3,Diésel,350.0,102.0,manual,18500,Collado Villalba,28400,Madrid,Collado Villalba
Citroen,C3,Diésel,10.0,102.0,manual,18500,Collado Villalba,28400,Madrid,Collado Villalba
Citroen,C3,Diésel,10.0,102.0,manual,18500,Collado Villalba,28400,Madrid,Collado Villalba
Citroen,C3,Gasolina,47620.0,83.0,manual,14500,Sant Boi de Llobregat,8830,Barcelona,Sant Boi de Llobregat
Citroen,C3,Diésel,161000.0,75.0,manual,11900,Santander,39011,Cantabria,Santander
Citroen,C3,Gasolina,55060.0,110.0,automatic,16618,Badajoz,6008,Badajoz,Badajoz
Citroen,C3,Gasolina,35974.0,83.0,manual,14900,Riba-Roja de Turia,46190,Valencia,Riba-Roja de Turia
Citroen,C3,Gasolina,89990.0,82.0,manual,11890,Almería,4006,Almería,Almería
Citroen,C3,Gasolina,89990.0,82.0,manual,11890,Donostia-San Sebastián,20006,Gipuzkoa,Donostia-San Sebastián
Citroen,C3,Gasolina,89990.0,82.0,manual,11890,Durango,48200,Bizkaia,Durango
Citroen,C3,Gasolina,89990.0,82.0,manual,11890,Durango,48200,Bizkaia,Durango
Citroen,C3,Diésel,198000.0,68.0,manual,7500,Alcantarilla,30820,Murcia,Alcantarilla
Citroen,C3,Gasolina,89990.0,82.0,manual,11890,Sevilla,41005,Sevilla,Sevilla
Citroen,C3,Gasolina,89990.0,82.0,manual,11890,Granada,18005,Granada,Granada
Citroen,C3,Gasolina,89990.0,82.0,manual,11890,Bilbao,48004,Bizkaia,Bilbao
Citroen,C3,Gasolina,89990.0,82.0,manual,11890,Murcia,30005,Murcia,Murcia
Citroen,C3,Gasolina,89990.0,82.0,manual,11890,Valencia,46001,Valencia,Valencia
Citroen,C3,Gasolina,89990.0,82.0,manual,11890,Málaga,29005,Málaga,Málaga
Citroen,C3,Gasolina,89990.0,82.0,manual,11890,Oviedo,33003,Asturias,Oviedo
Citroen,C3,Diésel,22583.0,102.0,manual,16900,Mataró,8302,Barcelona,Mataró
Citroen,C3,Diésel,148000.0,75.0,manual,10890,Vilagarcía de Arousa,36600,Pontevedra,Vilagarcía de Arousa
Citroen,C3,Diésel,20018.0,102.0,manual,15900,Madrid,28014,Madrid,Madrid
Citroen,C3,Diésel,32000.0,102.0,manual,17900,Vinaros,12500,Castellón,Vinaros
Citroen,C3,Gasolina,89990.0,82.0,manual,11890,Vigo,36211,Pontevedra,Vigo
Citroen,C3,Gasolina,43773.0,82.0,manual,16795,Alicante,3010,Alicante,Alicante
Citroen,C3,Gasolina,43773.0,82.0,manual,16795,Alicante,3010,Murcia,Alicante
Citroen,C3,Gasolina,89990.0,82.0,manual,11890,Alicante,3010,Alicante,Alicante
Citroen,C3,Gasolina,89990.0,82.0,manual,11890,Alicante,3010,Murcia,Alicante
Citroen,C3,Diésel,157600.0,68.0,manual,5600,Alcorcón,28923,Madrid,Alcorcón
Citroen,C3,Diésel,157600.0,68.0,manual,5600,Los Negrales,28430,Madrid,Los Negrales
Citroen,C3,Diésel,157600.0,68.0,manual,5600,Los Negrales,28430,Madrid,Los Negrales
Citroen,C3,Diésel,157600.0,68.0,manual,5600,Madrid,28046,Madrid,Madrid
Citroen,C3,Gasolina,29773.0,83.0,manual,13990,Sevilla,41005,Sevilla,Sevilla
Citroen,C3,Gasolina,29773.0,83.0,manual,13790,Sevilla,41005,Sevilla,Sevilla
Citroen,C3,Gasolina,29773.0,83.0,manual,13990,Bilbao,48004,Bizkaia,Bilbao
Citroen,C3,Gasolina,29773.0,83.0,manual,13790,Bilbao,48004,Bizkaia,Bilbao
Citroen,C3,Gasolina,29773.0,83.0,manual,13990,Málaga,29005,Málaga,Málaga
Citroen,C3,Gasolina,29773.0,83.0,manual,13790,Málaga,29005,Málaga,Málaga
Citroen,C3,Gasolina,29773.0,83.0,manual,13990,Valencia,46001,Valencia,Valencia
Citroen,C3,Gasolina,29773.0,83.0,manual,13790,Valencia,46001,Valencia,Valencia
Citroen,C3,Gasolina,70000.0,75.0,manual,4999,Arbuio,48810,Bizkaia,Arbuio
Citroen,C3,Gasolina,29773.0,83.0,manual,13990,Almería,4006,Almería,Almería
Citroen,C3,Gasolina,29773.0,83.0,manual,13790,Almería,4006,Almería,Almería
Citroen,C3,Gasolina,29773.0,83.0,manual,13990,Burgos,9004,Burgos,Burgos
Citroen,C3,Gasolina,29773.0,83.0,manual,13990,Burgos,9004,Burgos,Burgos
Citroen,C3,Gasolina,29773.0,83.0,manual,13790,Burgos,9004,Burgos,Burgos
Citroen,C3,Gasolina,29773.0,83.0,manual,13790,Burgos,9004,Burgos,Burgos
Citroen,C3,Gasolina,29773.0,83.0,manual,13990,Murcia,30005,Murcia,Murcia
Citroen,C3,Gasolina,29773.0,83.0,manual,13790,Murcia,30005,Murcia,Murcia
Citroen,C3,Gasolina,29773.0,83.0,manual,13990,León,24003,León,León
Citroen,C3,Gasolina,29773.0,83.0,manual,13990,León,24003,León,León
Citroen,C3,Gasolina,29773.0,83.0,manual,13790,León,24003,León,León
Citroen,C3,Gasolina,29773.0,83.0,manual,13790,León,24003,León,León
Citroen,C3,Gasolina,29773.0,83.0,manual,13990,Alicante,3010,Alicante,Alicante
Citroen,C3,Gasolina,29773.0,83.0,manual,13990,Alicante,3010,Murcia,Alicante
Citroen,C3,Gasolina,29773.0,83.0,manual,13790,Alicante,3010,Alicante,Alicante
Citroen,C3,Gasolina,29773.0,83.0,manual,13790,Alicante,3010,Murcia,Alicante
Citroen,C3,Gasolina,29773.0,83.0,manual,13990,Oviedo,33003,Asturias,Oviedo
Citroen,C3,Gasolina,29773.0,83.0,manual,13790,Oviedo,33003,Asturias,Oviedo
Citroen,C3,Gasolina,29773.0,83.0,manual,13990,Granada,18005,Granada,Granada
Citroen,C3,Gasolina,29773.0,83.0,manual,13790,Granada,18005,Granada,Granada
Citroen,C3,Gasolina,29773.0,83.0,manual,13990,Vigo,36211,Pontevedra,Vigo
Citroen,C3,Gasolina,29773.0,83.0,manual,13790,Vigo,36211,Pontevedra,Vigo
Citroen,C3,Gasolina,29773.0,83.0,manual,13990,Valladolid,47006,Valladolid,Valladolid
Citroen,C3,Gasolina,29773.0,83.0,manual,13790,Valladolid,47006,Valladolid,Valladolid
Citroen,C3,Gasolina,43773.0,82.0,manual,16795,Valencia,46020,Valencia,Valencia
Citroen,C3,Gasolina,29773.0,83.0,manual,13990,Salamanca,37008,Salamanca,Salamanca
Citroen,C3,Gasolina,29773.0,83.0,manual,13990,Salamanca,37008,Salamanca,Salamanca
Citroen,C3,Gasolina,29773.0,83.0,manual,13790,Salamanca,37008,Salamanca,Salamanca
Citroen,C3,Gasolina,29773.0,83.0,manual,13790,Salamanca,37008,Salamanca,Salamanca
Citroen,C3,Gasolina,50000.0,83.0,manual,14700,Santurtzi,48980,Bizkaia,Santurtzi
Citroen,C3,Diésel,35475.0,102.0,manual,15550,Torrellano,3320,Alicante,Torrellano
Citroen,C3,Gasolina,34032.0,83.0,manual,14700,Torrellano,3320,Alicante,Torrellano
Citroen,C3,Diésel,160000.0,70.0,manual,7500,Molina de Segura,30500,Murcia,Molina de Segura
Citroen,C3,Gasolina,131469.0,82.0,manual,7500,Canals,46650,Valencia,Canals
Citroen,C3,Diésel,104164.0,99.0,manual,12200,Barcelona,8007,Barcelona,Barcelona
Citroen,C3,Gasolina,53962.0,82.0,manual,10985,Sant Boi de Llobregat,8830,Barcelona,Sant Boi de Llobregat
Citroen,C3,Diésel,15000.0,100.0,manual,14950,Sant Cugat del Vallès,8172,Barcelona,Sant Cugat del Vallès
Citroen,C3,Gasolina,46000.0,82.0,manual,13490,Laguna de Duero,47140,Valladolid,Laguna de Duero
Citroen,C3,Gasolina,46000.0,82.0,manual,13490,Laguna de Duero,47140,Valladolid,Laguna de Duero
Citroen,C3,Gasolina,28134.0,83.0,manual,17970,Foios,46134,Valencia,Foios
Citroen,C3,Gasolina,63800.0,82.0,manual,14970,Foios,46134,Valencia,Foios
Citroen,C3,Gasolina,53962.0,82.0,manual,10985,Barcelona,8003,Barcelona,Barcelona
Citroen,C3,Diésel,64211.0,100.0,manual,13300,El Esparragal,30163,Murcia,El Esparragal
Citroen,C3,Gasolina,25516.0,83.0,manual,14990,Sant Boi de Llobregat,8830,Barcelona,Sant Boi de Llobregat
Citroen,C3,Diésel,82294.0,75.0,manual,127,Madrid,28014,Madrid,Madrid
Citroen,C3,Diésel,111000.0,68.0,manual,6990,Sant Antoni de Vilamajor,8459,Barcelona,Sant Antoni de Vilamajor
Citroen,C3,Diésel,111000.0,68.0,manual,6990,Sant Antoni de Vilamajor,8459,Barcelona,Sant Antoni de Vilamajor
Citroen,C3,Gasolina,19536.0,110.0,manual,15900,Madrid,28014,Madrid,Madrid
Citroen,C3,Gasolina,23732.0,110.0,manual,15190,Madrid,28014,Madrid,Madrid
Citroen,C3,Diésel,7379.0,102.0,manual,15890,Murcia,30005,Murcia,Murcia
Citroen,C3,Diésel,7379.0,102.0,manual,15890,Sevilla,41005,Sevilla,Sevilla
Citroen,C3,Diésel,7379.0,102.0,manual,15890,Urbanizacion La Granjilla,28700,Madrid,Urbanizacion La Granjilla
Citroen,C3,Diésel,7379.0,102.0,manual,15890,Granada,18005,Granada,Granada
Citroen,C3,Diésel,7379.0,102.0,manual,15890,Colonia Pablo Iglesias,28520,Madrid,Colonia Pablo Iglesias
Citroen,C3,Diésel,7379.0,102.0,manual,15890,Bilbao,48004,Bizkaia,Bilbao
Citroen,C3,Diésel,7379.0,102.0,manual,15890,Alicante,3010,Alicante,Alicante
Citroen,C3,Diésel,7379.0,102.0,manual,15890,Alicante,3010,Murcia,Alicante
Citroen,C3,Diésel,7379.0,102.0,manual,15890,Valencia,46001,Valencia,Valencia
Citroen,C3,Diésel,7379.0,102.0,manual,15890,Málaga,29005,Málaga,Málaga
Citroen,C3,Diésel,7379.0,102.0,manual,15890,Vigo,36211,Pontevedra,Vigo
Citroen,C3,Diésel,7379.0,102.0,manual,15890,Toledo,45002,Toledo,Toledo
Citroen,C3,Diésel,7379.0,102.0,manual,15890,Almería,4006,Almería,Almería
Citroen,C3,Diésel,7379.0,102.0,manual,15890,Camarma de Esteruelas,28816,Madrid,Camarma de Esteruelas
Citroen,C3,Diésel,7379.0,102.0,manual,15890,Camarma de Esteruelas,28816,Madrid,Camarma de Esteruelas
Citroen,C3,Diésel,7379.0,102.0,manual,15890,Fuenlabrada,28947,Madrid,Fuenlabrada
Citroen,C3,Diésel,7379.0,102.0,manual,15890,Las Rozas de Madrid,28232,Madrid,Las Rozas de Madrid
Citroen,C3,Diésel,7379.0,102.0,manual,15890,Villaviciosa de Odón,28670,Madrid,Villaviciosa de Odón
Citroen,C3,Diésel,60500.0,99.0,manual,14900,Valencia,46018,Valencia,Valencia
Citroen,C3,Gasolina,52955.0,68.0,manual,10990,Málaga,29005,Málaga,Málaga
Citroen,C3,Gasolina,1.0,83.0,manual,17950,Sant Boi de Llobregat,8830,Barcelona,Sant Boi de Llobregat
Citroen,C3,Gasolina,52955.0,68.0,manual,10990,Almería,4006,Almería,Almería
Citroen,C3,Gasolina,52955.0,68.0,manual,10990,Murcia,30005,Murcia,Murcia
Citroen,C3,Gasolina,52955.0,68.0,manual,10990,Granada,18005,Granada,Granada
Citroen,C3,Gasolina,52955.0,68.0,manual,10990,Sevilla,41005,Sevilla,Sevilla
Citroen,C3,Gasolina,52955.0,68.0,manual,10990,Alicante,3010,Alicante,Alicante
Citroen,C3,Gasolina,52955.0,68.0,manual,10990,Alicante,3010,Murcia,Alicante
Citroen,C3,Gasolina,52955.0,68.0,manual,10990,Jaén,23008,Jaén,Jaén
Citroen,C3,Gasolina,52955.0,68.0,manual,10990,Sevilla,41017,Sevilla,Sevilla
Citroen,C3,Gasolina,52955.0,68.0,manual,10990,Vigo,36211,Pontevedra,Vigo
Citroen,C3,Gasolina,52955.0,68.0,manual,10990,Bilbao,48004,Bizkaia,Bilbao
Citroen,C3,Gasolina,52955.0,68.0,manual,10990,Valencia,46001,Valencia,Valencia
Citroen,C3,Diésel,15852.0,102.0,manual,18300,Benisanó,46181,Valencia,Benisanó
Citroen,C3,Diésel,15852.0,102.0,manual,18300,Benisanó,46181,Valencia,Benisanó
Citroen,C3,Gasolina,52955.0,68.0,manual,10990,Córdoba,14003,Córdoba,Córdoba
Citroen,C3,Gasolina,89000.0,82.0,manual,11400,Mairena del Alcor,41510,Sevilla,Mairena del Alcor
Citroen,C3,Diésel,10.0,102.0,manual,17900,Collado Villalba,28400,Madrid,Collado Villalba
Citroen,C3,Diésel,10.0,102.0,manual,17900,Collado Villalba,28400,Madrid,Collado Villalba
Citroen,C3,Diésel,55117.0,99.0,manual,14600,Barcelona,8007,Barcelona,Barcelona
Citroen,C3,Diésel,55117.0,99.0,manual,14300,Barcelona,8007,Barcelona,Barcelona
Citroen,C3,Diésel,248000.0,68.0,manual,6480,Elx/Elche,3201,Alicante,Elx/Elche
Citroen,C3,Gasolina,18120.0,83.0,manual,17900,Cieza,30530,Murcia,Cieza
Citroen,C3,Gasolina,18120.0,83.0,manual,16900,Cieza,30530,Murcia,Cieza
Citroen,C3,Diésel,24400.0,102.0,manual,17500,Cieza,30530,Murcia,Cieza
Citroen,C3,Diésel,78863.0,74.0,manual,14500,Alzira,46600,Valencia,Alzira
Citroen,C3,Diésel,78863.0,74.0,manual,14500,Alzira,46600,Valencia,Alzira
Citroen,C3,Diésel,78863.0,74.0,manual,13800,Alzira,46600,Valencia,Alzira
Citroen,C3,Diésel,78863.0,74.0,manual,13800,Alzira,46600,Valencia,Alzira
Citroen,C3,Gasolina,42000.0,61.0,manual,5999,El Calvario,41610,Sevilla,El Calvario
Citroen,C3,Diésel,17171.0,102.0,manual,16750,Sant Boi de Llobregat,8830,Barcelona,Sant Boi de Llobregat
Citroen,C3,Gasolina,109000.0,68.0,manual,10600,Valencia,46023,Valencia,Valencia
Citroen,C3,Diésel,180000.0,75.0,manual,3800,Ibiricu de Egües,31486,Navarra,Ibiricu de Egües
Citroen,C3,Gasolina,55060.0,110.0,automatic,16618,Granollers,8403,Barcelona,Granollers
Citroen,C3,Gasolina,55060.0,110.0,automatic,16618,Vigo,36214,Pontevedra,Vigo
Citroen,C3,Gasolina,55060.0,110.0,automatic,16618,Torremolinos,29620,Málaga,Torremolinos
Citroen,C3,Gasolina,55060.0,110.0,automatic,16618,Torremolinos,29620,Málaga,Torremolinos
Citroen,C3,Gasolina,55060.0,110.0,automatic,16618,Torremolinos,29620,Málaga,Torremolinos
Citroen,C3,Gasolina,55060.0,110.0,automatic,16618,Ciudad Real,13003,Ciudad Real,Ciudad Real
Citroen,C3,Gasolina,55060.0,110.0,automatic,16618,Alicante,3007,Alicante,Alicante
Citroen,C3,Gasolina,55060.0,110.0,automatic,16618,Hidraulica Santillana,28770,Madrid,Hidraulica Santillana
Citroen,C3,Gasolina,55060.0,110.0,automatic,16618,Saladar,3700,Alicante,Saladar
Citroen,C3,Gasolina,55060.0,110.0,automatic,16618,Estepona,29680,Málaga,Estepona
Citroen,C3,Gasolina,55060.0,110.0,automatic,16618,Puerto de Sagunto,46520,Valencia,Puerto de Sagunto
Citroen,C3,Gasolina,55060.0,110.0,automatic,16618,Santafe,18320,Granada,Santafe
Citroen,C3,Gasolina,55060.0,110.0,automatic,16618,Mercabilbao,48970,Bizkaia,Mercabilbao
Citroen,C3,Gasolina,55060.0,110.0,automatic,16618,Valdepeñas,13300,Ciudad Real,Valdepeñas
Citroen,C3,Gasolina,55060.0,110.0,automatic,16618,Valdepeñas,13300,Ciudad Real,Valdepeñas
Citroen,C3,Gasolina,55060.0,110.0,automatic,16618,Alzira,46600,Valencia,Alzira
Citroen,C3,Gasolina,55060.0,110.0,automatic,16618,Alzira,46600,Valencia,Alzira
Citroen,C3,Gasolina,55060.0,110.0,automatic,16618,Alameda del Obispo,14005,Córdoba,Alameda del Obispo
Citroen,C3,Gasolina,55060.0,110.0,automatic,16618,Murcia,30003,Murcia,Murcia
Citroen,C3,Gasolina,55060.0,110.0,automatic,16618,Castello/Castellon de La Plana,12100,Castellón,Castello/Castellon de La Plana
Citroen,C3,Gasolina,55060.0,110.0,automatic,16618,Atarrabia,31610,Navarra,Atarrabia
Citroen,C3,Gasolina,55060.0,110.0,automatic,16618,Albacete,2001,Albacete,Albacete
Citroen,C3,Gasolina,55060.0,110.0,automatic,16618,Zaragoza,50013,Zaragoza,Zaragoza
Citroen,C3,Gasolina,55060.0,110.0,automatic,16618,Paterna,46980,Valencia,Paterna
Citroen,C3,Gasolina,55060.0,110.0,automatic,16618,Alcalá de Guadaíra,41500,Sevilla,Alcalá de Guadaíra
Citroen,C3,Gasolina,55060.0,110.0,automatic,16618,Getafe,28906,Madrid,Getafe
Citroen,C3,Gasolina,55060.0,110.0,automatic,16618,Alcobendas,28100,Madrid,Alcobendas
Citroen,C3,Gasolina,55060.0,110.0,automatic,16618,Barcelona,8007,Barcelona,Barcelona
Citroen,C3,Gasolina,55060.0,110.0,automatic,16618,Collado Villalba,28400,Madrid,Collado Villalba
Citroen,C3,Gasolina,55060.0,110.0,automatic,16618,Collado Villalba,28400,Madrid,Collado Villalba
Citroen,C3,Gasolina,55060.0,110.0,automatic,16618,Colonia Pablo Iglesias,28520,Madrid,Colonia Pablo Iglesias
Citroen,C3,Gasolina,55060.0,110.0,automatic,16618,Las Rozas de Madrid,28232,Madrid,Las Rozas de Madrid
Citroen,C3,Diésel,200000.0,70.0,manual,2999,Almagro,13270,Ciudad Real,Almagro
Citroen,C3,Diésel,42044.0,99.0,manual,14950,Mollet del Vallès,8100,Barcelona,Mollet del Vallès
Citroen,C3,Diésel,22962.0,83.0,manual,16300,Beniel,30130,Murcia,Beniel
Citroen,C3,Diésel,157000.0,70.0,manual,5995,Bonavista,43100,Tarragona,Bonavista
Citroen,C3,Diésel,157000.0,70.0,manual,5995,Bonavista,43100,Tarragona,Bonavista
Citroen,C3,Gasolina,44990.0,82.0,manual,11790,Alicante,3010,Alicante,Alicante
Citroen,C3,Gasolina,44990.0,82.0,manual,11790,Alicante,3010,Murcia,Alicante
Citroen,C3,Gasolina,44990.0,82.0,manual,11790,Sevilla,41005,Sevilla,Sevilla
Citroen,C3,Gasolina,44990.0,82.0,manual,11790,Málaga,29005,Málaga,Málaga
Citroen,C3,Gasolina,44990.0,82.0,manual,11790,Murcia,30005,Murcia,Murcia
Citroen,C3,Gasolina,44990.0,82.0,manual,11790,Almería,4006,Almería,Almería
Citroen,C3,Gasolina,44990.0,82.0,manual,11790,Òrrius,8317,Barcelona,Òrrius
Citroen,C3,Gasolina,44990.0,82.0,manual,11790,Ullastrell,8231,Barcelona,Ullastrell
Citroen,C3,Gasolina,44990.0,82.0,manual,11790,Bilbao,48004,Bizkaia,Bilbao
Citroen,C3,Gasolina,44990.0,82.0,manual,11790,Girona,17007,Girona,Girona
Citroen,C3,Gasolina,44990.0,82.0,manual,11790,Vigo,36211,Pontevedra,Vigo
Citroen,C3,Gasolina,44990.0,82.0,manual,11790,Valencia,46001,Valencia,Valencia
Citroen,C3,Gasolina,44990.0,82.0,manual,11790,Granada,18005,Granada,Granada
Citroen,C3,Gasolina,44990.0,82.0,manual,11790,Palma de Mallorca,7003,Baleares,Palma de Mallorca
Citroen,C3,Gasolina,44990.0,82.0,manual,11790,Palau-Solita I Plegamans,8184,Barcelona,Palau-Solita I Plegamans
Citroen,C3,Gasolina,44990.0,82.0,manual,11790,Palau-Solita I Plegamans,8184,Barcelona,Palau-Solita I Plegamans
Citroen,C3,Gasolina,44990.0,82.0,manual,11790,Tarragona,43006,Tarragona,Tarragona
Citroen,C3,Diésel,280000.0,75.0,manual,4700,Badajoz,6001,Badajoz,Badajoz
Citroen,C3,Diésel,100000.0,70.0,automatic,4990,Gamarra Menor,1510,Álava,Gamarra Menor
Citroen,C3,Diésel,100000.0,70.0,automatic,4990,Gamarra Menor,1510,Álava,Gamarra Menor
Citroen,C3,Diésel,100000.0,70.0,automatic,4990,Gamarra Menor,1510,Álava,Gamarra Menor
Citroen,C3,Gasolina,99400.0,82.0,manual,7490,Murcia,30005,Murcia,Murcia
Citroen,C3,Gasolina,99400.0,82.0,manual,7490,Cáceres,10001,Cáceres,Cáceres
Citroen,C3,Gasolina,99400.0,82.0,manual,7490,Sevilla,41005,Sevilla,Sevilla
Citroen,C3,Gasolina,99400.0,82.0,manual,7490,Valencia,46001,Valencia,Valencia
Citroen,C3,Gasolina,99400.0,82.0,manual,7490,Málaga,29005,Málaga,Málaga
Citroen,C3,Gasolina,99400.0,82.0,manual,7490,Bilbao,48004,Bizkaia,Bilbao
Citroen,C3,Gasolina,99400.0,82.0,manual,7490,Vigo,36211,Pontevedra,Vigo
Citroen,C3,Gasolina,99400.0,82.0,manual,7490,Alicante,3010,Alicante,Alicante
Citroen,C3,Gasolina,99400.0,82.0,manual,7490,Alicante,3010,Murcia,Alicante
Citroen,C3,Gasolina,99400.0,82.0,manual,7490,Granada,18005,Granada,Granada
Citroen,C3,Gasolina,99400.0,82.0,manual,7490,Almería,4006,Almería,Almería
Citroen,C3,Gasolina,99400.0,82.0,manual,7490,Toledo,45002,Toledo,Toledo
Citroen,C3,Diésel,36600.0,102.0,manual,15300,Collado Villalba,28400,Madrid,Collado Villalba
Citroen,C3,Diésel,36600.0,102.0,manual,15300,Collado Villalba,28400,Madrid,Collado Villalba
Citroen,C3,Gasolina,158000.0,61.0,manual,3990,Torres de la Alameda,28813,Madrid,Torres de la Alameda
Citroen,C3,Gasolina,158000.0,61.0,manual,3990,Torres de la Alameda,28813,Madrid,Torres de la Alameda
Citroen,C3,Gasolina,22000.0,83.0,manual,12895,Castelldefels,8860,Barcelona,Castelldefels
Citroen,C3,Gasolina,22000.0,83.0,manual,12495,Castelldefels,8860,Barcelona,Castelldefels
Citroen,C3,Diésel,165000.0,70.0,manual,3999,Castello/Castellon de La Plana,12100,Castellón,Castello/Castellon de La Plana
Citroen,C3,Gasolina,126000.0,95.0,automatic,8499,Alhendín,18620,Granada,Alhendín
Citroen,C3,Gasolina,126000.0,95.0,automatic,8499,Alhendín,18620,Granada,Alhendín
Citroen,C3,Gasolina,94000.0,75.0,manual,6800,Cornella de Llobregat,8940,Barcelona,Cornella de Llobregat
Citroen,C3,Diésel,114000.0,75.0,manual,9700,Málaga,29006,Málaga,Málaga
Citroen,C3,Diésel,265560.0,68.0,manual,4290,Leioa,48940,Bizkaia,Leioa
Citroen,C3,Diésel,265560.0,68.0,manual,3990,Leioa,48940,Bizkaia,Leioa
Citroen,C3,Gasolina,79220.0,82.0,manual,13900,Mairena del Aljarafe,41927,Sevilla,Mairena del Aljarafe
Citroen,C3,Diésel,21862.0,102.0,manual,16800,Madrid,28014,Madrid,Madrid
Citroen,C3,Gasolina,30391.0,110.0,manual,15700,Madrid,28014,Madrid,Madrid
Citroen,C3,Diésel,47545.0,75.0,manual,12200,Madrid,28014,Madrid,Madrid
Citroen,C3,Diésel,20828.0,102.0,manual,16640,Madrid,28014,Madrid,Madrid
Citroen,C3,Diésel,20828.0,102.0,manual,17635,Madrid,28014,Madrid,Madrid
Citroen,C3,Gasolina,31273.0,82.0,manual,11200,Madrid,28014,Madrid,Madrid
Citroen,C3,Gasolina,31273.0,82.0,manual,14200,Madrid,28014,Madrid,Madrid
Citroen,C3,Gasolina,23467.0,83.0,manual,14190,Madrid,28014,Madrid,Madrid
Citroen,C3,Diésel,22328.0,102.0,manual,15400,Madrid,28014,Madrid,Madrid
Citroen,C3,Gasolina,43200.0,110.0,manual,14900,Pineda de Mar,8397,Barcelona,Pineda de Mar
Citroen,C3,Diésel,148100.0,70.0,automatic,3950,Alicante,3009,Alicante,Alicante
Honda,Civic,Gasolina,32115.0,130.0,manual,20999,Madrid,28014,Madrid,Madrid
Honda,Civic,Gasolina,70058.0,130.0,manual,19199,Barcelona,8007,Barcelona,Barcelona
Honda,Civic,Gasolina,32115.0,130.0,manual,20999,Barcelona,8007,Barcelona,Barcelona
Honda,Civic,Gasolina,70058.0,130.0,manual,19199,Madrid,28014,Madrid,Madrid
Honda,Civic,Gasolina,134330.0,130.0,manual,17699,Barcelona,8007,Barcelona,Barcelona
Honda,Civic,Gasolina,134330.0,130.0,manual,17699,Madrid,28014,Madrid,Madrid
Citroen,C3,Gasolina,29050.0,110.0,manual,17500,Badalona,8912,Barcelona,Badalona
Citroen,C3,Gasolina,27635.0,110.0,manual,17500,Badalona,8912,Barcelona,Badalona
Citroen,C3,Diésel,71000.0,92.0,manual,4490,Elx/Elche,3204,Alicante,Elx/Elche
Citroen,C3,Gasolina,37700.0,82.0,manual,15499,Puente Tocinos,30006,Murcia,Puente Tocinos
Citroen,C3,Diésel,45000.0,70.0,manual,8300,Santa Coloma de Gramenet,8921,Barcelona,Santa Coloma de Gramenet
Citroen,C3,Diésel,45000.0,68.0,manual,8780,Santa Coloma de Gramenet,8921,Barcelona,Santa Coloma de Gramenet
Citroen,C3,Gasolina,114500.0,68.0,manual,8300,Villena,3400,Alicante,Villena
Citroen,C3,Gasolina,163000.0,75.0,manual,2990,Granollers,8401,Barcelona,Granollers
Citroen,C3,Gasolina,168800.0,80.0,manual,5950,Los Negrales,28430,Madrid,Los Negrales
Citroen,C3,Gasolina,168800.0,80.0,manual,5950,Los Negrales,28430,Madrid,Los Negrales
Citroen,C3,Gasolina,168800.0,80.0,manual,5950,Alcorcón,28923,Madrid,Alcorcón
Citroen,C3,Gasolina,168800.0,80.0,manual,5950,Madrid,28046,Madrid,Madrid
Citroen,C3,Gasolina,122000.0,75.0,manual,4995,Torrent,46900,Valencia,Torrent
Citroen,C3,Gasolina,153159.0,60.0,manual,2950,Pamplona/Iruña,31003,Navarra,Pamplona/Iruña
Citroen,C3,Gasolina,153159.0,60.0,manual,2950,Sant Boi de Llobregat,8830,Barcelona,Sant Boi de Llobregat
Citroen,C3,Gasolina,153159.0,60.0,manual,2950,Agirre-Aperribai,48960,Bizkaia,Agirre-Aperribai
Citroen,C3,Gasolina,153159.0,60.0,manual,2950,Valencia,46002,Valencia,Valencia
Citroen,C3,Gasolina,153159.0,60.0,manual,2950,Sevilla,41006,Sevilla,Sevilla
Citroen,C3,Gasolina,153159.0,60.0,manual,2950,Bacarot,3114,Alicante,Bacarot
Citroen,C3,Gasolina,153159.0,60.0,manual,2950,Torrejón de Ardoz,28850,Madrid,Torrejón de Ardoz
Citroen,C3,Gasolina,23780.0,83.0,manual,15800,Beniel,30130,Murcia,Beniel
Citroen,C3,Gasolina,78480.0,61.0,manual,4950,Murcia,30003,Murcia,Murcia
Citroen,C3,Diésel,57768.0,75.0,manual,14900,Mairena del Aljarafe,41927,Sevilla,Mairena del Aljarafe
Citroen,C3,Gasolina,120000.0,73.0,manual,4590,Elx/Elche,3296,Alicante,Elx/Elche
Citroen,C3,Gasolina,30000.0,110.0,manual,17900,Gandia,46701,Valencia,Gandia
Citroen,C3,Gasolina,46000.0,82.0,manual,12790,Castelldefels,8860,Barcelona,Castelldefels
Citroen,C3,Diésel,32459.0,100.0,manual,239,Oliva,46780,Valencia,Oliva
Citroen,C3,Diésel,87636.0,68.0,manual,6990,Girona,17005,Girona,Girona
Citroen,C3,Diésel,87636.0,68.0,manual,6990,Granollers,8403,Barcelona,Granollers
Citroen,C3,Diésel,89600.0,99.0,manual,10490,Málaga,29005,Málaga,Málaga
Citroen,C3,Diésel,89600.0,99.0,manual,10490,Toledo,45002,Toledo,Toledo
Citroen,C3,Diésel,89600.0,99.0,manual,10490,Murcia,30005,Murcia,Murcia
Citroen,C3,Diésel,89600.0,99.0,manual,10490,Granada,18005,Granada,Granada
Citroen,C3,Diésel,89600.0,99.0,manual,10490,Alicante,3010,Alicante,Alicante
Citroen,C3,Diésel,89600.0,99.0,manual,10490,Alicante,3010,Murcia,Alicante
Citroen,C3,Diésel,89600.0,99.0,manual,10490,Vigo,36211,Pontevedra,Vigo
Citroen,C3,Diésel,89600.0,99.0,manual,10490,Valencia,46001,Valencia,Valencia
Citroen,C3,Diésel,89600.0,99.0,manual,10490,Colonia Pablo Iglesias,28520,Madrid,Colonia Pablo Iglesias
Citroen,C3,Diésel,89600.0,99.0,manual,10490,Bilbao,48004,Bizkaia,Bilbao
Citroen,C3,Diésel,89600.0,99.0,manual,10490,Camarma de Esteruelas,28816,Madrid,Camarma de Esteruelas
Citroen,C3,Diésel,89600.0,99.0,manual,10490,Camarma de Esteruelas,28816,Madrid,Camarma de Esteruelas
Citroen,C3,Diésel,89600.0,99.0,manual,10490,Almería,4006,Almería,Almería
Citroen,C3,Diésel,89600.0,99.0,manual,10490,Urbanizacion La Granjilla,28700,Madrid,Urbanizacion La Granjilla
Citroen,C3,Diésel,89600.0,99.0,manual,10490,Villaviciosa de Odón,28670,Madrid,Villaviciosa de Odón
Citroen,C3,Diésel,89600.0,99.0,manual,10490,Sevilla,41005,Sevilla,Sevilla
Citroen,C3,Diésel,89600.0,99.0,manual,10490,Las Rozas de Madrid,28232,Madrid,Las Rozas de Madrid
Citroen,C3,Diésel,89600.0,99.0,manual,10490,Fuenlabrada,28947,Madrid,Fuenlabrada
Citroen,C3,Gasolina,90000.0,60.0,manual,6500,Murcia,30006,Murcia,Murcia
Citroen,C3,Diésel,85956.0,75.0,manual,10999,Sevilla,41007,Sevilla,Sevilla
Citroen,C3,Diésel,186300.0,75.0,manual,8990,Talayuela,10310,Cáceres,Talayuela
Citroen,C3,Diésel,5.0,83.0,manual,17950,Badalona,8912,Barcelona,Badalona
Citroen,C3,Gasolina,70000.0,75.0,manual,4895,Reus,43204,Tarragona,Reus
Citroen,C3,Diésel,98000.0,75.0,manual,9900,Málaga,29002,Málaga,Málaga
Citroen,C3,Gasolina,99750.0,80.0,manual,6250,Madrid,28046,Madrid,Madrid
Citroen,C3,Gasolina,99750.0,80.0,manual,6250,Alcorcón,28923,Madrid,Alcorcón
Citroen,C3,Gasolina,99750.0,80.0,manual,6250,Los Negrales,28430,Madrid,Los Negrales
Citroen,C3,Gasolina,99750.0,80.0,manual,6250,Los Negrales,28430,Madrid,Los Negrales
Citroen,C3,Diésel,199000.0,112.0,manual,3600,Canovelles,8420,Barcelona,Canovelles
Citroen,C3,Gasolina,55000.0,82.0,manual,10700,Pinto,28320,Madrid,Pinto
Citroen,C3,Diésel,132000.0,74.0,manual,9400,A Coruña,15005,A Coruña,A Coruña
Citroen,C3,Diésel,150000.0,70.0,manual,4490,Arbuio,48810,Bizkaia,Arbuio
Citroen,C3,Diésel,229000.0,75.0,manual,2850,Málaga,29004,Málaga,Málaga
Citroen,C3,Gasolina,47500.0,82.0,manual,202,Oliva,46780,Valencia,Oliva
Citroen,C3,Gasolina,71469.0,82.0,manual,11650,Madrid,28045,Madrid,Madrid
Citroen,C3,Diésel,36000.0,99.0,manual,16995,Llerona,8520,Barcelona,Llerona
Citroen,C3,Gasolina,49957.0,83.0,manual,14490,Fuenlabrada,28944,Madrid,Fuenlabrada
Citroen,C3,Gasolina,151100.0,61.0,manual,3995,Xativa,46800,Valencia,Xativa
Citroen,C3,Diésel,139000.0,70.0,manual,6000,Cornella del Terri,17844,Girona,Cornella del Terri
Citroen,C3,Diésel,66000.0,99.0,manual,14250,San Luis de Sabinillas,29692,Málaga,San Luis de Sabinillas
Citroen,C3,Diésel,66000.0,99.0,manual,14250,San Luis de Sabinillas,29692,Málaga,San Luis de Sabinillas
Volkswagen,Golf,Gasolina,107762.0,122.0,automatic,15180,Collado Villalba,28400,Madrid,Collado Villalba
Volkswagen,Golf,Gasolina,107762.0,122.0,automatic,15180,Collado Villalba,28400,Madrid,Collado Villalba
Volkswagen,Golf,Gasolina,107762.0,122.0,automatic,15180,Alameda del Obispo,14005,Córdoba,Alameda del Obispo
Volkswagen,Golf,Gasolina,107762.0,122.0,automatic,15180,Torremolinos,29620,Málaga,Torremolinos
Volkswagen,Golf,Gasolina,107762.0,122.0,automatic,15180,Torremolinos,29620,Málaga,Torremolinos
Volkswagen,Golf,Gasolina,107762.0,122.0,automatic,15180,Torremolinos,29620,Málaga,Torremolinos
Alfa Romeo,156,Gasolina,159000.0,190.0,manual,4900,Aljucer,30152,Murcia,Aljucer
Alfa Romeo,156,Diésel,303000.0,150.0,manual,2600,Trasona,33468,Asturias,Trasona
Alfa Romeo,156,Diésel,303000.0,150.0,manual,2600,Trasona,33468,Asturias,Trasona
Alfa Romeo,156,Diésel,163343.0,115.0,manual,1550,Hidraulica Santillana,28770,Madrid,Hidraulica Santillana
Citroen,C4 SpaceTourer,Diésel,140389.0,131.0,automatic,12555,Sant Boi de Llobregat,8830,Barcelona,Sant Boi de Llobregat
Citroen,C4 SpaceTourer,Gasolina,87000.0,130.0,manual,15950,Burjassot,46100,Valencia,Burjassot
Citroen,C4 SpaceTourer,Diésel,123556.0,116.0,manual,12690,Sevilla,41006,Sevilla,Sevilla
Citroen,C4 SpaceTourer,Diésel,140389.0,131.0,automatic,12555,Sevilla,41006,Sevilla,Sevilla
Citroen,C4 SpaceTourer,Gasolina,53460.0,131.0,manual,17599,Madrid,28014,Madrid,Madrid
Citroen,C4 SpaceTourer,Gasolina,53460.0,131.0,manual,17299,Madrid,28014,Madrid,Madrid
Citroen,C4 SpaceTourer,Gasolina,53460.0,131.0,manual,17599,Barcelona,8007,Barcelona,Barcelona
Citroen,C4 SpaceTourer,Gasolina,53460.0,131.0,manual,17299,Barcelona,8007,Barcelona,Barcelona
Citroen,C4 SpaceTourer,Gasolina,87000.0,130.0,manual,15950,Valdefuentes,28939,Madrid,Valdefuentes
Citroen,C4 SpaceTourer,Gasolina,87000.0,130.0,manual,15950,Valdefuentes,28939,Madrid,Valdefuentes
Citroen,C4 SpaceTourer,Gasolina,87000.0,130.0,manual,15950,Terrassa,8223,Barcelona,Terrassa
Citroen,C4 SpaceTourer,Gasolina,87000.0,130.0,manual,15950,Bormujos,41930,Sevilla,Bormujos
Citroen,C4 SpaceTourer,Diésel,123556.0,116.0,manual,12690,Torrejón de Ardoz,28850,Madrid,Torrejón de Ardoz
Citroen,C4 SpaceTourer,Diésel,123556.0,116.0,manual,12690,Valencia,46002,Valencia,Valencia
Citroen,C4 SpaceTourer,Diésel,140389.0,131.0,automatic,12555,Valencia,46002,Valencia,Valencia
Citroen,C4 SpaceTourer,Diésel,140389.0,131.0,automatic,12555,Torrejón de Ardoz,28850,Madrid,Torrejón de Ardoz
Citroen,C4 SpaceTourer,Diésel,126000.0,131.0,automatic,14990,Marbella,29601,Málaga,Marbella
Citroen,C4 SpaceTourer,Gasolina,52000.0,130.0,automatic,22600,Gandia,46701,Valencia,Gandia
Citroen,C4 SpaceTourer,Gasolina,106500.0,130.0,manual,13290,Móstoles,28933,Madrid,Móstoles
Citroen,C4 SpaceTourer,Diésel,87224.0,120.0,manual,15990,Madrid,28021,Madrid,Madrid
Citroen,C4 SpaceTourer,Diésel,81000.0,130.0,automatic,17850,Bormujos,41930,Sevilla,Bormujos
Citroen,C4 SpaceTourer,Diésel,81000.0,130.0,automatic,17850,Valdefuentes,28939,Madrid,Valdefuentes
Citroen,C4 SpaceTourer,Diésel,81000.0,130.0,automatic,17850,Valdefuentes,28939,Madrid,Valdefuentes
Citroen,C4 SpaceTourer,Diésel,120741.0,120.0,automatic,16690,Valencia,46002,Valencia,Valencia
Citroen,C4 SpaceTourer,Diésel,140322.0,111.0,manual,9990,Sant Boi de Llobregat,8830,Barcelona,Sant Boi de Llobregat
Citroen,C4 SpaceTourer,Diésel,120741.0,120.0,automatic,16690,Sant Boi de Llobregat,8830,Barcelona,Sant Boi de Llobregat
Citroen,C4 SpaceTourer,Diésel,140322.0,111.0,manual,9990,Torrejón de Ardoz,28850,Madrid,Torrejón de Ardoz
Citroen,C4 SpaceTourer,Diésel,140322.0,111.0,manual,9990,Sevilla,41006,Sevilla,Sevilla
Citroen,C4 SpaceTourer,Diésel,120741.0,120.0,automatic,16690,Torrejón de Ardoz,28850,Madrid,Torrejón de Ardoz
Citroen,C4 SpaceTourer,Diésel,120741.0,120.0,automatic,16690,Sevilla,41006,Sevilla,Sevilla
Citroen,C4 SpaceTourer,Diésel,65146.0,120.0,manual,18800,Sedaví,46910,Valencia,Sedaví
Citroen,C4 SpaceTourer,Diésel,65146.0,120.0,manual,18800,Sedaví,46910,Valencia,Sedaví
Citroen,C4 SpaceTourer,Diésel,65146.0,120.0,manual,18800,Sedaví,46910,Valencia,Sedaví
Citroen,C4 SpaceTourer,Diésel,65146.0,120.0,manual,18800,Sedaví,46910,Valencia,Sedaví
Citroen,C4 SpaceTourer,Diésel,65146.0,120.0,manual,19900,Sedaví,46910,Valencia,Sedaví
Citroen,C4 SpaceTourer,Diésel,65146.0,120.0,manual,19900,Sedaví,46910,Valencia,Sedaví
Citroen,C4 SpaceTourer,Diésel,65146.0,120.0,manual,19900,Sedaví,46910,Valencia,Sedaví
Citroen,C4 SpaceTourer,Diésel,65146.0,120.0,manual,19900,Sedaví,46910,Valencia,Sedaví
Citroen,C4 SpaceTourer,Diésel,115146.0,130.0,manual,14490,Toledo,45002,Toledo,Toledo
Citroen,C4 SpaceTourer,Diésel,115146.0,130.0,manual,14490,Almería,4006,Almería,Almería
Citroen,C4 SpaceTourer,Diésel,115146.0,130.0,manual,14490,Murcia,30005,Murcia,Murcia
Citroen,C4 SpaceTourer,Diésel,115146.0,130.0,manual,14490,Bilbao,48004,Bizkaia,Bilbao
Citroen,C4 SpaceTourer,Diésel,115146.0,130.0,manual,14490,Valencia,46001,Valencia,Valencia
Citroen,C4 SpaceTourer,Diésel,115146.0,130.0,manual,14490,Alicante,3010,Alicante,Alicante
Citroen,C4 SpaceTourer,Diésel,115146.0,130.0,manual,14490,Alicante,3010,Murcia,Alicante
Citroen,C4 SpaceTourer,Diésel,115146.0,130.0,manual,14490,Sevilla,41005,Sevilla,Sevilla
Citroen,C4 SpaceTourer,Diésel,115146.0,130.0,manual,14490,Granada,18005,Granada,Granada
Citroen,C4 SpaceTourer,Diésel,115146.0,130.0,manual,14490,Collado Villalba,28400,Madrid,Collado Villalba
Citroen,C4 SpaceTourer,Diésel,115146.0,130.0,manual,14490,Collado Villalba,28400,Madrid,Collado Villalba
Citroen,C4 SpaceTourer,Diésel,115146.0,130.0,manual,14490,Vigo,36211,Pontevedra,Vigo
Citroen,C4 SpaceTourer,Diésel,115146.0,130.0,manual,14490,Las Rozas de Madrid,28232,Madrid,Las Rozas de Madrid
Citroen,C4 SpaceTourer,Diésel,115146.0,130.0,manual,14490,Málaga,29005,Málaga,Málaga
Citroen,C4 SpaceTourer,Diésel,115146.0,130.0,manual,14490,Colonia Pablo Iglesias,28520,Madrid,Colonia Pablo Iglesias
Citroen,C4 SpaceTourer,Diésel,115146.0,130.0,manual,14490,Villaviciosa de Odón,28670,Madrid,Villaviciosa de Odón
Citroen,C4 SpaceTourer,Diésel,115146.0,130.0,manual,14490,Camarma de Esteruelas,28816,Madrid,Camarma de Esteruelas
Citroen,C4 SpaceTourer,Diésel,115146.0,130.0,manual,14490,Camarma de Esteruelas,28816,Madrid,Camarma de Esteruelas
Citroen,C4 SpaceTourer,Diésel,115146.0,130.0,manual,14490,Fuenlabrada,28947,Madrid,Fuenlabrada
Citroen,C4 SpaceTourer,Diésel,126000.0,131.0,automatic,14990,Mérida,6800,Badajoz,Mérida
Citroen,C4 SpaceTourer,Diésel,115146.0,130.0,manual,14490,Urbanizacion La Granjilla,28700,Madrid,Urbanizacion La Granjilla
Citroen,C4 SpaceTourer,Diésel,100304.0,120.0,automatic,16905,Ciudad Real,13003,Ciudad Real,Ciudad Real
Citroen,C4 SpaceTourer,Gasolina,115159.0,130.0,manual,17450,Ciudad Real,13003,Ciudad Real,Ciudad Real
Citroen,C4 SpaceTourer,Diésel,100304.0,120.0,automatic,16905,Granollers,8403,Barcelona,Granollers
Citroen,C4 SpaceTourer,Diésel,100304.0,120.0,automatic,16905,Mercado Parque Corredor del Henares,28850,Madrid,Mercado Parque Corredor del Henares
Citroen,C4 SpaceTourer,Diésel,100304.0,120.0,automatic,16905,Badajoz,6008,Badajoz,Badajoz
Citroen,C4 SpaceTourer,Diésel,100304.0,120.0,automatic,16905,Valdepeñas,13300,Ciudad Real,Valdepeñas
Citroen,C4 SpaceTourer,Diésel,100304.0,120.0,automatic,16905,Valdepeñas,13300,Ciudad Real,Valdepeñas
Citroen,C4 SpaceTourer,Diésel,100304.0,120.0,automatic,16905,Estepona,29680,Málaga,Estepona
Citroen,C4 SpaceTourer,Diésel,100304.0,120.0,automatic,16905,Saladar,3700,Alicante,Saladar
Citroen,C4 SpaceTourer,Diésel,100304.0,120.0,automatic,16905,Murcia,30003,Murcia,Murcia
Citroen,C4 SpaceTourer,Diésel,100304.0,120.0,automatic,16905,Vigo,36214,Pontevedra,Vigo
Citroen,C4 SpaceTourer,Diésel,100304.0,120.0,automatic,16905,Las Rozas de Madrid,28232,Madrid,Las Rozas de Madrid
Citroen,C4 SpaceTourer,Diésel,100304.0,120.0,automatic,16905,Santiago de Compostela,15703,A Coruña,Santiago de Compostela
Citroen,C4 SpaceTourer,Diésel,100304.0,120.0,automatic,16905,Santafe,18320,Granada,Santafe
Citroen,C4 SpaceTourer,Diésel,100304.0,120.0,automatic,16905,Alameda del Obispo,14005,Córdoba,Alameda del Obispo
Citroen,C4 SpaceTourer,Diésel,100304.0,120.0,automatic,16905,Getafe,28906,Madrid,Getafe
Citroen,C4 SpaceTourer,Diésel,100304.0,120.0,automatic,16905,Colonia Pablo Iglesias,28520,Madrid,Colonia Pablo Iglesias
Citroen,C4 SpaceTourer,Diésel,100304.0,120.0,automatic,16905,Torremolinos,29620,Málaga,Torremolinos
Citroen,C4 SpaceTourer,Diésel,100304.0,120.0,automatic,16905,Torremolinos,29620,Málaga,Torremolinos
Citroen,C4 SpaceTourer,Diésel,100304.0,120.0,automatic,16905,Torremolinos,29620,Málaga,Torremolinos
Citroen,C4 SpaceTourer,Diésel,100304.0,120.0,automatic,16905,Castello/Castellon de La Plana,12100,Castellón,Castello/Castellon de La Plana
Citroen,C4 SpaceTourer,Diésel,100304.0,120.0,automatic,16905,Alcobendas,28100,Madrid,Alcobendas
Citroen,C4 SpaceTourer,Diésel,100304.0,120.0,automatic,16905,Albacete,2001,Albacete,Albacete
Citroen,C4 SpaceTourer,Diésel,100304.0,120.0,automatic,16905,Alzira,46600,Valencia,Alzira
Citroen,C4 SpaceTourer,Diésel,100304.0,120.0,automatic,16905,Alzira,46600,Valencia,Alzira
Citroen,C4 SpaceTourer,Diésel,100304.0,120.0,automatic,16905,Hidraulica Santillana,28770,Madrid,Hidraulica Santillana
Citroen,C4 SpaceTourer,Diésel,100304.0,120.0,automatic,16905,Alicante,3007,Alicante,Alicante
Citroen,C4 SpaceTourer,Diésel,100304.0,120.0,automatic,16905,Collado Villalba,28400,Madrid,Collado Villalba
Citroen,C4 SpaceTourer,Diésel,100304.0,120.0,automatic,16905,Collado Villalba,28400,Madrid,Collado Villalba
Citroen,C4 SpaceTourer,Diésel,100304.0,120.0,automatic,16905,Puerto de Sagunto,46520,Valencia,Puerto de Sagunto
Citroen,C4 SpaceTourer,Diésel,100304.0,120.0,automatic,16905,Mercabilbao,48970,Bizkaia,Mercabilbao
Citroen,C4 SpaceTourer,Diésel,100304.0,120.0,automatic,16905,Alcalá de Guadaíra,41500,Sevilla,Alcalá de Guadaíra
Citroen,C4 SpaceTourer,Diésel,100304.0,120.0,automatic,16905,Atarrabia,31610,Navarra,Atarrabia
Citroen,C4 SpaceTourer,Diésel,100304.0,120.0,automatic,16905,Zaragoza,50013,Zaragoza,Zaragoza
Citroen,C4 SpaceTourer,Diésel,100304.0,120.0,automatic,16905,Paterna,46980,Valencia,Paterna
Citroen,C4 SpaceTourer,Diésel,100304.0,120.0,automatic,16905,Barcelona,8007,Barcelona,Barcelona
Citroen,C4 SpaceTourer,Gasolina,104387.0,131.0,manual,15490,Sevilla,41006,Sevilla,Sevilla
Citroen,C4 SpaceTourer,Gasolina,148199.0,165.0,automatic,13890,Sevilla,41006,Sevilla,Sevilla
Citroen,C4 SpaceTourer,Gasolina,148199.0,165.0,automatic,13890,Agirre-Aperribai,48960,Bizkaia,Agirre-Aperribai
Citroen,C4 SpaceTourer,Gasolina,104387.0,131.0,manual,15490,Sant Boi de Llobregat,8830,Barcelona,Sant Boi de Llobregat
Citroen,C4 SpaceTourer,Gasolina,148199.0,165.0,automatic,13890,Sant Boi de Llobregat,8830,Barcelona,Sant Boi de Llobregat
Citroen,C4 SpaceTourer,Gasolina,148199.0,165.0,automatic,13890,Valencia,46002,Valencia,Valencia
Citroen,C4 SpaceTourer,Gasolina,104387.0,131.0,manual,15490,Torrejón de Ardoz,28850,Madrid,Torrejón de Ardoz
Citroen,C4 SpaceTourer,Gasolina,148199.0,165.0,automatic,13890,Torrejón de Ardoz,28850,Madrid,Torrejón de Ardoz
Citroen,C4 SpaceTourer,Gasolina,148199.0,165.0,automatic,13890,Pamplona/Iruña,31003,Navarra,Pamplona/Iruña
Citroen,C4 SpaceTourer,Gasolina,148199.0,165.0,automatic,13890,Bacarot,3114,Alicante,Bacarot
Citroen,C4 SpaceTourer,Diésel,39995.0,120.0,manual,16490,Vigo,36211,Pontevedra,Vigo
Citroen,C4 SpaceTourer,Diésel,39995.0,120.0,manual,16490,Alicante,3010,Alicante,Alicante
Citroen,C4 SpaceTourer,Diésel,39995.0,120.0,manual,16490,Alicante,3010,Murcia,Alicante
Citroen,C4 SpaceTourer,Diésel,39995.0,120.0,manual,16490,Granada,18005,Granada,Granada
Citroen,C4 SpaceTourer,Diésel,39995.0,120.0,manual,16490,Almería,4006,Almería,Almería
Citroen,C4 SpaceTourer,Diésel,39995.0,120.0,manual,16490,Murcia,30005,Murcia,Murcia
Citroen,C4 SpaceTourer,Diésel,39995.0,120.0,manual,16490,Valencia,46001,Valencia,Valencia
Citroen,C4 SpaceTourer,Diésel,39995.0,120.0,manual,16490,Bilbao,48004,Bizkaia,Bilbao
Citroen,C4 SpaceTourer,Diésel,39995.0,120.0,manual,16490,Ciudad Real,13005,Ciudad Real,Ciudad Real
Citroen,C4 SpaceTourer,Diésel,39995.0,120.0,manual,16490,Sevilla,41005,Sevilla,Sevilla
Citroen,C4 SpaceTourer,Diésel,39995.0,120.0,manual,16490,Cáceres,10001,Cáceres,Cáceres
Citroen,C4 SpaceTourer,Diésel,39995.0,120.0,manual,16490,Toledo,45002,Toledo,Toledo
Citroen,C4 SpaceTourer,Diésel,58443.0,130.0,automatic,20750,Madrid,28045,Madrid,Madrid
Citroen,C4 SpaceTourer,Diésel,39995.0,120.0,manual,16490,Málaga,29005,Málaga,Málaga
Citroen,C4 SpaceTourer,Gasolina,115159.0,130.0,manual,17450,Murcia,30003,Murcia,Murcia
Citroen,C4 SpaceTourer,Gasolina,115159.0,130.0,manual,17450,Mercado Parque Corredor del Henares,28850,Madrid,Mercado Parque Corredor del Henares
Citroen,C4 SpaceTourer,Gasolina,115159.0,130.0,manual,17450,Valdepeñas,13300,Ciudad Real,Valdepeñas
Citroen,C4 SpaceTourer,Gasolina,115159.0,130.0,manual,17450,Valdepeñas,13300,Ciudad Real,Valdepeñas
Citroen,C4 SpaceTourer,Gasolina,115159.0,130.0,manual,17450,Granollers,8403,Barcelona,Granollers
Citroen,C4 SpaceTourer,Gasolina,115159.0,130.0,manual,17450,Vigo,36214,Pontevedra,Vigo
Citroen,C4 SpaceTourer,Gasolina,115159.0,130.0,manual,17450,Estepona,29680,Málaga,Estepona
Citroen,C4 SpaceTourer,Gasolina,115159.0,130.0,manual,17450,Saladar,3700,Alicante,Saladar
Citroen,C4 SpaceTourer,Gasolina,115159.0,130.0,manual,17450,Badajoz,6008,Badajoz,Badajoz
Citroen,C4 SpaceTourer,Gasolina,115159.0,130.0,manual,17450,Torremolinos,29620,Málaga,Torremolinos
Citroen,C4 SpaceTourer,Gasolina,115159.0,130.0,manual,17450,Torremolinos,29620,Málaga,Torremolinos
Citroen,C4 SpaceTourer,Gasolina,115159.0,130.0,manual,17450,Torremolinos,29620,Málaga,Torremolinos
Citroen,C4 SpaceTourer,Gasolina,115159.0,130.0,manual,17450,Santafe,18320,Granada,Santafe
Citroen,C4 SpaceTourer,Gasolina,115159.0,130.0,manual,17450,Santiago de Compostela,15703,A Coruña,Santiago de Compostela
Citroen,C4 SpaceTourer,Gasolina,115159.0,130.0,manual,17450,Paterna,46980,Valencia,Paterna
Citroen,C4 SpaceTourer,Gasolina,115159.0,130.0,manual,17450,Puerto de Sagunto,46520,Valencia,Puerto de Sagunto
Citroen,C4 SpaceTourer,Gasolina,115159.0,130.0,manual,17450,Alameda del Obispo,14005,Córdoba,Alameda del Obispo
Citroen,C4 SpaceTourer,Gasolina,115159.0,130.0,manual,17450,Barcelona,8007,Barcelona,Barcelona
Citroen,C4 SpaceTourer,Gasolina,115159.0,130.0,manual,17450,Alzira,46600,Valencia,Alzira
Citroen,C4 SpaceTourer,Gasolina,115159.0,130.0,manual,17450,Alzira,46600,Valencia,Alzira
Citroen,C4 SpaceTourer,Gasolina,115159.0,130.0,manual,17450,Getafe,28906,Madrid,Getafe
Citroen,C4 SpaceTourer,Gasolina,115159.0,130.0,manual,17450,Colonia Pablo Iglesias,28520,Madrid,Colonia Pablo Iglesias
Citroen,C4 SpaceTourer,Gasolina,115159.0,130.0,manual,17450,Mercabilbao,48970,Bizkaia,Mercabilbao
Citroen,C4 SpaceTourer,Gasolina,115159.0,130.0,manual,17450,Atarrabia,31610,Navarra,Atarrabia
Citroen,C4 SpaceTourer,Gasolina,115159.0,130.0,manual,17450,Zaragoza,50013,Zaragoza,Zaragoza
Citroen,C4 SpaceTourer,Gasolina,115159.0,130.0,manual,17450,Alcalá de Guadaíra,41500,Sevilla,Alcalá de Guadaíra
Citroen,C4 SpaceTourer,Gasolina,115159.0,130.0,manual,17450,Castello/Castellon de La Plana,12100,Castellón,Castello/Castellon de La Plana
Citroen,C4 SpaceTourer,Gasolina,115159.0,130.0,manual,17450,Albacete,2001,Albacete,Albacete
Citroen,C4 SpaceTourer,Gasolina,115159.0,130.0,manual,17450,Las Rozas de Madrid,28232,Madrid,Las Rozas de Madrid
Citroen,C4 SpaceTourer,Gasolina,115159.0,130.0,manual,17450,Hidraulica Santillana,28770,Madrid,Hidraulica Santillana
Citroen,C4 SpaceTourer,Gasolina,115159.0,130.0,manual,17450,Collado Villalba,28400,Madrid,Collado Villalba
Citroen,C4 SpaceTourer,Gasolina,115159.0,130.0,manual,17450,Collado Villalba,28400,Madrid,Collado Villalba
Citroen,C4 SpaceTourer,Gasolina,115159.0,130.0,manual,17450,Alicante,3007,Alicante,Alicante
Citroen,C4 SpaceTourer,Gasolina,115159.0,130.0,manual,17450,Alcobendas,28100,Madrid,Alcobendas
Citroen,C4 SpaceTourer,Diésel,145000.0,130.0,manual,15300,Pamplona/Iruña,31006,Navarra,Pamplona/Iruña
Citroen,C4 SpaceTourer,Diésel,158380.0,120.0,automatic,13950,Pamplona/Iruña,31003,Navarra,Pamplona/Iruña
Citroen,C4 SpaceTourer,Diésel,158380.0,120.0,automatic,13950,Bacarot,3114,Alicante,Bacarot
Citroen,C4 SpaceTourer,Diésel,158380.0,120.0,automatic,13950,Valencia,46002,Valencia,Valencia
Citroen,C4 SpaceTourer,Diésel,158380.0,120.0,automatic,13950,Sevilla,41006,Sevilla,Sevilla
Citroen,C4 SpaceTourer,Diésel,158380.0,120.0,automatic,13950,Agirre-Aperribai,48960,Bizkaia,Agirre-Aperribai
Citroen,C4 SpaceTourer,Diésel,158380.0,120.0,automatic,13950,Sant Boi de Llobregat,8830,Barcelona,Sant Boi de Llobregat
Citroen,C4 SpaceTourer,Diésel,158380.0,120.0,automatic,13950,Torrejón de Ardoz,28850,Madrid,Torrejón de Ardoz
Citroen,C4 SpaceTourer,Diésel,99000.0,130.0,manual,17172,Madrid,28009,Madrid,Madrid
Citroen,C4 SpaceTourer,Diésel,99000.0,130.0,manual,17172,Alcalá de Guadaíra,41500,Sevilla,Alcalá de Guadaíra
Citroen,C4 SpaceTourer,Diésel,99000.0,130.0,manual,17172,Málaga,29004,Málaga,Málaga
Citroen,C4 SpaceTourer,Diésel,40665.0,130.0,manual,21500,Colonia Pablo Iglesias,28520,Madrid,Colonia Pablo Iglesias
Citroen,C4 SpaceTourer,Diésel,67000.0,131.0,manual,16790,Esplugues de Llobregat,8950,Barcelona,Esplugues de Llobregat
Citroen,C4 SpaceTourer,Diésel,107982.0,131.0,manual,16990,Baena,14850,Córdoba,Baena
Citroen,C4 SpaceTourer,Diésel,107982.0,131.0,manual,16990,Baena,14850,Córdoba,Baena
Citroen,C4 SpaceTourer,Gasolina,32945.0,110.0,manual,19500,Arriaga,48950,Bizkaia,Arriaga
Citroen,C4 SpaceTourer,Diésel,100000.0,131.0,automatic,19900,Coria,10800,Cáceres,Coria
Citroen,C4 SpaceTourer,Gasolina,37000.0,130.0,manual,18700,Barcelona,8030,Barcelona,Barcelona
Citroen,C4 SpaceTourer,Diésel,123815.0,120.0,automatic,16890,Sevilla,41006,Sevilla,Sevilla
Citroen,C4 SpaceTourer,Diésel,123815.0,120.0,automatic,16890,Bacarot,3114,Alicante,Bacarot
Citroen,C4 SpaceTourer,Diésel,123815.0,120.0,automatic,16890,Torrejón de Ardoz,28850,Madrid,Torrejón de Ardoz
Citroen,C4 SpaceTourer,Diésel,123815.0,120.0,automatic,16890,Valencia,46002,Valencia,Valencia
Citroen,C4 SpaceTourer,Diésel,123815.0,120.0,automatic,16890,Pamplona/Iruña,31003,Navarra,Pamplona/Iruña
Citroen,C4 SpaceTourer,Diésel,123815.0,120.0,automatic,16890,Sant Boi de Llobregat,8830,Barcelona,Sant Boi de Llobregat
Citroen,C4 SpaceTourer,Diésel,123815.0,120.0,automatic,16890,Agirre-Aperribai,48960,Bizkaia,Agirre-Aperribai
Citroen,C4 SpaceTourer,Diésel,90000.0,119.0,automatic,16850,Burjassot,46100,Valencia,Burjassot
Citroen,C4 SpaceTourer,Gasolina,32945.0,110.0,manual,16500,Madrid,28014,Madrid,Madrid
Citroen,C4 SpaceTourer,Gasolina,85649.0,131.0,manual,17950,Pamplona/Iruña,31003,Navarra,Pamplona/Iruña
Citroen,C4 SpaceTourer,Gasolina,85649.0,131.0,manual,17950,Sant Boi de Llobregat,8830,Barcelona,Sant Boi de Llobregat
Citroen,C4 SpaceTourer,Gasolina,85649.0,131.0,manual,17950,Agirre-Aperribai,48960,Bizkaia,Agirre-Aperribai
Citroen,C4 SpaceTourer,Gasolina,85649.0,131.0,manual,17950,Valencia,46002,Valencia,Valencia
Citroen,C4 SpaceTourer,Gasolina,85649.0,131.0,manual,17950,Sevilla,41006,Sevilla,Sevilla
Citroen,C4 SpaceTourer,Gasolina,85649.0,131.0,manual,17950,Bacarot,3114,Alicante,Bacarot
Citroen,C4 SpaceTourer,Gasolina,85649.0,131.0,manual,17950,Torrejón de Ardoz,28850,Madrid,Torrejón de Ardoz
Citroen,C4 SpaceTourer,Diésel,53660.0,131.0,manual,20400,Mairena del Aljarafe,41927,Sevilla,Mairena del Aljarafe
Citroen,C4 SpaceTourer,Diésel,52949.0,130.0,manual,19500,Sant Boi de Llobregat,8830,Barcelona,Sant Boi de Llobregat
Citroen,C4 SpaceTourer,Diésel,53782.0,120.0,manual,19500,Sant Boi de Llobregat,8830,Barcelona,Sant Boi de Llobregat
Volkswagen,Golf,Gasolina,107762.0,122.0,automatic,15180,Colonia Pablo Iglesias,28520,Madrid,Colonia Pablo Iglesias
Volkswagen,Golf,Gasolina,107762.0,122.0,automatic,15180,Estepona,29680,Málaga,Estepona
Volkswagen,Golf,Gasolina,107762.0,122.0,automatic,15180,Vigo,36214,Pontevedra,Vigo
Volkswagen,Golf,Gasolina,107762.0,122.0,automatic,15180,Alcalá de Guadaíra,41500,Sevilla,Alcalá de Guadaíra
Volkswagen,Golf,Gasolina,107762.0,122.0,automatic,15180,Granollers,8403,Barcelona,Granollers
Volkswagen,Golf,Gasolina,107762.0,122.0,automatic,15180,Barcelona,8007,Barcelona,Barcelona
Volkswagen,Golf,Gasolina,107762.0,122.0,automatic,15180,Alcobendas,28100,Madrid,Alcobendas
Volkswagen,Golf,Gasolina,107762.0,122.0,automatic,15180,Santiago de Compostela,15703,A Coruña,Santiago de Compostela
Volkswagen,Golf,Gasolina,107762.0,122.0,automatic,15180,Mercado Parque Corredor del Henares,28850,Madrid,Mercado Parque Corredor del Henares
Volkswagen,Golf,Gasolina,107762.0,122.0,automatic,15180,Alzira,46600,Valencia,Alzira
Volkswagen,Golf,Gasolina,107762.0,122.0,automatic,15180,Alzira,46600,Valencia,Alzira
Volkswagen,Golf,Gasolina,107762.0,122.0,automatic,15180,Atarrabia,31610,Navarra,Atarrabia
Volkswagen,Golf,Gasolina,107762.0,122.0,automatic,15180,Zaragoza,50013,Zaragoza,Zaragoza
Volkswagen,Golf,Gasolina,107762.0,122.0,automatic,15180,Alicante,3007,Alicante,Alicante
Volkswagen,Golf,Gasolina,107762.0,122.0,automatic,15180,Las Rozas de Madrid,28232,Madrid,Las Rozas de Madrid
Volkswagen,Golf,Gasolina,107762.0,122.0,automatic,15180,Valdepeñas,13300,Ciudad Real,Valdepeñas
Volkswagen,Golf,Gasolina,107762.0,122.0,automatic,15180,Valdepeñas,13300,Ciudad Real,Valdepeñas
Volkswagen,Golf,Gasolina,107762.0,122.0,automatic,15180,Getafe,28906,Madrid,Getafe
Volkswagen,Golf,Gasolina,107762.0,122.0,automatic,15180,Hidraulica Santillana,28770,Madrid,Hidraulica Santillana
Volkswagen,Golf,Gasolina,107762.0,122.0,automatic,15180,Santafe,18320,Granada,Santafe
Volkswagen,Golf,Gasolina,55893.0,180.0,automatic,33200,Santa Coloma de Gramenet,8921,Barcelona,Santa Coloma de Gramenet
Volkswagen,Golf,Gasolina,61621.0,290.0,automatic,37900,Santa Coloma de Gramenet,8921,Barcelona,Santa Coloma de Gramenet
Citroen,Berlingo,Diésel,57000.0,102.0,manual,23800,Ugarte,48510,Bizkaia,Ugarte
Citroen,Berlingo,Diésel,170000.0,92.0,manual,13499,Catarroja,46470,Valencia,Catarroja
Citroen,Berlingo,Diésel,170000.0,92.0,manual,13499,Catarroja,46470,Valencia,Catarroja
Citroen,Berlingo,Diésel,170000.0,92.0,manual,13499,Catarroja,46470,Valencia,Catarroja
Citroen,Berlingo,Diésel,170000.0,92.0,manual,13499,Catarroja,46470,Valencia,Catarroja
Citroen,Berlingo,Diésel,99900.0,100.0,manual,15100,Aspe,3680,Alicante,Aspe
Audi,A8,Diésel,188410.0,250.0,automatic,22990,Algeciras,11202,Cádiz,Algeciras
Audi,A8,Diésel,188410.0,250.0,automatic,22990,Alicante,3010,Alicante,Alicante
Audi,A8,Diésel,188410.0,250.0,automatic,22990,Alicante,3010,Murcia,Alicante
Audi,A8,Diésel,188410.0,250.0,automatic,22990,Almería,4006,Almería,Almería
Citroen,Berlingo,Diésel,167000.0,75.0,manual,10999,Mairena del Alcor,41510,Sevilla,Mairena del Alcor
Alfa Romeo,156,Diésel,235000.0,115.0,manual,4600,Coiros de Arriba,15316,A Coruña,Coiros de Arriba
Citroen,Berlingo,Diésel,49133.0,102.0,manual,20490,Madrid,28860,Madrid,Madrid
Citroen,Berlingo,Diésel,49133.0,102.0,manual,19790,Madrid,28860,Madrid,Madrid
Citroen,Berlingo,Diésel,94423.0,102.0,manual,18500,Madrid,28860,Madrid,Madrid
Citroen,Berlingo,Diésel,94423.0,102.0,manual,17800,Madrid,28860,Madrid,Madrid
Honda,HR-V,Gasolina,77000.0,130.0,automatic,20450,Castello/Castellon de La Plana,12100,Castellón,Castello/Castellon de La Plana
Honda,HR-V,Gasolina,77000.0,130.0,automatic,20450,Paterna,46980,Valencia,Paterna
Honda,HR-V,Gasolina,77000.0,130.0,automatic,20450,Mercabilbao,48970,Bizkaia,Mercabilbao
Honda,HR-V,Gasolina,77000.0,130.0,automatic,20450,Santafe,18320,Granada,Santafe
Honda,HR-V,Gasolina,77000.0,130.0,automatic,20450,Atarrabia,31610,Navarra,Atarrabia
Honda,HR-V,Gasolina,77000.0,130.0,automatic,20450,Collado Villalba,28400,Madrid,Collado Villalba
Honda,HR-V,Gasolina,77000.0,130.0,automatic,20450,Collado Villalba,28400,Madrid,Collado Villalba
Honda,HR-V,Gasolina,77000.0,130.0,automatic,20450,Getafe,28906,Madrid,Getafe
Honda,HR-V,Gasolina,77000.0,130.0,automatic,20450,Colonia Pablo Iglesias,28520,Madrid,Colonia Pablo Iglesias
Honda,HR-V,Gasolina,77000.0,130.0,automatic,20450,Las Rozas de Madrid,28232,Madrid,Las Rozas de Madrid
Honda,HR-V,Gasolina,77000.0,130.0,automatic,20450,Alameda del Obispo,14005,Córdoba,Alameda del Obispo
Honda,HR-V,Gasolina,77000.0,130.0,automatic,20450,Torremolinos,29620,Málaga,Torremolinos
Honda,HR-V,Gasolina,77000.0,130.0,automatic,20450,Torremolinos,29620,Málaga,Torremolinos
Honda,HR-V,Gasolina,77000.0,130.0,automatic,20450,Torremolinos,29620,Málaga,Torremolinos
Honda,HR-V,Diésel,132000.0,120.0,manual,16500,Rutis,15174,A Coruña,Rutis
Honda,HR-V,Diésel,132000.0,120.0,manual,16000,Rutis,15174,A Coruña,Rutis
Citroen,Berlingo,Diésel,87490.0,75.0,manual,14900,Madrid,28860,Madrid,Madrid
Citroen,Berlingo,Diésel,87490.0,75.0,manual,14200,Madrid,28860,Madrid,Madrid
Citroen,Berlingo,Diésel,24000.0,131.0,manual,27500,Zaragoza,50001,Zaragoza,Zaragoza
Citroen,Berlingo,Diésel,87489.0,75.0,manual,14400,Málaga,29006,Málaga,Málaga
Citroen,Berlingo,Diésel,87489.0,75.0,manual,14400,Antequera,29200,Málaga,Antequera
Citroen,Berlingo,Diésel,87489.0,75.0,manual,14900,Antequera,29200,Málaga,Antequera
Citroen,Berlingo,Diésel,160000.0,100.0,manual,11900,Málaga,29005,Málaga,Málaga
Citroen,Berlingo,Diésel,160000.0,100.0,manual,11900,Murcia,30003,Murcia,Murcia
Citroen,Berlingo,Diésel,160000.0,100.0,manual,11900,Madrid,28010,Madrid,Madrid
Citroen,Berlingo,Diésel,160000.0,100.0,manual,11900,Sevilla,41018,Sevilla,Sevilla
Citroen,Berlingo,Diésel,160000.0,100.0,manual,11900,Cúllar Vega,18195,Granada,Cúllar Vega
Citroen,Berlingo,Diésel,151700.0,75.0,manual,10990,Granada,18005,Granada,Granada
Citroen,Berlingo,Diésel,151700.0,75.0,manual,10990,Tarragona,43006,Tarragona,Tarragona
Citroen,Berlingo,Diésel,151700.0,75.0,manual,10990,Murcia,30005,Murcia,Murcia
Citroen,Berlingo,Diésel,151700.0,75.0,manual,10990,Valencia,46001,Valencia,Valencia
Citroen,Berlingo,Diésel,151700.0,75.0,manual,10990,Bilbao,48004,Bizkaia,Bilbao
Citroen,Berlingo,Diésel,70836.0,75.0,manual,14900,Málaga,29015,Málaga,Málaga
Citroen,Berlingo,Diésel,70836.0,75.0,manual,14600,Málaga,29015,Málaga,Málaga
Citroen,Berlingo,Diésel,151700.0,75.0,manual,10990,Palma de Mallorca,7003,Baleares,Palma de Mallorca
Citroen,Berlingo,Diésel,83677.0,100.0,manual,14190,Ciudad Real,13003,Ciudad Real,Ciudad Real
Citroen,Berlingo,Diésel,83677.0,100.0,manual,14190,Albacete,2001,Albacete,Albacete
Citroen,Berlingo,Diésel,83677.0,100.0,manual,14190,Valdepeñas,13300,Ciudad Real,Valdepeñas
Citroen,Berlingo,Diésel,83677.0,100.0,manual,14190,Valdepeñas,13300,Ciudad Real,Valdepeñas
Citroen,Berlingo,Diésel,70836.0,75.0,manual,14900,A Coruña,15003,A Coruña,A Coruña
Citroen,Berlingo,Diésel,70836.0,75.0,manual,14600,A Coruña,15003,A Coruña,A Coruña
Citroen,Berlingo,Diésel,149500.0,75.0,manual,7500,Fuente del Rey,41703,Sevilla,Fuente del Rey
Citroen,Berlingo,Diésel,99000.0,102.0,manual,16300,Fornells de la Selva,17458,Girona,Fornells de la Selva
Citroen,Berlingo,Diésel,97000.0,100.0,manual,14500,La Puebla de Alfindén,50171,Zaragoza,La Puebla de Alfindén
Citroen,Berlingo,Diésel,12096.0,100.0,manual,17900,Madrid,28014,Madrid,Madrid
Citroen,Berlingo,Diésel,160000.0,100.0,manual,13500,Tarrega,25300,Lleida,Tarrega
Citroen,Berlingo,Diésel,0.0,76.0,manual,14000,Almonte,21730,Huelva,Almonte
Citroen,Berlingo,Diésel,50000.0,100.0,manual,21490,Alzira,46600,Valencia,Alzira
Citroen,Berlingo,Diésel,50000.0,100.0,manual,21490,Alzira,46600,Valencia,Alzira
Citroen,Berlingo,Diésel,38000.0,102.0,manual,23490,Alzira,46600,Valencia,Alzira
Citroen,Berlingo,Diésel,38000.0,102.0,manual,23490,Alzira,46600,Valencia,Alzira
Citroen,Berlingo,Diésel,140000.0,100.0,manual,13990,Calonge,17251,Girona,Calonge
Citroen,Berlingo,Diésel,132000.0,100.0,manual,11950,Calonge,17251,Girona,Calonge
Citroen,Berlingo,Diésel,135000.0,100.0,manual,18990,Alzira,46600,Valencia,Alzira
Citroen,Berlingo,Diésel,135000.0,100.0,manual,18990,Alzira,46600,Valencia,Alzira
Citroen,Berlingo,Diésel,11000.0,131.0,manual,32900,Mairena del Aljarafe,41927,Sevilla,Mairena del Aljarafe
Citroen,Berlingo,Diésel,138000.0,92.0,manual,7490,L'Hospitalet de Llobregat,8901,Barcelona,L'Hospitalet de Llobregat
Citroen,Berlingo,Diésel,49000.0,131.0,manual,23300,Sant Fruitós de Bages,8272,Barcelona,Sant Fruitós de Bages
Citroen,Berlingo,Diésel,123130.0,100.0,manual,14999,Los Palacios y Villafranca,41720,Sevilla,Los Palacios y Villafranca
Citroen,Berlingo,Diésel,123130.0,100.0,manual,14999,Los Palacios y Villafranca,41720,Sevilla,Los Palacios y Villafranca
Citroen,Berlingo,Diésel,63000.0,131.0,automatic,27900,Zaragoza,50001,Zaragoza,Zaragoza
Citroen,Berlingo,Diésel,126855.0,100.0,manual,227,Oliva,46780,Valencia,Oliva
Citroen,Berlingo,Diésel,70836.0,75.0,manual,14900,Granada,18002,Granada,Granada
Citroen,Berlingo,Diésel,70836.0,75.0,manual,14600,Granada,18002,Granada,Granada
Citroen,Berlingo,Diésel,59000.0,130.0,manual,22490,Murcia,30005,Murcia,Murcia
Citroen,Berlingo,Diésel,70836.0,75.0,manual,14900,Santander,39002,Cantabria,Santander
Citroen,Berlingo,Diésel,70836.0,75.0,manual,14600,Santander,39002,Cantabria,Santander
Citroen,Berlingo,Diésel,59000.0,130.0,manual,22490,Bilbao,48004,Bizkaia,Bilbao
Citroen,Berlingo,Diésel,70836.0,75.0,manual,14900,Barcelona,8013,Barcelona,Barcelona
Citroen,Berlingo,Diésel,70836.0,75.0,manual,14600,Barcelona,8013,Barcelona,Barcelona
Citroen,Berlingo,Diésel,70836.0,75.0,manual,14900,Zaragoza,50003,Zaragoza,Zaragoza
Citroen,Berlingo,Diésel,70836.0,75.0,manual,14600,Zaragoza,50003,Zaragoza,Zaragoza
Citroen,Berlingo,Diésel,59000.0,130.0,manual,22490,Cáceres,10001,Cáceres,Cáceres
Citroen,Berlingo,Diésel,59000.0,130.0,manual,22490,Valencia,46001,Valencia,Valencia
Citroen,Berlingo,Diésel,59000.0,130.0,manual,22490,Almería,4006,Almería,Almería
Citroen,Berlingo,Diésel,63763.0,100.0,manual,23990,Murcia,30005,Murcia,Murcia
Citroen,Berlingo,Diésel,70836.0,75.0,manual,14900,Donostia-San Sebastián,20005,Gipuzkoa,Donostia-San Sebastián
Citroen,Berlingo,Diésel,70836.0,75.0,manual,14600,Donostia-San Sebastián,20005,Gipuzkoa,Donostia-San Sebastián
Citroen,Berlingo,Diésel,70836.0,75.0,manual,14900,Alcalá de Henares,28801,Madrid,Alcalá de Henares
Citroen,Berlingo,Diésel,70836.0,75.0,manual,14600,Alcalá de Henares,28801,Madrid,Alcalá de Henares
Citroen,Berlingo,Diésel,63763.0,100.0,manual,23990,Bilbao,48004,Bizkaia,Bilbao
Citroen,Berlingo,Diésel,63763.0,100.0,manual,23990,Valencia,46001,Valencia,Valencia
Citroen,Berlingo,Diésel,63763.0,100.0,manual,23990,Almería,4006,Almería,Almería
Citroen,Berlingo,Diésel,63763.0,100.0,manual,23990,Palma de Mallorca,7003,Baleares,Palma de Mallorca
Citroen,Berlingo,Diésel,63763.0,100.0,manual,23990,Palau-Solita I Plegamans,8184,Barcelona,Palau-Solita I Plegamans
Citroen,Berlingo,Diésel,63763.0,100.0,manual,23990,Palau-Solita I Plegamans,8184,Barcelona,Palau-Solita I Plegamans
Citroen,Berlingo,Diésel,63763.0,100.0,manual,23990,Òrrius,8317,Barcelona,Òrrius
Citroen,Berlingo,Diésel,59000.0,130.0,manual,22490,Toledo,45002,Toledo,Toledo
Citroen,Berlingo,Diésel,63763.0,100.0,manual,23990,Tarragona,43006,Tarragona,Tarragona
Citroen,Berlingo,Diésel,63763.0,100.0,manual,23990,Ullastrell,8231,Barcelona,Ullastrell
Citroen,Berlingo,Diésel,63763.0,100.0,manual,23990,Girona,17007,Girona,Girona
Citroen,Berlingo,Diésel,114931.0,92.0,manual,12990,Alzira,46600,Valencia,Alzira
Citroen,Berlingo,Diésel,114931.0,92.0,manual,12990,Alzira,46600,Valencia,Alzira
Citroen,Berlingo,Diésel,70836.0,75.0,manual,14900,San Sebastián de Los Reyes,28700,Madrid,San Sebastián de Los Reyes
Citroen,Berlingo,Diésel,70836.0,75.0,manual,14600,San Sebastián de Los Reyes,28700,Madrid,San Sebastián de Los Reyes
Citroen,Berlingo,Diésel,70836.0,75.0,manual,14900,Valencia,46003,Valencia,Valencia
Citroen,Berlingo,Diésel,70836.0,75.0,manual,14600,Valencia,46003,Valencia,Valencia
Citroen,Berlingo,Diésel,70836.0,75.0,manual,14900,Murcia,30001,Murcia,Murcia
Citroen,Berlingo,Diésel,70836.0,75.0,manual,14600,Murcia,30001,Murcia,Murcia
Citroen,Berlingo,Diésel,70836.0,75.0,manual,14900,Sabadell,8203,Barcelona,Sabadell
Citroen,Berlingo,Diésel,70836.0,75.0,manual,14600,Sabadell,8203,Barcelona,Sabadell
Citroen,Berlingo,Diésel,70836.0,75.0,manual,14900,Alcobendas,28100,Madrid,Alcobendas
Citroen,Berlingo,Diésel,70836.0,75.0,manual,14600,Alcobendas,28100,Madrid,Alcobendas
Citroen,Berlingo,Diésel,144235.0,92.0,manual,8950,Madrid,28046,Madrid,Madrid
Citroen,Berlingo,Diésel,70836.0,75.0,manual,14900,Toledo,45002,Toledo,Toledo
Citroen,Berlingo,Diésel,70836.0,75.0,manual,14600,Toledo,45002,Toledo,Toledo
Citroen,Berlingo,Diésel,144235.0,92.0,manual,8950,Leganés,28916,Madrid,Leganés
Citroen,Berlingo,Diésel,144235.0,92.0,manual,8950,Alcobendas,28100,Madrid,Alcobendas
Citroen,Berlingo,Diésel,70836.0,75.0,manual,14900,Sant Cugat del Vallès,8172,Barcelona,Sant Cugat del Vallès
Citroen,Berlingo,Diésel,70836.0,75.0,manual,14600,Sant Cugat del Vallès,8172,Barcelona,Sant Cugat del Vallès
Citroen,Berlingo,Diésel,70836.0,75.0,manual,14900,Leganés,28914,Madrid,Leganés
Citroen,Berlingo,Diésel,70836.0,75.0,manual,14600,Leganés,28914,Madrid,Leganés
Citroen,Berlingo,Diésel,70836.0,75.0,manual,14900,Madrid,28013,Madrid,Madrid
Citroen,Berlingo,Diésel,70836.0,75.0,manual,14600,Madrid,28013,Madrid,Madrid
Citroen,Berlingo,Diésel,70836.0,75.0,manual,14900,Huelva,21004,Huelva,Huelva
Citroen,Berlingo,Diésel,70836.0,75.0,manual,14600,Huelva,21004,Huelva,Huelva
Citroen,Berlingo,Diésel,70836.0,75.0,manual,14900,Leganés,28911,Madrid,Leganés
Citroen,Berlingo,Diésel,70836.0,75.0,manual,14600,Leganés,28911,Madrid,Leganés
Citroen,Berlingo,Diésel,70836.0,75.0,manual,14900,Móstoles,28931,Madrid,Móstoles
Citroen,Berlingo,Diésel,70836.0,75.0,manual,14600,Móstoles,28931,Madrid,Móstoles
Citroen,Berlingo,Diésel,134658.0,112.0,manual,8499,Lorquí,30564,Murcia,Lorquí
Citroen,Berlingo,Diésel,220000.0,75.0,manual,6000,Tarragona,43005,Tarragona,Tarragona
Citroen,Berlingo,Diésel,245000.0,71.0,manual,1890,Reus,43204,Tarragona,Reus
Citroen,Berlingo,Diésel,44000.0,131.0,manual,28500,Deltebre,43580,Tarragona,Deltebre
Citroen,Berlingo,Diésel,98116.0,75.0,manual,13800,Madrid,28021,Madrid,Madrid
Citroen,Berlingo,Diésel,190000.0,100.0,manual,7990,San Bizenti-Barakaldo,48902,Bizkaia,San Bizenti-Barakaldo
Citroen,Berlingo,Diésel,0.0,100.0,manual,16000,Almonte,21730,Huelva,Almonte
Citroen,Berlingo,Diésel,0.0,100.0,manual,15500,Almonte,21730,Huelva,Almonte
Citroen,Berlingo,Diésel,55000.0,100.0,manual,15999,El Guincho,38639,Santa Cruz de Tenerife,El Guincho
Citroen,Berlingo,Diésel,55000.0,100.0,manual,15999,El Guincho,38639,Santa Cruz de Tenerife,El Guincho
Citroen,Berlingo,Diésel,55000.0,100.0,manual,15999,El Guincho,38639,Santa Cruz de Tenerife,El Guincho
Citroen,Berlingo,Diésel,193198.0,92.0,manual,9499,Orilla del Azarbe,30163,Murcia,Orilla del Azarbe
Citroen,Berlingo,Diésel,200000.0,92.0,manual,11900,Móstoles,28938,Madrid,Móstoles
Citroen,Berlingo,Diésel,175000.0,100.0,manual,13995,Alicante,3010,Alicante,Alicante
Citroen,Berlingo,Diésel,175000.0,100.0,manual,13995,Alicante,3010,Murcia,Alicante
Citroen,Berlingo,Diésel,146758.0,99.0,manual,10890,Sant Boi de Llobregat,8830,Barcelona,Sant Boi de Llobregat
Citroen,Berlingo,Diésel,146758.0,99.0,manual,10890,Valencia,46002,Valencia,Valencia
Citroen,Berlingo,Diésel,23459.0,99.0,manual,18199,Madrid,28014,Madrid,Madrid
Citroen,Berlingo,Diésel,23459.0,99.0,manual,17999,Madrid,28014,Madrid,Madrid
Citroen,Berlingo,Diésel,23459.0,99.0,manual,18199,Barcelona,8007,Barcelona,Barcelona
Citroen,Berlingo,Diésel,23459.0,99.0,manual,17999,Barcelona,8007,Barcelona,Barcelona
Citroen,Berlingo,Diésel,114318.0,99.0,manual,14699,Madrid,28014,Madrid,Madrid
Citroen,Berlingo,Diésel,114318.0,99.0,manual,14499,Madrid,28014,Madrid,Madrid
Citroen,Berlingo,Diésel,114318.0,99.0,manual,14699,Barcelona,8007,Barcelona,Barcelona
Citroen,Berlingo,Diésel,114318.0,99.0,manual,14499,Barcelona,8007,Barcelona,Barcelona
Citroen,Berlingo,Diésel,60008.0,102.0,manual,19099,Madrid,28014,Madrid,Madrid
Citroen,Berlingo,Diésel,60008.0,102.0,manual,19099,Barcelona,8007,Barcelona,Barcelona
Citroen,Berlingo,Gasolina,36490.0,110.0,manual,23799,Madrid,28014,Madrid,Madrid
Citroen,Berlingo,Gasolina,36490.0,110.0,manual,23499,Madrid,28014,Madrid,Madrid
Citroen,Berlingo,Gasolina,36490.0,110.0,manual,23799,Barcelona,8007,Barcelona,Barcelona
Citroen,Berlingo,Gasolina,36490.0,110.0,manual,23499,Barcelona,8007,Barcelona,Barcelona
Citroen,Berlingo,Gasolina,45090.0,110.0,manual,25300,Colonia Pablo Iglesias,28520,Madrid,Colonia Pablo Iglesias
Citroen,Berlingo,Diésel,146758.0,99.0,manual,10890,Torrejón de Ardoz,28850,Madrid,Torrejón de Ardoz
Citroen,Berlingo,Gasolina,45090.0,110.0,manual,25300,Alameda del Obispo,14005,Córdoba,Alameda del Obispo
Citroen,Berlingo,Gasolina,45090.0,110.0,manual,25300,Atarrabia,31610,Navarra,Atarrabia
Citroen,Berlingo,Diésel,160000.0,100.0,manual,8500,Bollullos de la Mitación,41110,Sevilla,Bollullos de la Mitación
Citroen,Berlingo,Diésel,159000.0,90.0,manual,7900,Villanueva del Arzobispo,23330,Jaén,Villanueva del Arzobispo
Citroen,Berlingo,Diésel,163.0,75.0,manual,7000,Madrid,28008,Madrid,Madrid
Citroen,Berlingo,Diésel,74975.0,100.0,manual,13700,El Esparragal,30163,Murcia,El Esparragal
Citroen,Berlingo,Gasolina,45090.0,110.0,manual,25300,Estepona,29680,Málaga,Estepona
Citroen,Berlingo,Gasolina,45090.0,110.0,manual,25300,Santafe,18320,Granada,Santafe
Citroen,Berlingo,Gasolina,45090.0,110.0,manual,25300,Alicante,3007,Alicante,Alicante
Citroen,Berlingo,Diésel,127979.0,75.0,manual,11198,Sevilla,41005,Sevilla,Sevilla
Citroen,Berlingo,Diésel,24274.0,100.0,manual,15331,Sevilla,41005,Sevilla,Sevilla
Citroen,Berlingo,Diésel,104000.0,100.0,manual,10900,Trapaga-Causo,48510,Bizkaia,Trapaga-Causo
Citroen,Berlingo,Diésel,70191.0,99.0,manual,14899,Torrejón de Ardoz,28850,Madrid,Torrejón de Ardoz
Citroen,Berlingo,Diésel,70191.0,99.0,manual,14899,Valencia,46002,Valencia,Valencia
Citroen,Berlingo,Diésel,129094.0,75.0,manual,8900,Vigo,36204,Pontevedra,Vigo
Citroen,Berlingo,Diésel,139970.0,75.0,manual,12500,Vigo,36204,Pontevedra,Vigo
Citroen,Berlingo,Diésel,70191.0,99.0,manual,14899,Sevilla,41006,Sevilla,Sevilla
Citroen,Berlingo,Diésel,70191.0,99.0,manual,14899,Sant Boi de Llobregat,8830,Barcelona,Sant Boi de Llobregat
Citroen,Berlingo,Diésel,26989.0,102.0,manual,25900,Bilbao,48006,Bizkaia,Bilbao
Citroen,Berlingo,Diésel,139087.0,110.0,manual,16900,O Birloque,15008,A Coruña,O Birloque
Citroen,Berlingo,Diésel,139087.0,110.0,manual,16900,O Birloque,15008,A Coruña,O Birloque
Citroen,Berlingo,Diésel,86550.0,100.0,manual,19800,Alfafar,46910,Valencia,Alfafar
Citroen,Berlingo,Diésel,86550.0,100.0,manual,19800,Alfafar,46910,Valencia,Alfafar
Citroen,Berlingo,Diésel,86550.0,100.0,manual,19800,Alfafar,46910,Valencia,Alfafar
Citroen,Berlingo,Diésel,86550.0,100.0,manual,19800,Alfafar,46910,Valencia,Alfafar
Citroen,Berlingo,Diésel,160000.0,109.0,manual,8900,Monteagudo,30160,Murcia,Monteagudo
Citroen,Berlingo,Diésel,150000.0,100.0,manual,10500,Valencia,46017,Valencia,Valencia
Citroen,Berlingo,Diésel,67000.0,102.0,manual,15500,Montijo,6480,Badajoz,Montijo
Citroen,Berlingo,Diésel,298000.0,100.0,manual,5900,Móstoles,28938,Madrid,Móstoles
Citroen,Berlingo,Diésel,69000.0,130.0,manual,21190,Almería,4006,Almería,Almería
Citroen,Berlingo,Diésel,69000.0,130.0,manual,20990,Almería,4006,Almería,Almería
Citroen,Berlingo,Diésel,69000.0,130.0,manual,21190,Bilbao,48004,Bizkaia,Bilbao
Citroen,Berlingo,Diésel,69000.0,130.0,manual,20990,Bilbao,48004,Bizkaia,Bilbao
Citroen,Berlingo,Diésel,69000.0,130.0,manual,21190,Vigo,36211,Pontevedra,Vigo
Citroen,Berlingo,Diésel,69000.0,130.0,manual,20990,Vigo,36211,Pontevedra,Vigo
Citroen,Berlingo,Diésel,69000.0,130.0,manual,21190,Sevilla,41005,Sevilla,Sevilla
Citroen,Berlingo,Diésel,69000.0,130.0,manual,20990,Sevilla,41005,Sevilla,Sevilla
Citroen,Berlingo,Diésel,69000.0,130.0,manual,21190,Málaga,29005,Málaga,Málaga
Citroen,Berlingo,Diésel,69000.0,130.0,manual,20990,Málaga,29005,Málaga,Málaga
Citroen,Berlingo,Diésel,69000.0,130.0,manual,21190,Alicante,3010,Alicante,Alicante
Citroen,Berlingo,Diésel,69000.0,130.0,manual,21190,Alicante,3010,Murcia,Alicante
Citroen,Berlingo,Diésel,69000.0,130.0,manual,20990,Alicante,3010,Alicante,Alicante
Citroen,Berlingo,Diésel,69000.0,130.0,manual,20990,Alicante,3010,Murcia,Alicante
Citroen,Berlingo,Diésel,69000.0,130.0,manual,21190,Valencia,46001,Valencia,Valencia
Citroen,Berlingo,Diésel,69000.0,130.0,manual,20990,Valencia,46001,Valencia,Valencia
Citroen,Berlingo,Diésel,69000.0,130.0,manual,21190,Granada,18005,Granada,Granada
Citroen,Berlingo,Diésel,69000.0,130.0,manual,20990,Granada,18005,Granada,Granada
Citroen,Berlingo,Diésel,69000.0,130.0,manual,21190,Urbanizacion La Granjilla,28700,Madrid,Urbanizacion La Granjilla
Citroen,Berlingo,Diésel,69000.0,130.0,manual,20990,Urbanizacion La Granjilla,28700,Madrid,Urbanizacion La Granjilla
Citroen,Berlingo,Diésel,69000.0,130.0,manual,21190,Murcia,30005,Murcia,Murcia
Citroen,Berlingo,Diésel,69000.0,130.0,manual,20990,Murcia,30005,Murcia,Murcia
Citroen,Berlingo,Diésel,69000.0,130.0,manual,21190,Fuenlabrada,28947,Madrid,Fuenlabrada
Citroen,Berlingo,Diésel,69000.0,130.0,manual,20990,Fuenlabrada,28947,Madrid,Fuenlabrada
Citroen,Berlingo,Diésel,69000.0,130.0,manual,21190,Las Rozas de Madrid,28232,Madrid,Las Rozas de Madrid
Citroen,Berlingo,Diésel,69000.0,130.0,manual,20990,Las Rozas de Madrid,28232,Madrid,Las Rozas de Madrid
Citroen,Berlingo,Diésel,69000.0,130.0,manual,21190,Collado Villalba,28400,Madrid,Collado Villalba
Citroen,Berlingo,Diésel,69000.0,130.0,manual,21190,Collado Villalba,28400,Madrid,Collado Villalba
Citroen,Berlingo,Diésel,69000.0,130.0,manual,20990,Collado Villalba,28400,Madrid,Collado Villalba
Citroen,Berlingo,Diésel,69000.0,130.0,manual,20990,Collado Villalba,28400,Madrid,Collado Villalba
Citroen,Berlingo,Diésel,69000.0,130.0,manual,21190,Villaviciosa de Odón,28670,Madrid,Villaviciosa de Odón
Citroen,Berlingo,Diésel,69000.0,130.0,manual,20990,Villaviciosa de Odón,28670,Madrid,Villaviciosa de Odón
Citroen,Berlingo,Diésel,69000.0,130.0,manual,21190,Toledo,45002,Toledo,Toledo
Citroen,Berlingo,Diésel,69000.0,130.0,manual,20990,Toledo,45002,Toledo,Toledo
Citroen,Berlingo,Diésel,69000.0,130.0,manual,21190,Colonia Pablo Iglesias,28520,Madrid,Colonia Pablo Iglesias
Citroen,Berlingo,Diésel,69000.0,130.0,manual,20990,Colonia Pablo Iglesias,28520,Madrid,Colonia Pablo Iglesias
Citroen,Berlingo,Diésel,69000.0,130.0,manual,21190,Camarma de Esteruelas,28816,Madrid,Camarma de Esteruelas
Citroen,Berlingo,Diésel,69000.0,130.0,manual,21190,Camarma de Esteruelas,28816,Madrid,Camarma de Esteruelas
Citroen,Berlingo,Diésel,69000.0,130.0,manual,20990,Camarma de Esteruelas,28816,Madrid,Camarma de Esteruelas
Citroen,Berlingo,Diésel,69000.0,130.0,manual,20990,Camarma de Esteruelas,28816,Madrid,Camarma de Esteruelas
Citroen,Berlingo,Diésel,116000.0,100.0,manual,12400,Barcelona,8005,Barcelona,Barcelona
Citroen,Berlingo,Diésel,209000.0,90.0,manual,4200,Cocentaina,3820,Alicante,Cocentaina
Citroen,Berlingo,Diésel,172000.0,90.0,manual,2795,El Moli d'en Rovira,8720,Barcelona,El Moli d'en Rovira
Citroen,Berlingo,Diésel,162000.0,92.0,manual,10990,Málaga,29006,Málaga,Málaga
Citroen,Berlingo,Diésel,34018.0,100.0,manual,23990,La Canonja,43110,Tarragona,La Canonja
Citroen,Berlingo,Diésel,34018.0,100.0,manual,23990,Barcelona,8007,Barcelona,Barcelona
Citroen,Berlingo,Gasolina,84000.0,110.0,manual,23575,Mercado Parque Corredor del Henares,28850,Madrid,Mercado Parque Corredor del Henares
Citroen,Berlingo,Diésel,208415.0,75.0,manual,7900,Varea,26008,La Rioja,Varea
Citroen,Berlingo,Diésel,146500.0,100.0,manual,10990,Málaga,29005,Málaga,Málaga
Citroen,Berlingo,Diésel,146500.0,100.0,manual,10490,Málaga,29005,Málaga,Málaga
Citroen,Berlingo,Diésel,13000.0,102.0,manual,25900,Valls,43800,Tarragona,Valls
Citroen,Berlingo,Diésel,215000.0,75.0,manual,5000,Montilla,14550,Córdoba,Montilla
Citroen,Berlingo,Diésel,215000.0,75.0,manual,5000,Montilla,14550,Córdoba,Montilla
Citroen,Berlingo,Diésel,37501.0,110.0,manual,18000,Torrejón de Ardoz,28850,Madrid,Torrejón de Ardoz
Citroen,Berlingo,Diésel,28862.0,100.0,manual,18000,Torrejón de Ardoz,28850,Madrid,Torrejón de Ardoz
Citroen,Berlingo,Gasolina,84000.0,110.0,manual,23575,Granollers,8403,Barcelona,Granollers
Citroen,Berlingo,Diésel,155000.0,92.0,manual,8999,Santa Cruz Santa Cruz,30162,Murcia,Santa Cruz Santa Cruz
Citroen,Berlingo,Diésel,90000.0,114.0,manual,13490,Vic,8500,Barcelona,Vic
Citroen,Berlingo,Gasolina,84000.0,110.0,manual,23575,Sant Vicenç de Montalt,8394,Barcelona,Sant Vicenç de Montalt
Citroen,Berlingo,Diésel,75000.0,100.0,manual,10300,Esplugues de Llobregat,8950,Barcelona,Esplugues de Llobregat
Citroen,Berlingo,Gasolina,84000.0,110.0,manual,23575,Hidraulica Santillana,28770,Madrid,Hidraulica Santillana
Citroen,Berlingo,Gasolina,84000.0,110.0,manual,23575,Alameda del Obispo,14005,Córdoba,Alameda del Obispo
Citroen,Berlingo,Diésel,139000.0,100.0,manual,12650,Navalcarnero,28600,Madrid,Navalcarnero
Citroen,Berlingo,Diésel,107345.0,120.0,manual,15690,Madrid,28021,Madrid,Madrid
Citroen,Berlingo,Diésel,146500.0,100.0,manual,10990,Girona,17007,Girona,Girona
Citroen,Berlingo,Diésel,146500.0,100.0,manual,10490,Girona,17007,Girona,Girona
Citroen,Berlingo,Diésel,81521.0,130.0,manual,22990,Murcia,30005,Murcia,Murcia
Citroen,Berlingo,Diésel,146500.0,100.0,manual,10990,Alicante,3010,Alicante,Alicante
Citroen,Berlingo,Diésel,146500.0,100.0,manual,10990,Alicante,3010,Murcia,Alicante
Citroen,Berlingo,Diésel,146500.0,100.0,manual,10490,Alicante,3010,Alicante,Alicante
Citroen,Berlingo,Diésel,146500.0,100.0,manual,10490,Alicante,3010,Murcia,Alicante
Citroen,Berlingo,Diésel,146500.0,100.0,manual,10990,Sevilla,41005,Sevilla,Sevilla
Citroen,Berlingo,Diésel,146500.0,100.0,manual,10490,Sevilla,41005,Sevilla,Sevilla
Citroen,Berlingo,Diésel,146500.0,100.0,manual,10990,Murcia,30005,Murcia,Murcia
Citroen,Berlingo,Diésel,146500.0,100.0,manual,10490,Murcia,30005,Murcia,Murcia
Citroen,Berlingo,Diésel,146500.0,100.0,manual,10990,Granada,18005,Granada,Granada
Citroen,Berlingo,Diésel,146500.0,100.0,manual,10490,Granada,18005,Granada,Granada
Citroen,Berlingo,Diésel,146500.0,100.0,manual,10990,Vigo,36211,Pontevedra,Vigo
Citroen,Berlingo,Diésel,146500.0,100.0,manual,10490,Vigo,36211,Pontevedra,Vigo
Citroen,Berlingo,Diésel,146500.0,100.0,manual,10990,Palma de Mallorca,7003,Baleares,Palma de Mallorca
Citroen,Berlingo,Diésel,146500.0,100.0,manual,10490,Palma de Mallorca,7003,Baleares,Palma de Mallorca
Citroen,Berlingo,Diésel,119000.0,75.0,manual,12950,Palma de Mallorca,7003,Baleares,Palma de Mallorca
Citroen,Berlingo,Diésel,85089.0,102.0,manual,19799,Madrid,28014,Madrid,Madrid
Citroen,Berlingo,Diésel,85089.0,102.0,manual,19799,Barcelona,8007,Barcelona,Barcelona
Citroen,Berlingo,Diésel,146500.0,100.0,manual,10990,Valencia,46001,Valencia,Valencia
Citroen,Berlingo,Diésel,146500.0,100.0,manual,10490,Valencia,46001,Valencia,Valencia
Citroen,Berlingo,Diésel,146500.0,100.0,manual,10990,Bilbao,48004,Bizkaia,Bilbao
Citroen,Berlingo,Diésel,146500.0,100.0,manual,10490,Bilbao,48004,Bizkaia,Bilbao
Citroen,Berlingo,Diésel,146500.0,100.0,manual,10990,Almería,4006,Almería,Almería
Citroen,Berlingo,Diésel,146500.0,100.0,manual,10490,Almería,4006,Almería,Almería
Citroen,Berlingo,Diésel,146500.0,100.0,manual,10990,Palau-Solita I Plegamans,8184,Barcelona,Palau-Solita I Plegamans
Citroen,Berlingo,Diésel,146500.0,100.0,manual,10990,Palau-Solita I Plegamans,8184,Barcelona,Palau-Solita I Plegamans
Citroen,Berlingo,Diésel,146500.0,100.0,manual,10490,Palau-Solita I Plegamans,8184,Barcelona,Palau-Solita I Plegamans
Citroen,Berlingo,Diésel,146500.0,100.0,manual,10490,Palau-Solita I Plegamans,8184,Barcelona,Palau-Solita I Plegamans
Citroen,Berlingo,Diésel,1.0,102.0,manual,24990,Sant Boi de Llobregat,8830,Barcelona,Sant Boi de Llobregat
Citroen,Berlingo,Diésel,146500.0,100.0,manual,10990,Ullastrell,8231,Barcelona,Ullastrell
Citroen,Berlingo,Diésel,146500.0,100.0,manual,10490,Ullastrell,8231,Barcelona,Ullastrell
Citroen,Berlingo,Diésel,146500.0,100.0,manual,10990,Òrrius,8317,Barcelona,Òrrius
Citroen,Berlingo,Diésel,146500.0,100.0,manual,10490,Òrrius,8317,Barcelona,Òrrius
Citroen,Berlingo,Diésel,48719.0,102.0,manual,21300,Barcelona,8007,Barcelona,Barcelona
Citroen,Berlingo,Diésel,149000.0,100.0,manual,15900,Cádiz,11006,Cádiz,Cádiz
Citroen,Berlingo,Gasolina,84000.0,110.0,manual,23575,Las Rozas de Madrid,28232,Madrid,Las Rozas de Madrid
Citroen,Berlingo,Diésel,151716.0,131.0,manual,23800,Barrio de Porta,46930,Valencia,Barrio de Porta
Citroen,Berlingo,Diésel,151716.0,131.0,manual,20900,Barrio de Porta,46930,Valencia,Barrio de Porta
Citroen,Berlingo,Diésel,261400.0,90.0,manual,6900,Vic,8500,Barcelona,Vic
Citroen,Berlingo,Diésel,138300.0,75.0,manual,8058,Guadalajara,19002,Guadalajara,Guadalajara
Citroen,Berlingo,Diésel,88300.0,130.0,manual,24900,O Rio Da Ucha,36634,Pontevedra,O Rio Da Ucha
Citroen,Berlingo,Diésel,175000.0,114.0,manual,11999,Santa Cruz Santa Cruz,30162,Murcia,Santa Cruz Santa Cruz
Citroen,Berlingo,Diésel,160000.0,75.0,manual,7499,Sant Vicent del Raspeig,3690,Alicante,Sant Vicent del Raspeig
Citroen,Berlingo,Diésel,164000.0,92.0,manual,10989,Alhendín,18620,Granada,Alhendín
Citroen,Berlingo,Diésel,164000.0,92.0,manual,10989,Alhendín,18620,Granada,Alhendín
Citroen,Berlingo,Gasolina,84000.0,110.0,manual,23575,Collado Villalba,28400,Madrid,Collado Villalba
Citroen,Berlingo,Gasolina,84000.0,110.0,manual,23575,Collado Villalba,28400,Madrid,Collado Villalba
Citroen,Berlingo,Diésel,31190.0,130.0,manual,27290,Madrid,28021,Madrid,Madrid
Citroen,Berlingo,Diésel,31190.0,130.0,manual,27490,Madrid,28021,Madrid,Madrid
Citroen,Berlingo,Gasolina,84000.0,110.0,manual,23575,Santa Maria del Aguila,4710,Almería,Santa Maria del Aguila
Audi,S3,Gasolina,145995.0,300.0,automatic,19990,Almería,4006,Almería,Almería
Citroen,Berlingo,Gasolina,84000.0,110.0,manual,23575,Murcia,30003,Murcia,Murcia
Citroen,Berlingo,Diésel,98000.0,102.0,manual,20490,Móstoles,28933,Madrid,Móstoles
Citroen,Berlingo,Gasolina,84000.0,110.0,manual,23575,Albacete,2001,Albacete,Albacete
Citroen,Berlingo,Gasolina,84000.0,110.0,manual,23575,Getafe,28906,Madrid,Getafe
Citroen,Berlingo,Gasolina,84000.0,110.0,manual,23575,Valdepeñas,13300,Ciudad Real,Valdepeñas
Citroen,Berlingo,Gasolina,84000.0,110.0,manual,23575,Valdepeñas,13300,Ciudad Real,Valdepeñas
Citroen,Berlingo,Gasolina,84000.0,110.0,manual,23575,Vigo,36214,Pontevedra,Vigo
Citroen,Berlingo,Gasolina,84000.0,110.0,manual,23575,Saladar,3700,Alicante,Saladar
Citroen,Berlingo,Gasolina,84000.0,110.0,manual,23575,Olèrdola,8734,Barcelona,Olèrdola
Citroen,Berlingo,Gasolina,84000.0,110.0,manual,23575,Olèrdola,8734,Barcelona,Olèrdola
Citroen,Berlingo,Gasolina,84000.0,110.0,manual,23575,Santiago de Compostela,15703,A Coruña,Santiago de Compostela
Citroen,Berlingo,Diésel,129306.0,100.0,manual,15400,Baza,18800,Granada,Baza
Citroen,Berlingo,Gasolina,84000.0,110.0,manual,23575,Colonia Pablo Iglesias,28520,Madrid,Colonia Pablo Iglesias
Citroen,Berlingo,Gasolina,84000.0,110.0,manual,23575,Castello/Castellon de La Plana,12100,Castellón,Castello/Castellon de La Plana
Citroen,Berlingo,Diésel,81521.0,130.0,manual,22990,Huelva,21004,Huelva,Huelva
Citroen,Berlingo,Gasolina,84000.0,110.0,manual,23575,Atarrabia,31610,Navarra,Atarrabia
Citroen,Berlingo,Diésel,108000.0,75.0,manual,9990,Málaga,29005,Málaga,Málaga
Citroen,Berlingo,Diésel,108000.0,75.0,manual,9490,Málaga,29005,Málaga,Málaga
Citroen,Berlingo,Diésel,108000.0,75.0,manual,9990,Palau-Solita I Plegamans,8184,Barcelona,Palau-Solita I Plegamans
Citroen,Berlingo,Diésel,108000.0,75.0,manual,9990,Palau-Solita I Plegamans,8184,Barcelona,Palau-Solita I Plegamans
Citroen,Berlingo,Diésel,108000.0,75.0,manual,9490,Palau-Solita I Plegamans,8184,Barcelona,Palau-Solita I Plegamans
Citroen,Berlingo,Diésel,108000.0,75.0,manual,9490,Palau-Solita I Plegamans,8184,Barcelona,Palau-Solita I Plegamans
Citroen,Berlingo,Diésel,81521.0,130.0,manual,22990,Sevilla,41005,Sevilla,Sevilla
Citroen,Berlingo,Diésel,81521.0,130.0,manual,22990,Valencia,46001,Valencia,Valencia
Citroen,Berlingo,Diésel,81521.0,130.0,manual,22990,Vigo,36211,Pontevedra,Vigo
Citroen,Berlingo,Diésel,81521.0,130.0,manual,22990,Alicante,3010,Alicante,Alicante
Citroen,Berlingo,Diésel,81521.0,130.0,manual,22990,Alicante,3010,Murcia,Alicante
Citroen,Berlingo,Diésel,81521.0,130.0,manual,22990,Granada,18005,Granada,Granada
Citroen,Berlingo,Diésel,81521.0,130.0,manual,22990,Bilbao,48004,Bizkaia,Bilbao
Citroen,Berlingo,Diésel,81521.0,130.0,manual,22990,Almería,4006,Almería,Almería
Citroen,Berlingo,Diésel,81521.0,130.0,manual,22990,Málaga,29005,Málaga,Málaga
Citroen,Berlingo,Diésel,81521.0,130.0,manual,22990,Badajoz,6003,Badajoz,Badajoz
Citroen,Berlingo,Diésel,98796.0,75.0,manual,13721,Esplugues de Llobregat,8950,Barcelona,Esplugues de Llobregat
Citroen,Berlingo,Diésel,81521.0,130.0,manual,22990,Cáceres,10001,Cáceres,Cáceres
Citroen,Berlingo,Diésel,81521.0,130.0,manual,22990,Sevilla,41017,Sevilla,Sevilla
Citroen,Berlingo,Gasolina,84000.0,110.0,manual,23575,Barcelona,8007,Barcelona,Barcelona
Citroen,Berlingo,Gasolina,84000.0,110.0,manual,23575,Ciudad Real,13003,Ciudad Real,Ciudad Real
Citroen,Berlingo,Diésel,179526.0,92.0,manual,11500,Santa Cruz Santa Cruz,30162,Murcia,Santa Cruz Santa Cruz
Citroen,Berlingo,Diésel,240000.0,90.0,manual,7999,Puente Botero,30813,Murcia,Puente Botero
Citroen,Berlingo,Diésel,159000.0,75.0,manual,8500,Villanueva del Arzobispo,23330,Jaén,Villanueva del Arzobispo
Citroen,Berlingo,Diésel,98000.0,75.0,manual,8264,Ripollet,8291,Barcelona,Ripollet
Citroen,Berlingo,Diésel,0.0,90.0,manual,9990,Guarnizo,39611,Cantabria,Guarnizo
Citroen,Berlingo,Gasolina,84000.0,110.0,manual,23575,Alzira,46600,Valencia,Alzira
Citroen,Berlingo,Gasolina,84000.0,110.0,manual,23575,Alzira,46600,Valencia,Alzira
Citroen,Berlingo,Gasolina,84000.0,110.0,manual,23575,Mercabilbao,48970,Bizkaia,Mercabilbao
Citroen,Berlingo,Diésel,78639.0,102.0,manual,18490,Alicante,3010,Alicante,Alicante
Citroen,Berlingo,Diésel,78639.0,102.0,manual,18490,Alicante,3010,Murcia,Alicante
Citroen,Berlingo,Diésel,57290.0,102.0,manual,19990,Alicante,3010,Alicante,Alicante
Citroen,Berlingo,Diésel,57290.0,102.0,manual,19990,Alicante,3010,Murcia,Alicante
Citroen,Berlingo,Diésel,77930.0,130.0,manual,20990,Alicante,3010,Alicante,Alicante
Citroen,Berlingo,Diésel,77930.0,130.0,manual,20990,Alicante,3010,Murcia,Alicante
Citroen,Berlingo,Diésel,38434.0,100.0,manual,18790,Alicante,3010,Alicante,Alicante
Citroen,Berlingo,Diésel,38434.0,100.0,manual,18790,Alicante,3010,Murcia,Alicante
Citroen,Berlingo,Diésel,23000.0,102.0,manual,23890,Alicante,3010,Alicante,Alicante
Citroen,Berlingo,Diésel,23000.0,102.0,manual,23890,Alicante,3010,Murcia,Alicante
Citroen,Berlingo,Diésel,23000.0,102.0,manual,23490,Alicante,3010,Alicante,Alicante
Citroen,Berlingo,Diésel,23000.0,102.0,manual,23490,Alicante,3010,Murcia,Alicante
Citroen,Berlingo,Diésel,24372.0,130.0,manual,25890,Alicante,3010,Alicante,Alicante
Citroen,Berlingo,Diésel,24372.0,130.0,manual,25890,Alicante,3010,Murcia,Alicante
Citroen,Berlingo,Diésel,71000.0,130.0,manual,23490,Alicante,3010,Alicante,Alicante
Citroen,Berlingo,Diésel,71000.0,130.0,manual,23490,Alicante,3010,Murcia,Alicante
Citroen,Berlingo,Diésel,80000.0,102.0,manual,17990,Alicante,3010,Alicante,Alicante
Citroen,Berlingo,Diésel,80000.0,102.0,manual,17990,Alicante,3010,Murcia,Alicante
Citroen,Berlingo,Diésel,59000.0,130.0,automatic,25990,Alicante,3010,Alicante,Alicante
Citroen,Berlingo,Diésel,59000.0,130.0,automatic,25990,Alicante,3010,Murcia,Alicante
Citroen,Berlingo,Diésel,59000.0,130.0,automatic,24990,Alicante,3010,Alicante,Alicante
Citroen,Berlingo,Diésel,59000.0,130.0,automatic,24990,Alicante,3010,Murcia,Alicante
Citroen,Berlingo,Gasolina,84000.0,110.0,manual,23575,Estepona,29680,Málaga,Estepona
Citroen,Berlingo,Gasolina,84000.0,110.0,manual,23575,Torremolinos,29620,Málaga,Torremolinos
Citroen,Berlingo,Gasolina,84000.0,110.0,manual,23575,Torremolinos,29620,Málaga,Torremolinos
Citroen,Berlingo,Gasolina,84000.0,110.0,manual,23575,Torremolinos,29620,Málaga,Torremolinos
Citroen,Berlingo,Diésel,123000.0,92.0,manual,10990,Alicante,3010,Alicante,Alicante
Citroen,Berlingo,Diésel,123000.0,92.0,manual,10990,Alicante,3010,Murcia,Alicante
Citroen,Berlingo,Diésel,123000.0,92.0,manual,11490,Alicante,3010,Alicante,Alicante
Citroen,Berlingo,Diésel,123000.0,92.0,manual,11490,Alicante,3010,Murcia,Alicante
Citroen,Berlingo,Diésel,47000.0,102.0,manual,22990,Alicante,3010,Alicante,Alicante
Citroen,Berlingo,Diésel,47000.0,102.0,manual,22990,Alicante,3010,Murcia,Alicante
Citroen,Berlingo,Diésel,47000.0,102.0,manual,22890,Alicante,3010,Alicante,Alicante
Citroen,Berlingo,Diésel,47000.0,102.0,manual,22890,Alicante,3010,Murcia,Alicante
Citroen,Berlingo,Gasolina,84000.0,110.0,manual,23575,Alcobendas,28100,Madrid,Alcobendas
Citroen,Berlingo,Diésel,79800.0,102.0,manual,22490,Alicante,3010,Alicante,Alicante
Citroen,Berlingo,Diésel,79800.0,102.0,manual,22490,Alicante,3010,Murcia,Alicante
Citroen,Berlingo,Gasolina,84000.0,110.0,manual,23575,Alicante,3007,Alicante,Alicante
Citroen,Berlingo,Diésel,59300.0,130.0,manual,24490,Alicante,3010,Alicante,Alicante
Citroen,Berlingo,Diésel,59300.0,130.0,manual,24490,Alicante,3010,Murcia,Alicante
Citroen,Berlingo,Diésel,78639.0,102.0,manual,18490,Valencia,46001,Valencia,Valencia
Citroen,Berlingo,Diésel,57290.0,102.0,manual,19990,Valencia,46001,Valencia,Valencia
Citroen,Berlingo,Diésel,60253.0,102.0,manual,14990,Alicante,3010,Alicante,Alicante
Citroen,Berlingo,Diésel,60253.0,102.0,manual,14990,Alicante,3010,Murcia,Alicante
Citroen,Berlingo,Diésel,49500.0,102.0,manual,19990,Alicante,3010,Alicante,Alicante
Citroen,Berlingo,Diésel,49500.0,102.0,manual,19990,Alicante,3010,Murcia,Alicante
Citroen,Berlingo,Diésel,77930.0,130.0,manual,20990,Valencia,46001,Valencia,Valencia
Citroen,Berlingo,Diésel,38434.0,100.0,manual,18790,Valencia,46001,Valencia,Valencia
Citroen,Berlingo,Diésel,23000.0,102.0,manual,23890,Valencia,46001,Valencia,Valencia
Citroen,Berlingo,Diésel,23000.0,102.0,manual,23490,Valencia,46001,Valencia,Valencia
Citroen,Berlingo,Diésel,24372.0,130.0,manual,25890,Valencia,46001,Valencia,Valencia
Citroen,Berlingo,Diésel,129839.0,90.0,manual,9500,Aizoain,31195,Navarra,Aizoain
Citroen,Berlingo,Diésel,129839.0,90.0,manual,9500,Aizoain,31195,Navarra,Aizoain
Citroen,Berlingo,Diésel,110360.0,99.0,manual,14990,Alicante,3010,Alicante,Alicante
Citroen,Berlingo,Diésel,110360.0,99.0,manual,14990,Alicante,3010,Murcia,Alicante
Citroen,Berlingo,Diésel,110360.0,99.0,manual,13990,Alicante,3010,Alicante,Alicante
Citroen,Berlingo,Diésel,110360.0,99.0,manual,13990,Alicante,3010,Murcia,Alicante
Citroen,Berlingo,Diésel,71000.0,130.0,manual,23490,Valencia,46001,Valencia,Valencia
Citroen,Berlingo,Diésel,80000.0,102.0,manual,17990,Valencia,46001,Valencia,Valencia
Citroen,Berlingo,Diésel,59000.0,130.0,automatic,25990,Valencia,46001,Valencia,Valencia
Citroen,Berlingo,Diésel,59000.0,130.0,automatic,24990,Valencia,46001,Valencia,Valencia
Citroen,Berlingo,Diésel,63904.0,102.0,manual,17990,Alicante,3010,Alicante,Alicante
Citroen,Berlingo,Diésel,63904.0,102.0,manual,17990,Alicante,3010,Murcia,Alicante
Citroen,Berlingo,Diésel,108000.0,75.0,manual,9990,Alicante,3010,Alicante,Alicante
Citroen,Berlingo,Diésel,108000.0,75.0,manual,9990,Alicante,3010,Murcia,Alicante
Citroen,Berlingo,Diésel,108000.0,75.0,manual,9490,Alicante,3010,Alicante,Alicante
Citroen,Berlingo,Diésel,108000.0,75.0,manual,9490,Alicante,3010,Murcia,Alicante
Citroen,Berlingo,Diésel,123000.0,92.0,manual,10990,Valencia,46001,Valencia,Valencia
Citroen,Berlingo,Diésel,123000.0,92.0,manual,11490,Valencia,46001,Valencia,Valencia
Citroen,Berlingo,Gasolina,84000.0,110.0,manual,23575,Alcalá de Guadaíra,41500,Sevilla,Alcalá de Guadaíra
Citroen,Berlingo,Gasolina,84000.0,110.0,manual,23575,Puerto de Sagunto,46520,Valencia,Puerto de Sagunto
Citroen,Berlingo,Gasolina,84000.0,110.0,manual,23575,Paterna,46980,Valencia,Paterna
Citroen,Berlingo,Diésel,47000.0,102.0,manual,22990,Valencia,46001,Valencia,Valencia
Citroen,Berlingo,Diésel,47000.0,102.0,manual,22890,Valencia,46001,Valencia,Valencia
Citroen,Berlingo,Gasolina,84000.0,110.0,manual,23575,Badajoz,6008,Badajoz,Badajoz
Citroen,Berlingo,Diésel,79800.0,102.0,manual,22490,Valencia,46001,Valencia,Valencia
Citroen,Berlingo,Diésel,59300.0,130.0,manual,24490,Valencia,46001,Valencia,Valencia
Citroen,Berlingo,Diésel,78639.0,102.0,manual,18490,Vigo,36211,Pontevedra,Vigo
Citroen,Berlingo,Diésel,57290.0,102.0,manual,19990,Vigo,36211,Pontevedra,Vigo
Citroen,Berlingo,Diésel,60253.0,102.0,manual,14990,Valencia,46001,Valencia,Valencia
Citroen,Berlingo,Diésel,141000.0,75.0,manual,7785,Córdoba,14007,Córdoba,Córdoba
Citroen,Berlingo,Diésel,49500.0,102.0,manual,19990,Valencia,46001,Valencia,Valencia
Citroen,Berlingo,Diésel,110360.0,99.0,manual,14990,Valencia,46001,Valencia,Valencia
Citroen,Berlingo,Diésel,110360.0,99.0,manual,13990,Valencia,46001,Valencia,Valencia
Citroen,Berlingo,Diésel,63904.0,102.0,manual,17990,Valencia,46001,Valencia,Valencia
Citroen,Berlingo,Diésel,108000.0,75.0,manual,9990,Valencia,46001,Valencia,Valencia
Citroen,Berlingo,Diésel,108000.0,75.0,manual,9490,Valencia,46001,Valencia,Valencia
Citroen,Berlingo,Diésel,77930.0,130.0,manual,20990,Vigo,36211,Pontevedra,Vigo
Citroen,Berlingo,Diésel,37954.0,120.0,manual,17499,Barcelona,8007,Barcelona,Barcelona
Citroen,Berlingo,Gasolina,84000.0,110.0,manual,23575,Zaragoza,50013,Zaragoza,Zaragoza
Citroen,Berlingo,Diésel,78639.0,102.0,manual,18490,Murcia,30005,Murcia,Murcia
Citroen,Berlingo,Diésel,57290.0,102.0,manual,19990,Murcia,30005,Murcia,Murcia
Citroen,Berlingo,Gasolina,84000.0,110.0,manual,23575,Santafe,18320,Granada,Santafe
Citroen,Berlingo,Diésel,77930.0,130.0,manual,20990,Murcia,30005,Murcia,Murcia
Citroen,Berlingo,Diésel,38434.0,100.0,manual,18790,Murcia,30005,Murcia,Murcia
Citroen,Berlingo,Diésel,151837.0,100.0,manual,18390,Madrid,28021,Madrid,Madrid
Citroen,Berlingo,Diésel,151837.0,100.0,manual,18590,Madrid,28021,Madrid,Madrid
Citroen,Berlingo,Diésel,23000.0,102.0,manual,23890,Murcia,30005,Murcia,Murcia
Citroen,Berlingo,Diésel,23000.0,102.0,manual,23490,Murcia,30005,Murcia,Murcia
Citroen,Berlingo,Diésel,24372.0,130.0,manual,25890,Murcia,30005,Murcia,Murcia
Citroen,Berlingo,Diésel,78639.0,102.0,manual,18490,Granada,18005,Granada,Granada
Citroen,Berlingo,Diésel,57290.0,102.0,manual,19990,Granada,18005,Granada,Granada
Citroen,Berlingo,Diésel,164684.0,75.0,manual,10499,Badajoz,6004,Badajoz,Badajoz
Citroen,Berlingo,Diésel,37008.0,75.0,manual,12025,Almería,4001,Almería,Almería
Citroen,Berlingo,Diésel,77930.0,130.0,manual,20990,Granada,18005,Granada,Granada
Citroen,Berlingo,Diésel,38434.0,100.0,manual,18790,Granada,18005,Granada,Granada
Citroen,Berlingo,Diésel,23000.0,102.0,manual,23890,Granada,18005,Granada,Granada
Citroen,Berlingo,Diésel,23000.0,102.0,manual,23490,Granada,18005,Granada,Granada
Citroen,Berlingo,Diésel,37008.0,75.0,manual,12025,Cádiz,11006,Cádiz,Cádiz
Citroen,Berlingo,Diésel,24372.0,130.0,manual,25890,Granada,18005,Granada,Granada
Citroen,Berlingo,Diésel,37008.0,75.0,manual,12025,Badajoz,6008,Badajoz,Badajoz
Citroen,Berlingo,Diésel,108000.0,75.0,manual,9990,Ullastrell,8231,Barcelona,Ullastrell
Citroen,Berlingo,Diésel,108000.0,75.0,manual,9490,Ullastrell,8231,Barcelona,Ullastrell
Citroen,Berlingo,Diésel,38434.0,100.0,manual,18790,Vigo,36211,Pontevedra,Vigo
Citroen,Berlingo,Diésel,71000.0,130.0,manual,23490,Murcia,30005,Murcia,Murcia
Citroen,Berlingo,Diésel,23000.0,102.0,manual,23890,Vigo,36211,Pontevedra,Vigo
Citroen,Berlingo,Diésel,23000.0,102.0,manual,23490,Vigo,36211,Pontevedra,Vigo
Citroen,Berlingo,Diésel,24372.0,130.0,manual,25890,Vigo,36211,Pontevedra,Vigo
Citroen,Berlingo,Diésel,71000.0,130.0,manual,23490,Granada,18005,Granada,Granada
Citroen,Berlingo,Diésel,37008.0,75.0,manual,12025,Sevilla,41005,Sevilla,Sevilla
Citroen,Berlingo,Diésel,71000.0,130.0,manual,23490,Vigo,36211,Pontevedra,Vigo
Citroen,Berlingo,Diésel,80000.0,102.0,manual,17990,Murcia,30005,Murcia,Murcia
Citroen,Berlingo,Diésel,59000.0,130.0,automatic,25990,Murcia,30005,Murcia,Murcia
Citroen,Berlingo,Diésel,59000.0,130.0,automatic,24990,Murcia,30005,Murcia,Murcia
Citroen,Berlingo,Diésel,80000.0,102.0,manual,17990,Granada,18005,Granada,Granada
Citroen,Berlingo,Diésel,59000.0,130.0,automatic,25990,Granada,18005,Granada,Granada
Citroen,Berlingo,Diésel,59000.0,130.0,automatic,24990,Granada,18005,Granada,Granada
Citroen,Berlingo,Diésel,123000.0,92.0,manual,10990,Murcia,30005,Murcia,Murcia
Citroen,Berlingo,Diésel,123000.0,92.0,manual,11490,Murcia,30005,Murcia,Murcia
Citroen,Berlingo,Diésel,47000.0,102.0,manual,22990,Murcia,30005,Murcia,Murcia
Citroen,Berlingo,Diésel,47000.0,102.0,manual,22890,Murcia,30005,Murcia,Murcia
Citroen,Berlingo,Diésel,123000.0,92.0,manual,10990,Granada,18005,Granada,Granada
Citroen,Berlingo,Diésel,123000.0,92.0,manual,11490,Granada,18005,Granada,Granada
Citroen,Berlingo,Diésel,47000.0,102.0,manual,22990,Granada,18005,Granada,Granada
Citroen,Berlingo,Diésel,47000.0,102.0,manual,22890,Granada,18005,Granada,Granada
Citroen,Berlingo,Diésel,154825.0,75.0,manual,10800,Fortiñon,15168,A Coruña,Fortiñon
Citroen,Berlingo,Diésel,79800.0,102.0,manual,22490,Murcia,30005,Murcia,Murcia
Citroen,Berlingo,Diésel,80000.0,102.0,manual,17990,Vigo,36211,Pontevedra,Vigo
Citroen,Berlingo,Diésel,59000.0,130.0,automatic,25990,Vigo,36211,Pontevedra,Vigo
Citroen,Berlingo,Diésel,59000.0,130.0,automatic,24990,Vigo,36211,Pontevedra,Vigo
Citroen,Berlingo,Diésel,79800.0,102.0,manual,22490,Granada,18005,Granada,Granada
Citroen,Berlingo,Diésel,59300.0,130.0,manual,24490,Murcia,30005,Murcia,Murcia
Citroen,Berlingo,Diésel,123000.0,92.0,manual,10990,Vigo,36211,Pontevedra,Vigo
Citroen,Berlingo,Diésel,123000.0,92.0,manual,11490,Vigo,36211,Pontevedra,Vigo
Citroen,Berlingo,Diésel,47000.0,102.0,manual,22990,Vigo,36211,Pontevedra,Vigo
Citroen,Berlingo,Diésel,47000.0,102.0,manual,22890,Vigo,36211,Pontevedra,Vigo
Citroen,Berlingo,Diésel,59300.0,130.0,manual,24490,Granada,18005,Granada,Granada
Citroen,Berlingo,Diésel,78639.0,102.0,manual,18490,Bilbao,48004,Bizkaia,Bilbao
Citroen,Berlingo,Diésel,57290.0,102.0,manual,19990,Bilbao,48004,Bizkaia,Bilbao
Citroen,Berlingo,Diésel,60253.0,102.0,manual,14990,Murcia,30005,Murcia,Murcia
Citroen,Berlingo,Diésel,49500.0,102.0,manual,19990,Murcia,30005,Murcia,Murcia
Citroen,Berlingo,Diésel,60253.0,102.0,manual,14990,Granada,18005,Granada,Granada
Citroen,Berlingo,Diésel,108000.0,75.0,manual,9990,Girona,17007,Girona,Girona
Citroen,Berlingo,Diésel,108000.0,75.0,manual,9490,Girona,17007,Girona,Girona
Citroen,Berlingo,Diésel,79800.0,102.0,manual,22490,Vigo,36211,Pontevedra,Vigo
Citroen,Berlingo,Diésel,49500.0,102.0,manual,19990,Granada,18005,Granada,Granada
Citroen,Berlingo,Diésel,110360.0,99.0,manual,14990,Murcia,30005,Murcia,Murcia
Citroen,Berlingo,Diésel,110360.0,99.0,manual,13990,Murcia,30005,Murcia,Murcia
Citroen,Berlingo,Diésel,77930.0,130.0,manual,20990,Bilbao,48004,Bizkaia,Bilbao
Citroen,Berlingo,Diésel,110360.0,99.0,manual,14990,Granada,18005,Granada,Granada
Citroen,Berlingo,Diésel,110360.0,99.0,manual,13990,Granada,18005,Granada,Granada
Citroen,Berlingo,Diésel,38434.0,100.0,manual,18790,Bilbao,48004,Bizkaia,Bilbao
Citroen,Berlingo,Diésel,23000.0,102.0,manual,23890,Bilbao,48004,Bizkaia,Bilbao
Citroen,Berlingo,Diésel,23000.0,102.0,manual,23490,Bilbao,48004,Bizkaia,Bilbao
Citroen,Berlingo,Diésel,108000.0,75.0,manual,9990,Òrrius,8317,Barcelona,Òrrius
Citroen,Berlingo,Diésel,108000.0,75.0,manual,9490,Òrrius,8317,Barcelona,Òrrius
Citroen,Berlingo,Diésel,59300.0,130.0,manual,24490,Vigo,36211,Pontevedra,Vigo
Citroen,Berlingo,Diésel,24372.0,130.0,manual,25890,Bilbao,48004,Bizkaia,Bilbao
Citroen,Berlingo,Diésel,63904.0,102.0,manual,17990,Murcia,30005,Murcia,Murcia
Citroen,Berlingo,Diésel,78639.0,102.0,manual,18490,Sevilla,41005,Sevilla,Sevilla
Citroen,Berlingo,Diésel,63904.0,102.0,manual,17990,Granada,18005,Granada,Granada
Citroen,Berlingo,Diésel,57290.0,102.0,manual,19990,Sevilla,41005,Sevilla,Sevilla
Citroen,Berlingo,Diésel,108000.0,75.0,manual,9990,Murcia,30005,Murcia,Murcia
Citroen,Berlingo,Diésel,108000.0,75.0,manual,9490,Murcia,30005,Murcia,Murcia
Citroen,Berlingo,Diésel,71000.0,130.0,manual,23490,Bilbao,48004,Bizkaia,Bilbao
Citroen,Berlingo,Diésel,60253.0,102.0,manual,14990,Vigo,36211,Pontevedra,Vigo
Citroen,Berlingo,Diésel,108000.0,75.0,manual,9990,Granada,18005,Granada,Granada
Citroen,Berlingo,Diésel,108000.0,75.0,manual,9490,Granada,18005,Granada,Granada
Citroen,Berlingo,Diésel,49500.0,102.0,manual,19990,Vigo,36211,Pontevedra,Vigo
Citroen,Berlingo,Diésel,110360.0,99.0,manual,14990,Vigo,36211,Pontevedra,Vigo
Citroen,Berlingo,Diésel,110360.0,99.0,manual,13990,Vigo,36211,Pontevedra,Vigo
Citroen,Berlingo,Diésel,80000.0,102.0,manual,17990,Bilbao,48004,Bizkaia,Bilbao
Citroen,Berlingo,Diésel,59000.0,130.0,automatic,25990,Bilbao,48004,Bizkaia,Bilbao
Citroen,Berlingo,Diésel,59000.0,130.0,automatic,24990,Bilbao,48004,Bizkaia,Bilbao
Citroen,Berlingo,Diésel,123000.0,92.0,manual,10990,Bilbao,48004,Bizkaia,Bilbao
Citroen,Berlingo,Diésel,123000.0,92.0,manual,11490,Bilbao,48004,Bizkaia,Bilbao
Citroen,Berlingo,Diésel,63904.0,102.0,manual,17990,Vigo,36211,Pontevedra,Vigo
Citroen,Berlingo,Diésel,57290.0,102.0,manual,19990,Almería,4006,Almería,Almería
Citroen,Berlingo,Diésel,77930.0,130.0,manual,20990,Sevilla,41005,Sevilla,Sevilla
Citroen,Berlingo,Diésel,79800.0,102.0,manual,22490,Bilbao,48004,Bizkaia,Bilbao
Citroen,Berlingo,Diésel,108000.0,75.0,manual,9990,Vigo,36211,Pontevedra,Vigo
Citroen,Berlingo,Diésel,108000.0,75.0,manual,9490,Vigo,36211,Pontevedra,Vigo
Citroen,Berlingo,Diésel,59300.0,130.0,manual,24490,Bilbao,48004,Bizkaia,Bilbao
Citroen,Berlingo,Diésel,108000.0,75.0,manual,9990,Sevilla,41005,Sevilla,Sevilla
Citroen,Berlingo,Diésel,108000.0,75.0,manual,9490,Sevilla,41005,Sevilla,Sevilla
Citroen,Berlingo,Diésel,60253.0,102.0,manual,14990,Bilbao,48004,Bizkaia,Bilbao
Citroen,Berlingo,Diésel,49500.0,102.0,manual,19990,Bilbao,48004,Bizkaia,Bilbao
Citroen,Berlingo,Diésel,77930.0,130.0,manual,20990,Almería,4006,Almería,Almería
Citroen,Berlingo,Diésel,110360.0,99.0,manual,14990,Bilbao,48004,Bizkaia,Bilbao
Citroen,Berlingo,Diésel,110360.0,99.0,manual,13990,Bilbao,48004,Bizkaia,Bilbao
Citroen,Berlingo,Diésel,38434.0,100.0,manual,18790,Almería,4006,Almería,Almería
Citroen,Berlingo,Diésel,23000.0,102.0,manual,23890,Almería,4006,Almería,Almería
Citroen,Berlingo,Diésel,23000.0,102.0,manual,23490,Almería,4006,Almería,Almería
Citroen,Berlingo,Diésel,24372.0,130.0,manual,25890,Almería,4006,Almería,Almería
Citroen,Berlingo,Diésel,63904.0,102.0,manual,17990,Bilbao,48004,Bizkaia,Bilbao
Citroen,Berlingo,Diésel,108000.0,75.0,manual,9990,Bilbao,48004,Bizkaia,Bilbao
Citroen,Berlingo,Diésel,108000.0,75.0,manual,9490,Bilbao,48004,Bizkaia,Bilbao
Citroen,Berlingo,Diésel,108000.0,75.0,manual,9990,Palma de Mallorca,7003,Baleares,Palma de Mallorca
Citroen,Berlingo,Diésel,108000.0,75.0,manual,9490,Palma de Mallorca,7003,Baleares,Palma de Mallorca
Citroen,Berlingo,Diésel,71000.0,130.0,manual,23490,Almería,4006,Almería,Almería
Citroen,Berlingo,Diésel,37954.0,120.0,manual,17499,Madrid,28014,Madrid,Madrid
Citroen,Berlingo,Diésel,108000.0,75.0,manual,9990,Almería,4006,Almería,Almería
Citroen,Berlingo,Diésel,108000.0,75.0,manual,9490,Almería,4006,Almería,Almería
Citroen,Berlingo,Diésel,154825.0,75.0,manual,10800,Santiago de Compostela,15890,A Coruña,Santiago de Compostela
Citroen,Berlingo,Diésel,154825.0,75.0,manual,10800,San Fernando de Henares,28830,Madrid,San Fernando de Henares
Citroen,Berlingo,Diésel,80000.0,102.0,manual,17990,Almería,4006,Almería,Almería
Citroen,Berlingo,Diésel,59000.0,130.0,automatic,25990,Almería,4006,Almería,Almería
Citroen,Berlingo,Diésel,59000.0,130.0,automatic,24990,Almería,4006,Almería,Almería
Citroen,Berlingo,Diésel,123000.0,92.0,manual,10990,Almería,4006,Almería,Almería
Citroen,Berlingo,Diésel,123000.0,92.0,manual,11490,Almería,4006,Almería,Almería
Citroen,Berlingo,Diésel,47000.0,102.0,manual,22990,Almería,4006,Almería,Almería
Citroen,Berlingo,Diésel,47000.0,102.0,manual,22890,Almería,4006,Almería,Almería
Citroen,Berlingo,Diésel,79800.0,102.0,manual,22490,Almería,4006,Almería,Almería
Citroen,Berlingo,Diésel,59300.0,130.0,manual,24490,Almería,4006,Almería,Almería
Citroen,Berlingo,Diésel,60253.0,102.0,manual,14990,Almería,4006,Almería,Almería
Citroen,Berlingo,Diésel,49500.0,102.0,manual,19990,Almería,4006,Almería,Almería
Citroen,Berlingo,Diésel,110360.0,99.0,manual,14990,Almería,4006,Almería,Almería
Citroen,Berlingo,Diésel,110360.0,99.0,manual,13990,Almería,4006,Almería,Almería
Citroen,Berlingo,Diésel,63904.0,102.0,manual,17990,Almería,4006,Almería,Almería
Citroen,Berlingo,Diésel,78639.0,102.0,manual,18490,Málaga,29005,Málaga,Málaga
Citroen,Berlingo,Diésel,57290.0,102.0,manual,19990,Málaga,29005,Málaga,Málaga
Citroen,Berlingo,Diésel,77930.0,130.0,manual,20990,Palma de Mallorca,7003,Baleares,Palma de Mallorca
Citroen,Berlingo,Diésel,77930.0,130.0,manual,20990,Málaga,29005,Málaga,Málaga
Citroen,Berlingo,Diésel,38434.0,100.0,manual,18790,Málaga,29005,Málaga,Málaga
Citroen,Berlingo,Diésel,185707.0,90.0,manual,7990,Collado Villalba,28400,Madrid,Collado Villalba
Citroen,Berlingo,Diésel,185707.0,90.0,manual,7990,Collado Villalba,28400,Madrid,Collado Villalba
Citroen,Berlingo,Diésel,74000.0,102.0,manual,19999,Alcalá de Guadaíra,41500,Sevilla,Alcalá de Guadaíra
Citroen,Berlingo,Diésel,38434.0,100.0,manual,18790,Sevilla,41005,Sevilla,Sevilla
Citroen,Berlingo,Diésel,23000.0,102.0,manual,23890,Málaga,29005,Málaga,Málaga
Citroen,Berlingo,Diésel,23000.0,102.0,manual,23490,Málaga,29005,Málaga,Málaga
Citroen,Berlingo,Diésel,23000.0,102.0,manual,23890,Sevilla,41005,Sevilla,Sevilla
Citroen,Berlingo,Diésel,23000.0,102.0,manual,23490,Sevilla,41005,Sevilla,Sevilla
Citroen,Berlingo,Diésel,24372.0,130.0,manual,25890,Málaga,29005,Málaga,Málaga
Citroen,Berlingo,Diésel,24372.0,130.0,manual,25890,Sevilla,41005,Sevilla,Sevilla
Citroen,Berlingo,Diésel,78639.0,102.0,manual,18490,Toledo,45002,Toledo,Toledo
Citroen,Berlingo,Diésel,71000.0,130.0,manual,23490,Málaga,29005,Málaga,Málaga
Citroen,Berlingo,Diésel,71000.0,130.0,manual,23490,Sevilla,41005,Sevilla,Sevilla
Citroen,Berlingo,Diésel,38434.0,100.0,manual,18790,Toledo,45002,Toledo,Toledo
Citroen,Berlingo,Diésel,80000.0,102.0,manual,17990,Palma de Mallorca,7003,Baleares,Palma de Mallorca
Citroen,Berlingo,Diésel,80000.0,102.0,manual,17990,Málaga,29005,Málaga,Málaga
Citroen,Berlingo,Diésel,59000.0,130.0,automatic,25990,Málaga,29005,Málaga,Málaga
Citroen,Berlingo,Diésel,59000.0,130.0,automatic,24990,Málaga,29005,Málaga,Málaga
Citroen,Berlingo,Diésel,80000.0,102.0,manual,17990,Sevilla,41005,Sevilla,Sevilla
Citroen,Berlingo,Diésel,59000.0,130.0,automatic,25990,Sevilla,41005,Sevilla,Sevilla
Citroen,Berlingo,Diésel,59000.0,130.0,automatic,24990,Sevilla,41005,Sevilla,Sevilla
Citroen,Berlingo,Diésel,123000.0,92.0,manual,10990,Málaga,29005,Málaga,Málaga
Citroen,Berlingo,Diésel,123000.0,92.0,manual,11490,Málaga,29005,Málaga,Málaga
Citroen,Berlingo,Diésel,47000.0,102.0,manual,22990,Málaga,29005,Málaga,Málaga
Citroen,Berlingo,Diésel,47000.0,102.0,manual,22890,Málaga,29005,Málaga,Málaga
Citroen,Berlingo,Diésel,123000.0,92.0,manual,10990,Sevilla,41005,Sevilla,Sevilla
Citroen,Berlingo,Diésel,123000.0,92.0,manual,11490,Sevilla,41005,Sevilla,Sevilla
Citroen,Berlingo,Diésel,47000.0,102.0,manual,22990,Sevilla,41005,Sevilla,Sevilla
Citroen,Berlingo,Diésel,47000.0,102.0,manual,22890,Sevilla,41005,Sevilla,Sevilla
Citroen,Berlingo,Diésel,59000.0,130.0,automatic,25990,Toledo,45002,Toledo,Toledo
Citroen,Berlingo,Diésel,59000.0,130.0,automatic,24990,Toledo,45002,Toledo,Toledo
Citroen,Berlingo,Diésel,79800.0,102.0,manual,22490,Málaga,29005,Málaga,Málaga
Citroen,Berlingo,Diésel,79800.0,102.0,manual,22490,Sevilla,41005,Sevilla,Sevilla
Citroen,Berlingo,Diésel,59300.0,130.0,manual,24490,Málaga,29005,Málaga,Málaga
Citroen,Berlingo,Diésel,120733.0,100.0,manual,12490,Leganés,28916,Madrid,Leganés
Citroen,Berlingo,Diésel,59300.0,130.0,manual,24490,Sevilla,41005,Sevilla,Sevilla
Citroen,Berlingo,Diésel,120733.0,100.0,manual,12490,Madrid,28046,Madrid,Madrid
Citroen,Berlingo,Diésel,60253.0,102.0,manual,14990,Málaga,29005,Málaga,Málaga
Citroen,Berlingo,Diésel,59300.0,130.0,manual,24490,Palma de Mallorca,7003,Baleares,Palma de Mallorca
Citroen,Berlingo,Diésel,49500.0,102.0,manual,19990,Málaga,29005,Málaga,Málaga
Citroen,Berlingo,Diésel,79800.0,102.0,manual,22490,Toledo,45002,Toledo,Toledo
Citroen,Berlingo,Diésel,60253.0,102.0,manual,14990,Sevilla,41005,Sevilla,Sevilla
Citroen,Berlingo,Diésel,120733.0,100.0,manual,12490,Las Rozas de Madrid,28232,Madrid,Las Rozas de Madrid
Citroen,Berlingo,Diésel,49500.0,102.0,manual,19990,Sevilla,41005,Sevilla,Sevilla
Citroen,Berlingo,Diésel,110360.0,99.0,manual,14990,Sevilla,41005,Sevilla,Sevilla
Citroen,Berlingo,Diésel,110360.0,99.0,manual,13990,Sevilla,41005,Sevilla,Sevilla
Citroen,Berlingo,Diésel,63904.0,102.0,manual,17990,Málaga,29005,Málaga,Málaga
Citroen,Berlingo,Diésel,60253.0,102.0,manual,14990,Palma de Mallorca,7003,Baleares,Palma de Mallorca
Citroen,Berlingo,Diésel,120733.0,100.0,manual,12490,Alcobendas,28100,Madrid,Alcobendas
Citroen,Berlingo,Diésel,63904.0,102.0,manual,17990,Sevilla,41005,Sevilla,Sevilla
Citroen,Berlingo,Diésel,49500.0,102.0,manual,19990,Palma de Mallorca,7003,Baleares,Palma de Mallorca
Citroen,Berlingo,Diésel,110360.0,99.0,manual,14990,Palma de Mallorca,7003,Baleares,Palma de Mallorca
Citroen,Berlingo,Diésel,110360.0,99.0,manual,13990,Palma de Mallorca,7003,Baleares,Palma de Mallorca
Citroen,Berlingo,Diésel,38822.0,102.0,manual,21990,Leganés,28916,Madrid,Leganés
Citroen,Berlingo,Diésel,63904.0,102.0,manual,17990,Palma de Mallorca,7003,Baleares,Palma de Mallorca
Citroen,Berlingo,Diésel,38822.0,102.0,manual,21990,Madrid,28046,Madrid,Madrid
Citroen,Berlingo,Diésel,38822.0,102.0,manual,21990,Las Rozas de Madrid,28232,Madrid,Las Rozas de Madrid
Citroen,Berlingo,Diésel,38822.0,102.0,manual,21990,Alcobendas,28100,Madrid,Alcobendas
Citroen,Berlingo,Diésel,75016.0,102.0,manual,25900,Mairena del Aljarafe,41927,Sevilla,Mairena del Aljarafe
Citroen,Berlingo,Diésel,158000.0,100.0,automatic,17499,Santa Pola,3130,Alicante,Santa Pola
Citroen,Berlingo,Diésel,98000.0,120.0,automatic,14990,Utrera,41710,Sevilla,Utrera
Citroen,Berlingo,Diésel,60000.0,102.0,manual,16500,Yecla,30510,Murcia,Yecla
Citroen,Berlingo,Diésel,143000.0,102.0,manual,15600,Deltebre,43580,Tarragona,Deltebre
Citroen,Berlingo,Diésel,134299.0,92.0,automatic,10999,Orilla del Azarbe,30163,Murcia,Orilla del Azarbe
Citroen,Berlingo,Diésel,70000.0,100.0,manual,13990,Utrera,41710,Sevilla,Utrera
Citroen,Berlingo,Diésel,45000.0,102.0,manual,23800,Montmeló,8160,Barcelona,Montmeló
Citroen,Berlingo,Diésel,45000.0,102.0,manual,23500,Montmeló,8160,Barcelona,Montmeló
Citroen,Berlingo,Diésel,98000.0,100.0,manual,15551,Montcada i Reixac,8110,Barcelona,Montcada i Reixac
Citroen,Berlingo,Diésel,63904.0,102.0,manual,17990,Òrrius,8317,Barcelona,Òrrius
Citroen,Berlingo,Diésel,63904.0,102.0,manual,17990,Girona,17007,Girona,Girona
Citroen,Berlingo,Gasolina,42862.0,110.0,manual,19790,Valencia,46002,Valencia,Valencia
Citroen,Berlingo,Diésel,63904.0,102.0,manual,17990,Palau-Solita I Plegamans,8184,Barcelona,Palau-Solita I Plegamans
Citroen,Berlingo,Diésel,63904.0,102.0,manual,17990,Palau-Solita I Plegamans,8184,Barcelona,Palau-Solita I Plegamans
Citroen,Berlingo,Diésel,63904.0,102.0,manual,17990,Ullastrell,8231,Barcelona,Ullastrell
Citroen,Berlingo,Diésel,63904.0,102.0,manual,17990,Tarragona,43006,Tarragona,Tarragona
Citroen,Berlingo,Gasolina,42862.0,110.0,manual,19790,Sant Boi de Llobregat,8830,Barcelona,Sant Boi de Llobregat
Citroen,Berlingo,Gasolina,42862.0,110.0,manual,19790,Sevilla,41006,Sevilla,Sevilla
Citroen,Berlingo,Diésel,33945.0,130.0,manual,26900,Bilbao,48006,Bizkaia,Bilbao
Citroen,Berlingo,Diésel,127480.0,102.0,manual,19900,Bilbao,48006,Bizkaia,Bilbao
Citroen,Berlingo,Gasolina,42862.0,110.0,manual,19790,Torrejón de Ardoz,28850,Madrid,Torrejón de Ardoz
Citroen,Berlingo,Diésel,120876.0,75.0,manual,13400,Albacete,2002,Albacete,Albacete
Citroen,Berlingo,Diésel,165000.0,75.0,manual,9500,Monteagudo,30160,Murcia,Monteagudo
Citroen,Berlingo,Diésel,150000.0,90.0,manual,3995,El Moli d'en Rovira,8720,Barcelona,El Moli d'en Rovira
Citroen,Berlingo,Diésel,211000.0,75.0,manual,7400,Los Montesinos,3187,Alicante,Los Montesinos
Citroen,Berlingo,Diésel,148000.0,75.0,manual,11900,Ciudad Real,13003,Ciudad Real,Ciudad Real
Citroen,Berlingo,Diésel,178000.0,75.0,manual,6990,Talayuela,10310,Cáceres,Talayuela
Citroen,Berlingo,Eléctrico,23300.0,67.0,automatic,10500,Alella,8328,Barcelona,Alella
Citroen,Berlingo,Diésel,137951.0,75.0,manual,12990,Valdemoro,28340,Madrid,Valdemoro
Citroen,Berlingo,Gasolina,45115.0,110.0,manual,22199,Madrid,28014,Madrid,Madrid
Citroen,Berlingo,Gasolina,45115.0,110.0,manual,22199,Barcelona,8007,Barcelona,Barcelona
Citroen,Berlingo,Diésel,89902.0,75.0,manual,13658,Esplugues de Llobregat,8950,Barcelona,Esplugues de Llobregat
Citroen,Berlingo,Diésel,160000.0,112.0,manual,9900,Granollers,8403,Barcelona,Granollers
Citroen,Berlingo,Diésel,140000.0,100.0,manual,12999,Muxa,27192,Lugo,Muxa
Citroen,Berlingo,Diésel,140000.0,114.0,manual,10999,Sant Vicent del Raspeig,3690,Alicante,Sant Vicent del Raspeig
Citroen,Berlingo,Diésel,83000.0,100.0,manual,14300,Montcada i Reixac,8110,Barcelona,Montcada i Reixac
Citroen,Berlingo,Diésel,49500.0,102.0,manual,19990,Òrrius,8317,Barcelona,Òrrius
Citroen,Berlingo,Diésel,13304.0,102.0,manual,24399,Madrid,28014,Madrid,Madrid
Citroen,Berlingo,Diésel,13304.0,102.0,manual,23799,Madrid,28014,Madrid,Madrid
Citroen,Berlingo,Diésel,13304.0,102.0,manual,24399,Barcelona,8007,Barcelona,Barcelona
Citroen,Berlingo,Diésel,13304.0,102.0,manual,23799,Barcelona,8007,Barcelona,Barcelona
Citroen,Berlingo,Diésel,110000.0,75.0,manual,12450,Terrassa,8223,Barcelona,Terrassa
Citroen,Berlingo,Diésel,49500.0,102.0,manual,19990,Ullastrell,8231,Barcelona,Ullastrell
Citroen,Berlingo,Diésel,60253.0,102.0,manual,14990,Silla,46460,Valencia,Silla
Citroen,Berlingo,Diésel,60253.0,102.0,manual,14990,Castellón,12001,Castellón,Castellón
Citroen,Berlingo,Diésel,49500.0,102.0,manual,19990,Palau-Solita I Plegamans,8184,Barcelona,Palau-Solita I Plegamans
Citroen,Berlingo,Diésel,49500.0,102.0,manual,19990,Palau-Solita I Plegamans,8184,Barcelona,Palau-Solita I Plegamans
Citroen,Berlingo,Diésel,49500.0,102.0,manual,19990,Girona,17007,Girona,Girona
Citroen,Berlingo,Diésel,49500.0,102.0,manual,19990,Tarragona,43006,Tarragona,Tarragona
Citroen,Berlingo,Diésel,110000.0,75.0,manual,12450,Bormujos,41930,Sevilla,Bormujos
Citroen,Berlingo,Diésel,110000.0,75.0,manual,12450,Valdefuentes,28939,Madrid,Valdefuentes
Citroen,Berlingo,Diésel,110000.0,75.0,manual,12450,Valdefuentes,28939,Madrid,Valdefuentes
Citroen,Berlingo,Diésel,110000.0,75.0,manual,12450,Burjassot,46100,Valencia,Burjassot
Citroen,Berlingo,Diésel,120000.0,92.0,manual,12000,El Esparragal,30163,Murcia,El Esparragal
Citroen,Berlingo,Diésel,159207.0,100.0,manual,10000,Alcover,43460,Tarragona,Alcover
Citroen,Berlingo,Diésel,37000.0,102.0,manual,24999,Alcalá de Guadaíra,41500,Sevilla,Alcalá de Guadaíra
Citroen,Berlingo,Diésel,68500.0,130.0,manual,25400,O Porriño,36400,Pontevedra,O Porriño
Citroen,Berlingo,Diésel,40502.0,100.0,manual,20999,Madrid,28014,Madrid,Madrid
Citroen,Berlingo,Diésel,40502.0,100.0,manual,20699,Madrid,28014,Madrid,Madrid
Citroen,Berlingo,Diésel,40502.0,100.0,manual,20999,Barcelona,8007,Barcelona,Barcelona
Citroen,Berlingo,Diésel,40502.0,100.0,manual,20699,Barcelona,8007,Barcelona,Barcelona
Citroen,Berlingo,Gasolina,68202.0,110.0,manual,15899,Madrid,28014,Madrid,Madrid
Citroen,Berlingo,Gasolina,68202.0,110.0,manual,15899,Barcelona,8007,Barcelona,Barcelona
Citroen,Berlingo,Diésel,148065.0,99.0,manual,15099,Madrid,28014,Madrid,Madrid
Citroen,Berlingo,Diésel,148065.0,99.0,manual,14699,Madrid,28014,Madrid,Madrid
Citroen,Berlingo,Gasolina,45960.0,110.0,manual,20900,Sant Feliu de Llobregat,8980,Barcelona,Sant Feliu de Llobregat
Citroen,Berlingo,Gasolina,45960.0,110.0,manual,20600,Sant Feliu de Llobregat,8980,Barcelona,Sant Feliu de Llobregat
Citroen,Berlingo,Diésel,70000.0,130.0,manual,21850,Sant Cugat del Vallès,8172,Barcelona,Sant Cugat del Vallès
Citroen,Berlingo,Diésel,89990.0,100.0,manual,10890,San Sebastián de Los Reyes,28700,Madrid,San Sebastián de Los Reyes
Citroen,Berlingo,Diésel,130000.0,102.0,manual,16500,Girona,17007,Girona,Girona
Citroen,Berlingo,Diésel,133000.0,75.0,manual,12500,Vilanova i la Geltrú,8800,Barcelona,Vilanova i la Geltrú
Citroen,Berlingo,Diésel,189615.0,75.0,manual,9600,Campillos,29320,Málaga,Campillos
Citroen,Berlingo,Diésel,103000.0,75.0,manual,12500,Quintanar del Rey,16220,Cuenca,Quintanar del Rey
Citroen,Berlingo,Diésel,190000.0,90.0,manual,1500,Badalona,8911,Barcelona,Badalona
Citroen,Berlingo,Diésel,69654.0,100.0,manual,19500,Badajoz,6008,Badajoz,Badajoz
Citroen,Berlingo,Diésel,35600.0,102.0,manual,23690,Móstoles,28933,Madrid,Móstoles
Citroen,Berlingo,Diésel,172813.0,75.0,manual,6450,Elda,3600,Alicante,Elda
Citroen,Berlingo,Diésel,46362.0,102.0,manual,23990,Barcelona,8007,Barcelona,Barcelona
Citroen,Berlingo,Diésel,116000.0,100.0,manual,12490,San Bizenti-Barakaldo,48902,Bizkaia,San Bizenti-Barakaldo
Citroen,Berlingo,Diésel,33429.0,100.0,manual,23399,Barcelona,8007,Barcelona,Barcelona
Citroen,Berlingo,Diésel,40038.0,99.0,manual,18499,Barcelona,8007,Barcelona,Barcelona
Citroen,Berlingo,Diésel,40038.0,99.0,manual,18099,Barcelona,8007,Barcelona,Barcelona
Citroen,Berlingo,Diésel,55261.0,131.0,manual,26999,Barcelona,8007,Barcelona,Barcelona
Citroen,Berlingo,Diésel,79800.0,102.0,manual,22490,Camarma de Esteruelas,28816,Madrid,Camarma de Esteruelas
Citroen,Berlingo,Diésel,79800.0,102.0,manual,22490,Camarma de Esteruelas,28816,Madrid,Camarma de Esteruelas
Citroen,Berlingo,Diésel,79800.0,102.0,manual,22490,Collado Villalba,28400,Madrid,Collado Villalba
Citroen,Berlingo,Diésel,79800.0,102.0,manual,22490,Collado Villalba,28400,Madrid,Collado Villalba
Citroen,Berlingo,Diésel,85255.0,102.0,manual,19890,Sant Boi de Llobregat,8830,Barcelona,Sant Boi de Llobregat
Citroen,Berlingo,Diésel,78592.0,102.0,manual,19900,Zaragoza,50014,Zaragoza,Zaragoza
Citroen,Berlingo,Diésel,33429.0,100.0,manual,23399,Madrid,28014,Madrid,Madrid
Citroen,Berlingo,Diésel,40038.0,99.0,manual,18499,Madrid,28014,Madrid,Madrid
Citroen,Berlingo,Diésel,40038.0,99.0,manual,18099,Madrid,28014,Madrid,Madrid
Citroen,Berlingo,Diésel,55261.0,131.0,manual,26999,Madrid,28014,Madrid,Madrid
Citroen,Berlingo,Diésel,79800.0,102.0,manual,22490,Fuenlabrada,28947,Madrid,Fuenlabrada
Citroen,Berlingo,Diésel,85255.0,102.0,manual,19890,Sevilla,41006,Sevilla,Sevilla
Citroen,Berlingo,Diésel,79800.0,102.0,manual,22490,Colonia Pablo Iglesias,28520,Madrid,Colonia Pablo Iglesias
Citroen,Berlingo,Diésel,79800.0,102.0,manual,22490,Las Rozas de Madrid,28232,Madrid,Las Rozas de Madrid
Citroen,Berlingo,Diésel,59300.0,130.0,manual,24490,Silla,46460,Valencia,Silla
Citroen,Berlingo,Diésel,85255.0,102.0,manual,19890,Torrejón de Ardoz,28850,Madrid,Torrejón de Ardoz
Citroen,Berlingo,Diésel,85255.0,102.0,manual,19890,Valencia,46002,Valencia,Valencia
Citroen,Berlingo,Diésel,28492.0,102.0,manual,18950,Terrassa,8226,Barcelona,Terrassa
Citroen,Berlingo,Diésel,83274.0,75.0,manual,13200,Zaratamo,48480,Bizkaia,Zaratamo
Citroen,Berlingo,Diésel,83274.0,75.0,manual,13200,Zaratamo,48480,Bizkaia,Zaratamo
Citroen,Berlingo,Diésel,85280.0,75.0,manual,16900,Zaratamo,48480,Bizkaia,Zaratamo
Citroen,Berlingo,Diésel,85280.0,75.0,manual,16900,Zaratamo,48480,Bizkaia,Zaratamo
Citroen,Berlingo,Diésel,186000.0,90.0,manual,10990,Barcelona,8007,Barcelona,Barcelona
Citroen,Berlingo,Diésel,186000.0,90.0,manual,10490,Barcelona,8007,Barcelona,Barcelona
Citroen,Berlingo,Diésel,108387.0,75.0,manual,11390,Madrid,28021,Madrid,Madrid
Citroen,Berlingo,Diésel,42205.0,102.0,manual,18990,Madrid,28021,Madrid,Madrid
Citroen,Berlingo,Diésel,42205.0,102.0,manual,18690,Madrid,28021,Madrid,Madrid
Citroen,Berlingo,Diésel,89741.0,100.0,manual,13600,Málaga,29003,Málaga,Málaga
Citroen,Berlingo,Diésel,89741.0,100.0,manual,14100,Málaga,29003,Málaga,Málaga
Citroen,Berlingo,Diésel,46362.0,102.0,manual,23990,La Canonja,43110,Tarragona,La Canonja
Citroen,Berlingo,Diésel,37701.0,102.0,manual,23990,La Canonja,43110,Tarragona,La Canonja
Citroen,Berlingo,Diésel,37701.0,102.0,manual,23990,Barcelona,8007,Barcelona,Barcelona
Citroen,Berlingo,Diésel,67000.0,100.0,manual,16041,Montcada i Reixac,8110,Barcelona,Montcada i Reixac
Citroen,Berlingo,Diésel,101000.0,100.0,manual,15215,Montcada i Reixac,8110,Barcelona,Montcada i Reixac
Citroen,Berlingo,Diésel,108548.0,130.0,manual,23517,Paterna,46980,Valencia,Paterna
Citroen,Berlingo,Diésel,108548.0,130.0,manual,23517,Saladar,3700,Alicante,Saladar
Citroen,Berlingo,Diésel,108548.0,130.0,manual,23517,Murcia,30003,Murcia,Murcia
Citroen,Berlingo,Diésel,108548.0,130.0,manual,23517,Getafe,28906,Madrid,Getafe
Citroen,Berlingo,Diésel,108548.0,130.0,manual,23517,Zaragoza,50013,Zaragoza,Zaragoza
Citroen,Berlingo,Diésel,108548.0,130.0,manual,23517,Hidraulica Santillana,28770,Madrid,Hidraulica Santillana
Citroen,Berlingo,Diésel,108548.0,130.0,manual,23517,Barcelona,8007,Barcelona,Barcelona
Citroen,Berlingo,Diésel,108548.0,130.0,manual,23517,Alicante,3007,Alicante,Alicante
Citroen,Berlingo,Diésel,108548.0,130.0,manual,23517,Mercado Parque Corredor del Henares,28850,Madrid,Mercado Parque Corredor del Henares
Citroen,Berlingo,Diésel,108548.0,130.0,manual,23517,Las Rozas de Madrid,28232,Madrid,Las Rozas de Madrid
Citroen,Berlingo,Diésel,108548.0,130.0,manual,23517,Albacete,2001,Albacete,Albacete
Citroen,Berlingo,Diésel,108548.0,130.0,manual,23517,Alcalá de Guadaíra,41500,Sevilla,Alcalá de Guadaíra
Citroen,Berlingo,Diésel,108548.0,130.0,manual,23517,Olèrdola,8734,Barcelona,Olèrdola
Citroen,Berlingo,Diésel,108548.0,130.0,manual,23517,Olèrdola,8734,Barcelona,Olèrdola
Citroen,Berlingo,Diésel,108548.0,130.0,manual,23517,Castello/Castellon de La Plana,12100,Castellón,Castello/Castellon de La Plana
Citroen,Berlingo,Diésel,108548.0,130.0,manual,23517,Sant Vicenç de Montalt,8394,Barcelona,Sant Vicenç de Montalt
Citroen,Berlingo,Diésel,108548.0,130.0,manual,23517,Collado Villalba,28400,Madrid,Collado Villalba
Citroen,Berlingo,Diésel,108548.0,130.0,manual,23517,Collado Villalba,28400,Madrid,Collado Villalba
Citroen,Berlingo,Diésel,108548.0,130.0,manual,23517,Estepona,29680,Málaga,Estepona
Citroen,Berlingo,Diésel,108548.0,130.0,manual,23517,Valdepeñas,13300,Ciudad Real,Valdepeñas
Citroen,Berlingo,Diésel,108548.0,130.0,manual,23517,Valdepeñas,13300,Ciudad Real,Valdepeñas
Citroen,Berlingo,Diésel,108548.0,130.0,manual,23517,Vigo,36214,Pontevedra,Vigo
Citroen,Berlingo,Diésel,108548.0,130.0,manual,23517,Ciudad Real,13003,Ciudad Real,Ciudad Real
Citroen,Berlingo,Diésel,108548.0,130.0,manual,23517,Puerto de Sagunto,46520,Valencia,Puerto de Sagunto
Citroen,Berlingo,Diésel,108548.0,130.0,manual,23517,Granollers,8403,Barcelona,Granollers
Citroen,Berlingo,Diésel,108548.0,130.0,manual,23517,Santa Maria del Aguila,4710,Almería,Santa Maria del Aguila
Citroen,Berlingo,Diésel,119145.0,75.0,manual,10290,Sant Boi de Llobregat,8830,Barcelona,Sant Boi de Llobregat
Citroen,Berlingo,Diésel,108548.0,130.0,manual,23517,Santafe,18320,Granada,Santafe
Citroen,Berlingo,Diésel,108548.0,130.0,manual,23517,Mercabilbao,48970,Bizkaia,Mercabilbao
Citroen,Berlingo,Diésel,108548.0,130.0,manual,23517,Colonia Pablo Iglesias,28520,Madrid,Colonia Pablo Iglesias
Citroen,Berlingo,Diésel,88276.0,120.0,manual,16099,Barcelona,8007,Barcelona,Barcelona
Citroen,Berlingo,Diésel,88276.0,120.0,manual,15899,Barcelona,8007,Barcelona,Barcelona
Citroen,Berlingo,Diésel,119145.0,75.0,manual,10290,Sevilla,41006,Sevilla,Sevilla
Citroen,Berlingo,Diésel,108548.0,130.0,manual,23517,Atarrabia,31610,Navarra,Atarrabia
Citroen,Berlingo,Diésel,108548.0,130.0,manual,23517,Badajoz,6008,Badajoz,Badajoz
Citroen,Berlingo,Diésel,47000.0,102.0,manual,22990,Pamplona/Iruña,31001,Navarra,Pamplona/Iruña
Citroen,Berlingo,Diésel,47000.0,102.0,manual,22890,Pamplona/Iruña,31001,Navarra,Pamplona/Iruña
Citroen,Berlingo,Diésel,88276.0,120.0,manual,16099,Madrid,28014,Madrid,Madrid
Citroen,Berlingo,Diésel,88276.0,120.0,manual,15899,Madrid,28014,Madrid,Madrid
Citroen,Berlingo,Diésel,108548.0,130.0,manual,23517,Santiago de Compostela,15703,A Coruña,Santiago de Compostela
Citroen,Berlingo,Diésel,119145.0,75.0,manual,10290,Torrejón de Ardoz,28850,Madrid,Torrejón de Ardoz
Citroen,Berlingo,Diésel,119145.0,75.0,manual,10290,Valencia,46002,Valencia,Valencia
Citroen,Berlingo,Diésel,108548.0,130.0,manual,23517,Torremolinos,29620,Málaga,Torremolinos
Citroen,Berlingo,Diésel,108548.0,130.0,manual,23517,Torremolinos,29620,Málaga,Torremolinos
Citroen,Berlingo,Diésel,108548.0,130.0,manual,23517,Torremolinos,29620,Málaga,Torremolinos
Citroen,Berlingo,Diésel,108548.0,130.0,manual,23517,Alcobendas,28100,Madrid,Alcobendas
Citroen,Berlingo,Diésel,108548.0,130.0,manual,23517,Alameda del Obispo,14005,Córdoba,Alameda del Obispo
Citroen,Berlingo,Diésel,108548.0,130.0,manual,23517,Alzira,46600,Valencia,Alzira
Citroen,Berlingo,Diésel,108548.0,130.0,manual,23517,Alzira,46600,Valencia,Alzira
Citroen,Berlingo,Diésel,89741.0,100.0,manual,14100,Madrid,28014,Madrid,Madrid
Citroen,Berlingo,Diésel,89741.0,100.0,manual,13600,Málaga,29006,Málaga,Málaga
Citroen,Berlingo,Diésel,53000.0,131.0,manual,25950,Llerona,8520,Barcelona,Llerona
Citroen,Berlingo,Diésel,38000.0,102.0,manual,22500,Deltebre,43580,Tarragona,Deltebre
Citroen,Berlingo,Diésel,212000.0,100.0,manual,7000,Cerceda,28412,Madrid,Cerceda
Citroen,Berlingo,Diésel,127979.0,75.0,manual,11198,Madrid,28014,Madrid,Madrid
Citroen,Berlingo,Diésel,24274.0,100.0,manual,15331,Madrid,28014,Madrid,Madrid
Citroen,Berlingo,Diésel,37008.0,75.0,manual,12025,Madrid,28014,Madrid,Madrid
Citroen,Berlingo,Diésel,159000.0,100.0,manual,11650,Navalcarnero,28600,Madrid,Navalcarnero
Citroen,Berlingo,Diésel,123000.0,92.0,manual,10990,Pamplona/Iruña,31001,Navarra,Pamplona/Iruña
Citroen,Berlingo,Diésel,123000.0,92.0,manual,11490,Pamplona/Iruña,31001,Navarra,Pamplona/Iruña
Citroen,Berlingo,Diésel,123000.0,92.0,manual,10990,Armentia,1007,Álava,Armentia
Citroen,Berlingo,Diésel,123000.0,92.0,manual,11490,Armentia,1007,Álava,Armentia
Citroen,Berlingo,Diésel,114693.0,75.0,manual,8990,Vigo,36204,Pontevedra,Vigo
Citroen,Berlingo,Diésel,114693.0,75.0,manual,8990,A Coruña,15001,A Coruña,A Coruña
Citroen,Berlingo,Diésel,37742.0,102.0,manual,21990,Alcalá de Henares,28802,Madrid,Alcalá de Henares
Citroen,Berlingo,Diésel,192000.0,75.0,manual,6980,Santa Coloma de Gramenet,8921,Barcelona,Santa Coloma de Gramenet
Citroen,Berlingo,Diésel,299000.0,92.0,manual,9500,Madrid,28045,Madrid,Madrid
Citroen,Berlingo,Diésel,184706.0,92.0,manual,8990,Tarragona,43005,Tarragona,Tarragona
Citroen,Berlingo,Diésel,92055.0,75.0,manual,16950,Terrassa,8226,Barcelona,Terrassa
Citroen,Berlingo,Diésel,92000.0,100.0,manual,19499,Alcalá de Guadaíra,41500,Sevilla,Alcalá de Guadaíra
Citroen,Berlingo,Diésel,103335.0,102.0,manual,16990,Alhaurín el Grande,29120,Málaga,Alhaurín el Grande
Citroen,Berlingo,Diésel,178000.0,98.0,manual,11990,Sevilla,41001,Sevilla,Sevilla
Citroen,Berlingo,Diésel,82000.0,100.0,manual,14990,Terrassa,8226,Barcelona,Terrassa
Citroen,Berlingo,Diésel,210000.0,92.0,manual,6900,Terrassa,8221,Barcelona,Terrassa
Citroen,Berlingo,Diésel,143000.0,75.0,manual,8900,Murcia,30006,Murcia,Murcia
Audi,A1,Gasolina,16100.0,110.0,manual,20790,Tarragona,43006,Tarragona,Tarragona
Audi,A1,Gasolina,26800.0,200.0,automatic,28500,Barcelona,8013,Barcelona,Barcelona
Citroen,Berlingo,Gasolina,118600.0,110.0,manual,14990,Cornella de Llobregat,8940,Barcelona,Cornella de Llobregat
Citroen,Berlingo,Diésel,80000.0,102.0,manual,17990,Ullastrell,8231,Barcelona,Ullastrell
Citroen,Berlingo,Diésel,59000.0,130.0,automatic,25990,Collado Villalba,28400,Madrid,Collado Villalba
Citroen,Berlingo,Diésel,59000.0,130.0,automatic,25990,Collado Villalba,28400,Madrid,Collado Villalba
Citroen,Berlingo,Diésel,59000.0,130.0,automatic,24990,Collado Villalba,28400,Madrid,Collado Villalba
Citroen,Berlingo,Diésel,59000.0,130.0,automatic,24990,Collado Villalba,28400,Madrid,Collado Villalba
Citroen,Berlingo,Diésel,80000.0,102.0,manual,17990,Òrrius,8317,Barcelona,Òrrius
Citroen,Berlingo,Diésel,59000.0,130.0,automatic,25990,Camarma de Esteruelas,28816,Madrid,Camarma de Esteruelas
Citroen,Berlingo,Diésel,59000.0,130.0,automatic,25990,Camarma de Esteruelas,28816,Madrid,Camarma de Esteruelas
Citroen,Berlingo,Diésel,59000.0,130.0,automatic,24990,Camarma de Esteruelas,28816,Madrid,Camarma de Esteruelas
Citroen,Berlingo,Diésel,59000.0,130.0,automatic,24990,Camarma de Esteruelas,28816,Madrid,Camarma de Esteruelas
Citroen,Berlingo,Diésel,59000.0,130.0,automatic,25990,Fuenlabrada,28947,Madrid,Fuenlabrada
Citroen,Berlingo,Diésel,59000.0,130.0,automatic,24990,Fuenlabrada,28947,Madrid,Fuenlabrada
Citroen,Berlingo,Diésel,59000.0,130.0,automatic,25990,Las Rozas de Madrid,28232,Madrid,Las Rozas de Madrid
Citroen,Berlingo,Diésel,59000.0,130.0,automatic,24990,Las Rozas de Madrid,28232,Madrid,Las Rozas de Madrid
Citroen,Berlingo,Diésel,59000.0,130.0,automatic,25990,Colonia Pablo Iglesias,28520,Madrid,Colonia Pablo Iglesias
Citroen,Berlingo,Diésel,59000.0,130.0,automatic,24990,Colonia Pablo Iglesias,28520,Madrid,Colonia Pablo Iglesias
Citroen,Berlingo,Diésel,59000.0,130.0,automatic,25990,Villaviciosa de Odón,28670,Madrid,Villaviciosa de Odón
Citroen,Berlingo,Diésel,59000.0,130.0,automatic,24990,Villaviciosa de Odón,28670,Madrid,Villaviciosa de Odón
Citroen,Berlingo,Diésel,59000.0,130.0,automatic,25990,Urbanizacion La Granjilla,28700,Madrid,Urbanizacion La Granjilla
Citroen,Berlingo,Diésel,59000.0,130.0,automatic,24990,Urbanizacion La Granjilla,28700,Madrid,Urbanizacion La Granjilla
Citroen,Berlingo,Diésel,80000.0,102.0,manual,17990,Palau-Solita I Plegamans,8184,Barcelona,Palau-Solita I Plegamans
Citroen,Berlingo,Diésel,80000.0,102.0,manual,17990,Palau-Solita I Plegamans,8184,Barcelona,Palau-Solita I Plegamans
Citroen,Berlingo,Diésel,80000.0,102.0,manual,17990,Girona,17007,Girona,Girona
Citroen,Berlingo,Diésel,80000.0,102.0,manual,17990,Tarragona,43006,Tarragona,Tarragona
Citroen,Berlingo,Diésel,13.0,100.0,manual,23999,Santiago de Compostela,15890,A Coruña,Santiago de Compostela
Citroen,Berlingo,Diésel,81779.0,131.0,manual,21999,Barcelona,8007,Barcelona,Barcelona
Citroen,Berlingo,Diésel,81779.0,131.0,manual,21399,Barcelona,8007,Barcelona,Barcelona
Citroen,Berlingo,Diésel,81779.0,131.0,manual,21999,Madrid,28014,Madrid,Madrid
Citroen,Berlingo,Diésel,81779.0,131.0,manual,21399,Madrid,28014,Madrid,Madrid
Citroen,Berlingo,Diésel,13.0,100.0,manual,23999,Fortiñon,15168,A Coruña,Fortiñon
Citroen,Berlingo,Diésel,13.0,100.0,manual,23999,Pontevedra,36161,Pontevedra,Pontevedra
Citroen,Berlingo,Diésel,13.0,100.0,manual,23999,A Coruña,15003,A Coruña,A Coruña
Citroen,Berlingo,Diésel,13.0,100.0,manual,23999,Poligono Industrial San Fernando,28830,Madrid,Poligono Industrial San Fernando
Citroen,Berlingo,Diésel,13.0,100.0,manual,23999,Molino de La Hoz,28290,Madrid,Molino de La Hoz
Citroen,Berlingo,Diésel,13.0,100.0,manual,23999,San Fernando de Henares,28830,Madrid,San Fernando de Henares
Citroen,Berlingo,Diésel,43856.0,102.0,manual,23200,Coslada,28823,Madrid,Coslada
Citroen,Berlingo,Diésel,110000.0,102.0,manual,18990,Alcorcón,28921,Madrid,Alcorcón
Citroen,Berlingo,Diésel,98000.0,75.0,manual,12900,Buenas Noches,29693,Málaga,Buenas Noches
Citroen,Berlingo,Diésel,67000.0,102.0,manual,19999,Bailén,23710,Jaén,Bailén
Citroen,Berlingo,Diésel,31000.0,102.0,manual,24600,Valls,43800,Tarragona,Valls
Citroen,Berlingo,Diésel,115056.0,100.0,manual,14547,Getafe,28906,Madrid,Getafe
Citroen,Berlingo,Diésel,115056.0,100.0,manual,14547,Las Rozas de Madrid,28232,Madrid,Las Rozas de Madrid
Citroen,Berlingo,Diésel,115056.0,100.0,manual,14547,Ciudad Real,13003,Ciudad Real,Ciudad Real
Citroen,Berlingo,Diésel,115056.0,100.0,manual,14547,Mercado Parque Corredor del Henares,28850,Madrid,Mercado Parque Corredor del Henares
Citroen,Berlingo,Diésel,115056.0,100.0,manual,14547,Barcelona,8007,Barcelona,Barcelona
Citroen,Berlingo,Diésel,115056.0,100.0,manual,14547,Granollers,8403,Barcelona,Granollers
Citroen,Berlingo,Diésel,115056.0,100.0,manual,14547,Murcia,30003,Murcia,Murcia
Citroen,Berlingo,Diésel,73655.0,102.0,manual,23345,Murcia,30003,Murcia,Murcia
Citroen,Berlingo,Diésel,86095.0,130.0,manual,25875,Murcia,30003,Murcia,Murcia
Citroen,Berlingo,Diésel,115056.0,100.0,manual,14547,Saladar,3700,Alicante,Saladar
Citroen,Berlingo,Diésel,115056.0,100.0,manual,14547,Estepona,29680,Málaga,Estepona
Citroen,Berlingo,Diésel,115056.0,100.0,manual,14547,Sant Vicenç de Montalt,8394,Barcelona,Sant Vicenç de Montalt
Citroen,Berlingo,Diésel,115056.0,100.0,manual,14547,Valdepeñas,13300,Ciudad Real,Valdepeñas
Citroen,Berlingo,Diésel,115056.0,100.0,manual,14547,Valdepeñas,13300,Ciudad Real,Valdepeñas
Citroen,Berlingo,Diésel,115056.0,100.0,manual,14547,Santa Maria del Aguila,4710,Almería,Santa Maria del Aguila
Citroen,Berlingo,Diésel,70702.0,75.0,manual,10490,Alcalá de Henares,28802,Madrid,Alcalá de Henares
Citroen,Berlingo,Diésel,115056.0,100.0,manual,14547,Badajoz,6008,Badajoz,Badajoz
Citroen,Berlingo,Diésel,115056.0,100.0,manual,14547,Santafe,18320,Granada,Santafe
Citroen,Berlingo,Diésel,115056.0,100.0,manual,14547,Paterna,46980,Valencia,Paterna
Citroen,Berlingo,Diésel,115056.0,100.0,manual,14547,Olèrdola,8734,Barcelona,Olèrdola
Citroen,Berlingo,Diésel,115056.0,100.0,manual,14547,Olèrdola,8734,Barcelona,Olèrdola
Citroen,Berlingo,Diésel,115056.0,100.0,manual,14547,Zaragoza,50013,Zaragoza,Zaragoza
Citroen,Berlingo,Diésel,115056.0,100.0,manual,14547,Santiago de Compostela,15703,A Coruña,Santiago de Compostela
Citroen,Berlingo,Diésel,115056.0,100.0,manual,14547,Vigo,36214,Pontevedra,Vigo
Citroen,Berlingo,Diésel,115056.0,100.0,manual,14547,Albacete,2001,Albacete,Albacete
KIA,Carens,Diésel,39000.0,115.0,manual,14990,Silla,46460,Valencia,Silla
KIA,Carens,Diésel,39000.0,115.0,manual,14490,Silla,46460,Valencia,Silla
Citroen,Berlingo,Diésel,115056.0,100.0,manual,14547,Puerto de Sagunto,46520,Valencia,Puerto de Sagunto
Citroen,Berlingo,Diésel,115056.0,100.0,manual,14547,Alzira,46600,Valencia,Alzira
Citroen,Berlingo,Diésel,115056.0,100.0,manual,14547,Alzira,46600,Valencia,Alzira
Citroen,Berlingo,Diésel,115056.0,100.0,manual,14547,Alcobendas,28100,Madrid,Alcobendas
Citroen,Berlingo,Diésel,115056.0,100.0,manual,14547,Mercabilbao,48970,Bizkaia,Mercabilbao
Citroen,Berlingo,Diésel,115056.0,100.0,manual,14547,Alicante,3007,Alicante,Alicante
Citroen,Berlingo,Diésel,115056.0,100.0,manual,14547,Collado Villalba,28400,Madrid,Collado Villalba
Citroen,Berlingo,Diésel,115056.0,100.0,manual,14547,Collado Villalba,28400,Madrid,Collado Villalba
Citroen,Berlingo,Diésel,115056.0,100.0,manual,14547,Colonia Pablo Iglesias,28520,Madrid,Colonia Pablo Iglesias
Citroen,Berlingo,Diésel,115056.0,100.0,manual,14547,Hidraulica Santillana,28770,Madrid,Hidraulica Santillana
Citroen,Berlingo,Diésel,115056.0,100.0,manual,14547,Castello/Castellon de La Plana,12100,Castellón,Castello/Castellon de La Plana
Citroen,Berlingo,Diésel,115056.0,100.0,manual,14547,Atarrabia,31610,Navarra,Atarrabia
Citroen,Berlingo,Diésel,115056.0,100.0,manual,14547,Alcalá de Guadaíra,41500,Sevilla,Alcalá de Guadaíra
Citroen,Berlingo,Diésel,115056.0,100.0,manual,14547,Alameda del Obispo,14005,Córdoba,Alameda del Obispo
Citroen,Berlingo,Diésel,115056.0,100.0,manual,14547,Torremolinos,29620,Málaga,Torremolinos
Citroen,Berlingo,Diésel,115056.0,100.0,manual,14547,Torremolinos,29620,Málaga,Torremolinos
Citroen,Berlingo,Diésel,115056.0,100.0,manual,14547,Torremolinos,29620,Málaga,Torremolinos
Citroen,Berlingo,Diésel,73655.0,102.0,manual,23345,Zaragoza,50013,Zaragoza,Zaragoza
Citroen,Berlingo,Diésel,86095.0,130.0,manual,25875,Zaragoza,50013,Zaragoza,Zaragoza
Citroen,Berlingo,Diésel,210000.0,102.0,manual,12500,San Sebastián de los Reyes,28707,Madrid,San Sebastián de los Reyes
Citroen,Berlingo,Diésel,210000.0,102.0,manual,12500,San Sebastián de los Reyes,28707,Madrid,San Sebastián de los Reyes
Citroen,Berlingo,Diésel,250000.0,90.0,manual,5999,El Cigarral,29120,Málaga,El Cigarral
Citroen,Berlingo,Diésel,64780.0,102.0,manual,22990,Leioa,48940,Bizkaia,Leioa
Citroen,Berlingo,Diésel,108000.0,75.0,manual,8500,Barcelona,8006,Barcelona,Barcelona
Citroen,Berlingo,Diésel,123671.0,100.0,manual,10500,Conil de la Frontera,11140,Cádiz,Conil de la Frontera
Citroen,Berlingo,Diésel,61000.0,75.0,manual,10990,Leioa,48940,Bizkaia,Leioa
Citroen,Berlingo,Diésel,73655.0,102.0,manual,23345,Valdepeñas,13300,Ciudad Real,Valdepeñas
Citroen,Berlingo,Diésel,73655.0,102.0,manual,23345,Valdepeñas,13300,Ciudad Real,Valdepeñas
Citroen,Berlingo,Diésel,86095.0,130.0,manual,25875,Saladar,3700,Alicante,Saladar
Citroen,Berlingo,Diésel,86095.0,130.0,manual,25875,Valdepeñas,13300,Ciudad Real,Valdepeñas
Citroen,Berlingo,Diésel,86095.0,130.0,manual,25875,Valdepeñas,13300,Ciudad Real,Valdepeñas
Citroen,Berlingo,Diésel,73655.0,102.0,manual,23345,Saladar,3700,Alicante,Saladar
Citroen,Berlingo,Diésel,73655.0,102.0,manual,23345,Mercado Parque Corredor del Henares,28850,Madrid,Mercado Parque Corredor del Henares
Citroen,Berlingo,Diésel,73655.0,102.0,manual,23345,Colonia Pablo Iglesias,28520,Madrid,Colonia Pablo Iglesias
Citroen,Berlingo,Diésel,86095.0,130.0,manual,25875,Mercado Parque Corredor del Henares,28850,Madrid,Mercado Parque Corredor del Henares
Citroen,Berlingo,Diésel,73655.0,102.0,manual,23345,Olèrdola,8734,Barcelona,Olèrdola
Citroen,Berlingo,Diésel,73655.0,102.0,manual,23345,Olèrdola,8734,Barcelona,Olèrdola
Citroen,Berlingo,Diésel,86095.0,130.0,manual,25875,Colonia Pablo Iglesias,28520,Madrid,Colonia Pablo Iglesias
Citroen,Berlingo,Diésel,86095.0,130.0,manual,25875,Olèrdola,8734,Barcelona,Olèrdola
Citroen,Berlingo,Diésel,86095.0,130.0,manual,25875,Olèrdola,8734,Barcelona,Olèrdola
Citroen,Berlingo,Diésel,73655.0,102.0,manual,23345,Ciudad Real,13003,Ciudad Real,Ciudad Real
Citroen,Berlingo,Diésel,73655.0,102.0,manual,23345,Barcelona,8007,Barcelona,Barcelona
Citroen,Berlingo,Diésel,86095.0,130.0,manual,25875,Barcelona,8007,Barcelona,Barcelona
Citroen,Berlingo,Diésel,73655.0,102.0,manual,23345,Sant Vicenç de Montalt,8394,Barcelona,Sant Vicenç de Montalt
Citroen,Berlingo,Diésel,73655.0,102.0,manual,23345,Collado Villalba,28400,Madrid,Collado Villalba
Citroen,Berlingo,Diésel,73655.0,102.0,manual,23345,Collado Villalba,28400,Madrid,Collado Villalba
Citroen,Berlingo,Diésel,73655.0,102.0,manual,23345,Atarrabia,31610,Navarra,Atarrabia
Citroen,Berlingo,Diésel,86095.0,130.0,manual,25875,Ciudad Real,13003,Ciudad Real,Ciudad Real
Citroen,Berlingo,Diésel,86095.0,130.0,manual,25875,Sant Vicenç de Montalt,8394,Barcelona,Sant Vicenç de Montalt
Citroen,Berlingo,Diésel,86095.0,130.0,manual,25875,Atarrabia,31610,Navarra,Atarrabia
Citroen,Berlingo,Diésel,86095.0,130.0,manual,25875,Collado Villalba,28400,Madrid,Collado Villalba
Citroen,Berlingo,Diésel,86095.0,130.0,manual,25875,Collado Villalba,28400,Madrid,Collado Villalba
Citroen,Berlingo,Diésel,83697.0,102.0,manual,19900,Barcelona,8007,Barcelona,Barcelona
Citroen,Berlingo,Diésel,136716.0,120.0,manual,13099,Barcelona,8007,Barcelona,Barcelona
Citroen,Berlingo,Diésel,53646.0,102.0,manual,19199,Barcelona,8007,Barcelona,Barcelona
Citroen,Berlingo,Diésel,86095.0,130.0,manual,25875,Badajoz,6008,Badajoz,Badajoz
Citroen,Berlingo,Diésel,73655.0,102.0,manual,23345,Badajoz,6008,Badajoz,Badajoz
Citroen,Berlingo,Diésel,53646.0,102.0,manual,19199,Madrid,28014,Madrid,Madrid
Citroen,Berlingo,Diésel,136716.0,120.0,manual,13099,Madrid,28014,Madrid,Madrid
Citroen,Berlingo,Diésel,73655.0,102.0,manual,23345,Santa Maria del Aguila,4710,Almería,Santa Maria del Aguila
Citroen,Berlingo,Diésel,86095.0,130.0,manual,25875,Santa Maria del Aguila,4710,Almería,Santa Maria del Aguila
Citroen,Berlingo,Diésel,73655.0,102.0,manual,23345,Santiago de Compostela,15703,A Coruña,Santiago de Compostela
Citroen,Berlingo,Diésel,86095.0,130.0,manual,25875,Santiago de Compostela,15703,A Coruña,Santiago de Compostela
Citroen,Berlingo,Diésel,73655.0,102.0,manual,23345,Granollers,8403,Barcelona,Granollers
Citroen,Berlingo,Diésel,73655.0,102.0,manual,23345,Estepona,29680,Málaga,Estepona
Citroen,Berlingo,Diésel,86095.0,130.0,manual,25875,Granollers,8403,Barcelona,Granollers
Citroen,Berlingo,Diésel,86095.0,130.0,manual,25875,Estepona,29680,Málaga,Estepona
Citroen,Berlingo,Diésel,73655.0,102.0,manual,23345,Santafe,18320,Granada,Santafe
Citroen,Berlingo,Diésel,73655.0,102.0,manual,23345,Alcobendas,28100,Madrid,Alcobendas
Citroen,Berlingo,Diésel,73655.0,102.0,manual,23345,Vigo,36214,Pontevedra,Vigo
Citroen,Berlingo,Diésel,73655.0,102.0,manual,23345,Getafe,28906,Madrid,Getafe
Citroen,Berlingo,Diésel,73655.0,102.0,manual,23345,Las Rozas de Madrid,28232,Madrid,Las Rozas de Madrid
Citroen,Berlingo,Diésel,73655.0,102.0,manual,23345,Paterna,46980,Valencia,Paterna
Citroen,Berlingo,Diésel,73655.0,102.0,manual,23345,Alameda del Obispo,14005,Córdoba,Alameda del Obispo
Citroen,Berlingo,Diésel,73655.0,102.0,manual,23345,Alzira,46600,Valencia,Alzira
Citroen,Berlingo,Diésel,73655.0,102.0,manual,23345,Alzira,46600,Valencia,Alzira
Citroen,Berlingo,Diésel,73655.0,102.0,manual,23345,Torremolinos,29620,Málaga,Torremolinos
Citroen,Berlingo,Diésel,73655.0,102.0,manual,23345,Torremolinos,29620,Málaga,Torremolinos
Citroen,Berlingo,Diésel,73655.0,102.0,manual,23345,Torremolinos,29620,Málaga,Torremolinos
Citroen,Berlingo,Diésel,73655.0,102.0,manual,23345,Castello/Castellon de La Plana,12100,Castellón,Castello/Castellon de La Plana
Citroen,Berlingo,Diésel,73655.0,102.0,manual,23345,Alicante,3007,Alicante,Alicante
Citroen,Berlingo,Diésel,73655.0,102.0,manual,23345,Alcalá de Guadaíra,41500,Sevilla,Alcalá de Guadaíra
Citroen,Berlingo,Diésel,86095.0,130.0,manual,25875,Getafe,28906,Madrid,Getafe
Citroen,Berlingo,Diésel,86095.0,130.0,manual,25875,Paterna,46980,Valencia,Paterna
Citroen,Berlingo,Diésel,73655.0,102.0,manual,23345,Albacete,2001,Albacete,Albacete
Citroen,Berlingo,Diésel,73655.0,102.0,manual,23345,Mercabilbao,48970,Bizkaia,Mercabilbao
Citroen,Berlingo,Diésel,86095.0,130.0,manual,25875,Santafe,18320,Granada,Santafe
Citroen,Berlingo,Diésel,73655.0,102.0,manual,23345,Hidraulica Santillana,28770,Madrid,Hidraulica Santillana
Citroen,Berlingo,Diésel,73655.0,102.0,manual,23345,Puerto de Sagunto,46520,Valencia,Puerto de Sagunto
Citroen,Berlingo,Diésel,86095.0,130.0,manual,25875,Las Rozas de Madrid,28232,Madrid,Las Rozas de Madrid
Citroen,Berlingo,Diésel,86095.0,130.0,manual,25875,Vigo,36214,Pontevedra,Vigo
Citroen,Berlingo,Diésel,86095.0,130.0,manual,25875,Alcobendas,28100,Madrid,Alcobendas
Citroen,Berlingo,Diésel,86095.0,130.0,manual,25875,Alameda del Obispo,14005,Córdoba,Alameda del Obispo
Citroen,Berlingo,Diésel,86095.0,130.0,manual,25875,Alzira,46600,Valencia,Alzira
Citroen,Berlingo,Diésel,86095.0,130.0,manual,25875,Alzira,46600,Valencia,Alzira
Citroen,Berlingo,Diésel,86095.0,130.0,manual,25875,Torremolinos,29620,Málaga,Torremolinos
Citroen,Berlingo,Diésel,86095.0,130.0,manual,25875,Torremolinos,29620,Málaga,Torremolinos
Citroen,Berlingo,Diésel,86095.0,130.0,manual,25875,Torremolinos,29620,Málaga,Torremolinos
Citroen,Berlingo,Diésel,86095.0,130.0,manual,25875,Castello/Castellon de La Plana,12100,Castellón,Castello/Castellon de La Plana
Citroen,Berlingo,Diésel,86095.0,130.0,manual,25875,Hidraulica Santillana,28770,Madrid,Hidraulica Santillana
Citroen,Berlingo,Diésel,86095.0,130.0,manual,25875,Mercabilbao,48970,Bizkaia,Mercabilbao
Citroen,Berlingo,Diésel,86095.0,130.0,manual,25875,Alicante,3007,Alicante,Alicante
Citroen,Berlingo,Diésel,86095.0,130.0,manual,25875,Albacete,2001,Albacete,Albacete
Citroen,Berlingo,Diésel,86095.0,130.0,manual,25875,Puerto de Sagunto,46520,Valencia,Puerto de Sagunto
Citroen,Berlingo,Diésel,86095.0,130.0,manual,25875,Alcalá de Guadaíra,41500,Sevilla,Alcalá de Guadaíra
Citroen,Berlingo,Diésel,114000.0,100.0,manual,10100,Pamplona/Iruña,31006,Navarra,Pamplona/Iruña
Citroen,Berlingo,Diésel,98400.0,102.0,manual,15500,Alcover,43460,Tarragona,Alcover
Citroen,Berlingo,Diésel,105000.0,71.0,manual,4500,Pineda de Mar,8397,Barcelona,Pineda de Mar
Citroen,Berlingo,Diésel,105000.0,71.0,manual,4000,Pineda de Mar,8397,Barcelona,Pineda de Mar
Citroen,Berlingo,Diésel,151000.0,75.0,manual,12300,Montijo,6480,Badajoz,Montijo
Citroen,Berlingo,Gasolina,52392.0,110.0,manual,16499,Madrid,28014,Madrid,Madrid
Citroen,Berlingo,Gasolina,52392.0,110.0,manual,16499,Barcelona,8007,Barcelona,Barcelona
Citroen,Berlingo,Diésel,32345.0,100.0,manual,20900,Poligono Industrial San Fernando,28830,Madrid,Poligono Industrial San Fernando
Citroen,Berlingo,Diésel,32345.0,100.0,manual,20900,Pontevedra,36161,Pontevedra,Pontevedra
Citroen,Berlingo,Diésel,32345.0,100.0,manual,20900,Fortiñon,15168,A Coruña,Fortiñon
Citroen,Berlingo,Diésel,32345.0,100.0,manual,20900,San Fernando de Henares,28830,Madrid,San Fernando de Henares
Citroen,Berlingo,Diésel,32345.0,100.0,manual,20900,Molino de La Hoz,28290,Madrid,Molino de La Hoz
Citroen,Berlingo,Diésel,32345.0,100.0,manual,20900,Santiago de Compostela,15890,A Coruña,Santiago de Compostela
Citroen,Berlingo,Diésel,32345.0,100.0,manual,20900,A Coruña,15003,A Coruña,A Coruña
Citroen,Berlingo,Diésel,219000.0,75.0,manual,10999,Bailén,23710,Jaén,Bailén
Citroen,Berlingo,Diésel,195900.0,100.0,manual,9950,Doña Manuela,14014,Córdoba,Doña Manuela
Citroen,Berlingo,Diésel,102784.0,102.0,manual,19290,Madrid,28021,Madrid,Madrid
Citroen,Berlingo,Diésel,102784.0,102.0,manual,19190,Madrid,28021,Madrid,Madrid
Citroen,Berlingo,Diésel,141116.0,100.0,manual,10690,Madrid,28021,Madrid,Madrid
Citroen,Berlingo,Diésel,71000.0,130.0,manual,23490,Armentia,1007,Álava,Armentia
Citroen,Berlingo,Diésel,71000.0,130.0,manual,23490,Pamplona/Iruña,31001,Navarra,Pamplona/Iruña
Citroen,Berlingo,Diésel,71000.0,130.0,manual,23490,Donostia-San Sebastián,20006,Gipuzkoa,Donostia-San Sebastián
Citroen,Berlingo,Diésel,179000.0,112.0,manual,7900,La Estacada,30528,Murcia,La Estacada
Citroen,Berlingo,Diésel,260000.0,90.0,manual,3390,Terrassa,8221,Barcelona,Terrassa
Citroen,Berlingo,Diésel,202000.0,90.0,manual,8650,Vic,8500,Barcelona,Vic
Citroen,Berlingo,Diésel,55000.0,102.0,manual,22500,Terrassa,8221,Barcelona,Terrassa
Citroen,Berlingo,Diésel,35000.0,102.0,manual,23999,Alcalá de Guadaíra,41500,Sevilla,Alcalá de Guadaíra
Citroen,Berlingo,Diésel,155000.0,90.0,manual,10400,Sondika,48150,Bizkaia,Sondika
Citroen,Berlingo,Diésel,55.0,131.0,manual,24400,Palencia,34002,Palencia,Palencia
Citroen,Berlingo,Diésel,202000.0,71.0,manual,1900,Alcaudete,23660,Jaén,Alcaudete
Citroen,Berlingo,Diésel,128874.0,100.0,manual,18400,Málaga,29006,Málaga,Málaga
Citroen,Berlingo,Diésel,50360.0,100.0,manual,15900,Madrid,28014,Madrid,Madrid
Citroen,Berlingo,Diésel,109645.0,120.0,manual,17500,Vigo,36214,Pontevedra,Vigo
Citroen,Berlingo,Diésel,109645.0,120.0,manual,17500,Getafe,28906,Madrid,Getafe
Citroen,Berlingo,Diésel,109645.0,120.0,manual,17500,Alameda del Obispo,14005,Córdoba,Alameda del Obispo
Citroen,Berlingo,Diésel,109645.0,120.0,manual,17500,Saladar,3700,Alicante,Saladar
Citroen,Berlingo,Diésel,109645.0,120.0,manual,17500,Paterna,46980,Valencia,Paterna
Citroen,Berlingo,Diésel,109645.0,120.0,manual,17500,Puerto de Sagunto,46520,Valencia,Puerto de Sagunto
Citroen,Berlingo,Diésel,109645.0,120.0,manual,17500,Zaragoza,50013,Zaragoza,Zaragoza
Citroen,Berlingo,Diésel,109645.0,120.0,manual,17500,Ciudad Real,13003,Ciudad Real,Ciudad Real
Citroen,Berlingo,Diésel,109645.0,120.0,manual,17500,Estepona,29680,Málaga,Estepona
Citroen,Berlingo,Diésel,50603.0,100.0,manual,22699,Barcelona,8007,Barcelona,Barcelona
Citroen,Berlingo,Diésel,109645.0,120.0,manual,17500,Barcelona,8007,Barcelona,Barcelona
Citroen,Berlingo,Diésel,109645.0,120.0,manual,17500,Mercado Parque Corredor del Henares,28850,Madrid,Mercado Parque Corredor del Henares
Citroen,Berlingo,Diésel,109645.0,120.0,manual,17500,Valdepeñas,13300,Ciudad Real,Valdepeñas
Citroen,Berlingo,Diésel,109645.0,120.0,manual,17500,Valdepeñas,13300,Ciudad Real,Valdepeñas
Citroen,Berlingo,Diésel,109645.0,120.0,manual,17500,Sant Vicenç de Montalt,8394,Barcelona,Sant Vicenç de Montalt
Citroen,Berlingo,Diésel,109645.0,120.0,manual,17500,Atarrabia,31610,Navarra,Atarrabia
Citroen,Berlingo,Diésel,109645.0,120.0,manual,17500,Santa Maria del Aguila,4710,Almería,Santa Maria del Aguila
Citroen,Berlingo,Diésel,109645.0,120.0,manual,17500,Murcia,30003,Murcia,Murcia
Citroen,Berlingo,Diésel,109645.0,120.0,manual,17500,Santafe,18320,Granada,Santafe
Citroen,Berlingo,Diésel,109645.0,120.0,manual,17500,Alcalá de Guadaíra,41500,Sevilla,Alcalá de Guadaíra
Citroen,Berlingo,Diésel,109645.0,120.0,manual,17500,Granollers,8403,Barcelona,Granollers
Citroen,Berlingo,Diésel,109645.0,120.0,manual,17500,Mercabilbao,48970,Bizkaia,Mercabilbao
Citroen,Berlingo,Diésel,50603.0,100.0,manual,22699,Madrid,28014,Madrid,Madrid
Citroen,Berlingo,Diésel,109645.0,120.0,manual,17500,Olèrdola,8734,Barcelona,Olèrdola
Citroen,Berlingo,Diésel,109645.0,120.0,manual,17500,Olèrdola,8734,Barcelona,Olèrdola
Citroen,Berlingo,Diésel,5.0,100.0,manual,29300,Badalona,8912,Barcelona,Badalona
Citroen,Berlingo,Diésel,109645.0,120.0,manual,17500,Santiago de Compostela,15703,A Coruña,Santiago de Compostela
Citroen,Berlingo,Diésel,109645.0,120.0,manual,17500,Badajoz,6008,Badajoz,Badajoz
Citroen,Berlingo,Diésel,109645.0,120.0,manual,17500,Collado Villalba,28400,Madrid,Collado Villalba
Citroen,Berlingo,Diésel,109645.0,120.0,manual,17500,Collado Villalba,28400,Madrid,Collado Villalba
Citroen,Berlingo,Diésel,109645.0,120.0,manual,17500,Torremolinos,29620,Málaga,Torremolinos
Citroen,Berlingo,Diésel,109645.0,120.0,manual,17500,Torremolinos,29620,Málaga,Torremolinos
Citroen,Berlingo,Diésel,109645.0,120.0,manual,17500,Torremolinos,29620,Málaga,Torremolinos
Citroen,Berlingo,Diésel,109645.0,120.0,manual,17500,Colonia Pablo Iglesias,28520,Madrid,Colonia Pablo Iglesias
Citroen,Berlingo,Diésel,109645.0,120.0,manual,17500,Las Rozas de Madrid,28232,Madrid,Las Rozas de Madrid
Citroen,Berlingo,Diésel,109645.0,120.0,manual,17500,Albacete,2001,Albacete,Albacete
Citroen,Berlingo,Diésel,109645.0,120.0,manual,17500,Castello/Castellon de La Plana,12100,Castellón,Castello/Castellon de La Plana
Citroen,Berlingo,Diésel,109645.0,120.0,manual,17500,Alcobendas,28100,Madrid,Alcobendas
Citroen,Berlingo,Diésel,109645.0,120.0,manual,17500,Hidraulica Santillana,28770,Madrid,Hidraulica Santillana
Citroen,Berlingo,Diésel,109645.0,120.0,manual,17500,Alzira,46600,Valencia,Alzira
Citroen,Berlingo,Diésel,109645.0,120.0,manual,17500,Alzira,46600,Valencia,Alzira
Citroen,Berlingo,Diésel,109645.0,120.0,manual,17500,Alicante,3007,Alicante,Alicante
Citroen,Berlingo,Diésel,216000.0,100.0,manual,10950,Pineda de Mar,8397,Barcelona,Pineda de Mar
Citroen,Berlingo,Diésel,45000.0,75.0,manual,7500,Cunit,43881,Tarragona,Cunit
Citroen,Berlingo,Diésel,142500.0,90.0,manual,10490,Vic,8500,Barcelona,Vic
Citroen,Berlingo,Diésel,149000.0,114.0,manual,14990,Sevilla,41017,Sevilla,Sevilla
Citroen,Berlingo,Diésel,65813.0,100.0,manual,18500,Canals,46650,Valencia,Canals
Citroen,Berlingo,Diésel,182000.0,92.0,manual,9990,Málaga,29006,Málaga,Málaga
Citroen,Berlingo,Diésel,23000.0,102.0,manual,23890,Durango,48200,Bizkaia,Durango
Citroen,Berlingo,Diésel,23000.0,102.0,manual,23890,Durango,48200,Bizkaia,Durango
Citroen,Berlingo,Diésel,23000.0,102.0,manual,23490,Durango,48200,Bizkaia,Durango
Citroen,Berlingo,Diésel,23000.0,102.0,manual,23490,Durango,48200,Bizkaia,Durango
Citroen,Berlingo,Diésel,23000.0,102.0,manual,23890,Armentia,1007,Álava,Armentia
Citroen,Berlingo,Diésel,23000.0,102.0,manual,23490,Armentia,1007,Álava,Armentia
Citroen,Berlingo,Diésel,122914.0,130.0,manual,22490,Sant Feliu de Llobregat,8980,Barcelona,Sant Feliu de Llobregat
Citroen,Berlingo,Diésel,122914.0,130.0,manual,22290,Sant Feliu de Llobregat,8980,Barcelona,Sant Feliu de Llobregat
Citroen,Berlingo,Diésel,23000.0,102.0,manual,23890,Donostia-San Sebastián,20006,Gipuzkoa,Donostia-San Sebastián
Citroen,Berlingo,Diésel,23000.0,102.0,manual,23490,Donostia-San Sebastián,20006,Gipuzkoa,Donostia-San Sebastián
Citroen,Berlingo,Diésel,23000.0,102.0,manual,23890,Santander,39010,Cantabria,Santander
Citroen,Berlingo,Diésel,23000.0,102.0,manual,23490,Santander,39010,Cantabria,Santander
Citroen,Berlingo,Diésel,23000.0,102.0,manual,23890,Pamplona/Iruña,31001,Navarra,Pamplona/Iruña
Citroen,Berlingo,Diésel,23000.0,102.0,manual,23490,Pamplona/Iruña,31001,Navarra,Pamplona/Iruña
Citroen,Berlingo,Diésel,24372.0,130.0,manual,25890,Santander,39010,Cantabria,Santander
Citroen,Berlingo,Diésel,24372.0,130.0,manual,25890,León,24003,León,León
Citroen,Berlingo,Diésel,24372.0,130.0,manual,25890,León,24003,León,León
Citroen,Berlingo,Diésel,24372.0,130.0,manual,25890,Oviedo,33003,Asturias,Oviedo
Citroen,Berlingo,Diésel,23000.0,102.0,manual,23890,Oviedo,33003,Asturias,Oviedo
Citroen,Berlingo,Diésel,23000.0,102.0,manual,23490,Oviedo,33003,Asturias,Oviedo
Citroen,Berlingo,Diésel,5.0,100.0,manual,31100,Badalona,8912,Barcelona,Badalona
Citroen,Berlingo,Diésel,141252.0,112.0,manual,13800,Málaga,29004,Málaga,Málaga
Citroen,Berlingo,Diésel,123000.0,100.0,manual,11999,El Prat de Llobregat,8820,Barcelona,El Prat de Llobregat
Citroen,Berlingo,Diésel,134620.0,112.0,manual,9800,Mungia,48100,Bizkaia,Mungia
Citroen,Berlingo,Diésel,38434.0,100.0,manual,18790,Camarma de Esteruelas,28816,Madrid,Camarma de Esteruelas
Citroen,Berlingo,Diésel,38434.0,100.0,manual,18790,Camarma de Esteruelas,28816,Madrid,Camarma de Esteruelas
Citroen,Berlingo,Diésel,38434.0,100.0,manual,18790,Collado Villalba,28400,Madrid,Collado Villalba
Citroen,Berlingo,Diésel,38434.0,100.0,manual,18790,Collado Villalba,28400,Madrid,Collado Villalba
Citroen,Berlingo,Diésel,39077.0,100.0,manual,20699,Madrid,28014,Madrid,Madrid
Citroen,Berlingo,Diésel,39077.0,100.0,manual,20599,Madrid,28014,Madrid,Madrid
Citroen,Berlingo,Diésel,39077.0,100.0,manual,20699,Barcelona,8007,Barcelona,Barcelona
Citroen,Berlingo,Diésel,39077.0,100.0,manual,20599,Barcelona,8007,Barcelona,Barcelona
Citroen,Berlingo,Diésel,38434.0,100.0,manual,18790,Fuenlabrada,28947,Madrid,Fuenlabrada
Citroen,Berlingo,Diésel,38434.0,100.0,manual,18790,Villaviciosa de Odón,28670,Madrid,Villaviciosa de Odón
Citroen,Berlingo,Diésel,38434.0,100.0,manual,18790,Urbanizacion La Granjilla,28700,Madrid,Urbanizacion La Granjilla
Citroen,Berlingo,Diésel,38434.0,100.0,manual,18790,Colonia Pablo Iglesias,28520,Madrid,Colonia Pablo Iglesias
Citroen,Berlingo,Diésel,38434.0,100.0,manual,18790,Las Rozas de Madrid,28232,Madrid,Las Rozas de Madrid
Citroen,Berlingo,Diésel,321000.0,75.0,manual,4990,Lleida,25008,Lleida,Lleida
Citroen,Berlingo,Diésel,160900.0,100.0,manual,10500,Doña Manuela,14014,Córdoba,Doña Manuela
Citroen,Berlingo,Diésel,264000.0,75.0,manual,8500,Girona,17007,Girona,Girona
Citroen,Berlingo,Diésel,136000.0,76.0,manual,16200,Prado del Rey,11660,Cádiz,Prado del Rey
Citroen,Berlingo,Diésel,150000.0,92.0,manual,8999,Úbeda,23400,Jaén,Úbeda
Citroen,Berlingo,Diésel,77930.0,130.0,manual,20990,Barrio Peral,30300,Murcia,Barrio Peral
Citroen,Berlingo,Diésel,77930.0,130.0,manual,20990,Gandia,46701,Valencia,Gandia
Citroen,Berlingo,Diésel,77930.0,130.0,manual,20990,Silla,46460,Valencia,Silla
Citroen,Berlingo,Diésel,150000.0,92.0,manual,8950,Deiro,36627,Pontevedra,Deiro
Citroen,Berlingo,Diésel,160000.0,100.0,manual,15850,Mataró,8302,Barcelona,Mataró
Citroen,Berlingo,Diésel,117000.0,75.0,manual,7300,Alella,8328,Barcelona,Alella
Citroen,Berlingo,Diésel,240000.0,115.0,manual,11990,Olot,17800,Girona,Olot
Citroen,Berlingo,Diésel,63296.0,75.0,manual,9750,Santa Perpètua de Mogoda,8130,Barcelona,Santa Perpètua de Mogoda
Citroen,Berlingo,Diésel,102000.0,120.0,manual,14000,Verín,32600,Ourense,Verín
Citroen,Berlingo,Diésel,189000.0,90.0,manual,7990,Argamasilla de Calatrava,13440,Ciudad Real,Argamasilla de Calatrava
Citroen,Berlingo,Diésel,125000.0,114.0,manual,13999,Igollo de Camargo,39608,Cantabria,Igollo de Camargo
Citroen,Berlingo,Diésel,98000.0,102.0,manual,18750,San Luis de Sabinillas,29692,Málaga,San Luis de Sabinillas
Citroen,Berlingo,Diésel,98000.0,102.0,manual,18750,San Luis de Sabinillas,29692,Málaga,San Luis de Sabinillas
Citroen,Berlingo,Diésel,207000.0,75.0,manual,11900,Casillas,30007,Murcia,Casillas
Citroen,Berlingo,Diésel,207000.0,75.0,manual,11500,Casillas,30007,Murcia,Casillas
Citroen,Berlingo,Diésel,240000.0,71.0,manual,4195,Xativa,46800,Valencia,Xativa
Citroen,Berlingo,Diésel,96000.0,75.0,manual,9999,Lugar Nuevo de La Corona,46910,Valencia,Lugar Nuevo de La Corona
Citroen,Berlingo,Diésel,96000.0,75.0,manual,9999,Lugar Nuevo de La Corona,46910,Valencia,Lugar Nuevo de La Corona
Citroen,Berlingo,Diésel,96000.0,75.0,manual,9999,Lugar Nuevo de La Corona,46910,Valencia,Lugar Nuevo de La Corona
Citroen,Berlingo,Diésel,96000.0,75.0,manual,9999,Lugar Nuevo de La Corona,46910,Valencia,Lugar Nuevo de La Corona
Citroen,Berlingo,Diésel,129514.0,75.0,manual,17900,Poligono Industrial San Fernando,28830,Madrid,Poligono Industrial San Fernando
Citroen,Berlingo,Diésel,129514.0,75.0,manual,17900,Santiago de Compostela,15890,A Coruña,Santiago de Compostela
Citroen,Berlingo,Diésel,129514.0,75.0,manual,17900,San Fernando de Henares,28830,Madrid,San Fernando de Henares
Citroen,Berlingo,Diésel,129514.0,75.0,manual,17900,Fortiñon,15168,A Coruña,Fortiñon
Citroen,Berlingo,Diésel,1.0,102.0,manual,26790,Sant Boi de Llobregat,8830,Barcelona,Sant Boi de Llobregat
Citroen,Berlingo,Diésel,129514.0,75.0,manual,17900,Pontevedra,36161,Pontevedra,Pontevedra
Citroen,Berlingo,Diésel,129514.0,75.0,manual,17900,Molino de La Hoz,28290,Madrid,Molino de La Hoz
Citroen,Berlingo,Diésel,129514.0,75.0,manual,17900,A Coruña,15003,A Coruña,A Coruña
Citroen,Berlingo,Diésel,85000.0,102.0,manual,21900,Castelldefels,8860,Barcelona,Castelldefels
Citroen,Berlingo,Diésel,96000.0,75.0,manual,7768,San Fernando de Henares Madrid,28830,Madrid,San Fernando de Henares Madrid
Citroen,Berlingo,Diésel,223000.0,90.0,manual,12500,Granja de Rocamora,3348,Alicante,Granja de Rocamora
Citroen,Berlingo,Diésel,5.0,102.0,manual,27000,Amposta,43870,Tarragona,Amposta
Citroen,Berlingo,Diésel,177000.0,75.0,manual,6800,Alella,8328,Barcelona,Alella
Citroen,Berlingo,Diésel,78639.0,102.0,manual,18490,Collado Villalba,28400,Madrid,Collado Villalba
Citroen,Berlingo,Diésel,78639.0,102.0,manual,18490,Collado Villalba,28400,Madrid,Collado Villalba
Citroen,Berlingo,Diésel,57290.0,102.0,manual,19990,Valladolid,47006,Valladolid,Valladolid
Citroen,Berlingo,Diésel,78639.0,102.0,manual,18490,Camarma de Esteruelas,28816,Madrid,Camarma de Esteruelas
Citroen,Berlingo,Diésel,78639.0,102.0,manual,18490,Camarma de Esteruelas,28816,Madrid,Camarma de Esteruelas
Citroen,Berlingo,Diésel,57290.0,102.0,manual,19990,Salamanca,37008,Salamanca,Salamanca
Citroen,Berlingo,Diésel,57290.0,102.0,manual,19990,Salamanca,37008,Salamanca,Salamanca
Citroen,Berlingo,Diésel,57290.0,102.0,manual,19990,León,24003,León,León
Citroen,Berlingo,Diésel,57290.0,102.0,manual,19990,León,24003,León,León
Citroen,Berlingo,Diésel,78639.0,102.0,manual,18490,Fuenlabrada,28947,Madrid,Fuenlabrada
Citroen,Berlingo,Diésel,34470.0,102.0,manual,20599,Barcelona,8007,Barcelona,Barcelona
Citroen,Berlingo,Diésel,32500.0,102.0,manual,21500,Sant Boi de Llobregat,8830,Barcelona,Sant Boi de Llobregat
Hyundai,ix35,Diésel,125159.0,135.0,manual,11699,Barcelona,8007,Barcelona,Barcelona
Hyundai,ix35,Diésel,120000.0,115.0,manual,11990,Cambrils,43850,Tarragona,Cambrils
Hyundai,ix35,Diésel,112000.0,184.0,automatic,16990,Poligono Industrial Madanela,15800,A Coruña,Poligono Industrial Madanela
Citroen,Berlingo,Diésel,34470.0,102.0,manual,20599,Madrid,28014,Madrid,Madrid
Citroen,Berlingo,Diésel,78639.0,102.0,manual,18490,Villaviciosa de Odón,28670,Madrid,Villaviciosa de Odón
Citroen,Berlingo,Diésel,78639.0,102.0,manual,18490,Urbanizacion La Granjilla,28700,Madrid,Urbanizacion La Granjilla
Citroen,Berlingo,Diésel,78639.0,102.0,manual,18490,Colonia Pablo Iglesias,28520,Madrid,Colonia Pablo Iglesias
Citroen,Berlingo,Diésel,78639.0,102.0,manual,18490,Las Rozas de Madrid,28232,Madrid,Las Rozas de Madrid
Citroen,Berlingo,Diésel,57290.0,102.0,manual,19990,Burgos,9004,Burgos,Burgos
Citroen,Berlingo,Diésel,57290.0,102.0,manual,19990,Burgos,9004,Burgos,Burgos
Citroen,Berlingo,Diésel,2.0,102.0,manual,24937,Bilbao,48006,Bizkaia,Bilbao
Citroen,Berlingo,Diésel,57290.0,102.0,manual,19990,Oviedo,33003,Asturias,Oviedo
Citroen,Berlingo,Diésel,45477.0,102.0,manual,19700,Sedaví,46910,Valencia,Sedaví
Citroen,Berlingo,Diésel,45477.0,102.0,manual,19700,Sedaví,46910,Valencia,Sedaví
Citroen,Berlingo,Diésel,45477.0,102.0,manual,19700,Sedaví,46910,Valencia,Sedaví
Citroen,Berlingo,Diésel,45477.0,102.0,manual,19700,Sedaví,46910,Valencia,Sedaví
Citroen,Berlingo,Diésel,45477.0,102.0,manual,20900,Sedaví,46910,Valencia,Sedaví
Citroen,Berlingo,Diésel,45477.0,102.0,manual,20900,Sedaví,46910,Valencia,Sedaví
Citroen,Berlingo,Diésel,45477.0,102.0,manual,20900,Sedaví,46910,Valencia,Sedaví
Citroen,Berlingo,Diésel,45477.0,102.0,manual,20900,Sedaví,46910,Valencia,Sedaví
Citroen,Berlingo,Gasolina,18694.0,46.0,manual,18800,Girona,17001,Girona,Girona
Citroen,Berlingo,Diésel,148000.0,100.0,manual,11495,Castelldefels,8860,Barcelona,Castelldefels
Citroen,Berlingo,Diésel,199000.0,75.0,manual,6500,Fuente del Rey,41703,Sevilla,Fuente del Rey
Citroen,Berlingo,Diésel,11500.0,102.0,manual,19500,Deltebre,43580,Tarragona,Deltebre
Citroen,Berlingo,Diésel,120000.0,114.0,manual,13999,Arbuio,48810,Bizkaia,Arbuio
Citroen,Berlingo,Diésel,12.0,130.0,manual,34900,Manresa,8243,Barcelona,Manresa
Citroen,Berlingo,Diésel,44722.0,102.0,manual,21990,Madrid,28021,Madrid,Madrid
Citroen,Berlingo,Diésel,27900.0,102.0,manual,26900,Carcaixent,46740,Valencia,Carcaixent
Citroen,Berlingo,Diésel,155000.0,100.0,manual,9834,Madrid,28014,Madrid,Madrid
Citroen,Berlingo,Diésel,155000.0,100.0,manual,9834,Santiago de Compostela,15707,A Coruña,Santiago de Compostela
Citroen,Berlingo,Diésel,165322.0,92.0,automatic,14190,Olèrdola,8734,Barcelona,Olèrdola
Citroen,Berlingo,Diésel,165322.0,92.0,automatic,14190,Olèrdola,8734,Barcelona,Olèrdola
Citroen,Berlingo,Diésel,120000.0,120.0,manual,15990,Reus,43201,Tarragona,Reus
Citroen,Berlingo,Diésel,108000.0,115.0,manual,14999,Igollo de Camargo,39608,Cantabria,Igollo de Camargo
Citroen,Berlingo,Diésel,87489.0,102.0,manual,23400,Olèrdola,8734,Barcelona,Olèrdola
Citroen,Berlingo,Diésel,87489.0,102.0,manual,23400,Olèrdola,8734,Barcelona,Olèrdola
Citroen,Berlingo,Gasolina,47491.0,110.0,manual,25473,Olèrdola,8734,Barcelona,Olèrdola
Citroen,Berlingo,Gasolina,47491.0,110.0,manual,25473,Olèrdola,8734,Barcelona,Olèrdola
Citroen,Berlingo,Diésel,13556.0,130.0,manual,28635,Olèrdola,8734,Barcelona,Olèrdola
Citroen,Berlingo,Diésel,13556.0,130.0,manual,28635,Olèrdola,8734,Barcelona,Olèrdola
Citroen,Berlingo,Diésel,69500.0,102.0,manual,19965,Torrefarrera,25123,Lleida,Torrefarrera
Citroen,Berlingo,Diésel,130000.0,112.0,manual,11500,Torredonjimeno,23650,Jaén,Torredonjimeno
Citroen,Berlingo,Diésel,135000.0,92.0,automatic,12900,Málaga,29004,Málaga,Málaga
Citroen,Berlingo,Diésel,75000.0,131.0,automatic,28990,Cogullada,46749,Valencia,Cogullada
Citroen,Berlingo,Diésel,30000.0,102.0,manual,25000,Ugarte,48510,Bizkaia,Ugarte
Citroen,Berlingo,Diésel,13556.0,130.0,manual,28635,Puerto de Sagunto,46520,Valencia,Puerto de Sagunto
Citroen,Berlingo,Diésel,13556.0,130.0,manual,28635,Alcobendas,28100,Madrid,Alcobendas
Citroen,Berlingo,Diésel,13556.0,130.0,manual,28635,Murcia,30003,Murcia,Murcia
Citroen,Berlingo,Diésel,13556.0,130.0,manual,28635,Mercado Parque Corredor del Henares,28850,Madrid,Mercado Parque Corredor del Henares
Citroen,Berlingo,Diésel,13556.0,130.0,manual,28635,Santa Maria del Aguila,4710,Almería,Santa Maria del Aguila
Citroen,Berlingo,Diésel,13556.0,130.0,manual,28635,Saladar,3700,Alicante,Saladar
Citroen,Berlingo,Diésel,13556.0,130.0,manual,28635,Santafe,18320,Granada,Santafe
Citroen,Berlingo,Diésel,13556.0,130.0,manual,28635,Vigo,36214,Pontevedra,Vigo
Citroen,Berlingo,Diésel,13556.0,130.0,manual,28635,Mercabilbao,48970,Bizkaia,Mercabilbao
Citroen,Berlingo,Diésel,13556.0,130.0,manual,28635,Alicante,3007,Alicante,Alicante
Citroen,Berlingo,Diésel,13556.0,130.0,manual,28635,Granollers,8403,Barcelona,Granollers
Citroen,Berlingo,Diésel,13556.0,130.0,manual,28635,Estepona,29680,Málaga,Estepona
Citroen,Berlingo,Diésel,13556.0,130.0,manual,28635,Castello/Castellon de La Plana,12100,Castellón,Castello/Castellon de La Plana
Citroen,Berlingo,Diésel,13556.0,130.0,manual,28635,Ciudad Real,13003,Ciudad Real,Ciudad Real
Citroen,Berlingo,Diésel,13556.0,130.0,manual,28635,Sant Vicenç de Montalt,8394,Barcelona,Sant Vicenç de Montalt
Citroen,Berlingo,Diésel,13556.0,130.0,manual,28635,Albacete,2001,Albacete,Albacete
Citroen,Berlingo,Diésel,13556.0,130.0,manual,28635,Hidraulica Santillana,28770,Madrid,Hidraulica Santillana
Citroen,Berlingo,Diésel,13556.0,130.0,manual,28635,Santiago de Compostela,15703,A Coruña,Santiago de Compostela
Citroen,Berlingo,Diésel,13556.0,130.0,manual,28635,Badajoz,6008,Badajoz,Badajoz
Citroen,Berlingo,Diésel,13556.0,130.0,manual,28635,Valdepeñas,13300,Ciudad Real,Valdepeñas
Citroen,Berlingo,Diésel,13556.0,130.0,manual,28635,Valdepeñas,13300,Ciudad Real,Valdepeñas
Citroen,Berlingo,Diésel,13556.0,130.0,manual,28635,Barcelona,8007,Barcelona,Barcelona
Citroen,Berlingo,Diésel,13556.0,130.0,manual,28635,Alameda del Obispo,14005,Córdoba,Alameda del Obispo
Citroen,Berlingo,Diésel,13556.0,130.0,manual,28635,Colonia Pablo Iglesias,28520,Madrid,Colonia Pablo Iglesias
Citroen,Berlingo,Diésel,13556.0,130.0,manual,28635,Torremolinos,29620,Málaga,Torremolinos
Citroen,Berlingo,Diésel,13556.0,130.0,manual,28635,Torremolinos,29620,Málaga,Torremolinos
Citroen,Berlingo,Diésel,13556.0,130.0,manual,28635,Torremolinos,29620,Málaga,Torremolinos
Citroen,Berlingo,Diésel,13556.0,130.0,manual,28635,Alzira,46600,Valencia,Alzira
Citroen,Berlingo,Diésel,13556.0,130.0,manual,28635,Alzira,46600,Valencia,Alzira
Citroen,Berlingo,Diésel,13556.0,130.0,manual,28635,Paterna,46980,Valencia,Paterna
Citroen,Berlingo,Diésel,13556.0,130.0,manual,28635,Getafe,28906,Madrid,Getafe
Citroen,Berlingo,Diésel,13556.0,130.0,manual,28635,Las Rozas de Madrid,28232,Madrid,Las Rozas de Madrid
Citroen,Berlingo,Diésel,13556.0,130.0,manual,28635,Collado Villalba,28400,Madrid,Collado Villalba
Citroen,Berlingo,Diésel,13556.0,130.0,manual,28635,Collado Villalba,28400,Madrid,Collado Villalba
Citroen,Berlingo,Diésel,13556.0,130.0,manual,28635,Zaragoza,50013,Zaragoza,Zaragoza
Citroen,Berlingo,Diésel,13556.0,130.0,manual,28635,Atarrabia,31610,Navarra,Atarrabia
Citroen,Berlingo,Diésel,13556.0,130.0,manual,28635,Alcalá de Guadaíra,41500,Sevilla,Alcalá de Guadaíra
Citroen,Berlingo,Diésel,180000.0,92.0,manual,9990,Guarnizo,39611,Cantabria,Guarnizo
Citroen,Berlingo,Diésel,220000.0,112.0,manual,3400,L'Hospitalet de Llobregat,8901,Barcelona,L'Hospitalet de Llobregat
Citroen,Berlingo,Diésel,165322.0,92.0,automatic,14190,Santa Maria del Aguila,4710,Almería,Santa Maria del Aguila
Citroen,Berlingo,Diésel,165322.0,92.0,automatic,14190,Sant Vicenç de Montalt,8394,Barcelona,Sant Vicenç de Montalt
Citroen,Berlingo,Diésel,2472.0,102.0,manual,22990,Alhaurín el Grande,29120,Málaga,Alhaurín el Grande
Citroen,Berlingo,Diésel,87489.0,102.0,manual,23400,Santa Maria del Aguila,4710,Almería,Santa Maria del Aguila
Citroen,Berlingo,Gasolina,47491.0,110.0,manual,25473,Santa Maria del Aguila,4710,Almería,Santa Maria del Aguila
Citroen,Berlingo,Diésel,87489.0,102.0,manual,23400,Sant Vicenç de Montalt,8394,Barcelona,Sant Vicenç de Montalt
Citroen,Berlingo,Gasolina,47491.0,110.0,manual,25473,Sant Vicenç de Montalt,8394,Barcelona,Sant Vicenç de Montalt
Citroen,Berlingo,Diésel,235000.0,100.0,manual,8999,Utrera,41710,Sevilla,Utrera
Citroen,Berlingo,Diésel,119125.0,102.0,manual,16990,Valencia,46001,Valencia,Valencia
Citroen,Berlingo,Diésel,115000.0,75.0,manual,9490,Valencia,46001,Valencia,Valencia
Citroen,Berlingo,Diésel,115000.0,75.0,manual,9290,Valencia,46001,Valencia,Valencia
Citroen,Berlingo,Diésel,119125.0,102.0,manual,16990,Bilbao,48004,Bizkaia,Bilbao
Citroen,Berlingo,Diésel,115000.0,75.0,manual,9490,Bilbao,48004,Bizkaia,Bilbao
Citroen,Berlingo,Diésel,115000.0,75.0,manual,9290,Bilbao,48004,Bizkaia,Bilbao
Citroen,Berlingo,Diésel,119125.0,102.0,manual,16990,Almería,4006,Almería,Almería
Citroen,Berlingo,Diésel,115000.0,75.0,manual,9490,Almería,4006,Almería,Almería
Citroen,Berlingo,Diésel,115000.0,75.0,manual,9290,Almería,4006,Almería,Almería
Citroen,Berlingo,Diésel,119125.0,102.0,manual,16990,Vigo,36211,Pontevedra,Vigo
Citroen,Berlingo,Diésel,119125.0,102.0,manual,16990,Granada,18005,Granada,Granada
Citroen,Berlingo,Diésel,115000.0,75.0,manual,9490,Vigo,36211,Pontevedra,Vigo
Citroen,Berlingo,Diésel,115000.0,75.0,manual,9290,Vigo,36211,Pontevedra,Vigo
Citroen,Berlingo,Diésel,115000.0,75.0,manual,9490,Granada,18005,Granada,Granada
Citroen,Berlingo,Diésel,115000.0,75.0,manual,9290,Granada,18005,Granada,Granada
Citroen,Berlingo,Diésel,115000.0,75.0,manual,9490,Palma de Mallorca,7003,Baleares,Palma de Mallorca
Citroen,Berlingo,Diésel,115000.0,75.0,manual,9290,Palma de Mallorca,7003,Baleares,Palma de Mallorca
Citroen,Berlingo,Diésel,115000.0,75.0,manual,9490,Barrio Peral,30300,Murcia,Barrio Peral
Citroen,Berlingo,Diésel,115000.0,75.0,manual,9290,Barrio Peral,30300,Murcia,Barrio Peral
Citroen,Berlingo,Diésel,115000.0,75.0,manual,9490,Gandia,46701,Valencia,Gandia
Citroen,Berlingo,Diésel,115000.0,75.0,manual,9290,Gandia,46701,Valencia,Gandia
Citroen,Berlingo,Diésel,115000.0,75.0,manual,9490,Elx/Elche,3201,Alicante,Elx/Elche
Citroen,Berlingo,Diésel,115000.0,75.0,manual,9290,Elx/Elche,3201,Alicante,Elx/Elche
Citroen,Berlingo,Diésel,115000.0,75.0,manual,9490,Silla,46460,Valencia,Silla
Citroen,Berlingo,Diésel,115000.0,75.0,manual,9290,Silla,46460,Valencia,Silla
Citroen,Berlingo,Diésel,119125.0,102.0,manual,16990,Cáceres,10001,Cáceres,Cáceres
Citroen,Berlingo,Diésel,119125.0,102.0,manual,16990,Alicante,3010,Alicante,Alicante
Citroen,Berlingo,Diésel,119125.0,102.0,manual,16990,Alicante,3010,Murcia,Alicante
Citroen,Berlingo,Diésel,115000.0,75.0,manual,9490,Alicante,3010,Alicante,Alicante
Citroen,Berlingo,Diésel,115000.0,75.0,manual,9490,Alicante,3010,Murcia,Alicante
Citroen,Berlingo,Diésel,115000.0,75.0,manual,9290,Alicante,3010,Alicante,Alicante
Citroen,Berlingo,Diésel,115000.0,75.0,manual,9290,Alicante,3010,Murcia,Alicante
Citroen,Berlingo,Diésel,119125.0,102.0,manual,16990,Sevilla,41005,Sevilla,Sevilla
Citroen,Berlingo,Diésel,115000.0,75.0,manual,9490,Sevilla,41005,Sevilla,Sevilla
Citroen,Berlingo,Diésel,115000.0,75.0,manual,9290,Sevilla,41005,Sevilla,Sevilla
Citroen,Berlingo,Diésel,119125.0,102.0,manual,16990,Murcia,30005,Murcia,Murcia
Citroen,Berlingo,Diésel,115000.0,75.0,manual,9490,Murcia,30005,Murcia,Murcia
Citroen,Berlingo,Diésel,115000.0,75.0,manual,9290,Murcia,30005,Murcia,Murcia
Citroen,Berlingo,Diésel,119125.0,102.0,manual,16990,Toledo,45002,Toledo,Toledo
Citroen,Berlingo,Diésel,119125.0,102.0,manual,16990,Ciudad Real,13005,Ciudad Real,Ciudad Real
Citroen,Berlingo,Diésel,64829.0,75.0,manual,16950,Sant Boi de Llobregat,8830,Barcelona,Sant Boi de Llobregat
Citroen,Berlingo,Diésel,5.0,102.0,manual,23840,Amposta,43870,Tarragona,Amposta
Citroen,Berlingo,Diésel,137000.0,100.0,manual,228,Gandia,46701,Valencia,Gandia
Citroen,Berlingo,Diésel,137000.0,100.0,manual,15900,Gandia,46701,Valencia,Gandia
Citroen,Berlingo,Diésel,225000.0,100.0,manual,8990,Burgos,9007,Burgos,Burgos
Citroen,Berlingo,Diésel,225000.0,100.0,manual,8450,Burgos,9007,Burgos,Burgos
Citroen,Berlingo,Diésel,198000.0,75.0,manual,9500,Villares de la Reina,37184,Salamanca,Villares de la Reina
Citroen,Berlingo,Diésel,82000.0,98.0,manual,16800,Zaragoza,50001,Zaragoza,Zaragoza
Citroen,Berlingo,Diésel,10.0,102.0,manual,21990,Barcelona,8007,Barcelona,Barcelona
Citroen,Berlingo,Diésel,10.0,102.0,manual,21990,La Canonja,43110,Tarragona,La Canonja
Citroen,Berlingo,Diésel,39000.0,75.0,manual,12750,Navalcarnero,28600,Madrid,Navalcarnero
Audi,Q7,Diésel,188556.0,233.0,automatic,14090,Madrid,28046,Madrid,Madrid
Citroen,Berlingo,Diésel,49000.0,130.0,manual,22990,Almería,4006,Almería,Almería
Citroen,Berlingo,Diésel,49000.0,130.0,manual,22990,Vigo,36211,Pontevedra,Vigo
Citroen,Berlingo,Diésel,49000.0,130.0,manual,22990,Ciudad Real,13005,Ciudad Real,Ciudad Real
Citroen,Berlingo,Diésel,49000.0,130.0,manual,22990,Cáceres,10001,Cáceres,Cáceres
Citroen,Berlingo,Diésel,49000.0,130.0,manual,22990,Murcia,30005,Murcia,Murcia
Citroen,Berlingo,Diésel,49000.0,130.0,manual,22990,Toledo,45002,Toledo,Toledo
Citroen,Berlingo,Diésel,119125.0,102.0,manual,16990,Málaga,29005,Málaga,Málaga
Citroen,Berlingo,Diésel,115000.0,75.0,manual,9490,Málaga,29005,Málaga,Málaga
Citroen,Berlingo,Diésel,115000.0,75.0,manual,9290,Málaga,29005,Málaga,Málaga
Citroen,Berlingo,Diésel,49000.0,130.0,manual,22990,Alicante,3010,Alicante,Alicante
Citroen,Berlingo,Diésel,49000.0,130.0,manual,22990,Alicante,3010,Murcia,Alicante
Citroen,Berlingo,Diésel,30000.0,102.0,manual,20700,Algeciras,11201,Cádiz,Algeciras
Citroen,Berlingo,Diésel,30000.0,75.0,manual,16990,Camargo,39609,Cantabria,Camargo
Citroen,Berlingo,Diésel,75000.0,120.0,manual,14999,Murcia,30001,Murcia,Murcia
Citroen,Berlingo,Diésel,49000.0,130.0,manual,22990,Granada,18005,Granada,Granada
Citroen,Berlingo,Diésel,92700.0,130.0,manual,22490,Almería,4006,Almería,Almería
Citroen,Berlingo,Diésel,92700.0,130.0,manual,21990,Almería,4006,Almería,Almería
Citroen,Berlingo,Diésel,49000.0,130.0,manual,22990,Bilbao,48004,Bizkaia,Bilbao
Citroen,Berlingo,Diésel,49000.0,130.0,manual,22990,Málaga,29005,Málaga,Málaga
Citroen,Berlingo,Diésel,92700.0,130.0,manual,22490,Vigo,36211,Pontevedra,Vigo
Citroen,Berlingo,Diésel,92700.0,130.0,manual,21990,Vigo,36211,Pontevedra,Vigo
Citroen,Berlingo,Diésel,49000.0,130.0,manual,22990,Valencia,46001,Valencia,Valencia
Citroen,Berlingo,Diésel,49000.0,130.0,manual,22990,Sevilla,41005,Sevilla,Sevilla
Citroen,Berlingo,Diésel,92700.0,130.0,manual,22490,Collado Villalba,28400,Madrid,Collado Villalba
Citroen,Berlingo,Diésel,92700.0,130.0,manual,22490,Collado Villalba,28400,Madrid,Collado Villalba
Citroen,Berlingo,Diésel,92700.0,130.0,manual,21990,Collado Villalba,28400,Madrid,Collado Villalba
Citroen,Berlingo,Diésel,92700.0,130.0,manual,21990,Collado Villalba,28400,Madrid,Collado Villalba
Citroen,Berlingo,Diésel,92700.0,130.0,manual,22490,Valencia,46001,Valencia,Valencia
Citroen,Berlingo,Diésel,92700.0,130.0,manual,21990,Valencia,46001,Valencia,Valencia
Citroen,Berlingo,Diésel,92700.0,130.0,manual,22490,Bilbao,48004,Bizkaia,Bilbao
Citroen,Berlingo,Diésel,92700.0,130.0,manual,21990,Bilbao,48004,Bizkaia,Bilbao
Citroen,Berlingo,Diésel,92700.0,130.0,manual,22490,Alicante,3010,Alicante,Alicante
Citroen,Berlingo,Diésel,92700.0,130.0,manual,22490,Alicante,3010,Murcia,Alicante
Citroen,Berlingo,Diésel,92700.0,130.0,manual,21990,Alicante,3010,Alicante,Alicante
Citroen,Berlingo,Diésel,92700.0,130.0,manual,21990,Alicante,3010,Murcia,Alicante
Citroen,Berlingo,Diésel,92700.0,130.0,manual,22490,Sevilla,41005,Sevilla,Sevilla
Citroen,Berlingo,Diésel,92700.0,130.0,manual,21990,Sevilla,41005,Sevilla,Sevilla
Citroen,Berlingo,Diésel,92700.0,130.0,manual,22490,Toledo,45002,Toledo,Toledo
Citroen,Berlingo,Diésel,92700.0,130.0,manual,21990,Toledo,45002,Toledo,Toledo
Citroen,Berlingo,Diésel,92700.0,130.0,manual,22490,Camarma de Esteruelas,28816,Madrid,Camarma de Esteruelas
Citroen,Berlingo,Diésel,92700.0,130.0,manual,22490,Camarma de Esteruelas,28816,Madrid,Camarma de Esteruelas
Citroen,Berlingo,Diésel,92700.0,130.0,manual,21990,Camarma de Esteruelas,28816,Madrid,Camarma de Esteruelas
Citroen,Berlingo,Diésel,92700.0,130.0,manual,21990,Camarma de Esteruelas,28816,Madrid,Camarma de Esteruelas
Citroen,Berlingo,Diésel,92700.0,130.0,manual,22490,Murcia,30005,Murcia,Murcia
Citroen,Berlingo,Diésel,92700.0,130.0,manual,21990,Murcia,30005,Murcia,Murcia
Citroen,Berlingo,Diésel,92700.0,130.0,manual,22490,Colonia Pablo Iglesias,28520,Madrid,Colonia Pablo Iglesias
Citroen,Berlingo,Diésel,92700.0,130.0,manual,21990,Colonia Pablo Iglesias,28520,Madrid,Colonia Pablo Iglesias
Citroen,Berlingo,Diésel,92700.0,130.0,manual,22490,Las Rozas de Madrid,28232,Madrid,Las Rozas de Madrid
Citroen,Berlingo,Diésel,92700.0,130.0,manual,21990,Las Rozas de Madrid,28232,Madrid,Las Rozas de Madrid
Citroen,Berlingo,Diésel,92700.0,130.0,manual,22490,Fuenlabrada,28947,Madrid,Fuenlabrada
Citroen,Berlingo,Diésel,92700.0,130.0,manual,21990,Fuenlabrada,28947,Madrid,Fuenlabrada
Citroen,Berlingo,Diésel,4.0,102.0,manual,24999,Sotillo de la Adrada,5420,Ávila,Sotillo de la Adrada
Citroen,Berlingo,Diésel,92700.0,130.0,manual,22490,Granada,18005,Granada,Granada
Citroen,Berlingo,Diésel,92700.0,130.0,manual,21990,Granada,18005,Granada,Granada
Citroen,Berlingo,Diésel,92700.0,130.0,manual,22490,Málaga,29005,Málaga,Málaga
Citroen,Berlingo,Diésel,92700.0,130.0,manual,21990,Málaga,29005,Málaga,Málaga
Citroen,Berlingo,Diésel,92700.0,130.0,manual,22490,Villaviciosa de Odón,28670,Madrid,Villaviciosa de Odón
Citroen,Berlingo,Diésel,92700.0,130.0,manual,21990,Villaviciosa de Odón,28670,Madrid,Villaviciosa de Odón
Citroen,Berlingo,Diésel,92700.0,130.0,manual,22490,Urbanizacion La Granjilla,28700,Madrid,Urbanizacion La Granjilla
Citroen,Berlingo,Diésel,92700.0,130.0,manual,21990,Urbanizacion La Granjilla,28700,Madrid,Urbanizacion La Granjilla
Citroen,Berlingo,Diésel,140100.0,75.0,manual,8058,Guadalajara,19002,Guadalajara,Guadalajara
Citroen,Berlingo,Diésel,79000.0,100.0,manual,22900,Marbella,29670,Málaga,Marbella
Citroen,Berlingo,Diésel,165322.0,92.0,automatic,14190,Hidraulica Santillana,28770,Madrid,Hidraulica Santillana
Citroen,Berlingo,Diésel,165322.0,92.0,automatic,14190,Vigo,36214,Pontevedra,Vigo
Citroen,Berlingo,Diésel,165322.0,92.0,automatic,14190,Barcelona,8007,Barcelona,Barcelona
Citroen,Berlingo,Diésel,165322.0,92.0,automatic,14190,Collado Villalba,28400,Madrid,Collado Villalba
Citroen,Berlingo,Diésel,165322.0,92.0,automatic,14190,Collado Villalba,28400,Madrid,Collado Villalba
Citroen,Berlingo,Diésel,165322.0,92.0,automatic,14190,Santafe,18320,Granada,Santafe
Citroen,Berlingo,Diésel,165322.0,92.0,automatic,14190,Getafe,28906,Madrid,Getafe
Citroen,Berlingo,Diésel,165322.0,92.0,automatic,14190,Valdepeñas,13300,Ciudad Real,Valdepeñas
Citroen,Berlingo,Diésel,165322.0,92.0,automatic,14190,Valdepeñas,13300,Ciudad Real,Valdepeñas
Citroen,Berlingo,Diésel,165322.0,92.0,automatic,14190,Puerto de Sagunto,46520,Valencia,Puerto de Sagunto
Citroen,Berlingo,Diésel,165322.0,92.0,automatic,14190,Santiago de Compostela,15703,A Coruña,Santiago de Compostela
Citroen,Berlingo,Diésel,230000.0,100.0,manual,8999,Utrera,41710,Sevilla,Utrera
Citroen,Berlingo,Diésel,165322.0,92.0,automatic,14190,Mercado Parque Corredor del Henares,28850,Madrid,Mercado Parque Corredor del Henares
Citroen,Berlingo,Diésel,165322.0,92.0,automatic,14190,Ciudad Real,13003,Ciudad Real,Ciudad Real
Citroen,Berlingo,Diésel,165322.0,92.0,automatic,14190,Granollers,8403,Barcelona,Granollers
Citroen,Berlingo,Diésel,165322.0,92.0,automatic,14190,Castello/Castellon de La Plana,12100,Castellón,Castello/Castellon de La Plana
Citroen,Berlingo,Diésel,165322.0,92.0,automatic,14190,Atarrabia,31610,Navarra,Atarrabia
Citroen,Berlingo,Diésel,165322.0,92.0,automatic,14190,Badajoz,6008,Badajoz,Badajoz
Citroen,Berlingo,Diésel,165322.0,92.0,automatic,14190,Colonia Pablo Iglesias,28520,Madrid,Colonia Pablo Iglesias
Citroen,Berlingo,Diésel,165322.0,92.0,automatic,14190,Alcalá de Guadaíra,41500,Sevilla,Alcalá de Guadaíra
Citroen,Berlingo,Diésel,165322.0,92.0,automatic,14190,Murcia,30003,Murcia,Murcia
Citroen,Berlingo,Diésel,165322.0,92.0,automatic,14190,Alameda del Obispo,14005,Córdoba,Alameda del Obispo
Citroen,Berlingo,Diésel,165322.0,92.0,automatic,14190,Las Rozas de Madrid,28232,Madrid,Las Rozas de Madrid
Citroen,Berlingo,Diésel,165322.0,92.0,automatic,14190,Torremolinos,29620,Málaga,Torremolinos
Citroen,Berlingo,Diésel,165322.0,92.0,automatic,14190,Torremolinos,29620,Málaga,Torremolinos
Citroen,Berlingo,Diésel,165322.0,92.0,automatic,14190,Torremolinos,29620,Málaga,Torremolinos
Citroen,Berlingo,Diésel,165322.0,92.0,automatic,14190,Alcobendas,28100,Madrid,Alcobendas
Citroen,Berlingo,Diésel,165322.0,92.0,automatic,14190,Alzira,46600,Valencia,Alzira
Citroen,Berlingo,Diésel,165322.0,92.0,automatic,14190,Alzira,46600,Valencia,Alzira
Citroen,Berlingo,Diésel,165322.0,92.0,automatic,14190,Mercabilbao,48970,Bizkaia,Mercabilbao
Citroen,Berlingo,Diésel,165322.0,92.0,automatic,14190,Zaragoza,50013,Zaragoza,Zaragoza
Citroen,Berlingo,Diésel,165322.0,92.0,automatic,14190,Saladar,3700,Alicante,Saladar
Citroen,Berlingo,Diésel,165322.0,92.0,automatic,14190,Estepona,29680,Málaga,Estepona
Citroen,Berlingo,Diésel,165322.0,92.0,automatic,14190,Paterna,46980,Valencia,Paterna
Citroen,Berlingo,Diésel,125129.0,100.0,manual,14669,Badajoz,6008,Badajoz,Badajoz
Citroen,Berlingo,Diésel,125129.0,100.0,manual,14669,Madrid,28014,Madrid,Madrid
Citroen,Berlingo,Diésel,125129.0,100.0,manual,14669,Almería,4001,Almería,Almería
Citroen,Berlingo,Diésel,165322.0,92.0,automatic,14190,Albacete,2001,Albacete,Albacete
Citroen,Berlingo,Diésel,165322.0,92.0,automatic,14190,Alicante,3007,Alicante,Alicante
Citroen,Berlingo,Diésel,125129.0,100.0,manual,14669,Sevilla,41005,Sevilla,Sevilla
Citroen,Berlingo,Diésel,37411.0,102.0,manual,25490,Elx/Elche,3201,Alicante,Elx/Elche
Citroen,Berlingo,Diésel,76229.0,130.0,manual,20990,Barrio Peral,30300,Murcia,Barrio Peral
Citroen,Berlingo,Diésel,39958.0,102.0,manual,17990,Barrio Peral,30300,Murcia,Barrio Peral
Citroen,Berlingo,Diésel,59975.0,102.0,manual,20990,Barrio Peral,30300,Murcia,Barrio Peral
Citroen,Berlingo,Diésel,125129.0,100.0,manual,14669,Cádiz,11006,Cádiz,Cádiz
Citroen,Berlingo,Diésel,92920.0,100.0,manual,13990,Durango,48200,Bizkaia,Durango
Citroen,Berlingo,Diésel,92920.0,100.0,manual,13990,Durango,48200,Bizkaia,Durango
Citroen,Berlingo,Diésel,29000.0,100.0,manual,17490,Almería,4006,Almería,Almería
Citroen,Berlingo,Diésel,29000.0,100.0,manual,17490,Vigo,36211,Pontevedra,Vigo
Citroen,Berlingo,Diésel,29000.0,100.0,manual,17490,Granada,18005,Granada,Granada
Citroen,Berlingo,Diésel,29000.0,100.0,manual,17490,Alicante,3010,Alicante,Alicante
Citroen,Berlingo,Diésel,29000.0,100.0,manual,17490,Alicante,3010,Murcia,Alicante
Citroen,Berlingo,Diésel,29000.0,100.0,manual,17490,Murcia,30005,Murcia,Murcia
Citroen,Berlingo,Diésel,29000.0,100.0,manual,17490,Valencia,46001,Valencia,Valencia
Citroen,Berlingo,Diésel,29000.0,100.0,manual,17490,Sevilla,41005,Sevilla,Sevilla
Citroen,Berlingo,Gasolina,39797.0,110.0,manual,22490,Silla,46460,Valencia,Silla
Citroen,Berlingo,Diésel,117549.0,76.0,manual,17490,Molino de La Hoz,28290,Madrid,Molino de La Hoz
Citroen,Berlingo,Diésel,117549.0,76.0,manual,17490,Fortiñon,15168,A Coruña,Fortiñon
Citroen,Berlingo,Diésel,117549.0,76.0,manual,17490,Poligono Industrial San Fernando,28830,Madrid,Poligono Industrial San Fernando
Citroen,Berlingo,Diésel,117549.0,76.0,manual,17490,Santiago de Compostela,15890,A Coruña,Santiago de Compostela
Citroen,Berlingo,Diésel,31852.0,75.0,manual,15490,Palma de Mallorca,7003,Baleares,Palma de Mallorca
Citroen,Berlingo,Diésel,29000.0,100.0,manual,17490,Oviedo,33003,Asturias,Oviedo
Citroen,Berlingo,Diésel,117549.0,76.0,manual,17490,San Fernando de Henares,28830,Madrid,San Fernando de Henares
Citroen,Berlingo,Diésel,29000.0,100.0,manual,17490,León,24003,León,León
Citroen,Berlingo,Diésel,29000.0,100.0,manual,17490,León,24003,León,León
Citroen,Berlingo,Diésel,76229.0,130.0,manual,20990,Estepona,29680,Málaga,Estepona
Citroen,Berlingo,Diésel,39958.0,102.0,manual,17990,Estepona,29680,Málaga,Estepona
Citroen,Berlingo,Diésel,59975.0,102.0,manual,20990,Estepona,29680,Málaga,Estepona
Citroen,Berlingo,Diésel,29000.0,100.0,manual,17490,Bilbao,48004,Bizkaia,Bilbao
Citroen,Berlingo,Diésel,37699.0,100.0,manual,18990,Sevilla,41017,Sevilla,Sevilla
Citroen,Berlingo,Diésel,29000.0,100.0,manual,17490,Málaga,29005,Málaga,Málaga
Citroen,Berlingo,Diésel,117549.0,76.0,manual,17490,Pontevedra,36161,Pontevedra,Pontevedra
Citroen,Berlingo,Diésel,117549.0,76.0,manual,17490,A Coruña,15003,A Coruña,A Coruña
Citroen,Berlingo,Diésel,16854.0,75.0,manual,19400,Madrid,28014,Madrid,Madrid
Citroen,Berlingo,Diésel,114242.0,100.0,manual,20800,Torrent,46900,Valencia,Torrent
Hyundai,i30,Gasolina,60000.0,119.0,manual,394,Barcelona,8007,Barcelona,Barcelona
Hyundai,i30,Gasolina,88000.0,119.0,manual,202,Madrid,28009,Madrid,Madrid
Hyundai,i30,Gasolina,88000.0,119.0,manual,385,Barcelona,8009,Barcelona,Barcelona
Hyundai,i30,Gasolina,63301.0,100.0,manual,10890,Madrid,28021,Madrid,Madrid
Hyundai,i30,Gasolina,63301.0,100.0,manual,10990,Madrid,28021,Madrid,Madrid
Hyundai,i30,Gasolina,12400.0,120.0,manual,17600,Alicante,3010,Alicante,Alicante
Hyundai,i30,Gasolina,12400.0,120.0,manual,17600,Alicante,3010,Murcia,Alicante
Hyundai,i30,Gasolina,7900.0,100.0,manual,10990,Alicante,3010,Alicante,Alicante
Hyundai,i30,Gasolina,7900.0,100.0,manual,10990,Alicante,3010,Murcia,Alicante
Hyundai,i30,Gasolina,86760.0,120.0,manual,11990,Alicante,3010,Alicante,Alicante
Hyundai,i30,Gasolina,86760.0,120.0,manual,11990,Alicante,3010,Murcia,Alicante
Hyundai,i30,Gasolina,7900.0,100.0,manual,10990,Castellón,12001,Castellón,Castellón
Hyundai,i30,Gasolina,12400.0,120.0,manual,17600,Sevilla,41005,Sevilla,Sevilla
Hyundai,i30,Gasolina,7900.0,100.0,manual,10990,Sevilla,41005,Sevilla,Sevilla
Hyundai,i30,Gasolina,86760.0,120.0,manual,11990,Sevilla,41005,Sevilla,Sevilla
Hyundai,i30,Gasolina,74078.0,275.0,manual,27499,Barcelona,8007,Barcelona,Barcelona
Hyundai,i30,Gasolina,74078.0,275.0,manual,26999,Barcelona,8007,Barcelona,Barcelona
Hyundai,i30,Diésel,82971.0,95.0,manual,13299,Barcelona,8007,Barcelona,Barcelona
Hyundai,i30,Diésel,82971.0,95.0,manual,13299,Madrid,28014,Madrid,Madrid
Hyundai,i30,Gasolina,12400.0,120.0,manual,17600,Málaga,29005,Málaga,Málaga
Hyundai,i30,Gasolina,7900.0,100.0,manual,10990,Málaga,29005,Málaga,Málaga
Hyundai,i30,Gasolina,86760.0,120.0,manual,11990,Málaga,29005,Málaga,Málaga
Hyundai,i30,Gasolina,12400.0,120.0,manual,17600,Granada,18005,Granada,Granada
Hyundai,i30,Gasolina,7900.0,100.0,manual,10990,Granada,18005,Granada,Granada
Hyundai,i30,Gasolina,12400.0,120.0,manual,17600,Vigo,36211,Pontevedra,Vigo
Hyundai,i30,Gasolina,7900.0,100.0,manual,10990,Vigo,36211,Pontevedra,Vigo
Hyundai,i30,Gasolina,86760.0,120.0,manual,11990,Granada,18005,Granada,Granada
Hyundai,i30,Gasolina,86760.0,120.0,manual,11990,Vigo,36211,Pontevedra,Vigo
Hyundai,i30,Gasolina,12400.0,120.0,manual,17600,Murcia,30005,Murcia,Murcia
Hyundai,i30,Gasolina,7900.0,100.0,manual,10990,Murcia,30005,Murcia,Murcia
Hyundai,i30,Gasolina,12400.0,120.0,manual,17600,Bilbao,48004,Bizkaia,Bilbao
Hyundai,i30,Gasolina,7900.0,100.0,manual,10990,Bilbao,48004,Bizkaia,Bilbao
Hyundai,i30,Gasolina,12400.0,120.0,manual,17600,Valencia,46001,Valencia,Valencia
Citroen,Berlingo,Diésel,107000.0,92.0,manual,10990,Guarnizo,39611,Cantabria,Guarnizo
Citroen,Berlingo,Diésel,119000.0,92.0,manual,11990,Guarnizo,39611,Cantabria,Guarnizo
Citroen,Berlingo,Diésel,125000.0,92.0,manual,9900,Lorquí,30564,Murcia,Lorquí
Citroen,Berlingo,Diésel,29000.0,100.0,manual,17490,Santander,39010,Cantabria,Santander
Citroen,Berlingo,Diésel,92920.0,100.0,manual,13990,Santander,39010,Cantabria,Santander
Mercedes-Benz,Clase S,Gasolina,227000.0,367.0,automatic,9990,La Puebla de Alfindén,50171,Zaragoza,La Puebla de Alfindén
Citroen,Berlingo,Diésel,27800.0,102.0,manual,22290,Almería,4006,Almería,Almería
Citroen,Berlingo,Diésel,27800.0,102.0,manual,22290,Bilbao,48004,Bizkaia,Bilbao
Citroen,Berlingo,Diésel,27800.0,102.0,manual,22290,Murcia,30005,Murcia,Murcia
Citroen,Berlingo,Diésel,27800.0,102.0,manual,22290,Vigo,36211,Pontevedra,Vigo
Citroen,Berlingo,Diésel,27800.0,102.0,manual,22290,Toledo,45002,Toledo,Toledo
Citroen,Berlingo,Diésel,27800.0,102.0,manual,22290,Collado Villalba,28400,Madrid,Collado Villalba
Citroen,Berlingo,Diésel,27800.0,102.0,manual,22290,Collado Villalba,28400,Madrid,Collado Villalba
Citroen,Berlingo,Diésel,27800.0,102.0,manual,22290,Granada,18005,Granada,Granada
Citroen,Berlingo,Diésel,27800.0,102.0,manual,22290,Camarma de Esteruelas,28816,Madrid,Camarma de Esteruelas
Citroen,Berlingo,Diésel,27800.0,102.0,manual,22290,Camarma de Esteruelas,28816,Madrid,Camarma de Esteruelas
Citroen,Berlingo,Diésel,27800.0,102.0,manual,22290,Málaga,29005,Málaga,Málaga
Citroen,Berlingo,Diésel,27800.0,102.0,manual,22290,Valencia,46001,Valencia,Valencia
Citroen,Berlingo,Diésel,27800.0,102.0,manual,22290,Sevilla,41005,Sevilla,Sevilla
Citroen,Berlingo,Diésel,27800.0,102.0,manual,22290,Alicante,3010,Alicante,Alicante
Citroen,Berlingo,Diésel,27800.0,102.0,manual,22290,Alicante,3010,Murcia,Alicante
Citroen,Berlingo,Diésel,27800.0,102.0,manual,22290,Colonia Pablo Iglesias,28520,Madrid,Colonia Pablo Iglesias
Citroen,Berlingo,Diésel,27800.0,102.0,manual,22290,Las Rozas de Madrid,28232,Madrid,Las Rozas de Madrid
Citroen,Berlingo,Diésel,27800.0,102.0,manual,22290,Fuenlabrada,28947,Madrid,Fuenlabrada
Citroen,Berlingo,Diésel,27800.0,102.0,manual,22290,Villaviciosa de Odón,28670,Madrid,Villaviciosa de Odón
Citroen,Berlingo,Diésel,5.0,102.0,manual,27990,Sant Boi de Llobregat,8830,Barcelona,Sant Boi de Llobregat
Citroen,Berlingo,Diésel,62973.0,100.0,manual,18950,Sant Boi de Llobregat,8830,Barcelona,Sant Boi de Llobregat
Citroen,Berlingo,Diésel,190000.0,110.0,manual,8900,Utebo,50180,Zaragoza,Utebo
Citroen,Berlingo,Diésel,190000.0,110.0,manual,7900,Utebo,50180,Zaragoza,Utebo
Citroen,Berlingo,Diésel,189646.0,131.0,manual,21075,Molins de Rei,8750,Barcelona,Molins de Rei
Citroen,Berlingo,Diésel,189646.0,131.0,manual,20900,Molins de Rei,8750,Barcelona,Molins de Rei
Citroen,Berlingo,Diésel,27800.0,102.0,manual,22290,Urbanizacion La Granjilla,28700,Madrid,Urbanizacion La Granjilla
Citroen,Berlingo,Diésel,29077.0,100.0,manual,22400,Madrid,28014,Madrid,Madrid
Citroen,Berlingo,Diésel,341190.0,71.0,manual,2990,Vigo,36214,Pontevedra,Vigo
Citroen,Berlingo,Diésel,0.0,75.0,manual,9990,Arizgoiti,48970,Bizkaia,Arizgoiti
Citroen,Berlingo,Diésel,36241.0,102.0,manual,23500,Madrid,28014,Madrid,Madrid
Citroen,Berlingo,Diésel,92920.0,100.0,manual,13990,Armentia,1007,Álava,Armentia
Citroen,Berlingo,Diésel,133392.0,75.0,manual,8900,A Coruña,15001,A Coruña,A Coruña
Citroen,Berlingo,Diésel,36241.0,102.0,manual,25890,Arriaga,48950,Bizkaia,Arriaga
Citroen,Berlingo,Diésel,36241.0,102.0,manual,25889,Arriaga,48950,Bizkaia,Arriaga
Citroen,Berlingo,Diésel,133392.0,75.0,manual,8900,Vigo,36204,Pontevedra,Vigo
Citroen,Berlingo,Diésel,9000.0,102.0,manual,26995,Castelldefels,8860,Barcelona,Castelldefels
Citroen,Berlingo,Diésel,9000.0,102.0,manual,26495,Castelldefels,8860,Barcelona,Castelldefels
Citroen,Berlingo,Diésel,226000.0,75.0,manual,4500,Utebo,50180,Zaragoza,Utebo
Citroen,Berlingo,Diésel,14.0,100.0,manual,23999,Poligono Industrial San Fernando,28830,Madrid,Poligono Industrial San Fernando
Citroen,Berlingo,Diésel,14.0,100.0,manual,23999,Santiago de Compostela,15890,A Coruña,Santiago de Compostela
Citroen,Berlingo,Diésel,14.0,100.0,manual,23999,San Fernando de Henares,28830,Madrid,San Fernando de Henares
Citroen,Berlingo,Diésel,14.0,100.0,manual,23999,Fortiñon,15168,A Coruña,Fortiñon
Citroen,Berlingo,Diésel,14.0,100.0,manual,23999,Pontevedra,36161,Pontevedra,Pontevedra
Citroen,Berlingo,Diésel,14.0,100.0,manual,23999,Molino de La Hoz,28290,Madrid,Molino de La Hoz
Citroen,Berlingo,Diésel,14.0,100.0,manual,23999,A Coruña,15003,A Coruña,A Coruña
Citroen,Berlingo,Diésel,150000.0,100.0,manual,9900,Madrid,28002,Madrid,Madrid
Citroen,Berlingo,Diésel,147000.0,114.0,manual,11990,Sevilla,41017,Sevilla,Sevilla
Citroen,Berlingo,Diésel,36000.0,102.0,manual,22000,Santurtzi,48980,Bizkaia,Santurtzi
Citroen,Berlingo,Diésel,137580.0,90.0,manual,8750,Mungia,48100,Bizkaia,Mungia
Citroen,Berlingo,Diésel,162142.0,100.0,manual,11198,Madrid,28014,Madrid,Madrid
Citroen,Berlingo,Diésel,162142.0,100.0,manual,11198,Badajoz,6008,Badajoz,Badajoz
Citroen,Berlingo,Diésel,162142.0,100.0,manual,11198,Sevilla,41005,Sevilla,Sevilla
Citroen,Berlingo,Diésel,162142.0,100.0,manual,11198,Almería,4001,Almería,Almería
Citroen,Berlingo,Diésel,162142.0,100.0,manual,11198,Cádiz,11006,Cádiz,Cádiz
Citroen,Berlingo,Diésel,1.0,102.0,manual,26850,Sant Boi de Llobregat,8830,Barcelona,Sant Boi de Llobregat
Citroen,Berlingo,Diésel,99589.0,100.0,manual,14939,Mercabilbao,48970,Bizkaia,Mercabilbao
Citroen,Berlingo,Diésel,123000.0,100.0,manual,14990,Monserrat,46192,Valencia,Monserrat
Citroen,Berlingo,Diésel,97000.0,100.0,manual,12900,Orbazai,27297,Lugo,Orbazai
Citroen,Berlingo,Diésel,97000.0,100.0,manual,11900,Orbazai,27297,Lugo,Orbazai
Citroen,Berlingo,Diésel,173000.0,100.0,manual,9490,Parets del Vallès,8150,Barcelona,Parets del Vallès
Citroen,Berlingo,Diésel,67000.0,92.0,manual,16500,Valdemoro,28340,Madrid,Valdemoro
Citroen,Berlingo,Diésel,95000.0,100.0,manual,14490,Monserrat,46192,Valencia,Monserrat
Citroen,Berlingo,Eléctrico,49025.0,67.0,automatic,16490,Lebrija,41740,Sevilla,Lebrija
Citroen,Berlingo,Diésel,120000.0,120.0,manual,15490,Castelldefels,8860,Barcelona,Castelldefels
Citroen,Berlingo,Diésel,189646.0,131.0,manual,17272,Sant Boi de Llobregat,8830,Barcelona,Sant Boi de Llobregat
Citroen,Berlingo,Diésel,57343.0,102.0,manual,21345,Málaga,29015,Málaga,Málaga
Citroen,Berlingo,Diésel,232000.0,75.0,manual,5999,Fuente del Rey,41703,Sevilla,Fuente del Rey
Citroen,Berlingo,Diésel,37411.0,102.0,manual,25490,Granada,18005,Granada,Granada
Citroen,Berlingo,Diésel,37411.0,102.0,manual,25490,Vigo,36211,Pontevedra,Vigo
Citroen,Berlingo,Diésel,37411.0,102.0,manual,25490,Palma de Mallorca,7003,Baleares,Palma de Mallorca
Citroen,Berlingo,Diésel,37411.0,102.0,manual,25490,Castellón,12001,Castellón,Castellón
Citroen,Berlingo,Diésel,37411.0,102.0,manual,25490,Sevilla,41005,Sevilla,Sevilla
Citroen,Berlingo,Diésel,37411.0,102.0,manual,25490,Alicante,3010,Alicante,Alicante
Citroen,Berlingo,Diésel,37411.0,102.0,manual,25490,Alicante,3010,Murcia,Alicante
Citroen,Berlingo,Diésel,37411.0,102.0,manual,25490,Valencia,46001,Valencia,Valencia
Citroen,Berlingo,Diésel,37411.0,102.0,manual,25490,Murcia,30005,Murcia,Murcia
Citroen,Berlingo,Diésel,37411.0,102.0,manual,25490,Almería,4006,Almería,Almería
Citroen,Berlingo,Diésel,37411.0,102.0,manual,25490,Silla,46460,Valencia,Silla
Citroen,Berlingo,Diésel,37411.0,102.0,manual,25490,Gandia,46701,Valencia,Gandia
Citroen,Berlingo,Diésel,37411.0,102.0,manual,25490,Bilbao,48004,Bizkaia,Bilbao
Citroen,Berlingo,Diésel,37411.0,102.0,manual,25490,Málaga,29005,Málaga,Málaga
Citroen,Berlingo,Diésel,2.0,100.0,manual,29490,Arriaga,48950,Bizkaia,Arriaga
Citroen,Berlingo,Diésel,2.0,100.0,manual,29500,Arriaga,48950,Bizkaia,Arriaga
Citroen,Berlingo,Diésel,187713.0,100.0,manual,12999,Orilla del Azarbe,30163,Murcia,Orilla del Azarbe
Citroen,Berlingo,Diésel,270000.0,90.0,manual,7400,Úbeda,23400,Jaén,Úbeda
Citroen,Berlingo,Diésel,92920.0,100.0,manual,13990,Almería,4006,Almería,Almería
Citroen,Berlingo,Diésel,150000.0,100.0,manual,12900,Orbazai,27297,Lugo,Orbazai
Citroen,Berlingo,Diésel,148000.0,100.0,manual,15900,Orbazai,27297,Lugo,Orbazai
Citroen,Berlingo,Diésel,219000.0,100.0,manual,11900,Orbazai,27297,Lugo,Orbazai
Citroen,Berlingo,Diésel,68473.0,76.0,manual,12768,Sevilla,41007,Sevilla,Sevilla
Citroen,Berlingo,Diésel,53221.0,76.0,manual,12768,Sevilla,41007,Sevilla,Sevilla
Citroen,Berlingo,Diésel,61171.0,75.0,manual,12768,Sevilla,41007,Sevilla,Sevilla
Citroen,Berlingo,Diésel,80236.0,76.0,manual,12768,Sevilla,41007,Sevilla,Sevilla
Citroen,Berlingo,Diésel,85939.0,100.0,manual,14421,Sevilla,41007,Sevilla,Sevilla
Citroen,Berlingo,Gasolina,65500.0,98.0,manual,14500,Celra,17460,Girona,Celra
Citroen,Berlingo,Diésel,180000.0,112.0,manual,7500,Los Antolinos,30740,Murcia,Los Antolinos
Citroen,Berlingo,Diésel,7251.0,102.0,manual,25900,Mairena del Aljarafe,41927,Sevilla,Mairena del Aljarafe
Citroen,Berlingo,Diésel,29120.0,75.0,manual,17500,Mairena del Aljarafe,41927,Sevilla,Mairena del Aljarafe
Citroen,Berlingo,Diésel,29120.0,75.0,manual,17900,Mairena del Aljarafe,41927,Sevilla,Mairena del Aljarafe
Citroen,Berlingo,Diésel,44983.0,100.0,manual,23350,Estepona,29680,Málaga,Estepona
Citroen,Berlingo,Diésel,92920.0,100.0,manual,13990,Valencia,46001,Valencia,Valencia
Citroen,Berlingo,Diésel,92920.0,100.0,manual,13990,Málaga,29005,Málaga,Málaga
Citroen,Berlingo,Diésel,37699.0,100.0,manual,18990,Granada,18005,Granada,Granada
Citroen,Berlingo,Diésel,92920.0,100.0,manual,13990,Granada,18005,Granada,Granada
Citroen,Berlingo,Diésel,37699.0,100.0,manual,18990,Vigo,36211,Pontevedra,Vigo
Citroen,Berlingo,Diésel,92920.0,100.0,manual,13990,Vigo,36211,Pontevedra,Vigo
Citroen,Berlingo,Diésel,92920.0,100.0,manual,13990,Alicante,3010,Alicante,Alicante
Citroen,Berlingo,Diésel,92920.0,100.0,manual,13990,Alicante,3010,Murcia,Alicante
Citroen,Berlingo,Diésel,92920.0,100.0,manual,13990,Bilbao,48004,Bizkaia,Bilbao
Citroen,Berlingo,Diésel,92920.0,100.0,manual,13990,Sevilla,41005,Sevilla,Sevilla
Citroen,Berlingo,Diésel,37699.0,100.0,manual,18990,Estepona,29680,Málaga,Estepona
Citroen,Berlingo,Diésel,92920.0,100.0,manual,13990,Pamplona/Iruña,31001,Navarra,Pamplona/Iruña
Citroen,Berlingo,Diésel,37699.0,100.0,manual,18990,Marbella,29601,Málaga,Marbella
Citroen,Berlingo,Diésel,92920.0,100.0,manual,13990,Donostia-San Sebastián,20006,Gipuzkoa,Donostia-San Sebastián
Citroen,Berlingo,Diésel,5794.0,102.0,manual,24499,Collado Villalba,28400,Madrid,Collado Villalba
Citroen,Berlingo,Diésel,5794.0,102.0,manual,24499,Collado Villalba,28400,Madrid,Collado Villalba
Citroen,Berlingo,Diésel,5794.0,102.0,manual,24100,Collado Villalba,28400,Madrid,Collado Villalba
Citroen,Berlingo,Diésel,5794.0,102.0,manual,24100,Collado Villalba,28400,Madrid,Collado Villalba
Citroen,Berlingo,Diésel,37699.0,100.0,manual,18990,Sevilla,41005,Sevilla,Sevilla
Citroen,Berlingo,Diésel,37699.0,100.0,manual,18990,Valencia,46001,Valencia,Valencia
Citroen,Berlingo,Diésel,37699.0,100.0,manual,18990,Murcia,30005,Murcia,Murcia
Citroen,Berlingo,Diésel,92920.0,100.0,manual,13990,Murcia,30005,Murcia,Murcia
Citroen,Berlingo,Diésel,37699.0,100.0,manual,18990,Almería,4006,Almería,Almería
Citroen,Berlingo,Diésel,37699.0,100.0,manual,18990,Bilbao,48004,Bizkaia,Bilbao
Citroen,Berlingo,Diésel,37699.0,100.0,manual,18990,Alicante,3010,Alicante,Alicante
Citroen,Berlingo,Diésel,37699.0,100.0,manual,18990,Alicante,3010,Murcia,Alicante
Citroen,Berlingo,Diésel,37699.0,100.0,manual,18990,Algeciras,11202,Cádiz,Algeciras
Citroen,Berlingo,Diésel,37699.0,100.0,manual,18990,Málaga,29005,Málaga,Málaga
Audi,Q7,Diésel,188556.0,233.0,automatic,14090,Las Rozas de Madrid,28232,Madrid,Las Rozas de Madrid
Citroen,Berlingo,Diésel,35720.0,100.0,manual,21500,Sant Boi de Llobregat,8830,Barcelona,Sant Boi de Llobregat
Citroen,Berlingo,Diésel,1.0,102.0,manual,24850,Sant Boi de Llobregat,8830,Barcelona,Sant Boi de Llobregat
Citroen,Berlingo,Diésel,44983.0,100.0,manual,23350,Las Rozas de Madrid,28232,Madrid,Las Rozas de Madrid
Citroen,Berlingo,Diésel,178000.0,90.0,manual,9499,Granada,18005,Granada,Granada
Citroen,Berlingo,Diésel,87489.0,102.0,manual,23400,Ciudad Real,13003,Ciudad Real,Ciudad Real
Citroen,Berlingo,Gasolina,47491.0,110.0,manual,25473,Ciudad Real,13003,Ciudad Real,Ciudad Real
Citroen,Berlingo,Diésel,59000.0,130.0,manual,24300,Castello/Castellon de La Plana,12100,Castellón,Castello/Castellon de La Plana
Citroen,Berlingo,Diésel,59000.0,130.0,manual,22100,Castello/Castellon de La Plana,12100,Castellón,Castello/Castellon de La Plana
Citroen,Berlingo,Diésel,287098.0,120.0,manual,8290,Valencia,46002,Valencia,Valencia
Citroen,Berlingo,Diésel,120000.0,112.0,manual,11000,Algeciras,11201,Cádiz,Algeciras
Citroen,Berlingo,Diésel,139000.0,75.0,manual,7700,Oviedo,33006,Asturias,Oviedo
Citroen,Berlingo,Eléctrico,10404.0,67.0,manual,19500,Cieza,30530,Murcia,Cieza
Citroen,Berlingo,Diésel,89697.0,100.0,manual,14500,Cieza,30530,Murcia,Cieza
Citroen,Berlingo,Diésel,287098.0,120.0,manual,8290,Sant Boi de Llobregat,8830,Barcelona,Sant Boi de Llobregat
Citroen,Berlingo,Diésel,287098.0,120.0,manual,8290,Torrejón de Ardoz,28850,Madrid,Torrejón de Ardoz
Citroen,Berlingo,Diésel,287098.0,120.0,manual,8290,Sevilla,41006,Sevilla,Sevilla
Citroen,Berlingo,Gasolina,47491.0,110.0,manual,25473,Atarrabia,31610,Navarra,Atarrabia
Citroen,Berlingo,Diésel,71900.0,75.0,manual,10990,Poligono Industrial Parque Industrial de Elche,3203,Alicante,Poligono Industrial Parque Industrial de Elche
Citroen,Berlingo,Diésel,222000.0,90.0,manual,3200,Baza,18800,Granada,Baza
Citroen,Berlingo,Diésel,170900.0,100.0,manual,10330,Doña Manuela,14014,Córdoba,Doña Manuela
Citroen,Berlingo,Gasolina,47491.0,110.0,manual,25473,Colonia Pablo Iglesias,28520,Madrid,Colonia Pablo Iglesias
Citroen,Berlingo,Gasolina,47491.0,110.0,manual,25473,Valdepeñas,13300,Ciudad Real,Valdepeñas
Citroen,Berlingo,Gasolina,47491.0,110.0,manual,25473,Valdepeñas,13300,Ciudad Real,Valdepeñas
Citroen,Berlingo,Gasolina,47491.0,110.0,manual,25473,Granollers,8403,Barcelona,Granollers
Citroen,Berlingo,Gasolina,47491.0,110.0,manual,25473,Getafe,28906,Madrid,Getafe
Citroen,Berlingo,Gasolina,47491.0,110.0,manual,25473,Las Rozas de Madrid,28232,Madrid,Las Rozas de Madrid
Citroen,Berlingo,Gasolina,47491.0,110.0,manual,25473,Mercado Parque Corredor del Henares,28850,Madrid,Mercado Parque Corredor del Henares
Citroen,Berlingo,Gasolina,47491.0,110.0,manual,25473,Collado Villalba,28400,Madrid,Collado Villalba
Citroen,Berlingo,Gasolina,47491.0,110.0,manual,25473,Collado Villalba,28400,Madrid,Collado Villalba
Citroen,Berlingo,Gasolina,47491.0,110.0,manual,25473,Badajoz,6008,Badajoz,Badajoz
Citroen,Berlingo,Gasolina,47491.0,110.0,manual,25473,Murcia,30003,Murcia,Murcia
Citroen,Berlingo,Gasolina,47491.0,110.0,manual,25473,Saladar,3700,Alicante,Saladar
Citroen,Berlingo,Gasolina,47491.0,110.0,manual,25473,Estepona,29680,Málaga,Estepona
Citroen,Berlingo,Gasolina,47491.0,110.0,manual,25473,Vigo,36214,Pontevedra,Vigo
Citroen,Berlingo,Gasolina,47491.0,110.0,manual,25473,Santiago de Compostela,15703,A Coruña,Santiago de Compostela
Citroen,Berlingo,Gasolina,47491.0,110.0,manual,25473,Santafe,18320,Granada,Santafe
Citroen,Berlingo,Gasolina,47491.0,110.0,manual,25473,Paterna,46980,Valencia,Paterna
Citroen,Berlingo,Gasolina,47491.0,110.0,manual,25473,Zaragoza,50013,Zaragoza,Zaragoza
Citroen,Berlingo,Gasolina,47491.0,110.0,manual,25473,Barcelona,8007,Barcelona,Barcelona
Citroen,Berlingo,Gasolina,47491.0,110.0,manual,25473,Albacete,2001,Albacete,Albacete
Citroen,Berlingo,Gasolina,47491.0,110.0,manual,25473,Hidraulica Santillana,28770,Madrid,Hidraulica Santillana
Citroen,Berlingo,Gasolina,47491.0,110.0,manual,25473,Puerto de Sagunto,46520,Valencia,Puerto de Sagunto
Citroen,Berlingo,Gasolina,47491.0,110.0,manual,25473,Castello/Castellon de La Plana,12100,Castellón,Castello/Castellon de La Plana
Citroen,Berlingo,Gasolina,47491.0,110.0,manual,25473,Alcalá de Guadaíra,41500,Sevilla,Alcalá de Guadaíra
Citroen,Berlingo,Gasolina,47491.0,110.0,manual,25473,Mercabilbao,48970,Bizkaia,Mercabilbao
Citroen,Berlingo,Gasolina,47491.0,110.0,manual,25473,Alicante,3007,Alicante,Alicante
Citroen,Berlingo,Gasolina,47491.0,110.0,manual,25473,Alcobendas,28100,Madrid,Alcobendas
Citroen,Berlingo,Gasolina,47491.0,110.0,manual,25473,Alameda del Obispo,14005,Córdoba,Alameda del Obispo
Citroen,Berlingo,Gasolina,47491.0,110.0,manual,25473,Alzira,46600,Valencia,Alzira
Citroen,Berlingo,Gasolina,47491.0,110.0,manual,25473,Alzira,46600,Valencia,Alzira
Citroen,Berlingo,Gasolina,47491.0,110.0,manual,25473,Torremolinos,29620,Málaga,Torremolinos
Citroen,Berlingo,Gasolina,47491.0,110.0,manual,25473,Torremolinos,29620,Málaga,Torremolinos
Citroen,Berlingo,Gasolina,47491.0,110.0,manual,25473,Torremolinos,29620,Málaga,Torremolinos
Citroen,Berlingo,Diésel,95000.0,100.0,manual,21990,Molins de Rei,8750,Barcelona,Molins de Rei
Citroen,Berlingo,Diésel,155020.0,100.0,manual,228,Oliva,46780,Valencia,Oliva
Citroen,Berlingo,Diésel,118000.0,100.0,manual,8834,Villena,3400,Alicante,Villena
Citroen,Berlingo,Diésel,39077.0,100.0,manual,23499,Barcelona,8007,Barcelona,Barcelona
Citroen,Berlingo,Gasolina,74503.0,110.0,manual,17500,Sant Boi de Llobregat,8830,Barcelona,Sant Boi de Llobregat
Citroen,Berlingo,Diésel,190000.0,100.0,manual,11000,Almagro,13270,Ciudad Real,Almagro
Citroen,Berlingo,Diésel,167600.0,102.0,manual,15999,Alcalá de Henares,28801,Madrid,Alcalá de Henares
Citroen,Berlingo,Diésel,102000.0,92.0,manual,10990,Poligono Industrial Madanela,15800,A Coruña,Poligono Industrial Madanela
Citroen,Berlingo,Diésel,87979.0,100.0,manual,19900,Madrid,28014,Madrid,Madrid
Citroen,Berlingo,Diésel,182000.0,100.0,manual,12800,Montijo,6480,Badajoz,Montijo
Citroen,Berlingo,Diésel,168900.0,100.0,manual,9800,Doña Manuela,14014,Córdoba,Doña Manuela
Citroen,Berlingo,Diésel,132329.0,102.0,manual,13290,Sevilla,41006,Sevilla,Sevilla
Citroen,Berlingo,Diésel,135539.0,75.0,manual,8990,Vigo,36204,Pontevedra,Vigo
Citroen,Berlingo,Diésel,132329.0,102.0,manual,13290,Agirre-Aperribai,48960,Bizkaia,Agirre-Aperribai
Citroen,Berlingo,Diésel,132329.0,102.0,manual,13290,Sant Boi de Llobregat,8830,Barcelona,Sant Boi de Llobregat
Citroen,Berlingo,Diésel,132329.0,102.0,manual,13290,Valencia,46002,Valencia,Valencia
Citroen,Berlingo,Diésel,132329.0,102.0,manual,13290,Torrejón de Ardoz,28850,Madrid,Torrejón de Ardoz
Citroen,Berlingo,Diésel,132329.0,102.0,manual,13290,Pamplona/Iruña,31003,Navarra,Pamplona/Iruña
Citroen,Berlingo,Diésel,132329.0,102.0,manual,13290,Bacarot,3114,Alicante,Bacarot
Citroen,Berlingo,Diésel,135539.0,75.0,manual,8990,A Coruña,15001,A Coruña,A Coruña
Citroen,Berlingo,Diésel,51000.0,100.0,manual,19990,El Prat de Llobregat,8820,Barcelona,El Prat de Llobregat
Citroen,Berlingo,Diésel,41500.0,131.0,manual,30900,Berga,8600,Barcelona,Berga
Citroen,Berlingo,Diésel,150000.0,102.0,manual,15500,Yecla,30510,Murcia,Yecla
Citroen,Berlingo,Diésel,211000.0,100.0,manual,10800,Montijo,6480,Badajoz,Montijo
Citroen,Berlingo,Diésel,63000.0,130.0,automatic,26900,A Coruña,15005,A Coruña,A Coruña
Citroen,Berlingo,Diésel,189000.0,100.0,manual,12900,A Coruña,15005,A Coruña,A Coruña
Citroen,Berlingo,Diésel,150820.0,75.0,manual,8058,Guadalajara,19002,Guadalajara,Guadalajara
Citroen,Berlingo,Diésel,179955.0,92.0,manual,8900,Redován,3370,Alicante,Redován
Citroen,Berlingo,Diésel,112976.0,102.0,manual,19990,La Canonja,43110,Tarragona,La Canonja
Citroen,Berlingo,Diésel,90590.0,75.0,manual,20990,La Canonja,43110,Tarragona,La Canonja
Citroen,Berlingo,Diésel,37740.0,76.0,manual,18490,La Canonja,43110,Tarragona,La Canonja
Citroen,Berlingo,Diésel,144000.0,75.0,manual,10270,Murcia,30006,Murcia,Murcia
Citroen,Berlingo,Diésel,179000.0,90.0,manual,9800,Malgrat de mar,8380,Barcelona,Malgrat de mar
Citroen,Berlingo,Gasolina,39797.0,110.0,manual,22490,Gandia,46701,Valencia,Gandia
Citroen,Berlingo,Diésel,260000.0,90.0,manual,3500,Terrassa,8221,Barcelona,Terrassa
Citroen,Berlingo,Diésel,165000.0,92.0,automatic,10990,Castelldefels,8860,Barcelona,Castelldefels
Citroen,Berlingo,Diésel,61200.0,102.0,manual,25500,Girona,17005,Girona,Girona
Citroen,Berlingo,Diésel,43500.0,102.0,manual,24500,Mairena del Aljarafe,41927,Sevilla,Mairena del Aljarafe
Citroen,Berlingo,Diésel,175000.0,92.0,automatic,9500,Roquetas de Mar,4740,Almería,Roquetas de Mar
Citroen,Berlingo,Diésel,139119.0,100.0,manual,14290,Madrid,28021,Madrid,Madrid
Citroen,Berlingo,Diésel,139119.0,100.0,manual,13990,Madrid,28021,Madrid,Madrid
Citroen,Berlingo,Diésel,27717.0,102.0,manual,22990,Sant Boi de Llobregat,8830,Barcelona,Sant Boi de Llobregat
Citroen,Berlingo,Diésel,116343.0,102.0,manual,17990,Alzira,46600,Valencia,Alzira
Citroen,Berlingo,Diésel,116343.0,102.0,manual,17990,Alzira,46600,Valencia,Alzira
Citroen,Berlingo,Diésel,113000.0,111.0,manual,13900,Boimorto,15817,A Coruña,Boimorto
Citroen,Berlingo,Diésel,95504.0,100.0,manual,249,Tarragona,43002,Tarragona,Tarragona
Citroen,Berlingo,Diésel,127000.0,100.0,manual,13490,Igualada,8700,Barcelona,Igualada
Citroen,Berlingo,Diésel,158000.0,75.0,manual,7430,Oviedo,33006,Asturias,Oviedo
Citroen,Berlingo,Diésel,219000.0,75.0,manual,6500,Fuente del Rey,41703,Sevilla,Fuente del Rey
Citroen,Berlingo,Diésel,20000.0,102.0,manual,26500,Santurtzi,48980,Bizkaia,Santurtzi
Hyundai,i20,Diésel,77448.0,90.0,manual,10490,Collado Villalba,28400,Madrid,Collado Villalba
Hyundai,i20,Diésel,77448.0,90.0,manual,10490,Collado Villalba,28400,Madrid,Collado Villalba
Hyundai,i20,Gasolina,35000.0,84.0,manual,10990,Alicante,3010,Alicante,Alicante
Hyundai,i20,Gasolina,35000.0,84.0,manual,10990,Alicante,3010,Murcia,Alicante
Hyundai,i20,Diésel,77448.0,90.0,manual,10490,Alicante,3010,Alicante,Alicante
Hyundai,i20,Diésel,77448.0,90.0,manual,10490,Alicante,3010,Murcia,Alicante
Hyundai,i20,Gasolina,35000.0,84.0,manual,10990,Sevilla,41005,Sevilla,Sevilla
Hyundai,i20,Diésel,77448.0,90.0,manual,10490,Sevilla,41005,Sevilla,Sevilla
Hyundai,i20,Gasolina,7832.0,85.0,manual,11999,Barcelona,8007,Barcelona,Barcelona
Hyundai,i20,Gasolina,7832.0,85.0,manual,11999,Madrid,28014,Madrid,Madrid
Hyundai,i20,Gasolina,35000.0,84.0,manual,10990,Málaga,29005,Málaga,Málaga
Hyundai,i20,Diésel,77448.0,90.0,manual,10490,Málaga,29005,Málaga,Málaga
Hyundai,i20,Gasolina,35000.0,84.0,manual,10990,Granada,18005,Granada,Granada
Hyundai,i20,Gasolina,35000.0,84.0,manual,10990,Vigo,36211,Pontevedra,Vigo
Hyundai,i20,Diésel,77448.0,90.0,manual,10490,Granada,18005,Granada,Granada
Hyundai,i20,Diésel,77448.0,90.0,manual,10490,Vigo,36211,Pontevedra,Vigo
Hyundai,i20,Gasolina,35000.0,84.0,manual,10990,Murcia,30005,Murcia,Murcia
Hyundai,i20,Gasolina,35000.0,84.0,manual,10990,Bilbao,48004,Bizkaia,Bilbao
Hyundai,i20,Gasolina,48535.0,84.0,manual,12500,L'Hospitalet de Llobregat,8901,Barcelona,L'Hospitalet de Llobregat
Hyundai,i20,Gasolina,35000.0,84.0,manual,10990,Valencia,46001,Valencia,Valencia
Hyundai,i20,Diésel,77448.0,90.0,manual,10490,Murcia,30005,Murcia,Murcia
Hyundai,i20,Gasolina,35000.0,84.0,manual,10990,Almería,4006,Almería,Almería
Hyundai,i20,Diésel,77448.0,90.0,manual,10490,Bilbao,48004,Bizkaia,Bilbao
Hyundai,i20,Diésel,77448.0,90.0,manual,10490,Valencia,46001,Valencia,Valencia
Hyundai,i20,Diésel,77448.0,90.0,manual,10490,Almería,4006,Almería,Almería
Hyundai,i20,Gasolina,35000.0,84.0,manual,10990,Palma de Mallorca,7003,Baleares,Palma de Mallorca
Hyundai,i20,Diésel,77448.0,90.0,manual,10490,Fuenlabrada,28947,Madrid,Fuenlabrada
Hyundai,i20,Diésel,77448.0,90.0,manual,10490,Camarma de Esteruelas,28816,Madrid,Camarma de Esteruelas
Hyundai,i20,Diésel,77448.0,90.0,manual,10490,Camarma de Esteruelas,28816,Madrid,Camarma de Esteruelas
Hyundai,i20,Gasolina,35000.0,84.0,manual,10990,Palau-Solita I Plegamans,8184,Barcelona,Palau-Solita I Plegamans
Hyundai,i20,Gasolina,35000.0,84.0,manual,10990,Palau-Solita I Plegamans,8184,Barcelona,Palau-Solita I Plegamans
Hyundai,i20,Gasolina,35000.0,84.0,manual,10990,Òrrius,8317,Barcelona,Òrrius
Hyundai,i20,Diésel,77448.0,90.0,manual,10490,Las Rozas de Madrid,28232,Madrid,Las Rozas de Madrid
Hyundai,i20,Gasolina,35000.0,84.0,manual,10990,Tarragona,43006,Tarragona,Tarragona
Hyundai,i20,Diésel,77448.0,90.0,manual,10490,Colonia Pablo Iglesias,28520,Madrid,Colonia Pablo Iglesias
Hyundai,i20,Diésel,77448.0,90.0,manual,10490,Villaviciosa de Odón,28670,Madrid,Villaviciosa de Odón
Hyundai,i20,Diésel,77448.0,90.0,manual,10490,Toledo,45002,Toledo,Toledo
Citroen,Berlingo,Diésel,57343.0,102.0,manual,20990,Alcalá de Guadaíra,41500,Sevilla,Alcalá de Guadaíra
Citroen,Berlingo,Diésel,35000.0,102.0,manual,22990,Cogullada,46749,Valencia,Cogullada
Citroen,Berlingo,Diésel,278000.0,75.0,manual,3000,Lugo,27001,Lugo,Lugo
Citroen,Berlingo,Diésel,75000.0,100.0,manual,15750,San Luis de Sabinillas,29692,Málaga,San Luis de Sabinillas
Citroen,Berlingo,Diésel,75000.0,100.0,manual,15750,San Luis de Sabinillas,29692,Málaga,San Luis de Sabinillas
Citroen,Berlingo,Diésel,76300.0,75.0,manual,9504,Guadalajara,19002,Guadalajara,Guadalajara
Citroen,Berlingo,Diésel,135900.0,100.0,manual,15900,Carretera de San Martin de La Vega,28320,Madrid,Carretera de San Martin de La Vega
Citroen,Berlingo,Diésel,135900.0,100.0,manual,14900,Carretera de San Martin de La Vega,28320,Madrid,Carretera de San Martin de La Vega
Citroen,Berlingo,Diésel,200000.0,100.0,manual,11900,Puebla de la Calzada,6490,Badajoz,Puebla de la Calzada
Citroen,Berlingo,Diésel,18068.0,102.0,manual,21990,Lugar Nuevo de La Corona,46910,Valencia,Lugar Nuevo de La Corona
Citroen,Berlingo,Diésel,18068.0,102.0,manual,21990,Lugar Nuevo de La Corona,46910,Valencia,Lugar Nuevo de La Corona
Citroen,Berlingo,Diésel,18068.0,102.0,manual,21990,Lugar Nuevo de La Corona,46910,Valencia,Lugar Nuevo de La Corona
Citroen,Berlingo,Diésel,18068.0,102.0,manual,21990,Lugar Nuevo de La Corona,46910,Valencia,Lugar Nuevo de La Corona
Citroen,Berlingo,Diésel,240000.0,90.0,manual,7990,Utrera,41710,Sevilla,Utrera
Citroen,Berlingo,Diésel,179000.0,75.0,manual,10500,Santander,39011,Cantabria,Santander
Citroen,Berlingo,Gasolina,39797.0,110.0,manual,22490,Sevilla,41005,Sevilla,Sevilla
Citroen,Berlingo,Gasolina,39797.0,110.0,manual,22490,Granada,18005,Granada,Granada
Citroen,Berlingo,Gasolina,39797.0,110.0,manual,22490,Murcia,30005,Murcia,Murcia
Citroen,Berlingo,Gasolina,39797.0,110.0,manual,22490,Vigo,36211,Pontevedra,Vigo
Citroen,Berlingo,Gasolina,39797.0,110.0,manual,22490,Bilbao,48004,Bizkaia,Bilbao
Citroen,Berlingo,Gasolina,39797.0,110.0,manual,22490,Valencia,46001,Valencia,Valencia
Citroen,Berlingo,Gasolina,35564.0,110.0,manual,20790,Madrid,28021,Madrid,Madrid
Citroen,Berlingo,Gasolina,39797.0,110.0,manual,22490,Palma de Mallorca,7003,Baleares,Palma de Mallorca
Citroen,Berlingo,Gasolina,131628.0,110.0,manual,17990,Palma de Mallorca,7003,Baleares,Palma de Mallorca
Citroen,Berlingo,Gasolina,39797.0,110.0,manual,22490,Almería,4006,Almería,Almería
Citroen,Berlingo,Gasolina,39797.0,110.0,manual,22490,Barrio Peral,30300,Murcia,Barrio Peral
Citroen,Berlingo,Gasolina,39797.0,110.0,manual,22490,Elx/Elche,3201,Alicante,Elx/Elche
Citroen,Berlingo,Diésel,248000.0,90.0,manual,4900,Huesca,8007,Barcelona,Huesca
Citroen,Berlingo,Diésel,111180.0,102.0,manual,15000,Alcover,43460,Tarragona,Alcover
Citroen,Berlingo,Diésel,52440.0,102.0,manual,26900,Madrid,28014,Madrid,Madrid
Citroen,Berlingo,Diésel,37532.0,131.0,manual,30900,Madrid,28014,Madrid,Madrid
Citroen,Berlingo,Diésel,199000.0,75.0,manual,7990,Fuenlabrada,28943,Madrid,Fuenlabrada
Audi,A4,Diésel,358000.0,140.0,automatic,4490,Granollers,8401,Barcelona,Granollers
Audi,A4,Gasolina,148390.0,180.0,manual,10990,Atarrabia,31610,Navarra,Atarrabia
Audi,A4,Gasolina,148390.0,180.0,manual,10990,Alameda del Obispo,14005,Córdoba,Alameda del Obispo
Audi,A4,Gasolina,148390.0,180.0,manual,10990,Mercabilbao,48970,Bizkaia,Mercabilbao
Citroen,Berlingo,Gasolina,39797.0,110.0,manual,22490,Alicante,3010,Alicante,Alicante
Citroen,Berlingo,Gasolina,39797.0,110.0,manual,22490,Alicante,3010,Murcia,Alicante
Citroen,Berlingo,Gasolina,39797.0,110.0,manual,22490,Málaga,29005,Málaga,Málaga
Citroen,Berlingo,Diésel,101537.0,100.0,manual,20600,Badajoz,6007,Badajoz,Badajoz
Citroen,Berlingo,Diésel,192500.0,71.0,manual,1900,Málaga,29004,Málaga,Málaga
Citroen,Berlingo,Diésel,7784.0,102.0,manual,24500,Collado Villalba,28400,Madrid,Collado Villalba
Citroen,Berlingo,Diésel,7784.0,102.0,manual,24500,Collado Villalba,28400,Madrid,Collado Villalba
Citroen,Berlingo,Diésel,7784.0,102.0,manual,23800,Collado Villalba,28400,Madrid,Collado Villalba
Citroen,Berlingo,Diésel,7784.0,102.0,manual,23800,Collado Villalba,28400,Madrid,Collado Villalba
Citroen,Berlingo,Diésel,9771.0,102.0,manual,24300,Collado Villalba,28400,Madrid,Collado Villalba
Citroen,Berlingo,Diésel,9771.0,102.0,manual,24300,Collado Villalba,28400,Madrid,Collado Villalba
Citroen,Berlingo,Diésel,9771.0,102.0,manual,23800,Collado Villalba,28400,Madrid,Collado Villalba
Citroen,Berlingo,Diésel,9771.0,102.0,manual,23800,Collado Villalba,28400,Madrid,Collado Villalba
Citroen,Berlingo,Diésel,12909.0,102.0,manual,24200,Collado Villalba,28400,Madrid,Collado Villalba
Citroen,Berlingo,Diésel,12909.0,102.0,manual,24200,Collado Villalba,28400,Madrid,Collado Villalba
Citroen,Berlingo,Diésel,12909.0,102.0,manual,23500,Collado Villalba,28400,Madrid,Collado Villalba
Citroen,Berlingo,Diésel,12909.0,102.0,manual,23500,Collado Villalba,28400,Madrid,Collado Villalba
Citroen,Berlingo,Diésel,76229.0,130.0,manual,20990,Murcia,30005,Murcia,Murcia
Citroen,Berlingo,Diésel,76229.0,130.0,manual,20990,Vigo,36211,Pontevedra,Vigo
Citroen,Berlingo,Diésel,76229.0,130.0,manual,20990,Granada,18005,Granada,Granada
Citroen,Berlingo,Diésel,76229.0,130.0,manual,20990,Alicante,3010,Alicante,Alicante
Citroen,Berlingo,Diésel,76229.0,130.0,manual,20990,Alicante,3010,Murcia,Alicante
Citroen,Berlingo,Diésel,76229.0,130.0,manual,20990,Almería,4006,Almería,Almería
Citroen,Berlingo,Diésel,76229.0,130.0,manual,20990,Valencia,46001,Valencia,Valencia
Citroen,Berlingo,Diésel,1.0,102.0,manual,28500,Sant Boi de Llobregat,8830,Barcelona,Sant Boi de Llobregat
Citroen,Berlingo,Diésel,79935.0,131.0,manual,24900,Mairena del Aljarafe,41927,Sevilla,Mairena del Aljarafe
Citroen,Berlingo,Diésel,76229.0,130.0,manual,20990,Bilbao,48004,Bizkaia,Bilbao
Citroen,Berlingo,Diésel,39958.0,102.0,manual,17990,Bilbao,48004,Bizkaia,Bilbao
Citroen,Berlingo,Diésel,39958.0,102.0,manual,17990,Alicante,3010,Alicante,Alicante
Citroen,Berlingo,Diésel,39958.0,102.0,manual,17990,Alicante,3010,Murcia,Alicante
Citroen,Berlingo,Diésel,76229.0,130.0,manual,20990,Sevilla,41005,Sevilla,Sevilla
Citroen,Berlingo,Diésel,39958.0,102.0,manual,17990,Sevilla,41005,Sevilla,Sevilla
Citroen,Berlingo,Diésel,39958.0,102.0,manual,17990,Vigo,36211,Pontevedra,Vigo
Citroen,Berlingo,Diésel,39958.0,102.0,manual,17990,Granada,18005,Granada,Granada
Citroen,Berlingo,Diésel,76229.0,130.0,manual,20990,Málaga,29005,Málaga,Málaga
Citroen,Berlingo,Diésel,39958.0,102.0,manual,17990,Almería,4006,Almería,Almería
Citroen,Berlingo,Diésel,39958.0,102.0,manual,17990,Valencia,46001,Valencia,Valencia
Citroen,Berlingo,Diésel,39958.0,102.0,manual,17990,Murcia,30005,Murcia,Murcia
Citroen,Berlingo,Diésel,39958.0,102.0,manual,17990,Málaga,29005,Málaga,Málaga
Citroen,Berlingo,Diésel,144000.0,75.0,manual,9700,Montijo,6480,Badajoz,Montijo
Citroen,Berlingo,Diésel,112976.0,102.0,manual,19990,Barcelona,8007,Barcelona,Barcelona
Citroen,Berlingo,Diésel,90590.0,75.0,manual,20990,Barcelona,8007,Barcelona,Barcelona
Citroen,Berlingo,Diésel,67730.0,100.0,manual,17400,Mollet del Vallès,8100,Barcelona,Mollet del Vallès
Citroen,Berlingo,Diésel,175000.0,92.0,manual,9990,Sondika,48150,Bizkaia,Sondika
Citroen,Berlingo,Diésel,100000.0,90.0,manual,10000,El Esparragal,30163,Murcia,El Esparragal
Citroen,Berlingo,Diésel,127972.0,100.0,manual,15900,Vic,8500,Barcelona,Vic
Citroen,Berlingo,Diésel,70500.0,102.0,manual,19000,Valencia,46002,Valencia,Valencia
Citroen,Berlingo,Diésel,31557.0,102.0,manual,20950,Sant Boi de Llobregat,8830,Barcelona,Sant Boi de Llobregat
Citroen,Berlingo,Diésel,198000.0,109.0,manual,8900,Lorca,30800,Murcia,Lorca
Citroen,Berlingo,Diésel,154789.0,100.0,manual,13500,Málaga,29006,Málaga,Málaga
Citroen,Berlingo,Diésel,120755.0,100.0,manual,9545,Cádiz,11006,Cádiz,Cádiz
Citroen,Berlingo,Diésel,151569.0,75.0,manual,11198,Cádiz,11006,Cádiz,Cádiz
Citroen,Berlingo,Diésel,111317.0,75.0,manual,8719,Cádiz,11006,Cádiz,Cádiz
Citroen,Berlingo,Diésel,37740.0,76.0,manual,18490,Barcelona,8007,Barcelona,Barcelona
Citroen,Berlingo,Diésel,120755.0,100.0,manual,9545,Madrid,28014,Madrid,Madrid
Citroen,Berlingo,Diésel,151569.0,75.0,manual,11198,Madrid,28014,Madrid,Madrid
Citroen,Berlingo,Diésel,111317.0,75.0,manual,8719,Madrid,28014,Madrid,Madrid
Citroen,Berlingo,Diésel,120755.0,100.0,manual,9545,Sevilla,41005,Sevilla,Sevilla
Citroen,Berlingo,Diésel,151569.0,75.0,manual,11198,Sevilla,41005,Sevilla,Sevilla
Citroen,Berlingo,Diésel,111317.0,75.0,manual,8719,Sevilla,41005,Sevilla,Sevilla
Citroen,Berlingo,Diésel,120755.0,100.0,manual,9545,Badajoz,6008,Badajoz,Badajoz
Citroen,Berlingo,Diésel,151569.0,75.0,manual,11198,Badajoz,6008,Badajoz,Badajoz
Citroen,Berlingo,Diésel,111317.0,75.0,manual,8719,Badajoz,6008,Badajoz,Badajoz
Citroen,Berlingo,Diésel,120755.0,100.0,manual,9545,Almería,4001,Almería,Almería
Citroen,Berlingo,Diésel,151569.0,75.0,manual,11198,Almería,4001,Almería,Almería
Citroen,Berlingo,Diésel,111317.0,75.0,manual,8719,Almería,4001,Almería,Almería
Citroen,Berlingo,Diésel,95504.0,99.0,manual,11990,Tarragona,43002,Tarragona,Tarragona
Citroen,Berlingo,Diésel,92437.0,99.0,manual,9990,Tarragona,43002,Tarragona,Tarragona
Citroen,Berlingo,Diésel,163000.0,112.0,manual,11500,Rubians,36619,Pontevedra,Rubians
Citroen,Berlingo,Diésel,87489.0,102.0,manual,23400,Puerto de Sagunto,46520,Valencia,Puerto de Sagunto
Citroen,Berlingo,Diésel,87489.0,102.0,manual,23400,Granollers,8403,Barcelona,Granollers
Citroen,Berlingo,Diésel,87489.0,102.0,manual,23400,Mercado Parque Corredor del Henares,28850,Madrid,Mercado Parque Corredor del Henares
Citroen,Berlingo,Diésel,87489.0,102.0,manual,23400,Torremolinos,29620,Málaga,Torremolinos
Citroen,Berlingo,Diésel,87489.0,102.0,manual,23400,Torremolinos,29620,Málaga,Torremolinos
Citroen,Berlingo,Diésel,87489.0,102.0,manual,23400,Torremolinos,29620,Málaga,Torremolinos
Citroen,Berlingo,Diésel,87489.0,102.0,manual,23400,Badajoz,6008,Badajoz,Badajoz
Citroen,Berlingo,Diésel,87489.0,102.0,manual,23400,Valdepeñas,13300,Ciudad Real,Valdepeñas
Citroen,Berlingo,Diésel,87489.0,102.0,manual,23400,Valdepeñas,13300,Ciudad Real,Valdepeñas
Citroen,Berlingo,Diésel,87489.0,102.0,manual,23400,Vigo,36214,Pontevedra,Vigo
Citroen,Berlingo,Diésel,87489.0,102.0,manual,23400,Estepona,29680,Málaga,Estepona
Citroen,Berlingo,Diésel,87489.0,102.0,manual,23400,Murcia,30003,Murcia,Murcia
Citroen,Berlingo,Diésel,87489.0,102.0,manual,23400,Santiago de Compostela,15703,A Coruña,Santiago de Compostela
Citroen,Berlingo,Diésel,87489.0,102.0,manual,23400,Saladar,3700,Alicante,Saladar
Citroen,Berlingo,Diésel,87489.0,102.0,manual,23400,Paterna,46980,Valencia,Paterna
Citroen,Berlingo,Diésel,87489.0,102.0,manual,23400,Barcelona,8007,Barcelona,Barcelona
Citroen,Berlingo,Diésel,87489.0,102.0,manual,23400,Zaragoza,50013,Zaragoza,Zaragoza
Citroen,Berlingo,Diésel,87489.0,102.0,manual,23400,Atarrabia,31610,Navarra,Atarrabia
Citroen,Berlingo,Diésel,87489.0,102.0,manual,23400,Las Rozas de Madrid,28232,Madrid,Las Rozas de Madrid
Citroen,Berlingo,Diésel,87489.0,102.0,manual,23400,Collado Villalba,28400,Madrid,Collado Villalba
Citroen,Berlingo,Diésel,87489.0,102.0,manual,23400,Collado Villalba,28400,Madrid,Collado Villalba
Citroen,Berlingo,Diésel,87489.0,102.0,manual,23400,Alcalá de Guadaíra,41500,Sevilla,Alcalá de Guadaíra
Citroen,Berlingo,Diésel,87489.0,102.0,manual,23400,Alcobendas,28100,Madrid,Alcobendas
Citroen,Berlingo,Diésel,87489.0,102.0,manual,23400,Hidraulica Santillana,28770,Madrid,Hidraulica Santillana
Citroen,Berlingo,Diésel,87489.0,102.0,manual,23400,Albacete,2001,Albacete,Albacete
Citroen,Berlingo,Diésel,87489.0,102.0,manual,23400,Alzira,46600,Valencia,Alzira
Citroen,Berlingo,Diésel,87489.0,102.0,manual,23400,Alzira,46600,Valencia,Alzira
Citroen,Berlingo,Diésel,87489.0,102.0,manual,23400,Castello/Castellon de La Plana,12100,Castellón,Castello/Castellon de La Plana
Citroen,Berlingo,Diésel,87489.0,102.0,manual,23400,Alicante,3007,Alicante,Alicante
Citroen,Berlingo,Diésel,87489.0,102.0,manual,23400,Getafe,28906,Madrid,Getafe
Citroen,Berlingo,Diésel,87489.0,102.0,manual,23400,Colonia Pablo Iglesias,28520,Madrid,Colonia Pablo Iglesias
Citroen,Berlingo,Diésel,87489.0,102.0,manual,23400,Alameda del Obispo,14005,Córdoba,Alameda del Obispo
Citroen,Berlingo,Diésel,87489.0,102.0,manual,23400,Mercabilbao,48970,Bizkaia,Mercabilbao
Citroen,Berlingo,Diésel,87489.0,102.0,manual,23400,Santafe,18320,Granada,Santafe
Citroen,Berlingo,Diésel,55531.0,100.0,manual,20900,Madrid,28014,Madrid,Madrid
Citroen,Berlingo,Diésel,48287.0,102.0,manual,24400,Madrid,28014,Madrid,Madrid
Citroen,Berlingo,Diésel,320000.0,71.0,manual,1990,Jaén,23008,Jaén,Jaén
Citroen,Berlingo,Diésel,130000.0,100.0,manual,10000,Pamplona/Iruña,31006,Navarra,Pamplona/Iruña
Citroen,Berlingo,Diésel,86000.0,90.0,manual,14999,Igollo de Camargo,39608,Cantabria,Igollo de Camargo
Citroen,Berlingo,Diésel,74452.0,100.0,manual,12390,Valencia,46002,Valencia,Valencia
Citroen,Berlingo,Diésel,59042.0,76.0,manual,16520,Valencia,46002,Valencia,Valencia
Citroen,Berlingo,Diésel,54398.0,76.0,manual,16520,Valencia,46002,Valencia,Valencia
Citroen,Berlingo,Diésel,195945.0,100.0,manual,10800,Montijo,6480,Badajoz,Montijo
Citroen,Berlingo,Diésel,62249.0,102.0,manual,22500,Vic,8500,Barcelona,Vic
Citroen,Berlingo,Diésel,200000.0,90.0,manual,6999,Los Antolinos,30740,Murcia,Los Antolinos
Citroen,Berlingo,Diésel,99999.0,100.0,manual,19900,Albox,4800,Almería,Albox
Citroen,Berlingo,Diésel,158117.0,100.0,manual,13900,Arriaga,48950,Bizkaia,Arriaga
Citroen,Berlingo,Diésel,81000.0,100.0,manual,18999,Alcalá de Guadaíra,41500,Sevilla,Alcalá de Guadaíra
Citroen,Berlingo,Diésel,95504.0,100.0,manual,249,Granollers,8403,Barcelona,Granollers
Citroen,Berlingo,Diésel,95504.0,98.0,manual,249,Girona,17005,Girona,Girona
Citroen,Berlingo,Diésel,148100.0,75.0,manual,12400,Los Montesinos,3187,Alicante,Los Montesinos
Citroen,Berlingo,Diésel,42000.0,75.0,manual,12990,Irun,20305,Gipuzkoa,Irun
Citroen,Berlingo,Diésel,62000.0,75.0,manual,15990,Carbajosa de la Sagrada,37188,Salamanca,Carbajosa de la Sagrada
Citroen,Berlingo,Diésel,62000.0,75.0,manual,15990,Carbajosa de la Sagrada,37188,Salamanca,Carbajosa de la Sagrada
Citroen,Berlingo,Diésel,158117.0,100.0,manual,12600,Madrid,28014,Madrid,Madrid
Citroen,Berlingo,Diésel,144000.0,71.0,manual,4800,Huesca,8007,Barcelona,Huesca
Citroen,Berlingo,Diésel,168000.0,112.0,manual,11000,Rubians,36619,Pontevedra,Rubians
Citroen,Berlingo,Diésel,200000.0,92.0,manual,7990,Arriaga,1013,Álava,Arriaga
Citroen,Berlingo,Diésel,37740.0,76.0,manual,18490,Girona,17001,Girona,Girona
Citroen,Berlingo,Diésel,226000.0,75.0,manual,10200,Elda,3600,Alicante,Elda
Citroen,Berlingo,Diésel,100974.0,100.0,manual,9876,Guadalajara,19002,Guadalajara,Guadalajara
Citroen,Berlingo,Diésel,40980.0,102.0,manual,27700,Sant Fruitós de Bages,8272,Barcelona,Sant Fruitós de Bages
Citroen,Berlingo,Diésel,119000.0,75.0,manual,8264,Ripollet,8291,Barcelona,Ripollet
Citroen,Berlingo,Diésel,135000.0,75.0,manual,10500,Málaga,29004,Málaga,Málaga
Citroen,Berlingo,Diésel,59975.0,102.0,manual,20990,Málaga,29005,Málaga,Málaga
Citroen,Berlingo,Gasolina,57000.0,110.0,manual,20990,Málaga,29005,Málaga,Málaga
Citroen,Berlingo,Diésel,90000.0,102.0,manual,17800,La Puebla del Río,41130,Sevilla,La Puebla del Río
Citroen,Berlingo,Diésel,168082.0,90.0,manual,8500,Roquetas de Mar,4740,Almería,Roquetas de Mar
Citroen,Berlingo,Diésel,34009.0,100.0,manual,17900,Madrid,28014,Madrid,Madrid
Citroen,Berlingo,Diésel,59975.0,102.0,manual,20990,Almería,4006,Almería,Almería
Citroen,Berlingo,Gasolina,57000.0,110.0,manual,20990,Almería,4006,Almería,Almería
Citroen,Berlingo,Diésel,59975.0,102.0,manual,20990,Valencia,46001,Valencia,Valencia
Citroen,Berlingo,Gasolina,57000.0,110.0,manual,20990,Valencia,46001,Valencia,Valencia
Citroen,Berlingo,Diésel,59975.0,102.0,manual,20990,Alicante,3010,Alicante,Alicante
Citroen,Berlingo,Diésel,59975.0,102.0,manual,20990,Alicante,3010,Murcia,Alicante
Citroen,Berlingo,Gasolina,57000.0,110.0,manual,20990,Alicante,3010,Alicante,Alicante
Citroen,Berlingo,Gasolina,57000.0,110.0,manual,20990,Alicante,3010,Murcia,Alicante
Citroen,Berlingo,Diésel,59975.0,102.0,manual,20990,Bilbao,48004,Bizkaia,Bilbao
Citroen,Berlingo,Gasolina,57000.0,110.0,manual,20990,Bilbao,48004,Bizkaia,Bilbao
Citroen,Berlingo,Diésel,59975.0,102.0,manual,20990,Granada,18005,Granada,Granada
Citroen,Berlingo,Gasolina,57000.0,110.0,manual,20990,Ciudad Real,13005,Ciudad Real,Ciudad Real
Citroen,Berlingo,Gasolina,57000.0,110.0,manual,20990,Granada,18005,Granada,Granada
Citroen,Berlingo,Gasolina,57000.0,110.0,manual,20990,Cáceres,10001,Cáceres,Cáceres
Citroen,Berlingo,Diésel,59975.0,102.0,manual,20990,Vigo,36211,Pontevedra,Vigo
Citroen,Berlingo,Gasolina,57000.0,110.0,manual,20990,Vigo,36211,Pontevedra,Vigo
Citroen,Berlingo,Diésel,110000.0,102.0,manual,23850,Mataró,8302,Barcelona,Mataró
Citroen,Berlingo,Diésel,39279.0,120.0,manual,19900,L'Hospitalet de Llobregat,8901,Barcelona,L'Hospitalet de Llobregat
Citroen,Berlingo,Gasolina,57000.0,110.0,manual,20990,Toledo,45002,Toledo,Toledo
Citroen,Berlingo,Diésel,118000.0,75.0,manual,12900,Sevilla,41018,Sevilla,Sevilla
Citroen,Berlingo,Diésel,25000.0,102.0,manual,150,Madrid,28021,Madrid,Madrid
Citroen,Berlingo,Diésel,49400.0,102.0,manual,27400,Madrid,28014,Madrid,Madrid
Citroen,Berlingo,Diésel,59975.0,102.0,manual,20990,Sevilla,41005,Sevilla,Sevilla
Citroen,Berlingo,Gasolina,57000.0,110.0,manual,20990,Sevilla,41005,Sevilla,Sevilla
Citroen,Berlingo,Diésel,59975.0,102.0,manual,20990,Murcia,30005,Murcia,Murcia
Citroen,Berlingo,Gasolina,57000.0,110.0,manual,20990,Murcia,30005,Murcia,Murcia
Citroen,Berlingo,Diésel,120.0,131.0,manual,31900,Berga,8600,Barcelona,Berga
Citroen,Berlingo,Diésel,120.0,131.0,manual,31500,Berga,8600,Barcelona,Berga
Citroen,Berlingo,Diésel,139000.0,75.0,manual,10500,Monteagudo,30160,Murcia,Monteagudo
Citroen,Berlingo,Diésel,44005.0,75.0,manual,16950,Sant Boi de Llobregat,8830,Barcelona,Sant Boi de Llobregat
Citroen,Berlingo,Diésel,139700.0,100.0,manual,10500,Úbeda,23400,Jaén,Úbeda
Citroen,Berlingo,Diésel,62000.0,102.0,manual,19000,Les Borges Blanques,25400,Lleida,Les Borges Blanques
Citroen,Berlingo,Diésel,161000.0,71.0,manual,4500,El Villar de Arnedo,26511,La Rioja,El Villar de Arnedo
Citroen,Berlingo,Diésel,270000.0,90.0,manual,3500,Girona,17007,Girona,Girona
Citroen,Berlingo,Diésel,112091.0,100.0,manual,15390,Madrid,28021,Madrid,Madrid
Citroen,Berlingo,Diésel,112091.0,100.0,manual,15190,Madrid,28021,Madrid,Madrid
Citroen,Berlingo,Diésel,49344.0,102.0,manual,21695,Alicante,3010,Alicante,Alicante
Citroen,Berlingo,Diésel,49344.0,102.0,manual,21695,Alicante,3010,Murcia,Alicante
Citroen,Berlingo,Diésel,49344.0,102.0,manual,21695,Valencia,46020,Valencia,Valencia
Citroen,Berlingo,Diésel,77213.0,100.0,manual,19900,Madrid,28014,Madrid,Madrid
Citroen,Berlingo,Diésel,148000.0,92.0,manual,8499,Los Antolinos,30740,Murcia,Los Antolinos
Citroen,Berlingo,Diésel,113980.0,100.0,manual,9545,Almería,4001,Almería,Almería
Citroen,Berlingo,Diésel,146834.0,75.0,manual,7893,Almería,4001,Almería,Almería
Citroen,Berlingo,Eléctrico,13.0,67.0,manual,31853,Arriaga,48950,Bizkaia,Arriaga
Citroen,Berlingo,Diésel,113980.0,100.0,manual,9545,Badajoz,6008,Badajoz,Badajoz
Citroen,Berlingo,Diésel,146834.0,75.0,manual,7893,Badajoz,6008,Badajoz,Badajoz
Citroen,Berlingo,Eléctrico,10.0,67.0,automatic,26825,Arriaga,48950,Bizkaia,Arriaga
Citroen,Berlingo,Eléctrico,10.0,67.0,automatic,26824,Arriaga,48950,Bizkaia,Arriaga
Citroen,Berlingo,Diésel,64257.0,102.0,manual,310,Valencia,46002,Valencia,Valencia
Citroen,Berlingo,Diésel,59990.0,76.0,manual,14790,Pamplona/Iruña,31001,Navarra,Pamplona/Iruña
Citroen,Berlingo,Diésel,47051.0,131.0,manual,18500,Arriaga,48950,Bizkaia,Arriaga
Citroen,Berlingo,Diésel,121356.0,100.0,manual,14947,Arriaga,48950,Bizkaia,Arriaga
Citroen,Berlingo,Diésel,81189.0,100.0,manual,17950,Sant Boi de Llobregat,8830,Barcelona,Sant Boi de Llobregat
Citroen,Berlingo,Diésel,90010.0,75.0,manual,14950,Sant Boi de Llobregat,8830,Barcelona,Sant Boi de Llobregat
Citroen,Berlingo,Diésel,163568.0,75.0,manual,8500,Los Yébenes,45470,Toledo,Los Yébenes
Citroen,Berlingo,Diésel,130000.0,102.0,manual,18500,Málaga,29004,Málaga,Málaga
Citroen,Berlingo,Diésel,120000.0,75.0,manual,8999,Málaga,29004,Málaga,Málaga
Citroen,Berlingo,Diésel,113980.0,100.0,manual,9545,Cádiz,11006,Cádiz,Cádiz
Citroen,Berlingo,Diésel,146834.0,75.0,manual,7893,Cádiz,11006,Cádiz,Cádiz
Citroen,Berlingo,Diésel,68890.0,102.0,manual,24900,Mairena del Aljarafe,41927,Sevilla,Mairena del Aljarafe
Citroen,Berlingo,Diésel,44520.0,131.0,manual,28700,Mairena del Aljarafe,41927,Sevilla,Mairena del Aljarafe
Citroen,Berlingo,Diésel,146000.0,100.0,manual,11490,Alicante,3006,Alicante,Alicante
Citroen,Berlingo,Diésel,149000.0,92.0,automatic,10990,Guarnizo,39611,Cantabria,Guarnizo
Citroen,Berlingo,Diésel,46995.0,102.0,manual,26800,Cieza,30530,Murcia,Cieza
Citroen,Berlingo,Diésel,130000.0,100.0,manual,12500,Girona,17007,Girona,Girona
Citroen,Berlingo,Diésel,0.0,102.0,manual,23895,Caravaca de la Cruz,30400,Murcia,Caravaca de la Cruz
Citroen,Berlingo,Diésel,0.0,102.0,manual,23895,Caravaca de la Cruz,30400,Murcia,Caravaca de la Cruz
Citroen,Berlingo,Diésel,0.0,102.0,manual,23995,Caravaca de la Cruz,30400,Murcia,Caravaca de la Cruz
Citroen,Berlingo,Diésel,0.0,102.0,manual,23995,Caravaca de la Cruz,30400,Murcia,Caravaca de la Cruz
Citroen,Berlingo,Diésel,94414.0,102.0,manual,18500,Santiago y Zaraiche,30007,Murcia,Santiago y Zaraiche
Citroen,Berlingo,Diésel,65870.0,102.0,manual,24400,Madrid,28014,Madrid,Madrid
Citroen,Berlingo,Diésel,145200.0,102.0,manual,17970,Foios,46134,Valencia,Foios
Citroen,Berlingo,Diésel,118000.0,75.0,manual,12900,Murcia,30003,Murcia,Murcia
Citroen,Berlingo,Diésel,152000.0,102.0,manual,11100,A Coruña,15005,A Coruña,A Coruña
Citroen,Berlingo,Diésel,190000.0,92.0,manual,7500,Alcantarilla,30820,Murcia,Alcantarilla
Citroen,Berlingo,Diésel,133000.0,75.0,manual,9990,Parets del Vallès,8150,Barcelona,Parets del Vallès
Citroen,Berlingo,Diésel,2.0,102.0,manual,31990,Cogullada,46749,Valencia,Cogullada
Citroen,Berlingo,Diésel,160000.0,90.0,manual,10900,Poligono Industrial Madanela,15800,A Coruña,Poligono Industrial Madanela
Citroen,Berlingo,Diésel,87310.0,75.0,manual,199,Oliva,46780,Valencia,Oliva
Citroen,Berlingo,Diésel,62294.0,75.0,manual,13450,Mollet del Vallès,8100,Barcelona,Mollet del Vallès
Citroen,Berlingo,Diésel,149000.0,102.0,manual,13950,Navalcarnero,28600,Madrid,Navalcarnero
Citroen,Berlingo,Diésel,149000.0,75.0,manual,9499,Lugar Nuevo de La Corona,46910,Valencia,Lugar Nuevo de La Corona
Citroen,Berlingo,Diésel,149000.0,75.0,manual,9499,Lugar Nuevo de La Corona,46910,Valencia,Lugar Nuevo de La Corona
Citroen,Berlingo,Diésel,149000.0,75.0,manual,9499,Lugar Nuevo de La Corona,46910,Valencia,Lugar Nuevo de La Corona
Citroen,Berlingo,Diésel,149000.0,75.0,manual,9499,Lugar Nuevo de La Corona,46910,Valencia,Lugar Nuevo de La Corona
Citroen,Berlingo,Diésel,178000.0,92.0,manual,10999,Bailén,23710,Jaén,Bailén
Citroen,Berlingo,Diésel,200000.0,75.0,manual,6700,Alcantarilla,30820,Murcia,Alcantarilla
Citroen,Berlingo,Diésel,125000.0,92.0,manual,10900,Nogueirosa,15612,A Coruña,Nogueirosa
Citroen,Berlingo,Diésel,75382.0,102.0,manual,21690,Madrid,28021,Madrid,Madrid
Citroen,Berlingo,Diésel,75382.0,102.0,manual,15990,Madrid,28021,Madrid,Madrid
Citroen,Berlingo,Diésel,144000.0,75.0,manual,9600,La Zubia,18140,Granada,La Zubia
Citroen,Berlingo,Diésel,144000.0,75.0,manual,9600,La Zubia,18140,Guadalajara,La Zubia
Citroen,Berlingo,Diésel,139000.0,100.0,manual,12999,El Prat de Llobregat,8820,Barcelona,El Prat de Llobregat
Citroen,Berlingo,Diésel,18934.0,102.0,manual,26900,Madrid,28014,Madrid,Madrid
Citroen,Berlingo,Diésel,51279.0,102.0,manual,21400,Madrid,28014,Madrid,Madrid
Citroen,Berlingo,Diésel,113980.0,100.0,manual,9545,Sevilla,41005,Sevilla,Sevilla
Citroen,Berlingo,Diésel,113980.0,100.0,manual,9545,Madrid,28014,Madrid,Madrid
Citroen,Berlingo,Diésel,11386.0,102.0,manual,26250,Sabadell,8201,Barcelona,Sabadell
Citroen,Berlingo,Diésel,125000.0,75.0,manual,5900,Nogueirosa,15612,A Coruña,Nogueirosa
Citroen,Berlingo,Diésel,136000.0,92.0,automatic,14590,Humanes de Madrid,28970,Madrid,Humanes de Madrid
Citroen,Berlingo,Diésel,30800.0,102.0,manual,26400,Madrid,28014,Madrid,Madrid
Citroen,Berlingo,Diésel,0.0,100.0,manual,25200,Badalona,8912,Barcelona,Badalona
Citroen,Berlingo,Diésel,89000.0,75.0,manual,11500,San Luis de Sabinillas,29692,Málaga,San Luis de Sabinillas
Citroen,Berlingo,Diésel,89000.0,75.0,manual,11500,San Luis de Sabinillas,29692,Málaga,San Luis de Sabinillas
Citroen,Berlingo,Diésel,315204.0,71.0,manual,2790,Collado Villalba,28400,Madrid,Collado Villalba
Citroen,Berlingo,Diésel,315204.0,71.0,manual,2790,Collado Villalba,28400,Madrid,Collado Villalba
Citroen,Berlingo,Diésel,95504.0,99.0,manual,11990,Granollers,8403,Barcelona,Granollers
Citroen,Berlingo,Diésel,95504.0,99.0,manual,11990,Girona,17005,Girona,Girona
Citroen,Berlingo,Diésel,65956.0,100.0,manual,15400,Madrid,28014,Madrid,Madrid
Citroen,Berlingo,Diésel,53717.0,102.0,manual,26900,Madrid,28014,Madrid,Madrid
Citroen,Berlingo,Diésel,49152.0,102.0,manual,23900,Madrid,28014,Madrid,Madrid
Citroen,Berlingo,Diésel,47051.0,131.0,manual,16800,Madrid,28014,Madrid,Madrid
Citroen,Berlingo,Diésel,97000.0,100.0,manual,15400,Poligono Fuente del Jarro,46988,Valencia,Poligono Fuente del Jarro
Citroen,Berlingo,Diésel,92437.0,99.0,manual,9990,Granollers,8403,Barcelona,Granollers
Citroen,Berlingo,Diésel,92437.0,99.0,manual,9990,Girona,17005,Girona,Girona
Citroen,Berlingo,Diésel,130000.0,90.0,manual,10500,Santander,39011,Cantabria,Santander
Citroen,Berlingo,Gasolina,81000.0,110.0,manual,17990,Poligono Fuente del Jarro,46988,Valencia,Poligono Fuente del Jarro
Citroen,Berlingo,Diésel,185900.0,100.0,manual,10499,Alcalá de Henares,28801,Madrid,Alcalá de Henares
Citroen,Berlingo,Diésel,150000.0,75.0,manual,12500,Conil de la Frontera,11140,Cádiz,Conil de la Frontera
Citroen,Berlingo,Diésel,183455.0,102.0,manual,14900,Orbazai,27297,Lugo,Orbazai
Citroen,Berlingo,Diésel,30000.0,102.0,manual,23990,Parla,28984,Madrid,Parla
Hyundai,i10,Gasolina,19975.0,84.0,manual,14900,Segovia,40006,Segovia,Segovia
Citroen,Berlingo,Diésel,2.0,100.0,manual,28700,Badalona,8912,Barcelona,Badalona
Citroen,Berlingo,Diésel,99800.0,102.0,manual,18900,Mejorada del Campo,28840,Madrid,Mejorada del Campo
Citroen,Berlingo,Diésel,64257.0,102.0,manual,306,Girona,17007,Girona,Girona
Citroen,Berlingo,Diésel,64257.0,102.0,manual,333,Girona,17007,Girona,Girona
Citroen,Berlingo,Diésel,159000.0,75.0,manual,9990,San Bizenti-Barakaldo,48902,Bizkaia,San Bizenti-Barakaldo
Citroen,Berlingo,Diésel,79000.0,102.0,manual,22500,Alzira,46600,Valencia,Alzira
Citroen,Berlingo,Diésel,79000.0,102.0,manual,22500,Alzira,46600,Valencia,Alzira
Citroen,Berlingo,Diésel,10.0,102.0,manual,24200,Bilbao,48006,Bizkaia,Bilbao
Citroen,Berlingo,Diésel,174000.0,92.0,manual,9590,Barcelona,8016,Barcelona,Barcelona
Citroen,Berlingo,Diésel,270000.0,90.0,manual,4500,Aranjuez,28300,Madrid,Aranjuez
Citroen,Berlingo,Diésel,23000.0,102.0,manual,18990,Parla,28984,Madrid,Parla
Citroen,Berlingo,Diésel,340000.0,75.0,manual,5999,Los Garres,30158,Murcia,Los Garres
Citroen,Berlingo,Diésel,255000.0,92.0,manual,5990,Campamento,11314,Cádiz,Campamento
Citroen,Berlingo,Diésel,118000.0,100.0,manual,15900,Orbazai,27297,Lugo,Orbazai
Citroen,Berlingo,Diésel,50733.0,100.0,manual,21900,Madrid,28014,Madrid,Madrid
Citroen,Berlingo,Diésel,48718.0,100.0,manual,20900,Madrid,28014,Madrid,Madrid
Citroen,Berlingo,Diésel,233290.0,100.0,manual,7990,Lugo,27001,Lugo,Lugo
Citroen,Berlingo,Diésel,65394.0,102.0,manual,20990,Rafelbuñol/Rafelbunyol,46138,Valencia,Rafelbuñol/Rafelbunyol
Citroen,Berlingo,Diésel,234500.0,75.0,manual,4350,Málaga,29004,Málaga,Málaga
Citroen,Berlingo,Diésel,151000.0,100.0,manual,13490,Gandía,46730,Valencia,Gandía
Citroen,Berlingo,Diésel,124647.0,90.0,manual,13900,Pineda de Mar,8397,Barcelona,Pineda de Mar
Citroen,Berlingo,Diésel,234000.0,75.0,manual,10999,Alcalá de Henares,28801,Madrid,Alcalá de Henares
Citroen,Berlingo,Diésel,119000.0,92.0,manual,12990,Sevilla,41017,Sevilla,Sevilla
Citroen,Berlingo,Diésel,112000.0,100.0,manual,15900,Puente Tocinos,30006,Murcia,Puente Tocinos
Citroen,Berlingo,Diésel,129807.0,100.0,automatic,15900,Vigo,36204,Pontevedra,Vigo
Citroen,Berlingo,Diésel,129807.0,100.0,automatic,15900,A Coruña,15001,A Coruña,A Coruña
Citroen,Berlingo,Diésel,121356.0,100.0,manual,13514,Madrid,28014,Madrid,Madrid
Citroen,Berlingo,Diésel,65000.0,75.0,manual,15495,Castelldefels,8860,Barcelona,Castelldefels
Citroen,Berlingo,Diésel,65000.0,75.0,manual,14995,Castelldefels,8860,Barcelona,Castelldefels
Citroen,Berlingo,Gasolina,47399.0,110.0,manual,26400,Madrid,28014,Madrid,Madrid
Citroen,Berlingo,Diésel,146834.0,75.0,manual,7893,Sevilla,41005,Sevilla,Sevilla
Citroen,Berlingo,Diésel,146834.0,75.0,manual,7893,Madrid,28014,Madrid,Madrid
Citroen,Berlingo,Diésel,59990.0,76.0,manual,14790,Murcia,30005,Murcia,Murcia
Citroen,Berlingo,Diésel,59990.0,76.0,manual,14790,Bilbao,48004,Bizkaia,Bilbao
Citroen,Berlingo,Diésel,59990.0,76.0,manual,14790,Sevilla,41005,Sevilla,Sevilla
Citroen,Berlingo,Diésel,59990.0,76.0,manual,14790,Alicante,3010,Alicante,Alicante
Citroen,Berlingo,Diésel,59990.0,76.0,manual,14790,Alicante,3010,Murcia,Alicante
Citroen,Berlingo,Diésel,59990.0,76.0,manual,14790,Vigo,36211,Pontevedra,Vigo
Citroen,Berlingo,Diésel,59990.0,76.0,manual,14790,Málaga,29005,Málaga,Málaga
Citroen,Berlingo,Diésel,59990.0,76.0,manual,14790,Valencia,46001,Valencia,Valencia
Citroen,Berlingo,Diésel,59990.0,76.0,manual,14790,Granada,18005,Granada,Granada
Citroen,Berlingo,Diésel,59990.0,76.0,manual,14790,Almería,4006,Almería,Almería
Citroen,Berlingo,Diésel,11025.0,102.0,manual,22500,Sant Boi de Llobregat,8830,Barcelona,Sant Boi de Llobregat
Citroen,Berlingo,Diésel,43866.0,102.0,manual,17500,Sant Boi de Llobregat,8830,Barcelona,Sant Boi de Llobregat
Citroen,Berlingo,Diésel,66800.0,75.0,manual,16500,Sant Boi de Llobregat,8830,Barcelona,Sant Boi de Llobregat
Citroen,Berlingo,Diésel,43600.0,75.0,manual,18400,Sant Boi de Llobregat,8830,Barcelona,Sant Boi de Llobregat
Citroen,Berlingo,Diésel,72858.0,75.0,manual,16500,Sant Boi de Llobregat,8830,Barcelona,Sant Boi de Llobregat
Citroen,Berlingo,Diésel,61863.0,75.0,manual,18490,Sant Boi de Llobregat,8830,Barcelona,Sant Boi de Llobregat
Citroen,Berlingo,Diésel,154000.0,75.0,manual,7800,Elx/Elche,3296,Alicante,Elx/Elche
Citroen,Berlingo,Diésel,143729.0,100.0,manual,12500,A Coruña,15001,A Coruña,A Coruña
Citroen,Berlingo,Diésel,120637.0,100.0,manual,16900,A Coruña,15001,A Coruña,A Coruña
Citroen,Berlingo,Diésel,143729.0,100.0,manual,12500,Vigo,36204,Pontevedra,Vigo
Citroen,Berlingo,Diésel,120637.0,100.0,manual,16900,Vigo,36204,Pontevedra,Vigo
Citroen,Berlingo,Diésel,199000.0,100.0,manual,12900,Orbazai,27297,Lugo,Orbazai
Citroen,Berlingo,Diésel,70000.0,100.0,manual,21900,Santa Cruz Santa Cruz,30162,Murcia,Santa Cruz Santa Cruz
Citroen,Berlingo,Diésel,2.0,100.0,manual,28000,Badalona,8912,Barcelona,Badalona
Citroen,Berlingo,Diésel,40000.0,102.0,manual,22900,Santa Cruz Santa Cruz,30162,Murcia,Santa Cruz Santa Cruz
Citroen,Berlingo,Diésel,137000.0,100.0,manual,10900,Gavarres,43120,Tarragona,Gavarres
Citroen,Berlingo,Diésel,124900.0,75.0,manual,9500,Vic,8500,Barcelona,Vic
Citroen,Berlingo,Diésel,146506.0,75.0,manual,13990,A Coruña,15001,A Coruña,A Coruña
Citroen,Berlingo,Diésel,146506.0,75.0,manual,13990,Vigo,36204,Pontevedra,Vigo
Citroen,Berlingo,Diésel,78000.0,75.0,manual,13490,El Prat de Llobregat,8820,Barcelona,El Prat de Llobregat
Citroen,Berlingo,Diésel,121000.0,75.0,manual,10499,Lugar Nuevo de La Corona,46910,Valencia,Lugar Nuevo de La Corona
Citroen,Berlingo,Diésel,121000.0,75.0,manual,10499,Lugar Nuevo de La Corona,46910,Valencia,Lugar Nuevo de La Corona
Citroen,Berlingo,Diésel,121000.0,75.0,manual,10499,Lugar Nuevo de La Corona,46910,Valencia,Lugar Nuevo de La Corona
Citroen,Berlingo,Diésel,121000.0,75.0,manual,10499,Lugar Nuevo de La Corona,46910,Valencia,Lugar Nuevo de La Corona
Citroen,Berlingo,Diésel,2.0,100.0,manual,29500,Badalona,8912,Barcelona,Badalona
Citroen,Berlingo,Diésel,62058.0,100.0,manual,25900,Madrid,28014,Madrid,Madrid
Citroen,Berlingo,Diésel,34686.0,100.0,manual,21900,Madrid,28014,Madrid,Madrid
Citroen,Berlingo,Diésel,160000.0,100.0,manual,10300,Puebla de la Calzada,6490,Badajoz,Puebla de la Calzada
Citroen,Berlingo,Diésel,99144.0,75.0,manual,17000,Sant Boi de Llobregat,8830,Barcelona,Sant Boi de Llobregat
Citroen,Berlingo,Diésel,2.0,100.0,manual,27500,Badalona,8912,Barcelona,Badalona
Citroen,Berlingo,Diésel,1.0,131.0,manual,33500,Fuenlabrada,28944,Madrid,Fuenlabrada
Citroen,Berlingo,Diésel,146000.0,75.0,manual,9000,Albatera,3340,Alicante,Albatera
Citroen,Berlingo,Diésel,146000.0,75.0,manual,8900,Albatera,3340,Alicante,Albatera
Citroen,Berlingo,Diésel,205500.0,109.0,manual,9600,Daimiel,13250,Ciudad Real,Daimiel
Citroen,Berlingo,Diésel,39472.0,100.0,manual,21900,Madrid,28014,Madrid,Madrid
Citroen,Berlingo,Diésel,77000.0,100.0,manual,18400,Málaga,29006,Málaga,Málaga
Citroen,Berlingo,Diésel,136225.0,92.0,manual,11490,Mungia,48100,Bizkaia,Mungia
Citroen,Berlingo,Diésel,134914.0,75.0,manual,16700,Palencia,34002,Palencia,Palencia
Citroen,Berlingo,Diésel,291000.0,75.0,manual,5999,Logroño,26002,La Rioja,Logroño
Citroen,Berlingo,Diésel,128910.0,92.0,manual,7699,La Calavera,30720,Murcia,La Calavera
Citroen,Berlingo,Diésel,105000.0,100.0,manual,13900,La Zubia,18140,Granada,La Zubia
Citroen,Berlingo,Diésel,105000.0,100.0,manual,13900,La Zubia,18140,Guadalajara,La Zubia
Citroen,Berlingo,Diésel,117982.0,75.0,manual,13999,Sevilla,41007,Sevilla,Sevilla
Citroen,Berlingo,Diésel,77598.0,100.0,manual,24900,Mairena del Aljarafe,41927,Sevilla,Mairena del Aljarafe
Citroen,Berlingo,Diésel,104000.0,100.0,manual,8264,Ripollet,8291,Barcelona,Ripollet
Citroen,Berlingo,Diésel,156900.0,100.0,manual,9450,Doña Manuela,14014,Córdoba,Doña Manuela
Citroen,Berlingo,Diésel,190000.0,92.0,manual,9990,Arriaga,1013,Álava,Arriaga
Citroen,Berlingo,Diésel,129000.0,75.0,manual,8990,Cabrera de Mar,8349,Barcelona,Cabrera de Mar
Citroen,Berlingo,Diésel,135000.0,75.0,manual,11650,La Zubia,18140,Granada,La Zubia
Citroen,Berlingo,Diésel,135000.0,75.0,manual,11650,La Zubia,18140,Guadalajara,La Zubia
Citroen,Berlingo,Diésel,150000.0,92.0,manual,11990,Sevilla,41017,Sevilla,Sevilla
Citroen,Berlingo,Diésel,180000.0,75.0,manual,7790,Barcelona,8028,Barcelona,Barcelona
Citroen,Berlingo,Diésel,199000.0,75.0,manual,8490,Parets del Vallès,8150,Barcelona,Parets del Vallès
Citroen,Berlingo,Diésel,335000.0,112.0,manual,6655,Constantí,43120,Tarragona,Constantí
Citroen,Berlingo,Diésel,132000.0,100.0,manual,500,Esplugues de Llobregat,8950,Barcelona,Esplugues de Llobregat
Citroen,Berlingo,Diésel,165450.0,75.0,manual,9100,Girona,17005,Girona,Girona
Citroen,Berlingo,Diésel,196000.0,71.0,manual,3990,Elx/Elche,3296,Alicante,Elx/Elche
Citroen,Berlingo,Otros,98000.0,75.0,manual,5372,La Garriga,8530,Barcelona,La Garriga
Citroen,Berlingo,Otros,98000.0,75.0,manual,5372,La Garriga,8530,Barcelona,La Garriga
Citroen,Berlingo,Diésel,100000.0,92.0,manual,10000,El Esparragal,30163,Murcia,El Esparragal
Citroen,Berlingo,Diésel,139000.0,75.0,manual,11500,Alcantarilla,30820,Murcia,Alcantarilla
Citroen,Berlingo,Diésel,154945.0,75.0,manual,6570,Guadalajara,19002,Guadalajara,Guadalajara
Citroen,Berlingo,Diésel,5000.0,130.0,manual,99,El Mas Oliva,17480,Girona,El Mas Oliva
Citroen,Berlingo,Diésel,202342.0,75.0,manual,8400,Girona,17005,Girona,Girona
Volkswagen,Golf,Diésel,32099.0,115.0,automatic,25699,Santa Coloma de Gramenet,8921,Barcelona,Santa Coloma de Gramenet
Volkswagen,Golf,Gasolina,55893.0,180.0,automatic,33200,Fornells de la Selva,17458,Girona,Fornells de la Selva
Volkswagen,Golf,Gasolina,71607.0,245.0,automatic,31999,Santa Coloma de Gramenet,8921,Barcelona,Santa Coloma de Gramenet
Volkswagen,Golf,Gasolina,61621.0,290.0,automatic,37900,Fornells de la Selva,17458,Girona,Fornells de la Selva
Volkswagen,Golf,Diésel,32099.0,115.0,automatic,25699,Fornells de la Selva,17458,Girona,Fornells de la Selva
Volkswagen,Golf,Gasolina,71607.0,245.0,automatic,31999,Fornells de la Selva,17458,Girona,Fornells de la Selva
Volkswagen,Golf,Gasolina,350000.0,102.0,manual,2500,Petrer,3610,Alicante,Petrer
Volkswagen,Golf,Diésel,220000.0,150.0,automatic,11950,Orihuela,3300,Alicante,Orihuela
Volkswagen,Golf,Eléctrico,70000.0,204.0,automatic,23999,Valencia,46002,Valencia,Valencia
Volkswagen,Golf,Eléctrico,70000.0,204.0,automatic,23999,Bormujos,41930,Sevilla,Bormujos
Volkswagen,Golf,Diésel,25712.0,116.0,manual,25595,Zaragoza,50017,Zaragoza,Zaragoza
Renault,Talisman,Diésel,70108.0,130.0,automatic,18490,Málaga,29003,Málaga,Málaga
Renault,Talisman,Diésel,70108.0,130.0,automatic,19490,Málaga,29003,Málaga,Málaga
Renault,Talisman,Diésel,69568.0,130.0,automatic,17993,Esplugues de Llobregat,8950,Barcelona,Esplugues de Llobregat
Renault,Talisman,Diésel,108000.0,130.0,automatic,17495,San Fernando de Henares,28830,Madrid,San Fernando de Henares
Renault,Talisman,Diésel,108000.0,130.0,automatic,17495,Parets del Vallès,8150,Barcelona,Parets del Vallès
Renault,Talisman,Gasolina,60110.0,200.0,automatic,22770,Estepona,29680,Málaga,Estepona
Renault,Talisman,Gasolina,60110.0,200.0,automatic,22770,Murcia,30003,Murcia,Murcia
Renault,Talisman,Gasolina,60110.0,200.0,automatic,22770,Alicante,3007,Alicante,Alicante
Renault,Talisman,Gasolina,60110.0,200.0,automatic,22770,Ciudad Real,13003,Ciudad Real,Ciudad Real
Renault,Talisman,Gasolina,60110.0,200.0,automatic,22770,Olèrdola,8734,Barcelona,Olèrdola
Renault,Talisman,Gasolina,60110.0,200.0,automatic,22770,Olèrdola,8734,Barcelona,Olèrdola
Renault,Talisman,Gasolina,60110.0,200.0,automatic,22770,Valdepeñas,13300,Ciudad Real,Valdepeñas
Renault,Talisman,Gasolina,60110.0,200.0,automatic,22770,Valdepeñas,13300,Ciudad Real,Valdepeñas
Renault,Talisman,Gasolina,60110.0,200.0,automatic,22770,Zaragoza,50013,Zaragoza,Zaragoza
Renault,Talisman,Gasolina,60110.0,200.0,automatic,22770,Barcelona,8007,Barcelona,Barcelona
Renault,Talisman,Diésel,85036.0,130.0,manual,14990,Murcia,30005,Murcia,Murcia
Renault,Talisman,Diésel,85036.0,130.0,manual,13990,Murcia,30005,Murcia,Murcia
Renault,Talisman,Diésel,85036.0,130.0,manual,14990,Vigo,36211,Pontevedra,Vigo
Renault,Talisman,Diésel,85036.0,130.0,manual,13990,Vigo,36211,Pontevedra,Vigo
Renault,Talisman,Diésel,85036.0,130.0,manual,14990,Granada,18005,Granada,Granada
Renault,Talisman,Diésel,85036.0,130.0,manual,13990,Granada,18005,Granada,Granada
Renault,Talisman,Diésel,85036.0,130.0,manual,14990,Bilbao,48004,Bizkaia,Bilbao
Renault,Talisman,Diésel,85036.0,130.0,manual,13990,Bilbao,48004,Bizkaia,Bilbao
Renault,Talisman,Diésel,85036.0,130.0,manual,14990,Palma de Mallorca,7003,Baleares,Palma de Mallorca
Renault,Talisman,Diésel,85036.0,130.0,manual,13990,Palma de Mallorca,7003,Baleares,Palma de Mallorca
Renault,Talisman,Diésel,85036.0,130.0,manual,14990,Sevilla,41005,Sevilla,Sevilla
Renault,Talisman,Diésel,85036.0,130.0,manual,13990,Sevilla,41005,Sevilla,Sevilla
Renault,Talisman,Diésel,85036.0,130.0,manual,14990,Girona,17007,Girona,Girona
Renault,Talisman,Diésel,85036.0,130.0,manual,13990,Girona,17007,Girona,Girona
Renault,Talisman,Diésel,85036.0,130.0,manual,14990,Almería,4006,Almería,Almería
Renault,Talisman,Diésel,85036.0,130.0,manual,13990,Almería,4006,Almería,Almería
Renault,Talisman,Gasolina,60110.0,200.0,automatic,22770,Santa Maria del Aguila,4710,Almería,Santa Maria del Aguila
Renault,Talisman,Gasolina,60110.0,200.0,automatic,22770,Collado Villalba,28400,Madrid,Collado Villalba
Renault,Talisman,Gasolina,60110.0,200.0,automatic,22770,Collado Villalba,28400,Madrid,Collado Villalba
Renault,Talisman,Diésel,85036.0,130.0,manual,14990,Valencia,46001,Valencia,Valencia
Renault,Talisman,Diésel,85036.0,130.0,manual,13990,Valencia,46001,Valencia,Valencia
Renault,Talisman,Diésel,85036.0,130.0,manual,14990,Palau-Solita I Plegamans,8184,Barcelona,Palau-Solita I Plegamans
Renault,Talisman,Diésel,85036.0,130.0,manual,14990,Palau-Solita I Plegamans,8184,Barcelona,Palau-Solita I Plegamans
Renault,Talisman,Diésel,85036.0,130.0,manual,13990,Palau-Solita I Plegamans,8184,Barcelona,Palau-Solita I Plegamans
Renault,Talisman,Diésel,85036.0,130.0,manual,13990,Palau-Solita I Plegamans,8184,Barcelona,Palau-Solita I Plegamans
Renault,Talisman,Diésel,85036.0,130.0,manual,14990,Alicante,3010,Alicante,Alicante
Renault,Talisman,Diésel,85036.0,130.0,manual,14990,Alicante,3010,Murcia,Alicante
Renault,Talisman,Diésel,85036.0,130.0,manual,13990,Alicante,3010,Alicante,Alicante
Renault,Talisman,Diésel,85036.0,130.0,manual,13990,Alicante,3010,Murcia,Alicante
Renault,Talisman,Diésel,85036.0,130.0,manual,14990,Ullastrell,8231,Barcelona,Ullastrell
Renault,Talisman,Diésel,85036.0,130.0,manual,13990,Ullastrell,8231,Barcelona,Ullastrell
Renault,Talisman,Diésel,110979.0,130.0,manual,17590,Móstoles,28932,Madrid,Móstoles
Renault,Talisman,Diésel,153289.0,160.0,automatic,16775,Parla,28980,Madrid,Parla
Renault,Talisman,Diésel,153289.0,160.0,automatic,16375,Parla,28980,Madrid,Parla
Renault,Talisman,Diésel,153289.0,160.0,automatic,16775,Valencia,46003,Valencia,Valencia
Renault,Talisman,Diésel,153289.0,160.0,automatic,16375,Valencia,46003,Valencia,Valencia
Renault,Talisman,Diésel,85036.0,130.0,manual,14990,Òrrius,8317,Barcelona,Òrrius
Renault,Talisman,Diésel,85036.0,130.0,manual,13990,Òrrius,8317,Barcelona,Òrrius
Renault,Talisman,Gasolina,60110.0,200.0,automatic,22770,Alcobendas,28100,Madrid,Alcobendas
Renault,Talisman,Diésel,85036.0,130.0,manual,14990,Tarragona,43006,Tarragona,Tarragona
Renault,Talisman,Diésel,85036.0,130.0,manual,13990,Tarragona,43006,Tarragona,Tarragona
Renault,Talisman,Gasolina,60110.0,200.0,automatic,22770,Alameda del Obispo,14005,Córdoba,Alameda del Obispo
Renault,Talisman,Gasolina,60110.0,200.0,automatic,22770,Torremolinos,29620,Málaga,Torremolinos
Renault,Talisman,Gasolina,60110.0,200.0,automatic,22770,Torremolinos,29620,Málaga,Torremolinos
Renault,Talisman,Gasolina,60110.0,200.0,automatic,22770,Torremolinos,29620,Málaga,Torremolinos
Renault,Talisman,Gasolina,60110.0,200.0,automatic,22770,Albacete,2001,Albacete,Albacete
Renault,Talisman,Gasolina,60110.0,200.0,automatic,22770,Hidraulica Santillana,28770,Madrid,Hidraulica Santillana
Renault,Talisman,Gasolina,60110.0,200.0,automatic,22770,Alzira,46600,Valencia,Alzira
Renault,Talisman,Gasolina,60110.0,200.0,automatic,22770,Alzira,46600,Valencia,Alzira
Renault,Talisman,Gasolina,60110.0,200.0,automatic,22770,Castello/Castellon de La Plana,12100,Castellón,Castello/Castellon de La Plana
Renault,Talisman,Diésel,147000.0,130.0,manual,14999,Montijo,6480,Badajoz,Montijo
Renault,Talisman,Diésel,124971.0,160.0,automatic,17135,Granollers,8403,Barcelona,Granollers
Renault,Talisman,Diésel,124971.0,160.0,automatic,17135,Sant Vicenç de Montalt,8394,Barcelona,Sant Vicenç de Montalt
Renault,Talisman,Diésel,124971.0,160.0,automatic,17135,Hidraulica Santillana,28770,Madrid,Hidraulica Santillana
Renault,Talisman,Diésel,124971.0,160.0,automatic,17135,Alameda del Obispo,14005,Córdoba,Alameda del Obispo
Renault,Talisman,Diésel,149000.0,110.0,manual,10650,Navalcarnero,28600,Madrid,Navalcarnero
Renault,Talisman,Diésel,90835.0,160.0,automatic,16990,Murcia,30005,Murcia,Murcia
Renault,Talisman,Diésel,72000.0,149.0,manual,17450,Bormujos,41930,Sevilla,Bormujos
Renault,Talisman,Diésel,72000.0,149.0,manual,17450,Terrassa,8223,Barcelona,Terrassa
Renault,Talisman,Diésel,72000.0,149.0,manual,17450,Valdefuentes,28939,Madrid,Valdefuentes
Renault,Talisman,Diésel,72000.0,149.0,manual,17450,Valdefuentes,28939,Madrid,Valdefuentes
Renault,Talisman,Diésel,72000.0,149.0,manual,17450,Burjassot,46100,Valencia,Burjassot
Renault,Talisman,Diésel,124971.0,160.0,automatic,17135,Las Rozas de Madrid,28232,Madrid,Las Rozas de Madrid
Renault,Talisman,Diésel,122500.0,130.0,manual,14990,Madrid,28022,Madrid,Madrid
Renault,Talisman,Diésel,124971.0,160.0,automatic,17135,Collado Villalba,28400,Madrid,Collado Villalba
Renault,Talisman,Diésel,124971.0,160.0,automatic,17135,Collado Villalba,28400,Madrid,Collado Villalba
Renault,Talisman,Diésel,124971.0,160.0,automatic,17135,Santa Maria del Aguila,4710,Almería,Santa Maria del Aguila
Renault,Talisman,Diésel,124971.0,160.0,automatic,17135,Murcia,30003,Murcia,Murcia
Renault,Talisman,Diésel,124971.0,160.0,automatic,17135,Albacete,2001,Albacete,Albacete
Renault,Talisman,Diésel,124971.0,160.0,automatic,17135,Getafe,28906,Madrid,Getafe
Renault,Talisman,Diésel,124971.0,160.0,automatic,17135,Valdepeñas,13300,Ciudad Real,Valdepeñas
Renault,Talisman,Diésel,124971.0,160.0,automatic,17135,Valdepeñas,13300,Ciudad Real,Valdepeñas
Renault,Talisman,Diésel,124971.0,160.0,automatic,17135,Vigo,36214,Pontevedra,Vigo
Renault,Talisman,Diésel,124971.0,160.0,automatic,17135,Saladar,3700,Alicante,Saladar
Renault,Talisman,Diésel,124971.0,160.0,automatic,17135,Olèrdola,8734,Barcelona,Olèrdola
Renault,Talisman,Diésel,124971.0,160.0,automatic,17135,Olèrdola,8734,Barcelona,Olèrdola
Renault,Talisman,Diésel,124971.0,160.0,automatic,17135,Santiago de Compostela,15703,A Coruña,Santiago de Compostela
Renault,Talisman,Diésel,124971.0,160.0,automatic,17135,Colonia Pablo Iglesias,28520,Madrid,Colonia Pablo Iglesias
Renault,Talisman,Diésel,124971.0,160.0,automatic,17135,Castello/Castellon de La Plana,12100,Castellón,Castello/Castellon de La Plana
Renault,Talisman,Diésel,90835.0,160.0,automatic,16990,Huelva,21004,Huelva,Huelva
Renault,Talisman,Diésel,124971.0,160.0,automatic,17135,Atarrabia,31610,Navarra,Atarrabia
Renault,Talisman,Diésel,90835.0,160.0,automatic,16990,Sevilla,41005,Sevilla,Sevilla
Renault,Talisman,Diésel,90835.0,160.0,automatic,16990,Vigo,36211,Pontevedra,Vigo
Renault,Talisman,Diésel,90835.0,160.0,automatic,16990,Alicante,3010,Alicante,Alicante
Renault,Talisman,Diésel,90835.0,160.0,automatic,16990,Alicante,3010,Murcia,Alicante
Renault,Talisman,Diésel,90835.0,160.0,automatic,16990,Valencia,46001,Valencia,Valencia
Renault,Talisman,Diésel,90835.0,160.0,automatic,16990,Granada,18005,Granada,Granada
Renault,Talisman,Diésel,90835.0,160.0,automatic,16990,Bilbao,48004,Bizkaia,Bilbao
Renault,Talisman,Diésel,90835.0,160.0,automatic,16990,Almería,4006,Almería,Almería
Renault,Talisman,Diésel,90835.0,160.0,automatic,16990,Málaga,29005,Málaga,Málaga
Renault,Talisman,Diésel,90835.0,160.0,automatic,16990,Badajoz,6003,Badajoz,Badajoz
Renault,Talisman,Diésel,90835.0,160.0,automatic,16990,Cáceres,10001,Cáceres,Cáceres
Renault,Talisman,Diésel,124971.0,160.0,automatic,17135,Barcelona,8007,Barcelona,Barcelona
Renault,Talisman,Diésel,90835.0,160.0,automatic,16990,Sevilla,41017,Sevilla,Sevilla
Renault,Talisman,Diésel,124971.0,160.0,automatic,17135,Ciudad Real,13003,Ciudad Real,Ciudad Real
Renault,Talisman,Diésel,124971.0,160.0,automatic,17135,Alzira,46600,Valencia,Alzira
Renault,Talisman,Diésel,124971.0,160.0,automatic,17135,Alzira,46600,Valencia,Alzira
Renault,Talisman,Diésel,124971.0,160.0,automatic,17135,Mercabilbao,48970,Bizkaia,Mercabilbao
Renault,Talisman,Diésel,29160.0,130.0,manual,16990,Alicante,3010,Alicante,Alicante
Renault,Talisman,Diésel,29160.0,130.0,manual,16990,Alicante,3010,Murcia,Alicante
Renault,Talisman,Diésel,116712.0,110.0,manual,13990,Alicante,3010,Alicante,Alicante
Renault,Talisman,Diésel,116712.0,110.0,manual,13990,Alicante,3010,Murcia,Alicante
Renault,Talisman,Diésel,141200.0,150.0,manual,14490,Alicante,3010,Alicante,Alicante
Renault,Talisman,Diésel,141200.0,150.0,manual,14490,Alicante,3010,Murcia,Alicante
Renault,Talisman,Diésel,124971.0,160.0,automatic,17135,Torremolinos,29620,Málaga,Torremolinos
Renault,Talisman,Diésel,124971.0,160.0,automatic,17135,Torremolinos,29620,Málaga,Torremolinos
Renault,Talisman,Diésel,124971.0,160.0,automatic,17135,Torremolinos,29620,Málaga,Torremolinos
Renault,Talisman,Diésel,124971.0,160.0,automatic,17135,Estepona,29680,Málaga,Estepona
Renault,Talisman,Diésel,124971.0,160.0,automatic,17135,Alcobendas,28100,Madrid,Alcobendas
Renault,Talisman,Diésel,124971.0,160.0,automatic,17135,Alicante,3007,Alicante,Alicante
Renault,Talisman,Diésel,29160.0,130.0,manual,16990,Valencia,46001,Valencia,Valencia
Renault,Talisman,Diésel,116712.0,110.0,manual,13990,Valencia,46001,Valencia,Valencia
Renault,Talisman,Diésel,141200.0,150.0,manual,14490,Valencia,46001,Valencia,Valencia
Renault,Talisman,Diésel,124971.0,160.0,automatic,17135,Alcalá de Guadaíra,41500,Sevilla,Alcalá de Guadaíra
Renault,Talisman,Diésel,124971.0,160.0,automatic,17135,Puerto de Sagunto,46520,Valencia,Puerto de Sagunto
Renault,Talisman,Diésel,124971.0,160.0,automatic,17135,Paterna,46980,Valencia,Paterna
Renault,Talisman,Diésel,124971.0,160.0,automatic,17135,Badajoz,6008,Badajoz,Badajoz
Renault,Talisman,Diésel,29160.0,130.0,manual,16990,Vigo,36211,Pontevedra,Vigo
Renault,Talisman,Diésel,116712.0,110.0,manual,13990,Vigo,36211,Pontevedra,Vigo
Renault,Talisman,Diésel,45902.0,110.0,manual,16499,Barcelona,8007,Barcelona,Barcelona
Renault,Talisman,Diésel,124971.0,160.0,automatic,17135,Zaragoza,50013,Zaragoza,Zaragoza
Renault,Talisman,Diésel,29160.0,130.0,manual,16990,Murcia,30005,Murcia,Murcia
Renault,Talisman,Diésel,124971.0,160.0,automatic,17135,Santafe,18320,Granada,Santafe
Renault,Talisman,Diésel,116712.0,110.0,manual,13990,Murcia,30005,Murcia,Murcia
Renault,Talisman,Diésel,29160.0,130.0,manual,16990,Granada,18005,Granada,Granada
Renault,Talisman,Diésel,116712.0,110.0,manual,13990,Granada,18005,Granada,Granada
Renault,Talisman,Diésel,141200.0,150.0,manual,14490,Murcia,30005,Murcia,Murcia
Renault,Talisman,Diésel,141200.0,150.0,manual,14490,Granada,18005,Granada,Granada
Renault,Talisman,Diésel,141200.0,150.0,manual,14490,Vigo,36211,Pontevedra,Vigo
Renault,Talisman,Diésel,29160.0,130.0,manual,16990,Bilbao,48004,Bizkaia,Bilbao
Renault,Talisman,Diésel,116712.0,110.0,manual,13990,Bilbao,48004,Bizkaia,Bilbao
Renault,Talisman,Diésel,29160.0,130.0,manual,16990,Sevilla,41005,Sevilla,Sevilla
Renault,Talisman,Diésel,45902.0,110.0,manual,16499,Madrid,28014,Madrid,Madrid
Renault,Talisman,Diésel,141200.0,150.0,manual,14490,Bilbao,48004,Bizkaia,Bilbao
Renault,Talisman,Diésel,116712.0,110.0,manual,13990,Sevilla,41005,Sevilla,Sevilla
Renault,Talisman,Diésel,29160.0,130.0,manual,16990,Almería,4006,Almería,Almería
Renault,Talisman,Diésel,116712.0,110.0,manual,13990,Almería,4006,Almería,Almería
Renault,Talisman,Diésel,69000.0,150.0,manual,17900,Marbella,29660,Málaga,Marbella
Renault,Talisman,Diésel,141200.0,150.0,manual,14490,Almería,4006,Almería,Almería
Renault,Talisman,Diésel,29160.0,130.0,manual,16990,Málaga,29005,Málaga,Málaga
Renault,Talisman,Diésel,116712.0,110.0,manual,13990,Málaga,29005,Málaga,Málaga
Renault,Talisman,Diésel,139000.0,130.0,automatic,16900,Valdemoro,28340,Madrid,Valdemoro
Renault,Talisman,Diésel,141200.0,150.0,manual,14490,Málaga,29005,Málaga,Málaga
Renault,Talisman,Diésel,141200.0,150.0,manual,14490,Sevilla,41005,Sevilla,Sevilla
Renault,Talisman,Diésel,141200.0,150.0,manual,14490,Toledo,45002,Toledo,Toledo
Renault,Talisman,Diésel,103000.0,130.0,manual,15500,Montijo,6480,Badajoz,Montijo
Renault,Talisman,Diésel,67973.0,160.0,automatic,19360,Sevilla,41006,Sevilla,Sevilla
Renault,Talisman,Diésel,67973.0,160.0,automatic,19360,Valencia,46002,Valencia,Valencia
Renault,Talisman,Diésel,67973.0,160.0,automatic,19360,Sant Boi de Llobregat,8830,Barcelona,Sant Boi de Llobregat
Renault,Talisman,Diésel,67973.0,160.0,automatic,19360,Torrejón de Ardoz,28850,Madrid,Torrejón de Ardoz
Renault,Talisman,Diésel,36407.0,150.0,manual,19499,Madrid,28014,Madrid,Madrid
Renault,Talisman,Diésel,36407.0,150.0,manual,19499,Barcelona,8007,Barcelona,Barcelona
Renault,Talisman,Diésel,91000.0,110.0,automatic,15950,Burjassot,46100,Valencia,Burjassot
Renault,Talisman,Diésel,91000.0,110.0,automatic,15950,Valdefuentes,28939,Madrid,Valdefuentes
Renault,Talisman,Diésel,91000.0,110.0,automatic,15950,Valdefuentes,28939,Madrid,Valdefuentes
Renault,Talisman,Diésel,91000.0,110.0,automatic,15950,Terrassa,8223,Barcelona,Terrassa
Renault,Talisman,Diésel,91000.0,110.0,automatic,15950,Bormujos,41930,Sevilla,Bormujos
Renault,Talisman,Gasolina,75000.0,150.0,automatic,15990,Arganda del Rey,28500,Madrid,Arganda del Rey
Renault,Talisman,Gasolina,75000.0,150.0,automatic,15490,Arganda del Rey,28500,Madrid,Arganda del Rey
Renault,Talisman,Diésel,153000.0,130.0,automatic,15300,Pamplona/Iruña,31006,Navarra,Pamplona/Iruña
Renault,Talisman,Diésel,153000.0,130.0,manual,14900,Pamplona/Iruña,31006,Navarra,Pamplona/Iruña
Renault,Talisman,Diésel,160000.0,110.0,manual,10500,Mijas,29650,Málaga,Mijas
Renault,Talisman,Diésel,120660.0,130.0,manual,16390,Madrid,28021,Madrid,Madrid
Renault,Talisman,Diésel,120660.0,130.0,manual,15990,Madrid,28021,Madrid,Madrid
Renault,Talisman,Diésel,207827.0,110.0,automatic,10900,Badajoz,6004,Badajoz,Badajoz
Renault,Talisman,Diésel,82307.0,130.0,manual,15999,Madrid,28014,Madrid,Madrid
Renault,Talisman,Diésel,82307.0,130.0,manual,15999,Barcelona,8007,Barcelona,Barcelona
Renault,Talisman,Diésel,148000.0,160.0,automatic,12600,Madrid,28007,Madrid,Madrid
Renault,Talisman,Diésel,141200.0,150.0,manual,14490,Camarma de Esteruelas,28816,Madrid,Camarma de Esteruelas
Renault,Talisman,Diésel,141200.0,150.0,manual,14490,Camarma de Esteruelas,28816,Madrid,Camarma de Esteruelas
Renault,Talisman,Diésel,141200.0,150.0,manual,14490,Collado Villalba,28400,Madrid,Collado Villalba
Renault,Talisman,Diésel,141200.0,150.0,manual,14490,Collado Villalba,28400,Madrid,Collado Villalba
Renault,Talisman,Diésel,141200.0,150.0,manual,14490,Fuenlabrada,28947,Madrid,Fuenlabrada
Renault,Talisman,Diésel,141200.0,150.0,manual,14490,Urbanizacion La Granjilla,28700,Madrid,Urbanizacion La Granjilla
Renault,Talisman,Diésel,141200.0,150.0,manual,14490,Colonia Pablo Iglesias,28520,Madrid,Colonia Pablo Iglesias
Renault,Talisman,Diésel,141200.0,150.0,manual,14490,Las Rozas de Madrid,28232,Madrid,Las Rozas de Madrid
Renault,Talisman,Diésel,141200.0,150.0,manual,14490,Villaviciosa de Odón,28670,Madrid,Villaviciosa de Odón
Renault,Talisman,Diésel,90987.0,131.0,manual,15790,Torrejón de Ardoz,28850,Madrid,Torrejón de Ardoz
Renault,Talisman,Diésel,90987.0,131.0,manual,15790,Valencia,46002,Valencia,Valencia
Renault,Talisman,Diésel,90987.0,131.0,manual,15790,Sant Boi de Llobregat,8830,Barcelona,Sant Boi de Llobregat
Renault,Talisman,Diésel,79000.0,150.0,manual,16900,Bormujos,41930,Sevilla,Bormujos
Hyundai,Tucson,Diésel,69933.0,115.0,manual,20688,Santiago de Compostela,15703,A Coruña,Santiago de Compostela
Hyundai,Tucson,Diésel,30686.0,116.0,manual,25185,Santiago de Compostela,15703,A Coruña,Santiago de Compostela
Hyundai,Tucson,Diésel,69933.0,115.0,manual,20688,Sant Vicenç de Montalt,8394,Barcelona,Sant Vicenç de Montalt
Hyundai,Tucson,Diésel,30686.0,116.0,manual,25185,Sant Vicenç de Montalt,8394,Barcelona,Sant Vicenç de Montalt
Hyundai,Tucson,Diésel,2671.0,115.0,manual,28190,Madrid,28021,Madrid,Madrid
Hyundai,Tucson,Diésel,85740.0,136.0,manual,19990,Madrid,28021,Madrid,Madrid
Hyundai,Tucson,Diésel,69933.0,115.0,manual,20688,Ciudad Real,13003,Ciudad Real,Ciudad Real
Hyundai,Tucson,Diésel,30686.0,116.0,manual,25185,Ciudad Real,13003,Ciudad Real,Ciudad Real
Hyundai,Tucson,Diésel,69933.0,115.0,manual,20688,Mercado Parque Corredor del Henares,28850,Madrid,Mercado Parque Corredor del Henares
Hyundai,Tucson,Diésel,30686.0,116.0,manual,25185,Mercado Parque Corredor del Henares,28850,Madrid,Mercado Parque Corredor del Henares
Hyundai,Tucson,Diésel,32798.0,136.0,automatic,28500,Sant Boi de Llobregat,8830,Barcelona,Sant Boi de Llobregat
Hyundai,Tucson,Diésel,69933.0,115.0,manual,20688,Valdepeñas,13300,Ciudad Real,Valdepeñas
Hyundai,Tucson,Diésel,69933.0,115.0,manual,20688,Valdepeñas,13300,Ciudad Real,Valdepeñas
Hyundai,Tucson,Diésel,69933.0,115.0,manual,20688,Santa Maria del Aguila,4710,Almería,Santa Maria del Aguila
Hyundai,Tucson,Diésel,30686.0,116.0,manual,25185,Valdepeñas,13300,Ciudad Real,Valdepeñas
Hyundai,Tucson,Diésel,30686.0,116.0,manual,25185,Valdepeñas,13300,Ciudad Real,Valdepeñas
Hyundai,Tucson,Diésel,30686.0,116.0,manual,25185,Santa Maria del Aguila,4710,Almería,Santa Maria del Aguila
Hyundai,Tucson,Diésel,69933.0,115.0,manual,20688,Vigo,36214,Pontevedra,Vigo
Hyundai,Tucson,Diésel,30686.0,116.0,manual,25185,Vigo,36214,Pontevedra,Vigo
Hyundai,Tucson,Diésel,69933.0,115.0,manual,20688,Granollers,8403,Barcelona,Granollers
Hyundai,Tucson,Diésel,30686.0,116.0,manual,25185,Granollers,8403,Barcelona,Granollers
Hyundai,Tucson,Diésel,69933.0,115.0,manual,20688,Murcia,30003,Murcia,Murcia
Hyundai,Tucson,Diésel,69933.0,115.0,manual,20688,Saladar,3700,Alicante,Saladar
Hyundai,Tucson,Diésel,69933.0,115.0,manual,20688,Estepona,29680,Málaga,Estepona
Hyundai,Tucson,Diésel,30686.0,116.0,manual,25185,Murcia,30003,Murcia,Murcia
Hyundai,Tucson,Diésel,30686.0,116.0,manual,25185,Estepona,29680,Málaga,Estepona
Hyundai,Tucson,Diésel,30686.0,116.0,manual,25185,Saladar,3700,Alicante,Saladar
Hyundai,Tucson,Diésel,44234.0,115.0,manual,18450,Alicante,3010,Alicante,Alicante
Hyundai,Tucson,Diésel,44234.0,115.0,manual,18450,Alicante,3010,Murcia,Alicante
Renault,Talisman,Diésel,79000.0,150.0,manual,16900,Valencia,46002,Valencia,Valencia
Renault,Talisman,Diésel,72059.0,130.0,manual,18490,Lebrija,41740,Sevilla,Lebrija
Renault,Talisman,Diésel,86889.0,110.0,manual,17490,Lebrija,41740,Sevilla,Lebrija
Renault,Talisman,Diésel,105464.0,160.0,automatic,21275,Getafe,28906,Madrid,Getafe
Renault,Talisman,Diésel,105464.0,160.0,automatic,21275,Las Rozas de Madrid,28232,Madrid,Las Rozas de Madrid
Renault,Talisman,Diésel,105464.0,160.0,automatic,21275,Ciudad Real,13003,Ciudad Real,Ciudad Real
Renault,Talisman,Diésel,105464.0,160.0,automatic,21275,Mercado Parque Corredor del Henares,28850,Madrid,Mercado Parque Corredor del Henares
Renault,Talisman,Diésel,105464.0,160.0,automatic,21275,Barcelona,8007,Barcelona,Barcelona
Renault,Talisman,Diésel,105464.0,160.0,automatic,21275,Granollers,8403,Barcelona,Granollers
Renault,Talisman,Diésel,105464.0,160.0,automatic,21275,Murcia,30003,Murcia,Murcia
Renault,Talisman,Diésel,105464.0,160.0,automatic,21275,Saladar,3700,Alicante,Saladar
Renault,Talisman,Diésel,105464.0,160.0,automatic,21275,Estepona,29680,Málaga,Estepona
Renault,Talisman,Diésel,105464.0,160.0,automatic,21275,Sant Vicenç de Montalt,8394,Barcelona,Sant Vicenç de Montalt
Renault,Talisman,Diésel,105464.0,160.0,automatic,21275,Valdepeñas,13300,Ciudad Real,Valdepeñas
Renault,Talisman,Diésel,105464.0,160.0,automatic,21275,Valdepeñas,13300,Ciudad Real,Valdepeñas
Renault,Talisman,Diésel,105464.0,160.0,automatic,21275,Santa Maria del Aguila,4710,Almería,Santa Maria del Aguila
Renault,Talisman,Diésel,105464.0,160.0,automatic,21275,Badajoz,6008,Badajoz,Badajoz
Renault,Talisman,Diésel,105464.0,160.0,automatic,21275,Santafe,18320,Granada,Santafe
Renault,Talisman,Diésel,105464.0,160.0,automatic,21275,Paterna,46980,Valencia,Paterna
Renault,Talisman,Diésel,105464.0,160.0,automatic,21275,Olèrdola,8734,Barcelona,Olèrdola
Renault,Talisman,Diésel,105464.0,160.0,automatic,21275,Olèrdola,8734,Barcelona,Olèrdola
Renault,Talisman,Diésel,105464.0,160.0,automatic,21275,Santiago de Compostela,15703,A Coruña,Santiago de Compostela
Renault,Talisman,Diésel,105464.0,160.0,automatic,21275,Albacete,2001,Albacete,Albacete
Renault,Talisman,Diésel,105464.0,160.0,automatic,21275,Vigo,36214,Pontevedra,Vigo
Renault,Talisman,Diésel,105464.0,160.0,automatic,21275,Zaragoza,50013,Zaragoza,Zaragoza
Renault,Talisman,Diésel,105464.0,160.0,automatic,21275,Alzira,46600,Valencia,Alzira
Renault,Talisman,Diésel,105464.0,160.0,automatic,21275,Alzira,46600,Valencia,Alzira
Renault,Talisman,Diésel,105464.0,160.0,automatic,21275,Puerto de Sagunto,46520,Valencia,Puerto de Sagunto
Renault,Talisman,Diésel,105464.0,160.0,automatic,21275,Alcobendas,28100,Madrid,Alcobendas
Renault,Talisman,Diésel,105464.0,160.0,automatic,21275,Mercabilbao,48970,Bizkaia,Mercabilbao
Renault,Talisman,Diésel,105464.0,160.0,automatic,21275,Alicante,3007,Alicante,Alicante
Renault,Talisman,Diésel,105464.0,160.0,automatic,21275,Colonia Pablo Iglesias,28520,Madrid,Colonia Pablo Iglesias
Renault,Talisman,Diésel,105464.0,160.0,automatic,21275,Hidraulica Santillana,28770,Madrid,Hidraulica Santillana
Renault,Talisman,Diésel,105464.0,160.0,automatic,21275,Collado Villalba,28400,Madrid,Collado Villalba
Renault,Talisman,Diésel,105464.0,160.0,automatic,21275,Collado Villalba,28400,Madrid,Collado Villalba
Renault,Talisman,Diésel,105464.0,160.0,automatic,21275,Castello/Castellon de La Plana,12100,Castellón,Castello/Castellon de La Plana
Renault,Talisman,Diésel,105464.0,160.0,automatic,21275,Atarrabia,31610,Navarra,Atarrabia
Renault,Talisman,Diésel,105464.0,160.0,automatic,21275,Alcalá de Guadaíra,41500,Sevilla,Alcalá de Guadaíra
Renault,Talisman,Diésel,105464.0,160.0,automatic,21275,Alameda del Obispo,14005,Córdoba,Alameda del Obispo
Renault,Talisman,Diésel,105464.0,160.0,automatic,21275,Torremolinos,29620,Málaga,Torremolinos
Renault,Talisman,Diésel,105464.0,160.0,automatic,21275,Torremolinos,29620,Málaga,Torremolinos
Renault,Talisman,Diésel,105464.0,160.0,automatic,21275,Torremolinos,29620,Málaga,Torremolinos
Renault,Talisman,Diésel,111613.0,110.0,manual,15490,San Sebastián de Los Reyes,28700,Madrid,San Sebastián de Los Reyes
Renault,Talisman,Diésel,111613.0,110.0,manual,15490,Murcia,30004,Murcia,Murcia
Renault,Talisman,Diésel,111613.0,110.0,manual,15490,Alcorcón,28924,Madrid,Alcorcón
Renault,Talisman,Diésel,111613.0,110.0,manual,15490,Valladolid,47003,Valladolid,Valladolid
Renault,Talisman,Diésel,111613.0,110.0,manual,15490,Leganés,28915,Madrid,Leganés
Renault,Talisman,Diésel,111613.0,110.0,manual,15490,Valencia,28943,Madrid,Valencia
Renault,Talisman,Diésel,111613.0,110.0,manual,15490,Barcelona,8041,Barcelona,Barcelona
Renault,Talisman,Diésel,111613.0,110.0,manual,15490,Getafe,28903,Madrid,Getafe
Renault,Talisman,Diésel,76149.0,130.0,automatic,19500,Valladolid,47011,Valladolid,Valladolid
Renault,Talisman,Diésel,80000.0,130.0,manual,16900,San Bizenti-Barakaldo,48902,Bizkaia,San Bizenti-Barakaldo
Renault,Talisman,Gasolina,42770.0,150.0,automatic,18599,Madrid,28014,Madrid,Madrid
Renault,Talisman,Gasolina,42770.0,150.0,automatic,18199,Madrid,28014,Madrid,Madrid
Renault,Talisman,Gasolina,42770.0,150.0,automatic,18599,Barcelona,8007,Barcelona,Barcelona
Renault,Talisman,Gasolina,42770.0,150.0,automatic,18199,Barcelona,8007,Barcelona,Barcelona
Renault,Talisman,Diésel,37200.0,149.0,manual,23983,Esplugues de Llobregat,8950,Barcelona,Esplugues de Llobregat
Renault,Talisman,Diésel,145622.0,130.0,automatic,15600,Molino de La Hoz,28290,Madrid,Molino de La Hoz
Renault,Talisman,Diésel,86000.0,160.0,automatic,19950,Terrassa,8223,Barcelona,Terrassa
Renault,Talisman,Diésel,145622.0,130.0,automatic,15600,Santiago de Compostela,15890,A Coruña,Santiago de Compostela
Renault,Talisman,Diésel,86000.0,160.0,automatic,19950,Valdefuentes,28939,Madrid,Valdefuentes
Renault,Talisman,Diésel,86000.0,160.0,automatic,19950,Valdefuentes,28939,Madrid,Valdefuentes
Renault,Talisman,Diésel,86000.0,160.0,automatic,19950,Burjassot,46100,Valencia,Burjassot
Renault,Talisman,Diésel,145622.0,130.0,automatic,15600,Poligono Industrial San Fernando,28830,Madrid,Poligono Industrial San Fernando
Renault,Talisman,Diésel,145622.0,130.0,automatic,15600,San Fernando de Henares,28830,Madrid,San Fernando de Henares
Renault,Talisman,Diésel,145622.0,130.0,automatic,15600,Pontevedra,36161,Pontevedra,Pontevedra
Renault,Talisman,Diésel,145622.0,130.0,automatic,15600,Fortiñon,15168,A Coruña,Fortiñon
Renault,Talisman,Diésel,145622.0,130.0,automatic,15600,A Coruña,15003,A Coruña,A Coruña
Renault,Talisman,Diésel,128400.0,160.0,automatic,17590,Getafe,28924,Madrid,Getafe
Renault,Talisman,Diésel,139000.0,160.0,automatic,16590,Getafe,28924,Madrid,Getafe
Renault,Talisman,Diésel,86000.0,160.0,automatic,19950,Bormujos,41930,Sevilla,Bormujos
Renault,Talisman,Diésel,147000.0,130.0,manual,12900,Puçol,46530,Valencia,Puçol
Renault,Talisman,Diésel,147000.0,130.0,manual,12900,Puçol,46530,Valencia,Puçol
Renault,Talisman,Diésel,180000.0,110.0,manual,11499,Sevilla,41007,Sevilla,Sevilla
Renault,Talisman,Diésel,175000.0,110.0,manual,12499,Sevilla,41007,Sevilla,Sevilla
Renault,Talisman,Diésel,116712.0,110.0,manual,13990,Armentia,1007,Álava,Armentia
Renault,Talisman,Diésel,116712.0,110.0,manual,13990,Durango,48200,Bizkaia,Durango
Renault,Talisman,Diésel,116712.0,110.0,manual,13990,Durango,48200,Bizkaia,Durango
Renault,Talisman,Diésel,116712.0,110.0,manual,13990,Donostia-San Sebastián,20006,Gipuzkoa,Donostia-San Sebastián
Renault,Talisman,Diésel,116712.0,110.0,manual,13990,Santander,39010,Cantabria,Santander
Renault,Talisman,Diésel,116712.0,110.0,manual,13990,Pamplona/Iruña,31001,Navarra,Pamplona/Iruña
Renault,Talisman,Diésel,116712.0,110.0,manual,13990,Oviedo,33003,Asturias,Oviedo
Renault,Talisman,Diésel,243000.0,110.0,manual,14500,Puerto Lumbreras,30890,Murcia,Puerto Lumbreras
Renault,Talisman,Diésel,243000.0,110.0,manual,14500,Puerto Lumbreras,30890,Murcia,Puerto Lumbreras
Renault,Talisman,Diésel,78422.0,160.0,automatic,19890,Valencia,46002,Valencia,Valencia
Renault,Talisman,Diésel,78422.0,160.0,automatic,19890,Torrejón de Ardoz,28850,Madrid,Torrejón de Ardoz
Renault,Talisman,Diésel,78422.0,160.0,automatic,19890,Sevilla,41006,Sevilla,Sevilla
Renault,Talisman,Diésel,78422.0,160.0,automatic,21490,Gijón,33206,Asturias,Gijón
Renault,Talisman,Diésel,78422.0,160.0,automatic,19890,Sant Boi de Llobregat,8830,Barcelona,Sant Boi de Llobregat
Renault,Talisman,Diésel,92485.0,160.0,automatic,20490,Burgos,9007,Burgos,Burgos
Renault,Talisman,Diésel,95665.0,131.0,manual,16890,Gijón,33206,Asturias,Gijón
Renault,Talisman,Diésel,95665.0,131.0,manual,14990,Valencia,46002,Valencia,Valencia
Renault,Talisman,Diésel,95665.0,131.0,manual,14990,Sant Boi de Llobregat,8830,Barcelona,Sant Boi de Llobregat
Renault,Talisman,Diésel,95665.0,131.0,manual,14990,Sevilla,41006,Sevilla,Sevilla
Renault,Talisman,Diésel,95665.0,131.0,manual,14990,Torrejón de Ardoz,28850,Madrid,Torrejón de Ardoz
Renault,Talisman,Diésel,29160.0,130.0,manual,16990,Estepona,29680,Málaga,Estepona
Renault,Talisman,Diésel,77745.0,160.0,automatic,20599,Valencia,46002,Valencia,Valencia
Renault,Talisman,Diésel,77745.0,160.0,automatic,21950,Gijón,33206,Asturias,Gijón
Renault,Talisman,Diésel,77745.0,160.0,automatic,20599,Sant Boi de Llobregat,8830,Barcelona,Sant Boi de Llobregat
Renault,Talisman,Diésel,29160.0,130.0,manual,16990,Algeciras,11202,Cádiz,Algeciras
Renault,Talisman,Diésel,29160.0,130.0,manual,16990,Marbella,29601,Málaga,Marbella
Renault,Talisman,Diésel,77745.0,160.0,automatic,20599,Torrejón de Ardoz,28850,Madrid,Torrejón de Ardoz
Renault,Talisman,Diésel,77745.0,160.0,automatic,20599,Sevilla,41006,Sevilla,Sevilla
Renault,Talisman,Diésel,160000.0,110.0,manual,13990,Armilla,18100,Granada,Armilla
Renault,Talisman,Diésel,160000.0,110.0,manual,13490,Armilla,18100,Granada,Armilla
Renault,Talisman,Diésel,83390.0,130.0,manual,14490,Vigo,36211,Pontevedra,Vigo
Renault,Talisman,Diésel,83390.0,130.0,manual,14390,Vigo,36211,Pontevedra,Vigo
Renault,Talisman,Diésel,83390.0,130.0,manual,14490,Alicante,3010,Alicante,Alicante
Renault,Talisman,Diésel,83390.0,130.0,manual,14490,Alicante,3010,Murcia,Alicante
Renault,Talisman,Diésel,83390.0,130.0,manual,14390,Alicante,3010,Alicante,Alicante
Renault,Talisman,Diésel,83390.0,130.0,manual,14390,Alicante,3010,Murcia,Alicante
Renault,Talisman,Diésel,83390.0,130.0,manual,14490,Almería,4006,Almería,Almería
Renault,Talisman,Diésel,83390.0,130.0,manual,14390,Almería,4006,Almería,Almería
Renault,Talisman,Diésel,83390.0,130.0,manual,14490,Bilbao,48004,Bizkaia,Bilbao
Renault,Talisman,Diésel,83390.0,130.0,manual,14390,Bilbao,48004,Bizkaia,Bilbao
Renault,Talisman,Diésel,83390.0,130.0,manual,14490,Murcia,30005,Murcia,Murcia
Renault,Talisman,Diésel,83390.0,130.0,manual,14390,Murcia,30005,Murcia,Murcia
Renault,Talisman,Diésel,83390.0,130.0,manual,14490,Pamplona/Iruña,31001,Navarra,Pamplona/Iruña
Renault,Talisman,Diésel,83390.0,130.0,manual,14390,Pamplona/Iruña,31001,Navarra,Pamplona/Iruña
Renault,Talisman,Diésel,83390.0,130.0,manual,14490,Oviedo,33003,Asturias,Oviedo
Renault,Talisman,Diésel,83390.0,130.0,manual,14390,Oviedo,33003,Asturias,Oviedo
Renault,Talisman,Diésel,83390.0,130.0,manual,14490,Armentia,1007,Álava,Armentia
Renault,Talisman,Diésel,83390.0,130.0,manual,14390,Armentia,1007,Álava,Armentia
Renault,Talisman,Diésel,83390.0,130.0,manual,14490,Donostia-San Sebastián,20006,Gipuzkoa,Donostia-San Sebastián
Renault,Talisman,Diésel,83390.0,130.0,manual,14390,Donostia-San Sebastián,20006,Gipuzkoa,Donostia-San Sebastián
Renault,Talisman,Diésel,83390.0,130.0,manual,14490,Durango,48200,Bizkaia,Durango
Renault,Talisman,Diésel,83390.0,130.0,manual,14490,Durango,48200,Bizkaia,Durango
Renault,Talisman,Diésel,83390.0,130.0,manual,14390,Durango,48200,Bizkaia,Durango
Renault,Talisman,Diésel,83390.0,130.0,manual,14390,Durango,48200,Bizkaia,Durango
Renault,Talisman,Diésel,83390.0,130.0,manual,14490,Santander,39010,Cantabria,Santander
Renault,Talisman,Diésel,83390.0,130.0,manual,14390,Santander,39010,Cantabria,Santander
Renault,Talisman,Diésel,176715.0,160.0,automatic,16388,Olèrdola,8734,Barcelona,Olèrdola
Renault,Talisman,Diésel,176715.0,160.0,automatic,16388,Olèrdola,8734,Barcelona,Olèrdola
Renault,Talisman,Diésel,61353.0,130.0,automatic,20400,Olèrdola,8734,Barcelona,Olèrdola
Renault,Talisman,Diésel,61353.0,130.0,automatic,20400,Olèrdola,8734,Barcelona,Olèrdola
Renault,Talisman,Diésel,41774.0,130.0,automatic,23403,Olèrdola,8734,Barcelona,Olèrdola
Renault,Talisman,Diésel,41774.0,130.0,automatic,23403,Olèrdola,8734,Barcelona,Olèrdola
Renault,Talisman,Diésel,83390.0,130.0,manual,14490,Málaga,29005,Málaga,Málaga
Renault,Talisman,Diésel,83390.0,130.0,manual,14390,Málaga,29005,Málaga,Málaga
Renault,Talisman,Diésel,83390.0,130.0,manual,14490,Granada,18005,Granada,Granada
Renault,Talisman,Diésel,83390.0,130.0,manual,14390,Granada,18005,Granada,Granada
Renault,Talisman,Diésel,122000.0,130.0,manual,16390,Alcalá de Henares,28801,Madrid,Alcalá de Henares
Renault,Talisman,Diésel,125000.0,130.0,manual,14790,Alcalá de Henares,28801,Madrid,Alcalá de Henares
Renault,Talisman,Diésel,135000.0,130.0,manual,14490,Alcalá de Henares,28801,Madrid,Alcalá de Henares
Renault,Talisman,Diésel,95000.0,130.0,manual,15890,Alcalá de Henares,28801,Madrid,Alcalá de Henares
Renault,Talisman,Diésel,83390.0,130.0,manual,14490,Sevilla,41005,Sevilla,Sevilla
Renault,Talisman,Diésel,83390.0,130.0,manual,14390,Sevilla,41005,Sevilla,Sevilla
Renault,Talisman,Diésel,83390.0,130.0,manual,14490,Valencia,46001,Valencia,Valencia
Renault,Talisman,Diésel,83390.0,130.0,manual,14390,Valencia,46001,Valencia,Valencia
Renault,Talisman,Diésel,176715.0,160.0,automatic,16388,Santa Maria del Aguila,4710,Almería,Santa Maria del Aguila
Renault,Talisman,Diésel,61353.0,130.0,automatic,20400,Santa Maria del Aguila,4710,Almería,Santa Maria del Aguila
Renault,Talisman,Diésel,41774.0,130.0,automatic,23403,Santa Maria del Aguila,4710,Almería,Santa Maria del Aguila
Renault,Talisman,Diésel,176715.0,160.0,automatic,16388,Sant Vicenç de Montalt,8394,Barcelona,Sant Vicenç de Montalt
Renault,Talisman,Diésel,61353.0,130.0,automatic,20400,Sant Vicenç de Montalt,8394,Barcelona,Sant Vicenç de Montalt
Renault,Talisman,Diésel,41774.0,130.0,automatic,23403,Sant Vicenç de Montalt,8394,Barcelona,Sant Vicenç de Montalt
Renault,Talisman,Diésel,113300.0,110.0,manual,13599,Alcobendas,28100,Madrid,Alcobendas
Renault,Talisman,Diésel,113300.0,110.0,manual,13530,Alcobendas,28100,Madrid,Alcobendas
Renault,Talisman,Diésel,119700.0,130.0,manual,13990,Almería,4006,Almería,Almería
Renault,Talisman,Diésel,119700.0,130.0,manual,13790,Almería,4006,Almería,Almería
Renault,Talisman,Diésel,119700.0,130.0,manual,13990,Vigo,36211,Pontevedra,Vigo
Renault,Talisman,Diésel,119700.0,130.0,manual,13790,Vigo,36211,Pontevedra,Vigo
Renault,Talisman,Diésel,119700.0,130.0,manual,13990,Òrrius,8317,Barcelona,Òrrius
Renault,Talisman,Diésel,119700.0,130.0,manual,13790,Òrrius,8317,Barcelona,Òrrius
Renault,Talisman,Diésel,49000.0,149.0,manual,17850,Terrassa,8223,Barcelona,Terrassa
Renault,Talisman,Diésel,119700.0,130.0,manual,13990,Murcia,30005,Murcia,Murcia
Renault,Talisman,Diésel,119700.0,130.0,manual,13790,Murcia,30005,Murcia,Murcia
Renault,Talisman,Diésel,119700.0,130.0,manual,13990,Alicante,3010,Alicante,Alicante
Renault,Talisman,Diésel,119700.0,130.0,manual,13990,Alicante,3010,Murcia,Alicante
Renault,Talisman,Diésel,119700.0,130.0,manual,13790,Alicante,3010,Alicante,Alicante
Renault,Talisman,Diésel,119700.0,130.0,manual,13790,Alicante,3010,Murcia,Alicante
Renault,Talisman,Diésel,119700.0,130.0,manual,13990,Ullastrell,8231,Barcelona,Ullastrell
Renault,Talisman,Diésel,119700.0,130.0,manual,13790,Ullastrell,8231,Barcelona,Ullastrell
Renault,Talisman,Diésel,49000.0,149.0,manual,17850,Valdefuentes,28939,Madrid,Valdefuentes
Renault,Talisman,Diésel,49000.0,149.0,manual,17850,Valdefuentes,28939,Madrid,Valdefuentes
Renault,Talisman,Diésel,119700.0,130.0,manual,13990,Palma de Mallorca,7003,Baleares,Palma de Mallorca
Renault,Talisman,Diésel,119700.0,130.0,manual,13790,Palma de Mallorca,7003,Baleares,Palma de Mallorca
Renault,Talisman,Diésel,49000.0,149.0,manual,17850,Burjassot,46100,Valencia,Burjassot
Renault,Talisman,Diésel,49000.0,149.0,manual,17850,Bormujos,41930,Sevilla,Bormujos
Renault,Talisman,Diésel,119700.0,130.0,manual,13990,Girona,17007,Girona,Girona
Renault,Talisman,Diésel,119700.0,130.0,manual,13790,Girona,17007,Girona,Girona
Renault,Talisman,Diésel,119700.0,130.0,manual,13990,Tarragona,43006,Tarragona,Tarragona
Renault,Talisman,Diésel,119700.0,130.0,manual,13790,Tarragona,43006,Tarragona,Tarragona
Renault,Talisman,Diésel,70000.0,130.0,manual,18500,Sondika,48150,Bizkaia,Sondika
Renault,Talisman,Diésel,70000.0,130.0,manual,17900,Sondika,48150,Bizkaia,Sondika
Renault,Talisman,Diésel,263000.0,160.0,manual,12990,Fuenlabrada,28946,Madrid,Fuenlabrada
Renault,Talisman,Diésel,119700.0,130.0,manual,13990,Granada,18005,Granada,Granada
Renault,Talisman,Diésel,119700.0,130.0,manual,13790,Granada,18005,Granada,Granada
Renault,Talisman,Diésel,119700.0,130.0,manual,13990,Bilbao,48004,Bizkaia,Bilbao
Renault,Talisman,Diésel,119700.0,130.0,manual,13790,Bilbao,48004,Bizkaia,Bilbao
Renault,Talisman,Diésel,71581.0,110.0,manual,13990,Bilbao,48004,Bizkaia,Bilbao
Renault,Talisman,Diésel,119700.0,130.0,manual,13990,Sevilla,41005,Sevilla,Sevilla
Renault,Talisman,Diésel,119700.0,130.0,manual,13790,Sevilla,41005,Sevilla,Sevilla
Renault,Talisman,Diésel,71581.0,110.0,manual,13990,Sevilla,41005,Sevilla,Sevilla
Renault,Talisman,Diésel,71581.0,110.0,manual,13990,Almería,4006,Almería,Almería
Renault,Talisman,Diésel,119700.0,130.0,manual,13990,Málaga,29005,Málaga,Málaga
Renault,Talisman,Diésel,119700.0,130.0,manual,13790,Málaga,29005,Málaga,Málaga
Renault,Talisman,Diésel,71581.0,110.0,manual,13990,Alicante,3010,Alicante,Alicante
Renault,Talisman,Diésel,71581.0,110.0,manual,13990,Alicante,3010,Murcia,Alicante
Renault,Talisman,Diésel,119700.0,130.0,manual,13990,Valencia,46001,Valencia,Valencia
Renault,Talisman,Diésel,119700.0,130.0,manual,13790,Valencia,46001,Valencia,Valencia
Renault,Talisman,Diésel,71581.0,110.0,manual,13990,Valencia,46001,Valencia,Valencia
Renault,Talisman,Diésel,71581.0,110.0,manual,13990,Vigo,36211,Pontevedra,Vigo
Renault,Talisman,Diésel,119700.0,130.0,manual,13990,Palau-Solita I Plegamans,8184,Barcelona,Palau-Solita I Plegamans
Renault,Talisman,Diésel,119700.0,130.0,manual,13990,Palau-Solita I Plegamans,8184,Barcelona,Palau-Solita I Plegamans
Renault,Talisman,Diésel,119700.0,130.0,manual,13790,Palau-Solita I Plegamans,8184,Barcelona,Palau-Solita I Plegamans
Renault,Talisman,Diésel,119700.0,130.0,manual,13790,Palau-Solita I Plegamans,8184,Barcelona,Palau-Solita I Plegamans
Renault,Talisman,Diésel,74491.0,160.0,automatic,18890,Valencia,46002,Valencia,Valencia
Renault,Talisman,Diésel,71581.0,110.0,manual,13990,Murcia,30005,Murcia,Murcia
Renault,Talisman,Diésel,71581.0,110.0,manual,13990,Pamplona/Iruña,31001,Navarra,Pamplona/Iruña
Renault,Talisman,Gasolina,49821.0,150.0,automatic,19900,A Coruña,15003,A Coruña,A Coruña
Renault,Talisman,Gasolina,49821.0,150.0,automatic,19600,A Coruña,15003,A Coruña,A Coruña
Renault,Talisman,Diésel,54835.0,160.0,automatic,20300,A Coruña,15003,A Coruña,A Coruña
Renault,Talisman,Diésel,54835.0,160.0,automatic,19100,A Coruña,15003,A Coruña,A Coruña
Renault,Talisman,Diésel,74491.0,160.0,automatic,20890,Gijón,33206,Asturias,Gijón
Renault,Talisman,Diésel,74491.0,160.0,automatic,18890,Sevilla,41006,Sevilla,Sevilla
Renault,Talisman,Diésel,74491.0,160.0,automatic,18890,Sant Boi de Llobregat,8830,Barcelona,Sant Boi de Llobregat
Renault,Talisman,Diésel,74491.0,160.0,automatic,18890,Torrejón de Ardoz,28850,Madrid,Torrejón de Ardoz
Renault,Talisman,Diésel,63000.0,130.0,manual,16490,Alcalá de Henares,28801,Madrid,Alcalá de Henares
Renault,Talisman,Gasolina,49821.0,150.0,automatic,19900,Alicante,3001,Alicante,Alicante
Renault,Talisman,Gasolina,49821.0,150.0,automatic,19600,Alicante,3001,Alicante,Alicante
Renault,Talisman,Diésel,54835.0,160.0,automatic,20300,Alicante,3001,Alicante,Alicante
Renault,Talisman,Diésel,54835.0,160.0,automatic,19100,Alicante,3001,Alicante,Alicante
Renault,Talisman,Gasolina,49821.0,150.0,automatic,19900,Málaga,29015,Málaga,Málaga
Renault,Talisman,Gasolina,49821.0,150.0,automatic,19600,Málaga,29015,Málaga,Málaga
Renault,Talisman,Diésel,54835.0,160.0,automatic,20300,Málaga,29015,Málaga,Málaga
Renault,Talisman,Diésel,54835.0,160.0,automatic,19100,Málaga,29015,Málaga,Málaga
Renault,Talisman,Gasolina,49821.0,150.0,automatic,19900,Barcelona,8008,Barcelona,Barcelona
Renault,Talisman,Gasolina,49821.0,150.0,automatic,19600,Barcelona,8008,Barcelona,Barcelona
Renault,Talisman,Diésel,54835.0,160.0,automatic,20300,Barcelona,8008,Barcelona,Barcelona
Renault,Talisman,Diésel,54835.0,160.0,automatic,19100,Barcelona,8008,Barcelona,Barcelona
Renault,Talisman,Gasolina,49821.0,150.0,automatic,19900,Valladolid,47004,Valladolid,Valladolid
Renault,Talisman,Gasolina,49821.0,150.0,automatic,19600,Valladolid,47004,Valladolid,Valladolid
Renault,Talisman,Diésel,54835.0,160.0,automatic,20300,Valladolid,47004,Valladolid,Valladolid
Renault,Talisman,Diésel,54835.0,160.0,automatic,19100,Valladolid,47004,Valladolid,Valladolid
Renault,Talisman,Diésel,71581.0,110.0,manual,13990,Granada,18005,Granada,Granada
Renault,Talisman,Diésel,71581.0,110.0,manual,13990,Málaga,29005,Málaga,Málaga
Renault,Talisman,Gasolina,49821.0,150.0,automatic,19900,Zaragoza,50003,Zaragoza,Zaragoza
Renault,Talisman,Gasolina,49821.0,150.0,automatic,19600,Zaragoza,50003,Zaragoza,Zaragoza
Renault,Talisman,Diésel,54835.0,160.0,automatic,20300,Zaragoza,50003,Zaragoza,Zaragoza
Renault,Talisman,Diésel,54835.0,160.0,automatic,19100,Zaragoza,50003,Zaragoza,Zaragoza
Renault,Talisman,Gasolina,49821.0,150.0,automatic,19900,Sevilla,41004,Sevilla,Sevilla
Renault,Talisman,Gasolina,49821.0,150.0,automatic,19600,Sevilla,41004,Sevilla,Sevilla
Renault,Talisman,Diésel,54835.0,160.0,automatic,20300,Sevilla,41004,Sevilla,Sevilla
Renault,Talisman,Diésel,54835.0,160.0,automatic,19100,Sevilla,41004,Sevilla,Sevilla
Renault,Talisman,Gasolina,49821.0,150.0,automatic,19900,Alcalá de Henares,28801,Madrid,Alcalá de Henares
Renault,Talisman,Gasolina,49821.0,150.0,automatic,19600,Alcalá de Henares,28801,Madrid,Alcalá de Henares
Renault,Talisman,Diésel,54835.0,160.0,automatic,20300,Alcalá de Henares,28801,Madrid,Alcalá de Henares
Renault,Talisman,Diésel,54835.0,160.0,automatic,19100,Alcalá de Henares,28801,Madrid,Alcalá de Henares
Renault,Talisman,Gasolina,49821.0,150.0,automatic,19900,Murcia,30001,Murcia,Murcia
Renault,Talisman,Gasolina,49821.0,150.0,automatic,19600,Murcia,30001,Murcia,Murcia
Renault,Talisman,Diésel,54835.0,160.0,automatic,20300,Murcia,30001,Murcia,Murcia
Renault,Talisman,Diésel,54835.0,160.0,automatic,19100,Murcia,30001,Murcia,Murcia
Renault,Talisman,Gasolina,49821.0,150.0,automatic,19900,Donostia-San Sebastián,20005,Gipuzkoa,Donostia-San Sebastián
Renault,Talisman,Gasolina,49821.0,150.0,automatic,19600,Donostia-San Sebastián,20005,Gipuzkoa,Donostia-San Sebastián
Renault,Talisman,Diésel,54835.0,160.0,automatic,20300,Donostia-San Sebastián,20005,Gipuzkoa,Donostia-San Sebastián
Renault,Talisman,Diésel,54835.0,160.0,automatic,19100,Donostia-San Sebastián,20005,Gipuzkoa,Donostia-San Sebastián
Renault,Talisman,Gasolina,49821.0,150.0,automatic,19900,Santander,39002,Cantabria,Santander
Renault,Talisman,Gasolina,49821.0,150.0,automatic,19600,Santander,39002,Cantabria,Santander
Renault,Talisman,Diésel,54835.0,160.0,automatic,20300,Santander,39002,Cantabria,Santander
Renault,Talisman,Diésel,54835.0,160.0,automatic,19100,Santander,39002,Cantabria,Santander
Renault,Talisman,Gasolina,49821.0,150.0,automatic,19900,Alcobendas,28100,Madrid,Alcobendas
Renault,Talisman,Gasolina,49821.0,150.0,automatic,19600,Alcobendas,28100,Madrid,Alcobendas
Renault,Talisman,Diésel,54835.0,160.0,automatic,20300,Alcobendas,28100,Madrid,Alcobendas
Renault,Talisman,Diésel,54835.0,160.0,automatic,19100,Alcobendas,28100,Madrid,Alcobendas
Renault,Talisman,Gasolina,49821.0,150.0,automatic,19900,Toledo,45002,Toledo,Toledo
Renault,Talisman,Gasolina,49821.0,150.0,automatic,19600,Toledo,45002,Toledo,Toledo
Renault,Talisman,Diésel,54835.0,160.0,automatic,20300,Toledo,45002,Toledo,Toledo
Renault,Talisman,Diésel,54835.0,160.0,automatic,19100,Toledo,45002,Toledo,Toledo
Renault,Talisman,Gasolina,49821.0,150.0,automatic,19900,Urbanitzacio El Medol,43150,Tarragona,Urbanitzacio El Medol
Renault,Talisman,Gasolina,49821.0,150.0,automatic,19600,Urbanitzacio El Medol,43150,Tarragona,Urbanitzacio El Medol
Renault,Talisman,Diésel,54835.0,160.0,automatic,20300,Urbanitzacio El Medol,43150,Tarragona,Urbanitzacio El Medol
Renault,Talisman,Diésel,54835.0,160.0,automatic,19100,Urbanitzacio El Medol,43150,Tarragona,Urbanitzacio El Medol
Renault,Talisman,Gasolina,49821.0,150.0,automatic,19900,Valencia,46003,Valencia,Valencia
Renault,Talisman,Gasolina,49821.0,150.0,automatic,19600,Valencia,46003,Valencia,Valencia
Renault,Talisman,Diésel,54835.0,160.0,automatic,20300,Valencia,46003,Valencia,Valencia
Renault,Talisman,Diésel,54835.0,160.0,automatic,19100,Valencia,46003,Valencia,Valencia
Renault,Talisman,Gasolina,49821.0,150.0,automatic,19900,Leganés,28914,Madrid,Leganés
Renault,Talisman,Gasolina,49821.0,150.0,automatic,19600,Leganés,28914,Madrid,Leganés
Renault,Talisman,Diésel,54835.0,160.0,automatic,20300,Leganés,28914,Madrid,Leganés
Renault,Talisman,Diésel,54835.0,160.0,automatic,19100,Leganés,28914,Madrid,Leganés
Renault,Talisman,Gasolina,49821.0,150.0,automatic,19900,San Sebastián de Los Reyes,28700,Madrid,San Sebastián de Los Reyes
Renault,Talisman,Gasolina,49821.0,150.0,automatic,19600,San Sebastián de Los Reyes,28700,Madrid,San Sebastián de Los Reyes
Renault,Talisman,Diésel,54835.0,160.0,automatic,20300,San Sebastián de Los Reyes,28700,Madrid,San Sebastián de Los Reyes
Renault,Talisman,Diésel,54835.0,160.0,automatic,19100,San Sebastián de Los Reyes,28700,Madrid,San Sebastián de Los Reyes
Renault,Talisman,Gasolina,49821.0,150.0,automatic,19900,Madrid,28013,Madrid,Madrid
Renault,Talisman,Gasolina,49821.0,150.0,automatic,19600,Madrid,28013,Madrid,Madrid
Renault,Talisman,Diésel,54835.0,160.0,automatic,20300,Madrid,28013,Madrid,Madrid
Renault,Talisman,Diésel,54835.0,160.0,automatic,19100,Madrid,28013,Madrid,Madrid
Renault,Talisman,Gasolina,49821.0,150.0,automatic,19900,Sant Cugat del Vallès,8172,Barcelona,Sant Cugat del Vallès
Renault,Talisman,Gasolina,49821.0,150.0,automatic,19600,Sant Cugat del Vallès,8172,Barcelona,Sant Cugat del Vallès
Renault,Talisman,Diésel,54835.0,160.0,automatic,20300,Sant Cugat del Vallès,8172,Barcelona,Sant Cugat del Vallès
Renault,Talisman,Diésel,54835.0,160.0,automatic,19100,Sant Cugat del Vallès,8172,Barcelona,Sant Cugat del Vallès
Renault,Talisman,Gasolina,49821.0,150.0,automatic,19900,Granada,18002,Granada,Granada
Renault,Talisman,Gasolina,49821.0,150.0,automatic,19600,Granada,18002,Granada,Granada
Renault,Talisman,Diésel,54835.0,160.0,automatic,20300,Granada,18002,Granada,Granada
Renault,Talisman,Diésel,54835.0,160.0,automatic,19100,Granada,18002,Granada,Granada
Renault,Talisman,Gasolina,49821.0,150.0,automatic,19900,Sabadell,8203,Barcelona,Sabadell
Renault,Talisman,Gasolina,49821.0,150.0,automatic,19600,Sabadell,8203,Barcelona,Sabadell
Renault,Talisman,Diésel,54835.0,160.0,automatic,20300,Sabadell,8203,Barcelona,Sabadell
Renault,Talisman,Diésel,54835.0,160.0,automatic,19100,Sabadell,8203,Barcelona,Sabadell
Renault,Talisman,Gasolina,49821.0,150.0,automatic,19900,Huelva,21004,Huelva,Huelva
Renault,Talisman,Gasolina,49821.0,150.0,automatic,19600,Huelva,21004,Huelva,Huelva
Renault,Talisman,Diésel,54835.0,160.0,automatic,20300,Huelva,21004,Huelva,Huelva
Renault,Talisman,Diésel,54835.0,160.0,automatic,19100,Huelva,21004,Huelva,Huelva
Renault,Talisman,Gasolina,49821.0,150.0,automatic,19900,Viladecans,8840,Barcelona,Viladecans
Renault,Talisman,Gasolina,49821.0,150.0,automatic,19600,Viladecans,8840,Barcelona,Viladecans
Renault,Talisman,Diésel,54835.0,160.0,automatic,20300,Viladecans,8840,Barcelona,Viladecans
Renault,Talisman,Diésel,54835.0,160.0,automatic,19100,Viladecans,8840,Barcelona,Viladecans
Renault,Talisman,Gasolina,49821.0,150.0,automatic,19900,Barcelona,8013,Barcelona,Barcelona
Renault,Talisman,Gasolina,49821.0,150.0,automatic,19600,Barcelona,8013,Barcelona,Barcelona
Renault,Talisman,Diésel,54835.0,160.0,automatic,20300,Barcelona,8013,Barcelona,Barcelona
Renault,Talisman,Diésel,54835.0,160.0,automatic,19100,Barcelona,8013,Barcelona,Barcelona
Renault,Talisman,Gasolina,49821.0,150.0,automatic,19900,Almería,4001,Almería,Almería
Renault,Talisman,Gasolina,49821.0,150.0,automatic,19600,Almería,4001,Almería,Almería
Renault,Talisman,Diésel,54835.0,160.0,automatic,20300,Almería,4001,Almería,Almería
Renault,Talisman,Diésel,54835.0,160.0,automatic,19100,Almería,4001,Almería,Almería
Renault,Talisman,Gasolina,49821.0,150.0,automatic,19900,Leganés,28911,Madrid,Leganés
Renault,Talisman,Gasolina,49821.0,150.0,automatic,19600,Leganés,28911,Madrid,Leganés
Renault,Talisman,Diésel,54835.0,160.0,automatic,20300,Leganés,28911,Madrid,Leganés
Renault,Talisman,Diésel,54835.0,160.0,automatic,19100,Leganés,28911,Madrid,Leganés
Renault,Talisman,Gasolina,49821.0,150.0,automatic,19900,Móstoles,28931,Madrid,Móstoles
Renault,Talisman,Gasolina,49821.0,150.0,automatic,19600,Móstoles,28931,Madrid,Móstoles
Renault,Talisman,Diésel,54835.0,160.0,automatic,20300,Móstoles,28931,Madrid,Móstoles
Renault,Talisman,Diésel,54835.0,160.0,automatic,19100,Móstoles,28931,Madrid,Móstoles
Renault,Talisman,Diésel,98407.0,160.0,automatic,19900,Badajoz,6008,Badajoz,Badajoz
Renault,Talisman,Diésel,98407.0,160.0,automatic,19900,Madrid,28014,Madrid,Madrid
Renault,Talisman,Diésel,98407.0,160.0,automatic,19900,Almería,4001,Almería,Almería
Renault,Talisman,Diésel,98407.0,160.0,automatic,19900,Sevilla,41005,Sevilla,Sevilla
Renault,Talisman,Diésel,33950.0,120.0,manual,17990,Barrio Peral,30300,Murcia,Barrio Peral
Renault,Talisman,Diésel,98407.0,160.0,automatic,19900,Cádiz,11006,Cádiz,Cádiz
Renault,Talisman,Diésel,51097.0,110.0,manual,14990,Gandia,46701,Valencia,Gandia
Renault,Talisman,Diésel,33950.0,120.0,manual,17990,Estepona,29680,Málaga,Estepona
Renault,Talisman,Diésel,198000.0,110.0,manual,10999,Cubas de la Sagra,28978,Madrid,Cubas de la Sagra
Renault,Talisman,Diésel,168000.0,160.0,automatic,17490,San Bizenti-Barakaldo,48902,Bizkaia,San Bizenti-Barakaldo
Renault,Talisman,Diésel,114000.0,130.0,automatic,15650,Terrassa,8223,Barcelona,Terrassa
Renault,Talisman,Diésel,114000.0,130.0,automatic,15650,Burjassot,46100,Valencia,Burjassot
Renault,Talisman,Diésel,114000.0,130.0,automatic,15650,Valdefuentes,28939,Madrid,Valdefuentes
Renault,Talisman,Diésel,114000.0,130.0,automatic,15650,Valdefuentes,28939,Madrid,Valdefuentes
Renault,Talisman,Diésel,114000.0,130.0,automatic,15650,Bormujos,41930,Sevilla,Bormujos
Renault,Talisman,Diésel,18800.0,150.0,manual,21950,Málaga,29006,Málaga,Málaga
Renault,Talisman,Diésel,72156.0,160.0,manual,21900,Málaga,29006,Málaga,Málaga
Renault,Talisman,Diésel,128000.0,130.0,manual,14590,Alcalá de Henares,28801,Madrid,Alcalá de Henares
Renault,Talisman,Diésel,73227.0,160.0,automatic,21850,Gijón,33206,Asturias,Gijón
Renault,Talisman,Diésel,65813.0,160.0,automatic,21950,Gijón,33206,Asturias,Gijón
Renault,Talisman,Diésel,122710.0,131.0,manual,15890,Gijón,33206,Asturias,Gijón
Renault,Talisman,Diésel,75000.0,149.0,manual,17450,Valdefuentes,28939,Madrid,Valdefuentes
Renault,Talisman,Diésel,75000.0,149.0,manual,17450,Valdefuentes,28939,Madrid,Valdefuentes
Renault,Talisman,Diésel,75000.0,149.0,manual,17450,Burjassot,46100,Valencia,Burjassot
Renault,Talisman,Diésel,75000.0,149.0,manual,17450,Terrassa,8223,Barcelona,Terrassa
Renault,Talisman,Diésel,75000.0,149.0,manual,17450,Bormujos,41930,Sevilla,Bormujos
Renault,Talisman,Diésel,135000.0,130.0,manual,14490,Getafe,28924,Madrid,Getafe
Renault,Talisman,Diésel,95375.0,160.0,automatic,19500,Madrid,28014,Madrid,Madrid
Renault,Talisman,Diésel,77633.0,110.0,manual,14400,Madrid,28014,Madrid,Madrid
Renault,Talisman,Diésel,95375.0,160.0,automatic,19500,Badajoz,6008,Badajoz,Badajoz
Renault,Talisman,Diésel,77633.0,110.0,manual,14400,Badajoz,6008,Badajoz,Badajoz
Renault,Talisman,Diésel,95375.0,160.0,automatic,19500,Sevilla,41005,Sevilla,Sevilla
Renault,Talisman,Diésel,77633.0,110.0,manual,14400,Sevilla,41005,Sevilla,Sevilla
Renault,Talisman,Diésel,95375.0,160.0,automatic,19500,Almería,4001,Almería,Almería
Renault,Talisman,Diésel,77633.0,110.0,manual,14400,Almería,4001,Almería,Almería
Renault,Talisman,Diésel,95375.0,160.0,automatic,19500,Cádiz,11006,Cádiz,Cádiz
Renault,Talisman,Diésel,77633.0,110.0,manual,14400,Cádiz,11006,Cádiz,Cádiz
Renault,Talisman,Diésel,100357.0,130.0,manual,17490,Alcalá de Henares,28801,Madrid,Alcalá de Henares
Renault,Talisman,Diésel,113089.0,130.0,manual,15990,Getafe,28924,Madrid,Getafe
Renault,Talisman,Diésel,95000.0,130.0,manual,15890,Getafe,28924,Madrid,Getafe
Renault,Talisman,Diésel,418000.0,130.0,manual,8500,Errenteria,20100,Gipuzkoa,Errenteria
Renault,Talisman,Diésel,418000.0,130.0,manual,8500,Errenteria,20100,Gipuzkoa,Errenteria
Renault,Talisman,Diésel,418000.0,130.0,manual,8500,Errenteria,20100,Gipuzkoa,Errenteria
Renault,Talisman,Diésel,40000.0,110.0,manual,15900,Valdemoro,28340,Madrid,Valdemoro
Renault,Talisman,Diésel,138000.0,160.0,automatic,17900,Pamplona/Iruña,31006,Navarra,Pamplona/Iruña
Renault,Talisman,Diésel,130000.0,130.0,manual,16000,Pamplona/Iruña,31006,Navarra,Pamplona/Iruña
Renault,Talisman,Diésel,113089.0,130.0,manual,15990,Alcalá de Henares,28801,Madrid,Alcalá de Henares
Renault,Talisman,Diésel,77873.0,130.0,manual,18450,Madrid,28045,Madrid,Madrid
Renault,Talisman,Diésel,49000.0,130.0,manual,20850,Navalcarnero,28600,Madrid,Navalcarnero
Renault,Talisman,Diésel,49000.0,130.0,manual,19850,Navalcarnero,28600,Madrid,Navalcarnero
Renault,Talisman,Diésel,165000.0,110.0,manual,15900,Orbazai,27297,Lugo,Orbazai
Renault,Talisman,Diésel,61353.0,130.0,automatic,20400,Ciudad Real,13003,Ciudad Real,Ciudad Real
Renault,Talisman,Diésel,41774.0,130.0,automatic,23403,Ciudad Real,13003,Ciudad Real,Ciudad Real
Renault,Talisman,Diésel,67672.0,160.0,automatic,18390,Ourense,32001,Ourense,Ourense
Renault,Talisman,Diésel,41774.0,130.0,automatic,23403,Granollers,8403,Barcelona,Granollers
Renault,Talisman,Diésel,41774.0,130.0,automatic,23403,Badajoz,6008,Badajoz,Badajoz
Renault,Talisman,Diésel,41774.0,130.0,automatic,23403,Vigo,36214,Pontevedra,Vigo
Renault,Talisman,Diésel,41774.0,130.0,automatic,23403,Valdepeñas,13300,Ciudad Real,Valdepeñas
Renault,Talisman,Diésel,41774.0,130.0,automatic,23403,Valdepeñas,13300,Ciudad Real,Valdepeñas
Renault,Talisman,Diésel,41774.0,130.0,automatic,23403,Murcia,30003,Murcia,Murcia
Renault,Talisman,Diésel,41774.0,130.0,automatic,23403,Saladar,3700,Alicante,Saladar
Renault,Talisman,Diésel,41774.0,130.0,automatic,23403,Estepona,29680,Málaga,Estepona
Renault,Talisman,Diésel,41774.0,130.0,automatic,23403,Hidraulica Santillana,28770,Madrid,Hidraulica Santillana
Renault,Talisman,Diésel,41774.0,130.0,automatic,23403,Torremolinos,29620,Málaga,Torremolinos
Renault,Talisman,Diésel,41774.0,130.0,automatic,23403,Torremolinos,29620,Málaga,Torremolinos
Renault,Talisman,Diésel,41774.0,130.0,automatic,23403,Torremolinos,29620,Málaga,Torremolinos
Renault,Talisman,Diésel,41774.0,130.0,automatic,23403,Las Rozas de Madrid,28232,Madrid,Las Rozas de Madrid
Renault,Talisman,Diésel,41774.0,130.0,automatic,23403,Santiago de Compostela,15703,A Coruña,Santiago de Compostela
Renault,Talisman,Diésel,41774.0,130.0,automatic,23403,Santafe,18320,Granada,Santafe
Renault,Talisman,Diésel,41774.0,130.0,automatic,23403,Alameda del Obispo,14005,Córdoba,Alameda del Obispo
Renault,Talisman,Diésel,41774.0,130.0,automatic,23403,Alcobendas,28100,Madrid,Alcobendas
Renault,Talisman,Diésel,41774.0,130.0,automatic,23403,Alzira,46600,Valencia,Alzira
Renault,Talisman,Diésel,41774.0,130.0,automatic,23403,Alzira,46600,Valencia,Alzira
Renault,Talisman,Diésel,41774.0,130.0,automatic,23403,Albacete,2001,Albacete,Albacete
Renault,Talisman,Diésel,41774.0,130.0,automatic,23403,Atarrabia,31610,Navarra,Atarrabia
Renault,Talisman,Diésel,41774.0,130.0,automatic,23403,Paterna,46980,Valencia,Paterna
Renault,Talisman,Diésel,41774.0,130.0,automatic,23403,Alcalá de Guadaíra,41500,Sevilla,Alcalá de Guadaíra
Renault,Talisman,Diésel,41774.0,130.0,automatic,23403,Colonia Pablo Iglesias,28520,Madrid,Colonia Pablo Iglesias
Renault,Talisman,Diésel,41774.0,130.0,automatic,23403,Collado Villalba,28400,Madrid,Collado Villalba
Renault,Talisman,Diésel,41774.0,130.0,automatic,23403,Collado Villalba,28400,Madrid,Collado Villalba
Renault,Talisman,Diésel,41774.0,130.0,automatic,23403,Puerto de Sagunto,46520,Valencia,Puerto de Sagunto
Renault,Talisman,Diésel,41774.0,130.0,automatic,23403,Alicante,3007,Alicante,Alicante
Renault,Talisman,Diésel,41774.0,130.0,automatic,23403,Getafe,28906,Madrid,Getafe
Renault,Talisman,Diésel,41774.0,130.0,automatic,23403,Zaragoza,50013,Zaragoza,Zaragoza
Renault,Talisman,Diésel,41774.0,130.0,automatic,23403,Barcelona,8007,Barcelona,Barcelona
Renault,Talisman,Diésel,41774.0,130.0,automatic,23403,Mercado Parque Corredor del Henares,28850,Madrid,Mercado Parque Corredor del Henares
Renault,Talisman,Diésel,41774.0,130.0,automatic,23403,Mercabilbao,48970,Bizkaia,Mercabilbao
Renault,Talisman,Diésel,41774.0,130.0,automatic,23403,Castello/Castellon de La Plana,12100,Castellón,Castello/Castellon de La Plana
Renault,Talisman,Diésel,112200.0,130.0,manual,14850,Alcorcón,28923,Madrid,Alcorcón
Renault,Talisman,Diésel,112200.0,130.0,manual,14850,Madrid,28046,Madrid,Madrid
Renault,Talisman,Diésel,112200.0,130.0,manual,14850,Los Negrales,28430,Madrid,Los Negrales
Renault,Talisman,Diésel,112200.0,130.0,manual,14850,Los Negrales,28430,Madrid,Los Negrales
Renault,Talisman,Diésel,73227.0,160.0,automatic,20690,Sevilla,41006,Sevilla,Sevilla
Renault,Talisman,Diésel,73227.0,160.0,automatic,20690,Agirre-Aperribai,48960,Bizkaia,Agirre-Aperribai
Renault,Talisman,Diésel,73227.0,160.0,automatic,20690,Sant Boi de Llobregat,8830,Barcelona,Sant Boi de Llobregat
Renault,Talisman,Diésel,73227.0,160.0,automatic,20690,Valencia,46002,Valencia,Valencia
Renault,Talisman,Diésel,73227.0,160.0,automatic,20690,Torrejón de Ardoz,28850,Madrid,Torrejón de Ardoz
Renault,Talisman,Diésel,73227.0,160.0,automatic,20690,Pamplona/Iruña,31003,Navarra,Pamplona/Iruña
Renault,Talisman,Diésel,73227.0,160.0,automatic,20690,Bacarot,3114,Alicante,Bacarot
Renault,Talisman,Diésel,37000.0,130.0,manual,20800,Zaragoza,50001,Zaragoza,Zaragoza
Renault,Talisman,Diésel,125000.0,130.0,manual,14999,Herrera del Duque,6670,Badajoz,Herrera del Duque
Renault,Talisman,Diésel,16444.0,120.0,manual,22000,Cieza,30530,Murcia,Cieza
Renault,Talisman,Diésel,65813.0,160.0,automatic,19990,Agirre-Aperribai,48960,Bizkaia,Agirre-Aperribai
Renault,Talisman,Diésel,65813.0,160.0,automatic,19990,Bacarot,3114,Alicante,Bacarot
Renault,Talisman,Diésel,65813.0,160.0,automatic,19990,Sant Boi de Llobregat,8830,Barcelona,Sant Boi de Llobregat
Renault,Talisman,Diésel,65813.0,160.0,automatic,19990,Valencia,46002,Valencia,Valencia
Renault,Talisman,Diésel,65813.0,160.0,automatic,19990,Pamplona/Iruña,31003,Navarra,Pamplona/Iruña
Renault,Talisman,Diésel,65813.0,160.0,automatic,19990,Torrejón de Ardoz,28850,Madrid,Torrejón de Ardoz
Renault,Talisman,Diésel,65813.0,160.0,automatic,19990,Sevilla,41006,Sevilla,Sevilla
Renault,Talisman,Gasolina,54600.0,200.0,automatic,23590,Alcobendas,28100,Madrid,Alcobendas
Renault,Talisman,Diésel,141000.0,110.0,manual,14900,Sant Antoni de Calonge,17252,Girona,Sant Antoni de Calonge
Renault,Talisman,Diésel,122710.0,131.0,manual,14690,Valencia,46002,Valencia,Valencia
Renault,Talisman,Diésel,122710.0,131.0,manual,14690,Pamplona/Iruña,31003,Navarra,Pamplona/Iruña
Renault,Talisman,Diésel,122710.0,131.0,manual,14690,Bacarot,3114,Alicante,Bacarot
Renault,Talisman,Diésel,122710.0,131.0,manual,14690,Sant Boi de Llobregat,8830,Barcelona,Sant Boi de Llobregat
Renault,Talisman,Diésel,122710.0,131.0,manual,14690,Agirre-Aperribai,48960,Bizkaia,Agirre-Aperribai
Renault,Talisman,Diésel,122710.0,131.0,manual,14690,Sevilla,41006,Sevilla,Sevilla
Renault,Talisman,Diésel,122710.0,131.0,manual,14690,Torrejón de Ardoz,28850,Madrid,Torrejón de Ardoz
Renault,Talisman,Diésel,33950.0,120.0,manual,17990,Vigo,36211,Pontevedra,Vigo
Renault,Talisman,Diésel,33950.0,120.0,manual,17990,Alicante,3010,Alicante,Alicante
Renault,Talisman,Diésel,33950.0,120.0,manual,17990,Alicante,3010,Murcia,Alicante
Renault,Talisman,Diésel,33950.0,120.0,manual,17990,Granada,18005,Granada,Granada
Renault,Talisman,Diésel,33950.0,120.0,manual,17990,Almería,4006,Almería,Almería
Renault,Talisman,Diésel,33950.0,120.0,manual,17990,Murcia,30005,Murcia,Murcia
Renault,Talisman,Diésel,121522.0,160.0,automatic,18750,Los Negrales,28430,Madrid,Los Negrales
Renault,Talisman,Diésel,121522.0,160.0,automatic,18750,Los Negrales,28430,Madrid,Los Negrales
Renault,Talisman,Diésel,33950.0,120.0,manual,17990,Valencia,46001,Valencia,Valencia
Audi,A5,Diésel,165000.0,190.0,automatic,15900,Deiro,36627,Pontevedra,Deiro
Audi,A5,Gasolina,149000.0,180.0,manual,14900,Sant Antoni de Calonge,17252,Girona,Sant Antoni de Calonge
Audi,A5,Gasolina,149000.0,180.0,manual,13900,Sant Antoni de Calonge,17252,Girona,Sant Antoni de Calonge
Audi,A5,Diésel,189000.0,163.0,manual,19900,Massanassa,46470,Valencia,Massanassa
Audi,A5,Diésel,189000.0,163.0,manual,19900,Massanassa,46470,Valencia,Massanassa
Audi,A5,Diésel,189000.0,163.0,manual,19900,Massanassa,46470,Valencia,Massanassa
Audi,A5,Diésel,189000.0,163.0,manual,19900,Massanassa,46470,Valencia,Massanassa
Renault,Talisman,Diésel,121522.0,160.0,automatic,18750,Madrid,28046,Madrid,Madrid
Renault,Talisman,Diésel,33950.0,120.0,manual,17990,Bilbao,48004,Bizkaia,Bilbao
Renault,Talisman,Diésel,33950.0,120.0,manual,17990,Sevilla,41005,Sevilla,Sevilla
Renault,Talisman,Diésel,121522.0,160.0,automatic,18750,Alcorcón,28923,Madrid,Alcorcón
Renault,Talisman,Diésel,33950.0,120.0,manual,17990,Málaga,29005,Málaga,Málaga
Renault,Talisman,Diésel,71550.0,110.0,manual,15390,Collado Villalba,28400,Madrid,Collado Villalba
Renault,Talisman,Diésel,71550.0,110.0,manual,15390,Collado Villalba,28400,Madrid,Collado Villalba
Renault,Talisman,Diésel,159000.0,110.0,manual,13499,Utrera,41710,Sevilla,Utrera
Renault,Talisman,Diésel,103025.0,150.0,manual,18500,Málaga,29004,Málaga,Málaga
Renault,Talisman,Diésel,95000.0,160.0,automatic,20800,Valladolid,47013,Valladolid,Valladolid
Renault,Talisman,Diésel,51097.0,110.0,manual,14990,Barrio Peral,30300,Murcia,Barrio Peral
Renault,Talisman,Diésel,61353.0,130.0,automatic,20400,Puerto de Sagunto,46520,Valencia,Puerto de Sagunto
Renault,Talisman,Diésel,61353.0,130.0,automatic,20400,Granollers,8403,Barcelona,Granollers
Renault,Talisman,Diésel,61353.0,130.0,automatic,20400,Mercado Parque Corredor del Henares,28850,Madrid,Mercado Parque Corredor del Henares
Renault,Talisman,Diésel,61353.0,130.0,automatic,20400,Torremolinos,29620,Málaga,Torremolinos
Renault,Talisman,Diésel,61353.0,130.0,automatic,20400,Torremolinos,29620,Málaga,Torremolinos
Renault,Talisman,Diésel,61353.0,130.0,automatic,20400,Torremolinos,29620,Málaga,Torremolinos
Renault,Talisman,Diésel,61353.0,130.0,automatic,20400,Badajoz,6008,Badajoz,Badajoz
Renault,Talisman,Diésel,61353.0,130.0,automatic,20400,Valdepeñas,13300,Ciudad Real,Valdepeñas
Renault,Talisman,Diésel,61353.0,130.0,automatic,20400,Valdepeñas,13300,Ciudad Real,Valdepeñas
Renault,Talisman,Diésel,61353.0,130.0,automatic,20400,Vigo,36214,Pontevedra,Vigo
Renault,Talisman,Diésel,61353.0,130.0,automatic,20400,Estepona,29680,Málaga,Estepona
Renault,Talisman,Diésel,61353.0,130.0,automatic,20400,Murcia,30003,Murcia,Murcia
Renault,Talisman,Diésel,61353.0,130.0,automatic,20400,Santiago de Compostela,15703,A Coruña,Santiago de Compostela
Renault,Talisman,Diésel,61353.0,130.0,automatic,20400,Saladar,3700,Alicante,Saladar
Renault,Talisman,Diésel,61353.0,130.0,automatic,20400,Paterna,46980,Valencia,Paterna
Renault,Talisman,Diésel,61353.0,130.0,automatic,20400,Barcelona,8007,Barcelona,Barcelona
Renault,Talisman,Diésel,61353.0,130.0,automatic,20400,Zaragoza,50013,Zaragoza,Zaragoza
Renault,Talisman,Diésel,61353.0,130.0,automatic,20400,Alcalá de Guadaíra,41500,Sevilla,Alcalá de Guadaíra
Renault,Talisman,Diésel,61353.0,130.0,automatic,20400,Las Rozas de Madrid,28232,Madrid,Las Rozas de Madrid
Renault,Talisman,Diésel,61353.0,130.0,automatic,20400,Atarrabia,31610,Navarra,Atarrabia
Renault,Talisman,Diésel,61353.0,130.0,automatic,20400,Collado Villalba,28400,Madrid,Collado Villalba
Renault,Talisman,Diésel,61353.0,130.0,automatic,20400,Collado Villalba,28400,Madrid,Collado Villalba
Renault,Talisman,Diésel,61353.0,130.0,automatic,20400,Alcobendas,28100,Madrid,Alcobendas
Renault,Talisman,Diésel,61353.0,130.0,automatic,20400,Hidraulica Santillana,28770,Madrid,Hidraulica Santillana
Renault,Talisman,Diésel,61353.0,130.0,automatic,20400,Alzira,46600,Valencia,Alzira
Renault,Talisman,Diésel,61353.0,130.0,automatic,20400,Alzira,46600,Valencia,Alzira
Renault,Talisman,Diésel,61353.0,130.0,automatic,20400,Alicante,3007,Alicante,Alicante
Renault,Talisman,Diésel,61353.0,130.0,automatic,20400,Albacete,2001,Albacete,Albacete
Renault,Talisman,Diésel,61353.0,130.0,automatic,20400,Castello/Castellon de La Plana,12100,Castellón,Castello/Castellon de La Plana
Renault,Talisman,Diésel,61353.0,130.0,automatic,20400,Colonia Pablo Iglesias,28520,Madrid,Colonia Pablo Iglesias
Renault,Talisman,Diésel,61353.0,130.0,automatic,20400,Alameda del Obispo,14005,Córdoba,Alameda del Obispo
Renault,Talisman,Diésel,61353.0,130.0,automatic,20400,Mercabilbao,48970,Bizkaia,Mercabilbao
Renault,Talisman,Diésel,61353.0,130.0,automatic,20400,Santafe,18320,Granada,Santafe
Renault,Talisman,Diésel,61353.0,130.0,automatic,20400,Getafe,28906,Madrid,Getafe
Renault,Talisman,Diésel,79000.0,160.0,automatic,23900,Toledo,45002,Toledo,Toledo
Renault,Talisman,Diésel,185069.0,130.0,manual,15500,Benicarló,12580,Castellón,Benicarló
Renault,Talisman,Diésel,182205.0,110.0,manual,13900,Badajoz,6004,Badajoz,Badajoz
Renault,Talisman,Diésel,146500.0,130.0,manual,13990,Tarragona,43006,Tarragona,Tarragona
Renault,Talisman,Diésel,176715.0,160.0,automatic,16388,Santiago de Compostela,15703,A Coruña,Santiago de Compostela
Renault,Talisman,Diésel,51097.0,110.0,manual,14990,Málaga,29005,Málaga,Málaga
Renault,Talisman,Diésel,51097.0,110.0,manual,14990,Alicante,3010,Alicante,Alicante
Renault,Talisman,Diésel,51097.0,110.0,manual,14990,Alicante,3010,Murcia,Alicante
Renault,Talisman,Diésel,51097.0,110.0,manual,14990,Bilbao,48004,Bizkaia,Bilbao
Renault,Talisman,Diésel,51097.0,110.0,manual,14990,Almería,4006,Almería,Almería
Renault,Talisman,Diésel,51097.0,110.0,manual,14990,Valencia,46001,Valencia,Valencia
Renault,Talisman,Diésel,51097.0,110.0,manual,14990,Granada,18005,Granada,Granada
Renault,Talisman,Diésel,51097.0,110.0,manual,14990,Vigo,36211,Pontevedra,Vigo
Renault,Talisman,Diésel,51097.0,110.0,manual,14990,Sevilla,41005,Sevilla,Sevilla
Renault,Talisman,Diésel,51097.0,110.0,manual,14990,Murcia,30005,Murcia,Murcia
Renault,Talisman,Diésel,68600.0,130.0,automatic,19290,Alcobendas,28100,Madrid,Alcobendas
Renault,Talisman,Diésel,21300.0,120.0,manual,21700,Madrid,28014,Madrid,Madrid
Renault,Talisman,Diésel,21300.0,120.0,manual,21700,Badajoz,6008,Badajoz,Badajoz
Renault,Talisman,Diésel,21300.0,120.0,manual,21700,Sevilla,41005,Sevilla,Sevilla
Renault,Talisman,Diésel,21300.0,120.0,manual,21700,Almería,4001,Almería,Almería
Renault,Talisman,Diésel,21300.0,120.0,manual,21700,Cádiz,11006,Cádiz,Cádiz
Renault,Talisman,Diésel,99999.0,110.0,automatic,15290,Pamplona/Iruña,31001,Navarra,Pamplona/Iruña
Renault,Talisman,Diésel,122946.0,160.0,automatic,21590,Madrid,28021,Madrid,Madrid
Renault,Talisman,Diésel,176715.0,160.0,automatic,16388,Mercado Parque Corredor del Henares,28850,Madrid,Mercado Parque Corredor del Henares
Renault,Talisman,Diésel,176715.0,160.0,automatic,16388,Badajoz,6008,Badajoz,Badajoz
Renault,Talisman,Diésel,99999.0,110.0,automatic,15290,Almería,4006,Almería,Almería
Renault,Talisman,Diésel,176715.0,160.0,automatic,16388,Alameda del Obispo,14005,Córdoba,Alameda del Obispo
Renault,Talisman,Diésel,99999.0,110.0,automatic,15290,Vigo,36211,Pontevedra,Vigo
Renault,Talisman,Diésel,99999.0,110.0,automatic,15290,Alicante,3010,Alicante,Alicante
Renault,Talisman,Diésel,99999.0,110.0,automatic,15290,Alicante,3010,Murcia,Alicante
Renault,Talisman,Diésel,176715.0,160.0,automatic,16388,Vigo,36214,Pontevedra,Vigo
Renault,Talisman,Diésel,99999.0,110.0,automatic,15290,Sevilla,41005,Sevilla,Sevilla
Renault,Talisman,Diésel,99999.0,110.0,automatic,15290,Granada,18005,Granada,Granada
Renault,Talisman,Diésel,99999.0,110.0,automatic,15290,Bilbao,48004,Bizkaia,Bilbao
Renault,Talisman,Diésel,99999.0,110.0,automatic,15290,Murcia,30005,Murcia,Murcia
Renault,Talisman,Diésel,99999.0,110.0,automatic,15290,Valencia,46001,Valencia,Valencia
Renault,Talisman,Diésel,99999.0,110.0,automatic,15290,Málaga,29005,Málaga,Málaga
Renault,Talisman,Diésel,176715.0,160.0,automatic,16388,Puerto de Sagunto,46520,Valencia,Puerto de Sagunto
Renault,Talisman,Diésel,176715.0,160.0,automatic,16388,Ciudad Real,13003,Ciudad Real,Ciudad Real
Renault,Talisman,Diésel,176715.0,160.0,automatic,16388,Murcia,30003,Murcia,Murcia
Renault,Talisman,Diésel,176715.0,160.0,automatic,16388,Granollers,8403,Barcelona,Granollers
Renault,Talisman,Diésel,176715.0,160.0,automatic,16388,Castello/Castellon de La Plana,12100,Castellón,Castello/Castellon de La Plana
Renault,Talisman,Diésel,176715.0,160.0,automatic,16388,Santafe,18320,Granada,Santafe
Renault,Talisman,Diésel,176715.0,160.0,automatic,16388,Atarrabia,31610,Navarra,Atarrabia
Renault,Talisman,Diésel,176715.0,160.0,automatic,16388,Alzira,46600,Valencia,Alzira
Renault,Talisman,Diésel,176715.0,160.0,automatic,16388,Alzira,46600,Valencia,Alzira
Renault,Talisman,Diésel,176715.0,160.0,automatic,16388,Torremolinos,29620,Málaga,Torremolinos
Renault,Talisman,Diésel,176715.0,160.0,automatic,16388,Torremolinos,29620,Málaga,Torremolinos
Renault,Talisman,Diésel,176715.0,160.0,automatic,16388,Torremolinos,29620,Málaga,Torremolinos
Renault,Talisman,Diésel,176715.0,160.0,automatic,16388,Barcelona,8007,Barcelona,Barcelona
Renault,Talisman,Diésel,176715.0,160.0,automatic,16388,Collado Villalba,28400,Madrid,Collado Villalba
Renault,Talisman,Diésel,176715.0,160.0,automatic,16388,Collado Villalba,28400,Madrid,Collado Villalba
Renault,Talisman,Diésel,176715.0,160.0,automatic,16388,Saladar,3700,Alicante,Saladar
Renault,Talisman,Diésel,176715.0,160.0,automatic,16388,Estepona,29680,Málaga,Estepona
Renault,Talisman,Diésel,176715.0,160.0,automatic,16388,Alicante,3007,Alicante,Alicante
Renault,Talisman,Diésel,176715.0,160.0,automatic,16388,Alcobendas,28100,Madrid,Alcobendas
Renault,Talisman,Diésel,176715.0,160.0,automatic,16388,Mercabilbao,48970,Bizkaia,Mercabilbao
Renault,Talisman,Diésel,176715.0,160.0,automatic,16388,Albacete,2001,Albacete,Albacete
Renault,Talisman,Diésel,176715.0,160.0,automatic,16388,Alcalá de Guadaíra,41500,Sevilla,Alcalá de Guadaíra
Renault,Talisman,Diésel,176715.0,160.0,automatic,16388,Colonia Pablo Iglesias,28520,Madrid,Colonia Pablo Iglesias
Renault,Talisman,Diésel,176715.0,160.0,automatic,16388,Getafe,28906,Madrid,Getafe
Renault,Talisman,Diésel,176715.0,160.0,automatic,16388,Valdepeñas,13300,Ciudad Real,Valdepeñas
Renault,Talisman,Diésel,176715.0,160.0,automatic,16388,Valdepeñas,13300,Ciudad Real,Valdepeñas
Renault,Talisman,Diésel,176715.0,160.0,automatic,16388,Zaragoza,50013,Zaragoza,Zaragoza
Renault,Talisman,Diésel,176715.0,160.0,automatic,16388,Hidraulica Santillana,28770,Madrid,Hidraulica Santillana
Renault,Talisman,Diésel,176715.0,160.0,automatic,16388,Las Rozas de Madrid,28232,Madrid,Las Rozas de Madrid
Renault,Talisman,Diésel,176715.0,160.0,automatic,16388,Paterna,46980,Valencia,Paterna
Renault,Talisman,Diésel,109000.0,130.0,manual,15499,Huesca,22002,Huesca,Huesca
Renault,Talisman,Diésel,89000.0,130.0,manual,15950,Navalcarnero,28600,Madrid,Navalcarnero
Renault,Talisman,Diésel,146500.0,130.0,manual,13990,Palma de Mallorca,7003,Baleares,Palma de Mallorca
Renault,Talisman,Diésel,139961.0,130.0,manual,13990,Vigo,36211,Pontevedra,Vigo
Renault,Talisman,Diésel,139961.0,130.0,manual,12990,Vigo,36211,Pontevedra,Vigo
Renault,Talisman,Diésel,107935.0,160.0,automatic,21800,San Sebastián de Los Reyes,28700,Madrid,San Sebastián de Los Reyes
Renault,Talisman,Diésel,107935.0,160.0,automatic,21800,Getafe,28903,Madrid,Getafe
Renault,Talisman,Diésel,139961.0,130.0,manual,13990,Sevilla,41005,Sevilla,Sevilla
Renault,Talisman,Diésel,139961.0,130.0,manual,12990,Sevilla,41005,Sevilla,Sevilla
Renault,Talisman,Diésel,107935.0,160.0,automatic,21800,Valladolid,47003,Valladolid,Valladolid
Renault,Talisman,Diésel,139961.0,130.0,manual,13990,Huelva,21004,Huelva,Huelva
Renault,Talisman,Diésel,139961.0,130.0,manual,12990,Huelva,21004,Huelva,Huelva
Renault,Talisman,Diésel,139961.0,130.0,manual,13990,Murcia,30005,Murcia,Murcia
Renault,Talisman,Diésel,139961.0,130.0,manual,12990,Murcia,30005,Murcia,Murcia
Renault,Talisman,Diésel,107935.0,160.0,automatic,21800,Alcorcón,28924,Madrid,Alcorcón
Renault,Talisman,Diésel,139961.0,130.0,manual,13990,Almería,4006,Almería,Almería
Renault,Talisman,Diésel,139961.0,130.0,manual,12990,Almería,4006,Almería,Almería
Renault,Talisman,Diésel,107935.0,160.0,automatic,21800,Leganés,28915,Madrid,Leganés
Renault,Talisman,Diésel,139961.0,130.0,manual,13990,Sevilla,41017,Sevilla,Sevilla
Renault,Talisman,Diésel,139961.0,130.0,manual,12990,Sevilla,41017,Sevilla,Sevilla
Renault,Talisman,Diésel,107935.0,160.0,automatic,21800,Murcia,30004,Murcia,Murcia
Renault,Talisman,Diésel,107935.0,160.0,automatic,21800,Barcelona,8041,Barcelona,Barcelona
Renault,Talisman,Diésel,107935.0,160.0,automatic,21800,Valencia,28943,Madrid,Valencia
Renault,Talisman,Diésel,139961.0,130.0,manual,13990,Bilbao,48004,Bizkaia,Bilbao
Renault,Talisman,Diésel,139961.0,130.0,manual,12990,Bilbao,48004,Bizkaia,Bilbao
Renault,Talisman,Diésel,139961.0,130.0,manual,13990,Málaga,29005,Málaga,Málaga
Renault,Talisman,Diésel,139961.0,130.0,manual,12990,Málaga,29005,Málaga,Málaga
Renault,Talisman,Diésel,139961.0,130.0,manual,13990,Valencia,46001,Valencia,Valencia
Renault,Talisman,Diésel,139961.0,130.0,manual,12990,Valencia,46001,Valencia,Valencia
Renault,Talisman,Diésel,139961.0,130.0,manual,13990,Alicante,3010,Alicante,Alicante
Renault,Talisman,Diésel,139961.0,130.0,manual,13990,Alicante,3010,Murcia,Alicante
Renault,Talisman,Diésel,139961.0,130.0,manual,12990,Alicante,3010,Alicante,Alicante
Renault,Talisman,Diésel,139961.0,130.0,manual,12990,Alicante,3010,Murcia,Alicante
Renault,Talisman,Diésel,139961.0,130.0,manual,13990,Badajoz,6003,Badajoz,Badajoz
Renault,Talisman,Diésel,139961.0,130.0,manual,12990,Badajoz,6003,Badajoz,Badajoz
Renault,Talisman,Diésel,139961.0,130.0,manual,13990,Granada,18005,Granada,Granada
Renault,Talisman,Diésel,139961.0,130.0,manual,12990,Granada,18005,Granada,Granada
Renault,Talisman,Diésel,139961.0,130.0,manual,13990,Cáceres,10001,Cáceres,Cáceres
Renault,Talisman,Diésel,139961.0,130.0,manual,12990,Cáceres,10001,Cáceres,Cáceres
Renault,Talisman,Diésel,139961.0,130.0,manual,13990,Córdoba,14003,Córdoba,Córdoba
Renault,Talisman,Diésel,139961.0,130.0,manual,12990,Córdoba,14003,Córdoba,Córdoba
Renault,Talisman,Diésel,165000.0,110.0,manual,16900,Orbazai,27297,Lugo,Orbazai
Renault,Talisman,Diésel,178000.0,110.0,manual,12900,Don Benito,6400,Badajoz,Don Benito
Renault,Talisman,Diésel,146500.0,130.0,manual,13990,Sevilla,41005,Sevilla,Sevilla
Renault,Talisman,Diésel,146500.0,130.0,manual,13990,Murcia,30005,Murcia,Murcia
Renault,Talisman,Diésel,146500.0,130.0,manual,13990,Málaga,29005,Málaga,Málaga
Renault,Talisman,Diésel,146500.0,130.0,manual,13990,Granada,18005,Granada,Granada
Renault,Talisman,Diésel,146500.0,130.0,manual,13990,Bilbao,48004,Bizkaia,Bilbao
Renault,Talisman,Diésel,146500.0,130.0,manual,13990,Girona,17007,Girona,Girona
Renault,Talisman,Diésel,146500.0,130.0,manual,13990,Alicante,3010,Alicante,Alicante
Renault,Talisman,Diésel,146500.0,130.0,manual,13990,Alicante,3010,Murcia,Alicante
Renault,Talisman,Diésel,146500.0,130.0,manual,13990,Valencia,46001,Valencia,Valencia
Renault,Talisman,Diésel,146500.0,130.0,manual,13990,Vigo,36211,Pontevedra,Vigo
Renault,Talisman,Diésel,146500.0,130.0,manual,13990,Òrrius,8317,Barcelona,Òrrius
Renault,Talisman,Diésel,146500.0,130.0,manual,13990,Almería,4006,Almería,Almería
Renault,Talisman,Diésel,146500.0,130.0,manual,13990,Palau-Solita I Plegamans,8184,Barcelona,Palau-Solita I Plegamans
Renault,Talisman,Diésel,146500.0,130.0,manual,13990,Palau-Solita I Plegamans,8184,Barcelona,Palau-Solita I Plegamans
Renault,Talisman,Diésel,146500.0,130.0,manual,13990,Ullastrell,8231,Barcelona,Ullastrell
Renault,Talisman,Diésel,71550.0,110.0,manual,15390,Almería,4006,Almería,Almería
Renault,Talisman,Diésel,71550.0,110.0,manual,15390,Valencia,46001,Valencia,Valencia
Renault,Talisman,Diésel,71550.0,110.0,manual,15390,Bilbao,48004,Bizkaia,Bilbao
Renault,Talisman,Diésel,71550.0,110.0,manual,15390,Sevilla,41005,Sevilla,Sevilla
Renault,Talisman,Diésel,71550.0,110.0,manual,15390,Málaga,29005,Málaga,Málaga
Renault,Talisman,Diésel,71550.0,110.0,manual,15390,Murcia,30005,Murcia,Murcia
Renault,Talisman,Diésel,71550.0,110.0,manual,15390,Granada,18005,Granada,Granada
Renault,Talisman,Diésel,71550.0,110.0,manual,15390,Vigo,36211,Pontevedra,Vigo
Renault,Talisman,Diésel,71550.0,110.0,manual,15390,Alicante,3010,Alicante,Alicante
Renault,Talisman,Diésel,71550.0,110.0,manual,15390,Alicante,3010,Murcia,Alicante
Renault,Talisman,Diésel,71550.0,110.0,manual,15390,Colonia Pablo Iglesias,28520,Madrid,Colonia Pablo Iglesias
Renault,Talisman,Diésel,71550.0,110.0,manual,15390,Las Rozas de Madrid,28232,Madrid,Las Rozas de Madrid
Renault,Talisman,Diésel,71550.0,110.0,manual,15390,Camarma de Esteruelas,28816,Madrid,Camarma de Esteruelas
Renault,Talisman,Diésel,71550.0,110.0,manual,15390,Camarma de Esteruelas,28816,Madrid,Camarma de Esteruelas
Renault,Talisman,Diésel,71550.0,110.0,manual,15390,Fuenlabrada,28947,Madrid,Fuenlabrada
Renault,Talisman,Diésel,71550.0,110.0,manual,15390,Villaviciosa de Odón,28670,Madrid,Villaviciosa de Odón
Renault,Talisman,Diésel,71550.0,110.0,manual,15390,Urbanizacion La Granjilla,28700,Madrid,Urbanizacion La Granjilla
Renault,Talisman,Diésel,71550.0,110.0,manual,15390,Toledo,45002,Toledo,Toledo
Renault,Talisman,Diésel,147000.0,110.0,manual,15900,Balmaseda,48800,Bizkaia,Balmaseda
Renault,Talisman,Diésel,99950.0,130.0,automatic,16450,Burjassot,46100,Valencia,Burjassot
Renault,Talisman,Diésel,105990.0,150.0,manual,16490,Murcia,30005,Murcia,Murcia
Renault,Talisman,Diésel,105990.0,150.0,manual,16390,Murcia,30005,Murcia,Murcia
Renault,Talisman,Diésel,105990.0,150.0,manual,16490,Urbanizacion La Granjilla,28700,Madrid,Urbanizacion La Granjilla
Renault,Talisman,Diésel,105990.0,150.0,manual,16390,Urbanizacion La Granjilla,28700,Madrid,Urbanizacion La Granjilla
Renault,Talisman,Diésel,105990.0,150.0,manual,16490,Camarma de Esteruelas,28816,Madrid,Camarma de Esteruelas
Renault,Talisman,Diésel,105990.0,150.0,manual,16490,Camarma de Esteruelas,28816,Madrid,Camarma de Esteruelas
Renault,Talisman,Diésel,105990.0,150.0,manual,16390,Camarma de Esteruelas,28816,Madrid,Camarma de Esteruelas
Renault,Talisman,Diésel,105990.0,150.0,manual,16390,Camarma de Esteruelas,28816,Madrid,Camarma de Esteruelas
Renault,Talisman,Diésel,105990.0,150.0,manual,16490,Bilbao,48004,Bizkaia,Bilbao
Renault,Talisman,Diésel,105990.0,150.0,manual,16390,Bilbao,48004,Bizkaia,Bilbao
Renault,Talisman,Diésel,105990.0,150.0,manual,16490,Vigo,36211,Pontevedra,Vigo
Renault,Talisman,Diésel,105990.0,150.0,manual,16390,Vigo,36211,Pontevedra,Vigo
Renault,Talisman,Diésel,105990.0,150.0,manual,16490,Sevilla,41005,Sevilla,Sevilla
Renault,Talisman,Diésel,105990.0,150.0,manual,16390,Sevilla,41005,Sevilla,Sevilla
Renault,Talisman,Diésel,105990.0,150.0,manual,16490,Alicante,3010,Alicante,Alicante
Renault,Talisman,Diésel,105990.0,150.0,manual,16490,Alicante,3010,Murcia,Alicante
Renault,Talisman,Diésel,105990.0,150.0,manual,16390,Alicante,3010,Alicante,Alicante
Renault,Talisman,Diésel,105990.0,150.0,manual,16390,Alicante,3010,Murcia,Alicante
Renault,Talisman,Diésel,105990.0,150.0,manual,16490,Granada,18005,Granada,Granada
Renault,Talisman,Diésel,105990.0,150.0,manual,16390,Granada,18005,Granada,Granada
Renault,Talisman,Diésel,105990.0,150.0,manual,16490,Málaga,29005,Málaga,Málaga
Renault,Talisman,Diésel,105990.0,150.0,manual,16390,Málaga,29005,Málaga,Málaga
Renault,Talisman,Diésel,105990.0,150.0,manual,16490,Valencia,46001,Valencia,Valencia
Renault,Talisman,Diésel,105990.0,150.0,manual,16390,Valencia,46001,Valencia,Valencia
Renault,Talisman,Diésel,105990.0,150.0,manual,16490,Fuenlabrada,28947,Madrid,Fuenlabrada
Renault,Talisman,Diésel,105990.0,150.0,manual,16390,Fuenlabrada,28947,Madrid,Fuenlabrada
Renault,Talisman,Diésel,105990.0,150.0,manual,16490,Almería,4006,Almería,Almería
Renault,Talisman,Diésel,105990.0,150.0,manual,16390,Almería,4006,Almería,Almería
Renault,Talisman,Diésel,105990.0,150.0,manual,16490,Toledo,45002,Toledo,Toledo
Renault,Talisman,Diésel,105990.0,150.0,manual,16390,Toledo,45002,Toledo,Toledo
Renault,Talisman,Diésel,105990.0,150.0,manual,16490,Las Rozas de Madrid,28232,Madrid,Las Rozas de Madrid
Renault,Talisman,Diésel,105990.0,150.0,manual,16390,Las Rozas de Madrid,28232,Madrid,Las Rozas de Madrid
Renault,Talisman,Diésel,105990.0,150.0,manual,16490,Colonia Pablo Iglesias,28520,Madrid,Colonia Pablo Iglesias
Renault,Talisman,Diésel,105990.0,150.0,manual,16390,Colonia Pablo Iglesias,28520,Madrid,Colonia Pablo Iglesias
Renault,Talisman,Diésel,105990.0,150.0,manual,16490,Villaviciosa de Odón,28670,Madrid,Villaviciosa de Odón
Renault,Talisman,Diésel,105990.0,150.0,manual,16390,Villaviciosa de Odón,28670,Madrid,Villaviciosa de Odón
Renault,Talisman,Diésel,167000.0,110.0,manual,13900,Don Benito,6400,Badajoz,Don Benito
Renault,Talisman,Diésel,146650.0,110.0,manual,13450,Alcorcón,28923,Madrid,Alcorcón
Renault,Talisman,Diésel,146650.0,110.0,manual,13450,Los Negrales,28430,Madrid,Los Negrales
Renault,Talisman,Diésel,146650.0,110.0,manual,13450,Los Negrales,28430,Madrid,Los Negrales
Renault,Talisman,Diésel,146650.0,110.0,manual,13450,Madrid,28046,Madrid,Madrid
Renault,Talisman,Diésel,100357.0,130.0,manual,17490,Getafe,28924,Madrid,Getafe
Renault,Talisman,Diésel,190000.0,130.0,manual,10990,Arizgoiti,48970,Bizkaia,Arizgoiti
Renault,Talisman,Diésel,117000.0,130.0,manual,14990,Getafe,28924,Madrid,Getafe
Renault,Talisman,Diésel,77031.0,110.0,manual,16450,Sevilla,41011,Sevilla,Sevilla
Renault,Talisman,Diésel,77031.0,110.0,manual,16400,Sevilla,41011,Sevilla,Sevilla
Renault,Talisman,Diésel,77846.0,130.0,manual,16490,Getafe,28924,Madrid,Getafe
Renault,Talisman,Diésel,127000.0,130.0,manual,14790,Getafe,28924,Madrid,Getafe
Renault,Talisman,Diésel,67672.0,160.0,automatic,18390,Oviedo,33003,Asturias,Oviedo
Renault,Talisman,Diésel,125000.0,130.0,manual,14790,Getafe,28924,Madrid,Getafe
Renault,Talisman,Diésel,67672.0,160.0,automatic,18390,Sevilla,41005,Sevilla,Sevilla
Renault,Talisman,Diésel,67672.0,160.0,automatic,18390,Valencia,46001,Valencia,Valencia
Renault,Talisman,Diésel,67672.0,160.0,automatic,18390,Alicante,3010,Alicante,Alicante
Renault,Talisman,Diésel,67672.0,160.0,automatic,18390,Alicante,3010,Murcia,Alicante
Renault,Talisman,Diésel,67672.0,160.0,automatic,18390,Bilbao,48004,Bizkaia,Bilbao
Renault,Talisman,Diésel,67672.0,160.0,automatic,18390,Granada,18005,Granada,Granada
Renault,Talisman,Diésel,67672.0,160.0,automatic,18390,Murcia,30005,Murcia,Murcia
Renault,Talisman,Diésel,67672.0,160.0,automatic,18390,Málaga,29005,Málaga,Málaga
Renault,Talisman,Diésel,67672.0,160.0,automatic,18390,Vigo,36211,Pontevedra,Vigo
Renault,Talisman,Diésel,67672.0,160.0,automatic,18390,Vilagarcía de Arousa,36600,Pontevedra,Vilagarcía de Arousa
Renault,Talisman,Diésel,67672.0,160.0,automatic,18390,A Coruña,15005,A Coruña,A Coruña
Renault,Talisman,Diésel,67672.0,160.0,automatic,18390,Almería,4006,Almería,Almería
Renault,Talisman,Diésel,176571.0,120.0,manual,15800,Sevilla,41007,Sevilla,Sevilla
Renault,Talisman,Diésel,160000.0,110.0,manual,13500,Elda,3600,Alicante,Elda
Renault,Talisman,Diésel,104000.0,130.0,manual,16590,Irun,20305,Gipuzkoa,Irun
Renault,Talisman,Diésel,64900.0,160.0,automatic,22850,Alcorcón,28923,Madrid,Alcorcón
Renault,Talisman,Diésel,64900.0,160.0,automatic,22850,Los Negrales,28430,Madrid,Los Negrales
Renault,Talisman,Diésel,64900.0,160.0,automatic,22850,Los Negrales,28430,Madrid,Los Negrales
Renault,Talisman,Diésel,64900.0,160.0,automatic,22850,Madrid,28046,Madrid,Madrid
Renault,Talisman,Diésel,187300.0,130.0,manual,12490,Talayuela,10310,Cáceres,Talayuela
Renault,Talisman,Diésel,152000.0,130.0,manual,15900,Aldeaseca de La Armuña,37189,Salamanca,Aldeaseca de La Armuña
Renault,Talisman,Diésel,122000.0,130.0,manual,16390,Getafe,28924,Madrid,Getafe
Renault,Talisman,Diésel,140000.0,110.0,manual,14700,Lugar Nuevo de La Corona,46910,Valencia,Lugar Nuevo de La Corona
Renault,Talisman,Diésel,140000.0,110.0,manual,14700,Lugar Nuevo de La Corona,46910,Valencia,Lugar Nuevo de La Corona
Renault,Talisman,Diésel,140000.0,110.0,manual,14700,Lugar Nuevo de La Corona,46910,Valencia,Lugar Nuevo de La Corona
Renault,Talisman,Diésel,140000.0,110.0,manual,14700,Lugar Nuevo de La Corona,46910,Valencia,Lugar Nuevo de La Corona
Renault,Talisman,Diésel,193000.0,110.0,manual,11900,Monteprincipe,28660,Madrid,Monteprincipe
Renault,Talisman,Diésel,119000.0,130.0,automatic,15950,Navalcarnero,28600,Madrid,Navalcarnero
Renault,Talisman,Diésel,193944.0,130.0,manual,14299,Sevilla,41007,Sevilla,Sevilla
Renault,Talisman,Diésel,190000.0,110.0,manual,11990,Arbuio,48810,Bizkaia,Arbuio
Renault,Talisman,Diésel,170000.0,130.0,manual,14900,Quintanar de la Orden,45800,Toledo,Quintanar de la Orden
Volkswagen,Golf,Gasolina,257400.0,100.0,manual,2290,Málaga,29004,Málaga,Málaga
Volkswagen,Golf,Eléctrico,49000.0,136.0,automatic,24990,Alcorcón,28924,Madrid,Alcorcón
Volkswagen,Golf,Eléctrico,49000.0,136.0,automatic,25500,Alcorcón,28924,Madrid,Alcorcón
Citroen,C-Élysée,Diésel,30000.0,102.0,manual,13500,Bollullos de la Mitación,41110,Sevilla,Bollullos de la Mitación
Citroen,C-Élysée,Diésel,6228.0,102.0,manual,15180,Barcelona,8007,Barcelona,Barcelona
Citroen,C-Élysée,Diésel,97583.0,100.0,manual,6990,Murcia,30005,Murcia,Murcia
Citroen,C-Élysée,Diésel,97583.0,100.0,manual,6990,Valencia,46001,Valencia,Valencia
Citroen,C-Élysée,Diésel,97583.0,100.0,manual,6990,Málaga,29005,Málaga,Málaga
Citroen,C-Élysée,Gasolina,37949.0,82.0,manual,12990,Cáceres,10001,Cáceres,Cáceres
Citroen,C-Élysée,Diésel,6228.0,102.0,manual,15180,Colonia Pablo Iglesias,28520,Madrid,Colonia Pablo Iglesias
Citroen,C-Élysée,Gasolina,37949.0,82.0,manual,12990,Córdoba,14003,Córdoba,Córdoba
Citroen,C-Élysée,Diésel,97583.0,100.0,manual,6990,Córdoba,14003,Córdoba,Córdoba
Citroen,C-Élysée,Diésel,97583.0,100.0,manual,6990,Ciudad Real,13005,Ciudad Real,Ciudad Real
Citroen,C-Élysée,Diésel,6228.0,102.0,manual,15180,Las Rozas de Madrid,28232,Madrid,Las Rozas de Madrid
Citroen,C-Élysée,Diésel,6228.0,102.0,manual,15180,Atarrabia,31610,Navarra,Atarrabia
Citroen,C-Élysée,Diésel,6228.0,102.0,manual,15180,Alameda del Obispo,14005,Córdoba,Alameda del Obispo
Citroen,C-Élysée,Diésel,6228.0,102.0,manual,15180,Torremolinos,29620,Málaga,Torremolinos
Citroen,C-Élysée,Diésel,6228.0,102.0,manual,15180,Torremolinos,29620,Málaga,Torremolinos
Citroen,C-Élysée,Diésel,6228.0,102.0,manual,15180,Torremolinos,29620,Málaga,Torremolinos
Citroen,C-Élysée,Diésel,6228.0,102.0,manual,15180,Mercabilbao,48970,Bizkaia,Mercabilbao
Citroen,C-Élysée,Diésel,6228.0,102.0,manual,15180,Zaragoza,50013,Zaragoza,Zaragoza
Citroen,C-Élysée,Diésel,6228.0,102.0,manual,15180,Alzira,46600,Valencia,Alzira
Citroen,C-Élysée,Diésel,6228.0,102.0,manual,15180,Alzira,46600,Valencia,Alzira
Citroen,C-Élysée,Diésel,6228.0,102.0,manual,15180,Albacete,2001,Albacete,Albacete
Citroen,C-Élysée,Diésel,6228.0,102.0,manual,15180,Castello/Castellon de La Plana,12100,Castellón,Castello/Castellon de La Plana
Citroen,C-Élysée,Diésel,6228.0,102.0,manual,15180,Badajoz,6008,Badajoz,Badajoz
Citroen,C-Élysée,Diésel,6228.0,102.0,manual,15180,Puerto de Sagunto,46520,Valencia,Puerto de Sagunto
Citroen,C-Élysée,Diésel,6228.0,102.0,manual,15180,Alcalá de Guadaíra,41500,Sevilla,Alcalá de Guadaíra
Citroen,C-Élysée,Diésel,6228.0,102.0,manual,15180,Alcobendas,28100,Madrid,Alcobendas
Citroen,C-Élysée,Diésel,6228.0,102.0,manual,15180,Paterna,46980,Valencia,Paterna
Citroen,C-Élysée,Diésel,6228.0,102.0,manual,15180,Santafe,18320,Granada,Santafe
Citroen,C-Élysée,Diésel,6228.0,102.0,manual,15180,Hidraulica Santillana,28770,Madrid,Hidraulica Santillana
Citroen,C-Élysée,Diésel,6228.0,102.0,manual,15180,Alicante,3007,Alicante,Alicante
Citroen,C-Élysée,Diésel,6228.0,102.0,manual,15180,Getafe,28906,Madrid,Getafe
Citroen,C-Élysée,Diésel,6228.0,102.0,manual,15180,Collado Villalba,28400,Madrid,Collado Villalba
Citroen,C-Élysée,Diésel,6228.0,102.0,manual,15180,Collado Villalba,28400,Madrid,Collado Villalba
Citroen,C-Élysée,Gasolina,119837.0,115.0,manual,8690,Alcalá de Henares,28802,Madrid,Alcalá de Henares
Citroen,C-Élysée,Diésel,65594.0,102.0,manual,10990,Málaga,29005,Málaga,Málaga
Citroen,C-Élysée,Gasolina,117899.0,82.0,manual,9990,Málaga,29005,Málaga,Málaga
Citroen,C-Élysée,Gasolina,117899.0,82.0,manual,9990,Alicante,3010,Alicante,Alicante
Citroen,C-Élysée,Gasolina,117899.0,82.0,manual,9990,Alicante,3010,Murcia,Alicante
Citroen,C-Élysée,Gasolina,117899.0,82.0,manual,9990,Valencia,46001,Valencia,Valencia
Citroen,C-Élysée,Gasolina,117899.0,82.0,manual,9990,Granada,18005,Granada,Granada
Citroen,C-Élysée,Gasolina,117899.0,82.0,manual,9990,Sevilla,41017,Sevilla,Sevilla
Citroen,C-Élysée,Gasolina,117899.0,82.0,manual,9990,Estepona,29680,Málaga,Estepona
Citroen,C-Élysée,Gasolina,117899.0,82.0,manual,9990,Murcia,30005,Murcia,Murcia
Citroen,C-Élysée,Gasolina,117899.0,82.0,manual,9990,Marbella,29601,Málaga,Marbella
Citroen,C-Élysée,Gasolina,117899.0,82.0,manual,9990,Algeciras,11202,Cádiz,Algeciras
Citroen,C-Élysée,Gasolina,22850.0,82.0,manual,9990,Murcia,30005,Murcia,Murcia
Citroen,C-Élysée,Gasolina,22850.0,82.0,manual,9990,Pamplona/Iruña,31001,Navarra,Pamplona/Iruña
Citroen,C-Élysée,Gasolina,22850.0,82.0,manual,9990,Vigo,36211,Pontevedra,Vigo
Citroen,C-Élysée,Diésel,65594.0,102.0,manual,10990,Murcia,30005,Murcia,Murcia
Citroen,C-Élysée,Diésel,65594.0,102.0,manual,10990,Vigo,36211,Pontevedra,Vigo
Citroen,C-Élysée,Gasolina,22850.0,82.0,manual,9990,Granada,18005,Granada,Granada
Citroen,C-Élysée,Gasolina,22850.0,82.0,manual,9990,Bilbao,48004,Bizkaia,Bilbao
Citroen,C-Élysée,Diésel,65594.0,102.0,manual,10990,Granada,18005,Granada,Granada
Citroen,C-Élysée,Diésel,65594.0,102.0,manual,10990,Bilbao,48004,Bizkaia,Bilbao
Citroen,C-Élysée,Diésel,65594.0,102.0,manual,10990,Palma de Mallorca,7003,Baleares,Palma de Mallorca
Citroen,C-Élysée,Gasolina,36572.0,82.0,manual,13499,Barcelona,8007,Barcelona,Barcelona
Citroen,C-Élysée,Gasolina,36572.0,82.0,manual,13199,Barcelona,8007,Barcelona,Barcelona
Citroen,C-Élysée,Gasolina,22850.0,82.0,manual,9990,Santander,39010,Cantabria,Santander
Citroen,C-Élysée,Gasolina,22850.0,82.0,manual,9990,Armentia,1007,Álava,Armentia
Citroen,C-Élysée,Diésel,65594.0,102.0,manual,10990,Sevilla,41005,Sevilla,Sevilla
Citroen,C-Élysée,Diésel,65594.0,102.0,manual,10990,Castellón,12001,Castellón,Castellón
Citroen,C-Élysée,Gasolina,22850.0,82.0,manual,9990,Almería,4006,Almería,Almería
Citroen,C-Élysée,Diésel,65594.0,102.0,manual,10990,Almería,4006,Almería,Almería
Citroen,C-Élysée,Gasolina,22850.0,82.0,manual,9990,Valencia,46001,Valencia,Valencia
Citroen,C-Élysée,Gasolina,22850.0,82.0,manual,9990,Alicante,3010,Alicante,Alicante
Citroen,C-Élysée,Gasolina,22850.0,82.0,manual,9990,Alicante,3010,Murcia,Alicante
Citroen,C-Élysée,Diésel,65594.0,102.0,manual,10990,Valencia,46001,Valencia,Valencia
Citroen,C-Élysée,Diésel,65594.0,102.0,manual,10990,Alicante,3010,Alicante,Alicante
Citroen,C-Élysée,Diésel,65594.0,102.0,manual,10990,Alicante,3010,Murcia,Alicante
Citroen,C-Élysée,Gasolina,36572.0,82.0,manual,13499,Madrid,28014,Madrid,Madrid
Citroen,C-Élysée,Gasolina,36572.0,82.0,manual,13199,Madrid,28014,Madrid,Madrid
Citroen,C-Élysée,Gasolina,56120.0,82.0,manual,10490,Móstoles,28932,Madrid,Móstoles
Citroen,C-Élysée,Gasolina,56120.0,82.0,manual,9990,Móstoles,28932,Madrid,Móstoles
Citroen,C-Élysée,Gasolina,22850.0,82.0,manual,9990,Oviedo,33003,Asturias,Oviedo
Citroen,C-Élysée,Diésel,13315.0,100.0,manual,14975,Algeciras,11205,Cádiz,Algeciras
Citroen,C-Élysée,Gasolina,73175.0,82.0,manual,12200,A Coruña,15003,A Coruña,A Coruña
Citroen,C-Élysée,Gasolina,73175.0,82.0,manual,11100,A Coruña,15003,A Coruña,A Coruña
Citroen,C-Élysée,Gasolina,73175.0,82.0,manual,12200,Granada,18002,Granada,Granada
Citroen,C-Élysée,Gasolina,73175.0,82.0,manual,11100,Granada,18002,Granada,Granada
Citroen,C-Élysée,Gasolina,73175.0,82.0,manual,12200,Donostia-San Sebastián,20005,Gipuzkoa,Donostia-San Sebastián
Citroen,C-Élysée,Gasolina,73175.0,82.0,manual,11100,Donostia-San Sebastián,20005,Gipuzkoa,Donostia-San Sebastián
Citroen,C-Élysée,Gasolina,73175.0,82.0,manual,12200,Zaragoza,50003,Zaragoza,Zaragoza
Citroen,C-Élysée,Gasolina,73175.0,82.0,manual,11100,Zaragoza,50003,Zaragoza,Zaragoza
Citroen,C-Élysée,Gasolina,73175.0,82.0,manual,12200,Alcalá de Henares,28801,Madrid,Alcalá de Henares
Citroen,C-Élysée,Gasolina,73175.0,82.0,manual,11100,Alcalá de Henares,28801,Madrid,Alcalá de Henares
Citroen,C-Élysée,Gasolina,73175.0,82.0,manual,12200,Barcelona,8013,Barcelona,Barcelona
Citroen,C-Élysée,Gasolina,73175.0,82.0,manual,11100,Barcelona,8013,Barcelona,Barcelona
Citroen,C-Élysée,Gasolina,73175.0,82.0,manual,12200,Santander,39002,Cantabria,Santander
Citroen,C-Élysée,Gasolina,73175.0,82.0,manual,11100,Santander,39002,Cantabria,Santander
Citroen,C-Élysée,Gasolina,73175.0,82.0,manual,12200,Urbanitzacio El Medol,43150,Tarragona,Urbanitzacio El Medol
Citroen,C-Élysée,Gasolina,73175.0,82.0,manual,11100,Urbanitzacio El Medol,43150,Tarragona,Urbanitzacio El Medol
Citroen,C-Élysée,Gasolina,73175.0,82.0,manual,12200,Barcelona,8008,Barcelona,Barcelona
Citroen,C-Élysée,Gasolina,73175.0,82.0,manual,11100,Barcelona,8008,Barcelona,Barcelona
Citroen,C-Élysée,Gasolina,73175.0,82.0,manual,12200,Sevilla,41004,Sevilla,Sevilla
Citroen,C-Élysée,Gasolina,73175.0,82.0,manual,11100,Sevilla,41004,Sevilla,Sevilla
Citroen,C-Élysée,Gasolina,73175.0,82.0,manual,12200,Valladolid,47004,Valladolid,Valladolid
Citroen,C-Élysée,Gasolina,73175.0,82.0,manual,11100,Valladolid,47004,Valladolid,Valladolid
Citroen,C-Élysée,Gasolina,73175.0,82.0,manual,12200,Madrid,28013,Madrid,Madrid
Citroen,C-Élysée,Gasolina,73175.0,82.0,manual,11100,Madrid,28013,Madrid,Madrid
Citroen,C-Élysée,Gasolina,73175.0,82.0,manual,12200,San Sebastián de Los Reyes,28700,Madrid,San Sebastián de Los Reyes
Citroen,C-Élysée,Gasolina,73175.0,82.0,manual,11100,San Sebastián de Los Reyes,28700,Madrid,San Sebastián de Los Reyes
Citroen,C-Élysée,Gasolina,73175.0,82.0,manual,12200,Valencia,46003,Valencia,Valencia
Citroen,C-Élysée,Gasolina,73175.0,82.0,manual,11100,Valencia,46003,Valencia,Valencia
Citroen,C-Élysée,Gasolina,73175.0,82.0,manual,12200,Viladecans,8840,Barcelona,Viladecans
Citroen,C-Élysée,Gasolina,73175.0,82.0,manual,11100,Viladecans,8840,Barcelona,Viladecans
Citroen,C-Élysée,Gasolina,73175.0,82.0,manual,12200,Murcia,30001,Murcia,Murcia
Citroen,C-Élysée,Gasolina,73175.0,82.0,manual,11100,Murcia,30001,Murcia,Murcia
Citroen,C-Élysée,Gasolina,73175.0,82.0,manual,12200,Sabadell,8203,Barcelona,Sabadell
Citroen,C-Élysée,Gasolina,73175.0,82.0,manual,11100,Sabadell,8203,Barcelona,Sabadell
Citroen,C-Élysée,Gasolina,73175.0,82.0,manual,12200,Toledo,45002,Toledo,Toledo
Citroen,C-Élysée,Gasolina,73175.0,82.0,manual,11100,Toledo,45002,Toledo,Toledo
Citroen,C-Élysée,Gasolina,73175.0,82.0,manual,12200,Alcobendas,28100,Madrid,Alcobendas
Citroen,C-Élysée,Gasolina,73175.0,82.0,manual,11100,Alcobendas,28100,Madrid,Alcobendas
Citroen,C-Élysée,Gasolina,73175.0,82.0,manual,12200,Almería,4001,Almería,Almería
Citroen,C-Élysée,Gasolina,73175.0,82.0,manual,11100,Almería,4001,Almería,Almería
Citroen,C-Élysée,Gasolina,73175.0,82.0,manual,12200,Alicante,3001,Alicante,Alicante
Citroen,C-Élysée,Gasolina,73175.0,82.0,manual,11100,Alicante,3001,Alicante,Alicante
Citroen,C-Élysée,Gasolina,73175.0,82.0,manual,12200,Málaga,29015,Málaga,Málaga
Citroen,C-Élysée,Gasolina,73175.0,82.0,manual,11100,Málaga,29015,Málaga,Málaga
Citroen,C-Élysée,Gasolina,73175.0,82.0,manual,12200,Leganés,28914,Madrid,Leganés
Citroen,C-Élysée,Gasolina,73175.0,82.0,manual,11100,Leganés,28914,Madrid,Leganés
Citroen,C-Élysée,Gasolina,73175.0,82.0,manual,12200,Leganés,28911,Madrid,Leganés
Citroen,C-Élysée,Gasolina,73175.0,82.0,manual,11100,Leganés,28911,Madrid,Leganés
Citroen,C-Élysée,Gasolina,73175.0,82.0,manual,12200,Sant Cugat del Vallès,8172,Barcelona,Sant Cugat del Vallès
Citroen,C-Élysée,Gasolina,73175.0,82.0,manual,11100,Sant Cugat del Vallès,8172,Barcelona,Sant Cugat del Vallès
Citroen,C-Élysée,Gasolina,73175.0,82.0,manual,12200,Huelva,21004,Huelva,Huelva
Citroen,C-Élysée,Gasolina,73175.0,82.0,manual,11100,Huelva,21004,Huelva,Huelva
Citroen,C-Élysée,Gasolina,73175.0,82.0,manual,12200,Móstoles,28931,Madrid,Móstoles
Citroen,C-Élysée,Gasolina,73175.0,82.0,manual,11100,Móstoles,28931,Madrid,Móstoles
Citroen,C-Élysée,Diésel,53000.0,100.0,manual,11900,Málaga,29002,Málaga,Málaga
Citroen,C-Élysée,Diésel,53000.0,100.0,manual,9990,Piera,8784,Barcelona,Piera
Citroen,C-Élysée,Gasolina,79526.0,82.0,manual,8990,Alicante,3010,Alicante,Alicante
Citroen,C-Élysée,Gasolina,79526.0,82.0,manual,8990,Alicante,3010,Murcia,Alicante
Citroen,C-Élysée,Diésel,17741.0,102.0,manual,13990,Alicante,3010,Alicante,Alicante
Citroen,C-Élysée,Diésel,17741.0,102.0,manual,13990,Alicante,3010,Murcia,Alicante
Citroen,C-Élysée,Diésel,162997.0,100.0,manual,6990,Alicante,3010,Alicante,Alicante
Citroen,C-Élysée,Diésel,162997.0,100.0,manual,6990,Alicante,3010,Murcia,Alicante
Citroen,C-Élysée,Gasolina,80000.0,82.0,manual,8990,Alicante,3010,Alicante,Alicante
Citroen,C-Élysée,Gasolina,80000.0,82.0,manual,8990,Alicante,3010,Murcia,Alicante
Citroen,C-Élysée,Diésel,34500.0,102.0,manual,13990,Alicante,3010,Alicante,Alicante
Citroen,C-Élysée,Diésel,34500.0,102.0,manual,13990,Alicante,3010,Murcia,Alicante
Citroen,C-Élysée,Gasolina,79526.0,82.0,manual,8990,Valencia,46001,Valencia,Valencia
Citroen,C-Élysée,Diésel,17741.0,102.0,manual,13990,Valencia,46001,Valencia,Valencia
Citroen,C-Élysée,Diésel,162997.0,100.0,manual,6990,Valencia,46001,Valencia,Valencia
Citroen,C-Élysée,Gasolina,80000.0,82.0,manual,8990,Valencia,46001,Valencia,Valencia
Citroen,C-Élysée,Diésel,34500.0,102.0,manual,13990,Valencia,46001,Valencia,Valencia
Citroen,C-Élysée,Gasolina,79526.0,82.0,manual,8990,Vigo,36211,Pontevedra,Vigo
Citroen,C-Élysée,Diésel,17741.0,102.0,manual,13990,Vigo,36211,Pontevedra,Vigo
Citroen,C-Élysée,Diésel,162997.0,100.0,manual,6990,Vigo,36211,Pontevedra,Vigo
Citroen,C-Élysée,Gasolina,80000.0,82.0,manual,8990,Vigo,36211,Pontevedra,Vigo
Citroen,C-Élysée,Gasolina,73057.0,82.0,manual,8999,Barcelona,8007,Barcelona,Barcelona
Citroen,C-Élysée,Gasolina,79422.0,82.0,manual,11699,Barcelona,8007,Barcelona,Barcelona
Citroen,C-Élysée,Gasolina,79526.0,82.0,manual,8990,Murcia,30005,Murcia,Murcia
Citroen,C-Élysée,Diésel,17741.0,102.0,manual,13990,Murcia,30005,Murcia,Murcia
Citroen,C-Élysée,Diésel,162997.0,100.0,manual,6990,Murcia,30005,Murcia,Murcia
Citroen,C-Élysée,Gasolina,80000.0,82.0,manual,8990,Murcia,30005,Murcia,Murcia
Citroen,C-Élysée,Diésel,34500.0,102.0,manual,13990,Murcia,30005,Murcia,Murcia
Citroen,C-Élysée,Gasolina,79526.0,82.0,manual,8990,Granada,18005,Granada,Granada
Citroen,C-Élysée,Diésel,17741.0,102.0,manual,13990,Granada,18005,Granada,Granada
Citroen,C-Élysée,Diésel,162997.0,100.0,manual,6990,Granada,18005,Granada,Granada
Citroen,C-Élysée,Gasolina,80000.0,82.0,manual,8990,Granada,18005,Granada,Granada
Citroen,C-Élysée,Diésel,34500.0,102.0,manual,13990,Granada,18005,Granada,Granada
Citroen,C-Élysée,Diésel,34500.0,102.0,manual,13990,Vigo,36211,Pontevedra,Vigo
Citroen,C-Élysée,Gasolina,79526.0,82.0,manual,8990,Bilbao,48004,Bizkaia,Bilbao
Citroen,C-Élysée,Diésel,17741.0,102.0,manual,13990,Bilbao,48004,Bizkaia,Bilbao
Citroen,C-Élysée,Diésel,162997.0,100.0,manual,6990,Bilbao,48004,Bizkaia,Bilbao
Citroen,C-Élysée,Gasolina,80000.0,82.0,manual,8990,Bilbao,48004,Bizkaia,Bilbao
Citroen,C-Élysée,Diésel,34500.0,102.0,manual,13990,Bilbao,48004,Bizkaia,Bilbao
Citroen,C-Élysée,Gasolina,79526.0,82.0,manual,8990,Sevilla,41005,Sevilla,Sevilla
Citroen,C-Élysée,Diésel,17741.0,102.0,manual,13990,Sevilla,41005,Sevilla,Sevilla
Citroen,C-Élysée,Diésel,162997.0,100.0,manual,6990,Sevilla,41005,Sevilla,Sevilla
Citroen,C-Élysée,Gasolina,79526.0,82.0,manual,8990,Almería,4006,Almería,Almería
Citroen,C-Élysée,Gasolina,80000.0,82.0,manual,8990,Sevilla,41005,Sevilla,Sevilla
Citroen,C-Élysée,Diésel,17741.0,102.0,manual,13990,Almería,4006,Almería,Almería
Citroen,C-Élysée,Diésel,162997.0,100.0,manual,6990,Almería,4006,Almería,Almería
Citroen,C-Élysée,Gasolina,80000.0,82.0,manual,8990,Almería,4006,Almería,Almería
Citroen,C-Élysée,Diésel,34500.0,102.0,manual,13990,Almería,4006,Almería,Almería
Citroen,C-Élysée,Gasolina,73057.0,82.0,manual,8999,Madrid,28014,Madrid,Madrid
Citroen,C-Élysée,Gasolina,79422.0,82.0,manual,11699,Madrid,28014,Madrid,Madrid
Citroen,C-Élysée,Gasolina,79526.0,82.0,manual,8990,Málaga,29005,Málaga,Málaga
Citroen,C-Élysée,Diésel,17741.0,102.0,manual,13990,Málaga,29005,Málaga,Málaga
Citroen,C-Élysée,Diésel,162997.0,100.0,manual,6990,Málaga,29005,Málaga,Málaga
Citroen,C-Élysée,Gasolina,80000.0,82.0,manual,8990,Málaga,29005,Málaga,Málaga
Citroen,C-Élysée,Diésel,34500.0,102.0,manual,13990,Málaga,29005,Málaga,Málaga
Citroen,C-Élysée,Diésel,34500.0,102.0,manual,13990,Sevilla,41005,Sevilla,Sevilla
Citroen,C-Élysée,Diésel,34500.0,102.0,manual,13990,Toledo,45002,Toledo,Toledo
Citroen,C-Élysée,Diésel,23918.0,92.0,manual,11990,Madrid,28046,Madrid,Madrid
Citroen,C-Élysée,Diésel,193000.0,92.0,manual,6890,Las Rozas de Madrid,28232,Madrid,Las Rozas de Madrid
Citroen,C-Élysée,Gasolina,79801.0,115.0,manual,12475,Valencia,46003,Valencia,Valencia
Citroen,C-Élysée,Gasolina,79801.0,115.0,manual,12475,Parla,28980,Madrid,Parla
Citroen,C-Élysée,Diésel,116001.0,100.0,manual,8799,Madrid,28014,Madrid,Madrid
Citroen,C-Élysée,Diésel,116001.0,100.0,manual,8499,Madrid,28014,Madrid,Madrid
Citroen,C-Élysée,Diésel,116001.0,100.0,manual,8799,Barcelona,8007,Barcelona,Barcelona
Citroen,C-Élysée,Diésel,116001.0,100.0,manual,8499,Barcelona,8007,Barcelona,Barcelona
Citroen,C-Élysée,Diésel,94000.0,99.0,manual,10995,San Fernando de Henares,28830,Madrid,San Fernando de Henares
Citroen,C-Élysée,Gasolina,56295.0,82.0,manual,10500,L'Hospitalet de Llobregat,8901,Barcelona,L'Hospitalet de Llobregat
Citroen,C-Élysée,Gasolina,91000.0,72.0,manual,7990,Barcelona,8013,Barcelona,Barcelona
Citroen,C-Élysée,Gasolina,50329.0,82.0,manual,13299,Barcelona,8007,Barcelona,Barcelona
Citroen,C-Élysée,Gasolina,50329.0,82.0,manual,12899,Barcelona,8007,Barcelona,Barcelona
Citroen,C-Élysée,Gasolina,50329.0,82.0,manual,13299,Madrid,28014,Madrid,Madrid
Citroen,C-Élysée,Gasolina,50329.0,82.0,manual,12899,Madrid,28014,Madrid,Madrid
Citroen,C-Élysée,Gasolina,110000.0,82.0,manual,10800,Valencia,46023,Valencia,Valencia
Citroen,C-Élysée,Diésel,103985.0,92.0,manual,7799,Barcelona,8007,Barcelona,Barcelona
Citroen,C-Élysée,Diésel,103985.0,92.0,manual,7799,Madrid,28014,Madrid,Madrid
Citroen,C-Élysée,Gasolina,80500.0,60.0,manual,12499,Coria del Río,41100,Sevilla,Coria del Río
Citroen,C-Élysée,Gasolina,100270.0,82.0,manual,10990,Madrid,28021,Madrid,Madrid
Citroen,C-Élysée,Gasolina,100270.0,82.0,manual,10690,Madrid,28021,Madrid,Madrid
Citroen,C-Élysée,Gasolina,74359.0,82.0,manual,9899,Barcelona,8007,Barcelona,Barcelona
Citroen,C-Élysée,Diésel,45534.0,102.0,manual,12899,Barcelona,8007,Barcelona,Barcelona
Citroen,C-Élysée,Diésel,116267.0,100.0,manual,9799,Barcelona,8007,Barcelona,Barcelona
Citroen,C-Élysée,Gasolina,74359.0,82.0,manual,9899,Madrid,28014,Madrid,Madrid
Citroen,C-Élysée,Diésel,45534.0,102.0,manual,12899,Madrid,28014,Madrid,Madrid
Citroen,C-Élysée,Diésel,116267.0,100.0,manual,9799,Madrid,28014,Madrid,Madrid
Citroen,C-Élysée,Diésel,214000.0,100.0,manual,8800,Plasencia,10600,Cáceres,Plasencia
Citroen,C-Élysée,Diésel,79995.0,100.0,manual,10990,Baena,14850,Córdoba,Baena
Citroen,C-Élysée,Diésel,79995.0,100.0,manual,10990,Baena,14850,Córdoba,Baena
Citroen,C-Élysée,Diésel,79995.0,100.0,manual,9990,Baena,14850,Córdoba,Baena
Citroen,C-Élysée,Diésel,79995.0,100.0,manual,9990,Baena,14850,Córdoba,Baena
Citroen,C-Élysée,Diésel,133462.0,92.0,manual,6899,Madrid,28014,Madrid,Madrid
Citroen,C-Élysée,Diésel,133462.0,92.0,manual,6899,Barcelona,8007,Barcelona,Barcelona
Citroen,C-Élysée,Diésel,170000.0,100.0,manual,8490,Arbuio,48810,Bizkaia,Arbuio
Citroen,C-Élysée,Diésel,80677.0,100.0,manual,9990,Alcalá de Guadaíra,41500,Sevilla,Alcalá de Guadaíra
Citroen,C-Élysée,Diésel,80677.0,100.0,manual,8990,Alcalá de Guadaíra,41500,Sevilla,Alcalá de Guadaíra
Citroen,C-Élysée,Diésel,31253.0,100.0,manual,12999,Montijo,6480,Badajoz,Montijo
Citroen,C-Élysée,Diésel,186409.0,99.0,manual,8000,Arganda del Rey,28500,Madrid,Arganda del Rey
Citroen,C-Élysée,Diésel,34500.0,102.0,manual,13990,Cáceres,10001,Cáceres,Cáceres
Citroen,C-Élysée,Diésel,34500.0,102.0,manual,13990,Ciudad Real,13005,Ciudad Real,Ciudad Real
Citroen,C-Élysée,Gasolina,34736.0,82.0,manual,13199,Barcelona,8007,Barcelona,Barcelona
Citroen,C-Élysée,Gasolina,34736.0,82.0,manual,12799,Barcelona,8007,Barcelona,Barcelona
Citroen,C-Élysée,Gasolina,34736.0,82.0,manual,13199,Madrid,28014,Madrid,Madrid
Citroen,C-Élysée,Gasolina,34736.0,82.0,manual,12799,Madrid,28014,Madrid,Madrid
Citroen,C-Élysée,Gasolina,80000.0,82.0,manual,8990,Badajoz,6003,Badajoz,Badajoz
Citroen,C-Élysée,Gasolina,80000.0,82.0,manual,8990,Huelva,21004,Huelva,Huelva
Citroen,C-Élysée,Gasolina,80000.0,82.0,manual,8990,Sevilla,41017,Sevilla,Sevilla
Citroen,C-Élysée,Gasolina,80000.0,82.0,manual,8990,Cáceres,10001,Cáceres,Cáceres
Citroen,C-Élysée,Diésel,162997.0,100.0,manual,6990,Jaén,23008,Jaén,Jaén
Citroen,C-Élysée,Diésel,162997.0,100.0,manual,6990,Estepona,29680,Málaga,Estepona
Citroen,C-Élysée,Diésel,120000.0,92.0,manual,7500,Madrid,28019,Madrid,Madrid
Audi,Q2,Diésel,71126.0,150.0,automatic,31625,Santafe,18320,Granada,Santafe
Audi,Q2,Diésel,71126.0,150.0,automatic,31625,Alzira,46600,Valencia,Alzira
Audi,Q2,Diésel,71126.0,150.0,automatic,31625,Alzira,46600,Valencia,Alzira
Audi,Q2,Diésel,71126.0,150.0,automatic,31625,Albacete,2001,Albacete,Albacete
Audi,Q2,Diésel,71126.0,150.0,automatic,31625,Zaragoza,50013,Zaragoza,Zaragoza
Citroen,C-Élysée,Diésel,17741.0,102.0,manual,13990,Gandia,46701,Valencia,Gandia
Citroen,C-Élysée,Diésel,17741.0,102.0,manual,13990,Barrio Peral,30300,Murcia,Barrio Peral
Citroen,C-Élysée,Diésel,103121.0,92.0,manual,8450,Sevilla,41007,Sevilla,Sevilla
Citroen,C-Élysée,Diésel,103121.0,92.0,manual,8450,Coria del Río,41100,Sevilla,Coria del Río
Citroen,C-Élysée,Gasolina,79526.0,82.0,manual,8990,Barrio Peral,30300,Murcia,Barrio Peral
Citroen,C-Élysée,Gasolina,79526.0,82.0,manual,8990,Estepona,29680,Málaga,Estepona
Citroen,C-Élysée,Diésel,106410.0,100.0,manual,11299,Barcelona,8007,Barcelona,Barcelona
Citroen,C-Élysée,Diésel,106410.0,100.0,manual,11299,Madrid,28014,Madrid,Madrid
Citroen,C-Élysée,Diésel,26519.0,102.0,manual,15200,Espinardo,30100,Murcia,Espinardo
Citroen,C-Élysée,Diésel,101000.0,99.0,manual,9750,Majadahonda,28222,Madrid,Majadahonda
Citroen,C-Élysée,Diésel,101000.0,99.0,manual,9450,Majadahonda,28222,Madrid,Majadahonda
Citroen,C-Élysée,Diésel,80000.0,99.0,manual,9990,Castelldefels,8860,Barcelona,Castelldefels
Citroen,C-Élysée,Diésel,46102.0,102.0,manual,12500,Valencia,46001,Valencia,Valencia
Citroen,C-Élysée,Diésel,46102.0,102.0,manual,12500,Bilbao,48004,Bizkaia,Bilbao
Citroen,C-Élysée,Diésel,46102.0,102.0,manual,12500,Almería,4006,Almería,Almería
Citroen,C-Élysée,Diésel,46102.0,102.0,manual,12500,Vigo,36211,Pontevedra,Vigo
Citroen,C-Élysée,Diésel,46102.0,102.0,manual,12500,Granada,18005,Granada,Granada
Citroen,C-Élysée,Diésel,46102.0,102.0,manual,12500,Alicante,3010,Alicante,Alicante
Citroen,C-Élysée,Diésel,46102.0,102.0,manual,12500,Alicante,3010,Murcia,Alicante
Citroen,C-Élysée,Diésel,46102.0,102.0,manual,12500,Sevilla,41005,Sevilla,Sevilla
Citroen,C-Élysée,Diésel,46102.0,102.0,manual,12500,Camarma de Esteruelas,28816,Madrid,Camarma de Esteruelas
Citroen,C-Élysée,Diésel,46102.0,102.0,manual,12500,Camarma de Esteruelas,28816,Madrid,Camarma de Esteruelas
Citroen,C-Élysée,Diésel,46102.0,102.0,manual,12500,Murcia,30005,Murcia,Murcia
Citroen,C-Élysée,Diésel,46102.0,102.0,manual,12500,Toledo,45002,Toledo,Toledo
Citroen,C-Élysée,Diésel,46102.0,102.0,manual,12500,Fuenlabrada,28947,Madrid,Fuenlabrada
Citroen,C-Élysée,Diésel,46102.0,102.0,manual,12500,Colonia Pablo Iglesias,28520,Madrid,Colonia Pablo Iglesias
Citroen,C-Élysée,Diésel,46102.0,102.0,manual,12500,Villaviciosa de Odón,28670,Madrid,Villaviciosa de Odón
Citroen,C-Élysée,Diésel,46102.0,102.0,manual,12500,Las Rozas de Madrid,28232,Madrid,Las Rozas de Madrid
Citroen,C-Élysée,Diésel,46102.0,102.0,manual,12500,Málaga,29005,Málaga,Málaga
Citroen,C-Élysée,Diésel,61000.0,100.0,manual,9690,Alcalá de Henares,28801,Madrid,Alcalá de Henares
Citroen,C-Élysée,Diésel,46102.0,102.0,manual,12500,Urbanizacion La Granjilla,28700,Madrid,Urbanizacion La Granjilla
Citroen,C-Élysée,Diésel,86990.0,100.0,manual,8190,Almería,4006,Almería,Almería
Citroen,C-Élysée,Diésel,86990.0,100.0,manual,8190,Vigo,36211,Pontevedra,Vigo
Citroen,C-Élysée,Diésel,86990.0,100.0,manual,8190,Durango,48200,Bizkaia,Durango
Citroen,C-Élysée,Diésel,86990.0,100.0,manual,8190,Durango,48200,Bizkaia,Durango
Citroen,C-Élysée,Diésel,86990.0,100.0,manual,8190,Valencia,46001,Valencia,Valencia
Citroen,C-Élysée,Diésel,86990.0,100.0,manual,8190,Bilbao,48004,Bizkaia,Bilbao
Citroen,C-Élysée,Diésel,86990.0,100.0,manual,8190,Alicante,3010,Alicante,Alicante
Citroen,C-Élysée,Diésel,86990.0,100.0,manual,8190,Alicante,3010,Murcia,Alicante
Citroen,C-Élysée,Diésel,86990.0,100.0,manual,8190,Sevilla,41005,Sevilla,Sevilla
Citroen,C-Élysée,Diésel,86990.0,100.0,manual,8190,Donostia-San Sebastián,20006,Gipuzkoa,Donostia-San Sebastián
Citroen,C-Élysée,Diésel,86990.0,100.0,manual,8190,Murcia,30005,Murcia,Murcia
Citroen,C-Élysée,Diésel,86990.0,100.0,manual,8190,Armentia,1007,Álava,Armentia
Citroen,C-Élysée,Diésel,86990.0,100.0,manual,8190,Pamplona/Iruña,31001,Navarra,Pamplona/Iruña
Citroen,C-Élysée,Diésel,86990.0,100.0,manual,8190,Santander,39010,Cantabria,Santander
Citroen,C-Élysée,Diésel,86990.0,100.0,manual,8190,Oviedo,33003,Asturias,Oviedo
Citroen,C-Élysée,Diésel,86990.0,100.0,manual,8190,Granada,18005,Granada,Granada
Citroen,C-Élysée,Diésel,86990.0,100.0,manual,8190,Málaga,29005,Málaga,Málaga
Citroen,C-Élysée,Diésel,49398.0,102.0,manual,10990,Barrio Peral,30300,Murcia,Barrio Peral
Citroen,C-Élysée,Diésel,75535.0,102.0,manual,9990,Castellón,12001,Castellón,Castellón
Citroen,C-Élysée,Diésel,75535.0,102.0,manual,9790,Castellón,12001,Castellón,Castellón
Citroen,C-Élysée,Diésel,99300.0,100.0,manual,9490,Gandia,46701,Valencia,Gandia
Citroen,C-Élysée,Diésel,72000.0,100.0,manual,9490,Gandia,46701,Valencia,Gandia
Citroen,C-Élysée,Diésel,146939.0,100.0,manual,10990,Utebo,50180,Zaragoza,Utebo
Citroen,C-Élysée,Diésel,49398.0,102.0,manual,10990,Estepona,29680,Málaga,Estepona
Citroen,C-Élysée,Diésel,210550.0,100.0,manual,7800,Daimiel,13250,Ciudad Real,Daimiel
Citroen,C-Élysée,Gasolina,96862.0,82.0,manual,9990,Santander,39010,Cantabria,Santander
Citroen,C-Élysée,Gasolina,96862.0,82.0,manual,9890,Santander,39010,Cantabria,Santander
Citroen,C-Élysée,Diésel,45999.0,100.0,manual,8990,Santander,39010,Cantabria,Santander
Citroen,C-Élysée,Diésel,86890.0,100.0,manual,10990,Santander,39010,Cantabria,Santander
Citroen,C-Élysée,Diésel,139000.0,92.0,manual,7900,El Campello,3560,Alicante,El Campello
Citroen,C-Élysée,Diésel,139000.0,92.0,manual,7900,Toledo,45002,Toledo,Toledo
Citroen,C-Élysée,Diésel,49398.0,102.0,manual,10990,Almería,4006,Almería,Almería
Citroen,C-Élysée,Gasolina,83800.0,82.0,manual,10490,Almería,4006,Almería,Almería
Citroen,C-Élysée,Gasolina,83800.0,82.0,manual,10490,Bilbao,48004,Bizkaia,Bilbao
Citroen,C-Élysée,Diésel,49398.0,102.0,manual,10990,Bilbao,48004,Bizkaia,Bilbao
Citroen,C-Élysée,Gasolina,83800.0,82.0,manual,10490,Collado Villalba,28400,Madrid,Collado Villalba
Citroen,C-Élysée,Gasolina,83800.0,82.0,manual,10490,Collado Villalba,28400,Madrid,Collado Villalba
Citroen,C-Élysée,Gasolina,83800.0,82.0,manual,10490,Vigo,36211,Pontevedra,Vigo
Citroen,C-Élysée,Diésel,49398.0,102.0,manual,10990,Vigo,36211,Pontevedra,Vigo
Citroen,C-Élysée,Gasolina,96862.0,82.0,manual,9990,Armentia,1007,Álava,Armentia
Citroen,C-Élysée,Gasolina,96862.0,82.0,manual,9890,Armentia,1007,Álava,Armentia
Citroen,C-Élysée,Gasolina,83800.0,82.0,manual,10490,Toledo,45002,Toledo,Toledo
Citroen,C-Élysée,Gasolina,83800.0,82.0,manual,10490,Murcia,30005,Murcia,Murcia
Citroen,C-Élysée,Gasolina,83800.0,82.0,manual,10490,Granada,18005,Granada,Granada
Citroen,C-Élysée,Diésel,49398.0,102.0,manual,10990,Murcia,30005,Murcia,Murcia
Citroen,C-Élysée,Diésel,49398.0,102.0,manual,10990,Granada,18005,Granada,Granada
Citroen,C-Élysée,Diésel,45999.0,100.0,manual,8990,Armentia,1007,Álava,Armentia
Citroen,C-Élysée,Gasolina,83800.0,82.0,manual,10490,Valencia,46001,Valencia,Valencia
Citroen,C-Élysée,Diésel,49398.0,102.0,manual,10990,Valencia,46001,Valencia,Valencia
Citroen,C-Élysée,Diésel,86890.0,100.0,manual,10990,Armentia,1007,Álava,Armentia
Citroen,C-Élysée,Gasolina,83800.0,82.0,manual,10490,Alicante,3010,Alicante,Alicante
Citroen,C-Élysée,Gasolina,83800.0,82.0,manual,10490,Alicante,3010,Murcia,Alicante
Citroen,C-Élysée,Diésel,49398.0,102.0,manual,10990,Alicante,3010,Alicante,Alicante
Citroen,C-Élysée,Diésel,49398.0,102.0,manual,10990,Alicante,3010,Murcia,Alicante
Citroen,C-Élysée,Gasolina,83800.0,82.0,manual,10490,Sevilla,41005,Sevilla,Sevilla
Citroen,C-Élysée,Gasolina,83800.0,82.0,manual,10490,Málaga,29005,Málaga,Málaga
Citroen,C-Élysée,Diésel,49398.0,102.0,manual,10990,Sevilla,41005,Sevilla,Sevilla
Citroen,C-Élysée,Diésel,49398.0,102.0,manual,10990,Málaga,29005,Málaga,Málaga
Citroen,C-Élysée,Gasolina,83800.0,82.0,manual,10490,Fuenlabrada,28947,Madrid,Fuenlabrada
Citroen,C-Élysée,Gasolina,83800.0,82.0,manual,10490,Camarma de Esteruelas,28816,Madrid,Camarma de Esteruelas
Citroen,C-Élysée,Gasolina,83800.0,82.0,manual,10490,Camarma de Esteruelas,28816,Madrid,Camarma de Esteruelas
Citroen,C-Élysée,Gasolina,83800.0,82.0,manual,10490,Colonia Pablo Iglesias,28520,Madrid,Colonia Pablo Iglesias
Citroen,C-Élysée,Gasolina,83800.0,82.0,manual,10490,Las Rozas de Madrid,28232,Madrid,Las Rozas de Madrid
Citroen,C-Élysée,Gasolina,83800.0,82.0,manual,10490,Villaviciosa de Odón,28670,Madrid,Villaviciosa de Odón
Citroen,C-Élysée,Diésel,185000.0,99.0,manual,4500,Badalona,8918,Barcelona,Badalona
Citroen,C-Élysée,Diésel,82990.0,100.0,manual,9490,Vigo,36211,Pontevedra,Vigo
Citroen,C-Élysée,Diésel,82990.0,100.0,manual,9490,Murcia,30005,Murcia,Murcia
Citroen,C-Élysée,Diésel,82990.0,100.0,manual,9490,Granada,18005,Granada,Granada
Citroen,C-Élysée,Diésel,82990.0,100.0,manual,9490,Málaga,29005,Málaga,Málaga
Citroen,C-Élysée,Diésel,82990.0,100.0,manual,9490,Sevilla,41005,Sevilla,Sevilla
Citroen,C-Élysée,Diésel,82990.0,100.0,manual,9490,Valencia,46001,Valencia,Valencia
Citroen,C-Élysée,Diésel,82990.0,100.0,manual,9490,Almería,4006,Almería,Almería
Citroen,C-Élysée,Diésel,82990.0,100.0,manual,9490,Bilbao,48004,Bizkaia,Bilbao
Citroen,C-Élysée,Diésel,82990.0,100.0,manual,9490,Òrrius,8317,Barcelona,Òrrius
Citroen,C-Élysée,Diésel,82990.0,100.0,manual,9490,Alicante,3010,Alicante,Alicante
Citroen,C-Élysée,Diésel,82990.0,100.0,manual,9490,Alicante,3010,Murcia,Alicante
Citroen,C-Élysée,Gasolina,83800.0,82.0,manual,10490,Urbanizacion La Granjilla,28700,Madrid,Urbanizacion La Granjilla
Citroen,C-Élysée,Diésel,82990.0,100.0,manual,9490,Palma de Mallorca,7003,Baleares,Palma de Mallorca
Citroen,C-Élysée,Diésel,82990.0,100.0,manual,9490,Ullastrell,8231,Barcelona,Ullastrell
Citroen,C-Élysée,Diésel,82990.0,100.0,manual,9490,Palau-Solita I Plegamans,8184,Barcelona,Palau-Solita I Plegamans
Citroen,C-Élysée,Diésel,82990.0,100.0,manual,9490,Palau-Solita I Plegamans,8184,Barcelona,Palau-Solita I Plegamans
Citroen,C-Élysée,Diésel,82990.0,100.0,manual,9490,Tarragona,43006,Tarragona,Tarragona
Citroen,C-Élysée,Diésel,82990.0,100.0,manual,9490,Girona,17007,Girona,Girona
Citroen,C-Élysée,Diésel,61000.0,100.0,manual,9690,Getafe,28924,Madrid,Getafe
Citroen,C-Élysée,Diésel,58900.0,99.0,manual,9990,Valencia,46010,Valencia,Valencia
Citroen,C-Élysée,Diésel,198140.0,92.0,manual,8900,Valls,43800,Tarragona,Valls
Citroen,C-Élysée,Gasolina,33756.0,82.0,manual,10500,Arganda del Rey,28500,Madrid,Arganda del Rey
Hyundai,Santa Fe,Diésel,262000.0,112.0,manual,4900,Don Benito,6400,Badajoz,Don Benito
Citroen,C-Élysée,Diésel,72000.0,100.0,manual,9490,Elx/Elche,3201,Alicante,Elx/Elche
Citroen,C-Élysée,Diésel,72000.0,100.0,manual,9490,Barrio Peral,30300,Murcia,Barrio Peral
Citroen,C-Élysée,Diésel,72000.0,100.0,manual,9490,Bilbao,48004,Bizkaia,Bilbao
Citroen,C-Élysée,Diésel,72000.0,100.0,manual,9490,Málaga,29005,Málaga,Málaga
Citroen,C-Élysée,Diésel,72000.0,100.0,manual,9490,Sevilla,41005,Sevilla,Sevilla
Citroen,C-Élysée,Diésel,72000.0,100.0,manual,9490,Vigo,36211,Pontevedra,Vigo
Citroen,C-Élysée,Diésel,72000.0,100.0,manual,9490,Granada,18005,Granada,Granada
Citroen,C-Élysée,Diésel,72000.0,100.0,manual,9490,Murcia,30005,Murcia,Murcia
Citroen,C-Élysée,Diésel,72000.0,100.0,manual,9490,Alicante,3010,Alicante,Alicante
Citroen,C-Élysée,Diésel,72000.0,100.0,manual,9490,Alicante,3010,Murcia,Alicante
Citroen,C-Élysée,Diésel,72000.0,100.0,manual,9490,Valencia,46001,Valencia,Valencia
Citroen,C-Élysée,Diésel,72000.0,100.0,manual,9490,Almería,4006,Almería,Almería
Citroen,C-Élysée,Diésel,72000.0,100.0,manual,9490,Palma de Mallorca,7003,Baleares,Palma de Mallorca
Citroen,C-Élysée,Diésel,75535.0,102.0,manual,9990,Almería,4006,Almería,Almería
Citroen,C-Élysée,Diésel,75535.0,102.0,manual,9790,Almería,4006,Almería,Almería
Citroen,C-Élysée,Diésel,75535.0,102.0,manual,9990,Ullastrell,8231,Barcelona,Ullastrell
Citroen,C-Élysée,Diésel,75535.0,102.0,manual,9790,Ullastrell,8231,Barcelona,Ullastrell
Citroen,C-Élysée,Diésel,75535.0,102.0,manual,9990,Òrrius,8317,Barcelona,Òrrius
Citroen,C-Élysée,Diésel,75535.0,102.0,manual,9790,Òrrius,8317,Barcelona,Òrrius
Citroen,C-Élysée,Diésel,75535.0,102.0,manual,9990,Tarragona,43006,Tarragona,Tarragona
Citroen,C-Élysée,Diésel,75535.0,102.0,manual,9790,Tarragona,43006,Tarragona,Tarragona
Citroen,C-Élysée,Diésel,38434.0,102.0,manual,12900,Massanassa,46470,Valencia,Massanassa
Citroen,C-Élysée,Diésel,38434.0,102.0,manual,12900,Massanassa,46470,Valencia,Massanassa
Citroen,C-Élysée,Diésel,38434.0,102.0,manual,12900,Massanassa,46470,Valencia,Massanassa
Citroen,C-Élysée,Diésel,38434.0,102.0,manual,12900,Massanassa,46470,Valencia,Massanassa
Citroen,C-Élysée,Diésel,221000.0,92.0,manual,4999,Catarroja,46470,Valencia,Catarroja
Citroen,C-Élysée,Diésel,221000.0,92.0,manual,4999,Catarroja,46470,Valencia,Catarroja
Citroen,C-Élysée,Diésel,221000.0,92.0,manual,4999,Catarroja,46470,Valencia,Catarroja
Citroen,C-Élysée,Diésel,221000.0,92.0,manual,4999,Catarroja,46470,Valencia,Catarroja
Citroen,C-Élysée,Diésel,45855.0,100.0,manual,14900,Mairena del Aljarafe,41927,Sevilla,Mairena del Aljarafe
Citroen,C-Élysée,Diésel,75535.0,102.0,manual,9990,Valencia,46001,Valencia,Valencia
Citroen,C-Élysée,Diésel,75535.0,102.0,manual,9790,Valencia,46001,Valencia,Valencia
Citroen,C-Élysée,Diésel,75535.0,102.0,manual,9990,Málaga,29005,Málaga,Málaga
Citroen,C-Élysée,Diésel,75535.0,102.0,manual,9790,Málaga,29005,Málaga,Málaga
Citroen,C-Élysée,Diésel,75535.0,102.0,manual,9990,Granada,18005,Granada,Granada
Citroen,C-Élysée,Diésel,75535.0,102.0,manual,9790,Granada,18005,Granada,Granada
Citroen,C-Élysée,Diésel,99300.0,100.0,manual,9490,Granada,18005,Granada,Granada
Citroen,C-Élysée,Diésel,101808.0,100.0,manual,6990,Granada,18005,Granada,Granada
Citroen,C-Élysée,Diésel,75535.0,102.0,manual,9990,Vigo,36211,Pontevedra,Vigo
Citroen,C-Élysée,Diésel,75535.0,102.0,manual,9790,Vigo,36211,Pontevedra,Vigo
Citroen,C-Élysée,Diésel,99300.0,100.0,manual,9490,Vigo,36211,Pontevedra,Vigo
Citroen,C-Élysée,Diésel,101808.0,100.0,manual,6990,Vigo,36211,Pontevedra,Vigo
Citroen,C-Élysée,Diésel,75535.0,102.0,manual,9990,Alicante,3010,Alicante,Alicante
Citroen,C-Élysée,Diésel,75535.0,102.0,manual,9990,Alicante,3010,Murcia,Alicante
Citroen,C-Élysée,Diésel,75535.0,102.0,manual,9790,Alicante,3010,Alicante,Alicante
Citroen,C-Élysée,Diésel,75535.0,102.0,manual,9790,Alicante,3010,Murcia,Alicante
Citroen,C-Élysée,Diésel,75535.0,102.0,manual,9990,Bilbao,48004,Bizkaia,Bilbao
Citroen,C-Élysée,Diésel,75535.0,102.0,manual,9790,Bilbao,48004,Bizkaia,Bilbao
Citroen,C-Élysée,Diésel,75535.0,102.0,manual,9990,Sevilla,41005,Sevilla,Sevilla
Citroen,C-Élysée,Diésel,75535.0,102.0,manual,9790,Sevilla,41005,Sevilla,Sevilla
Citroen,C-Élysée,Diésel,75535.0,102.0,manual,9990,Palau-Solita I Plegamans,8184,Barcelona,Palau-Solita I Plegamans
Citroen,C-Élysée,Diésel,75535.0,102.0,manual,9990,Palau-Solita I Plegamans,8184,Barcelona,Palau-Solita I Plegamans
Citroen,C-Élysée,Diésel,75535.0,102.0,manual,9790,Palau-Solita I Plegamans,8184,Barcelona,Palau-Solita I Plegamans
Citroen,C-Élysée,Diésel,75535.0,102.0,manual,9790,Palau-Solita I Plegamans,8184,Barcelona,Palau-Solita I Plegamans
Citroen,C-Élysée,Diésel,101808.0,100.0,manual,6990,Ciudad Real,13005,Ciudad Real,Ciudad Real
Citroen,C-Élysée,Diésel,75535.0,102.0,manual,9990,Palma de Mallorca,7003,Baleares,Palma de Mallorca
Citroen,C-Élysée,Diésel,75535.0,102.0,manual,9790,Palma de Mallorca,7003,Baleares,Palma de Mallorca
Citroen,C-Élysée,Diésel,101808.0,100.0,manual,6990,Badajoz,6003,Badajoz,Badajoz
Citroen,C-Élysée,Diésel,86890.0,100.0,manual,10990,Sevilla,41005,Sevilla,Sevilla
Citroen,C-Élysée,Diésel,99300.0,100.0,manual,9490,Sevilla,41005,Sevilla,Sevilla
Citroen,C-Élysée,Diésel,101808.0,100.0,manual,6990,Sevilla,41005,Sevilla,Sevilla
Citroen,C-Élysée,Diésel,86890.0,100.0,manual,10990,Valencia,46001,Valencia,Valencia
Citroen,C-Élysée,Diésel,99300.0,100.0,manual,9490,Valencia,46001,Valencia,Valencia
Citroen,C-Élysée,Diésel,101808.0,100.0,manual,6990,Valencia,46001,Valencia,Valencia
Citroen,C-Élysée,Diésel,75535.0,102.0,manual,9990,Murcia,30005,Murcia,Murcia
Citroen,C-Élysée,Diésel,75535.0,102.0,manual,9790,Murcia,30005,Murcia,Murcia
Citroen,C-Élysée,Diésel,99300.0,100.0,manual,9490,Murcia,30005,Murcia,Murcia
Citroen,C-Élysée,Diésel,101808.0,100.0,manual,6990,Murcia,30005,Murcia,Murcia
Citroen,C-Élysée,Diésel,99300.0,100.0,manual,9490,Almería,4006,Almería,Almería
Citroen,C-Élysée,Diésel,101808.0,100.0,manual,6990,Almería,4006,Almería,Almería
Citroen,C-Élysée,Diésel,99300.0,100.0,manual,9490,Bilbao,48004,Bizkaia,Bilbao
Citroen,C-Élysée,Diésel,101808.0,100.0,manual,6990,Bilbao,48004,Bizkaia,Bilbao
Citroen,C-Élysée,Diésel,99300.0,100.0,manual,9490,Alicante,3010,Alicante,Alicante
Citroen,C-Élysée,Diésel,99300.0,100.0,manual,9490,Alicante,3010,Murcia,Alicante
Citroen,C-Élysée,Diésel,101808.0,100.0,manual,6990,Alicante,3010,Alicante,Alicante
Citroen,C-Élysée,Diésel,101808.0,100.0,manual,6990,Alicante,3010,Murcia,Alicante
Citroen,C-Élysée,Diésel,99300.0,100.0,manual,9490,Málaga,29005,Málaga,Málaga
Citroen,C-Élysée,Diésel,101808.0,100.0,manual,6990,Málaga,29005,Málaga,Málaga
Citroen,C-Élysée,Diésel,101808.0,100.0,manual,6990,Jaén,23008,Jaén,Jaén
Citroen,C-Élysée,Diésel,99300.0,100.0,manual,9490,Barrio Peral,30300,Murcia,Barrio Peral
Citroen,C-Élysée,Diésel,101808.0,100.0,manual,6990,Córdoba,14003,Córdoba,Córdoba
Citroen,C-Élysée,Diésel,101808.0,100.0,manual,6990,Sevilla,41017,Sevilla,Sevilla
Citroen,C-Élysée,Diésel,86890.0,100.0,manual,10990,Málaga,29005,Málaga,Málaga
Audi,Q2,Diésel,71126.0,150.0,automatic,31625,Puerto de Sagunto,46520,Valencia,Puerto de Sagunto
Audi,Q2,Diésel,71126.0,150.0,automatic,31625,Alicante,3007,Alicante,Alicante
Audi,Q2,Diésel,71126.0,150.0,automatic,31625,Hidraulica Santillana,28770,Madrid,Hidraulica Santillana
CUPRA,Leon,Otros,19000.0,245.0,manual,33900,Alcalá de Henares,28803,Madrid,Alcalá de Henares
Citroen,C-Élysée,Diésel,86890.0,100.0,manual,10990,Almería,4006,Almería,Almería
Citroen,C-Élysée,Diésel,86890.0,100.0,manual,10990,Durango,48200,Bizkaia,Durango
Citroen,C-Élysée,Diésel,86890.0,100.0,manual,10990,Durango,48200,Bizkaia,Durango
Citroen,C-Élysée,Diésel,68657.0,99.0,manual,11995,Móstoles,28934,Madrid,Móstoles
Citroen,C-Élysée,Diésel,86890.0,100.0,manual,10990,Bilbao,48004,Bizkaia,Bilbao
Citroen,C-Élysée,Diésel,86890.0,100.0,manual,10990,Granada,18005,Granada,Granada
Citroen,C-Élysée,Diésel,86890.0,100.0,manual,10990,Alicante,3010,Alicante,Alicante
Citroen,C-Élysée,Diésel,86890.0,100.0,manual,10990,Alicante,3010,Murcia,Alicante
Citroen,C-Élysée,Diésel,86890.0,100.0,manual,10990,Murcia,30005,Murcia,Murcia
Citroen,C-Élysée,Diésel,86890.0,100.0,manual,10990,Oviedo,33003,Asturias,Oviedo
Citroen,C-Élysée,Diésel,86890.0,100.0,manual,10990,Vigo,36211,Pontevedra,Vigo
Citroen,C-Élysée,Diésel,86890.0,100.0,manual,10990,Pamplona/Iruña,31001,Navarra,Pamplona/Iruña
Citroen,C-Élysée,Diésel,86890.0,100.0,manual,10990,Donostia-San Sebastián,20006,Gipuzkoa,Donostia-San Sebastián
Citroen,C-Élysée,Gasolina,60500.0,82.0,manual,11800,Santander,39011,Cantabria,Santander
Citroen,C-Élysée,Diésel,39000.0,100.0,manual,12650,Navalcarnero,28600,Madrid,Navalcarnero
Citroen,C-Élysée,Diésel,19529.0,102.0,manual,12990,Almería,4006,Almería,Almería
Citroen,C-Élysée,Diésel,45999.0,100.0,manual,8990,Almería,4006,Almería,Almería
Citroen,C-Élysée,Diésel,45999.0,100.0,manual,8990,Pamplona/Iruña,31001,Navarra,Pamplona/Iruña
Citroen,C-Élysée,Diésel,19529.0,102.0,manual,12990,Cáceres,10001,Cáceres,Cáceres
Citroen,C-Élysée,Diésel,19529.0,102.0,manual,12990,Murcia,30005,Murcia,Murcia
Citroen,C-Élysée,Diésel,45999.0,100.0,manual,8990,Murcia,30005,Murcia,Murcia
Citroen,C-Élysée,Diésel,19529.0,102.0,manual,12990,Bilbao,48004,Bizkaia,Bilbao
Citroen,C-Élysée,Diésel,45999.0,100.0,manual,8990,Bilbao,48004,Bizkaia,Bilbao
Citroen,C-Élysée,Diésel,19529.0,102.0,manual,12990,Badajoz,6003,Badajoz,Badajoz
Citroen,C-Élysée,Diésel,45999.0,100.0,manual,8990,Oviedo,33003,Asturias,Oviedo
Citroen,C-Élysée,Diésel,19529.0,102.0,manual,12990,Vigo,36211,Pontevedra,Vigo
Citroen,C-Élysée,Diésel,45999.0,100.0,manual,8990,Vigo,36211,Pontevedra,Vigo
Citroen,C-Élysée,Diésel,19529.0,102.0,manual,12990,Alicante,3010,Alicante,Alicante
Citroen,C-Élysée,Diésel,19529.0,102.0,manual,12990,Alicante,3010,Murcia,Alicante
Citroen,C-Élysée,Diésel,45999.0,100.0,manual,8990,Alicante,3010,Alicante,Alicante
Citroen,C-Élysée,Diésel,45999.0,100.0,manual,8990,Alicante,3010,Murcia,Alicante
Citroen,C-Élysée,Diésel,19529.0,102.0,manual,12990,Valencia,46001,Valencia,Valencia
Citroen,C-Élysée,Diésel,45999.0,100.0,manual,8990,Valencia,46001,Valencia,Valencia
Citroen,C-Élysée,Diésel,45999.0,100.0,manual,8990,Donostia-San Sebastián,20006,Gipuzkoa,Donostia-San Sebastián
Citroen,C-Élysée,Diésel,19529.0,102.0,manual,12990,Huelva,21004,Huelva,Huelva
Citroen,C-Élysée,Diésel,45999.0,100.0,manual,8990,Durango,48200,Bizkaia,Durango
Citroen,C-Élysée,Diésel,45999.0,100.0,manual,8990,Durango,48200,Bizkaia,Durango
Citroen,C-Élysée,Gasolina,51767.0,82.0,manual,10900,Barcelona,8007,Barcelona,Barcelona
Citroen,C-Élysée,Diésel,19529.0,102.0,manual,12990,Granada,18005,Granada,Granada
Citroen,C-Élysée,Diésel,45999.0,100.0,manual,8990,Granada,18005,Granada,Granada
Citroen,C-Élysée,Diésel,19529.0,102.0,manual,12990,Sevilla,41005,Sevilla,Sevilla
Citroen,C-Élysée,Diésel,45999.0,100.0,manual,8990,Sevilla,41005,Sevilla,Sevilla
Citroen,C-Élysée,Diésel,19529.0,102.0,manual,12990,Córdoba,14003,Córdoba,Córdoba
Citroen,C-Élysée,Diésel,19529.0,102.0,manual,12990,Málaga,29005,Málaga,Málaga
Citroen,C-Élysée,Diésel,45999.0,100.0,manual,8990,Málaga,29005,Málaga,Málaga
Citroen,C-Élysée,Diésel,19529.0,102.0,manual,12990,Sevilla,41017,Sevilla,Sevilla
Citroen,C-Élysée,Gasolina,88313.0,82.0,manual,11900,Sevilla,41006,Sevilla,Sevilla
Citroen,C-Élysée,Gasolina,88313.0,82.0,manual,11900,Dos Hermanas,41012,Sevilla,Dos Hermanas
Citroen,C-Élysée,Gasolina,85075.0,82.0,manual,11900,Sevilla,41006,Sevilla,Sevilla
Citroen,C-Élysée,Gasolina,85075.0,82.0,manual,11900,Dos Hermanas,41012,Sevilla,Dos Hermanas
Citroen,C-Élysée,Diésel,150000.0,99.0,manual,4700,Badalona,8918,Barcelona,Badalona
Citroen,C-Élysée,Diésel,46216.0,102.0,manual,13500,Sant Boi de Llobregat,8830,Barcelona,Sant Boi de Llobregat
Citroen,C-Élysée,Diésel,89000.0,100.0,manual,9790,Coslada,28823,Madrid,Coslada
Citroen,C-Élysée,Diésel,131550.0,99.0,manual,8900,Olías del Rey,45280,Toledo,Olías del Rey
Citroen,C-Élysée,Gasolina,199000.0,115.0,manual,4999,Valencia,46002,Valencia,Valencia
Citroen,C-Élysée,Diésel,139000.0,100.0,manual,8700,Navalcarnero,28600,Madrid,Navalcarnero
Citroen,C-Élysée,Gasolina,28870.0,82.0,manual,10990,Almería,4006,Almería,Almería
Citroen,C-Élysée,Gasolina,28870.0,82.0,manual,11990,Almería,4006,Almería,Almería
Citroen,C-Élysée,Gasolina,28870.0,82.0,manual,10990,Badajoz,6003,Badajoz,Badajoz
Citroen,C-Élysée,Gasolina,28870.0,82.0,manual,11990,Badajoz,6003,Badajoz,Badajoz
Citroen,C-Élysée,Gasolina,86539.0,82.0,manual,11900,Sevilla,41006,Sevilla,Sevilla
Citroen,C-Élysée,Gasolina,86539.0,82.0,manual,11900,Dos Hermanas,41012,Sevilla,Dos Hermanas
Citroen,C-Élysée,Gasolina,28870.0,82.0,manual,10990,Huelva,21004,Huelva,Huelva
Citroen,C-Élysée,Gasolina,28870.0,82.0,manual,11990,Huelva,21004,Huelva,Huelva
Citroen,C-Élysée,Gasolina,28870.0,82.0,manual,10990,Cáceres,10001,Cáceres,Cáceres
Citroen,C-Élysée,Gasolina,28870.0,82.0,manual,11990,Cáceres,10001,Cáceres,Cáceres
Citroen,C-Élysée,Gasolina,28870.0,82.0,manual,10990,Alicante,3010,Alicante,Alicante
Citroen,C-Élysée,Gasolina,28870.0,82.0,manual,10990,Alicante,3010,Murcia,Alicante
Citroen,C-Élysée,Gasolina,28870.0,82.0,manual,11990,Alicante,3010,Alicante,Alicante
Citroen,C-Élysée,Gasolina,28870.0,82.0,manual,11990,Alicante,3010,Murcia,Alicante
Citroen,C-Élysée,Gasolina,28870.0,82.0,manual,10990,Sevilla,41005,Sevilla,Sevilla
Citroen,C-Élysée,Gasolina,28870.0,82.0,manual,11990,Sevilla,41005,Sevilla,Sevilla
Citroen,C-Élysée,Gasolina,28870.0,82.0,manual,10990,Bilbao,48004,Bizkaia,Bilbao
Citroen,C-Élysée,Gasolina,28870.0,82.0,manual,11990,Bilbao,48004,Bizkaia,Bilbao
Citroen,C-Élysée,Gasolina,28870.0,82.0,manual,10990,Valencia,46001,Valencia,Valencia
Citroen,C-Élysée,Gasolina,28870.0,82.0,manual,11990,Valencia,46001,Valencia,Valencia
Citroen,C-Élysée,Gasolina,28870.0,82.0,manual,10990,Sevilla,41017,Sevilla,Sevilla
Citroen,C-Élysée,Gasolina,28870.0,82.0,manual,11990,Sevilla,41017,Sevilla,Sevilla
Citroen,C-Élysée,Gasolina,28870.0,82.0,manual,10990,Murcia,30005,Murcia,Murcia
Citroen,C-Élysée,Gasolina,28870.0,82.0,manual,11990,Murcia,30005,Murcia,Murcia
Citroen,C-Élysée,Gasolina,28870.0,82.0,manual,10990,Granada,18005,Granada,Granada
Citroen,C-Élysée,Gasolina,28870.0,82.0,manual,11990,Granada,18005,Granada,Granada
Citroen,C-Élysée,Gasolina,28870.0,82.0,manual,10990,Málaga,29005,Málaga,Málaga
Citroen,C-Élysée,Gasolina,28870.0,82.0,manual,11990,Málaga,29005,Málaga,Málaga
Citroen,C-Élysée,Gasolina,28870.0,82.0,manual,10990,Vigo,36211,Pontevedra,Vigo
Citroen,C-Élysée,Gasolina,28870.0,82.0,manual,11990,Vigo,36211,Pontevedra,Vigo
Citroen,C-Élysée,Gasolina,28870.0,82.0,manual,10990,Córdoba,14003,Córdoba,Córdoba
Citroen,C-Élysée,Gasolina,28870.0,82.0,manual,11990,Córdoba,14003,Córdoba,Córdoba
Citroen,C-Élysée,Gasolina,96000.0,82.0,manual,10900,Casas Novas,36164,Pontevedra,Casas Novas
Citroen,C-Élysée,Diésel,64323.0,100.0,manual,192,Toledo,45002,Toledo,Toledo
Citroen,C-Élysée,Gasolina,49500.0,82.0,manual,11647,Alcobendas,28100,Madrid,Alcobendas
Citroen,C-Élysée,Gasolina,49500.0,82.0,manual,11123,Alcobendas,28100,Madrid,Alcobendas
Citroen,C-Élysée,Gasolina,87666.0,82.0,manual,11900,Sevilla,41006,Sevilla,Sevilla
Citroen,C-Élysée,Gasolina,87666.0,82.0,manual,11900,Dos Hermanas,41012,Sevilla,Dos Hermanas
Citroen,C-Élysée,Gasolina,96862.0,82.0,manual,9990,Pamplona/Iruña,31001,Navarra,Pamplona/Iruña
Citroen,C-Élysée,Gasolina,96862.0,82.0,manual,9890,Pamplona/Iruña,31001,Navarra,Pamplona/Iruña
Citroen,C-Élysée,Gasolina,79524.0,82.0,manual,11885,Arriaga,48950,Bizkaia,Arriaga
Citroen,C-Élysée,Gasolina,79524.0,82.0,manual,11884,Arriaga,48950,Bizkaia,Arriaga
Citroen,C-Élysée,Gasolina,86539.0,81.0,manual,12900,Sevilla,41006,Sevilla,Sevilla
Citroen,C-Élysée,Gasolina,52345.0,82.0,manual,13300,Antequera,29200,Málaga,Antequera
Citroen,C-Élysée,Gasolina,52345.0,82.0,manual,13800,Antequera,29200,Málaga,Antequera
Citroen,C-Élysée,Gasolina,92542.0,82.0,manual,11900,Sevilla,41006,Sevilla,Sevilla
Citroen,C-Élysée,Gasolina,92542.0,82.0,manual,11900,Dos Hermanas,41012,Sevilla,Dos Hermanas
Citroen,C-Élysée,Gasolina,97802.0,82.0,manual,11900,Sevilla,41006,Sevilla,Sevilla
Citroen,C-Élysée,Gasolina,97802.0,82.0,manual,11900,Dos Hermanas,41012,Sevilla,Dos Hermanas
Citroen,C-Élysée,Gasolina,79524.0,82.0,manual,10790,Madrid,28014,Madrid,Madrid
Citroen,C-Élysée,Gasolina,96862.0,82.0,manual,9990,Almería,4006,Almería,Almería
Citroen,C-Élysée,Gasolina,96862.0,82.0,manual,9890,Almería,4006,Almería,Almería
Citroen,C-Élysée,Diésel,172350.0,100.0,manual,9600,Colonia Pablo Iglesias,28520,Madrid,Colonia Pablo Iglesias
Citroen,C-Élysée,Gasolina,96862.0,82.0,manual,9990,Durango,48200,Bizkaia,Durango
Citroen,C-Élysée,Gasolina,96862.0,82.0,manual,9990,Durango,48200,Bizkaia,Durango
Citroen,C-Élysée,Gasolina,96862.0,82.0,manual,9890,Durango,48200,Bizkaia,Durango
Citroen,C-Élysée,Gasolina,96862.0,82.0,manual,9890,Durango,48200,Bizkaia,Durango
Citroen,C-Élysée,Gasolina,96862.0,82.0,manual,9990,Vigo,36211,Pontevedra,Vigo
Citroen,C-Élysée,Gasolina,96862.0,82.0,manual,9890,Vigo,36211,Pontevedra,Vigo
Citroen,C-Élysée,Gasolina,96862.0,82.0,manual,9990,Sevilla,41005,Sevilla,Sevilla
Citroen,C-Élysée,Gasolina,96862.0,82.0,manual,9890,Sevilla,41005,Sevilla,Sevilla
Citroen,C-Élysée,Gasolina,96862.0,82.0,manual,9990,Valencia,46001,Valencia,Valencia
Citroen,C-Élysée,Gasolina,96862.0,82.0,manual,9890,Valencia,46001,Valencia,Valencia
Citroen,C-Élysée,Gasolina,96862.0,82.0,manual,9990,Bilbao,48004,Bizkaia,Bilbao
Citroen,C-Élysée,Gasolina,96862.0,82.0,manual,9890,Bilbao,48004,Bizkaia,Bilbao
Citroen,C-Élysée,Gasolina,96862.0,82.0,manual,9990,Alicante,3010,Alicante,Alicante
Citroen,C-Élysée,Gasolina,96862.0,82.0,manual,9990,Alicante,3010,Murcia,Alicante
Citroen,C-Élysée,Gasolina,96862.0,82.0,manual,9890,Alicante,3010,Alicante,Alicante
Citroen,C-Élysée,Gasolina,96862.0,82.0,manual,9890,Alicante,3010,Murcia,Alicante
Citroen,C-Élysée,Gasolina,96862.0,82.0,manual,9990,Murcia,30005,Murcia,Murcia
Citroen,C-Élysée,Gasolina,96862.0,82.0,manual,9890,Murcia,30005,Murcia,Murcia
Citroen,C-Élysée,Gasolina,96862.0,82.0,manual,9990,Granada,18005,Granada,Granada
Citroen,C-Élysée,Gasolina,96862.0,82.0,manual,9890,Granada,18005,Granada,Granada
Citroen,C-Élysée,Gasolina,96862.0,82.0,manual,9990,Málaga,29005,Málaga,Málaga
Citroen,C-Élysée,Gasolina,96862.0,82.0,manual,9890,Málaga,29005,Málaga,Málaga
Citroen,C-Élysée,Gasolina,96862.0,82.0,manual,9990,Donostia-San Sebastián,20006,Gipuzkoa,Donostia-San Sebastián
Citroen,C-Élysée,Gasolina,96862.0,82.0,manual,9890,Donostia-San Sebastián,20006,Gipuzkoa,Donostia-San Sebastián
Citroen,C-Élysée,Gasolina,96862.0,82.0,manual,9990,Oviedo,33003,Asturias,Oviedo
Citroen,C-Élysée,Gasolina,96862.0,82.0,manual,9890,Oviedo,33003,Asturias,Oviedo
Citroen,C-Élysée,Diésel,85037.0,100.0,manual,10450,Madrid,28045,Madrid,Madrid
Citroen,C-Élysée,Diésel,81000.0,99.0,manual,9900,Pinto,28320,Madrid,Pinto
Citroen,C-Élysée,Diésel,81000.0,99.0,manual,8900,Pinto,28320,Madrid,Pinto
Citroen,C-Élysée,Diésel,50286.0,100.0,manual,14600,Badajoz,6007,Badajoz,Badajoz
Citroen,C-Élysée,Gasolina,107000.0,82.0,manual,9900,Mairena del Aljarafe,41927,Sevilla,Mairena del Aljarafe
Citroen,C-Élysée,Diésel,77500.0,99.0,manual,11500,Quart de Poblet,46930,Valencia,Quart de Poblet
Citroen,C-Élysée,Gasolina,144000.0,72.0,manual,6450,Granada,18003,Granada,Granada
Citroen,C-Élysée,Gasolina,135000.0,82.0,manual,8250,Móstoles,28936,Madrid,Móstoles
Citroen,C-Élysée,Gasolina,54859.0,115.0,automatic,13900,Mairena del Aljarafe,41927,Sevilla,Mairena del Aljarafe
Citroen,C-Élysée,Gasolina,75000.0,82.0,manual,11500,Yecla,30510,Murcia,Yecla
Citroen,C-Élysée,Diésel,95000.0,100.0,manual,8950,Navalcarnero,28600,Madrid,Navalcarnero
Citroen,C-Élysée,Gasolina,61390.0,82.0,manual,11700,Mollet del Vallès,8100,Barcelona,Mollet del Vallès
Citroen,C-Élysée,Diésel,82000.0,100.0,manual,9440,Poligono Fuente del Jarro,46988,Valencia,Poligono Fuente del Jarro
Citroen,C-Élysée,Diésel,82000.0,100.0,manual,11990,Poligono Fuente del Jarro,46988,Valencia,Poligono Fuente del Jarro
Citroen,C-Élysée,Gasolina,44908.0,82.0,manual,12500,Mollet del Vallès,8100,Barcelona,Mollet del Vallès
Citroen,C-Élysée,Diésel,87509.0,100.0,manual,9450,Navalcarnero,28600,Madrid,Navalcarnero
Citroen,C-Élysée,Diésel,90000.0,100.0,manual,10999,Málaga,29004,Málaga,Málaga
Citroen,C-Élysée,Gasolina,40000.0,82.0,manual,10900,Pinto,28320,Madrid,Pinto
Citroen,C-Élysée,Diésel,95000.0,92.0,manual,7200,Constantí,43120,Tarragona,Constantí
Volkswagen,Golf,Diésel,180000.0,115.0,manual,13990,Utrera,41710,Sevilla,Utrera
Volkswagen,Golf,Diésel,262000.0,105.0,manual,8990,Gandía,46730,Valencia,Gandía
Volkswagen,Golf,Gasolina,29338.0,131.0,manual,25250,Zaragoza,50017,Zaragoza,Zaragoza
Citroen,SpaceTourer,Diésel,91327.0,115.0,manual,29850,Vigo,36214,Pontevedra,Vigo
Citroen,SpaceTourer,Diésel,91327.0,115.0,manual,29850,Murcia,30003,Murcia,Murcia
Citroen,SpaceTourer,Diésel,91327.0,115.0,manual,29850,Valdepeñas,13300,Ciudad Real,Valdepeñas
Citroen,SpaceTourer,Diésel,91327.0,115.0,manual,29850,Valdepeñas,13300,Ciudad Real,Valdepeñas
Citroen,SpaceTourer,Diésel,91327.0,115.0,manual,29850,Olèrdola,8734,Barcelona,Olèrdola
Citroen,SpaceTourer,Diésel,91327.0,115.0,manual,29850,Olèrdola,8734,Barcelona,Olèrdola
Citroen,SpaceTourer,Diésel,91327.0,115.0,manual,29850,Paterna,46980,Valencia,Paterna
KIA,Carens,Diésel,59800.0,115.0,manual,15850,Riba-Roja de Turia,46190,Valencia,Riba-Roja de Turia
Citroen,SpaceTourer,Diésel,91327.0,115.0,manual,29850,Santiago de Compostela,15703,A Coruña,Santiago de Compostela
Citroen,SpaceTourer,Diésel,91327.0,115.0,manual,29850,Badajoz,6008,Badajoz,Badajoz
Citroen,SpaceTourer,Diésel,91327.0,115.0,manual,29850,Santafe,18320,Granada,Santafe
Citroen,SpaceTourer,Diésel,91327.0,115.0,manual,29850,Zaragoza,50013,Zaragoza,Zaragoza
Citroen,SpaceTourer,Diésel,91327.0,115.0,manual,29850,Albacete,2001,Albacete,Albacete
Citroen,SpaceTourer,Diésel,91327.0,115.0,manual,29850,Barcelona,8007,Barcelona,Barcelona
Citroen,SpaceTourer,Diésel,91327.0,115.0,manual,29850,Atarrabia,31610,Navarra,Atarrabia
Citroen,SpaceTourer,Diésel,91327.0,115.0,manual,29850,Mercabilbao,48970,Bizkaia,Mercabilbao
Citroen,SpaceTourer,Diésel,91327.0,115.0,manual,29850,Las Rozas de Madrid,28232,Madrid,Las Rozas de Madrid
Citroen,SpaceTourer,Diésel,91327.0,115.0,manual,29850,Hidraulica Santillana,28770,Madrid,Hidraulica Santillana
Citroen,SpaceTourer,Diésel,91327.0,115.0,manual,29850,Alicante,3007,Alicante,Alicante
Citroen,SpaceTourer,Diésel,91327.0,115.0,manual,29850,Alcobendas,28100,Madrid,Alcobendas
Citroen,SpaceTourer,Diésel,91327.0,115.0,manual,29850,Puerto de Sagunto,46520,Valencia,Puerto de Sagunto
Citroen,SpaceTourer,Diésel,91327.0,115.0,manual,29850,Alzira,46600,Valencia,Alzira
Citroen,SpaceTourer,Diésel,91327.0,115.0,manual,29850,Alzira,46600,Valencia,Alzira
Citroen,SpaceTourer,Diésel,91327.0,115.0,manual,29850,Castello/Castellon de La Plana,12100,Castellón,Castello/Castellon de La Plana
Citroen,SpaceTourer,Diésel,91327.0,115.0,manual,29850,Alcalá de Guadaíra,41500,Sevilla,Alcalá de Guadaíra
Citroen,SpaceTourer,Diésel,91327.0,115.0,manual,29850,Alameda del Obispo,14005,Córdoba,Alameda del Obispo
Citroen,SpaceTourer,Diésel,178000.0,150.0,manual,23900,Torrejón de Ardoz,28850,Madrid,Torrejón de Ardoz
Citroen,SpaceTourer,Diésel,74000.0,150.0,manual,35490,Almería,4006,Almería,Almería
Citroen,SpaceTourer,Diésel,74000.0,150.0,manual,35490,Bilbao,48004,Bizkaia,Bilbao
Citroen,SpaceTourer,Diésel,74000.0,150.0,manual,35490,Vigo,36211,Pontevedra,Vigo
Citroen,SpaceTourer,Diésel,74000.0,150.0,manual,35490,Valencia,46001,Valencia,Valencia
Citroen,SpaceTourer,Diésel,74000.0,150.0,manual,35490,Durango,48200,Bizkaia,Durango
Citroen,SpaceTourer,Diésel,74000.0,150.0,manual,35490,Durango,48200,Bizkaia,Durango
Citroen,SpaceTourer,Diésel,74000.0,150.0,manual,35490,Alicante,3010,Alicante,Alicante
Citroen,SpaceTourer,Diésel,74000.0,150.0,manual,35490,Alicante,3010,Murcia,Alicante
Citroen,SpaceTourer,Diésel,74000.0,150.0,manual,35490,Sevilla,41005,Sevilla,Sevilla
Citroen,SpaceTourer,Diésel,74000.0,150.0,manual,35490,Donostia-San Sebastián,20006,Gipuzkoa,Donostia-San Sebastián
Citroen,SpaceTourer,Diésel,74000.0,150.0,manual,35490,Murcia,30005,Murcia,Murcia
Citroen,SpaceTourer,Diésel,74000.0,150.0,manual,35490,Armentia,1007,Álava,Armentia
Citroen,SpaceTourer,Diésel,74000.0,150.0,manual,35490,Pamplona/Iruña,31001,Navarra,Pamplona/Iruña
Citroen,SpaceTourer,Diésel,74000.0,150.0,manual,35490,Santander,39010,Cantabria,Santander
Citroen,SpaceTourer,Diésel,74000.0,150.0,manual,35490,Oviedo,33003,Asturias,Oviedo
Citroen,SpaceTourer,Diésel,74000.0,150.0,manual,35490,Granada,18005,Granada,Granada
Citroen,SpaceTourer,Diésel,74000.0,150.0,manual,35490,Málaga,29005,Málaga,Málaga
Citroen,SpaceTourer,Diésel,117000.0,150.0,manual,25990,Parla,28984,Madrid,Parla
Citroen,SpaceTourer,Diésel,140000.0,178.0,automatic,29890,Almería,4006,Almería,Almería
Citroen,SpaceTourer,Diésel,140000.0,178.0,automatic,29890,Bilbao,48004,Bizkaia,Bilbao
Citroen,SpaceTourer,Diésel,140000.0,178.0,automatic,29890,Vigo,36211,Pontevedra,Vigo
Citroen,SpaceTourer,Diésel,140000.0,178.0,automatic,29890,Murcia,30005,Murcia,Murcia
Citroen,SpaceTourer,Diésel,140000.0,178.0,automatic,29890,Granada,18005,Granada,Granada
Citroen,SpaceTourer,Diésel,140000.0,178.0,automatic,29890,Valencia,46001,Valencia,Valencia
Citroen,SpaceTourer,Diésel,140000.0,178.0,automatic,29890,Alicante,3010,Alicante,Alicante
Citroen,SpaceTourer,Diésel,140000.0,178.0,automatic,29890,Alicante,3010,Murcia,Alicante
Citroen,SpaceTourer,Diésel,140000.0,178.0,automatic,29890,Sevilla,41005,Sevilla,Sevilla
Citroen,SpaceTourer,Diésel,140000.0,178.0,automatic,29890,Málaga,29005,Málaga,Málaga
Citroen,SpaceTourer,Diésel,140000.0,178.0,automatic,29890,A Coruña,15005,A Coruña,A Coruña
Citroen,SpaceTourer,Diésel,140000.0,178.0,automatic,29890,Ourense,32001,Ourense,Ourense
Citroen,SpaceTourer,Diésel,140000.0,178.0,automatic,29890,Vilagarcía de Arousa,36600,Pontevedra,Vilagarcía de Arousa
Citroen,SpaceTourer,Diésel,74900.0,150.0,manual,30900,Carretera de San Martin de La Vega,28320,Madrid,Carretera de San Martin de La Vega
Citroen,SpaceTourer,Diésel,26500.0,150.0,manual,32490,Ourense,32001,Ourense,Ourense
Citroen,SpaceTourer,Diésel,26500.0,150.0,manual,31990,Ourense,32001,Ourense,Ourense
Citroen,SpaceTourer,Diésel,71000.0,150.0,manual,29990,Madrid,28037,Madrid,Madrid
Citroen,SpaceTourer,Diésel,58916.0,115.0,manual,31450,Madrid,28045,Madrid,Madrid
Citroen,SpaceTourer,Diésel,26500.0,150.0,manual,32490,Vilagarcía de Arousa,36600,Pontevedra,Vilagarcía de Arousa
Citroen,SpaceTourer,Diésel,26500.0,150.0,manual,31990,Vilagarcía de Arousa,36600,Pontevedra,Vilagarcía de Arousa
Citroen,SpaceTourer,Diésel,26500.0,150.0,manual,32490,Bilbao,48004,Bizkaia,Bilbao
Citroen,SpaceTourer,Diésel,26500.0,150.0,manual,31990,Bilbao,48004,Bizkaia,Bilbao
Citroen,SpaceTourer,Diésel,26500.0,150.0,manual,32490,A Coruña,15005,A Coruña,A Coruña
Citroen,SpaceTourer,Diésel,26500.0,150.0,manual,31990,A Coruña,15005,A Coruña,A Coruña
Citroen,SpaceTourer,Diésel,26500.0,150.0,manual,32490,Sevilla,41005,Sevilla,Sevilla
Citroen,SpaceTourer,Diésel,26500.0,150.0,manual,31990,Sevilla,41005,Sevilla,Sevilla
Citroen,SpaceTourer,Diésel,26500.0,150.0,manual,32490,Vigo,36211,Pontevedra,Vigo
Citroen,SpaceTourer,Diésel,26500.0,150.0,manual,31990,Vigo,36211,Pontevedra,Vigo
Citroen,SpaceTourer,Diésel,26500.0,150.0,manual,32490,Alicante,3010,Alicante,Alicante
Citroen,SpaceTourer,Diésel,26500.0,150.0,manual,32490,Alicante,3010,Murcia,Alicante
Citroen,SpaceTourer,Diésel,26500.0,150.0,manual,31990,Alicante,3010,Alicante,Alicante
Citroen,SpaceTourer,Diésel,26500.0,150.0,manual,31990,Alicante,3010,Murcia,Alicante
Citroen,SpaceTourer,Diésel,26500.0,150.0,manual,32490,Granada,18005,Granada,Granada
Citroen,SpaceTourer,Diésel,26500.0,150.0,manual,31990,Granada,18005,Granada,Granada
Citroen,SpaceTourer,Diésel,26500.0,150.0,manual,32490,Almería,4006,Almería,Almería
Citroen,SpaceTourer,Diésel,26500.0,150.0,manual,31990,Almería,4006,Almería,Almería
Citroen,SpaceTourer,Diésel,26500.0,150.0,manual,32490,Murcia,30005,Murcia,Murcia
Citroen,SpaceTourer,Diésel,26500.0,150.0,manual,31990,Murcia,30005,Murcia,Murcia
Citroen,SpaceTourer,Diésel,26500.0,150.0,manual,32490,Valencia,46001,Valencia,Valencia
Citroen,SpaceTourer,Diésel,26500.0,150.0,manual,31990,Valencia,46001,Valencia,Valencia
Citroen,SpaceTourer,Diésel,26500.0,150.0,manual,32490,Málaga,29005,Málaga,Málaga
Citroen,SpaceTourer,Diésel,26500.0,150.0,manual,31990,Málaga,29005,Málaga,Málaga
Citroen,SpaceTourer,Diésel,147900.0,120.0,manual,26900,Madrid,28032,Madrid,Madrid
Citroen,SpaceTourer,Diésel,20317.0,177.0,automatic,39900,Madrid,28014,Madrid,Madrid
Citroen,SpaceTourer,Diésel,60000.0,150.0,manual,31900,Dos Hermanas,41700,Sevilla,Dos Hermanas
Citroen,SpaceTourer,Diésel,37949.0,150.0,manual,30800,Girona,17007,Girona,Girona
Citroen,SpaceTourer,Diésel,37949.0,150.0,manual,29980,Girona,17007,Girona,Girona
Citroen,SpaceTourer,Diésel,103373.0,120.0,manual,24900,A Coruña,15001,A Coruña,A Coruña
Citroen,SpaceTourer,Diésel,37949.0,150.0,manual,30800,Palma de Mallorca,7003,Baleares,Palma de Mallorca
Citroen,SpaceTourer,Diésel,37949.0,150.0,manual,29980,Palma de Mallorca,7003,Baleares,Palma de Mallorca
Citroen,SpaceTourer,Diésel,37949.0,150.0,manual,30800,Òrrius,8317,Barcelona,Òrrius
Citroen,SpaceTourer,Diésel,37949.0,150.0,manual,29980,Òrrius,8317,Barcelona,Òrrius
Citroen,SpaceTourer,Diésel,37949.0,150.0,manual,30800,Granada,18005,Granada,Granada
Citroen,SpaceTourer,Diésel,37949.0,150.0,manual,29980,Granada,18005,Granada,Granada
Citroen,SpaceTourer,Diésel,37949.0,150.0,manual,30800,Sevilla,41005,Sevilla,Sevilla
Citroen,SpaceTourer,Diésel,37949.0,150.0,manual,29980,Sevilla,41005,Sevilla,Sevilla
Citroen,SpaceTourer,Diésel,37949.0,150.0,manual,30800,Vigo,36211,Pontevedra,Vigo
Citroen,SpaceTourer,Diésel,37949.0,150.0,manual,29980,Vigo,36211,Pontevedra,Vigo
Citroen,SpaceTourer,Diésel,37949.0,150.0,manual,30800,Bilbao,48004,Bizkaia,Bilbao
Citroen,SpaceTourer,Diésel,37949.0,150.0,manual,29980,Bilbao,48004,Bizkaia,Bilbao
Citroen,SpaceTourer,Diésel,37949.0,150.0,manual,30800,Murcia,30005,Murcia,Murcia
Citroen,SpaceTourer,Diésel,37949.0,150.0,manual,29980,Murcia,30005,Murcia,Murcia
Citroen,SpaceTourer,Diésel,37949.0,150.0,manual,30800,Almería,4006,Almería,Almería
Citroen,SpaceTourer,Diésel,37949.0,150.0,manual,29980,Almería,4006,Almería,Almería
Citroen,SpaceTourer,Diésel,37949.0,150.0,manual,30800,Valencia,46001,Valencia,Valencia
Citroen,SpaceTourer,Diésel,37949.0,150.0,manual,29980,Valencia,46001,Valencia,Valencia
Citroen,SpaceTourer,Diésel,37949.0,150.0,manual,30800,Alicante,3010,Alicante,Alicante
Citroen,SpaceTourer,Diésel,37949.0,150.0,manual,30800,Alicante,3010,Murcia,Alicante
Citroen,SpaceTourer,Diésel,37949.0,150.0,manual,29980,Alicante,3010,Alicante,Alicante
Citroen,SpaceTourer,Diésel,37949.0,150.0,manual,29980,Alicante,3010,Murcia,Alicante
Citroen,SpaceTourer,Diésel,37949.0,150.0,manual,30800,Málaga,29005,Málaga,Málaga
Citroen,SpaceTourer,Diésel,37949.0,150.0,manual,29980,Málaga,29005,Málaga,Málaga
Citroen,SpaceTourer,Diésel,37949.0,150.0,manual,30800,Ullastrell,8231,Barcelona,Ullastrell
Citroen,SpaceTourer,Diésel,37949.0,150.0,manual,29980,Ullastrell,8231,Barcelona,Ullastrell
Citroen,SpaceTourer,Diésel,37949.0,150.0,manual,30800,Palau-Solita I Plegamans,8184,Barcelona,Palau-Solita I Plegamans
Citroen,SpaceTourer,Diésel,37949.0,150.0,manual,30800,Palau-Solita I Plegamans,8184,Barcelona,Palau-Solita I Plegamans
Citroen,SpaceTourer,Diésel,37949.0,150.0,manual,29980,Palau-Solita I Plegamans,8184,Barcelona,Palau-Solita I Plegamans
Citroen,SpaceTourer,Diésel,37949.0,150.0,manual,29980,Palau-Solita I Plegamans,8184,Barcelona,Palau-Solita I Plegamans
Citroen,SpaceTourer,Diésel,37949.0,150.0,manual,30800,Tarragona,43006,Tarragona,Tarragona
Citroen,SpaceTourer,Diésel,37949.0,150.0,manual,29980,Tarragona,43006,Tarragona,Tarragona
Citroen,SpaceTourer,Diésel,103373.0,120.0,manual,24900,Vigo,36204,Pontevedra,Vigo
Citroen,SpaceTourer,Diésel,20496.0,115.0,manual,29900,Orkoien,31160,Navarra,Orkoien
Citroen,SpaceTourer,Diésel,78604.0,115.0,manual,28900,Madrid,28014,Madrid,Madrid
Citroen,SpaceTourer,Diésel,134859.0,120.0,manual,27172,Madrid,28009,Madrid,Madrid
Citroen,SpaceTourer,Diésel,134859.0,120.0,manual,26172,Madrid,28009,Madrid,Madrid
Citroen,SpaceTourer,Diésel,99410.0,120.0,manual,28890,Madrid,28009,Madrid,Madrid
Citroen,SpaceTourer,Diésel,99410.0,120.0,manual,27890,Madrid,28009,Madrid,Madrid
Citroen,SpaceTourer,Diésel,119253.0,120.0,manual,29890,Madrid,28009,Madrid,Madrid
Citroen,SpaceTourer,Diésel,99410.0,120.0,manual,28890,Alcalá de Guadaíra,41500,Sevilla,Alcalá de Guadaíra
Citroen,SpaceTourer,Diésel,99410.0,120.0,manual,27890,Alcalá de Guadaíra,41500,Sevilla,Alcalá de Guadaíra
Citroen,SpaceTourer,Diésel,99410.0,120.0,manual,28890,Málaga,29004,Málaga,Málaga
Citroen,SpaceTourer,Diésel,99410.0,120.0,manual,27890,Málaga,29004,Málaga,Málaga
Citroen,SpaceTourer,Diésel,134859.0,120.0,manual,27172,Alcalá de Guadaíra,41500,Sevilla,Alcalá de Guadaíra
Citroen,SpaceTourer,Diésel,134859.0,120.0,manual,26172,Alcalá de Guadaíra,41500,Sevilla,Alcalá de Guadaíra
Citroen,SpaceTourer,Diésel,119253.0,120.0,manual,29890,Alcalá de Guadaíra,41500,Sevilla,Alcalá de Guadaíra
Citroen,SpaceTourer,Diésel,134859.0,120.0,manual,27172,Málaga,29004,Málaga,Málaga
Citroen,SpaceTourer,Diésel,134859.0,120.0,manual,26172,Málaga,29004,Málaga,Málaga
Citroen,SpaceTourer,Diésel,119253.0,120.0,manual,29890,Málaga,29004,Málaga,Málaga
Citroen,SpaceTourer,Diésel,100247.0,178.0,automatic,29875,Bilbao,48006,Bizkaia,Bilbao
Citroen,SpaceTourer,Diésel,39651.0,150.0,manual,33900,Madrid,28014,Madrid,Madrid
Volkswagen,Golf,Gasolina,106111.0,115.0,manual,15900,Huelva,21006,Huelva,Huelva
Volkswagen,Golf,Diésel,145000.0,150.0,manual,15800,Vigo,36211,Pontevedra,Vigo
Volkswagen,Golf,Diésel,77585.0,115.0,manual,18900,Mollet del Vallès,8100,Barcelona,Mollet del Vallès
Volkswagen,Golf,Gasolina,78200.0,245.0,manual,26990,Paiporta,46200,Valencia,Paiporta
Volkswagen,Golf,Gasolina,113700.0,220.0,manual,17990,Caldes de Montbui,8140,Barcelona,Caldes de Montbui
Volkswagen,Golf,Gasolina,140000.0,102.0,manual,8390,Barcelona,8028,Barcelona,Barcelona
Volkswagen,Golf,Gasolina,167000.0,230.0,automatic,23490,Las Vegas,14900,Córdoba,Las Vegas
Volkswagen,Golf,Gasolina,114000.0,160.0,manual,32500,Piera,8784,Barcelona,Piera
Citroen,C 15,Diésel,360000.0,60.0,manual,2500,Silleda,36540,Pontevedra,Silleda
Citroen,C 15,Diésel,123000.0,75.0,manual,3900,Santa Perpètua de Mogoda,8130,Barcelona,Santa Perpètua de Mogoda
Audi,RS4,Gasolina,225000.0,450.0,automatic,33900,La / Nucia-Hill Nucia Hills,3530,Alicante,La / Nucia-Hill Nucia Hills
Citroen,C4 Picasso,Diésel,125267.0,115.0,manual,11950,Alcobendas,28100,Madrid,Alcobendas
Citroen,C4 Picasso,Diésel,90852.0,115.0,manual,12089,Mercabilbao,48970,Bizkaia,Mercabilbao
Citroen,C4 Picasso,Diésel,90852.0,115.0,manual,12089,Santafe,18320,Granada,Santafe
Citroen,C4 Picasso,Diésel,90852.0,115.0,manual,12089,Zaragoza,50013,Zaragoza,Zaragoza
Citroen,C4 Picasso,Diésel,90852.0,115.0,manual,12089,Puerto de Sagunto,46520,Valencia,Puerto de Sagunto
Citroen,C4 Picasso,Diésel,90852.0,115.0,manual,12089,Getafe,28906,Madrid,Getafe
Citroen,C4 Picasso,Diésel,90852.0,115.0,manual,12089,Las Rozas de Madrid,28232,Madrid,Las Rozas de Madrid
Citroen,C4 Picasso,Diésel,90852.0,115.0,manual,12089,Castello/Castellon de La Plana,12100,Castellón,Castello/Castellon de La Plana
Citroen,C4 Picasso,Diésel,90852.0,115.0,manual,12089,Colonia Pablo Iglesias,28520,Madrid,Colonia Pablo Iglesias
Citroen,C4 Picasso,Diésel,90852.0,115.0,manual,12089,Hidraulica Santillana,28770,Madrid,Hidraulica Santillana
Citroen,C4 Picasso,Diésel,90852.0,115.0,manual,12089,Albacete,2001,Albacete,Albacete
Citroen,C4 Picasso,Diésel,90852.0,115.0,manual,12089,Alzira,46600,Valencia,Alzira
Citroen,C4 Picasso,Diésel,90852.0,115.0,manual,12089,Alzira,46600,Valencia,Alzira
Citroen,C4 Picasso,Diésel,90852.0,115.0,manual,12089,Alicante,3007,Alicante,Alicante
Citroen,C4 Picasso,Diésel,125267.0,115.0,manual,11950,Alcalá de Guadaíra,41500,Sevilla,Alcalá de Guadaíra
Citroen,C4 Picasso,Diésel,125267.0,115.0,manual,11950,Mercabilbao,48970,Bizkaia,Mercabilbao
Citroen,C4 Picasso,Diésel,125267.0,115.0,manual,11950,Castello/Castellon de La Plana,12100,Castellón,Castello/Castellon de La Plana
Citroen,C4 Picasso,Diésel,125267.0,115.0,manual,11950,Santafe,18320,Granada,Santafe
Citroen,C4 Picasso,Diésel,125267.0,115.0,manual,11950,Las Rozas de Madrid,28232,Madrid,Las Rozas de Madrid
Citroen,C4 Picasso,Diésel,125267.0,115.0,manual,11950,Torremolinos,29620,Málaga,Torremolinos
Citroen,C4 Picasso,Diésel,125267.0,115.0,manual,11950,Torremolinos,29620,Málaga,Torremolinos
Citroen,C4 Picasso,Diésel,125267.0,115.0,manual,11950,Torremolinos,29620,Málaga,Torremolinos
Citroen,C4 Picasso,Diésel,125267.0,115.0,manual,11950,Getafe,28906,Madrid,Getafe
Citroen,C4 Picasso,Diésel,125267.0,115.0,manual,11950,Collado Villalba,28400,Madrid,Collado Villalba
Citroen,C4 Picasso,Diésel,125267.0,115.0,manual,11950,Collado Villalba,28400,Madrid,Collado Villalba
Citroen,C4 Picasso,Diésel,125267.0,115.0,manual,11950,Paterna,46980,Valencia,Paterna
Citroen,C4 Picasso,Diésel,125267.0,115.0,manual,11950,Puerto de Sagunto,46520,Valencia,Puerto de Sagunto
Citroen,C4 Picasso,Diésel,125267.0,115.0,manual,11950,Zaragoza,50013,Zaragoza,Zaragoza
Citroen,C4 Picasso,Diésel,125267.0,115.0,manual,11950,Atarrabia,31610,Navarra,Atarrabia
Citroen,C4 Picasso,Diésel,125267.0,115.0,manual,11950,Colonia Pablo Iglesias,28520,Madrid,Colonia Pablo Iglesias
Citroen,C4 Picasso,Diésel,125267.0,115.0,manual,11950,Albacete,2001,Albacete,Albacete
Citroen,C4 Picasso,Diésel,125267.0,115.0,manual,11950,Hidraulica Santillana,28770,Madrid,Hidraulica Santillana
Citroen,C4 Picasso,Diésel,125267.0,115.0,manual,11950,Alzira,46600,Valencia,Alzira
Citroen,C4 Picasso,Diésel,125267.0,115.0,manual,11950,Alzira,46600,Valencia,Alzira
Citroen,C4 Picasso,Diésel,125267.0,115.0,manual,11950,Alicante,3007,Alicante,Alicante
Citroen,C4 Picasso,Gasolina,154810.0,130.0,manual,13570,Estepona,29680,Málaga,Estepona
Citroen,C4 Picasso,Gasolina,154810.0,130.0,manual,13570,Saladar,3700,Alicante,Saladar
Citroen,C4 Picasso,Gasolina,154810.0,130.0,manual,13570,Alcobendas,28100,Madrid,Alcobendas
Citroen,C4 Picasso,Gasolina,154810.0,130.0,manual,13570,Albacete,2001,Albacete,Albacete
Citroen,C4 Picasso,Gasolina,154810.0,130.0,manual,13570,Badajoz,6008,Badajoz,Badajoz
Citroen,C4 Picasso,Gasolina,154810.0,130.0,manual,13570,Hidraulica Santillana,28770,Madrid,Hidraulica Santillana
Citroen,C4 Picasso,Gasolina,154810.0,130.0,manual,13570,Zaragoza,50013,Zaragoza,Zaragoza
Citroen,C4 Picasso,Gasolina,154810.0,130.0,manual,13570,Paterna,46980,Valencia,Paterna
Citroen,C4 Picasso,Gasolina,154810.0,130.0,manual,13570,Atarrabia,31610,Navarra,Atarrabia
Citroen,C4 Picasso,Gasolina,154810.0,130.0,manual,13570,Santafe,18320,Granada,Santafe
Citroen,C4 Picasso,Gasolina,154810.0,130.0,manual,13570,Alcalá de Guadaíra,41500,Sevilla,Alcalá de Guadaíra
Citroen,C4 Picasso,Gasolina,122228.0,165.0,automatic,15900,Alcobendas,28100,Madrid,Alcobendas
Citroen,C4 Picasso,Gasolina,122228.0,165.0,automatic,15900,Alicante,3007,Alicante,Alicante
Citroen,C4 Picasso,Gasolina,154810.0,130.0,manual,13570,Alameda del Obispo,14005,Córdoba,Alameda del Obispo
Citroen,C4 Picasso,Gasolina,154810.0,130.0,manual,13570,Getafe,28906,Madrid,Getafe
Citroen,C4 Picasso,Gasolina,154810.0,130.0,manual,13570,Colonia Pablo Iglesias,28520,Madrid,Colonia Pablo Iglesias
Citroen,C4 Picasso,Gasolina,154810.0,130.0,manual,13570,Las Rozas de Madrid,28232,Madrid,Las Rozas de Madrid
Citroen,C4 Picasso,Gasolina,154810.0,130.0,manual,13570,Collado Villalba,28400,Madrid,Collado Villalba
Citroen,C4 Picasso,Gasolina,154810.0,130.0,manual,13570,Collado Villalba,28400,Madrid,Collado Villalba
Citroen,C4 Picasso,Gasolina,154810.0,130.0,manual,13570,Torremolinos,29620,Málaga,Torremolinos
Citroen,C4 Picasso,Gasolina,154810.0,130.0,manual,13570,Torremolinos,29620,Málaga,Torremolinos
Citroen,C4 Picasso,Gasolina,154810.0,130.0,manual,13570,Torremolinos,29620,Málaga,Torremolinos
Citroen,C4 Picasso,Gasolina,122228.0,165.0,automatic,15900,Puerto de Sagunto,46520,Valencia,Puerto de Sagunto
Citroen,C4 Picasso,Gasolina,122228.0,165.0,automatic,15900,Zaragoza,50013,Zaragoza,Zaragoza
Citroen,C4 Picasso,Gasolina,122228.0,165.0,automatic,15900,Getafe,28906,Madrid,Getafe
Citroen,C4 Picasso,Gasolina,122228.0,165.0,automatic,15900,Collado Villalba,28400,Madrid,Collado Villalba
Citroen,C4 Picasso,Gasolina,122228.0,165.0,automatic,15900,Collado Villalba,28400,Madrid,Collado Villalba
Citroen,C4 Picasso,Gasolina,122228.0,165.0,automatic,15900,Paterna,46980,Valencia,Paterna
Citroen,C4 Picasso,Gasolina,122228.0,165.0,automatic,15900,Alameda del Obispo,14005,Córdoba,Alameda del Obispo
Citroen,C4 Picasso,Gasolina,122228.0,165.0,automatic,15900,Atarrabia,31610,Navarra,Atarrabia
Citroen,C4 Picasso,Gasolina,122228.0,165.0,automatic,15900,Torremolinos,29620,Málaga,Torremolinos
Citroen,C4 Picasso,Gasolina,122228.0,165.0,automatic,15900,Torremolinos,29620,Málaga,Torremolinos
Citroen,C4 Picasso,Gasolina,122228.0,165.0,automatic,15900,Torremolinos,29620,Málaga,Torremolinos
Citroen,C4 Picasso,Gasolina,122228.0,165.0,automatic,15900,Colonia Pablo Iglesias,28520,Madrid,Colonia Pablo Iglesias
Citroen,C4 Picasso,Gasolina,122228.0,165.0,automatic,15900,Las Rozas de Madrid,28232,Madrid,Las Rozas de Madrid
Citroen,C4 Picasso,Gasolina,122228.0,165.0,automatic,15900,Santafe,18320,Granada,Santafe
Citroen,C4 Picasso,Gasolina,122228.0,165.0,automatic,15900,Alcalá de Guadaíra,41500,Sevilla,Alcalá de Guadaíra
Citroen,C4 Picasso,Gasolina,122228.0,165.0,automatic,15900,Mercabilbao,48970,Bizkaia,Mercabilbao
Citroen,C4 Picasso,Gasolina,117000.0,120.0,manual,5990,Sant Joan Despí,8970,Barcelona,Sant Joan Despí
Citroen,C4 Picasso,Gasolina,84025.0,130.0,manual,13420,Collado Villalba,28400,Madrid,Collado Villalba
Citroen,C4 Picasso,Gasolina,84025.0,130.0,manual,13420,Collado Villalba,28400,Madrid,Collado Villalba
Citroen,C4 Picasso,Gasolina,84025.0,130.0,manual,13420,Vigo,36214,Pontevedra,Vigo
Citroen,C4 Picasso,Gasolina,84025.0,130.0,manual,13420,Estepona,29680,Málaga,Estepona
Citroen,C4 Picasso,Gasolina,84025.0,130.0,manual,13420,Granollers,8403,Barcelona,Granollers
Citroen,C4 Picasso,Diésel,98704.0,120.0,manual,12699,Madrid,28014,Madrid,Madrid
Citroen,C4 Picasso,Diésel,98704.0,120.0,manual,12199,Madrid,28014,Madrid,Madrid
Citroen,C4 Picasso,Diésel,98704.0,120.0,manual,12699,Barcelona,8007,Barcelona,Barcelona
Citroen,C4 Picasso,Diésel,98704.0,120.0,manual,12199,Barcelona,8007,Barcelona,Barcelona
Citroen,C4 Picasso,Gasolina,84025.0,130.0,manual,13420,Las Rozas de Madrid,28232,Madrid,Las Rozas de Madrid
Citroen,C4 Picasso,Gasolina,84025.0,130.0,manual,13420,Hidraulica Santillana,28770,Madrid,Hidraulica Santillana
Citroen,C4 Picasso,Gasolina,84025.0,130.0,manual,13420,Alcobendas,28100,Madrid,Alcobendas
Citroen,C4 Picasso,Gasolina,84025.0,130.0,manual,13420,Paterna,46980,Valencia,Paterna
Citroen,C4 Picasso,Gasolina,84025.0,130.0,manual,13420,Atarrabia,31610,Navarra,Atarrabia
Citroen,C4 Picasso,Gasolina,84025.0,130.0,manual,13420,Alcalá de Guadaíra,41500,Sevilla,Alcalá de Guadaíra
Audi,RS4,Gasolina,164000.0,450.0,automatic,36900,Sant Fruitós de Bages,8272,Barcelona,Sant Fruitós de Bages
Citroen,C4 Picasso,Gasolina,84025.0,130.0,manual,13420,Torremolinos,29620,Málaga,Torremolinos
Citroen,C4 Picasso,Gasolina,84025.0,130.0,manual,13420,Torremolinos,29620,Málaga,Torremolinos
Citroen,C4 Picasso,Gasolina,84025.0,130.0,manual,13420,Torremolinos,29620,Málaga,Torremolinos
Audi,RS4,Gasolina,190000.0,450.0,manual,31900,Estepona,29680,Málaga,Estepona
Citroen,C4 Picasso,Diésel,44593.0,150.0,manual,15990,Pamplona/Iruña,31001,Navarra,Pamplona/Iruña
Citroen,C4 Picasso,Diésel,44593.0,150.0,manual,14890,Pamplona/Iruña,31001,Navarra,Pamplona/Iruña
Citroen,C4 Picasso,Diésel,44593.0,150.0,manual,15990,Santander,39010,Cantabria,Santander
Citroen,C4 Picasso,Diésel,44593.0,150.0,manual,14890,Santander,39010,Cantabria,Santander
Citroen,C4 Picasso,Diésel,44593.0,150.0,manual,15990,Armentia,1007,Álava,Armentia
Citroen,C4 Picasso,Diésel,44593.0,150.0,manual,14890,Armentia,1007,Álava,Armentia
Citroen,C4 Picasso,Diésel,44593.0,150.0,manual,15990,Burgos,9004,Burgos,Burgos
Citroen,C4 Picasso,Diésel,44593.0,150.0,manual,15990,Burgos,9004,Burgos,Burgos
Citroen,C4 Picasso,Diésel,44593.0,150.0,manual,14890,Burgos,9004,Burgos,Burgos
Citroen,C4 Picasso,Diésel,44593.0,150.0,manual,14890,Burgos,9004,Burgos,Burgos
Citroen,C4 Picasso,Diésel,69290.0,111.0,automatic,9290,Torrejón de Ardoz,28850,Madrid,Torrejón de Ardoz
Citroen,C4 Picasso,Diésel,190000.0,110.0,automatic,5990,Sevilla,41001,Sevilla,Sevilla
Citroen,C4 Picasso,Diésel,119887.0,120.0,automatic,14499,Barcelona,8007,Barcelona,Barcelona
Citroen,C4 Picasso,Diésel,119887.0,120.0,automatic,14299,Barcelona,8007,Barcelona,Barcelona
Citroen,C4 Picasso,Diésel,119887.0,120.0,automatic,14499,Madrid,28014,Madrid,Madrid
Citroen,C4 Picasso,Diésel,119887.0,120.0,automatic,14299,Madrid,28014,Madrid,Madrid
Citroen,C4 Picasso,Gasolina,78660.0,156.0,manual,12200,Málaga,29005,Málaga,Málaga
Citroen,C4 Picasso,Diésel,145227.0,115.0,manual,12990,Leganés,28916,Madrid,Leganés
Citroen,C4 Picasso,Diésel,145227.0,115.0,manual,12490,Leganés,28916,Madrid,Leganés
Citroen,C4 Picasso,Gasolina,148000.0,130.0,manual,8800,Badalona,8917,Barcelona,Badalona
Citroen,C4 Picasso,Gasolina,124019.0,130.0,manual,15985,Mercado Parque Corredor del Henares,28850,Madrid,Mercado Parque Corredor del Henares
Citroen,C4 Picasso,Diésel,65637.0,120.0,manual,17825,Mercado Parque Corredor del Henares,28850,Madrid,Mercado Parque Corredor del Henares
Citroen,C4 Picasso,Gasolina,78660.0,156.0,manual,12200,Murcia,30005,Murcia,Murcia
Citroen,C4 Picasso,Gasolina,78660.0,156.0,manual,12200,Vigo,36211,Pontevedra,Vigo
Citroen,C4 Picasso,Gasolina,78660.0,156.0,manual,12200,Granada,18005,Granada,Granada
Citroen,C4 Picasso,Gasolina,78660.0,156.0,manual,12200,Bilbao,48004,Bizkaia,Bilbao
Citroen,C4 Picasso,Gasolina,78660.0,156.0,manual,12200,Palma de Mallorca,7003,Baleares,Palma de Mallorca
Citroen,C4 Picasso,Gasolina,78660.0,156.0,manual,12200,Sevilla,41005,Sevilla,Sevilla
Citroen,C4 Picasso,Gasolina,78660.0,156.0,manual,12200,Girona,17007,Girona,Girona
Citroen,C4 Picasso,Gasolina,78660.0,156.0,manual,12200,Almería,4006,Almería,Almería
Citroen,C4 Picasso,Gasolina,78660.0,156.0,manual,12200,Valencia,46001,Valencia,Valencia
Citroen,C4 Picasso,Gasolina,78660.0,156.0,manual,12200,Palau-Solita I Plegamans,8184,Barcelona,Palau-Solita I Plegamans
Citroen,C4 Picasso,Gasolina,78660.0,156.0,manual,12200,Palau-Solita I Plegamans,8184,Barcelona,Palau-Solita I Plegamans
Citroen,C4 Picasso,Gasolina,78660.0,156.0,manual,12200,Alicante,3010,Alicante,Alicante
Citroen,C4 Picasso,Gasolina,78660.0,156.0,manual,12200,Alicante,3010,Murcia,Alicante
Citroen,C4 Picasso,Gasolina,78660.0,156.0,manual,12200,Ullastrell,8231,Barcelona,Ullastrell
Citroen,C4 Picasso,Gasolina,78660.0,156.0,manual,12200,Òrrius,8317,Barcelona,Òrrius
Citroen,C4 Picasso,Gasolina,78660.0,156.0,manual,12200,Tarragona,43006,Tarragona,Tarragona
Citroen,C4 Picasso,Diésel,200000.0,115.0,automatic,4495,Reus,43204,Tarragona,Reus
Citroen,C4 Picasso,Gasolina,124019.0,130.0,manual,15985,Granollers,8403,Barcelona,Granollers
Citroen,C4 Picasso,Diésel,65637.0,120.0,manual,17825,Granollers,8403,Barcelona,Granollers
Citroen,C4 Picasso,Gasolina,124019.0,130.0,manual,15985,Sant Vicenç de Montalt,8394,Barcelona,Sant Vicenç de Montalt
Citroen,C4 Picasso,Diésel,65637.0,120.0,manual,17825,Sant Vicenç de Montalt,8394,Barcelona,Sant Vicenç de Montalt
Citroen,C4 Picasso,Gasolina,124019.0,130.0,manual,15985,Hidraulica Santillana,28770,Madrid,Hidraulica Santillana
Citroen,C4 Picasso,Gasolina,124019.0,130.0,manual,15985,Alameda del Obispo,14005,Córdoba,Alameda del Obispo
Citroen,C4 Picasso,Diésel,65637.0,120.0,manual,17825,Alzira,46600,Valencia,Alzira
Citroen,C4 Picasso,Diésel,65637.0,120.0,manual,17825,Alzira,46600,Valencia,Alzira
Citroen,C4 Picasso,Diésel,65637.0,120.0,manual,17825,Hidraulica Santillana,28770,Madrid,Hidraulica Santillana
Citroen,C4 Picasso,Diésel,65637.0,120.0,manual,17825,Alameda del Obispo,14005,Córdoba,Alameda del Obispo
Citroen,C4 Picasso,Diésel,65068.0,120.0,manual,16490,Madrid,28021,Madrid,Madrid
Citroen,C4 Picasso,Diésel,65068.0,120.0,manual,16690,Madrid,28021,Madrid,Madrid
Citroen,C4 Picasso,Diésel,87675.0,115.0,automatic,10990,Murcia,30005,Murcia,Murcia
Citroen,C4 Picasso,Diésel,105168.0,150.0,manual,14390,Palma de Mallorca,7003,Baleares,Palma de Mallorca
Citroen,C4 Picasso,Gasolina,76392.0,120.0,manual,11499,Madrid,28014,Madrid,Madrid
Citroen,C4 Picasso,Gasolina,76392.0,120.0,manual,11199,Madrid,28014,Madrid,Madrid
Citroen,C4 Picasso,Gasolina,76392.0,120.0,manual,11499,Barcelona,8007,Barcelona,Barcelona
Citroen,C4 Picasso,Gasolina,76392.0,120.0,manual,11199,Barcelona,8007,Barcelona,Barcelona
Citroen,C4 Picasso,Gasolina,124019.0,130.0,manual,15985,Las Rozas de Madrid,28232,Madrid,Las Rozas de Madrid
Citroen,C4 Picasso,Diésel,65637.0,120.0,manual,17825,Las Rozas de Madrid,28232,Madrid,Las Rozas de Madrid
Citroen,C4 Picasso,Gasolina,165000.0,120.0,manual,5999,Vilanoveta,8812,Barcelona,Vilanoveta
Citroen,C4 Picasso,Gasolina,124019.0,130.0,manual,15985,Collado Villalba,28400,Madrid,Collado Villalba
Citroen,C4 Picasso,Gasolina,124019.0,130.0,manual,15985,Collado Villalba,28400,Madrid,Collado Villalba
Citroen,C4 Picasso,Diésel,65637.0,120.0,manual,17825,Collado Villalba,28400,Madrid,Collado Villalba
Citroen,C4 Picasso,Diésel,65637.0,120.0,manual,17825,Collado Villalba,28400,Madrid,Collado Villalba
Citroen,C4 Picasso,Gasolina,124019.0,130.0,manual,15985,Santa Maria del Aguila,4710,Almería,Santa Maria del Aguila
Citroen,C4 Picasso,Diésel,65637.0,120.0,manual,17825,Santa Maria del Aguila,4710,Almería,Santa Maria del Aguila
Citroen,C4 Picasso,Gasolina,124019.0,130.0,manual,15985,Murcia,30003,Murcia,Murcia
Citroen,C4 Picasso,Diésel,65637.0,120.0,manual,17825,Murcia,30003,Murcia,Murcia
Citroen,C4 Picasso,Gasolina,124019.0,130.0,manual,15985,Albacete,2001,Albacete,Albacete
Citroen,C4 Picasso,Diésel,65637.0,120.0,manual,17825,Albacete,2001,Albacete,Albacete
Citroen,C4 Picasso,Gasolina,124019.0,130.0,manual,15985,Getafe,28906,Madrid,Getafe
Citroen,C4 Picasso,Gasolina,124019.0,130.0,manual,15985,Valdepeñas,13300,Ciudad Real,Valdepeñas
Citroen,C4 Picasso,Gasolina,124019.0,130.0,manual,15985,Valdepeñas,13300,Ciudad Real,Valdepeñas
Citroen,C4 Picasso,Diésel,65637.0,120.0,manual,17825,Getafe,28906,Madrid,Getafe
Citroen,C4 Picasso,Diésel,65637.0,120.0,manual,17825,Valdepeñas,13300,Ciudad Real,Valdepeñas
Citroen,C4 Picasso,Diésel,65637.0,120.0,manual,17825,Valdepeñas,13300,Ciudad Real,Valdepeñas
Citroen,C4 Picasso,Gasolina,124019.0,130.0,manual,15985,Vigo,36214,Pontevedra,Vigo
Citroen,C4 Picasso,Diésel,65637.0,120.0,manual,17825,Vigo,36214,Pontevedra,Vigo
Citroen,C4 Picasso,Gasolina,124019.0,130.0,manual,15985,Saladar,3700,Alicante,Saladar
Citroen,C4 Picasso,Diésel,65637.0,120.0,manual,17825,Saladar,3700,Alicante,Saladar
Citroen,C4 Picasso,Gasolina,124019.0,130.0,manual,15985,Olèrdola,8734,Barcelona,Olèrdola
Citroen,C4 Picasso,Gasolina,124019.0,130.0,manual,15985,Olèrdola,8734,Barcelona,Olèrdola
Citroen,C4 Picasso,Diésel,65637.0,120.0,manual,17825,Olèrdola,8734,Barcelona,Olèrdola
Citroen,C4 Picasso,Diésel,65637.0,120.0,manual,17825,Olèrdola,8734,Barcelona,Olèrdola
Citroen,C4 Picasso,Gasolina,124019.0,130.0,manual,15985,Santiago de Compostela,15703,A Coruña,Santiago de Compostela
Citroen,C4 Picasso,Diésel,65637.0,120.0,manual,17825,Santiago de Compostela,15703,A Coruña,Santiago de Compostela
Citroen,C4 Picasso,Diésel,65637.0,120.0,manual,17825,Ciudad Real,13003,Ciudad Real,Ciudad Real
Citroen,C4 Picasso,Diésel,65637.0,120.0,manual,17825,Torremolinos,29620,Málaga,Torremolinos
Citroen,C4 Picasso,Diésel,65637.0,120.0,manual,17825,Torremolinos,29620,Málaga,Torremolinos
Citroen,C4 Picasso,Diésel,65637.0,120.0,manual,17825,Torremolinos,29620,Málaga,Torremolinos
Citroen,C4 Picasso,Gasolina,124019.0,130.0,manual,15985,Colonia Pablo Iglesias,28520,Madrid,Colonia Pablo Iglesias
Citroen,C4 Picasso,Diésel,65637.0,120.0,manual,17825,Colonia Pablo Iglesias,28520,Madrid,Colonia Pablo Iglesias
Citroen,C4 Picasso,Gasolina,124019.0,130.0,manual,15985,Castello/Castellon de La Plana,12100,Castellón,Castello/Castellon de La Plana
Citroen,C4 Picasso,Diésel,65637.0,120.0,manual,17825,Castello/Castellon de La Plana,12100,Castellón,Castello/Castellon de La Plana
Citroen,C4 Picasso,Diésel,65637.0,120.0,manual,17825,Alcobendas,28100,Madrid,Alcobendas
Citroen,C4 Picasso,Diésel,65637.0,120.0,manual,17825,Estepona,29680,Málaga,Estepona
Citroen,C4 Picasso,Diésel,65637.0,120.0,manual,17825,Badajoz,6008,Badajoz,Badajoz
Citroen,C4 Picasso,Diésel,65637.0,120.0,manual,17825,Alicante,3007,Alicante,Alicante
Citroen,C4 Picasso,Diésel,65637.0,120.0,manual,17825,Alcalá de Guadaíra,41500,Sevilla,Alcalá de Guadaíra
Citroen,C4 Picasso,Gasolina,124019.0,130.0,manual,15985,Atarrabia,31610,Navarra,Atarrabia
Citroen,C4 Picasso,Diésel,87675.0,115.0,automatic,10990,Huelva,21004,Huelva,Huelva
Citroen,C4 Picasso,Diésel,65637.0,120.0,manual,17825,Atarrabia,31610,Navarra,Atarrabia
Citroen,C4 Picasso,Diésel,87675.0,115.0,automatic,10990,Sevilla,41005,Sevilla,Sevilla
Citroen,C4 Picasso,Diésel,87675.0,115.0,automatic,10990,Vigo,36211,Pontevedra,Vigo
Citroen,C4 Picasso,Diésel,87675.0,115.0,automatic,10990,Valencia,46001,Valencia,Valencia
Citroen,C4 Picasso,Diésel,87675.0,115.0,automatic,10990,Alicante,3010,Alicante,Alicante
Citroen,C4 Picasso,Diésel,87675.0,115.0,automatic,10990,Alicante,3010,Murcia,Alicante
Citroen,C4 Picasso,Diésel,87675.0,115.0,automatic,10990,Granada,18005,Granada,Granada
Citroen,C4 Picasso,Diésel,87675.0,115.0,automatic,10990,Bilbao,48004,Bizkaia,Bilbao
Citroen,C4 Picasso,Diésel,87675.0,115.0,automatic,10990,Almería,4006,Almería,Almería
Citroen,C4 Picasso,Diésel,87675.0,115.0,automatic,10990,Málaga,29005,Málaga,Málaga
Citroen,C4 Picasso,Diésel,65637.0,120.0,manual,17825,Puerto de Sagunto,46520,Valencia,Puerto de Sagunto
Citroen,C4 Picasso,Diésel,65637.0,120.0,manual,17825,Santafe,18320,Granada,Santafe
Citroen,C4 Picasso,Diésel,87675.0,115.0,automatic,10990,Badajoz,6003,Badajoz,Badajoz
Citroen,C4 Picasso,Gasolina,124019.0,130.0,manual,15985,Barcelona,8007,Barcelona,Barcelona
Citroen,C4 Picasso,Diésel,65637.0,120.0,manual,17825,Mercabilbao,48970,Bizkaia,Mercabilbao
Citroen,C4 Picasso,Diésel,87675.0,115.0,automatic,10990,Cáceres,10001,Cáceres,Cáceres
Citroen,C4 Picasso,Diésel,87675.0,115.0,automatic,10990,Córdoba,14003,Córdoba,Córdoba
Citroen,C4 Picasso,Diésel,65637.0,120.0,manual,17825,Barcelona,8007,Barcelona,Barcelona
Citroen,C4 Picasso,Gasolina,124019.0,130.0,manual,15985,Zaragoza,50013,Zaragoza,Zaragoza
Citroen,C4 Picasso,Diésel,65637.0,120.0,manual,17825,Paterna,46980,Valencia,Paterna
Citroen,C4 Picasso,Diésel,87675.0,115.0,automatic,10990,Sevilla,41017,Sevilla,Sevilla
Citroen,C4 Picasso,Diésel,65637.0,120.0,manual,17825,Zaragoza,50013,Zaragoza,Zaragoza
Citroen,C4 Picasso,Gasolina,124019.0,130.0,manual,15985,Ciudad Real,13003,Ciudad Real,Ciudad Real
Citroen,C4 Picasso,Gasolina,78000.0,130.0,automatic,15950,El Tosalet,3700,Alicante,El Tosalet
Citroen,C4 Picasso,Gasolina,124019.0,130.0,manual,15985,Alzira,46600,Valencia,Alzira
Citroen,C4 Picasso,Gasolina,124019.0,130.0,manual,15985,Alzira,46600,Valencia,Alzira
Citroen,C4 Picasso,Gasolina,124019.0,130.0,manual,15985,Mercabilbao,48970,Bizkaia,Mercabilbao
Citroen,C4 Picasso,Diésel,104000.0,120.0,manual,12990,Alicante,3010,Alicante,Alicante
Citroen,C4 Picasso,Diésel,104000.0,120.0,manual,12990,Alicante,3010,Murcia,Alicante
Citroen,C4 Picasso,Gasolina,124019.0,130.0,manual,15985,Estepona,29680,Málaga,Estepona
Citroen,C4 Picasso,Gasolina,124019.0,130.0,manual,15985,Torremolinos,29620,Málaga,Torremolinos
Citroen,C4 Picasso,Gasolina,124019.0,130.0,manual,15985,Torremolinos,29620,Málaga,Torremolinos
Citroen,C4 Picasso,Gasolina,124019.0,130.0,manual,15985,Torremolinos,29620,Málaga,Torremolinos
Citroen,C4 Picasso,Gasolina,149500.0,130.0,manual,10490,Alicante,3010,Alicante,Alicante
Citroen,C4 Picasso,Gasolina,149500.0,130.0,manual,10490,Alicante,3010,Murcia,Alicante
Citroen,C4 Picasso,Diésel,128108.0,120.0,automatic,12990,Alicante,3010,Alicante,Alicante
Citroen,C4 Picasso,Diésel,128108.0,120.0,automatic,12990,Alicante,3010,Murcia,Alicante
Citroen,C4 Picasso,Diésel,128108.0,120.0,automatic,11990,Alicante,3010,Alicante,Alicante
Citroen,C4 Picasso,Diésel,128108.0,120.0,automatic,11990,Alicante,3010,Murcia,Alicante
Citroen,C4 Picasso,Gasolina,124019.0,130.0,manual,15985,Alcobendas,28100,Madrid,Alcobendas
Citroen,C4 Picasso,Gasolina,124019.0,130.0,manual,15985,Alicante,3007,Alicante,Alicante
Citroen,C4 Picasso,Gasolina,70450.0,130.0,manual,13790,Alicante,3010,Alicante,Alicante
Citroen,C4 Picasso,Gasolina,70450.0,130.0,manual,13790,Alicante,3010,Murcia,Alicante
Citroen,C4 Picasso,Diésel,166121.0,120.0,automatic,9990,Alicante,3010,Alicante,Alicante
Citroen,C4 Picasso,Diésel,166121.0,120.0,automatic,9990,Alicante,3010,Murcia,Alicante
Citroen,C4 Picasso,Diésel,104000.0,120.0,manual,12990,Valencia,46001,Valencia,Valencia
Citroen,C4 Picasso,Gasolina,84340.0,130.0,automatic,13990,Alicante,3010,Alicante,Alicante
Citroen,C4 Picasso,Gasolina,84340.0,130.0,automatic,13990,Alicante,3010,Murcia,Alicante
Citroen,C4 Picasso,Gasolina,124019.0,130.0,manual,15985,Alcalá de Guadaíra,41500,Sevilla,Alcalá de Guadaíra
Citroen,C4 Picasso,Gasolina,124019.0,130.0,manual,15985,Paterna,46980,Valencia,Paterna
Citroen,C4 Picasso,Gasolina,124019.0,130.0,manual,15985,Puerto de Sagunto,46520,Valencia,Puerto de Sagunto
Citroen,C4 Picasso,Diésel,210000.0,115.0,manual,7990,Badalona,8918,Barcelona,Badalona
Citroen,C4 Picasso,Gasolina,124019.0,130.0,manual,15985,Badajoz,6008,Badajoz,Badajoz
Citroen,C4 Picasso,Gasolina,149500.0,130.0,manual,10490,Valencia,46001,Valencia,Valencia
Citroen,C4 Picasso,Diésel,128108.0,120.0,automatic,12990,Valencia,46001,Valencia,Valencia
Citroen,C4 Picasso,Diésel,128108.0,120.0,automatic,11990,Valencia,46001,Valencia,Valencia
Citroen,C4 Picasso,Gasolina,70450.0,130.0,manual,13790,Valencia,46001,Valencia,Valencia
Citroen,C4 Picasso,Diésel,166121.0,120.0,automatic,9990,Valencia,46001,Valencia,Valencia
Citroen,C4 Picasso,Gasolina,84340.0,130.0,automatic,13990,Valencia,46001,Valencia,Valencia
Citroen,C4 Picasso,Gasolina,119179.0,120.0,manual,10199,Barcelona,8007,Barcelona,Barcelona
Citroen,C4 Picasso,Gasolina,119179.0,120.0,manual,9899,Barcelona,8007,Barcelona,Barcelona
Citroen,C4 Picasso,Gasolina,124019.0,130.0,manual,15985,Santafe,18320,Granada,Santafe
Citroen,C4 Picasso,Diésel,182607.0,120.0,automatic,13800,Badajoz,6004,Badajoz,Badajoz
Citroen,C4 Picasso,Diésel,104000.0,120.0,manual,12990,Murcia,30005,Murcia,Murcia
Citroen,C4 Picasso,Diésel,104000.0,120.0,manual,12990,Granada,18005,Granada,Granada
Citroen,C4 Picasso,Diésel,104000.0,120.0,manual,12990,Vigo,36211,Pontevedra,Vigo
Citroen,C4 Picasso,Gasolina,149500.0,130.0,manual,10490,Murcia,30005,Murcia,Murcia
Citroen,C4 Picasso,Diésel,128108.0,120.0,automatic,12990,Murcia,30005,Murcia,Murcia
Citroen,C4 Picasso,Diésel,128108.0,120.0,automatic,11990,Murcia,30005,Murcia,Murcia
Citroen,C4 Picasso,Gasolina,149500.0,130.0,manual,10490,Granada,18005,Granada,Granada
Citroen,C4 Picasso,Diésel,128108.0,120.0,automatic,12990,Granada,18005,Granada,Granada
Citroen,C4 Picasso,Diésel,128108.0,120.0,automatic,11990,Granada,18005,Granada,Granada
Citroen,C4 Picasso,Gasolina,70450.0,130.0,manual,13790,Murcia,30005,Murcia,Murcia
Citroen,C4 Picasso,Gasolina,149500.0,130.0,manual,10490,Vigo,36211,Pontevedra,Vigo
Citroen,C4 Picasso,Diésel,128108.0,120.0,automatic,12990,Vigo,36211,Pontevedra,Vigo
Citroen,C4 Picasso,Diésel,128108.0,120.0,automatic,11990,Vigo,36211,Pontevedra,Vigo
Citroen,C4 Picasso,Gasolina,70450.0,130.0,manual,13790,Granada,18005,Granada,Granada
Citroen,C4 Picasso,Diésel,166121.0,120.0,automatic,9990,Murcia,30005,Murcia,Murcia
Citroen,C4 Picasso,Diésel,166121.0,120.0,automatic,9990,Granada,18005,Granada,Granada
Citroen,C4 Picasso,Gasolina,84340.0,130.0,automatic,13990,Murcia,30005,Murcia,Murcia
Citroen,C4 Picasso,Gasolina,84340.0,130.0,automatic,13990,Granada,18005,Granada,Granada
Citroen,C4 Picasso,Gasolina,70450.0,130.0,manual,13790,Vigo,36211,Pontevedra,Vigo
Citroen,C4 Picasso,Diésel,104000.0,120.0,manual,12990,Bilbao,48004,Bizkaia,Bilbao
Citroen,C4 Picasso,Diésel,166121.0,120.0,automatic,9990,Vigo,36211,Pontevedra,Vigo
Citroen,C4 Picasso,Gasolina,149500.0,130.0,manual,10490,Bilbao,48004,Bizkaia,Bilbao
Citroen,C4 Picasso,Gasolina,84340.0,130.0,automatic,13990,Vigo,36211,Pontevedra,Vigo
Citroen,C4 Picasso,Diésel,128108.0,120.0,automatic,12990,Bilbao,48004,Bizkaia,Bilbao
Citroen,C4 Picasso,Diésel,128108.0,120.0,automatic,11990,Bilbao,48004,Bizkaia,Bilbao
Citroen,C4 Picasso,Gasolina,70450.0,130.0,manual,13790,Bilbao,48004,Bizkaia,Bilbao
Citroen,C4 Picasso,Diésel,166121.0,120.0,automatic,9990,Bilbao,48004,Bizkaia,Bilbao
Citroen,C4 Picasso,Gasolina,84340.0,130.0,automatic,13990,Bilbao,48004,Bizkaia,Bilbao
Citroen,C4 Picasso,Gasolina,119179.0,120.0,manual,10199,Madrid,28014,Madrid,Madrid
Citroen,C4 Picasso,Gasolina,119179.0,120.0,manual,9899,Madrid,28014,Madrid,Madrid
Citroen,C4 Picasso,Diésel,104000.0,120.0,manual,12990,Almería,4006,Almería,Almería
Citroen,C4 Picasso,Gasolina,149500.0,130.0,manual,10490,Almería,4006,Almería,Almería
Citroen,C4 Picasso,Diésel,128108.0,120.0,automatic,12990,Almería,4006,Almería,Almería
Citroen,C4 Picasso,Diésel,128108.0,120.0,automatic,11990,Almería,4006,Almería,Almería
Citroen,C4 Picasso,Gasolina,70450.0,130.0,manual,13790,Almería,4006,Almería,Almería
Citroen,C4 Picasso,Diésel,166121.0,120.0,automatic,9990,Almería,4006,Almería,Almería
Citroen,C4 Picasso,Gasolina,84340.0,130.0,automatic,13990,Almería,4006,Almería,Almería
Citroen,C4 Picasso,Diésel,110000.0,150.0,manual,19490,Bilbao,48001,Bizkaia,Bilbao
Citroen,C4 Picasso,Diésel,104000.0,120.0,manual,12990,Málaga,29005,Málaga,Málaga
Citroen,C4 Picasso,Diésel,104000.0,120.0,manual,12990,Sevilla,41005,Sevilla,Sevilla
Citroen,C4 Picasso,Diésel,170844.0,138.0,automatic,7290,Leganés,28916,Madrid,Leganés
Citroen,C4 Picasso,Diésel,170844.0,138.0,automatic,7290,Madrid,28046,Madrid,Madrid
Citroen,C4 Picasso,Diésel,170844.0,138.0,automatic,7290,Las Rozas de Madrid,28232,Madrid,Las Rozas de Madrid
Citroen,C4 Picasso,Diésel,170844.0,138.0,automatic,7290,Alcobendas,28100,Madrid,Alcobendas
Citroen,C4 Picasso,Gasolina,149500.0,130.0,manual,10490,Málaga,29005,Málaga,Málaga
Citroen,C4 Picasso,Diésel,128108.0,120.0,automatic,12990,Málaga,29005,Málaga,Málaga
Citroen,C4 Picasso,Diésel,128108.0,120.0,automatic,11990,Málaga,29005,Málaga,Málaga
Citroen,C4 Picasso,Gasolina,149500.0,130.0,manual,10490,Sevilla,41005,Sevilla,Sevilla
Citroen,C4 Picasso,Diésel,128108.0,120.0,automatic,12990,Sevilla,41005,Sevilla,Sevilla
Citroen,C4 Picasso,Diésel,128108.0,120.0,automatic,11990,Sevilla,41005,Sevilla,Sevilla
Citroen,C4 Picasso,Gasolina,70450.0,130.0,manual,13790,Málaga,29005,Málaga,Málaga
Citroen,C4 Picasso,Gasolina,70450.0,130.0,manual,13790,Sevilla,41005,Sevilla,Sevilla
Citroen,C4 Picasso,Diésel,166121.0,120.0,automatic,9990,Málaga,29005,Málaga,Málaga
Citroen,C4 Picasso,Diésel,166121.0,120.0,automatic,9990,Sevilla,41005,Sevilla,Sevilla
Citroen,C4 Picasso,Gasolina,70450.0,130.0,manual,13790,Palma de Mallorca,7003,Baleares,Palma de Mallorca
Citroen,C4 Picasso,Gasolina,84340.0,130.0,automatic,13990,Málaga,29005,Málaga,Málaga
Citroen,C4 Picasso,Gasolina,84340.0,130.0,automatic,13990,Sevilla,41005,Sevilla,Sevilla
Citroen,C4 Picasso,Gasolina,84340.0,130.0,automatic,13990,Palma de Mallorca,7003,Baleares,Palma de Mallorca
Citroen,C4 Picasso,Gasolina,84340.0,130.0,automatic,13990,Òrrius,8317,Barcelona,Òrrius
Citroen,C4 Picasso,Gasolina,84340.0,130.0,automatic,13990,Girona,17007,Girona,Girona
Citroen,C4 Picasso,Gasolina,84340.0,130.0,automatic,13990,Palau-Solita I Plegamans,8184,Barcelona,Palau-Solita I Plegamans
Citroen,C4 Picasso,Gasolina,84340.0,130.0,automatic,13990,Palau-Solita I Plegamans,8184,Barcelona,Palau-Solita I Plegamans
Citroen,C4 Picasso,Gasolina,84340.0,130.0,automatic,13990,Ullastrell,8231,Barcelona,Ullastrell
Citroen,C4 Picasso,Gasolina,84340.0,130.0,automatic,13990,Tarragona,43006,Tarragona,Tarragona
Citroen,C4 Picasso,Diésel,53459.0,92.0,manual,14490,Albacete,2002,Albacete,Albacete
Audi,RS4,Gasolina,119999.0,450.0,automatic,39999,Sant Cugat del Vallès,8172,Barcelona,Sant Cugat del Vallès
Audi,RS4,Gasolina,119999.0,450.0,automatic,38999,Sant Cugat del Vallès,8172,Barcelona,Sant Cugat del Vallès
Citroen,C4 Picasso,Gasolina,69000.0,130.0,manual,13799,Igualada,8700,Barcelona,Igualada
Citroen,C4 Picasso,Gasolina,40020.0,110.0,manual,16900,Barcelona,8007,Barcelona,Barcelona
Citroen,C4 Picasso,Gasolina,77002.0,120.0,manual,8990,Sevilla,41006,Sevilla,Sevilla
Citroen,C4 Picasso,Diésel,166121.0,120.0,automatic,9990,Cáceres,10001,Cáceres,Cáceres
Citroen,C4 Picasso,Diésel,166121.0,120.0,automatic,9990,Oviedo,33003,Asturias,Oviedo
Citroen,C4 Picasso,Diésel,166121.0,120.0,automatic,9990,León,24003,León,León
Citroen,C4 Picasso,Diésel,166121.0,120.0,automatic,9990,León,24003,León,León
Citroen,C4 Picasso,Diésel,166121.0,120.0,automatic,9990,Burgos,9004,Burgos,Burgos
Citroen,C4 Picasso,Diésel,166121.0,120.0,automatic,9990,Burgos,9004,Burgos,Burgos
Citroen,C4 Picasso,Diésel,166121.0,120.0,automatic,9990,Valladolid,47006,Valladolid,Valladolid
Citroen,C4 Picasso,Diésel,166121.0,120.0,automatic,9990,Salamanca,37008,Salamanca,Salamanca
Citroen,C4 Picasso,Diésel,166121.0,120.0,automatic,9990,Salamanca,37008,Salamanca,Salamanca
Citroen,C4 Picasso,Gasolina,77002.0,120.0,manual,8990,Torrejón de Ardoz,28850,Madrid,Torrejón de Ardoz
Citroen,C4 Picasso,Gasolina,77002.0,120.0,manual,8990,Valencia,46002,Valencia,Valencia
Citroen,C4 Picasso,Gasolina,77002.0,120.0,manual,8990,Sant Boi de Llobregat,8830,Barcelona,Sant Boi de Llobregat
Citroen,C4 Picasso,Gasolina,90000.0,120.0,manual,7000,El Esparragal,30163,Murcia,El Esparragal
Citroen,C4 Picasso,Gasolina,90000.0,120.0,manual,6500,El Esparragal,30163,Murcia,El Esparragal
Citroen,C4 Picasso,Diésel,179000.0,150.0,manual,6999,Fuengirola,29640,Málaga,Fuengirola
Citroen,C4 Picasso,Gasolina,70450.0,130.0,manual,13790,Ullastrell,8231,Barcelona,Ullastrell
Citroen,C4 Picasso,Gasolina,70450.0,130.0,manual,13790,Òrrius,8317,Barcelona,Òrrius
Citroen,C4 Picasso,Diésel,173576.0,99.0,manual,8490,Sant Boi de Llobregat,8830,Barcelona,Sant Boi de Llobregat
Citroen,C4 Picasso,Diésel,173576.0,99.0,manual,8490,Sevilla,41006,Sevilla,Sevilla
Citroen,C4 Picasso,Diésel,85391.0,100.0,manual,13399,Madrid,28014,Madrid,Madrid
Citroen,C4 Picasso,Diésel,70108.0,120.0,manual,12999,Madrid,28014,Madrid,Madrid
Citroen,C4 Picasso,Diésel,85391.0,100.0,manual,13399,Barcelona,8007,Barcelona,Barcelona
Citroen,C4 Picasso,Diésel,70108.0,120.0,manual,12999,Barcelona,8007,Barcelona,Barcelona
Citroen,C4 Picasso,Gasolina,70450.0,130.0,manual,13790,Castellón,12001,Castellón,Castellón
Citroen,C4 Picasso,Gasolina,70450.0,130.0,manual,13790,Palau-Solita I Plegamans,8184,Barcelona,Palau-Solita I Plegamans
Citroen,C4 Picasso,Gasolina,70450.0,130.0,manual,13790,Palau-Solita I Plegamans,8184,Barcelona,Palau-Solita I Plegamans
Citroen,C4 Picasso,Gasolina,70450.0,130.0,manual,13790,Tarragona,43006,Tarragona,Tarragona
Citroen,C4 Picasso,Diésel,140000.0,120.0,manual,13900,Santiago de Compostela,15707,A Coruña,Santiago de Compostela
Citroen,C4 Picasso,Diésel,173576.0,99.0,manual,8490,Valencia,46002,Valencia,Valencia
Citroen,C4 Picasso,Diésel,173576.0,99.0,manual,8490,Torrejón de Ardoz,28850,Madrid,Torrejón de Ardoz
Citroen,C4 Picasso,Diésel,76500.0,120.0,automatic,15990,Poligono Fuente del Jarro,46988,Valencia,Poligono Fuente del Jarro
Citroen,C4 Picasso,Diésel,200000.0,112.0,automatic,4600,Rosselló,25124,Lleida,Rosselló
Citroen,C4 Picasso,Diésel,74796.0,120.0,manual,18950,Terrassa,8226,Barcelona,Terrassa
Citroen,C4 Picasso,Diésel,105000.0,110.0,manual,5990,Viladecans,8840,Barcelona,Viladecans
Citroen,C4 Picasso,Diésel,166000.0,110.0,manual,6900,Elx/Elche,3201,Alicante,Elx/Elche
Citroen,C4 Picasso,Diésel,160000.0,112.0,manual,7700,Torremolinos,29620,Málaga,Torremolinos
Citroen,C4 Picasso,Diésel,160000.0,112.0,manual,7700,Torremolinos,29620,Málaga,Torremolinos
Citroen,C4 Picasso,Diésel,160000.0,112.0,manual,7700,Torremolinos,29620,Málaga,Torremolinos
Citroen,C4 Picasso,Diésel,89000.0,110.0,manual,4990,Badalona,8913,Barcelona,Badalona
Citroen,C4 Picasso,Diésel,107915.0,99.0,manual,12500,Paterna,46980,Valencia,Paterna
Citroen,C4 Picasso,Diésel,107915.0,99.0,manual,12500,Saladar,3700,Alicante,Saladar
Citroen,C4 Picasso,Diésel,107915.0,99.0,manual,12500,Murcia,30003,Murcia,Murcia
Citroen,C4 Picasso,Diésel,107915.0,99.0,manual,12500,Getafe,28906,Madrid,Getafe
Citroen,C4 Picasso,Diésel,107915.0,99.0,manual,12500,Zaragoza,50013,Zaragoza,Zaragoza
Citroen,C4 Picasso,Diésel,107915.0,99.0,manual,12500,Hidraulica Santillana,28770,Madrid,Hidraulica Santillana
Citroen,C4 Picasso,Diésel,107915.0,99.0,manual,12500,Barcelona,8007,Barcelona,Barcelona
Citroen,C4 Picasso,Diésel,107915.0,99.0,manual,12500,Alicante,3007,Alicante,Alicante
Citroen,C4 Picasso,Diésel,107915.0,99.0,manual,12500,Mercado Parque Corredor del Henares,28850,Madrid,Mercado Parque Corredor del Henares
Citroen,C4 Picasso,Diésel,107915.0,99.0,manual,12500,Las Rozas de Madrid,28232,Madrid,Las Rozas de Madrid
Citroen,C4 Picasso,Diésel,107915.0,99.0,manual,12500,Albacete,2001,Albacete,Albacete
Citroen,C4 Picasso,Diésel,107915.0,99.0,manual,12500,Alcalá de Guadaíra,41500,Sevilla,Alcalá de Guadaíra
Citroen,C4 Picasso,Diésel,107915.0,99.0,manual,12500,Olèrdola,8734,Barcelona,Olèrdola
Citroen,C4 Picasso,Diésel,107915.0,99.0,manual,12500,Olèrdola,8734,Barcelona,Olèrdola
Citroen,C4 Picasso,Diésel,107915.0,99.0,manual,12500,Castello/Castellon de La Plana,12100,Castellón,Castello/Castellon de La Plana
Citroen,C4 Picasso,Diésel,107915.0,99.0,manual,12500,Sant Vicenç de Montalt,8394,Barcelona,Sant Vicenç de Montalt
Citroen,C4 Picasso,Diésel,107915.0,99.0,manual,12500,Collado Villalba,28400,Madrid,Collado Villalba
Citroen,C4 Picasso,Diésel,107915.0,99.0,manual,12500,Collado Villalba,28400,Madrid,Collado Villalba
Citroen,C4 Picasso,Diésel,107915.0,99.0,manual,12500,Estepona,29680,Málaga,Estepona
Citroen,C4 Picasso,Diésel,107915.0,99.0,manual,12500,Valdepeñas,13300,Ciudad Real,Valdepeñas
Citroen,C4 Picasso,Diésel,107915.0,99.0,manual,12500,Valdepeñas,13300,Ciudad Real,Valdepeñas
Citroen,C4 Picasso,Diésel,107915.0,99.0,manual,12500,Vigo,36214,Pontevedra,Vigo
Citroen,C4 Picasso,Diésel,107915.0,99.0,manual,12500,Ciudad Real,13003,Ciudad Real,Ciudad Real
Citroen,C4 Picasso,Diésel,107915.0,99.0,manual,12500,Puerto de Sagunto,46520,Valencia,Puerto de Sagunto
Citroen,C4 Picasso,Diésel,107915.0,99.0,manual,12500,Granollers,8403,Barcelona,Granollers
Citroen,C4 Picasso,Diésel,107915.0,99.0,manual,12500,Santa Maria del Aguila,4710,Almería,Santa Maria del Aguila
Citroen,C4 Picasso,Diésel,128108.0,120.0,automatic,12990,Sevilla,41017,Sevilla,Sevilla
Citroen,C4 Picasso,Diésel,128108.0,120.0,automatic,11990,Sevilla,41017,Sevilla,Sevilla
Citroen,C4 Picasso,Diésel,107915.0,99.0,manual,12500,Santafe,18320,Granada,Santafe
Citroen,C4 Picasso,Diésel,107915.0,99.0,manual,12500,Mercabilbao,48970,Bizkaia,Mercabilbao
Citroen,C4 Picasso,Diésel,107915.0,99.0,manual,12500,Colonia Pablo Iglesias,28520,Madrid,Colonia Pablo Iglesias
Citroen,C4 Picasso,Diésel,107915.0,99.0,manual,12500,Atarrabia,31610,Navarra,Atarrabia
Citroen,C4 Picasso,Diésel,107915.0,99.0,manual,12500,Badajoz,6008,Badajoz,Badajoz
Citroen,C4 Picasso,Diésel,47391.0,120.0,manual,17299,Barcelona,8007,Barcelona,Barcelona
Citroen,C4 Picasso,Diésel,47391.0,120.0,manual,17099,Barcelona,8007,Barcelona,Barcelona
Citroen,C4 Picasso,Diésel,128108.0,120.0,automatic,12990,Huelva,21004,Huelva,Huelva
Citroen,C4 Picasso,Diésel,128108.0,120.0,automatic,11990,Huelva,21004,Huelva,Huelva
Citroen,C4 Picasso,Diésel,47391.0,120.0,manual,17299,Madrid,28014,Madrid,Madrid
Citroen,C4 Picasso,Diésel,47391.0,120.0,manual,17099,Madrid,28014,Madrid,Madrid
Citroen,C4 Picasso,Diésel,128108.0,120.0,automatic,12990,Cáceres,10001,Cáceres,Cáceres
Citroen,C4 Picasso,Diésel,128108.0,120.0,automatic,11990,Cáceres,10001,Cáceres,Cáceres
Citroen,C4 Picasso,Diésel,107915.0,99.0,manual,12500,Santiago de Compostela,15703,A Coruña,Santiago de Compostela
Citroen,C4 Picasso,Diésel,128108.0,120.0,automatic,12990,Badajoz,6003,Badajoz,Badajoz
Citroen,C4 Picasso,Diésel,128108.0,120.0,automatic,11990,Badajoz,6003,Badajoz,Badajoz
Citroen,C4 Picasso,Diésel,128108.0,120.0,automatic,12990,Córdoba,14003,Córdoba,Córdoba
Citroen,C4 Picasso,Diésel,128108.0,120.0,automatic,11990,Córdoba,14003,Córdoba,Córdoba
Citroen,C4 Picasso,Gasolina,115000.0,120.0,manual,8900,Reus,43204,Tarragona,Reus
Citroen,C4 Picasso,Diésel,107915.0,99.0,manual,12500,Torremolinos,29620,Málaga,Torremolinos
Citroen,C4 Picasso,Diésel,107915.0,99.0,manual,12500,Torremolinos,29620,Málaga,Torremolinos
Citroen,C4 Picasso,Diésel,107915.0,99.0,manual,12500,Torremolinos,29620,Málaga,Torremolinos
Citroen,C4 Picasso,Diésel,107915.0,99.0,manual,12500,Alcobendas,28100,Madrid,Alcobendas
Citroen,C4 Picasso,Diésel,107915.0,99.0,manual,12500,Alameda del Obispo,14005,Córdoba,Alameda del Obispo
Citroen,C4 Picasso,Diésel,107915.0,99.0,manual,12500,Alzira,46600,Valencia,Alzira
Citroen,C4 Picasso,Diésel,107915.0,99.0,manual,12500,Alzira,46600,Valencia,Alzira
Citroen,C4 Picasso,Diésel,195171.0,115.0,manual,9960,Viladecans,8840,Barcelona,Viladecans
Citroen,C4 Picasso,Diésel,210000.0,110.0,automatic,5990,Málaga,29004,Málaga,Málaga
Citroen,C4 Picasso,Diésel,210000.0,110.0,automatic,5490,Málaga,29004,Málaga,Málaga
Citroen,C4 Picasso,Diésel,101980.0,120.0,manual,9990,Sant Boi de Llobregat,8830,Barcelona,Sant Boi de Llobregat
Citroen,C4 Picasso,Diésel,123000.0,119.0,automatic,13450,Bormujos,41930,Sevilla,Bormujos
Citroen,C4 Picasso,Diésel,123000.0,119.0,automatic,13450,Burjassot,46100,Valencia,Burjassot
Citroen,C4 Picasso,Diésel,101980.0,120.0,manual,9990,Sevilla,41006,Sevilla,Sevilla
Citroen,C4 Picasso,Diésel,123000.0,119.0,automatic,13450,Valdefuentes,28939,Madrid,Valdefuentes
Citroen,C4 Picasso,Diésel,123000.0,119.0,automatic,13450,Valdefuentes,28939,Madrid,Valdefuentes
Citroen,C4 Picasso,Diésel,123000.0,119.0,automatic,13450,Terrassa,8223,Barcelona,Terrassa
Citroen,C4 Picasso,Diésel,101980.0,120.0,manual,9990,Valencia,46002,Valencia,Valencia
Citroen,C4 Picasso,Diésel,101980.0,120.0,manual,9990,Torrejón de Ardoz,28850,Madrid,Torrejón de Ardoz
Citroen,C4 Picasso,Diésel,121400.0,110.0,automatic,6900,Vic,8500,Barcelona,Vic
Citroen,C4 Picasso,Gasolina,119000.0,130.0,manual,14999,Badalona,8913,Barcelona,Badalona
Citroen,C4 Picasso,Diésel,200000.0,143.0,automatic,2990,Molins de Rei,8750,Barcelona,Molins de Rei
Citroen,C4 Picasso,Diésel,200000.0,143.0,automatic,2490,Molins de Rei,8750,Barcelona,Molins de Rei
Citroen,C4 Picasso,Diésel,179000.0,110.0,manual,7499,El Cigarral,29120,Málaga,El Cigarral
Citroen,C4 Picasso,Gasolina,66528.0,130.0,manual,12299,Barcelona,8007,Barcelona,Barcelona
Citroen,C4 Picasso,Gasolina,66528.0,130.0,manual,11999,Barcelona,8007,Barcelona,Barcelona
Citroen,C4 Picasso,Gasolina,66528.0,130.0,manual,12299,Madrid,28014,Madrid,Madrid
Citroen,C4 Picasso,Gasolina,66528.0,130.0,manual,11999,Madrid,28014,Madrid,Madrid
Citroen,C4 Picasso,Diésel,230056.0,110.0,manual,4300,Reus,43206,Tarragona,Reus
Citroen,C4 Picasso,Diésel,230056.0,110.0,manual,4300,Reus,43206,Tarragona,Reus
Citroen,C4 Picasso,Diésel,178000.0,112.0,manual,5500,El Moli d'en Rovira,8720,Barcelona,El Moli d'en Rovira
Citroen,C4 Picasso,Diésel,151490.0,110.0,automatic,6490,Bonrepos I Mirambell,46131,Valencia,Bonrepos I Mirambell
Citroen,C4 Picasso,Diésel,151490.0,110.0,automatic,6490,Bonrepos I Mirambell,46131,Valencia,Bonrepos I Mirambell
Citroen,C4 Picasso,Diésel,150000.0,115.0,manual,11399,Madrid,28022,Madrid,Madrid
Citroen,C4 Picasso,Diésel,150000.0,115.0,manual,11000,Madrid,28022,Madrid,Madrid
Citroen,C4 Picasso,Diésel,82006.0,120.0,automatic,16590,Gijón,33206,Asturias,Gijón
Citroen,C4 Picasso,Diésel,82006.0,120.0,automatic,14590,Sant Boi de Llobregat,8830,Barcelona,Sant Boi de Llobregat
Citroen,C4 Picasso,Diésel,82006.0,120.0,automatic,14590,Valencia,46002,Valencia,Valencia
Citroen,C4 Picasso,Diésel,82006.0,120.0,automatic,14590,Sevilla,41006,Sevilla,Sevilla
Citroen,C4 Picasso,Diésel,82006.0,120.0,automatic,14590,Torrejón de Ardoz,28850,Madrid,Torrejón de Ardoz
Citroen,C4 Picasso,Diésel,72000.0,110.0,manual,14990,Barcelona,8038,Barcelona,Barcelona
Citroen,C4 Picasso,Diésel,140000.0,109.0,manual,6500,Málaga,29006,Málaga,Málaga
Citroen,C4 Picasso,Diésel,240000.0,115.0,manual,4850,Blanes,17300,Girona,Blanes
Citroen,C4 Picasso,Diésel,240000.0,115.0,manual,4699,Blanes,17300,Girona,Blanes
Citroen,C4 Picasso,Diésel,104000.0,120.0,manual,12990,Badajoz,6003,Badajoz,Badajoz
Citroen,C4 Picasso,Diésel,104000.0,120.0,manual,12990,Cáceres,10001,Cáceres,Cáceres
Citroen,C4 Picasso,Diésel,104000.0,120.0,manual,12990,Córdoba,14003,Córdoba,Córdoba
Citroen,C4 Picasso,Diésel,104000.0,120.0,manual,12990,Huelva,21004,Huelva,Huelva
Citroen,C4 Picasso,Diésel,104000.0,120.0,manual,12990,Sevilla,41017,Sevilla,Sevilla
Citroen,C4 Picasso,Diésel,170000.0,115.0,manual,8800,O Birloque,15008,A Coruña,O Birloque
Citroen,C4 Picasso,Diésel,170000.0,115.0,manual,8800,O Birloque,15008,A Coruña,O Birloque
Citroen,C4 Picasso,Diésel,231000.0,143.0,automatic,4990,Bertamirans,15220,A Coruña,Bertamirans
Citroen,C4 Picasso,Diésel,99950.0,119.0,automatic,13850,Terrassa,8223,Barcelona,Terrassa
Citroen,C4 Picasso,Diésel,99950.0,119.0,automatic,13850,Valdefuentes,28939,Madrid,Valdefuentes
Citroen,C4 Picasso,Diésel,99950.0,119.0,automatic,13850,Valdefuentes,28939,Madrid,Valdefuentes
Citroen,C4 Picasso,Diésel,99950.0,119.0,automatic,13850,Burjassot,46100,Valencia,Burjassot
Citroen,C4 Picasso,Diésel,99950.0,119.0,automatic,13850,Bormujos,41930,Sevilla,Bormujos
Citroen,C4 Picasso,Gasolina,111651.0,130.0,manual,11899,Madrid,28014,Madrid,Madrid
Citroen,C4 Picasso,Gasolina,111651.0,130.0,manual,11899,Barcelona,8007,Barcelona,Barcelona
Citroen,C4 Picasso,Diésel,208000.0,110.0,manual,2500,Badalona,8913,Barcelona,Badalona
Citroen,C4 Picasso,Diésel,140000.0,110.0,manual,7800,Sant Vicent del Raspeig,3690,Alicante,Sant Vicent del Raspeig
Citroen,C4 Picasso,Gasolina,108944.0,140.0,automatic,7590,Valencia,46002,Valencia,Valencia
Citroen,C4 Picasso,Gasolina,108944.0,140.0,automatic,7590,Sant Boi de Llobregat,8830,Barcelona,Sant Boi de Llobregat
Citroen,C4 Picasso,Gasolina,108944.0,140.0,automatic,7590,Gijón,33206,Asturias,Gijón
Citroen,C4 Picasso,Gasolina,108944.0,140.0,automatic,7590,Torrejón de Ardoz,28850,Madrid,Torrejón de Ardoz
Citroen,C4 Picasso,Gasolina,108944.0,140.0,automatic,7590,Sevilla,41006,Sevilla,Sevilla
Citroen,C4 Picasso,Diésel,79000.0,99.0,manual,12999,Parla,28980,Madrid,Parla
Citroen,C4 Picasso,Diésel,98352.0,131.0,automatic,17950,Gijón,33206,Asturias,Gijón
Citroen,C4 Picasso,Gasolina,126092.0,130.0,manual,11199,Madrid,28014,Madrid,Madrid
Citroen,C4 Picasso,Gasolina,126092.0,130.0,manual,11199,Barcelona,8007,Barcelona,Barcelona
Citroen,C4 Picasso,Diésel,98352.0,131.0,automatic,15950,Valencia,46002,Valencia,Valencia
Citroen,C4 Picasso,Diésel,98352.0,131.0,automatic,15950,Sevilla,41006,Sevilla,Sevilla
Citroen,C4 Picasso,Diésel,98352.0,131.0,automatic,15950,Sant Boi de Llobregat,8830,Barcelona,Sant Boi de Llobregat
Citroen,C4 Picasso,Diésel,98352.0,131.0,automatic,15950,Torrejón de Ardoz,28850,Madrid,Torrejón de Ardoz
Citroen,C4 Picasso,Diésel,97233.0,120.0,manual,12990,Valencia,46002,Valencia,Valencia
Citroen,C4 Picasso,Diésel,97233.0,120.0,manual,14290,Gijón,33206,Asturias,Gijón
Citroen,C4 Picasso,Diésel,97233.0,120.0,manual,12990,Sant Boi de Llobregat,8830,Barcelona,Sant Boi de Llobregat
Citroen,C4 Picasso,Diésel,97233.0,120.0,manual,12990,Torrejón de Ardoz,28850,Madrid,Torrejón de Ardoz
Citroen,C4 Picasso,Diésel,97233.0,120.0,manual,12990,Sevilla,41006,Sevilla,Sevilla
Citroen,C4 Picasso,Diésel,120000.0,115.0,manual,12500,Santa Coloma de Gramenet,8922,Barcelona,Santa Coloma de Gramenet
Citroen,C4 Picasso,Diésel,120000.0,115.0,manual,11900,Santa Coloma de Gramenet,8922,Barcelona,Santa Coloma de Gramenet
Citroen,C4 Picasso,Gasolina,90000.0,120.0,manual,8950,Barbera del Valles,8210,Barcelona,Barbera del Valles
Citroen,C4 Picasso,Gasolina,168000.0,130.0,manual,8450,La Puebla de Alfindén,50171,Zaragoza,La Puebla de Alfindén
Citroen,C4 Picasso,Diésel,145288.0,111.0,manual,10590,Gijón,33206,Asturias,Gijón
Citroen,C4 Picasso,Diésel,145288.0,111.0,manual,9890,Sevilla,41006,Sevilla,Sevilla
Citroen,C4 Picasso,Diésel,145288.0,111.0,manual,9890,Torrejón de Ardoz,28850,Madrid,Torrejón de Ardoz
Citroen,C4 Picasso,Diésel,145288.0,111.0,manual,9890,Valencia,46002,Valencia,Valencia
Citroen,C4 Picasso,Diésel,145288.0,111.0,manual,9890,Sant Boi de Llobregat,8830,Barcelona,Sant Boi de Llobregat
Citroen,C4 Picasso,Diésel,105061.0,115.0,automatic,12450,Olèrdola,8734,Barcelona,Olèrdola
Citroen,C4 Picasso,Diésel,105061.0,115.0,automatic,12450,Olèrdola,8734,Barcelona,Olèrdola
Citroen,C4 Picasso,Diésel,148527.0,150.0,manual,13310,Olèrdola,8734,Barcelona,Olèrdola
Citroen,C4 Picasso,Diésel,148527.0,150.0,manual,13310,Olèrdola,8734,Barcelona,Olèrdola
Citroen,C4 Picasso,Gasolina,83528.0,130.0,manual,14318,Olèrdola,8734,Barcelona,Olèrdola
Citroen,C4 Picasso,Gasolina,83528.0,130.0,manual,14318,Olèrdola,8734,Barcelona,Olèrdola
Citroen,C4 Picasso,Diésel,140880.0,150.0,automatic,14801,Olèrdola,8734,Barcelona,Olèrdola
Citroen,C4 Picasso,Diésel,140880.0,150.0,automatic,14801,Olèrdola,8734,Barcelona,Olèrdola
Citroen,C4 Picasso,Gasolina,98522.0,130.0,manual,15290,Olèrdola,8734,Barcelona,Olèrdola
Citroen,C4 Picasso,Gasolina,98522.0,130.0,manual,15290,Olèrdola,8734,Barcelona,Olèrdola
Citroen,C4 Picasso,Diésel,110053.0,115.0,manual,15125,Olèrdola,8734,Barcelona,Olèrdola
Citroen,C4 Picasso,Diésel,110053.0,115.0,manual,15125,Olèrdola,8734,Barcelona,Olèrdola
Citroen,C4 Picasso,Diésel,106642.0,120.0,manual,16330,Olèrdola,8734,Barcelona,Olèrdola
Citroen,C4 Picasso,Diésel,106642.0,120.0,manual,16330,Olèrdola,8734,Barcelona,Olèrdola
Citroen,C4 Picasso,Diésel,98952.0,120.0,manual,16560,Olèrdola,8734,Barcelona,Olèrdola
Citroen,C4 Picasso,Diésel,98952.0,120.0,manual,16560,Olèrdola,8734,Barcelona,Olèrdola
Citroen,C4 Picasso,Gasolina,47376.0,130.0,manual,16963,Olèrdola,8734,Barcelona,Olèrdola
Citroen,C4 Picasso,Gasolina,47376.0,130.0,manual,16963,Olèrdola,8734,Barcelona,Olèrdola
Citroen,C4 Picasso,Gasolina,57948.0,130.0,manual,17900,Olèrdola,8734,Barcelona,Olèrdola
Citroen,C4 Picasso,Gasolina,57948.0,130.0,manual,17900,Olèrdola,8734,Barcelona,Olèrdola
Citroen,C4 Picasso,Gasolina,59792.0,130.0,manual,17135,Olèrdola,8734,Barcelona,Olèrdola
Citroen,C4 Picasso,Gasolina,59792.0,130.0,manual,17135,Olèrdola,8734,Barcelona,Olèrdola
Citroen,C4 Picasso,Gasolina,48200.0,130.0,manual,16490,Durango,48200,Bizkaia,Durango
Citroen,C4 Picasso,Gasolina,48200.0,130.0,manual,16490,Durango,48200,Bizkaia,Durango
Citroen,C4 Picasso,Diésel,210000.0,110.0,manual,5500,Lleida,25006,Lleida,Lleida
Citroen,C4 Picasso,Diésel,210000.0,110.0,manual,5900,Lleida,25006,Lleida,Lleida
Citroen,C4 Picasso,Diésel,105061.0,115.0,automatic,12450,Santa Maria del Aguila,4710,Almería,Santa Maria del Aguila
Citroen,C4 Picasso,Diésel,148527.0,150.0,manual,13310,Santa Maria del Aguila,4710,Almería,Santa Maria del Aguila
Citroen,C4 Picasso,Gasolina,83528.0,130.0,manual,14318,Santa Maria del Aguila,4710,Almería,Santa Maria del Aguila
Citroen,C4 Picasso,Diésel,140880.0,150.0,automatic,14801,Santa Maria del Aguila,4710,Almería,Santa Maria del Aguila
Citroen,C4 Picasso,Gasolina,98522.0,130.0,manual,15290,Santa Maria del Aguila,4710,Almería,Santa Maria del Aguila
Citroen,C4 Picasso,Diésel,110053.0,115.0,manual,15125,Santa Maria del Aguila,4710,Almería,Santa Maria del Aguila
Citroen,C4 Picasso,Diésel,106642.0,120.0,manual,16330,Santa Maria del Aguila,4710,Almería,Santa Maria del Aguila
Citroen,C4 Picasso,Diésel,98952.0,120.0,manual,16560,Santa Maria del Aguila,4710,Almería,Santa Maria del Aguila
Citroen,C4 Picasso,Gasolina,47376.0,130.0,manual,16963,Santa Maria del Aguila,4710,Almería,Santa Maria del Aguila
Citroen,C4 Picasso,Gasolina,57948.0,130.0,manual,17900,Santa Maria del Aguila,4710,Almería,Santa Maria del Aguila
Citroen,C4 Picasso,Gasolina,59792.0,130.0,manual,17135,Santa Maria del Aguila,4710,Almería,Santa Maria del Aguila
Citroen,C4 Picasso,Diésel,105061.0,115.0,automatic,12450,Sant Vicenç de Montalt,8394,Barcelona,Sant Vicenç de Montalt
Citroen,C4 Picasso,Diésel,148527.0,150.0,manual,13310,Sant Vicenç de Montalt,8394,Barcelona,Sant Vicenç de Montalt
Audi,S4,Gasolina,117000.0,333.0,automatic,28790,Pamplona/Iruña,31001,Navarra,Pamplona/Iruña
Audi,S4,Gasolina,248000.0,341.0,manual,11799,Mungia,48100,Bizkaia,Mungia
Citroen,C4 Picasso,Gasolina,83528.0,130.0,manual,14318,Sant Vicenç de Montalt,8394,Barcelona,Sant Vicenç de Montalt
Citroen,C4 Picasso,Diésel,140880.0,150.0,automatic,14801,Sant Vicenç de Montalt,8394,Barcelona,Sant Vicenç de Montalt
Citroen,C4 Picasso,Gasolina,98522.0,130.0,manual,15290,Sant Vicenç de Montalt,8394,Barcelona,Sant Vicenç de Montalt
Citroen,C4 Picasso,Diésel,110053.0,115.0,manual,15125,Sant Vicenç de Montalt,8394,Barcelona,Sant Vicenç de Montalt
Citroen,C4 Picasso,Diésel,106642.0,120.0,manual,16330,Sant Vicenç de Montalt,8394,Barcelona,Sant Vicenç de Montalt
Citroen,C4 Picasso,Diésel,98952.0,120.0,manual,16560,Sant Vicenç de Montalt,8394,Barcelona,Sant Vicenç de Montalt
Citroen,C4 Picasso,Gasolina,47376.0,130.0,manual,16963,Sant Vicenç de Montalt,8394,Barcelona,Sant Vicenç de Montalt
Citroen,C4 Picasso,Gasolina,57948.0,130.0,manual,17900,Sant Vicenç de Montalt,8394,Barcelona,Sant Vicenç de Montalt
Citroen,C4 Picasso,Gasolina,59792.0,130.0,manual,17135,Sant Vicenç de Montalt,8394,Barcelona,Sant Vicenç de Montalt
Citroen,C4 Picasso,Gasolina,118044.0,120.0,manual,7890,Valencia,46002,Valencia,Valencia
Citroen,C4 Picasso,Gasolina,118044.0,120.0,manual,7890,Torrejón de Ardoz,28850,Madrid,Torrejón de Ardoz
Citroen,C4 Picasso,Gasolina,118044.0,120.0,manual,7890,Sant Boi de Llobregat,8830,Barcelona,Sant Boi de Llobregat
Citroen,C4 Picasso,Gasolina,118044.0,120.0,manual,8490,Gijón,33206,Asturias,Gijón
Citroen,C4 Picasso,Gasolina,118044.0,120.0,manual,7890,Sevilla,41006,Sevilla,Sevilla
Citroen,C4 Picasso,Gasolina,57948.0,130.0,manual,17900,Mercado Parque Corredor del Henares,28850,Madrid,Mercado Parque Corredor del Henares
Citroen,C4 Picasso,Gasolina,57948.0,130.0,manual,17900,Las Rozas de Madrid,28232,Madrid,Las Rozas de Madrid
Citroen,C4 Picasso,Gasolina,57948.0,130.0,manual,17900,Valdepeñas,13300,Ciudad Real,Valdepeñas
Citroen,C4 Picasso,Gasolina,57948.0,130.0,manual,17900,Valdepeñas,13300,Ciudad Real,Valdepeñas
Citroen,C4 Picasso,Gasolina,57948.0,130.0,manual,17900,Ciudad Real,13003,Ciudad Real,Ciudad Real
Citroen,C4 Picasso,Gasolina,57948.0,130.0,manual,17900,Murcia,30003,Murcia,Murcia
Citroen,C4 Picasso,Gasolina,57948.0,130.0,manual,17900,Torremolinos,29620,Málaga,Torremolinos
Citroen,C4 Picasso,Gasolina,57948.0,130.0,manual,17900,Torremolinos,29620,Málaga,Torremolinos
Citroen,C4 Picasso,Gasolina,57948.0,130.0,manual,17900,Torremolinos,29620,Málaga,Torremolinos
Citroen,C4 Picasso,Gasolina,57948.0,130.0,manual,17900,Estepona,29680,Málaga,Estepona
Citroen,C4 Picasso,Gasolina,57948.0,130.0,manual,17900,Saladar,3700,Alicante,Saladar
Citroen,C4 Picasso,Gasolina,57948.0,130.0,manual,17900,Colonia Pablo Iglesias,28520,Madrid,Colonia Pablo Iglesias
Citroen,C4 Picasso,Gasolina,57948.0,130.0,manual,17900,Alameda del Obispo,14005,Córdoba,Alameda del Obispo
Citroen,C4 Picasso,Gasolina,57948.0,130.0,manual,17900,Collado Villalba,28400,Madrid,Collado Villalba
Citroen,C4 Picasso,Gasolina,57948.0,130.0,manual,17900,Collado Villalba,28400,Madrid,Collado Villalba
Citroen,C4 Picasso,Gasolina,57948.0,130.0,manual,17900,Santiago de Compostela,15703,A Coruña,Santiago de Compostela
Citroen,C4 Picasso,Gasolina,57948.0,130.0,manual,17900,Vigo,36214,Pontevedra,Vigo
Citroen,C4 Picasso,Gasolina,57948.0,130.0,manual,17900,Granollers,8403,Barcelona,Granollers
Citroen,C4 Picasso,Gasolina,57948.0,130.0,manual,17900,Getafe,28906,Madrid,Getafe
Citroen,C4 Picasso,Diésel,70000.0,120.0,manual,15990,Almería,4006,Almería,Almería
Citroen,C4 Picasso,Diésel,70000.0,120.0,manual,15990,Vigo,36211,Pontevedra,Vigo
Citroen,C4 Picasso,Diésel,70000.0,120.0,manual,15990,Òrrius,8317,Barcelona,Òrrius
Citroen,C4 Picasso,Diésel,70000.0,120.0,manual,15990,Murcia,30005,Murcia,Murcia
Citroen,C4 Picasso,Diésel,70000.0,120.0,manual,15990,Alicante,3010,Alicante,Alicante
Citroen,C4 Picasso,Diésel,70000.0,120.0,manual,15990,Alicante,3010,Murcia,Alicante
Citroen,C4 Picasso,Diésel,70000.0,120.0,manual,15990,Ullastrell,8231,Barcelona,Ullastrell
Citroen,C4 Picasso,Diésel,70000.0,120.0,manual,15990,Palma de Mallorca,7003,Baleares,Palma de Mallorca
Citroen,C4 Picasso,Diésel,70000.0,120.0,manual,15990,Girona,17007,Girona,Girona
Citroen,C4 Picasso,Diésel,70000.0,120.0,manual,15990,Tarragona,43006,Tarragona,Tarragona
Citroen,C4 Picasso,Gasolina,57948.0,130.0,manual,17900,Santafe,18320,Granada,Santafe
Citroen,C4 Picasso,Gasolina,57948.0,130.0,manual,17900,Badajoz,6008,Badajoz,Badajoz
Citroen,C4 Picasso,Gasolina,57948.0,130.0,manual,17900,Paterna,46980,Valencia,Paterna
Citroen,C4 Picasso,Gasolina,57948.0,130.0,manual,17900,Zaragoza,50013,Zaragoza,Zaragoza
Citroen,C4 Picasso,Gasolina,57948.0,130.0,manual,17900,Atarrabia,31610,Navarra,Atarrabia
Citroen,C4 Picasso,Gasolina,57948.0,130.0,manual,17900,Mercabilbao,48970,Bizkaia,Mercabilbao
Citroen,C4 Picasso,Gasolina,57948.0,130.0,manual,17900,Barcelona,8007,Barcelona,Barcelona
Citroen,C4 Picasso,Gasolina,57948.0,130.0,manual,17900,Albacete,2001,Albacete,Albacete
Citroen,C4 Picasso,Gasolina,57948.0,130.0,manual,17900,Puerto de Sagunto,46520,Valencia,Puerto de Sagunto
Citroen,C4 Picasso,Gasolina,57948.0,130.0,manual,17900,Alcalá de Guadaíra,41500,Sevilla,Alcalá de Guadaíra
Citroen,C4 Picasso,Gasolina,57948.0,130.0,manual,17900,Alcobendas,28100,Madrid,Alcobendas
Citroen,C4 Picasso,Gasolina,57948.0,130.0,manual,17900,Castello/Castellon de La Plana,12100,Castellón,Castello/Castellon de La Plana
Citroen,C4 Picasso,Gasolina,57948.0,130.0,manual,17900,Alzira,46600,Valencia,Alzira
Citroen,C4 Picasso,Gasolina,57948.0,130.0,manual,17900,Alzira,46600,Valencia,Alzira
Citroen,C4 Picasso,Gasolina,57948.0,130.0,manual,17900,Alicante,3007,Alicante,Alicante
Citroen,C4 Picasso,Gasolina,57948.0,130.0,manual,17900,Hidraulica Santillana,28770,Madrid,Hidraulica Santillana
Citroen,C4 Picasso,Diésel,70000.0,120.0,manual,15990,Granada,18005,Granada,Granada
Citroen,C4 Picasso,Gasolina,117350.0,130.0,manual,10990,Almería,4006,Almería,Almería
Citroen,C4 Picasso,Diésel,70000.0,120.0,manual,15990,Bilbao,48004,Bizkaia,Bilbao
Citroen,C4 Picasso,Diésel,70000.0,120.0,manual,15990,Málaga,29005,Málaga,Málaga
Citroen,C4 Picasso,Diésel,70000.0,120.0,manual,15990,Palau-Solita I Plegamans,8184,Barcelona,Palau-Solita I Plegamans
Citroen,C4 Picasso,Diésel,70000.0,120.0,manual,15990,Palau-Solita I Plegamans,8184,Barcelona,Palau-Solita I Plegamans
Citroen,C4 Picasso,Gasolina,117350.0,130.0,manual,10990,Vigo,36211,Pontevedra,Vigo
Citroen,C4 Picasso,Diésel,70000.0,120.0,manual,15990,Sevilla,41005,Sevilla,Sevilla
Citroen,C4 Picasso,Diésel,70000.0,120.0,manual,15990,Valencia,46001,Valencia,Valencia
Citroen,C4 Picasso,Gasolina,117350.0,130.0,manual,10990,Barrio Peral,30300,Murcia,Barrio Peral
Citroen,C4 Picasso,Gasolina,117350.0,130.0,manual,10990,Estepona,29680,Málaga,Estepona
Citroen,C4 Picasso,Gasolina,117350.0,130.0,manual,10990,Valencia,46001,Valencia,Valencia
Citroen,C4 Picasso,Gasolina,117350.0,130.0,manual,10990,Bilbao,48004,Bizkaia,Bilbao
Citroen,C4 Picasso,Gasolina,117350.0,130.0,manual,10990,Alicante,3010,Alicante,Alicante
Citroen,C4 Picasso,Gasolina,117350.0,130.0,manual,10990,Alicante,3010,Murcia,Alicante
Citroen,C4 Picasso,Gasolina,117350.0,130.0,manual,10990,Sevilla,41005,Sevilla,Sevilla
Citroen,C4 Picasso,Gasolina,117350.0,130.0,manual,10990,Murcia,30005,Murcia,Murcia
Citroen,C4 Picasso,Gasolina,78000.0,120.0,manual,11490,Camino Viejo de Callosa,3317,Alicante,Camino Viejo de Callosa
Citroen,C4 Picasso,Diésel,136000.0,110.0,manual,10950,Castellón de la Plana/Castelló de la Plana,12003,Castellón,Castellón de la Plana/Castelló de la Plana
Citroen,C4 Picasso,Gasolina,117350.0,130.0,manual,10990,Granada,18005,Granada,Granada
Citroen,C4 Picasso,Gasolina,117350.0,130.0,manual,10990,Málaga,29005,Málaga,Málaga
Citroen,C4 Picasso,Diésel,67825.0,150.0,manual,11990,Elx/Elche,3201,Alicante,Elx/Elche
Citroen,C4 Picasso,Diésel,67825.0,150.0,manual,11890,Elx/Elche,3201,Alicante,Elx/Elche
Citroen,C4 Picasso,Gasolina,54560.0,130.0,manual,20900,Barcelona,8007,Barcelona,Barcelona
Citroen,C4 Picasso,Diésel,85446.0,120.0,manual,14990,Silla,46460,Valencia,Silla
Citroen,C4 Picasso,Diésel,186500.0,112.0,manual,6300,Valencia,46015,Valencia,Valencia
Citroen,C4 Picasso,Diésel,92500.0,120.0,manual,12999,La Poveda,28500,Madrid,La Poveda
Citroen,C4 Picasso,Diésel,92500.0,120.0,manual,12499,La Poveda,28500,Madrid,La Poveda
Citroen,C4 Picasso,Diésel,230000.0,112.0,manual,5500,Manresa,8242,Barcelona,Manresa
Citroen,C4 Picasso,Diésel,105061.0,115.0,automatic,12450,Mercabilbao,48970,Bizkaia,Mercabilbao
Citroen,C4 Picasso,Diésel,105061.0,115.0,automatic,12450,Alicante,3007,Alicante,Alicante
Citroen,C4 Picasso,Gasolina,59792.0,130.0,manual,17135,Mercabilbao,48970,Bizkaia,Mercabilbao
Citroen,C4 Picasso,Gasolina,59792.0,130.0,manual,17135,Alicante,3007,Alicante,Alicante
Citroen,C4 Picasso,Diésel,105061.0,115.0,automatic,12450,Valdepeñas,13300,Ciudad Real,Valdepeñas
Citroen,C4 Picasso,Diésel,105061.0,115.0,automatic,12450,Valdepeñas,13300,Ciudad Real,Valdepeñas
Citroen,C4 Picasso,Diésel,105061.0,115.0,automatic,12450,Getafe,28906,Madrid,Getafe
Citroen,C4 Picasso,Diésel,105061.0,115.0,automatic,12450,Castello/Castellon de La Plana,12100,Castellón,Castello/Castellon de La Plana
Citroen,C4 Picasso,Diésel,105061.0,115.0,automatic,12450,Santafe,18320,Granada,Santafe
Citroen,C4 Picasso,Gasolina,59792.0,130.0,manual,17135,Valdepeñas,13300,Ciudad Real,Valdepeñas
Citroen,C4 Picasso,Gasolina,59792.0,130.0,manual,17135,Valdepeñas,13300,Ciudad Real,Valdepeñas
Citroen,C4 Picasso,Gasolina,59792.0,130.0,manual,17135,Getafe,28906,Madrid,Getafe
Citroen,C4 Picasso,Diésel,105061.0,115.0,automatic,12450,Saladar,3700,Alicante,Saladar
Citroen,C4 Picasso,Gasolina,59792.0,130.0,manual,17135,Castello/Castellon de La Plana,12100,Castellón,Castello/Castellon de La Plana
Citroen,C4 Picasso,Gasolina,59792.0,130.0,manual,17135,Santafe,18320,Granada,Santafe
Citroen,C4 Picasso,Diésel,105061.0,115.0,automatic,12450,Hidraulica Santillana,28770,Madrid,Hidraulica Santillana
Citroen,C4 Picasso,Diésel,105061.0,115.0,automatic,12450,Mercado Parque Corredor del Henares,28850,Madrid,Mercado Parque Corredor del Henares
Citroen,C4 Picasso,Gasolina,59792.0,130.0,manual,17135,Hidraulica Santillana,28770,Madrid,Hidraulica Santillana
Citroen,C4 Picasso,Gasolina,59792.0,130.0,manual,17135,Mercado Parque Corredor del Henares,28850,Madrid,Mercado Parque Corredor del Henares
Citroen,C4 Picasso,Diésel,105061.0,115.0,automatic,12450,Ciudad Real,13003,Ciudad Real,Ciudad Real
Citroen,C4 Picasso,Diésel,105061.0,115.0,automatic,12450,Granollers,8403,Barcelona,Granollers
Citroen,C4 Picasso,Diésel,105061.0,115.0,automatic,12450,Vigo,36214,Pontevedra,Vigo
Citroen,C4 Picasso,Diésel,105061.0,115.0,automatic,12450,Murcia,30003,Murcia,Murcia
Citroen,C4 Picasso,Gasolina,59792.0,130.0,manual,17135,Ciudad Real,13003,Ciudad Real,Ciudad Real
Citroen,C4 Picasso,Diésel,105061.0,115.0,automatic,12450,Estepona,29680,Málaga,Estepona
Citroen,C4 Picasso,Gasolina,59792.0,130.0,manual,17135,Granollers,8403,Barcelona,Granollers
Citroen,C4 Picasso,Gasolina,59792.0,130.0,manual,17135,Vigo,36214,Pontevedra,Vigo
Citroen,C4 Picasso,Gasolina,59792.0,130.0,manual,17135,Saladar,3700,Alicante,Saladar
Citroen,C4 Picasso,Gasolina,59792.0,130.0,manual,17135,Murcia,30003,Murcia,Murcia
Citroen,C4 Picasso,Gasolina,59792.0,130.0,manual,17135,Estepona,29680,Málaga,Estepona
Citroen,C4 Picasso,Diésel,105061.0,115.0,automatic,12450,Las Rozas de Madrid,28232,Madrid,Las Rozas de Madrid
Citroen,C4 Picasso,Diésel,105061.0,115.0,automatic,12450,Collado Villalba,28400,Madrid,Collado Villalba
Citroen,C4 Picasso,Diésel,105061.0,115.0,automatic,12450,Collado Villalba,28400,Madrid,Collado Villalba
Citroen,C4 Picasso,Diésel,105061.0,115.0,automatic,12450,Paterna,46980,Valencia,Paterna
Citroen,C4 Picasso,Diésel,105061.0,115.0,automatic,12450,Colonia Pablo Iglesias,28520,Madrid,Colonia Pablo Iglesias
Citroen,C4 Picasso,Diésel,105061.0,115.0,automatic,12450,Badajoz,6008,Badajoz,Badajoz
Citroen,C4 Picasso,Diésel,105061.0,115.0,automatic,12450,Alcalá de Guadaíra,41500,Sevilla,Alcalá de Guadaíra
Citroen,C4 Picasso,Diésel,105061.0,115.0,automatic,12450,Puerto de Sagunto,46520,Valencia,Puerto de Sagunto
Citroen,C4 Picasso,Diésel,105061.0,115.0,automatic,12450,Atarrabia,31610,Navarra,Atarrabia
Citroen,C4 Picasso,Diésel,105061.0,115.0,automatic,12450,Zaragoza,50013,Zaragoza,Zaragoza
Citroen,C4 Picasso,Diésel,105061.0,115.0,automatic,12450,Albacete,2001,Albacete,Albacete
Citroen,C4 Picasso,Diésel,105061.0,115.0,automatic,12450,Barcelona,8007,Barcelona,Barcelona
Citroen,C4 Picasso,Diésel,105061.0,115.0,automatic,12450,Santiago de Compostela,15703,A Coruña,Santiago de Compostela
Citroen,C4 Picasso,Diésel,105061.0,115.0,automatic,12450,Alameda del Obispo,14005,Córdoba,Alameda del Obispo
Citroen,C4 Picasso,Diésel,105061.0,115.0,automatic,12450,Torremolinos,29620,Málaga,Torremolinos
Citroen,C4 Picasso,Diésel,105061.0,115.0,automatic,12450,Torremolinos,29620,Málaga,Torremolinos
Citroen,C4 Picasso,Diésel,105061.0,115.0,automatic,12450,Torremolinos,29620,Málaga,Torremolinos
Citroen,C4 Picasso,Diésel,105061.0,115.0,automatic,12450,Alzira,46600,Valencia,Alzira
Citroen,C4 Picasso,Diésel,105061.0,115.0,automatic,12450,Alzira,46600,Valencia,Alzira
Citroen,C4 Picasso,Diésel,105061.0,115.0,automatic,12450,Alcobendas,28100,Madrid,Alcobendas
Citroen,C4 Picasso,Gasolina,59792.0,130.0,manual,17135,Las Rozas de Madrid,28232,Madrid,Las Rozas de Madrid
Citroen,C4 Picasso,Gasolina,59792.0,130.0,manual,17135,Collado Villalba,28400,Madrid,Collado Villalba
Citroen,C4 Picasso,Gasolina,59792.0,130.0,manual,17135,Collado Villalba,28400,Madrid,Collado Villalba
Citroen,C4 Picasso,Gasolina,59792.0,130.0,manual,17135,Paterna,46980,Valencia,Paterna
Citroen,C4 Picasso,Gasolina,59792.0,130.0,manual,17135,Colonia Pablo Iglesias,28520,Madrid,Colonia Pablo Iglesias
Citroen,C4 Picasso,Gasolina,59792.0,130.0,manual,17135,Badajoz,6008,Badajoz,Badajoz
Citroen,C4 Picasso,Gasolina,59792.0,130.0,manual,17135,Santiago de Compostela,15703,A Coruña,Santiago de Compostela
Citroen,C4 Picasso,Gasolina,59792.0,130.0,manual,17135,Alameda del Obispo,14005,Córdoba,Alameda del Obispo
Citroen,C4 Picasso,Gasolina,59792.0,130.0,manual,17135,Torremolinos,29620,Málaga,Torremolinos
Citroen,C4 Picasso,Gasolina,59792.0,130.0,manual,17135,Torremolinos,29620,Málaga,Torremolinos
Citroen,C4 Picasso,Gasolina,59792.0,130.0,manual,17135,Torremolinos,29620,Málaga,Torremolinos
Citroen,C4 Picasso,Gasolina,59792.0,130.0,manual,17135,Alzira,46600,Valencia,Alzira
Citroen,C4 Picasso,Gasolina,59792.0,130.0,manual,17135,Alzira,46600,Valencia,Alzira
Citroen,C4 Picasso,Gasolina,59792.0,130.0,manual,17135,Alcobendas,28100,Madrid,Alcobendas
Citroen,C4 Picasso,Gasolina,59792.0,130.0,manual,17135,Alcalá de Guadaíra,41500,Sevilla,Alcalá de Guadaíra
Citroen,C4 Picasso,Gasolina,59792.0,130.0,manual,17135,Albacete,2001,Albacete,Albacete
Citroen,C4 Picasso,Gasolina,59792.0,130.0,manual,17135,Zaragoza,50013,Zaragoza,Zaragoza
Citroen,C4 Picasso,Gasolina,59792.0,130.0,manual,17135,Puerto de Sagunto,46520,Valencia,Puerto de Sagunto
Citroen,C4 Picasso,Gasolina,59792.0,130.0,manual,17135,Atarrabia,31610,Navarra,Atarrabia
Citroen,C4 Picasso,Gasolina,59792.0,130.0,manual,17135,Barcelona,8007,Barcelona,Barcelona
Citroen,C4 Picasso,Diésel,115000.0,115.0,manual,13500,Úbeda,23400,Jaén,Úbeda
Citroen,C4 Picasso,Diésel,119000.0,120.0,manual,15000,Fuente el Saz de Jarama,28140,Madrid,Fuente el Saz de Jarama
Citroen,C4 Picasso,Diésel,119000.0,120.0,manual,14900,Fuente el Saz de Jarama,28140,Madrid,Fuente el Saz de Jarama
Citroen,C4 Picasso,Diésel,225600.0,120.0,manual,8100,Alicante,3004,Alicante,Alicante
Citroen,C4 Picasso,Diésel,225600.0,120.0,manual,8100,Valencia,46003,Valencia,Valencia
Citroen,C4 Picasso,Diésel,225599.0,120.0,manual,8100,Llano de Brujas,30161,Murcia,Llano de Brujas
Citroen,C4 Picasso,Diésel,178131.0,110.0,manual,8690,Gijón,33206,Asturias,Gijón
Citroen,C4 Picasso,Diésel,204000.0,112.0,automatic,4999,Linares,23700,Jaén,Linares
Citroen,C4 Picasso,Diésel,85446.0,120.0,manual,14990,Almería,4006,Almería,Almería
Citroen,C4 Picasso,Diésel,85446.0,120.0,manual,14990,Elx/Elche,3201,Alicante,Elx/Elche
Citroen,C4 Picasso,Diésel,85446.0,120.0,manual,14990,Bilbao,48004,Bizkaia,Bilbao
Citroen,C4 Picasso,Diésel,85446.0,120.0,manual,14990,Barrio Peral,30300,Murcia,Barrio Peral
Citroen,C4 Picasso,Diésel,85446.0,120.0,manual,14990,Vigo,36211,Pontevedra,Vigo
Citroen,C4 Picasso,Diésel,85446.0,120.0,manual,14990,Murcia,30005,Murcia,Murcia
Citroen,C4 Picasso,Diésel,85446.0,120.0,manual,14990,Granada,18005,Granada,Granada
Citroen,C4 Picasso,Diésel,85446.0,120.0,manual,14990,Valencia,46001,Valencia,Valencia
Citroen,C4 Picasso,Diésel,85446.0,120.0,manual,14990,Alicante,3010,Alicante,Alicante
Citroen,C4 Picasso,Diésel,85446.0,120.0,manual,14990,Alicante,3010,Murcia,Alicante
Citroen,C4 Picasso,Diésel,85446.0,120.0,manual,14990,Sevilla,41005,Sevilla,Sevilla
Citroen,C4 Picasso,Diésel,85446.0,120.0,manual,14990,Málaga,29005,Málaga,Málaga
Citroen,C4 Picasso,Diésel,85446.0,120.0,manual,14990,Gandia,46701,Valencia,Gandia
Citroen,C4 Picasso,Diésel,85446.0,120.0,manual,14990,Palma de Mallorca,7003,Baleares,Palma de Mallorca
Citroen,C4 Picasso,Diésel,140000.0,115.0,automatic,8990,Gamarra Menor,1510,Álava,Gamarra Menor
Citroen,C4 Picasso,Diésel,140000.0,115.0,automatic,8990,Gamarra Menor,1510,Álava,Gamarra Menor
Citroen,C4 Picasso,Diésel,140000.0,115.0,automatic,8990,Gamarra Menor,1510,Álava,Gamarra Menor
Citroen,C4 Picasso,Diésel,128493.0,111.0,automatic,8950,Sant Boi de Llobregat,8830,Barcelona,Sant Boi de Llobregat
Citroen,C4 Picasso,Diésel,128493.0,111.0,automatic,8950,Valencia,46002,Valencia,Valencia
Citroen,C4 Picasso,Diésel,128493.0,111.0,automatic,8950,Torrejón de Ardoz,28850,Madrid,Torrejón de Ardoz
Citroen,C4 Picasso,Diésel,128493.0,111.0,automatic,8950,Sevilla,41006,Sevilla,Sevilla
Citroen,C4 Picasso,Diésel,140000.0,112.0,automatic,5190,Barcelona,8028,Barcelona,Barcelona
Citroen,C4 Picasso,Diésel,118000.0,112.0,automatic,8350,Madrid,28046,Madrid,Madrid
Citroen,C4 Picasso,Diésel,189000.0,114.0,manual,10900,Madrid,28014,Madrid,Madrid
Citroen,C4 Picasso,Diésel,154000.0,120.0,automatic,13900,Madrid,28014,Madrid,Madrid
Citroen,C4 Picasso,Diésel,189000.0,114.0,manual,10900,Santiago de Compostela,15707,A Coruña,Santiago de Compostela
Citroen,C4 Picasso,Diésel,154000.0,120.0,automatic,13900,Santiago de Compostela,15707,A Coruña,Santiago de Compostela
Citroen,C4 Picasso,Diésel,118000.0,112.0,automatic,8350,Alcorcón,28923,Madrid,Alcorcón
Citroen,C4 Picasso,Diésel,118000.0,112.0,automatic,8350,Los Negrales,28430,Madrid,Los Negrales
Citroen,C4 Picasso,Diésel,118000.0,112.0,automatic,8350,Los Negrales,28430,Madrid,Los Negrales
Citroen,C4 Picasso,Diésel,270000.0,109.0,manual,4950,Málaga,29006,Málaga,Málaga
Citroen,C4 Picasso,Gasolina,83528.0,130.0,manual,14318,Collado Villalba,28400,Madrid,Collado Villalba
Citroen,C4 Picasso,Gasolina,83528.0,130.0,manual,14318,Collado Villalba,28400,Madrid,Collado Villalba
Citroen,C4 Picasso,Gasolina,83528.0,130.0,manual,14318,Vigo,36214,Pontevedra,Vigo
Citroen,C4 Picasso,Gasolina,83528.0,130.0,manual,14318,Colonia Pablo Iglesias,28520,Madrid,Colonia Pablo Iglesias
Citroen,C4 Picasso,Gasolina,83528.0,130.0,manual,14318,Santafe,18320,Granada,Santafe
Citroen,C4 Picasso,Gasolina,83528.0,130.0,manual,14318,Alcalá de Guadaíra,41500,Sevilla,Alcalá de Guadaíra
Citroen,C4 Picasso,Gasolina,83528.0,130.0,manual,14318,Alameda del Obispo,14005,Córdoba,Alameda del Obispo
Citroen,C4 Picasso,Gasolina,83528.0,130.0,manual,14318,Mercabilbao,48970,Bizkaia,Mercabilbao
Citroen,C4 Picasso,Gasolina,83528.0,130.0,manual,14318,Torremolinos,29620,Málaga,Torremolinos
Citroen,C4 Picasso,Gasolina,83528.0,130.0,manual,14318,Torremolinos,29620,Málaga,Torremolinos
Citroen,C4 Picasso,Gasolina,83528.0,130.0,manual,14318,Torremolinos,29620,Málaga,Torremolinos
Citroen,C4 Picasso,Gasolina,83528.0,130.0,manual,14318,Santiago de Compostela,15703,A Coruña,Santiago de Compostela
Citroen,C4 Picasso,Gasolina,83528.0,130.0,manual,14318,Puerto de Sagunto,46520,Valencia,Puerto de Sagunto
Citroen,C4 Picasso,Gasolina,83528.0,130.0,manual,14318,Alzira,46600,Valencia,Alzira
Citroen,C4 Picasso,Gasolina,83528.0,130.0,manual,14318,Alzira,46600,Valencia,Alzira
Citroen,C4 Picasso,Gasolina,83528.0,130.0,manual,14318,Estepona,29680,Málaga,Estepona
Citroen,C4 Picasso,Gasolina,83528.0,130.0,manual,14318,Saladar,3700,Alicante,Saladar
Citroen,C4 Picasso,Gasolina,83528.0,130.0,manual,14318,Las Rozas de Madrid,28232,Madrid,Las Rozas de Madrid
Citroen,C4 Picasso,Gasolina,83528.0,130.0,manual,14318,Castello/Castellon de La Plana,12100,Castellón,Castello/Castellon de La Plana
Citroen,C4 Picasso,Gasolina,83528.0,130.0,manual,14318,Hidraulica Santillana,28770,Madrid,Hidraulica Santillana
Citroen,C4 Picasso,Gasolina,83528.0,130.0,manual,14318,Alcobendas,28100,Madrid,Alcobendas
Citroen,C4 Picasso,Gasolina,83528.0,130.0,manual,14318,Ciudad Real,13003,Ciudad Real,Ciudad Real
Citroen,C4 Picasso,Gasolina,83528.0,130.0,manual,14318,Badajoz,6008,Badajoz,Badajoz
Citroen,C4 Picasso,Gasolina,83528.0,130.0,manual,14318,Valdepeñas,13300,Ciudad Real,Valdepeñas
Citroen,C4 Picasso,Gasolina,83528.0,130.0,manual,14318,Valdepeñas,13300,Ciudad Real,Valdepeñas
Citroen,C4 Picasso,Gasolina,83528.0,130.0,manual,14318,Mercado Parque Corredor del Henares,28850,Madrid,Mercado Parque Corredor del Henares
Citroen,C4 Picasso,Gasolina,83528.0,130.0,manual,14318,Albacete,2001,Albacete,Albacete
Citroen,C4 Picasso,Gasolina,83528.0,130.0,manual,14318,Alicante,3007,Alicante,Alicante
Citroen,C4 Picasso,Gasolina,83528.0,130.0,manual,14318,Atarrabia,31610,Navarra,Atarrabia
Citroen,C4 Picasso,Gasolina,83528.0,130.0,manual,14318,Granollers,8403,Barcelona,Granollers
Citroen,C4 Picasso,Gasolina,83528.0,130.0,manual,14318,Getafe,28906,Madrid,Getafe
Citroen,C4 Picasso,Gasolina,83528.0,130.0,manual,14318,Zaragoza,50013,Zaragoza,Zaragoza
Citroen,C4 Picasso,Gasolina,83528.0,130.0,manual,14318,Paterna,46980,Valencia,Paterna
Citroen,C4 Picasso,Gasolina,83528.0,130.0,manual,14318,Murcia,30003,Murcia,Murcia
Citroen,C4 Picasso,Gasolina,83528.0,130.0,manual,14318,Barcelona,8007,Barcelona,Barcelona
Citroen,C4 Picasso,Gasolina,84331.0,120.0,manual,8290,Sevilla,41006,Sevilla,Sevilla
Citroen,C4 Picasso,Gasolina,84331.0,120.0,manual,8290,Valencia,46002,Valencia,Valencia
Citroen,C4 Picasso,Gasolina,84331.0,120.0,manual,8290,Torrejón de Ardoz,28850,Madrid,Torrejón de Ardoz
Citroen,C4 Picasso,Gasolina,84331.0,120.0,manual,8290,Sant Boi de Llobregat,8830,Barcelona,Sant Boi de Llobregat
Citroen,C4 Picasso,Diésel,245000.0,110.0,manual,4490,Ávila,5001,Ávila,Ávila
Citroen,C4 Picasso,Diésel,183746.0,115.0,manual,10900,El Moli d'en Rovira,8720,Barcelona,El Moli d'en Rovira
Citroen,C4 Picasso,Gasolina,95259.0,120.0,manual,9750,Elda,3600,Alicante,Elda
Citroen,C4 Picasso,Diésel,180000.0,110.0,manual,4500,Móstoles,28938,Madrid,Móstoles
Citroen,C4 Picasso,Gasolina,186000.0,127.0,manual,4890,Sevilla,41001,Sevilla,Sevilla
Citroen,C4 Picasso,Gasolina,80000.0,110.0,manual,16500,Gandia,46701,Valencia,Gandia
Citroen,C4 Picasso,Diésel,120000.0,109.0,manual,10200,Redován,3370,Alicante,Redován
Citroen,C4 Picasso,Diésel,219000.0,110.0,manual,3600,Terrassa,8221,Barcelona,Terrassa
Citroen,C4 Picasso,Diésel,182000.0,112.0,manual,5900,Terrassa,8221,Barcelona,Terrassa
Citroen,C4 Picasso,Diésel,216456.0,120.0,automatic,10500,Lugo,27002,Lugo,Lugo
Citroen,C4 Picasso,Diésel,216456.0,120.0,automatic,10199,Lugo,27002,Lugo,Lugo
Citroen,C4 Picasso,Diésel,67825.0,150.0,manual,11990,Granada,18005,Granada,Granada
Citroen,C4 Picasso,Diésel,67825.0,150.0,manual,11890,Granada,18005,Granada,Granada
Citroen,C4 Picasso,Diésel,134999.0,136.0,manual,14490,Granada,18005,Granada,Granada
Citroen,C4 Picasso,Diésel,134999.0,136.0,manual,14390,Granada,18005,Granada,Granada
Citroen,C4 Picasso,Diésel,150000.0,115.0,automatic,8990,Granada,18005,Granada,Granada
Citroen,C4 Picasso,Diésel,67825.0,150.0,manual,11990,Vigo,36211,Pontevedra,Vigo
Citroen,C4 Picasso,Diésel,67825.0,150.0,manual,11890,Vigo,36211,Pontevedra,Vigo
Citroen,C4 Picasso,Diésel,134999.0,136.0,manual,14490,Vigo,36211,Pontevedra,Vigo
Citroen,C4 Picasso,Diésel,134999.0,136.0,manual,14390,Vigo,36211,Pontevedra,Vigo
Citroen,C4 Picasso,Diésel,150000.0,115.0,automatic,8990,Vigo,36211,Pontevedra,Vigo
Citroen,C4 Picasso,Diésel,150000.0,115.0,automatic,8990,Badajoz,6003,Badajoz,Badajoz
Citroen,C4 Picasso,Diésel,150000.0,115.0,automatic,8990,Huelva,21004,Huelva,Huelva
Citroen,C4 Picasso,Diésel,67825.0,150.0,manual,11990,Castellón,12001,Castellón,Castellón
Citroen,C4 Picasso,Diésel,67825.0,150.0,manual,11890,Castellón,12001,Castellón,Castellón
Citroen,C4 Picasso,Diésel,67825.0,150.0,manual,11990,Sevilla,41005,Sevilla,Sevilla
Citroen,C4 Picasso,Diésel,67825.0,150.0,manual,11890,Sevilla,41005,Sevilla,Sevilla
Citroen,C4 Picasso,Diésel,134999.0,136.0,manual,14490,Sevilla,41005,Sevilla,Sevilla
Citroen,C4 Picasso,Diésel,134999.0,136.0,manual,14390,Sevilla,41005,Sevilla,Sevilla
Citroen,C4 Picasso,Diésel,150000.0,115.0,automatic,8990,Sevilla,41005,Sevilla,Sevilla
Citroen,C4 Picasso,Diésel,67825.0,150.0,manual,11990,Valencia,46001,Valencia,Valencia
Citroen,C4 Picasso,Diésel,67825.0,150.0,manual,11890,Valencia,46001,Valencia,Valencia
Citroen,C4 Picasso,Diésel,134999.0,136.0,manual,14490,Valencia,46001,Valencia,Valencia
Citroen,C4 Picasso,Diésel,134999.0,136.0,manual,14390,Valencia,46001,Valencia,Valencia
Citroen,C4 Picasso,Diésel,150000.0,115.0,automatic,8990,Valencia,46001,Valencia,Valencia
Citroen,C4 Picasso,Diésel,67825.0,150.0,manual,11990,Murcia,30005,Murcia,Murcia
Citroen,C4 Picasso,Diésel,67825.0,150.0,manual,11890,Murcia,30005,Murcia,Murcia
Citroen,C4 Picasso,Diésel,134999.0,136.0,manual,14490,Murcia,30005,Murcia,Murcia
Citroen,C4 Picasso,Diésel,134999.0,136.0,manual,14390,Murcia,30005,Murcia,Murcia
Citroen,C4 Picasso,Diésel,150000.0,115.0,automatic,8990,Murcia,30005,Murcia,Murcia
Citroen,C4 Picasso,Diésel,67825.0,150.0,manual,11990,Bilbao,48004,Bizkaia,Bilbao
Citroen,C4 Picasso,Diésel,67825.0,150.0,manual,11890,Bilbao,48004,Bizkaia,Bilbao
Citroen,C4 Picasso,Diésel,134999.0,136.0,manual,14490,Bilbao,48004,Bizkaia,Bilbao
Citroen,C4 Picasso,Diésel,134999.0,136.0,manual,14390,Bilbao,48004,Bizkaia,Bilbao
Citroen,C4 Picasso,Diésel,67825.0,150.0,manual,11990,Almería,4006,Almería,Almería
Citroen,C4 Picasso,Diésel,67825.0,150.0,manual,11890,Almería,4006,Almería,Almería
Citroen,C4 Picasso,Diésel,134999.0,136.0,manual,14490,Almería,4006,Almería,Almería
Citroen,C4 Picasso,Diésel,134999.0,136.0,manual,14390,Almería,4006,Almería,Almería
Citroen,C4 Picasso,Diésel,150000.0,115.0,automatic,8990,Almería,4006,Almería,Almería
Citroen,C4 Picasso,Diésel,150000.0,115.0,automatic,8990,Bilbao,48004,Bizkaia,Bilbao
Citroen,C4 Picasso,Diésel,134999.0,136.0,manual,14490,Collado Villalba,28400,Madrid,Collado Villalba
Citroen,C4 Picasso,Diésel,134999.0,136.0,manual,14490,Collado Villalba,28400,Madrid,Collado Villalba
Citroen,C4 Picasso,Diésel,134999.0,136.0,manual,14390,Collado Villalba,28400,Madrid,Collado Villalba
Citroen,C4 Picasso,Diésel,134999.0,136.0,manual,14390,Collado Villalba,28400,Madrid,Collado Villalba
Citroen,C4 Picasso,Diésel,67825.0,150.0,manual,11990,Alicante,3010,Alicante,Alicante
Citroen,C4 Picasso,Diésel,67825.0,150.0,manual,11990,Alicante,3010,Murcia,Alicante
Citroen,C4 Picasso,Diésel,67825.0,150.0,manual,11890,Alicante,3010,Alicante,Alicante
Citroen,C4 Picasso,Diésel,67825.0,150.0,manual,11890,Alicante,3010,Murcia,Alicante
Citroen,C4 Picasso,Diésel,134999.0,136.0,manual,14490,Alicante,3010,Alicante,Alicante
Citroen,C4 Picasso,Diésel,134999.0,136.0,manual,14490,Alicante,3010,Murcia,Alicante
Citroen,C4 Picasso,Diésel,134999.0,136.0,manual,14390,Alicante,3010,Alicante,Alicante
Citroen,C4 Picasso,Diésel,134999.0,136.0,manual,14390,Alicante,3010,Murcia,Alicante
Citroen,C4 Picasso,Diésel,150000.0,115.0,automatic,8990,Alicante,3010,Alicante,Alicante
Citroen,C4 Picasso,Diésel,150000.0,115.0,automatic,8990,Alicante,3010,Murcia,Alicante
Citroen,C4 Picasso,Diésel,67825.0,150.0,manual,11990,Palma de Mallorca,7003,Baleares,Palma de Mallorca
Citroen,C4 Picasso,Diésel,67825.0,150.0,manual,11890,Palma de Mallorca,7003,Baleares,Palma de Mallorca
Citroen,C4 Picasso,Diésel,67825.0,150.0,manual,11990,Málaga,29005,Málaga,Málaga
Citroen,C4 Picasso,Diésel,67825.0,150.0,manual,11890,Málaga,29005,Málaga,Málaga
Citroen,C4 Picasso,Diésel,134999.0,136.0,manual,14490,Málaga,29005,Málaga,Málaga
Citroen,C4 Picasso,Diésel,134999.0,136.0,manual,14390,Málaga,29005,Málaga,Málaga
Citroen,C4 Picasso,Diésel,150000.0,115.0,automatic,8990,Málaga,29005,Málaga,Málaga
Citroen,C4 Picasso,Diésel,134999.0,136.0,manual,14490,Colonia Pablo Iglesias,28520,Madrid,Colonia Pablo Iglesias
Citroen,C4 Picasso,Diésel,134999.0,136.0,manual,14390,Colonia Pablo Iglesias,28520,Madrid,Colonia Pablo Iglesias
Citroen,C4 Picasso,Diésel,134999.0,136.0,manual,14490,Toledo,45002,Toledo,Toledo
Citroen,C4 Picasso,Diésel,134999.0,136.0,manual,14390,Toledo,45002,Toledo,Toledo
Citroen,C4 Picasso,Diésel,150000.0,115.0,automatic,8990,Cáceres,10001,Cáceres,Cáceres
Citroen,C4 Picasso,Diésel,134999.0,136.0,manual,14490,Camarma de Esteruelas,28816,Madrid,Camarma de Esteruelas
Citroen,C4 Picasso,Diésel,134999.0,136.0,manual,14490,Camarma de Esteruelas,28816,Madrid,Camarma de Esteruelas
Citroen,C4 Picasso,Diésel,134999.0,136.0,manual,14390,Camarma de Esteruelas,28816,Madrid,Camarma de Esteruelas
Citroen,C4 Picasso,Diésel,134999.0,136.0,manual,14390,Camarma de Esteruelas,28816,Madrid,Camarma de Esteruelas
Citroen,C4 Picasso,Diésel,134999.0,136.0,manual,14490,Las Rozas de Madrid,28232,Madrid,Las Rozas de Madrid
Citroen,C4 Picasso,Diésel,134999.0,136.0,manual,14390,Las Rozas de Madrid,28232,Madrid,Las Rozas de Madrid
Citroen,C4 Picasso,Diésel,67825.0,150.0,manual,11990,Silla,46460,Valencia,Silla
Citroen,C4 Picasso,Diésel,67825.0,150.0,manual,11890,Silla,46460,Valencia,Silla
Citroen,C4 Picasso,Diésel,134999.0,136.0,manual,14490,Fuenlabrada,28947,Madrid,Fuenlabrada
Citroen,C4 Picasso,Diésel,134999.0,136.0,manual,14390,Fuenlabrada,28947,Madrid,Fuenlabrada
Citroen,C4 Picasso,Diésel,134999.0,136.0,manual,14490,Villaviciosa de Odón,28670,Madrid,Villaviciosa de Odón
Citroen,C4 Picasso,Diésel,134999.0,136.0,manual,14390,Villaviciosa de Odón,28670,Madrid,Villaviciosa de Odón
Citroen,C4 Picasso,Diésel,150000.0,115.0,automatic,8990,Sevilla,41017,Sevilla,Sevilla
Citroen,C4 Picasso,Diésel,67825.0,150.0,manual,11990,Gandia,46701,Valencia,Gandia
Citroen,C4 Picasso,Diésel,67825.0,150.0,manual,11890,Gandia,46701,Valencia,Gandia
Citroen,C4 Picasso,Diésel,134999.0,136.0,manual,14490,Urbanizacion La Granjilla,28700,Madrid,Urbanizacion La Granjilla
Citroen,C4 Picasso,Diésel,134999.0,136.0,manual,14390,Urbanizacion La Granjilla,28700,Madrid,Urbanizacion La Granjilla
Citroen,C4 Picasso,Diésel,148527.0,150.0,manual,13310,Ciudad Real,13003,Ciudad Real,Ciudad Real
Citroen,C4 Picasso,Gasolina,98522.0,130.0,manual,15290,Ciudad Real,13003,Ciudad Real,Ciudad Real
Citroen,C4 Picasso,Diésel,106642.0,120.0,manual,16330,Ciudad Real,13003,Ciudad Real,Ciudad Real
Citroen,C4 Picasso,Diésel,98952.0,120.0,manual,16560,Ciudad Real,13003,Ciudad Real,Ciudad Real
Citroen,C4 Picasso,Gasolina,103700.0,120.0,manual,8500,Aspe,3680,Alicante,Aspe
Citroen,C4 Picasso,Diésel,106642.0,120.0,manual,16330,Valdepeñas,13300,Ciudad Real,Valdepeñas
Citroen,C4 Picasso,Diésel,106642.0,120.0,manual,16330,Valdepeñas,13300,Ciudad Real,Valdepeñas
Citroen,C4 Picasso,Diésel,106642.0,120.0,manual,16330,Granollers,8403,Barcelona,Granollers
Citroen,C4 Picasso,Diésel,71330.0,120.0,manual,18200,Espinardo,30100,Murcia,Espinardo
Citroen,C4 Picasso,Diésel,106642.0,120.0,manual,16330,Estepona,29680,Málaga,Estepona
Citroen,C4 Picasso,Diésel,106642.0,120.0,manual,16330,Mercado Parque Corredor del Henares,28850,Madrid,Mercado Parque Corredor del Henares
Citroen,C4 Picasso,Diésel,106642.0,120.0,manual,16330,Badajoz,6008,Badajoz,Badajoz
Citroen,C4 Picasso,Diésel,106642.0,120.0,manual,16330,Saladar,3700,Alicante,Saladar
Citroen,C4 Picasso,Diésel,106642.0,120.0,manual,16330,Murcia,30003,Murcia,Murcia
Citroen,C4 Picasso,Diésel,106642.0,120.0,manual,16330,Vigo,36214,Pontevedra,Vigo
Citroen,C4 Picasso,Diésel,106642.0,120.0,manual,16330,Getafe,28906,Madrid,Getafe
Citroen,C4 Picasso,Diésel,109350.0,150.0,manual,11690,Ourense,32001,Ourense,Ourense
Citroen,C4 Picasso,Gasolina,108697.0,130.0,manual,13199,Madrid,28014,Madrid,Madrid
Citroen,C4 Picasso,Diésel,106642.0,120.0,manual,16330,Santiago de Compostela,15703,A Coruña,Santiago de Compostela
Citroen,C4 Picasso,Diésel,106642.0,120.0,manual,16330,Collado Villalba,28400,Madrid,Collado Villalba
Citroen,C4 Picasso,Diésel,106642.0,120.0,manual,16330,Collado Villalba,28400,Madrid,Collado Villalba
Citroen,C4 Picasso,Diésel,106642.0,120.0,manual,16330,Colonia Pablo Iglesias,28520,Madrid,Colonia Pablo Iglesias
Citroen,C4 Picasso,Diésel,106642.0,120.0,manual,16330,Las Rozas de Madrid,28232,Madrid,Las Rozas de Madrid
Citroen,C4 Picasso,Diésel,106642.0,120.0,manual,16330,Santafe,18320,Granada,Santafe
Citroen,C4 Picasso,Diésel,106642.0,120.0,manual,16330,Albacete,2001,Albacete,Albacete
Citroen,C4 Picasso,Diésel,106642.0,120.0,manual,16330,Paterna,46980,Valencia,Paterna
Citroen,C4 Picasso,Diésel,106642.0,120.0,manual,16330,Alcobendas,28100,Madrid,Alcobendas
Citroen,C4 Picasso,Diésel,106642.0,120.0,manual,16330,Alameda del Obispo,14005,Córdoba,Alameda del Obispo
Citroen,C4 Picasso,Diésel,106642.0,120.0,manual,16330,Alzira,46600,Valencia,Alzira
Citroen,C4 Picasso,Diésel,106642.0,120.0,manual,16330,Alzira,46600,Valencia,Alzira
Citroen,C4 Picasso,Diésel,106642.0,120.0,manual,16330,Torremolinos,29620,Málaga,Torremolinos
Citroen,C4 Picasso,Diésel,106642.0,120.0,manual,16330,Torremolinos,29620,Málaga,Torremolinos
Citroen,C4 Picasso,Diésel,106642.0,120.0,manual,16330,Torremolinos,29620,Málaga,Torremolinos
Citroen,C4 Picasso,Diésel,106642.0,120.0,manual,16330,Alcalá de Guadaíra,41500,Sevilla,Alcalá de Guadaíra
Citroen,C4 Picasso,Diésel,106642.0,120.0,manual,16330,Puerto de Sagunto,46520,Valencia,Puerto de Sagunto
Citroen,C4 Picasso,Diésel,106642.0,120.0,manual,16330,Castello/Castellon de La Plana,12100,Castellón,Castello/Castellon de La Plana
Citroen,C4 Picasso,Diésel,106642.0,120.0,manual,16330,Hidraulica Santillana,28770,Madrid,Hidraulica Santillana
Citroen,C4 Picasso,Diésel,106642.0,120.0,manual,16330,Alicante,3007,Alicante,Alicante
Citroen,C4 Picasso,Diésel,106642.0,120.0,manual,16330,Mercabilbao,48970,Bizkaia,Mercabilbao
Citroen,C4 Picasso,Diésel,106642.0,120.0,manual,16330,Zaragoza,50013,Zaragoza,Zaragoza
Citroen,C4 Picasso,Diésel,106642.0,120.0,manual,16330,Atarrabia,31610,Navarra,Atarrabia
Citroen,C4 Picasso,Diésel,106642.0,120.0,manual,16330,Barcelona,8007,Barcelona,Barcelona
Citroen,C4 Picasso,Diésel,148527.0,150.0,manual,13310,Granollers,8403,Barcelona,Granollers
Citroen,C4 Picasso,Diésel,148527.0,150.0,manual,13310,Estepona,29680,Málaga,Estepona
Citroen,C4 Picasso,Diésel,148527.0,150.0,manual,13310,Saladar,3700,Alicante,Saladar
Citroen,C4 Picasso,Diésel,173035.0,111.0,automatic,9290,Valencia,46002,Valencia,Valencia
Citroen,C4 Picasso,Diésel,178131.0,110.0,manual,7950,Valencia,46002,Valencia,Valencia